#!ascii label  , from subject  vox2ras=TkReg
538
26462  22.016  -14.228  5.970 0.0000000000
26445  22.119  -14.530  5.996 0.0000000000
26463  22.012  -14.508  5.956 0.0000000000
27129  21.992  -14.304  6.020 0.0000000000
27152  22.198  -14.013  6.033 0.0000000000
27153  22.000  -14.031  5.810 0.0000000000
26446  21.987  -14.667  6.067 0.0000000000
26464  21.784  -14.590  5.981 0.0000000000
27154  21.997  -14.314  5.771 0.0000000000
26447  21.518  -14.789  6.004 0.0000000000
26465  21.133  -14.581  5.960 0.0000000000
27155  21.257  -14.468  5.747 0.0000000000
26448  21.055  -14.350  6.129 0.0000000000
26466  20.973  -14.511  5.994 0.0000000000
27156  21.008  -14.370  5.787 0.0000000000
26449  21.002  -14.619  6.034 0.0000000000
26467  20.780  -14.555  5.980 0.0000000000
27157  20.929  -14.416  5.986 0.0000000000
26450  20.768  -14.622  5.985 0.0000000000
26468  20.539  -14.507  5.979 0.0000000000
27158  20.327  -14.429  5.981 0.0000000000
26451  20.225  -14.481  5.990 0.0000000000
27128  22.322  -14.326  6.126 0.0000000000
27151  22.847  -14.255  5.970 0.0000000000
27939  22.865  -14.008  5.882 0.0000000000
27940  22.147  -13.992  5.823 0.0000000000
27941  22.015  -13.994  5.739 0.0000000000
27178  22.015  -14.038  5.636 0.0000000000
27179  21.628  -14.011  5.147 0.0000000000
27180  21.127  -14.064  5.374 0.0000000000
27181  20.988  -14.150  5.350 0.0000000000
27182  20.764  -14.006  5.530 0.0000000000
27130  20.006  -14.219  6.004 0.0000000000
27159  20.003  -14.275  5.880 0.0000000000
27183  20.007  -14.198  5.385 0.0000000000
27131  19.933  -14.244  6.024 0.0000000000
27160  19.858  -14.238  5.907 0.0000000000
27184  19.938  -14.270  5.448 0.0000000000
27132  19.632  -14.241  6.096 0.0000000000
27161  19.421  -14.159  5.912 0.0000000000
27185  19.653  -14.149  5.477 0.0000000000
27133  19.099  -14.007  6.095 0.0000000000
27162  19.002  -14.180  5.998 0.0000000000
27186  19.098  -14.025  5.406 0.0000000000
27958  21.951  -13.917  5.630 0.0000000000
27959  21.482  -13.992  5.418 0.0000000000
27960  21.050  -14.054  5.176 0.0000000000
27202  20.987  -14.030  5.152 0.0000000000
27203  20.889  -14.082  5.162 0.0000000000
27204  20.578  -14.039  4.993 0.0000000000
27205  20.078  -14.164  5.001 0.0000000000
27206  19.908  -14.183  5.026 0.0000000000
27207  19.467  -14.040  5.018 0.0000000000
27979  21.017  -14.059  5.052 0.0000000000
27980  20.983  -14.031  5.029 0.0000000000
27223  20.817  -14.070  5.044 0.0000000000
27224  20.498  -14.248  4.879 0.0000000000
27225  20.124  -14.234  4.825 0.0000000000
27226  19.949  -14.248  4.938 0.0000000000
28001  21.002  -14.002  5.004 0.0000000000
28002  20.908  -14.152  4.932 0.0000000000
27938  22.988  -13.962  5.891 0.0000000000
28720  22.968  -13.657  5.967 0.0000000000
28721  22.576  -13.557  5.848 0.0000000000
28722  21.997  -13.598  5.723 0.0000000000
28723  22.054  -13.709  5.563 0.0000000000
28735  21.820  -13.417  5.487 0.0000000000
28736  21.885  -13.689  5.444 0.0000000000
27978  21.235  -13.950  5.073 0.0000000000
28750  21.445  -13.534  5.097 0.0000000000
28751  21.150  -13.863  5.010 0.0000000000
28000  21.104  -13.901  5.005 0.0000000000
28770  21.253  -13.755  4.934 0.0000000000
28719  23.102  -13.654  5.845 0.0000000000
29520  22.964  -13.213  5.618 0.0000000000
29521  22.905  -13.050  5.847 0.0000000000
29522  22.258  -13.044  5.604 0.0000000000
28734  21.989  -13.469  5.530 0.0000000000
29534  22.032  -13.154  5.369 0.0000000000
29535  21.978  -13.030  5.313 0.0000000000
28749  21.857  -12.988  5.234 0.0000000000
29548  21.973  -13.084  5.138 0.0000000000
29549  21.798  -13.014  4.993 0.0000000000
28769  21.524  -13.529  4.989 0.0000000000
29566  21.533  -13.254  4.795 0.0000000000
29519  23.016  -13.081  5.787 0.0000000000
30392  23.013  -12.947  5.612 0.0000000000
30393  22.988  -13.002  5.788 0.0000000000
29533  22.466  -12.987  5.546 0.0000000000
30412  22.780  -12.888  5.896 0.0000000000
30413  22.009  -12.872  5.329 0.0000000000
30414  22.021  -12.995  5.218 0.0000000000
30435  21.918  -12.901  5.152 0.0000000000
30436  21.879  -12.967  5.104 0.0000000000
30461  21.733  -12.924  5.012 0.0000000000
30391  23.137  -13.014  5.881 0.0000000000
31241  23.037  -12.852  5.783 0.0000000000
30411  22.899  -12.657  5.605 0.0000000000
31255  23.003  -12.460  5.559 0.0000000000
31256  22.926  -12.173  5.552 0.0000000000
31257  22.450  -12.446  5.485 0.0000000000
30434  22.005  -12.754  5.117 0.0000000000
31275  22.123  -12.337  5.074 0.0000000000
31276  21.997  -12.700  5.034 0.0000000000
30460  21.879  -12.845  4.995 0.0000000000
31298  21.973  -12.589  4.887 0.0000000000
31240  23.082  -12.734  5.907 0.0000000000
31254  23.256  -12.214  5.641 0.0000000000
31988  23.060  -12.014  5.290 0.0000000000
31989  23.022  -12.160  5.271 0.0000000000
31274  22.664  -12.000  5.120 0.0000000000
31999  22.900  -11.959  5.078 0.0000000000
32000  22.626  -12.089  4.991 0.0000000000
31297  22.230  -12.412  5.023 0.0000000000
32013  22.478  -12.243  4.962 0.0000000000
32014  22.185  -12.296  4.780 0.0000000000
31987  23.379  -11.988  5.336 0.0000000000
31997  23.078  -11.967  5.157 0.0000000000
31998  22.964  -11.872  5.207 0.0000000000
32679  23.256  -11.743  5.266 0.0000000000
32680  22.939  -11.850  5.063 0.0000000000
32681  22.919  -11.984  4.955 0.0000000000
32012  22.793  -11.970  5.031 0.0000000000
32698  22.595  -11.972  4.852 0.0000000000
32699  22.415  -12.021  4.676 0.0000000000
32021  22.241  -12.120  4.646 0.0000000000
32666  23.655  -11.845  5.517 0.0000000000
32678  23.764  -11.574  5.289 0.0000000000
32695  23.499  -11.600  5.040 0.0000000000
32696  23.067  -11.772  4.989 0.0000000000
32697  22.866  -11.809  4.976 0.0000000000
33352  24.027  -11.553  5.013 0.0000000000
33366  23.626  -11.513  4.863 0.0000000000
33367  23.249  -11.749  4.948 0.0000000000
32708  22.930  -11.625  4.302 0.0000000000
32707  22.993  -11.618  4.450 0.0000000000
32709  22.617  -11.761  4.420 0.0000000000
32710  22.115  -11.942  4.410 0.0000000000
33377  23.257  -11.505  4.363 0.0000000000
33378  23.050  -11.569  4.157 0.0000000000
32718  22.825  -11.523  3.998 0.0000000000
32717  22.980  -11.512  4.013 0.0000000000
32719  22.162  -11.743  4.005 0.0000000000
33391  23.003  -11.478  4.001 0.0000000000
33392  22.941  -11.563  4.008 0.0000000000
32728  22.148  -11.595  3.680 0.0000000000
32727  22.740  -11.588  4.003 0.0000000000
33405  22.893  -11.498  3.856 0.0000000000
33406  22.601  -11.467  3.590 0.0000000000
33351  23.941  -11.584  5.004 0.0000000000
33365  23.994  -11.506  4.765 0.0000000000
33376  23.941  -11.375  4.321 0.0000000000
33375  24.000  -11.359  4.279 0.0000000000
33389  24.006  -11.371  4.024 0.0000000000
33390  23.478  -11.419  4.057 0.0000000000
33388  24.004  -11.342  4.007 0.0000000000
33402  23.996  -11.397  3.883 0.0000000000
33403  23.718  -11.446  3.903 0.0000000000
33404  23.019  -11.436  3.851 0.0000000000
33401  24.071  -11.375  3.843 0.0000000000
33415  23.994  -11.329  3.376 0.0000000000
33416  23.897  -11.393  3.439 0.0000000000
33417  23.257  -11.444  3.438 0.0000000000
33418  22.980  -11.452  3.387 0.0000000000
33419  22.937  -11.390  3.312 0.0000000000
33420  22.309  -11.427  3.073 0.0000000000
33414  23.996  -11.304  3.622 0.0000000000
34130  24.304  -11.016  3.198 0.0000000000
34131  23.939  -11.260  3.018 0.0000000000
33428  24.009  -11.301  3.011 0.0000000000
33429  23.825  -11.355  2.991 0.0000000000
33430  23.143  -11.379  3.038 0.0000000000
33431  23.008  -11.418  3.038 0.0000000000
33432  22.903  -11.426  3.022 0.0000000000
33400  24.338  -11.335  3.907 0.0000000000
34119  24.463  -11.000  3.807 0.0000000000
33387  24.525  -11.320  4.005 0.0000000000
33374  24.100  -11.303  4.123 0.0000000000
33386  24.988  -11.296  4.026 0.0000000000
33373  24.826  -11.152  4.110 0.0000000000
34110  24.846  -11.289  3.994 0.0000000000
33385  24.923  -11.144  4.007 0.0000000000
33372  25.000  -11.447  4.342 0.0000000000
34109  24.999  -11.193  3.921 0.0000000000
33364  24.022  -11.401  4.737 0.0000000000
33363  24.474  -11.267  4.690 0.0000000000
33362  24.970  -11.605  4.568 0.0000000000
32706  25.220  -11.470  4.758 0.0000000000
32693  25.021  -11.846  4.886 0.0000000000
33371  25.187  -11.131  4.270 0.0000000000
33350  24.056  -11.660  5.015 0.0000000000
33349  24.419  -11.621  5.012 0.0000000000
32694  24.963  -11.763  4.966 0.0000000000
32677  24.021  -11.534  5.189 0.0000000000
32676  24.429  -11.476  5.213 0.0000000000
32675  24.896  -11.784  5.025 0.0000000000
32705  25.683  -11.502  4.449 0.0000000000
32692  25.380  -11.824  4.808 0.0000000000
32011  25.158  -12.011  5.023 0.0000000000
32674  25.067  -11.843  5.050 0.0000000000
32010  25.314  -11.995  4.918 0.0000000000
32020  25.828  -12.007  4.377 0.0000000000
32665  23.991  -11.905  5.538 0.0000000000
32664  24.198  -11.739  5.588 0.0000000000
32663  24.721  -11.778  5.422 0.0000000000
31996  25.027  -11.962  5.176 0.0000000000
32662  24.864  -11.911  5.076 0.0000000000
31995  25.137  -11.957  5.132 0.0000000000
31986  23.983  -11.998  5.402 0.0000000000
31985  24.008  -12.009  5.466 0.0000000000
31984  24.353  -11.988  5.496 0.0000000000
31983  24.858  -11.982  5.187 0.0000000000
31309  25.493  -12.566  4.320 0.0000000000
31295  25.353  -12.296  4.757 0.0000000000
32019  25.886  -12.018  4.131 0.0000000000
31308  25.968  -12.188  4.032 0.0000000000
32704  25.857  -11.972  4.061 0.0000000000
31296  25.089  -12.398  4.986 0.0000000000
31271  25.107  -12.211  5.102 0.0000000000
31272  25.024  -12.371  5.134 0.0000000000
31250  24.848  -12.062  5.316 0.0000000000
31253  23.883  -12.473  5.376 0.0000000000
31252  23.987  -12.349  5.401 0.0000000000
31251  24.219  -12.331  5.458 0.0000000000
30472  25.253  -12.954  4.000 0.0000000000
30473  25.013  -12.942  4.209 0.0000000000
31310  25.017  -12.629  4.605 0.0000000000
31322  25.736  -12.546  3.987 0.0000000000
31321  25.936  -12.165  3.984 0.0000000000
32028  25.926  -12.017  3.992 0.0000000000
30456  25.039  -12.831  4.541 0.0000000000
30429  25.054  -12.641  5.006 0.0000000000
30430  24.689  -12.799  4.998 0.0000000000
31273  24.571  -12.614  5.263 0.0000000000
31239  23.707  -12.569  5.887 0.0000000000
30409  23.974  -13.005  5.379 0.0000000000
30390  23.731  -12.994  5.823 0.0000000000
30408  24.023  -12.873  5.270 0.0000000000
30407  24.140  -12.838  5.422 0.0000000000
30474  24.784  -12.829  4.279 0.0000000000
30488  24.986  -12.949  3.986 0.0000000000
30489  24.973  -12.846  4.020 0.0000000000
30487  25.252  -12.797  3.960 0.0000000000
30457  24.675  -12.833  4.696 0.0000000000
30458  24.198  -12.926  4.836 0.0000000000
30431  24.279  -12.952  5.026 0.0000000000
29531  23.839  -12.997  5.249 0.0000000000
30410  23.633  -12.999  5.587 0.0000000000
30433  23.993  -13.006  5.093 0.0000000000
30432  24.075  -12.997  5.097 0.0000000000
29532  23.478  -13.310  5.671 0.0000000000
28733  23.293  -13.839  5.473 0.0000000000
29547  23.618  -13.375  5.076 0.0000000000
29546  23.929  -13.096  5.047 0.0000000000
27957  23.384  -14.026  5.187 0.0000000000
27937  23.147  -13.972  5.716 0.0000000000
28748  23.445  -13.954  5.024 0.0000000000
27177  23.444  -14.062  5.549 0.0000000000
27201  23.448  -14.148  5.033 0.0000000000
27977  23.397  -14.039  5.003 0.0000000000
27150  23.030  -14.224  5.846 0.0000000000
27149  23.024  -14.115  5.984 0.0000000000
26490  23.427  -14.673  5.021 0.0000000000
26480  23.381  -14.609  5.376 0.0000000000
27222  23.460  -14.143  4.940 0.0000000000
26459  23.042  -14.714  5.897 0.0000000000
26461  22.875  -14.677  5.816 0.0000000000
26444  22.737  -14.840  5.984 0.0000000000
26460  22.983  -14.706  5.873 0.0000000000
27112  19.558  -14.197  6.460 0.0000000000
27113  18.993  -14.191  6.626 0.0000000000
27134  19.006  -14.191  6.152 0.0000000000
27111  19.925  -14.221  6.354 0.0000000000
27110  19.984  -14.313  6.269 0.0000000000
26433  20.040  -14.203  6.312 0.0000000000
27095  19.288  -14.231  7.016 0.0000000000
27096  19.013  -14.202  7.001 0.0000000000
27114  18.852  -14.233  6.578 0.0000000000
27094  19.957  -14.217  6.836 0.0000000000
27093  20.025  -14.327  6.658 0.0000000000
27083  19.364  -14.237  7.227 0.0000000000
27084  19.002  -14.222  7.265 0.0000000000
27097  18.795  -14.226  6.960 0.0000000000
27082  19.847  -14.292  7.065 0.0000000000
27081  20.000  -14.332  6.992 0.0000000000
26416  20.108  -14.296  6.930 0.0000000000
27073  19.715  -14.238  7.468 0.0000000000
27074  19.324  -14.009  7.602 0.0000000000
27072  19.997  -14.207  7.160 0.0000000000
26398  20.157  -14.340  7.027 0.0000000000
27065  19.993  -14.229  7.748 0.0000000000
27066  19.748  -14.028  7.984 0.0000000000
26382  20.110  -14.332  7.598 0.0000000000
27058  19.995  -14.049  8.018 0.0000000000
27059  19.868  -14.008  8.137 0.0000000000
27868  19.637  -13.920  8.003 0.0000000000
27067  19.299  -13.977  8.007 0.0000000000
27869  19.331  -13.983  8.072 0.0000000000
26370  20.249  -14.604  7.992 0.0000000000
27052  19.980  -14.062  8.632 0.0000000000
27053  19.930  -13.863  8.621 0.0000000000
27853  19.802  -13.933  8.443 0.0000000000
26361  20.244  -14.584  8.321 0.0000000000
27046  20.005  -14.220  8.908 0.0000000000
27047  19.943  -14.006  9.014 0.0000000000
27839  19.729  -13.974  8.928 0.0000000000
26355  20.216  -14.490  8.985 0.0000000000
25777  23.421  -15.009  5.164 0.0000000000
25784  23.414  -15.013  4.994 0.0000000000
26498  23.458  -14.698  4.777 0.0000000000
25771  23.138  -14.981  5.515 0.0000000000
25760  22.893  -14.909  5.861 0.0000000000
25759  22.962  -14.917  5.763 0.0000000000
25758  23.024  -14.988  5.823 0.0000000000
26432  20.585  -14.879  6.458 0.0000000000
26431  20.937  -14.854  6.742 0.0000000000
25748  21.270  -14.921  6.348 0.0000000000
26430  21.010  -14.807  6.480 0.0000000000
25747  21.937  -14.978  6.160 0.0000000000
25746  22.113  -14.891  6.179 0.0000000000
25745  22.414  -14.833  6.152 0.0000000000
25744  22.664  -14.941  6.062 0.0000000000
26415  20.774  -14.843  6.954 0.0000000000
25738  20.955  -14.960  6.775 0.0000000000
25728  21.005  -15.006  6.987 0.0000000000
26414  20.975  -14.985  6.976 0.0000000000
25737  21.016  -15.034  6.752 0.0000000000
25729  20.876  -14.970  6.912 0.0000000000
25718  20.819  -14.950  7.034 0.0000000000
26397  20.508  -14.689  7.197 0.0000000000
25704  20.735  -14.935  7.540 0.0000000000
26381  20.463  -14.654  7.742 0.0000000000
25686  20.489  -14.897  7.992 0.0000000000
26369  20.332  -14.824  8.005 0.0000000000
25687  20.365  -14.967  8.046 0.0000000000
25673  20.308  -14.912  8.197 0.0000000000
25661  20.340  -14.999  8.567 0.0000000000
25080  23.434  -15.076  4.862 0.0000000000
25072  23.494  -15.377  5.034 0.0000000000
25790  23.486  -14.993  4.503 0.0000000000
25066  23.276  -15.148  5.418 0.0000000000
25772  23.023  -15.019  5.792 0.0000000000
25059  22.815  -15.039  5.983 0.0000000000
25058  22.991  -15.095  5.794 0.0000000000
25736  21.613  -14.987  6.433 0.0000000000
25735  21.914  -14.889  6.376 0.0000000000
25047  21.998  -15.219  6.177 0.0000000000
25046  22.420  -15.016  6.145 0.0000000000
25045  22.677  -15.013  6.048 0.0000000000
25727  21.022  -15.027  6.872 0.0000000000
25038  21.218  -15.003  6.788 0.0000000000
25037  21.675  -15.032  6.538 0.0000000000
25036  22.005  -15.007  6.328 0.0000000000
25717  20.979  -15.003  7.006 0.0000000000
25030  20.977  -15.095  6.975 0.0000000000
25029  21.199  -15.256  6.980 0.0000000000
25703  20.926  -15.031  7.189 0.0000000000
25022  21.045  -15.310  7.155 0.0000000000
25015  20.609  -15.127  7.789 0.0000000000
25014  20.960  -15.116  7.293 0.0000000000
25672  20.442  -14.957  8.009 0.0000000000
25003  20.472  -15.109  7.970 0.0000000000
24989  20.359  -15.148  8.286 0.0000000000
24988  20.530  -15.016  7.995 0.0000000000
24364  23.356  -15.540  4.645 0.0000000000
24356  23.203  -15.450  4.982 0.0000000000
25088  23.474  -15.189  4.336 0.0000000000
24357  23.062  -15.725  5.033 0.0000000000
25073  23.128  -15.386  5.238 0.0000000000
25067  23.096  -15.226  5.729 0.0000000000
24343  22.672  -15.550  6.011 0.0000000000
24330  22.650  -15.391  6.072 0.0000000000
24342  22.926  -15.371  5.749 0.0000000000
24332  21.975  -15.874  6.140 0.0000000000
24319  22.006  -15.511  6.318 0.0000000000
24331  22.234  -15.609  6.145 0.0000000000
24320  21.756  -15.662  6.821 0.0000000000
24312  21.380  -15.593  7.002 0.0000000000
25028  21.665  -15.131  6.722 0.0000000000
24313  21.152  -15.893  7.014 0.0000000000
24305  21.192  -15.616  7.147 0.0000000000
25021  21.182  -15.387  7.127 0.0000000000
24306  21.051  -15.776  7.252 0.0000000000
24297  21.013  -15.462  7.485 0.0000000000
24298  20.550  -15.873  7.753 0.0000000000
24291  20.447  -15.576  7.975 0.0000000000
24279  20.586  -15.462  7.999 0.0000000000
23571  22.481  -15.977  5.684 0.0000000000
23572  22.320  -16.007  5.962 0.0000000000
24344  22.498  -15.707  6.036 0.0000000000
24351  22.790  -15.715  5.598 0.0000000000
24350  23.011  -15.763  5.249 0.0000000000
23564  21.990  -15.899  6.063 0.0000000000
23552  22.013  -15.989  6.158 0.0000000000
23563  22.094  -15.948  6.004 0.0000000000
23553  21.828  -15.976  6.362 0.0000000000
23544  21.327  -15.993  6.885 0.0000000000
23545  21.210  -16.079  7.014 0.0000000000
23536  21.183  -16.004  7.142 0.0000000000
23537  21.032  -16.075  7.218 0.0000000000
23527  20.898  -16.005  7.402 0.0000000000
23573  22.071  -16.041  6.013 0.0000000000
23565  21.980  -16.013  6.152 0.0000000000
23554  21.357  -16.012  6.621 0.0000000000
25797  23.482  -15.015  4.029 0.0000000000
26504  23.458  -14.602  4.291 0.0000000000
27239  23.409  -14.236  4.542 0.0000000000
26511  23.449  -14.615  3.985 0.0000000000
27253  23.476  -14.075  4.024 0.0000000000
25804  23.493  -14.982  3.959 0.0000000000
26517  23.469  -14.631  3.697 0.0000000000
27263  23.404  -14.159  3.939 0.0000000000
25812  23.391  -15.000  3.318 0.0000000000
26524  23.281  -14.670  3.054 0.0000000000
27270  23.327  -14.192  3.391 0.0000000000
25821  23.278  -14.996  2.986 0.0000000000
26532  23.180  -14.927  2.975 0.0000000000
26533  23.068  -14.640  2.825 0.0000000000
26525  23.078  -14.395  3.017 0.0000000000
27271  23.131  -14.130  3.027 0.0000000000
27279  23.075  -14.138  2.854 0.0000000000
27883  19.286  -13.988  7.971 0.0000000000
27135  18.746  -14.238  6.183 0.0000000000
27999  23.334  -14.026  4.939 0.0000000000
28016  23.298  -14.015  4.365 0.0000000000
28033  23.291  -14.018  3.992 0.0000000000
28050  23.371  -14.017  3.968 0.0000000000
28064  23.308  -13.988  3.399 0.0000000000
28065  23.082  -14.005  3.138 0.0000000000
28078  23.010  -13.971  2.953 0.0000000000
27287  23.035  -14.246  2.384 0.0000000000
28086  23.027  -14.025  2.556 0.0000000000
27840  19.585  -13.586  8.747 0.0000000000
27854  19.443  -13.848  8.229 0.0000000000
28768  23.393  -13.993  4.816 0.0000000000
28784  23.335  -13.886  4.132 0.0000000000
28797  23.484  -13.721  3.947 0.0000000000
28811  23.553  -13.631  3.739 0.0000000000
28826  23.336  -13.578  3.137 0.0000000000
28077  23.218  -13.869  3.008 0.0000000000
28841  23.375  -13.502  2.983 0.0000000000
28842  23.085  -13.836  2.971 0.0000000000
28857  23.008  -13.879  2.641 0.0000000000
28095  23.011  -13.993  2.047 0.0000000000
28867  23.004  -13.910  2.185 0.0000000000
27295  23.031  -14.188  1.999 0.0000000000
28103  22.989  -14.017  1.972 0.0000000000
28879  22.971  -13.868  2.010 0.0000000000
27303  22.975  -14.122  1.921 0.0000000000
28110  22.914  -13.942  1.541 0.0000000000
28891  23.012  -13.758  1.650 0.0000000000
28747  23.681  -13.547  5.002 0.0000000000
28767  23.906  -13.527  4.738 0.0000000000
28783  23.660  -13.448  4.005 0.0000000000
28796  23.691  -13.483  3.996 0.0000000000
28810  23.827  -13.315  4.050 0.0000000000
28825  23.903  -13.340  3.653 0.0000000000
29608  24.047  -13.031  3.829 0.0000000000
29621  23.960  -13.099  3.144 0.0000000000
29622  23.652  -13.269  3.040 0.0000000000
29639  23.759  -13.166  2.960 0.0000000000
28856  23.278  -13.509  2.956 0.0000000000
29658  23.662  -13.204  2.506 0.0000000000
28866  23.105  -13.576  2.233 0.0000000000
29673  23.535  -13.145  2.013 0.0000000000
28878  23.070  -13.619  2.015 0.0000000000
29687  23.538  -13.210  1.995 0.0000000000
28890  23.045  -13.688  1.991 0.0000000000
29703  23.251  -13.434  1.563 0.0000000000
29565  23.870  -13.109  4.867 0.0000000000
29545  23.942  -13.049  4.988 0.0000000000
29579  24.001  -13.100  4.408 0.0000000000
29564  24.002  -13.026  4.732 0.0000000000
29594  23.946  -13.158  3.981 0.0000000000
29578  24.069  -13.067  4.273 0.0000000000
29593  24.148  -13.177  3.981 0.0000000000
29607  24.076  -13.262  3.602 0.0000000000
29620  24.066  -13.278  3.071 0.0000000000
29638  23.947  -13.135  2.982 0.0000000000
29637  24.024  -13.117  3.082 0.0000000000
29656  23.993  -13.249  2.739 0.0000000000
29657  23.977  -13.094  2.614 0.0000000000
30545  24.167  -12.932  2.920 0.0000000000
30568  24.124  -12.952  2.453 0.0000000000
29671  24.029  -13.011  2.200 0.0000000000
29672  23.979  -13.127  2.156 0.0000000000
30592  24.000  -13.019  2.014 0.0000000000
29685  23.961  -13.033  1.936 0.0000000000
29686  23.925  -13.154  1.984 0.0000000000
30614  24.047  -13.012  1.929 0.0000000000
29701  23.887  -13.009  1.990 0.0000000000
29702  23.899  -13.127  1.774 0.0000000000
30459  24.049  -13.033  4.951 0.0000000000
30475  24.345  -12.856  4.409 0.0000000000
30476  24.117  -12.985  4.556 0.0000000000
30490  24.515  -12.938  3.988 0.0000000000
30491  24.059  -12.965  4.169 0.0000000000
30507  25.156  -12.987  3.625 0.0000000000
30506  25.741  -12.862  3.725 0.0000000000
30508  24.992  -12.898  3.776 0.0000000000
30509  24.918  -13.060  3.775 0.0000000000
29592  24.508  -13.215  3.997 0.0000000000
31338  25.862  -12.406  3.912 0.0000000000
30505  26.006  -12.711  3.564 0.0000000000
30521  26.005  -12.813  3.301 0.0000000000
30522  25.562  -12.986  3.206 0.0000000000
31337  26.015  -12.349  3.840 0.0000000000
30523  25.068  -12.974  3.151 0.0000000000
30524  24.969  -12.973  3.321 0.0000000000
29606  24.394  -13.060  3.466 0.0000000000
30525  24.845  -13.088  3.218 0.0000000000
30540  25.940  -12.962  3.003 0.0000000000
30541  25.540  -12.991  2.967 0.0000000000
30542  25.036  -12.975  3.021 0.0000000000
30543  24.951  -13.001  2.986 0.0000000000
29619  24.286  -13.004  3.018 0.0000000000
30526  24.235  -12.991  3.038 0.0000000000
30544  24.586  -12.876  2.952 0.0000000000
30539  26.105  -12.948  2.999 0.0000000000
30562  26.021  -12.884  2.874 0.0000000000
30563  26.022  -13.050  2.870 0.0000000000
30564  25.519  -13.263  2.789 0.0000000000
30565  25.138  -13.127  2.683 0.0000000000
30566  24.963  -12.940  2.599 0.0000000000
30567  24.529  -12.853  2.540 0.0000000000
30586  26.096  -13.049  2.446 0.0000000000
30587  25.967  -13.343  2.372 0.0000000000
30588  25.459  -13.300  2.319 0.0000000000
30589  25.033  -13.073  2.182 0.0000000000
30590  24.997  -12.968  2.089 0.0000000000
30591  24.390  -12.858  2.138 0.0000000000
30608  26.045  -13.070  2.058 0.0000000000
30609  25.866  -13.085  2.041 0.0000000000
30610  25.333  -13.210  1.990 0.0000000000
30611  24.979  -13.015  1.892 0.0000000000
30612  24.632  -13.013  1.976 0.0000000000
30613  24.172  -12.963  1.987 0.0000000000
34118  25.010  -11.165  3.687 0.0000000000
