#!ascii label  , from subject  vox2ras=TkReg
534
26904  21.749  -14.655  -10.261 0.0000000000
26894  21.460  -14.695  -9.997 0.0000000000
26212  21.614  -14.955  -10.381 0.0000000000
26903  21.909  -14.574  -10.548 0.0000000000
26893  21.892  -14.404  -10.127 0.0000000000
26211  21.850  -15.022  -10.635 0.0000000000
26220  21.930  -15.015  -10.777 0.0000000000
26911  21.983  -14.928  -10.784 0.0000000000
27679  22.018  -14.212  -10.077 0.0000000000
26902  22.029  -14.607  -10.436 0.0000000000
26910  22.070  -14.955  -10.832 0.0000000000
27678  22.195  -14.145  -10.116 0.0000000000
27688  22.369  -14.440  -10.641 0.0000000000
26201  21.090  -14.983  -10.009 0.0000000000
26200  21.283  -14.989  -10.092 0.0000000000
26895  21.242  -14.965  -9.975 0.0000000000
26884  21.555  -14.542  -9.884 0.0000000000
27669  21.973  -14.200  -9.974 0.0000000000
27668  21.988  -14.027  -9.967 0.0000000000
26885  21.076  -14.831  -9.743 0.0000000000
27659  21.356  -14.396  -9.611 0.0000000000
27658  21.826  -14.029  -9.710 0.0000000000
26221  21.917  -15.072  -10.791 0.0000000000
25515  21.992  -15.112  -10.981 0.0000000000
26230  22.006  -15.019  -10.988 0.0000000000
26229  22.173  -14.933  -11.036 0.0000000000
26219  22.049  -15.014  -10.890 0.0000000000
26213  21.263  -15.044  -10.128 0.0000000000
25507  21.649  -15.023  -10.513 0.0000000000
26202  20.998  -14.957  -9.994 0.0000000000
25497  21.047  -15.107  -10.011 0.0000000000
26189  21.076  -14.963  -9.844 0.0000000000
26190  20.990  -14.999  -9.788 0.0000000000
26191  20.912  -15.030  -9.710 0.0000000000
25484  21.022  -15.089  -9.935 0.0000000000
26172  20.980  -14.976  -9.707 0.0000000000
26173  20.719  -14.987  -9.586 0.0000000000
26867  20.912  -14.703  -9.390 0.0000000000
26886  21.014  -14.787  -9.633 0.0000000000
26174  20.186  -14.997  -9.422 0.0000000000
25467  20.433  -15.016  -9.421 0.0000000000
26868  20.639  -14.799  -9.362 0.0000000000
25524  21.538  -15.176  -11.018 0.0000000000
25523  21.884  -15.126  -11.046 0.0000000000
25516  21.773  -15.251  -10.940 0.0000000000
25517  21.299  -15.136  -10.817 0.0000000000
25508  21.099  -15.321  -10.280 0.0000000000
25509  21.001  -15.277  -10.082 0.0000000000
25498  20.866  -15.127  -10.059 0.0000000000
25499  20.994  -15.302  -9.983 0.0000000000
25485  20.696  -15.377  -9.850 0.0000000000
25486  20.214  -15.249  -9.495 0.0000000000
25468  20.098  -15.003  -9.281 0.0000000000
25487  20.007  -15.194  -9.369 0.0000000000
25469  19.967  -15.114  -9.212 0.0000000000
26175  20.001  -14.998  -9.313 0.0000000000
24785  19.914  -15.458  -9.259 0.0000000000
24784  20.030  -15.374  -9.427 0.0000000000
25470  19.510  -15.014  -9.230 0.0000000000
24800  20.039  -15.522  -9.543 0.0000000000
26176  19.783  -14.997  -9.308 0.0000000000
24786  19.060  -15.396  -9.452 0.0000000000
25471  19.066  -15.090  -9.391 0.0000000000
26177  19.203  -15.008  -9.406 0.0000000000
24802  19.088  -15.651  -9.630 0.0000000000
25488  19.000  -15.363  -9.626 0.0000000000
25489  18.952  -15.027  -9.529 0.0000000000
25472  18.970  -15.020  -9.430 0.0000000000
26178  18.997  -14.955  -9.387 0.0000000000
26192  18.849  -14.951  -9.412 0.0000000000
24799  20.301  -15.807  -9.915 0.0000000000
24798  20.610  -15.743  -10.002 0.0000000000
24811  20.662  -15.712  -9.937 0.0000000000
24803  19.019  -15.660  -9.405 0.0000000000
24804  18.674  -15.497  -9.667 0.0000000000
25490  18.463  -15.098  -9.833 0.0000000000
26193  18.425  -14.994  -9.690 0.0000000000
24814  18.545  -15.764  -10.012 0.0000000000
25500  18.410  -15.066  -9.984 0.0000000000
26203  18.404  -14.927  -9.927 0.0000000000
24810  20.800  -15.572  -10.087 0.0000000000
24821  20.990  -15.609  -10.328 0.0000000000
24820  21.025  -15.597  -10.406 0.0000000000
24831  21.137  -15.672  -10.992 0.0000000000
24830  21.654  -15.433  -10.965 0.0000000000
24838  21.555  -15.640  -11.008 0.0000000000
25530  21.894  -15.212  -11.162 0.0000000000
25529  21.990  -15.302  -11.286 0.0000000000
26236  21.978  -15.031  -11.117 0.0000000000
24843  21.566  -15.823  -11.419 0.0000000000
24842  21.749  -15.445  -11.714 0.0000000000
24850  22.020  -15.830  -11.802 0.0000000000
25537  22.041  -15.466  -11.606 0.0000000000
25528  22.002  -15.084  -11.281 0.0000000000
25536  22.274  -15.416  -11.731 0.0000000000
26869  19.991  -14.761  -9.300 0.0000000000
26870  19.970  -14.769  -9.227 0.0000000000
26871  19.528  -14.516  -9.196 0.0000000000
26872  18.968  -14.554  -9.235 0.0000000000
26873  18.985  -14.575  -9.414 0.0000000000
26887  18.702  -14.531  -9.613 0.0000000000
26888  18.165  -14.557  -9.910 0.0000000000
26204  18.307  -14.999  -9.990 0.0000000000
26896  18.115  -14.634  -9.998 0.0000000000
26919  22.258  -14.881  -10.969 0.0000000000
26234  22.651  -14.910  -11.371 0.0000000000
26228  22.335  -14.892  -11.128 0.0000000000
26235  22.093  -14.965  -11.167 0.0000000000
26918  22.506  -14.586  -11.132 0.0000000000
25527  22.500  -15.022  -11.447 0.0000000000
26866  21.018  -14.502  -9.352 0.0000000000
27641  21.001  -14.032  -9.315 0.0000000000
27642  20.705  -14.038  -9.426 0.0000000000
27643  20.191  -14.234  -9.123 0.0000000000
26857  20.076  -14.361  -9.075 0.0000000000
26858  19.968  -14.422  -8.978 0.0000000000
26859  19.794  -14.335  -8.972 0.0000000000
27644  19.402  -14.005  -8.998 0.0000000000
27645  19.063  -14.004  -9.147 0.0000000000
27646  18.970  -14.055  -9.302 0.0000000000
27660  18.904  -14.036  -9.359 0.0000000000
27661  18.402  -14.020  -9.714 0.0000000000
27670  18.388  -14.020  -10.099 0.0000000000
26897  18.178  -14.671  -10.186 0.0000000000
27671  18.166  -14.408  -10.019 0.0000000000
26909  22.544  -14.669  -11.014 0.0000000000
26924  22.769  -14.658  -11.273 0.0000000000
27687  22.868  -14.245  -10.917 0.0000000000
27696  22.884  -14.177  -11.001 0.0000000000
26917  23.008  -14.451  -11.002 0.0000000000
27640  21.406  -14.086  -9.383 0.0000000000
28438  21.265  -13.833  -9.211 0.0000000000
28439  20.996  -13.875  -9.272 0.0000000000
27628  20.582  -13.993  -9.137 0.0000000000
27629  20.334  -14.022  -9.042 0.0000000000
28440  20.854  -14.024  -9.241 0.0000000000
27631  19.834  -14.073  -8.965 0.0000000000
27632  19.534  -13.912  -8.976 0.0000000000
28430  19.368  -14.017  -9.091 0.0000000000
28441  19.010  -13.996  -9.296 0.0000000000
28442  18.977  -13.993  -9.322 0.0000000000
27639  21.676  -14.011  -9.545 0.0000000000
28456  21.874  -14.003  -9.707 0.0000000000
27657  21.910  -14.009  -9.964 0.0000000000
28455  22.002  -13.968  -9.800 0.0000000000
28457  18.814  -13.953  -9.383 0.0000000000
28458  18.515  -14.023  -9.884 0.0000000000
28469  18.431  -13.998  -9.972 0.0000000000
28468  22.008  -14.017  -9.915 0.0000000000
27667  22.091  -14.057  -10.014 0.0000000000
27681  18.304  -14.125  -10.334 0.0000000000
27680  18.423  -13.990  -10.083 0.0000000000
28478  18.536  -13.978  -9.963 0.0000000000
28477  22.348  -14.024  -10.188 0.0000000000
27677  22.604  -14.118  -10.514 0.0000000000
28479  18.228  -13.945  -10.307 0.0000000000
28485  22.872  -14.076  -10.773 0.0000000000
27686  23.002  -14.088  -10.949 0.0000000000
28429  19.800  -13.862  -8.968 0.0000000000
29262  19.720  -13.529  -8.966 0.0000000000
29263  19.258  -13.539  -9.056 0.0000000000
28437  21.607  -13.998  -9.483 0.0000000000
29272  21.763  -13.386  -9.581 0.0000000000
29273  21.108  -13.295  -9.297 0.0000000000
28425  20.965  -13.884  -9.215 0.0000000000
28426  20.673  -13.942  -9.152 0.0000000000
29258  20.950  -13.514  -9.165 0.0000000000
29274  20.983  -13.262  -9.214 0.0000000000
29275  19.036  -13.452  -9.282 0.0000000000
29276  18.950  -13.551  -9.323 0.0000000000
28467  22.265  -13.972  -10.010 0.0000000000
28454  22.450  -13.937  -9.946 0.0000000000
29288  22.273  -13.402  -9.802 0.0000000000
29289  22.021  -13.637  -9.680 0.0000000000
29290  21.903  -13.743  -9.577 0.0000000000
29291  18.913  -13.502  -9.649 0.0000000000
29292  18.479  -13.442  -9.978 0.0000000000
29302  22.352  -13.502  -9.954 0.0000000000
28476  22.800  -14.010  -10.568 0.0000000000
28466  22.509  -13.899  -10.100 0.0000000000
29301  22.441  -13.409  -9.989 0.0000000000
29304  18.525  -13.431  -9.994 0.0000000000
29311  22.921  -13.690  -10.154 0.0000000000
28484  23.016  -13.983  -10.895 0.0000000000
28475  23.035  -13.996  -10.813 0.0000000000
29310  23.093  -13.759  -10.657 0.0000000000
29312  18.469  -13.461  -10.055 0.0000000000
29259  20.589  -13.502  -8.987 0.0000000000
30119  20.799  -13.057  -9.074 0.0000000000
30138  20.999  -12.980  -9.182 0.0000000000
28427  20.338  -13.878  -8.981 0.0000000000
29260  20.230  -13.492  -8.978 0.0000000000
30120  20.412  -13.085  -8.973 0.0000000000
28428  20.049  -13.845  -8.968 0.0000000000
29261  19.969  -13.483  -8.964 0.0000000000
30121  20.013  -13.063  -9.015 0.0000000000
30122  19.924  -13.015  -8.959 0.0000000000
30123  19.597  -13.009  -9.010 0.0000000000
30124  19.158  -13.075  -9.258 0.0000000000
29271  22.014  -13.286  -9.582 0.0000000000
30135  21.991  -13.091  -9.496 0.0000000000
30136  21.566  -13.001  -9.351 0.0000000000
30137  21.014  -13.019  -9.259 0.0000000000
30140  19.000  -13.024  -9.359 0.0000000000
30141  18.946  -13.005  -9.430 0.0000000000
30153  22.351  -13.016  -9.541 0.0000000000
30164  22.125  -13.019  -9.968 0.0000000000
30154  22.015  -13.023  -9.538 0.0000000000
30155  18.869  -13.017  -9.599 0.0000000000
29303  18.563  -13.158  -9.987 0.0000000000
30163  22.508  -13.029  -9.997 0.0000000000
30173  22.602  -13.027  -10.048 0.0000000000
30165  18.576  -13.045  -9.998 0.0000000000
30166  18.683  -12.998  -10.016 0.0000000000
30172  22.980  -13.034  -10.477 0.0000000000
30991  20.752  -12.919  -8.990 0.0000000000
31007  20.946  -12.811  -9.180 0.0000000000
30992  20.304  -12.838  -8.963 0.0000000000
30993  20.045  -12.786  -8.961 0.0000000000
30994  19.823  -12.782  -8.965 0.0000000000
30995  19.545  -12.844  -9.091 0.0000000000
30139  19.261  -13.019  -9.286 0.0000000000
31004  21.977  -12.958  -9.441 0.0000000000
31019  21.988  -12.761  -9.662 0.0000000000
31005  21.633  -12.940  -9.242 0.0000000000
31006  21.003  -12.839  -9.247 0.0000000000
31008  19.128  -12.939  -9.382 0.0000000000
31009  19.018  -12.924  -9.271 0.0000000000
31010  18.998  -12.944  -9.443 0.0000000000
31018  22.057  -13.025  -9.651 0.0000000000
31027  22.149  -12.846  -9.898 0.0000000000
31020  18.817  -12.979  -9.851 0.0000000000
31026  22.431  -12.897  -9.995 0.0000000000
31035  22.616  -12.914  -10.282 0.0000000000
31028  18.592  -12.963  -9.977 0.0000000000
31727  20.724  -12.463  -8.971 0.0000000000
31728  20.234  -12.462  -8.952 0.0000000000
31729  19.976  -12.456  -8.961 0.0000000000
31730  19.735  -12.447  -8.969 0.0000000000
31731  19.413  -12.463  -9.239 0.0000000000
31737  21.977  -12.467  -9.273 0.0000000000
31738  21.361  -12.433  -9.330 0.0000000000
31739  20.995  -12.432  -9.304 0.0000000000
31740  20.939  -12.458  -9.168 0.0000000000
31741  19.016  -12.523  -9.286 0.0000000000
31742  18.982  -12.458  -9.367 0.0000000000
31743  18.901  -12.548  -9.556 0.0000000000
31751  22.166  -12.462  -9.718 0.0000000000
31752  21.972  -12.438  -9.768 0.0000000000
31753  18.878  -12.477  -10.013 0.0000000000
31761  22.468  -12.518  -10.004 0.0000000000
31762  22.229  -12.450  -9.953 0.0000000000
31029  18.563  -12.864  -10.055 0.0000000000
31763  18.568  -12.459  -9.931 0.0000000000
32392  20.396  -12.065  -8.958 0.0000000000
32391  20.864  -12.002  -9.043 0.0000000000
32403  20.977  -12.035  -9.203 0.0000000000
32393  20.064  -12.110  -8.956 0.0000000000
32394  19.944  -12.078  -8.965 0.0000000000
32395  19.660  -12.028  -8.983 0.0000000000
32404  19.166  -11.997  -9.317 0.0000000000
32401  21.720  -12.044  -9.210 0.0000000000
32400  22.012  -12.002  -9.442 0.0000000000
32414  22.021  -12.092  -9.693 0.0000000000
32402  21.021  -12.004  -9.246 0.0000000000
32405  19.005  -12.016  -9.278 0.0000000000
32406  18.993  -11.993  -9.407 0.0000000000
32415  18.888  -12.009  -9.880 0.0000000000
32413  22.126  -12.021  -9.737 0.0000000000
32424  22.182  -12.064  -10.013 0.0000000000
32425  18.507  -12.047  -10.031 0.0000000000
33070  20.566  -11.827  -9.003 0.0000000000
33069  20.892  -11.796  -9.113 0.0000000000
33081  20.966  -11.789  -9.205 0.0000000000
33071  20.228  -11.758  -8.960 0.0000000000
33072  20.000  -11.782  -8.957 0.0000000000
33073  19.811  -11.818  -8.964 0.0000000000
33082  19.422  -11.877  -9.236 0.0000000000
33079  21.789  -11.859  -9.326 0.0000000000
33078  21.982  -11.873  -9.480 0.0000000000
33091  22.001  -11.927  -9.547 0.0000000000
33080  21.148  -11.930  -9.313 0.0000000000
33083  19.118  -11.840  -9.299 0.0000000000
33084  19.002  -11.880  -9.288 0.0000000000
33092  18.724  -11.976  -9.457 0.0000000000
32416  18.551  -11.993  -9.979 0.0000000000
33093  18.419  -11.965  -9.988 0.0000000000
33792  20.880  -11.403  -9.099 0.0000000000
33793  20.364  -11.398  -8.967 0.0000000000
33794  20.086  -11.392  -8.954 0.0000000000
33795  19.937  -11.389  -8.960 0.0000000000
33796  19.587  -11.438  -9.053 0.0000000000
33802  21.999  -11.403  -9.399 0.0000000000
33803  21.403  -11.464  -9.305 0.0000000000
33804  21.000  -11.336  -9.343 0.0000000000
33805  20.990  -11.421  -9.209 0.0000000000
33806  19.135  -11.523  -9.328 0.0000000000
33807  19.043  -11.472  -9.301 0.0000000000
33808  18.892  -11.324  -9.156 0.0000000000
33817  18.546  -11.478  -9.710 0.0000000000
34612  20.498  -11.048  -8.970 0.0000000000
34611  20.939  -11.029  -9.155 0.0000000000
34624  20.966  -11.064  -9.243 0.0000000000
34613  20.111  -11.057  -8.964 0.0000000000
34614  19.975  -11.041  -8.959 0.0000000000
34615  19.758  -11.035  -8.964 0.0000000000
34625  19.400  -11.030  -9.237 0.0000000000
34622  21.605  -11.050  -9.325 0.0000000000
34623  21.006  -11.002  -9.390 0.0000000000
34626  19.043  -11.071  -9.402 0.0000000000
34627  18.991  -11.002  -9.362 0.0000000000
34637  18.673  -11.001  -9.516 0.0000000000
33818  18.476  -11.439  -9.990 0.0000000000
34638  18.312  -11.010  -9.925 0.0000000000
35413  20.742  -10.768  -9.007 0.0000000000
35412  21.007  -11.009  -9.158 0.0000000000
35425  21.017  -10.891  -9.240 0.0000000000
35414  20.102  -10.896  -9.042 0.0000000000
35415  19.980  -10.777  -8.983 0.0000000000
35416  19.898  -10.945  -8.970 0.0000000000
35428  19.676  -10.726  -9.093 0.0000000000
35424  21.134  -10.845  -9.292 0.0000000000
35429  19.031  -10.821  -9.399 0.0000000000
35430  18.999  -10.978  -9.361 0.0000000000
35442  18.795  -10.809  -9.590 0.0000000000
35443  18.545  -11.018  -9.862 0.0000000000
34650  18.548  -11.053  -10.026 0.0000000000
35459  18.614  -10.991  -9.904 0.0000000000
35426  20.958  -10.768  -9.187 0.0000000000
36195  20.479  -10.522  -9.115 0.0000000000
36194  20.842  -10.663  -9.168 0.0000000000
36208  20.811  -10.415  -9.366 0.0000000000
36196  20.023  -10.506  -9.154 0.0000000000
35427  19.978  -10.614  -8.995 0.0000000000
36210  19.989  -10.323  -9.199 0.0000000000
36207  20.989  -10.316  -9.293 0.0000000000
36211  19.800  -10.320  -9.281 0.0000000000
36212  19.336  -10.304  -9.291 0.0000000000
35441  19.005  -10.703  -9.551 0.0000000000
36225  18.914  -10.145  -9.589 0.0000000000
36226  18.934  -10.187  -9.737 0.0000000000
35458  18.896  -10.720  -9.968 0.0000000000
36240  18.810  -10.258  -9.878 0.0000000000
36241  18.673  -10.208  -10.010 0.0000000000
35472  18.431  -10.741  -10.420 0.0000000000
36253  18.517  -10.208  -10.102 0.0000000000
36209  20.192  -10.173  -9.294 0.0000000000
36997  20.999  -10.005  -9.325 0.0000000000
36998  20.551  -9.986  -9.319 0.0000000000
36999  20.011  -10.026  -9.318 0.0000000000
37000  19.931  -10.004  -9.304 0.0000000000
37001  19.587  -10.018  -9.311 0.0000000000
37002  19.108  -10.002  -9.581 0.0000000000
37015  18.979  -9.988  -9.625 0.0000000000
37016  18.883  -9.912  -9.772 0.0000000000
37027  18.738  -9.935  -9.946 0.0000000000
37028  18.733  -10.012  -10.010 0.0000000000
37041  18.671  -10.053  -10.125 0.0000000000
36261  18.242  -10.322  -10.994 0.0000000000
37051  18.477  -10.012  -10.580 0.0000000000
37801  20.822  -9.736  -9.309 0.0000000000
37802  20.262  -9.781  -9.406 0.0000000000
37803  19.998  -9.796  -9.293 0.0000000000
37804  19.866  -9.788  -9.299 0.0000000000
37805  19.275  -9.702  -9.498 0.0000000000
37806  18.981  -9.975  -9.658 0.0000000000
37818  18.997  -9.674  -9.834 0.0000000000
37819  18.864  -9.797  -9.862 0.0000000000
37830  18.880  -9.687  -10.000 0.0000000000
37040  18.804  -9.935  -9.988 0.0000000000
37841  18.777  -9.953  -10.071 0.0000000000
37842  18.505  -9.955  -10.451 0.0000000000
37059  18.443  -9.983  -10.939 0.0000000000
37854  18.384  -9.811  -10.999 0.0000000000
38651  20.565  -9.313  -9.300 0.0000000000
38652  20.009  -9.291  -9.276 0.0000000000
38653  20.016  -9.354  -9.295 0.0000000000
38654  19.875  -9.419  -9.296 0.0000000000
37817  19.009  -9.471  -9.864 0.0000000000
38663  19.178  -9.178  -9.676 0.0000000000
38664  19.042  -9.149  -9.991 0.0000000000
37829  19.134  -9.668  -10.013 0.0000000000
38672  19.005  -9.152  -9.986 0.0000000000
38673  18.987  -9.172  -10.080 0.0000000000
38683  18.693  -9.263  -10.492 0.0000000000
38684  18.441  -9.506  -10.959 0.0000000000
37863  18.479  -9.708  -11.013 0.0000000000
38699  18.477  -9.198  -10.986 0.0000000000
39508  20.253  -8.964  -9.318 0.0000000000
39509  20.024  -8.991  -9.331 0.0000000000
39510  20.001  -9.001  -9.307 0.0000000000
39519  19.645  -8.998  -9.500 0.0000000000
39520  19.122  -9.003  -9.923 0.0000000000
39526  19.058  -9.013  -10.031 0.0000000000
39527  18.999  -8.952  -9.962 0.0000000000
39535  18.987  -8.985  -10.210 0.0000000000
38698  18.608  -9.009  -10.847 0.0000000000
39548  18.815  -9.017  -10.498 0.0000000000
39549  18.604  -8.987  -10.981 0.0000000000
38710  18.664  -9.236  -11.019 0.0000000000
39562  18.629  -9.000  -11.015 0.0000000000
40415  20.063  -8.769  -9.396 0.0000000000
40416  20.038  -8.852  -9.430 0.0000000000
39518  19.976  -8.982  -9.384 0.0000000000
40424  19.825  -8.627  -9.620 0.0000000000
40425  19.344  -8.603  -9.864 0.0000000000
40426  19.123  -8.916  -9.997 0.0000000000
40434  19.118  -8.761  -10.121 0.0000000000
39534  19.003  -8.981  -10.176 0.0000000000
40442  19.012  -8.622  -10.466 0.0000000000
40443  18.865  -8.849  -10.441 0.0000000000
40454  18.837  -8.648  -10.691 0.0000000000
39561  18.713  -8.926  -10.872 0.0000000000
40470  18.806  -8.580  -11.016 0.0000000000
39571  18.691  -8.954  -10.985 0.0000000000
39572  18.657  -9.066  -11.129 0.0000000000
40482  18.838  -8.575  -11.169 0.0000000000
39580  18.687  -8.920  -11.339 0.0000000000
40423  20.012  -8.372  -9.656 0.0000000000
41340  19.921  -8.053  -9.797 0.0000000000
41341  19.663  -8.309  -9.833 0.0000000000
40433  19.243  -8.611  -9.978 0.0000000000
41348  19.680  -8.033  -10.025 0.0000000000
41349  19.301  -8.364  -10.101 0.0000000000
41358  19.218  -8.199  -10.413 0.0000000000
40453  18.965  -8.285  -10.632 0.0000000000
41365  18.994  -8.009  -10.945 0.0000000000
41366  18.853  -8.111  -10.941 0.0000000000
41380  19.000  -8.268  -10.978 0.0000000000
40490  18.721  -8.592  -11.792 0.0000000000
41393  19.065  -8.143  -11.256 0.0000000000
41379  19.090  -8.147  -11.119 0.0000000000
41405  19.004  -8.212  -11.996 0.0000000000
41392  19.083  -8.114  -11.719 0.0000000000
27630  20.098  -14.105  -8.991 0.0000000000
24844  21.336  -15.991  -11.250 0.0000000000
24119  21.469  -16.038  -11.430 0.0000000000
24851  21.763  -15.996  -11.759 0.0000000000
24839  21.202  -16.000  -11.031 0.0000000000
24109  21.091  -16.019  -10.940 0.0000000000
24115  21.096  -16.038  -11.038 0.0000000000
24832  21.001  -15.991  -10.756 0.0000000000
24088  20.798  -15.971  -9.981 0.0000000000
24100  20.956  -15.950  -10.343 0.0000000000
24089  20.359  -15.980  -10.000 0.0000000000
24812  20.251  -15.952  -9.977 0.0000000000
24813  18.812  -15.872  -9.853 0.0000000000
24082  19.000  -16.002  -9.788 0.0000000000
24081  19.085  -16.004  -9.847 0.0000000000
24801  19.445  -16.005  -9.561 0.0000000000
24080  19.581  -15.995  -9.835 0.0000000000
24079  20.002  -15.995  -9.853 0.0000000000
24078  20.122  -15.906  -10.003 0.0000000000
24120  21.059  -16.016  -11.173 0.0000000000
23362  21.452  -16.192  -11.469 0.0000000000
24126  21.876  -16.065  -11.846 0.0000000000
24116  20.980  -15.952  -10.968 0.0000000000
23357  21.005  -16.189  -11.027 0.0000000000
24110  21.014  -16.003  -10.811 0.0000000000
24101  20.559  -16.029  -10.049 0.0000000000
23341  20.999  -16.066  -10.577 0.0000000000
24090  20.159  -16.023  -9.958 0.0000000000
23329  20.260  -16.126  -9.995 0.0000000000
24094  18.916  -16.045  -9.922 0.0000000000
24093  19.297  -16.085  -9.940 0.0000000000
24092  19.712  -16.080  -9.943 0.0000000000
24091  19.987  -16.015  -10.004 0.0000000000
23364  20.980  -16.291  -11.102 0.0000000000
23363  21.023  -16.286  -11.212 0.0000000000
23358  20.937  -16.245  -10.998 0.0000000000
23354  20.857  -16.379  -10.864 0.0000000000
23353  20.999  -16.113  -10.920 0.0000000000
23342  20.454  -16.438  -10.104 0.0000000000
23343  20.018  -16.441  -10.213 0.0000000000
23330  20.024  -16.135  -10.118 0.0000000000
23344  19.950  -16.428  -10.210 0.0000000000
23331  20.006  -16.156  -9.991 0.0000000000
22515  19.722  -16.546  -10.059 0.0000000000
22514  20.015  -16.457  -10.193 0.0000000000
23332  19.448  -16.144  -10.015 0.0000000000
22516  19.017  -16.659  -10.006 0.0000000000
23333  19.067  -16.195  -10.012 0.0000000000
22517  18.989  -16.547  -10.070 0.0000000000
23334  18.812  -16.266  -10.062 0.0000000000
22524  20.130  -16.925  -10.461 0.0000000000
22523  20.457  -16.711  -10.568 0.0000000000
22525  19.903  -16.757  -10.318 0.0000000000
23359  20.726  -16.413  -11.011 0.0000000000
22536  20.400  -16.787  -10.986 0.0000000000
22541  20.627  -16.783  -11.209 0.0000000000
22540  20.915  -16.539  -11.226 0.0000000000
22546  20.949  -16.741  -11.696 0.0000000000
24095  18.677  -15.991  -10.009 0.0000000000
22542  20.233  -16.994  -11.040 0.0000000000
21727  20.287  -16.983  -11.222 0.0000000000
21732  20.659  -17.036  -11.547 0.0000000000
22547  20.772  -16.940  -11.516 0.0000000000
22537  20.244  -16.958  -10.979 0.0000000000
21724  20.067  -17.041  -10.792 0.0000000000
21728  20.042  -17.029  -11.049 0.0000000000
21713  19.810  -16.967  -10.381 0.0000000000
21712  19.994  -17.041  -10.503 0.0000000000
22526  19.436  -16.797  -10.328 0.0000000000
22527  19.027  -16.857  -10.316 0.0000000000
22528  18.918  -16.832  -10.350 0.0000000000
21729  20.012  -17.069  -10.972 0.0000000000
20951  19.977  -17.246  -11.013 0.0000000000
20956  20.023  -17.362  -11.193 0.0000000000
21733  20.336  -17.008  -11.128 0.0000000000
21725  19.949  -17.057  -10.761 0.0000000000
21714  19.190  -17.001  -10.318 0.0000000000
20935  19.730  -17.056  -10.423 0.0000000000
20957  19.978  -17.401  -11.084 0.0000000000
20952  19.974  -17.381  -10.972 0.0000000000
20948  19.408  -17.398  -10.419 0.0000000000
20947  19.881  -17.416  -10.807 0.0000000000
20936  19.047  -17.304  -10.258 0.0000000000
20184  19.043  -17.940  -10.483 0.0000000000
20183  19.099  -17.822  -10.402 0.0000000000
20937  18.960  -17.370  -10.359 0.0000000000
21715  19.001  -16.999  -10.347 0.0000000000
20185  18.985  -17.870  -10.377 0.0000000000
20938  18.669  -17.369  -10.364 0.0000000000
21716  18.865  -16.996  -10.387 0.0000000000
20194  19.505  -17.988  -10.881 0.0000000000
20193  19.884  -17.634  -10.991 0.0000000000
20198  19.781  -17.680  -11.112 0.0000000000
22529  18.460  -16.837  -10.603 0.0000000000
23345  18.725  -16.427  -10.483 0.0000000000
19391  18.996  -18.027  -10.505 0.0000000000
19401  19.101  -18.070  -10.742 0.0000000000
20195  19.187  -18.042  -10.754 0.0000000000
19402  18.942  -18.118  -10.671 0.0000000000
19392  18.743  -17.989  -10.378 0.0000000000
