#!ascii label  , from subject  vox2ras=TkReg
128
71850  22.000  2.600  -17.944 0.0000000000
70889  21.997  2.440  -17.711 0.0000000000
71849  22.098  2.550  -17.885 0.0000000000
70890  21.622  2.431  -17.739 0.0000000000
71851  21.724  2.568  -17.963 0.0000000000
71862  22.086  2.645  -17.998 0.0000000000
71863  21.983  2.654  -17.998 0.0000000000
70891  21.176  2.283  -17.990 0.0000000000
71852  21.269  2.460  -17.997 0.0000000000
71864  21.791  2.723  -18.005 0.0000000000
70905  20.997  2.283  -17.987 0.0000000000
71865  21.155  2.538  -18.024 0.0000000000
70904  22.399  2.396  -17.995 0.0000000000
71861  22.581  2.422  -17.989 0.0000000000
71878  22.832  2.806  -18.511 0.0000000000
71879  22.281  2.999  -18.266 0.0000000000
72830  22.021  2.824  -18.082 0.0000000000
72831  22.036  2.848  -18.249 0.0000000000
72832  21.954  2.981  -18.240 0.0000000000
71880  21.373  2.802  -18.282 0.0000000000
70906  20.941  2.182  -18.106 0.0000000000
71866  20.966  2.488  -18.273 0.0000000000
71881  21.109  2.664  -18.772 0.0000000000
70922  20.826  2.288  -18.545 0.0000000000
71882  20.994  2.612  -18.844 0.0000000000
72845  21.453  3.012  -18.779 0.0000000000
72846  21.373  3.005  -18.988 0.0000000000
71897  21.086  2.758  -18.988 0.0000000000
70941  20.849  2.363  -18.928 0.0000000000
71898  21.028  2.610  -18.943 0.0000000000
72843  22.205  2.977  -18.573 0.0000000000
72844  21.998  3.010  -18.437 0.0000000000
70903  22.735  2.067  -17.977 0.0000000000
70921  22.999  2.541  -18.437 0.0000000000
70888  22.352  2.289  -17.646 0.0000000000
69935  20.925  2.063  -18.110 0.0000000000
69936  20.553  2.020  -18.533 0.0000000000
70923  20.603  2.173  -18.893 0.0000000000
70920  22.980  2.167  -18.295 0.0000000000
71877  22.990  2.607  -18.585 0.0000000000
69915  20.879  2.045  -17.982 0.0000000000
70892  20.987  2.177  -17.967 0.0000000000
70887  22.738  2.012  -17.505 0.0000000000
69914  22.939  1.977  -17.993 0.0000000000
70902  22.891  2.096  -18.056 0.0000000000
69913  22.962  1.986  -18.041 0.0000000000
69934  23.009  1.997  -18.172 0.0000000000
69897  20.949  2.046  -17.882 0.0000000000
69896  20.980  2.049  -17.783 0.0000000000
70874  21.165  2.088  -17.506 0.0000000000
70873  21.830  2.091  -17.098 0.0000000000
70872  21.999  1.991  -17.400 0.0000000000
70871  22.275  2.046  -17.361 0.0000000000
70870  22.314  1.990  -17.262 0.0000000000
69874  22.583  1.813  -17.227 0.0000000000
69895  22.801  1.723  -17.851 0.0000000000
69878  20.996  1.910  -17.513 0.0000000000
69877  21.718  2.012  -17.123 0.0000000000
70861  21.869  2.018  -17.145 0.0000000000
70860  21.962  1.981  -17.104 0.0000000000
69864  21.975  1.988  -17.024 0.0000000000
69876  22.015  1.996  -17.214 0.0000000000
69875  22.113  1.980  -17.211 0.0000000000
69865  21.831  1.979  -17.067 0.0000000000
68942  20.620  1.822  -18.242 0.0000000000
69916  20.788  1.963  -18.061 0.0000000000
68947  20.461  1.848  -18.806 0.0000000000
69948  20.431  1.949  -18.993 0.0000000000
68928  20.528  1.594  -18.031 0.0000000000
69898  20.759  1.825  -17.969 0.0000000000
68910  20.642  1.633  -17.994 0.0000000000
68909  20.895  1.948  -17.768 0.0000000000
69879  20.985  1.993  -17.766 0.0000000000
68884  20.967  1.547  -17.206 0.0000000000
68883  21.010  1.629  -17.120 0.0000000000
69866  21.354  1.861  -17.118 0.0000000000
68870  21.102  1.624  -16.994 0.0000000000
69853  21.359  1.735  -17.012 0.0000000000
69852  21.777  1.989  -17.002 0.0000000000
68858  21.091  1.666  -16.967 0.0000000000
68943  20.220  1.391  -18.766 0.0000000000
68948  20.200  1.528  -19.000 0.0000000000
67991  20.177  1.005  -18.465 0.0000000000
68929  20.441  1.361  -18.045 0.0000000000
67995  20.005  1.134  -18.895 0.0000000000
67987  20.236  1.089  -18.009 0.0000000000
67986  20.428  1.286  -17.996 0.0000000000
67974  20.258  1.111  -17.904 0.0000000000
68885  20.614  1.382  -17.637 0.0000000000
67951  20.593  1.018  -17.287 0.0000000000
67950  20.949  1.337  -17.011 0.0000000000
68871  20.997  1.519  -17.030 0.0000000000
67932  20.875  1.318  -16.926 0.0000000000
68859  21.019  1.487  -16.950 0.0000000000
67030  20.083  0.968  -18.698 0.0000000000
67031  19.926  0.995  -18.837 0.0000000000
67996  19.938  1.102  -18.944 0.0000000000
68000  19.990  1.195  -19.012 0.0000000000
67975  20.203  0.990  -17.991 0.0000000000
67014  20.404  0.961  -17.688 0.0000000000
67015  20.246  0.899  -17.983 0.0000000000
66995  20.493  0.986  -17.147 0.0000000000
67933  20.579  1.104  -17.004 0.0000000000
66996  20.257  0.812  -17.476 0.0000000000
67034  19.895  0.966  -19.014 0.0000000000
68001  19.964  1.186  -19.024 0.0000000000
68952  20.182  1.489  -19.144 0.0000000000
67038  19.885  1.024  -19.119 0.0000000000
68004  19.949  1.154  -19.147 0.0000000000
68953  19.984  1.345  -19.168 0.0000000000
67039  19.523  0.997  -19.562 0.0000000000
68005  19.731  1.003  -19.789 0.0000000000
68958  19.969  1.557  -19.736 0.0000000000
68008  19.796  1.254  -19.780 0.0000000000
67046  19.237  1.011  -19.935 0.0000000000
68009  19.381  1.207  -20.030 0.0000000000
68962  19.826  1.681  -20.004 0.0000000000
69949  20.364  1.822  -19.037 0.0000000000
69954  20.268  1.844  -19.295 0.0000000000
68957  20.135  1.671  -19.527 0.0000000000
69959  20.272  1.970  -19.816 0.0000000000
68961  20.021  1.868  -19.985 0.0000000000
70942  20.591  2.107  -18.995 0.0000000000
69953  20.502  1.995  -19.028 0.0000000000
70955  20.594  2.161  -19.085 0.0000000000
69958  20.424  2.004  -19.378 0.0000000000
67040  19.119  0.925  -19.948 0.0000000000
67047  19.089  0.940  -20.022 0.0000000000
