#!ascii label  , from subject  vox2ras=TkReg
386
40209  26.949  -8.948  -4.197 0.0000000000
39330  26.894  -8.918  -4.004 0.0000000000
40208  27.027  -8.856  -4.018 0.0000000000
39349  26.862  -8.847  -4.425 0.0000000000
40225  26.984  -8.805  -4.480 0.0000000000
40247  26.985  -8.723  -4.910 0.0000000000
40224  27.403  -8.598  -4.340 0.0000000000
40246  27.336  -8.604  -4.717 0.0000000000
40245  27.768  -8.330  -4.634 0.0000000000
40273  27.814  -8.574  -5.008 0.0000000000
40274  27.155  -8.684  -5.026 0.0000000000
39368  26.826  -8.983  -4.964 0.0000000000
40275  27.000  -8.754  -5.013 0.0000000000
40272  27.996  -8.468  -5.006 0.0000000000
40292  28.012  -8.613  -5.275 0.0000000000
40293  27.837  -8.496  -5.216 0.0000000000
40294  27.134  -8.799  -5.469 0.0000000000
39385  26.851  -8.874  -5.231 0.0000000000
40295  26.975  -8.828  -5.399 0.0000000000
40291  28.274  -8.496  -5.261 0.0000000000
40311  28.131  -8.822  -5.845 0.0000000000
40312  28.008  -8.701  -5.948 0.0000000000
40313  27.585  -8.625  -5.863 0.0000000000
39396  27.068  -8.933  -5.680 0.0000000000
40314  27.104  -8.977  -5.888 0.0000000000
39397  26.930  -8.945  -5.555 0.0000000000
40310  28.540  -8.728  -5.784 0.0000000000
40323  28.442  -8.588  -6.011 0.0000000000
40324  28.064  -8.745  -6.100 0.0000000000
39406  27.856  -8.865  -6.001 0.0000000000
40325  27.993  -8.914  -6.021 0.0000000000
39407  27.328  -8.963  -5.996 0.0000000000
39408  27.126  -8.919  -5.905 0.0000000000
41220  28.965  -8.328  -5.966 0.0000000000
41232  28.935  -8.235  -6.026 0.0000000000
40329  28.587  -8.347  -6.180 0.0000000000
39415  28.119  -8.971  -6.431 0.0000000000
40330  28.225  -8.898  -6.592 0.0000000000
39416  27.926  -8.946  -6.222 0.0000000000
41237  28.980  -8.227  -6.453 0.0000000000
40334  28.810  -8.602  -6.988 0.0000000000
39424  28.019  -8.893  -6.740 0.0000000000
40335  28.319  -8.978  -6.931 0.0000000000
41203  28.984  -8.346  -5.418 0.0000000000
41219  29.112  -8.176  -5.864 0.0000000000
41231  28.997  -8.069  -6.026 0.0000000000
42168  29.084  -8.046  -5.998 0.0000000000
42185  29.089  -7.972  -6.056 0.0000000000
41236  29.065  -8.106  -6.198 0.0000000000
42194  29.102  -7.994  -6.325 0.0000000000
41241  29.013  -8.028  -6.483 0.0000000000
41242  28.954  -8.059  -6.919 0.0000000000
42198  29.014  -7.995  -6.909 0.0000000000
42153  29.189  -8.086  -5.518 0.0000000000
42152  29.301  -8.004  -5.891 0.0000000000
42167  29.142  -7.950  -6.023 0.0000000000
42184  29.083  -7.855  -6.002 0.0000000000
43167  29.264  -7.890  -6.391 0.0000000000
43180  29.108  -7.668  -6.929 0.0000000000
42199  28.873  -7.868  -6.908 0.0000000000
43189  28.995  -7.518  -6.991 0.0000000000
43166  29.187  -7.643  -6.018 0.0000000000
44197  29.463  -7.230  -6.102 0.0000000000
44211  29.205  -7.227  -6.687 0.0000000000
44221  28.991  -7.181  -6.988 0.0000000000
43190  28.825  -7.663  -6.976 0.0000000000
44222  28.776  -7.259  -6.963 0.0000000000
44196  29.271  -7.084  -6.000 0.0000000000
44210  29.229  -7.004  -6.240 0.0000000000
45134  29.245  -7.006  -6.016 0.0000000000
45145  29.128  -6.989  -6.419 0.0000000000
45146  29.041  -6.988  -6.542 0.0000000000
45157  28.906  -6.958  -6.893 0.0000000000
44185  29.367  -7.009  -5.992 0.0000000000
45125  29.331  -6.965  -6.008 0.0000000000
46044  29.269  -6.663  -6.030 0.0000000000
45135  29.136  -6.884  -6.314 0.0000000000
46045  29.354  -6.550  -6.228 0.0000000000
46054  29.038  -6.424  -6.472 0.0000000000
46066  29.003  -6.610  -6.929 0.0000000000
46035  29.463  -6.635  -6.001 0.0000000000
46974  29.296  -6.085  -6.005 0.0000000000
46985  29.189  -5.993  -6.043 0.0000000000
46986  29.220  -6.015  -6.262 0.0000000000
46997  29.012  -6.037  -6.382 0.0000000000
46055  29.077  -6.338  -6.775 0.0000000000
46965  29.489  -6.103  -5.821 0.0000000000
47934  29.430  -5.906  -5.609 0.0000000000
47942  29.171  -5.867  -5.993 0.0000000000
47952  29.287  -5.965  -6.120 0.0000000000
47953  29.081  -5.831  -6.184 0.0000000000
46957  29.431  -6.012  -5.107 0.0000000000
47925  29.562  -5.935  -5.071 0.0000000000
48896  29.455  -5.580  -5.384 0.0000000000
48904  29.296  -5.614  -5.809 0.0000000000
48888  29.422  -5.556  -4.993 0.0000000000
49825  29.416  -5.024  -5.079 0.0000000000
49834  29.404  -5.222  -5.581 0.0000000000
47909  29.570  -5.786  -4.784 0.0000000000
48869  29.267  -5.128  -4.712 0.0000000000
49816  29.205  -5.012  -4.976 0.0000000000
46945  29.435  -6.029  -4.988 0.0000000000
46944  29.634  -6.026  -4.998 0.0000000000
47908  29.870  -5.997  -4.870 0.0000000000
47894  29.722  -5.977  -4.336 0.0000000000
47895  29.422  -5.681  -4.176 0.0000000000
46943  29.984  -6.218  -4.968 0.0000000000
47907  30.089  -5.912  -4.669 0.0000000000
47893  29.964  -5.886  -4.390 0.0000000000
46942  30.073  -6.084  -4.931 0.0000000000
48868  30.101  -5.816  -4.410 0.0000000000
46931  30.058  -6.068  -4.535 0.0000000000
49795  30.149  -5.981  -4.373 0.0000000000
46933  29.720  -6.031  -3.979 0.0000000000
46934  29.415  -6.002  -4.076 0.0000000000
46932  30.005  -6.120  -4.088 0.0000000000
48853  30.058  -5.928  -4.282 0.0000000000
46027  29.338  -6.659  -5.280 0.0000000000
46019  29.287  -6.488  -4.992 0.0000000000
46007  29.523  -6.439  -4.997 0.0000000000
46006  29.921  -6.518  -5.002 0.0000000000
46005  30.009  -6.623  -4.790 0.0000000000
46004  30.127  -6.532  -4.913 0.0000000000
46921  29.493  -6.250  -4.012 0.0000000000
46922  29.212  -5.997  -4.008 0.0000000000
45996  29.783  -6.581  -3.999 0.0000000000
46920  30.159  -6.423  -3.933 0.0000000000
45995  30.025  -6.631  -3.983 0.0000000000
46919  30.337  -6.277  -3.996 0.0000000000
129165  30.074  -6.045  -4.339 0.0000000000
45994  30.524  -6.584  -4.588 0.0000000000
45987  29.345  -6.421  -4.010 0.0000000000
46907  29.254  -5.973  -3.709 0.0000000000
47881  29.239  -5.854  -4.012 0.0000000000
45986  29.554  -6.545  -3.984 0.0000000000
45985  30.291  -6.699  -3.915 0.0000000000
45984  30.529  -6.633  -4.014 0.0000000000
45118  29.304  -6.996  -5.489 0.0000000000
45110  29.409  -6.980  -5.007 0.0000000000
45098  29.462  -6.972  -4.914 0.0000000000
45097  29.754  -6.966  -5.011 0.0000000000
45096  30.011  -7.004  -4.679 0.0000000000
45095  30.037  -6.791  -4.837 0.0000000000
45084  30.158  -7.019  -4.645 0.0000000000
45086  29.762  -6.991  -3.990 0.0000000000
45075  29.573  -6.827  -3.997 0.0000000000
45085  29.992  -7.017  -4.266 0.0000000000
45074  30.153  -6.986  -4.162 0.0000000000
45073  30.394  -6.997  -4.212 0.0000000000
45076  29.496  -6.959  -3.972 0.0000000000
45976  29.386  -6.527  -3.413 0.0000000000
45063  29.404  -6.995  -3.348 0.0000000000
45966  29.499  -6.729  -3.043 0.0000000000
46890  29.278  -6.055  -3.108 0.0000000000
45052  29.299  -6.966  -3.059 0.0000000000
45951  29.233  -6.521  -3.108 0.0000000000
45043  29.255  -6.882  -2.931 0.0000000000
45931  29.169  -6.293  -2.970 0.0000000000
46868  29.077  -6.209  -3.020 0.0000000000
44177  29.489  -7.003  -5.578 0.0000000000
44169  29.532  -6.994  -5.071 0.0000000000
44159  29.501  -7.002  -4.944 0.0000000000
44158  29.655  -7.018  -4.773 0.0000000000
44157  29.826  -6.994  -4.730 0.0000000000
44146  29.981  -7.005  -4.528 0.0000000000
44147  29.770  -7.135  -4.249 0.0000000000
44136  29.617  -7.008  -4.016 0.0000000000
44137  29.403  -7.148  -3.972 0.0000000000
44126  29.553  -7.081  -3.542 0.0000000000
44114  29.433  -7.033  -3.022 0.0000000000
44103  29.310  -7.033  -3.027 0.0000000000
44086  29.397  -6.953  -2.907 0.0000000000
45026  29.478  -6.726  -2.838 0.0000000000
43153  29.220  -7.556  -5.855 0.0000000000
43145  29.433  -7.693  -5.784 0.0000000000
43137  29.379  -7.381  -5.010 0.0000000000
43125  29.345  -7.489  -4.966 0.0000000000
43124  29.650  -7.201  -4.993 0.0000000000
43116  29.830  -7.422  -4.776 0.0000000000
43117  29.476  -7.802  -4.229 0.0000000000
44148  29.549  -7.177  -4.036 0.0000000000
43107  29.242  -7.569  -4.018 0.0000000000
43097  29.369  -7.539  -3.717 0.0000000000
43085  29.430  -7.510  -3.071 0.0000000000
43073  29.345  -7.348  -2.911 0.0000000000
43054  29.453  -7.363  -2.559 0.0000000000
44076  29.510  -6.990  -2.248 0.0000000000
45017  29.290  -7.009  -2.323 0.0000000000
42143  29.337  -7.994  -5.236 0.0000000000
42130  29.199  -7.961  -5.001 0.0000000000
42122  29.143  -7.977  -4.628 0.0000000000
42113  29.061  -7.960  -4.152 0.0000000000
43108  29.075  -7.909  -3.988 0.0000000000
43098  29.279  -7.994  -3.525 0.0000000000
43074  29.056  -7.713  -3.012 0.0000000000
43086  29.104  -7.855  -3.156 0.0000000000
42082  29.062  -7.997  -3.015 0.0000000000
43055  29.197  -7.704  -2.742 0.0000000000
42067  29.127  -8.014  -2.564 0.0000000000
43039  29.255  -7.678  -2.336 0.0000000000
43038  29.439  -7.314  -2.057 0.0000000000
42048  29.166  -8.008  -2.140 0.0000000000
43028  29.357  -7.613  -1.925 0.0000000000
41202  29.056  -8.084  -5.461 0.0000000000
41186  29.155  -8.090  -5.023 0.0000000000
42144  29.012  -7.938  -5.099 0.0000000000
41165  29.039  -8.046  -4.982 0.0000000000
42131  29.093  -8.016  -4.823 0.0000000000
41155  29.018  -8.073  -4.730 0.0000000000
42123  29.040  -8.026  -4.416 0.0000000000
41156  28.938  -8.033  -4.412 0.0000000000
42124  29.003  -8.081  -4.130 0.0000000000
42114  29.025  -8.073  -4.002 0.0000000000
42115  28.990  -8.056  -3.984 0.0000000000
42103  29.039  -8.000  -3.800 0.0000000000
42104  28.979  -8.035  -3.683 0.0000000000
42093  29.037  -7.987  -3.390 0.0000000000
42094  28.972  -7.986  -3.279 0.0000000000
42068  29.007  -8.029  -2.860 0.0000000000
42083  28.908  -7.973  -3.002 0.0000000000
41106  28.806  -8.015  -2.741 0.0000000000
41105  29.009  -8.143  -2.611 0.0000000000
41092  29.099  -8.239  -2.244 0.0000000000
42033  29.071  -8.086  -1.999 0.0000000000
40290  28.572  -8.438  -5.237 0.0000000000
41204  28.499  -8.276  -5.091 0.0000000000
41187  28.904  -8.205  -5.008 0.0000000000
41166  28.919  -8.174  -4.982 0.0000000000
41188  28.355  -8.420  -5.029 0.0000000000
41167  28.386  -8.378  -4.924 0.0000000000
41157  28.211  -8.291  -3.999 0.0000000000
41146  28.745  -8.028  -4.079 0.0000000000
41147  28.221  -8.232  -4.022 0.0000000000
41135  28.713  -8.018  -4.015 0.0000000000
41136  28.288  -8.182  -3.966 0.0000000000
41125  28.720  -8.074  -3.623 0.0000000000
41126  28.221  -8.501  -3.270 0.0000000000
41115  28.709  -8.277  -2.986 0.0000000000
41116  28.259  -8.450  -3.118 0.0000000000
40164  28.481  -8.470  -2.847 0.0000000000
40153  28.639  -8.694  -2.430 0.0000000000
41093  29.028  -8.407  -2.046 0.0000000000
41107  28.356  -8.337  -2.987 0.0000000000
40146  28.803  -8.724  -2.004 0.0000000000
41078  28.897  -8.262  -2.018 0.0000000000
41077  28.982  -8.076  -1.960 0.0000000000
40145  28.913  -8.376  -1.929 0.0000000000
40271  28.052  -8.495  -5.023 0.0000000000
40244  27.928  -8.397  -4.881 0.0000000000
41168  28.003  -8.392  -4.718 0.0000000000
41189  28.016  -8.420  -5.014 0.0000000000
40223  27.840  -8.319  -4.130 0.0000000000
41159  27.992  -8.220  -4.180 0.0000000000
41169  28.008  -8.219  -4.437 0.0000000000
40207  27.511  -8.549  -4.026 0.0000000000
41149  27.848  -8.296  -3.978 0.0000000000
39329  27.032  -9.004  -3.964 0.0000000000
40194  27.106  -8.912  -3.945 0.0000000000
40193  27.529  -8.677  -3.797 0.0000000000
39313  27.063  -8.992  -3.814 0.0000000000
39312  27.320  -8.971  -3.545 0.0000000000
40184  27.734  -8.878  -3.085 0.0000000000
40183  27.887  -8.512  -3.407 0.0000000000
40192  27.863  -8.221  -3.969 0.0000000000
41138  27.876  -8.271  -3.969 0.0000000000
41137  28.002  -8.285  -3.697 0.0000000000
39303  27.649  -8.996  -3.140 0.0000000000
40176  27.785  -8.922  -2.996 0.0000000000
40175  27.895  -8.796  -2.964 0.0000000000
41127  28.005  -8.462  -3.156 0.0000000000
39296  27.930  -8.997  -2.976 0.0000000000
39295  27.948  -9.067  -2.840 0.0000000000
40166  28.046  -8.968  -2.908 0.0000000000
40165  28.062  -8.776  -2.859 0.0000000000
40174  28.012  -8.647  -2.930 0.0000000000
41117  27.996  -8.549  -2.989 0.0000000000
39289  28.094  -9.007  -2.808 0.0000000000
39288  28.338  -8.978  -2.564 0.0000000000
40154  28.400  -8.936  -2.486 0.0000000000
39278  28.580  -9.014  -2.213 0.0000000000
39277  28.685  -9.016  -2.009 0.0000000000
39270  28.719  -9.002  -2.022 0.0000000000
40136  28.844  -8.864  -2.022 0.0000000000
40135  29.133  -8.611  -1.906 0.0000000000
39262  28.879  -8.996  -1.923 0.0000000000
39417  27.696  -9.005  -6.006 0.0000000000
39425  28.081  -8.963  -6.529 0.0000000000
39426  27.733  -8.977  -6.287 0.0000000000
39409  26.912  -8.931  -5.844 0.0000000000
39418  27.163  -8.993  -6.090 0.0000000000
39419  26.934  -8.984  -6.012 0.0000000000
39398  26.743  -8.961  -5.462 0.0000000000
39410  26.989  -8.975  -5.844 0.0000000000
39386  26.775  -8.916  -5.033 0.0000000000
39350  26.734  -8.949  -4.467 0.0000000000
39369  26.681  -8.894  -4.952 0.0000000000
38500  26.391  -9.334  -4.501 0.0000000000
38478  26.820  -9.072  -4.014 0.0000000000
39331  26.921  -9.002  -4.153 0.0000000000
38477  26.935  -8.931  -4.027 0.0000000000
38452  26.907  -9.227  -3.853 0.0000000000
39314  26.966  -8.993  -3.926 0.0000000000
38451  26.977  -8.989  -3.848 0.0000000000
38434  27.005  -9.215  -3.648 0.0000000000
39304  27.237  -8.998  -3.448 0.0000000000
38433  27.444  -9.200  -3.112 0.0000000000
38426  27.813  -9.195  -2.969 0.0000000000
38425  27.988  -9.394  -3.014 0.0000000000
38417  28.117  -9.282  -2.900 0.0000000000
38416  28.098  -9.239  -2.853 0.0000000000
38407  28.369  -9.279  -2.411 0.0000000000
38406  28.757  -9.230  -2.012 0.0000000000
38399  28.798  -9.129  -2.030 0.0000000000
37671  26.485  -9.629  -4.021 0.0000000000
37672  26.144  -9.959  -4.281 0.0000000000
38501  26.044  -9.817  -4.580 0.0000000000
38517  26.112  -9.592  -4.914 0.0000000000
38516  26.425  -9.188  -4.957 0.0000000000
37651  26.533  -9.809  -3.967 0.0000000000
38453  26.513  -9.269  -3.957 0.0000000000
37628  26.664  -9.601  -3.736 0.0000000000
37627  27.005  -9.711  -3.676 0.0000000000
38435  27.024  -9.355  -3.669 0.0000000000
37607  26.982  -9.875  -3.508 0.0000000000
37606  27.020  -9.940  -3.328 0.0000000000
37605  27.670  -9.806  -3.045 0.0000000000
37598  27.971  -9.723  -3.106 0.0000000000
37597  28.013  -9.773  -2.990 0.0000000000
37588  28.039  -9.722  -2.992 0.0000000000
37587  27.986  -9.800  -2.928 0.0000000000
37579  28.504  -9.820  -2.658 0.0000000000
37578  28.599  -9.857  -2.110 0.0000000000
37572  28.720  -9.726  -2.025 0.0000000000
37652  26.253  -9.997  -3.969 0.0000000000
36855  26.264  -10.019  -4.150 0.0000000000
36854  26.469  -10.005  -3.952 0.0000000000
36834  26.671  -9.969  -3.708 0.0000000000
36833  27.002  -9.994  -3.551 0.0000000000
36808  27.100  -10.004  -3.505 0.0000000000
36807  27.430  -10.001  -3.267 0.0000000000
36806  27.773  -9.993  -3.009 0.0000000000
36792  27.912  -10.000  -2.919 0.0000000000
36791  28.020  -10.060  -2.916 0.0000000000
36782  28.015  -10.033  -2.833 0.0000000000
36781  28.136  -10.001  -2.745 0.0000000000
36773  28.425  -10.000  -2.375 0.0000000000
36072  26.551  -10.306  -3.958 0.0000000000
36054  26.620  -10.123  -3.842 0.0000000000
36053  26.867  -10.269  -3.783 0.0000000000
36052  27.167  -10.115  -3.508 0.0000000000
36832  27.088  -9.988  -3.514 0.0000000000
36026  27.294  -10.007  -3.384 0.0000000000
36025  27.677  -10.144  -3.078 0.0000000000
36009  27.969  -10.110  -2.978 0.0000000000
36008  28.084  -10.192  -2.972 0.0000000000
35995  28.108  -10.027  -2.977 0.0000000000
35994  28.329  -10.259  -2.810 0.0000000000
35264  26.994  -10.768  -3.703 0.0000000000
35263  27.083  -10.640  -3.828 0.0000000000
36071  26.984  -10.408  -4.030 0.0000000000
35262  27.532  -10.839  -3.827 0.0000000000
36051  27.450  -10.216  -3.290 0.0000000000
35235  27.781  -10.570  -3.039 0.0000000000
35234  28.014  -10.662  -3.388 0.0000000000
36024  28.020  -10.372  -3.011 0.0000000000
35216  28.134  -10.531  -3.127 0.0000000000
37683  25.989  -9.916  -4.736 0.0000000000
38531  26.197  -9.431  -5.022 0.0000000000
38530  26.576  -9.119  -5.000 0.0000000000
37694  26.014  -9.681  -4.960 0.0000000000
38540  26.525  -9.119  -5.273 0.0000000000
37700  26.008  -9.671  -5.187 0.0000000000
38541  26.243  -9.385  -5.493 0.0000000000
38548  26.735  -9.079  -5.888 0.0000000000
37706  25.984  -9.722  -5.813 0.0000000000
38549  26.246  -9.470  -5.905 0.0000000000
38547  27.017  -9.051  -5.993 0.0000000000
38556  26.988  -9.059  -6.000 0.0000000000
38557  26.663  -9.303  -6.038 0.0000000000
38555  27.048  -9.041  -6.028 0.0000000000
38565  27.259  -9.108  -6.262 0.0000000000
38566  27.020  -9.279  -6.274 0.0000000000
39427  27.295  -8.980  -6.086 0.0000000000
38564  27.900  -9.023  -6.534 0.0000000000
41148  28.017  -8.264  -3.994 0.0000000000
41158  28.014  -8.297  -4.159 0.0000000000
