#!ascii label  , from subject  vox2ras=TkReg
494
34677  24.966  -11.051  -11.172 0.0000000000
33856  24.999  -11.428  -11.012 0.0000000000
33848  25.010  -11.137  -10.970 0.0000000000
34669  25.026  -10.994  -10.907 0.0000000000
33863  24.978  -11.386  -11.519 0.0000000000
34684  24.959  -11.019  -11.401 0.0000000000
34678  24.917  -10.984  -11.026 0.0000000000
34685  24.792  -10.979  -11.577 0.0000000000
34670  24.904  -11.008  -11.013 0.0000000000
35485  24.773  -10.535  -11.017 0.0000000000
35492  24.762  -10.769  -11.488 0.0000000000
33864  24.913  -11.254  -11.796 0.0000000000
33868  24.768  -11.454  -12.001 0.0000000000
34688  24.649  -10.984  -11.999 0.0000000000
35495  24.885  -10.739  -12.011 0.0000000000
33870  24.713  -11.315  -12.070 0.0000000000
34690  24.794  -10.994  -12.126 0.0000000000
35497  24.673  -10.800  -12.219 0.0000000000
33871  24.468  -11.349  -12.224 0.0000000000
34691  24.463  -10.986  -12.320 0.0000000000
35498  24.421  -10.958  -12.237 0.0000000000
33875  24.161  -11.086  -12.571 0.0000000000
34694  24.102  -11.042  -12.389 0.0000000000
33876  23.995  -11.370  -12.463 0.0000000000
34695  23.981  -10.983  -12.455 0.0000000000
35502  24.102  -10.935  -12.464 0.0000000000
33877  23.841  -11.067  -12.604 0.0000000000
34696  23.878  -11.008  -12.292 0.0000000000
35503  23.998  -10.861  -12.493 0.0000000000
34692  23.503  -10.987  -12.211 0.0000000000
35499  23.591  -10.739  -12.151 0.0000000000
35504  23.800  -10.653  -12.394 0.0000000000
35478  24.873  -10.767  -10.948 0.0000000000
36267  24.851  -10.177  -10.995 0.0000000000
36276  24.762  -10.099  -11.214 0.0000000000
36282  24.667  -10.364  -11.990 0.0000000000
36284  24.995  -10.272  -12.033 0.0000000000
35501  24.474  -10.560  -12.538 0.0000000000
36287  24.778  -10.058  -12.359 0.0000000000
34693  23.445  -10.985  -12.039 0.0000000000
35500  23.459  -10.642  -12.020 0.0000000000
36286  23.285  -10.319  -12.019 0.0000000000
36285  23.677  -10.243  -12.221 0.0000000000
36288  24.121  -10.313  -12.531 0.0000000000
36289  24.057  -10.321  -12.553 0.0000000000
36290  23.991  -10.337  -12.668 0.0000000000
36259  24.813  -10.121  -10.838 0.0000000000
37056  24.873  -9.972  -10.986 0.0000000000
37064  24.874  -9.949  -11.287 0.0000000000
37073  24.915  -9.988  -11.857 0.0000000000
37079  24.997  -10.023  -12.080 0.0000000000
37083  24.973  -10.005  -12.379 0.0000000000
37081  23.457  -9.989  -12.065 0.0000000000
37080  23.660  -9.976  -12.168 0.0000000000
37086  23.978  -10.014  -12.426 0.0000000000
36283  23.449  -10.281  -11.954 0.0000000000
37084  24.360  -10.020  -12.603 0.0000000000
37085  23.986  -9.947  -12.544 0.0000000000
37048  24.641  -9.994  -10.608 0.0000000000
37851  24.745  -9.665  -11.005 0.0000000000
37861  24.908  -9.563  -11.037 0.0000000000
37868  24.937  -9.709  -11.047 0.0000000000
37063  25.002  -9.995  -11.350 0.0000000000
37072  25.040  -9.984  -11.599 0.0000000000
37867  25.083  -9.866  -11.154 0.0000000000
37876  25.190  -9.996  -11.775 0.0000000000
37078  25.048  -9.988  -11.980 0.0000000000
37883  25.145  -9.807  -12.012 0.0000000000
37082  25.000  -9.954  -12.126 0.0000000000
37886  25.050  -9.830  -12.062 0.0000000000
37885  23.455  -9.730  -12.022 0.0000000000
37884  23.486  -9.836  -12.199 0.0000000000
37889  23.802  -9.663  -12.411 0.0000000000
37074  23.397  -9.992  -11.984 0.0000000000
37887  25.031  -9.905  -12.345 0.0000000000
37088  24.318  -9.986  -12.747 0.0000000000
37087  24.832  -9.904  -12.762 0.0000000000
37891  24.979  -9.536  -12.784 0.0000000000
37089  24.001  -9.988  -12.620 0.0000000000
37888  24.002  -9.665  -12.656 0.0000000000
37893  24.004  -9.578  -12.784 0.0000000000
37892  24.411  -9.456  -12.876 0.0000000000
37049  24.524  -10.009  -10.734 0.0000000000
37852  24.494  -9.274  -10.910 0.0000000000
38694  24.773  -9.114  -10.984 0.0000000000
37838  24.356  -9.513  -10.196 0.0000000000
38680  24.419  -9.118  -10.188 0.0000000000
38695  24.506  -9.012  -10.816 0.0000000000
38708  24.929  -9.150  -11.044 0.0000000000
37860  24.992  -9.454  -10.998 0.0000000000
38707  25.007  -9.245  -11.046 0.0000000000
38715  25.136  -9.431  -11.496 0.0000000000
38723  25.485  -9.497  -12.000 0.0000000000
38731  25.251  -9.410  -12.005 0.0000000000
38732  23.639  -9.306  -12.126 0.0000000000
38739  25.223  -9.347  -12.418 0.0000000000
37890  25.062  -9.592  -12.627 0.0000000000
38740  24.002  -9.263  -12.631 0.0000000000
38741  23.861  -9.260  -12.443 0.0000000000
38743  25.068  -9.196  -12.995 0.0000000000
38744  24.841  -9.116  -12.851 0.0000000000
38745  24.274  -9.161  -12.819 0.0000000000
38746  24.005  -9.102  -12.840 0.0000000000
37826  24.627  -9.621  -9.993 0.0000000000
38669  24.432  -9.119  -10.005 0.0000000000
39532  24.438  -9.003  -10.084 0.0000000000
39545  24.585  -9.018  -10.681 0.0000000000
39544  24.846  -9.016  -11.001 0.0000000000
39559  24.920  -9.008  -11.058 0.0000000000
39558  25.000  -9.004  -11.027 0.0000000000
39568  25.139  -9.009  -11.216 0.0000000000
39578  25.246  -9.048  -11.716 0.0000000000
38722  25.478  -9.015  -11.985 0.0000000000
38730  25.620  -9.002  -12.207 0.0000000000
38738  25.485  -9.010  -12.764 0.0000000000
39602  24.100  -9.007  -12.713 0.0000000000
40449  24.876  -8.748  -11.005 0.0000000000
40439  24.436  -8.846  -10.142 0.0000000000
40450  24.705  -8.976  -10.805 0.0000000000
40466  25.018  -8.755  -11.064 0.0000000000
40467  24.958  -8.633  -11.079 0.0000000000
40438  25.014  -8.616  -10.457 0.0000000000
41363  24.991  -8.140  -10.809 0.0000000000
41376  24.927  -8.369  -10.998 0.0000000000
37037  24.642  -10.021  -10.142 0.0000000000
37024  24.688  -9.976  -10.006 0.0000000000
37825  24.731  -9.906  -9.976 0.0000000000
37813  24.692  -9.760  -9.871 0.0000000000
37814  24.503  -9.583  -9.985 0.0000000000
37023  24.885  -10.036  -9.930 0.0000000000
38659  24.344  -9.145  -9.831 0.0000000000
37011  24.897  -9.962  -9.918 0.0000000000
37812  24.996  -9.977  -9.747 0.0000000000
37796  24.925  -9.484  -9.570 0.0000000000
37797  24.676  -9.499  -9.459 0.0000000000
38658  24.630  -9.166  -9.528 0.0000000000
37010  24.985  -10.077  -9.864 0.0000000000
37811  25.396  -10.007  -9.681 0.0000000000
37795  25.206  -9.625  -9.471 0.0000000000
37009  25.303  -10.021  -9.484 0.0000000000
37810  25.775  -10.003  -9.716 0.0000000000
37794  25.824  -9.769  -9.445 0.0000000000
37008  25.965  -10.024  -9.521 0.0000000000
36250  24.851  -10.274  -10.163 0.0000000000
37036  24.686  -10.004  -10.033 0.0000000000
36237  24.887  -10.108  -10.009 0.0000000000
36236  24.962  -10.173  -9.979 0.0000000000
37022  24.981  -10.131  -9.983 0.0000000000
36221  25.055  -10.262  -9.729 0.0000000000
36220  25.613  -10.317  -9.777 0.0000000000
36219  25.991  -10.246  -9.795 0.0000000000
37007  26.083  -9.993  -9.595 0.0000000000
36993  26.013  -9.967  -9.442 0.0000000000
36218  26.021  -10.167  -9.879 0.0000000000
37006  26.164  -9.992  -9.622 0.0000000000
36992  26.111  -9.980  -9.465 0.0000000000
36217  26.580  -10.274  -9.579 0.0000000000
36991  26.497  -9.993  -9.388 0.0000000000
37793  26.012  -9.804  -9.390 0.0000000000
35469  24.790  -10.543  -10.593 0.0000000000
35468  25.002  -10.665  -10.434 0.0000000000
36249  24.971  -10.323  -10.100 0.0000000000
35455  25.012  -10.305  -10.084 0.0000000000
35454  25.408  -10.570  -9.986 0.0000000000
36235  25.298  -10.848  -9.978 0.0000000000
35453  25.954  -10.912  -10.107 0.0000000000
36234  25.972  -10.736  -10.009 0.0000000000
35452  26.088  -10.842  -10.007 0.0000000000
36233  25.998  -10.495  -9.917 0.0000000000
35437  26.071  -10.664  -10.009 0.0000000000
35436  26.345  -10.885  -9.941 0.0000000000
35435  26.815  -10.842  -9.318 0.0000000000
36216  26.987  -10.445  -9.191 0.0000000000
36202  26.988  -9.987  -9.287 0.0000000000
35420  27.046  -10.914  -9.077 0.0000000000
36201  26.900  -10.358  -9.111 0.0000000000
35477  24.870  -10.981  -10.872 0.0000000000
34659  24.984  -10.971  -10.777 0.0000000000
34658  25.230  -10.991  -10.508 0.0000000000
35467  25.589  -10.786  -10.263 0.0000000000
34657  25.881  -11.015  -10.263 0.0000000000
35466  25.949  -10.970  -10.126 0.0000000000
34647  25.986  -11.019  -10.122 0.0000000000
34646  26.024  -10.979  -10.075 0.0000000000
34645  26.268  -10.948  -10.002 0.0000000000
35451  26.280  -10.985  -9.981 0.0000000000
34633  26.584  -10.994  -9.796 0.0000000000
34632  26.616  -10.911  -9.592 0.0000000000
34619  26.859  -10.983  -9.293 0.0000000000
34610  26.945  -11.001  -8.990 0.0000000000
35411  26.969  -10.767  -8.997 0.0000000000
33874  23.489  -11.350  -12.072 0.0000000000
33873  23.821  -11.424  -12.185 0.0000000000
33847  25.117  -11.388  -10.886 0.0000000000
34668  25.038  -11.037  -10.740 0.0000000000
33837  25.107  -11.033  -10.694 0.0000000000
33836  25.504  -11.065  -10.441 0.0000000000
33835  26.009  -11.164  -10.577 0.0000000000
34656  26.001  -11.033  -10.204 0.0000000000
33826  26.017  -11.000  -10.190 0.0000000000
33825  26.336  -11.152  -10.047 0.0000000000
33814  26.541  -11.272  -9.990 0.0000000000
33801  26.602  -11.348  -9.408 0.0000000000
34620  26.679  -11.021  -9.518 0.0000000000
33800  26.857  -11.099  -9.197 0.0000000000
33790  26.868  -11.129  -9.064 0.0000000000
33784  26.919  -11.174  -8.990 0.0000000000
34605  26.865  -10.991  -8.938 0.0000000000
34606  26.898  -11.033  -8.626 0.0000000000
34599  26.855  -10.947  -8.427 0.0000000000
35406  26.931  -10.841  -8.678 0.0000000000
33872  23.925  -11.797  -12.253 0.0000000000
33141  24.004  -11.987  -12.139 0.0000000000
33145  24.000  -11.689  -12.196 0.0000000000
33144  24.117  -11.632  -12.434 0.0000000000
33142  23.844  -11.964  -12.093 0.0000000000
33143  23.674  -11.636  -12.110 0.0000000000
33140  24.350  -11.969  -12.134 0.0000000000
33139  24.727  -11.978  -12.012 0.0000000000
33136  24.864  -11.971  -11.982 0.0000000000
33867  24.938  -11.680  -11.996 0.0000000000
33135  24.972  -11.987  -11.814 0.0000000000
33133  24.975  -11.799  -11.567 0.0000000000
33127  25.213  -11.839  -11.103 0.0000000000
33855  25.118  -11.612  -10.991 0.0000000000
33126  25.521  -12.006  -10.973 0.0000000000
33118  25.669  -11.855  -10.963 0.0000000000
33846  25.800  -11.707  -10.818 0.0000000000
33117  25.903  -11.992  -10.826 0.0000000000
33845  25.999  -11.743  -10.730 0.0000000000
33116  26.004  -11.985  -10.873 0.0000000000
33108  26.095  -11.955  -10.662 0.0000000000
33834  26.314  -11.270  -10.372 0.0000000000
33107  26.417  -11.920  -10.168 0.0000000000
33099  26.519  -11.852  -10.015 0.0000000000
33089  26.557  -11.887  -9.677 0.0000000000
33077  26.517  -11.927  -9.126 0.0000000000
33791  26.670  -11.511  -9.014 0.0000000000
33067  26.350  -11.966  -8.999 0.0000000000
33785  26.556  -11.635  -8.800 0.0000000000
33059  26.274  -11.939  -8.882 0.0000000000
33060  26.040  -11.978  -8.615 0.0000000000
33786  26.241  -11.665  -8.416 0.0000000000
33775  26.357  -11.211  -8.233 0.0000000000
33776  26.005  -11.532  -8.121 0.0000000000
34601  26.188  -11.173  -7.987 0.0000000000
34600  26.496  -11.015  -8.191 0.0000000000
32463  24.080  -12.117  -12.113 0.0000000000
32464  23.875  -12.134  -12.103 0.0000000000
32462  24.415  -12.149  -12.101 0.0000000000
32461  24.798  -12.094  -11.996 0.0000000000
32458  25.005  -12.011  -11.820 0.0000000000
32457  25.014  -12.039  -11.686 0.0000000000
32455  25.122  -11.978  -11.674 0.0000000000
33132  25.361  -11.928  -11.303 0.0000000000
32454  25.644  -12.021  -11.145 0.0000000000
32450  25.708  -11.930  -11.031 0.0000000000
33125  25.796  -12.017  -10.983 0.0000000000
32449  25.887  -12.087  -10.972 0.0000000000
32441  25.989  -12.025  -10.877 0.0000000000
32440  26.106  -11.992  -10.895 0.0000000000
32431  26.375  -12.009  -10.457 0.0000000000
32430  26.577  -11.982  -10.013 0.0000000000
32422  26.501  -11.992  -9.985 0.0000000000
32411  26.580  -11.982  -9.838 0.0000000000
32398  26.521  -12.036  -9.283 0.0000000000
32387  26.292  -12.037  -8.997 0.0000000000
33068  26.144  -12.025  -8.840 0.0000000000
32377  25.999  -12.049  -8.719 0.0000000000
33061  25.931  -11.985  -8.586 0.0000000000
33050  25.985  -11.731  -8.394 0.0000000000
33049  26.000  -11.727  -8.319 0.0000000000
33777  25.860  -11.295  -8.002 0.0000000000
33051  25.595  -11.693  -8.327 0.0000000000
31802  24.101  -12.521  -11.938 0.0000000000
31803  23.981  -12.302  -12.116 0.0000000000
31801  24.592  -12.483  -12.117 0.0000000000
31800  24.886  -12.422  -11.840 0.0000000000
31796  24.976  -12.463  -11.819 0.0000000000
31795  25.019  -12.433  -11.756 0.0000000000
31791  25.497  -12.208  -11.340 0.0000000000
31790  25.928  -12.475  -11.125 0.0000000000
32453  25.865  -12.060  -11.034 0.0000000000
31789  26.031  -12.458  -11.041 0.0000000000
31786  26.072  -12.473  -11.020 0.0000000000
32448  26.112  -12.179  -10.990 0.0000000000
31785  26.143  -12.647  -10.930 0.0000000000
31778  26.298  -12.469  -10.654 0.0000000000
31777  26.288  -12.003  -10.834 0.0000000000
32439  26.373  -12.021  -10.461 0.0000000000
31768  26.597  -12.109  -10.162 0.0000000000
31759  26.445  -12.236  -9.990 0.0000000000
31749  26.490  -12.281  -9.919 0.0000000000
32412  26.267  -12.235  -9.535 0.0000000000
32399  26.186  -12.203  -9.018 0.0000000000
32388  26.101  -12.132  -8.900 0.0000000000
32389  25.965  -12.146  -8.812 0.0000000000
32378  25.740  -12.008  -8.766 0.0000000000
31061  24.479  -12.848  -12.140 0.0000000000
31060  24.881  -12.933  -11.963 0.0000000000
31057  24.973  -12.836  -11.767 0.0000000000
31056  24.999  -12.854  -11.776 0.0000000000
31055  25.233  -12.913  -11.660 0.0000000000
31794  25.345  -12.753  -11.688 0.0000000000
31052  25.713  -12.987  -11.397 0.0000000000
31051  25.978  -12.886  -11.099 0.0000000000
31049  26.038  -12.773  -11.042 0.0000000000
31048  26.111  -12.838  -10.993 0.0000000000
31041  26.012  -12.996  -10.734 0.0000000000
31033  26.123  -12.968  -10.235 0.0000000000
31769  26.373  -12.701  -10.015 0.0000000000
31760  26.292  -12.620  -10.008 0.0000000000
31025  26.103  -12.983  -10.011 0.0000000000
31750  26.198  -12.628  -9.796 0.0000000000
31016  26.074  -12.927  -9.815 0.0000000000
31734  26.044  -12.666  -9.266 0.0000000000
30998  26.006  -12.840  -9.437 0.0000000000
30999  25.923  -12.845  -9.446 0.0000000000
31735  25.867  -12.447  -9.092 0.0000000000
31720  26.016  -12.370  -9.005 0.0000000000
31721  25.892  -12.308  -8.992 0.0000000000
30201  24.409  -13.073  -12.127 0.0000000000
30200  24.883  -13.053  -11.927 0.0000000000
31062  24.102  -13.004  -11.940 0.0000000000
30197  24.993  -13.006  -11.916 0.0000000000
30196  25.044  -13.034  -11.796 0.0000000000
30195  25.195  -12.941  -11.731 0.0000000000
30191  25.469  -13.075  -11.524 0.0000000000
30190  25.895  -13.020  -11.147 0.0000000000
30187  26.003  -12.998  -11.028 0.0000000000
30186  26.073  -12.942  -11.033 0.0000000000
30178  26.170  -13.018  -10.815 0.0000000000
30170  26.177  -13.044  -10.278 0.0000000000
30160  26.157  -13.048  -9.946 0.0000000000
30148  26.145  -13.053  -9.871 0.0000000000
31017  26.096  -13.006  -9.732 0.0000000000
30128  25.720  -12.998  -9.404 0.0000000000
31000  25.451  -12.714  -9.126 0.0000000000
30149  25.957  -13.003  -9.830 0.0000000000
29338  24.871  -13.157  -11.987 0.0000000000
29333  25.012  -13.453  -11.767 0.0000000000
29332  25.083  -13.510  -11.620 0.0000000000
29329  25.066  -13.574  -11.504 0.0000000000
30192  25.380  -13.018  -11.678 0.0000000000
29328  25.654  -13.524  -11.383 0.0000000000
29327  25.771  -13.133  -11.090 0.0000000000
29323  25.914  -13.245  -10.992 0.0000000000
30179  26.041  -13.172  -10.673 0.0000000000
29316  25.770  -13.380  -10.632 0.0000000000
30171  26.018  -13.181  -10.281 0.0000000000
29308  25.888  -13.237  -10.096 0.0000000000
30161  26.004  -13.158  -9.999 0.0000000000
29297  25.815  -13.302  -10.012 0.0000000000
30162  25.860  -13.573  -9.981 0.0000000000
30150  25.568  -13.196  -9.674 0.0000000000
29283  25.262  -13.476  -9.745 0.0000000000
30151  25.161  -13.305  -9.554 0.0000000000
29298  25.358  -13.631  -9.983 0.0000000000
30129  25.495  -12.995  -9.330 0.0000000000
30130  25.126  -12.998  -9.336 0.0000000000
31001  25.068  -12.875  -9.224 0.0000000000
30131  24.979  -13.023  -9.305 0.0000000000
31002  24.932  -12.888  -9.232 0.0000000000
29339  24.440  -13.519  -12.080 0.0000000000
28500  25.026  -13.951  -11.503 0.0000000000
28499  25.023  -13.815  -11.565 0.0000000000
29334  25.035  -13.734  -11.777 0.0000000000
28495  25.079  -13.958  -11.294 0.0000000000
28494  25.124  -13.947  -11.260 0.0000000000
28490  25.254  -13.993  -10.995 0.0000000000
29324  25.543  -13.651  -11.009 0.0000000000
29317  25.555  -13.646  -10.982 0.0000000000
28482  25.225  -13.976  -10.865 0.0000000000
29309  25.659  -13.787  -10.400 0.0000000000
28472  25.128  -13.898  -10.208 0.0000000000
28462  25.005  -13.855  -9.984 0.0000000000
29299  25.035  -13.752  -9.976 0.0000000000
29284  25.030  -13.697  -9.754 0.0000000000
29285  24.983  -13.482  -9.824 0.0000000000
30152  25.047  -13.327  -9.673 0.0000000000
27701  24.881  -14.056  -11.522 0.0000000000
27698  24.987  -14.196  -11.287 0.0000000000
28496  25.070  -14.040  -11.353 0.0000000000
28501  24.590  -14.001  -11.790 0.0000000000
27697  25.047  -14.071  -11.216 0.0000000000
27693  25.095  -14.130  -11.139 0.0000000000
28491  25.131  -14.083  -11.020 0.0000000000
27684  25.088  -14.140  -10.895 0.0000000000
28483  25.147  -14.047  -10.798 0.0000000000
27674  25.094  -14.101  -10.553 0.0000000000
28473  25.111  -13.964  -10.362 0.0000000000
28474  24.903  -13.968  -10.268 0.0000000000
28463  24.981  -13.823  -10.079 0.0000000000
28464  24.821  -13.842  -10.042 0.0000000000
27664  24.706  -13.997  -10.066 0.0000000000
28465  24.632  -13.973  -9.985 0.0000000000
28451  24.412  -13.998  -9.812 0.0000000000
28450  24.787  -13.830  -9.963 0.0000000000
29300  24.997  -13.665  -9.996 0.0000000000
27654  24.222  -14.049  -9.745 0.0000000000
28452  24.044  -13.888  -9.612 0.0000000000
27665  24.427  -14.154  -9.862 0.0000000000
29286  24.558  -13.820  -9.753 0.0000000000
29287  24.163  -13.903  -9.637 0.0000000000
26920  24.793  -14.672  -11.297 0.0000000000
26916  24.893  -14.543  -11.006 0.0000000000
27694  24.987  -14.246  -11.048 0.0000000000
26908  24.831  -14.561  -10.965 0.0000000000
27685  24.998  -14.183  -10.764 0.0000000000
26900  24.971  -14.557  -10.489 0.0000000000
27675  24.936  -14.010  -10.305 0.0000000000
27676  24.497  -14.188  -10.006 0.0000000000
26891  24.227  -14.655  -9.994 0.0000000000
27666  24.111  -14.396  -9.891 0.0000000000
27655  24.088  -14.066  -9.665 0.0000000000
26226  24.686  -14.879  -10.961 0.0000000000
26231  24.753  -14.915  -11.042 0.0000000000
26217  24.665  -14.960  -10.846 0.0000000000
26208  24.567  -14.990  -10.509 0.0000000000
26209  24.294  -14.970  -10.262 0.0000000000
26901  24.329  -14.777  -9.979 0.0000000000
26218  24.554  -14.999  -10.881 0.0000000000
26227  24.598  -14.982  -11.026 0.0000000000
28453  23.999  -14.002  -9.641 0.0000000000
28435  23.746  -13.912  -9.343 0.0000000000
28434  23.983  -13.922  -9.299 0.0000000000
29269  24.016  -13.547  -9.339 0.0000000000
29270  23.850  -13.528  -9.291 0.0000000000
29268  24.597  -13.356  -9.164 0.0000000000
30133  24.128  -13.136  -9.049 0.0000000000
30134  23.990  -13.148  -9.126 0.0000000000
29255  23.746  -13.669  -9.017 0.0000000000
30117  23.824  -13.044  -9.013 0.0000000000
29267  24.896  -13.049  -9.357 0.0000000000
30118  23.325  -13.213  -9.000 0.0000000000
30111  23.419  -13.158  -8.630 0.0000000000
30110  23.836  -13.014  -8.858 0.0000000000
30981  23.919  -12.941  -8.969 0.0000000000
30990  24.004  -13.014  -8.974 0.0000000000
30116  24.118  -13.032  -9.004 0.0000000000
29256  23.258  -13.574  -8.865 0.0000000000
30132  24.532  -12.979  -9.235 0.0000000000
31003  24.773  -12.909  -9.232 0.0000000000
30115  24.371  -12.968  -9.033 0.0000000000
30988  24.638  -12.824  -9.120 0.0000000000
30982  23.430  -12.902  -8.539 0.0000000000
30980  23.995  -12.906  -8.924 0.0000000000
30989  24.120  -12.928  -8.958 0.0000000000
31716  23.986  -12.647  -8.748 0.0000000000
31717  23.973  -12.756  -8.712 0.0000000000
30987  24.946  -12.789  -9.077 0.0000000000
31724  24.976  -12.663  -8.982 0.0000000000
31725  24.516  -12.719  -9.003 0.0000000000
31726  24.018  -12.773  -8.977 0.0000000000
30986  25.012  -12.872  -8.997 0.0000000000
30985  25.336  -12.711  -8.982 0.0000000000
31722  25.360  -12.545  -8.940 0.0000000000
31736  25.617  -12.514  -9.018 0.0000000000
31715  24.231  -12.228  -8.743 0.0000000000
32383  24.031  -12.074  -8.412 0.0000000000
32384  23.987  -12.207  -8.401 0.0000000000
31718  23.306  -12.654  -8.351 0.0000000000
31708  23.721  -12.171  -8.265 0.0000000000
31709  23.186  -12.435  -8.081 0.0000000000
32390  25.567  -12.246  -8.866 0.0000000000
31723  24.992  -12.699  -8.867 0.0000000000
31712  25.104  -12.513  -8.862 0.0000000000
31713  24.985  -12.449  -8.795 0.0000000000
31714  24.994  -12.372  -8.830 0.0000000000
32379  25.227  -12.007  -8.582 0.0000000000
33062  25.314  -11.973  -8.558 0.0000000000
32380  25.039  -12.034  -8.515 0.0000000000
33063  25.138  -11.952  -8.504 0.0000000000
32381  24.886  -11.989  -8.617 0.0000000000
33064  24.988  -11.973  -8.500 0.0000000000
32382  24.260  -12.013  -8.319 0.0000000000
32370  24.618  -11.992  -8.111 0.0000000000
32371  24.127  -12.008  -8.238 0.0000000000
32372  23.957  -11.971  -8.287 0.0000000000
32373  23.692  -12.019  -8.097 0.0000000000
33778  25.245  -11.387  -7.988 0.0000000000
33052  25.023  -11.699  -8.330 0.0000000000
33779  25.020  -11.465  -8.054 0.0000000000
33053  24.783  -11.729  -8.178 0.0000000000
33765  26.001  -11.275  -7.922 0.0000000000
33766  25.886  -11.224  -7.976 0.0000000000
33767  25.168  -11.089  -8.022 0.0000000000
32374  23.504  -12.119  -8.026 0.0000000000
32365  23.641  -12.020  -8.013 0.0000000000
33056  23.790  -11.926  -8.148 0.0000000000
33055  23.978  -11.870  -8.199 0.0000000000
33054  24.334  -11.861  -8.167 0.0000000000
28421  23.405  -13.999  -9.062 0.0000000000
28422  23.296  -14.012  -9.006 0.0000000000
