#!ascii label  , from subject  vox2ras=TkReg
493
89427  20.955  9.818  -17.511 0.0000000000
89426  21.080  9.710  -17.413 0.0000000000
88679  20.995  9.284  -17.415 0.0000000000
88680  20.740  9.294  -17.401 0.0000000000
89428  20.364  9.700  -17.395 0.0000000000
90150  21.029  9.983  -17.404 0.0000000000
90151  20.849  9.986  -17.408 0.0000000000
88681  20.272  9.237  -17.305 0.0000000000
88666  20.035  9.467  -17.085 0.0000000000
89408  20.015  9.787  -17.209 0.0000000000
89429  20.049  9.973  -17.288 0.0000000000
90152  20.306  10.028  -17.390 0.0000000000
89409  19.906  9.705  -17.107 0.0000000000
90153  20.015  9.926  -17.285 0.0000000000
90149  21.218  9.975  -17.391 0.0000000000
90856  21.189  10.089  -17.401 0.0000000000
90857  21.002  10.101  -17.408 0.0000000000
90858  20.743  10.104  -17.384 0.0000000000
90859  20.105  10.154  -17.402 0.0000000000
90132  19.829  9.885  -17.198 0.0000000000
90154  19.850  9.988  -17.240 0.0000000000
90860  19.952  10.113  -17.397 0.0000000000
90133  19.643  9.924  -17.102 0.0000000000
90861  19.612  10.249  -17.350 0.0000000000
90855  21.745  10.003  -17.381 0.0000000000
90870  21.567  10.487  -17.622 0.0000000000
90871  21.027  10.483  -17.650 0.0000000000
90872  21.015  10.459  -17.707 0.0000000000
90873  20.591  10.499  -17.715 0.0000000000
90874  20.100  10.743  -17.669 0.0000000000
91574  20.015  10.458  -17.484 0.0000000000
91575  19.970  10.786  -17.448 0.0000000000
90840  19.510  9.998  -17.038 0.0000000000
91563  19.193  10.380  -17.095 0.0000000000
91576  19.461  10.809  -17.468 0.0000000000
90869  22.010  10.383  -17.621 0.0000000000
91588  21.968  10.777  -17.971 0.0000000000
91589  21.442  10.853  -18.003 0.0000000000
91590  20.991  10.837  -17.993 0.0000000000
91591  20.918  10.771  -17.988 0.0000000000
91592  20.405  10.969  -18.001 0.0000000000
91593  20.007  10.987  -17.802 0.0000000000
90841  19.289  10.123  -16.963 0.0000000000
91564  19.047  10.779  -16.992 0.0000000000
90837  19.226  10.200  -16.830 0.0000000000
91560  19.029  10.878  -16.386 0.0000000000
91561  18.862  10.852  -16.640 0.0000000000
91565  18.858  10.955  -16.947 0.0000000000
91577  19.131  10.995  -17.223 0.0000000000
92309  19.006  11.050  -17.065 0.0000000000
92307  18.899  11.004  -16.815 0.0000000000
92310  18.981  10.997  -17.007 0.0000000000
91594  19.874  11.006  -17.853 0.0000000000
91595  19.705  10.974  -17.731 0.0000000000
92312  19.191  11.140  -17.290 0.0000000000
92313  19.012  11.147  -17.031 0.0000000000
91587  22.106  10.839  -17.919 0.0000000000
91601  21.969  10.929  -17.972 0.0000000000
91602  21.857  10.950  -18.028 0.0000000000
91603  21.482  10.912  -18.078 0.0000000000
91604  21.123  10.897  -18.090 0.0000000000
91605  20.726  10.869  -18.085 0.0000000000
91606  20.230  10.977  -18.011 0.0000000000
91607  20.076  11.035  -17.921 0.0000000000
92322  19.954  11.016  -17.860 0.0000000000
92323  19.906  11.014  -17.861 0.0000000000
92324  19.710  11.038  -17.884 0.0000000000
92321  22.187  10.900  -17.925 0.0000000000
92333  22.010  10.927  -17.994 0.0000000000
92334  21.889  10.908  -18.120 0.0000000000
92335  21.468  11.004  -18.216 0.0000000000
92336  21.116  10.971  -18.167 0.0000000000
92337  20.967  10.971  -18.154 0.0000000000
92338  20.586  10.975  -18.108 0.0000000000
92339  20.112  11.096  -18.007 0.0000000000
92305  18.931  11.007  -16.316 0.0000000000
93049  18.809  11.419  -16.548 0.0000000000
93052  18.840  11.260  -16.947 0.0000000000
93056  18.902  11.330  -17.028 0.0000000000
93055  18.996  11.285  -17.130 0.0000000000
93060  18.988  11.554  -17.403 0.0000000000
93059  19.229  11.486  -17.773 0.0000000000
92320  22.511  11.003  -17.870 0.0000000000
92332  22.335  11.025  -18.005 0.0000000000
92340  19.927  11.104  -17.983 0.0000000000
93064  19.361  11.437  -18.006 0.0000000000
92341  19.549  11.338  -18.017 0.0000000000
92331  22.756  11.110  -17.985 0.0000000000
93071  22.529  11.248  -18.128 0.0000000000
93072  22.074  11.133  -18.119 0.0000000000
93073  21.996  11.128  -18.101 0.0000000000
93074  21.863  11.130  -18.094 0.0000000000
92346  21.150  11.093  -18.285 0.0000000000
93088  21.476  11.391  -18.652 0.0000000000
92347  21.037  11.141  -18.350 0.0000000000
92348  20.971  11.037  -18.299 0.0000000000
92349  20.396  11.003  -18.209 0.0000000000
92350  20.034  11.083  -18.063 0.0000000000
93076  19.968  11.400  -18.174 0.0000000000
93075  20.007  11.222  -18.116 0.0000000000
93077  19.467  11.482  -17.991 0.0000000000
93089  21.031  11.463  -18.470 0.0000000000
93090  20.988  11.475  -18.502 0.0000000000
93091  20.840  11.218  -18.617 0.0000000000
93092  20.178  11.569  -18.453 0.0000000000
93046  18.777  11.391  -16.020 0.0000000000
93832  18.702  11.922  -16.320 0.0000000000
93835  18.590  11.792  -16.828 0.0000000000
93838  18.650  11.674  -17.036 0.0000000000
93061  18.977  11.684  -17.141 0.0000000000
93842  18.776  11.791  -17.393 0.0000000000
93065  19.037  11.755  -17.865 0.0000000000
93841  18.922  11.842  -17.771 0.0000000000
93845  19.013  11.842  -17.907 0.0000000000
93078  19.269  11.546  -18.004 0.0000000000
93850  19.042  11.832  -18.060 0.0000000000
93070  23.002  11.262  -18.093 0.0000000000
93085  22.803  11.549  -18.427 0.0000000000
93086  22.261  11.510  -18.407 0.0000000000
93087  21.962  11.633  -18.473 0.0000000000
93093  19.988  11.634  -18.436 0.0000000000
93849  19.593  11.709  -18.204 0.0000000000
93848  19.958  11.678  -18.394 0.0000000000
93864  20.007  11.870  -18.507 0.0000000000
93084  23.025  11.511  -18.308 0.0000000000
93856  22.887  11.892  -18.779 0.0000000000
93857  22.454  11.942  -18.800 0.0000000000
93858  22.006  11.884  -18.765 0.0000000000
93859  21.829  11.925  -18.825 0.0000000000
93860  21.334  11.940  -18.819 0.0000000000
93861  21.009  11.853  -18.749 0.0000000000
93862  20.693  11.870  -18.772 0.0000000000
93863  20.142  11.939  -18.605 0.0000000000
93836  18.524  11.980  -16.826 0.0000000000
93839  18.441  11.992  -17.009 0.0000000000
93833  18.552  11.968  -16.499 0.0000000000
94609  18.466  12.010  -16.655 0.0000000000
94611  18.451  12.057  -16.996 0.0000000000
93843  18.391  11.967  -17.160 0.0000000000
94614  18.465  12.014  -17.112 0.0000000000
93846  18.857  11.918  -17.989 0.0000000000
94613  18.426  11.983  -17.369 0.0000000000
94616  18.784  12.014  -17.734 0.0000000000
93851  18.947  11.895  -18.046 0.0000000000
94620  18.911  12.003  -18.069 0.0000000000
94619  18.968  11.922  -18.127 0.0000000000
93069  23.240  11.160  -18.014 0.0000000000
92330  23.092  11.099  -17.974 0.0000000000
92319  22.907  11.061  -17.855 0.0000000000
92329  23.604  11.021  -17.897 0.0000000000
92318  23.238  11.032  -17.885 0.0000000000
91586  22.750  10.993  -17.657 0.0000000000
91585  23.008  10.955  -17.791 0.0000000000
92317  23.618  11.013  -17.888 0.0000000000
91584  23.150  10.991  -17.818 0.0000000000
91558  19.011  10.965  -16.311 0.0000000000
92304  19.040  11.025  -16.127 0.0000000000
92301  18.999  11.143  -16.067 0.0000000000
91557  19.083  11.009  -16.046 0.0000000000
92300  19.040  11.114  -16.017 0.0000000000
93045  18.998  11.170  -15.945 0.0000000000
91573  22.448  10.612  -17.533 0.0000000000
90868  21.986  10.241  -17.457 0.0000000000
91572  22.849  10.585  -17.513 0.0000000000
91571  22.998  10.621  -17.503 0.0000000000
91583  23.646  11.002  -17.788 0.0000000000
91570  23.150  10.767  -17.556 0.0000000000
90853  22.380  10.051  -17.369 0.0000000000
90852  22.875  10.134  -17.391 0.0000000000
90851  22.987  10.150  -17.406 0.0000000000
91569  23.728  10.623  -17.461 0.0000000000
90850  23.372  10.221  -17.433 0.0000000000
90834  19.085  10.499  -16.073 0.0000000000
90832  19.119  10.465  -15.987 0.0000000000
91554  19.119  10.974  -15.995 0.0000000000
90854  21.960  10.051  -17.395 0.0000000000
90148  21.819  9.975  -17.285 0.0000000000
90147  22.029  9.997  -17.407 0.0000000000
90146  22.383  10.011  -17.404 0.0000000000
90145  22.936  9.998  -17.397 0.0000000000
90144  23.010  9.993  -17.420 0.0000000000
90849  23.880  10.119  -17.359 0.0000000000
90143  23.415  9.980  -17.377 0.0000000000
90134  19.386  10.012  -17.002 0.0000000000
90127  19.331  9.986  -16.804 0.0000000000
90123  19.236  10.019  -16.176 0.0000000000
90120  19.192  10.006  -16.009 0.0000000000
90118  19.261  9.991  -15.914 0.0000000000
90829  19.173  10.398  -15.572 0.0000000000
89425  21.458  9.677  -17.394 0.0000000000
89424  21.984  9.707  -17.397 0.0000000000
89423  22.004  9.808  -17.512 0.0000000000
89422  22.550  9.796  -17.398 0.0000000000
89421  22.968  9.737  -17.387 0.0000000000
89420  23.009  9.751  -17.325 0.0000000000
90142  23.988  10.038  -17.297 0.0000000000
89419  23.672  9.864  -17.381 0.0000000000
90126  19.269  10.003  -16.996 0.0000000000
89410  19.756  9.828  -16.996 0.0000000000
89396  19.570  9.604  -16.959 0.0000000000
89397  19.166  9.983  -16.597 0.0000000000
89393  19.121  9.984  -16.220 0.0000000000
89389  19.264  10.000  -16.011 0.0000000000
89385  19.218  9.974  -15.889 0.0000000000
89384  19.115  9.790  -15.979 0.0000000000
90117  19.356  9.989  -15.703 0.0000000000
89381  19.556  9.950  -15.213 0.0000000000
90115  19.547  9.988  -15.003 0.0000000000
90828  19.472  10.043  -15.172 0.0000000000
89378  19.519  9.853  -14.981 0.0000000000
90111  19.494  10.044  -14.998 0.0000000000
90824  19.622  10.381  -15.102 0.0000000000
88678  21.089  9.233  -17.516 0.0000000000
88677  21.744  9.199  -17.401 0.0000000000
88676  21.977  9.244  -17.428 0.0000000000
88675  22.259  9.296  -17.394 0.0000000000
88674  22.868  9.221  -17.179 0.0000000000
88673  23.005  9.494  -17.273 0.0000000000
89407  23.008  9.277  -17.070 0.0000000000
88664  22.980  9.127  -17.051 0.0000000000
89406  23.456  9.500  -17.056 0.0000000000
89418  23.987  10.008  -17.219 0.0000000000
89405  23.992  9.616  -17.107 0.0000000000
89395  19.849  9.634  -17.011 0.0000000000
88667  19.989  9.377  -17.100 0.0000000000
88651  19.910  9.408  -16.960 0.0000000000
88663  23.300  8.991  -17.033 0.0000000000
88662  23.806  9.194  -17.069 0.0000000000
89404  24.053  9.592  -17.048 0.0000000000
88661  23.998  9.172  -17.052 0.0000000000
90131  24.039  9.773  -17.180 0.0000000000
89392  19.246  9.758  -16.241 0.0000000000
88652  19.843  9.179  -16.880 0.0000000000
88644  19.449  9.267  -16.244 0.0000000000
89388  19.261  9.710  -16.015 0.0000000000
88641  19.448  9.227  -16.002 0.0000000000
88638  19.462  9.334  -15.865 0.0000000000
88635  19.492  9.334  -15.543 0.0000000000
88633  19.515  9.284  -15.010 0.0000000000
87932  20.054  9.042  -17.055 0.0000000000
87931  20.489  9.016  -17.210 0.0000000000
87930  20.944  8.962  -17.397 0.0000000000
87929  21.032  8.973  -17.404 0.0000000000
87928  21.386  9.000  -17.418 0.0000000000
87927  21.943  9.002  -17.406 0.0000000000
87926  22.042  8.997  -17.412 0.0000000000
87925  22.488  9.032  -17.349 0.0000000000
88665  22.974  9.043  -17.065 0.0000000000
87917  22.872  9.003  -17.093 0.0000000000
87920  19.928  9.113  -17.003 0.0000000000
87919  20.002  8.990  -17.000 0.0000000000
87916  23.018  8.875  -17.057 0.0000000000
87915  22.999  8.981  -16.985 0.0000000000
87914  23.628  9.014  -17.022 0.0000000000
87913  24.000  9.011  -17.054 0.0000000000
88660  24.261  9.203  -17.050 0.0000000000
87912  24.156  9.013  -17.003 0.0000000000
87906  19.756  9.003  -16.640 0.0000000000
87905  19.959  9.027  -16.778 0.0000000000
87894  19.582  9.021  -16.163 0.0000000000
87890  19.579  9.000  -16.004 0.0000000000
87887  19.613  8.984  -15.812 0.0000000000
87884  19.557  8.982  -15.155 0.0000000000
87133  20.572  8.933  -17.176 0.0000000000
87918  20.193  9.000  -17.063 0.0000000000
87132  21.007  8.520  -17.283 0.0000000000
87131  20.999  8.735  -17.541 0.0000000000
87130  21.673  8.695  -17.435 0.0000000000
87129  21.966  8.775  -17.441 0.0000000000
87128  22.049  8.839  -17.400 0.0000000000
87127  22.562  8.988  -17.364 0.0000000000
87122  20.070  8.686  -17.001 0.0000000000
87904  20.002  8.979  -16.835 0.0000000000
87121  20.607  8.666  -16.996 0.0000000000
87118  22.948  8.585  -17.047 0.0000000000
87117  23.034  8.454  -17.034 0.0000000000
87116  23.356  8.572  -16.971 0.0000000000
87903  23.923  8.998  -16.910 0.0000000000
87115  23.769  8.874  -16.884 0.0000000000
87902  23.999  9.009  -16.925 0.0000000000
87911  24.445  9.045  -16.963 0.0000000000
87901  24.242  9.013  -16.907 0.0000000000
87109  19.789  8.769  -16.765 0.0000000000
87893  19.828  8.836  -16.252 0.0000000000
87108  19.861  8.472  -16.485 0.0000000000
87106  23.933  8.730  -16.771 0.0000000000
87105  24.008  8.610  -16.722 0.0000000000
87900  24.702  8.986  -16.792 0.0000000000
87104  24.453  8.765  -16.663 0.0000000000
87096  19.823  8.409  -16.182 0.0000000000
87087  19.721  8.489  -16.017 0.0000000000
87889  19.752  8.965  -16.010 0.0000000000
87084  19.998  8.701  -16.027 0.0000000000
87886  19.875  9.009  -15.672 0.0000000000
87080  19.854  8.592  -15.461 0.0000000000
87883  19.851  9.015  -15.229 0.0000000000
87081  19.626  8.853  -15.053 0.0000000000
87077  19.618  8.619  -15.019 0.0000000000
87880  19.505  9.017  -15.001 0.0000000000
86270  21.052  8.146  -17.320 0.0000000000
86260  20.981  8.067  -17.169 0.0000000000
87120  20.995  8.517  -17.002 0.0000000000
86269  21.398  8.298  -17.399 0.0000000000
86268  21.888  8.297  -17.450 0.0000000000
86267  22.005  8.302  -17.337 0.0000000000
87119  22.323  8.692  -17.359 0.0000000000
86266  22.031  8.239  -17.404 0.0000000000
86262  20.454  8.312  -17.023 0.0000000000
86250  20.198  8.240  -16.638 0.0000000000
86261  20.768  8.056  -17.074 0.0000000000
86259  22.515  8.053  -17.099 0.0000000000
86258  22.929  8.080  -17.033 0.0000000000
86256  23.012  8.092  -17.003 0.0000000000
86257  23.009  8.048  -17.033 0.0000000000
87107  23.680  8.515  -16.727 0.0000000000
86248  23.400  8.163  -16.838 0.0000000000
86237  20.015  8.198  -16.107 0.0000000000
87095  19.982  8.317  -16.251 0.0000000000
86247  23.851  8.097  -16.685 0.0000000000
86246  23.986  8.079  -16.671 0.0000000000
86245  24.394  8.117  -16.640 0.0000000000
86238  19.882  8.121  -16.062 0.0000000000
86228  19.986  8.286  -15.983 0.0000000000
86225  19.992  8.272  -15.724 0.0000000000
87076  19.871  8.422  -15.015 0.0000000000
86222  19.959  8.026  -15.253 0.0000000000
86218  19.818  8.068  -15.002 0.0000000000
85393  21.015  8.087  -17.233 0.0000000000
85392  20.999  8.005  -17.284 0.0000000000
85391  21.632  8.026  -17.416 0.0000000000
85390  21.969  7.951  -17.331 0.0000000000
85389  22.029  8.032  -17.275 0.0000000000
86249  20.667  8.053  -16.990 0.0000000000
85385  20.732  7.915  -17.033 0.0000000000
85384  20.907  7.896  -17.100 0.0000000000
85381  22.319  8.004  -17.021 0.0000000000
85380  22.974  7.976  -17.093 0.0000000000
85379  23.004  7.965  -17.006 0.0000000000
85378  23.121  8.019  -16.946 0.0000000000
85373  20.333  7.993  -16.733 0.0000000000
85361  20.142  8.030  -16.200 0.0000000000
85372  20.605  7.961  -16.926 0.0000000000
85370  23.523  7.997  -16.758 0.0000000000
85369  23.958  7.963  -16.778 0.0000000000
85368  24.058  7.986  -16.651 0.0000000000
85349  20.127  8.004  -16.021 0.0000000000
86227  20.108  8.166  -16.001 0.0000000000
85343  20.194  8.005  -15.713 0.0000000000
86224  20.171  8.138  -15.505 0.0000000000
85340  20.009  7.970  -15.365 0.0000000000
86221  20.022  8.020  -15.275 0.0000000000
85341  20.057  8.024  -14.995 0.0000000000
85337  19.865  7.921  -15.106 0.0000000000
84479  21.022  7.883  -17.191 0.0000000000
85383  21.024  7.927  -17.136 0.0000000000
84478  21.233  7.879  -17.282 0.0000000000
84477  21.886  7.867  -17.397 0.0000000000
85382  22.007  7.958  -17.088 0.0000000000
84470  21.999  7.617  -17.148 0.0000000000
84474  20.639  7.850  -16.986 0.0000000000
84473  20.917  7.591  -16.965 0.0000000000
84472  21.003  7.598  -17.036 0.0000000000
84469  22.083  7.550  -17.045 0.0000000000
84468  22.576  7.527  -17.054 0.0000000000
84467  22.992  7.545  -17.051 0.0000000000
85371  23.068  7.913  -16.926 0.0000000000
84460  22.955  7.576  -16.963 0.0000000000
84463  20.225  7.983  -16.356 0.0000000000
84462  20.468  7.615  -16.587 0.0000000000
84459  23.076  7.599  -16.793 0.0000000000
84458  23.785  7.603  -16.693 0.0000000000
84457  24.002  7.569  -16.624 0.0000000000
84452  20.223  7.807  -16.054 0.0000000000
84440  20.216  7.806  -15.971 0.0000000000
84431  20.178  7.713  -15.528 0.0000000000
84429  19.954  7.787  -15.208 0.0000000000
84428  20.133  7.713  -15.029 0.0000000000
84471  21.559  7.503  -17.137 0.0000000000
83513  21.003  7.227  -17.016 0.0000000000
83503  20.988  7.106  -16.907 0.0000000000
84461  20.891  7.348  -16.955 0.0000000000
83512  21.288  7.146  -17.059 0.0000000000
83511  21.829  7.011  -17.003 0.0000000000
83510  22.026  7.036  -17.052 0.0000000000
83509  22.292  7.019  -17.069 0.0000000000
83508  22.808  7.057  -17.025 0.0000000000
83507  22.999  7.144  -16.979 0.0000000000
83504  20.783  7.069  -16.718 0.0000000000
83494  20.543  7.009  -16.251 0.0000000000
84451  20.210  7.482  -16.087 0.0000000000
83502  23.001  7.119  -16.859 0.0000000000
83501  23.356  7.002  -16.697 0.0000000000
83500  23.925  7.110  -16.616 0.0000000000
83495  20.280  7.296  -15.980 0.0000000000
83485  20.338  7.291  -15.955 0.0000000000
83474  20.222  7.192  -15.805 0.0000000000
83466  20.247  7.249  -15.263 0.0000000000
82559  21.071  7.036  -17.025 0.0000000000
82547  21.009  6.970  -16.887 0.0000000000
82558  21.406  6.982  -17.045 0.0000000000
82557  21.880  6.999  -17.065 0.0000000000
82556  22.124  6.798  -17.061 0.0000000000
82555  22.461  6.837  -17.041 0.0000000000
82554  22.866  6.965  -17.038 0.0000000000
82553  23.021  6.981  -16.910 0.0000000000
82548  20.878  7.018  -16.788 0.0000000000
82538  20.444  7.004  -16.486 0.0000000000
82545  23.053  6.981  -16.812 0.0000000000
82544  23.424  6.966  -16.727 0.0000000000
83484  20.529  7.047  -16.010 0.0000000000
82527  20.500  6.952  -15.997 0.0000000000
83473  20.560  7.007  -15.917 0.0000000000
82518  20.566  6.865  -15.940 0.0000000000
83465  20.345  7.027  -15.491 0.0000000000
82507  20.405  6.989  -15.442 0.0000000000
82508  20.196  6.970  -15.091 0.0000000000
82546  21.020  6.998  -16.901 0.0000000000
81669  21.238  6.827  -16.996 0.0000000000
81668  21.663  6.589  -17.062 0.0000000000
81667  22.012  6.408  -17.116 0.0000000000
81666  22.174  6.497  -17.052 0.0000000000
81665  22.609  6.597  -17.032 0.0000000000
81664  22.998  6.881  -16.933 0.0000000000
81657  22.993  6.491  -16.793 0.0000000000
82537  20.847  6.819  -16.579 0.0000000000
81660  20.966  6.495  -16.639 0.0000000000
81659  21.017  6.571  -16.691 0.0000000000
81656  23.012  6.500  -16.803 0.0000000000
81651  20.366  6.604  -16.010 0.0000000000
81650  20.792  6.492  -16.229 0.0000000000
81641  20.653  6.397  -15.983 0.0000000000
81632  20.556  6.478  -15.635 0.0000000000
81623  20.214  6.548  -15.072 0.0000000000
80822  21.565  6.121  -17.019 0.0000000000
80813  21.332  6.153  -16.779 0.0000000000
80821  21.954  6.194  -17.003 0.0000000000
80820  22.052  6.144  -16.993 0.0000000000
80819  22.394  6.147  -16.956 0.0000000000
81658  22.867  6.480  -16.750 0.0000000000
80818  22.682  6.246  -16.925 0.0000000000
80814  20.932  6.123  -16.564 0.0000000000
80803  20.972  6.097  -16.225 0.0000000000
80810  22.828  6.160  -16.712 0.0000000000
80809  23.058  6.052  -16.699 0.0000000000
80793  20.910  5.993  -16.053 0.0000000000
81640  20.832  6.236  -16.012 0.0000000000
80794  20.861  6.047  -15.927 0.0000000000
80786  20.846  6.069  -15.759 0.0000000000
80776  20.541  6.003  -15.126 0.0000000000
80812  21.832  6.008  -17.023 0.0000000000
79954  21.956  5.999  -16.959 0.0000000000
79953  21.998  6.005  -17.055 0.0000000000
79952  22.009  5.968  -16.895 0.0000000000
80811  22.488  6.010  -16.793 0.0000000000
79945  22.364  5.958  -16.824 0.0000000000
80802  21.029  6.016  -16.462 0.0000000000
79948  21.419  5.988  -16.707 0.0000000000
79947  21.781  5.880  -16.983 0.0000000000
79944  22.910  5.987  -16.706 0.0000000000
79943  23.008  5.998  -16.735 0.0000000000
79938  20.920  5.823  -16.152 0.0000000000
79937  21.023  5.967  -16.314 0.0000000000
80785  20.966  5.950  -15.952 0.0000000000
79930  20.917  5.787  -16.012 0.0000000000
80775  20.886  6.023  -15.405 0.0000000000
79923  21.001  5.768  -15.985 0.0000000000
79915  20.992  5.898  -15.331 0.0000000000
79916  20.594  5.726  -15.070 0.0000000000
79946  22.014  5.917  -17.009 0.0000000000
79089  21.271  5.745  -16.555 0.0000000000
79088  21.563  5.427  -16.601 0.0000000000
79087  22.020  5.586  -16.770 0.0000000000
79086  22.124  5.475  -16.782 0.0000000000
79085  22.640  5.503  -16.680 0.0000000000
79084  22.964  5.535  -16.719 0.0000000000
79078  20.918  5.630  -16.046 0.0000000000
79077  21.130  5.410  -16.130 0.0000000000
79068  20.994  5.646  -15.959 0.0000000000
79059  21.031  5.681  -15.410 0.0000000000
79049  20.872  5.134  -15.243 0.0000000000
78237  21.919  5.082  -16.508 0.0000000000
78227  21.666  5.013  -16.292 0.0000000000
79076  21.441  5.146  -16.248 0.0000000000
78236  22.002  5.014  -16.514 0.0000000000
78235  22.509  5.007  -16.488 0.0000000000
78234  22.970  5.039  -16.571 0.0000000000
78228  21.273  5.018  -16.131 0.0000000000
78215  21.357  4.986  -15.993 0.0000000000
79067  21.189  5.369  -15.807 0.0000000000
78226  21.983  4.980  -16.378 0.0000000000
78225  22.177  5.007  -16.398 0.0000000000
78224  22.839  5.001  -16.414 0.0000000000
78214  21.480  5.012  -16.017 0.0000000000
