#!ascii label  , from subject  vox2ras=TkReg
490
53904  24.993  -3.580  -14.926 0.0000000000
53893  24.952  -3.891  -14.617 0.0000000000
53903  25.103  -3.509  -14.865 0.0000000000
53894  24.491  -3.907  -14.469 0.0000000000
53905  24.549  -3.477  -14.971 0.0000000000
54937  25.018  -3.084  -14.996 0.0000000000
54938  24.842  -3.079  -15.002 0.0000000000
54927  24.180  -3.490  -14.756 0.0000000000
54939  24.203  -3.093  -14.993 0.0000000000
53895  24.017  -3.697  -14.403 0.0000000000
54928  24.017  -3.245  -14.905 0.0000000000
53896  23.968  -3.463  -14.568 0.0000000000
54929  23.730  -3.217  -14.755 0.0000000000
54940  23.961  -3.071  -14.997 0.0000000000
54916  23.695  -3.454  -14.463 0.0000000000
54917  23.405  -3.193  -14.304 0.0000000000
54930  23.377  -2.989  -14.593 0.0000000000
54941  23.926  -3.046  -14.943 0.0000000000
55927  23.741  -3.040  -14.917 0.0000000000
55912  23.233  -3.005  -14.280 0.0000000000
55928  23.340  -3.010  -14.688 0.0000000000
54936  25.361  -3.106  -14.972 0.0000000000
55935  25.363  -2.979  -15.051 0.0000000000
55936  25.003  -3.110  -15.129 0.0000000000
55937  24.592  -3.040  -15.055 0.0000000000
55938  24.154  -3.041  -15.020 0.0000000000
55939  23.949  -3.016  -15.039 0.0000000000
55940  23.810  -2.980  -15.014 0.0000000000
55894  23.080  -2.938  -13.984 0.0000000000
55913  23.026  -2.950  -14.032 0.0000000000
55929  23.131  -3.009  -14.217 0.0000000000
55895  23.075  -2.943  -13.859 0.0000000000
56917  23.024  -2.713  -14.037 0.0000000000
56935  23.082  -2.645  -14.524 0.0000000000
55941  23.558  -2.995  -15.045 0.0000000000
56934  23.304  -2.846  -14.868 0.0000000000
56952  23.524  -2.747  -14.990 0.0000000000
55947  25.016  -2.998  -15.127 0.0000000000
55948  24.830  -2.998  -15.100 0.0000000000
55949  24.402  -2.923  -15.087 0.0000000000
55950  24.067  -2.999  -15.091 0.0000000000
55951  23.964  -3.105  -15.068 0.0000000000
56951  23.802  -2.919  -15.051 0.0000000000
56965  23.907  -2.914  -15.200 0.0000000000
56962  24.975  -2.857  -15.272 0.0000000000
56963  24.817  -2.992  -15.293 0.0000000000
56964  24.065  -2.902  -15.224 0.0000000000
56903  23.011  -2.774  -13.801 0.0000000000
57918  22.975  -2.416  -14.033 0.0000000000
57931  22.927  -2.239  -14.245 0.0000000000
57944  23.042  -2.014  -14.786 0.0000000000
56953  23.046  -2.179  -14.899 0.0000000000
56966  23.410  -2.513  -15.088 0.0000000000
57960  23.056  -2.248  -14.983 0.0000000000
57961  23.035  -1.993  -14.943 0.0000000000
56973  24.988  -2.509  -15.584 0.0000000000
56974  24.449  -2.632  -15.748 0.0000000000
56975  23.999  -2.607  -15.530 0.0000000000
56976  23.978  -2.448  -15.562 0.0000000000
57977  23.640  -2.376  -15.380 0.0000000000
57978  23.070  -2.006  -15.276 0.0000000000
57990  24.203  -2.153  -15.917 0.0000000000
57991  23.984  -2.110  -15.811 0.0000000000
57992  23.947  -2.003  -15.702 0.0000000000
56904  22.917  -2.467  -13.931 0.0000000000
57919  22.766  -2.146  -14.010 0.0000000000
57932  22.728  -2.269  -14.059 0.0000000000
57906  22.637  -2.028  -13.723 0.0000000000
58928  22.644  -1.999  -13.956 0.0000000000
58942  22.707  -2.019  -14.173 0.0000000000
58941  22.877  -2.059  -14.286 0.0000000000
58952  22.990  -1.970  -14.363 0.0000000000
58965  22.940  -2.023  -15.007 0.0000000000
57979  23.021  -2.031  -15.023 0.0000000000
58980  23.050  -1.967  -15.034 0.0000000000
57993  23.440  -2.052  -15.618 0.0000000000
58979  23.153  -2.020  -15.208 0.0000000000
58996  23.493  -1.950  -15.636 0.0000000000
58995  23.933  -1.926  -15.843 0.0000000000
58913  22.514  -2.003  -13.738 0.0000000000
58914  22.239  -2.003  -13.480 0.0000000000
58929  22.467  -1.800  -13.792 0.0000000000
59909  22.664  -1.913  -14.013 0.0000000000
59895  22.161  -1.616  -13.720 0.0000000000
59910  22.351  -1.164  -13.979 0.0000000000
59924  22.626  -1.577  -14.167 0.0000000000
58953  22.743  -1.966  -14.493 0.0000000000
59935  23.008  -1.769  -14.765 0.0000000000
59936  22.819  -1.632  -14.746 0.0000000000
59947  23.006  -1.587  -15.011 0.0000000000
59963  23.153  -1.937  -15.268 0.0000000000
59964  23.009  -1.532  -15.115 0.0000000000
59982  23.197  -1.540  -15.926 0.0000000000
59006  23.909  -1.922  -15.971 0.0000000000
59007  23.718  -1.819  -15.991 0.0000000000
58915  22.119  -1.967  -13.424 0.0000000000
59896  21.996  -1.502  -13.624 0.0000000000
59911  22.056  -1.106  -13.765 0.0000000000
58916  21.993  -1.916  -13.382 0.0000000000
59897  21.850  -1.379  -13.616 0.0000000000
60888  21.949  -1.199  -13.927 0.0000000000
60887  22.017  -1.243  -13.837 0.0000000000
60899  22.060  -1.218  -13.983 0.0000000000
59886  21.518  -1.959  -13.200 0.0000000000
59898  21.172  -1.538  -13.442 0.0000000000
60889  21.479  -1.077  -13.878 0.0000000000
59887  21.079  -1.930  -13.184 0.0000000000
59899  20.998  -1.589  -13.373 0.0000000000
60890  21.003  -1.197  -13.615 0.0000000000
59888  21.009  -1.891  -13.146 0.0000000000
59900  20.608  -1.609  -13.476 0.0000000000
60891  20.972  -1.249  -13.633 0.0000000000
58917  20.621  -1.966  -13.299 0.0000000000
59889  20.909  -1.983  -13.193 0.0000000000
58918  20.097  -1.988  -13.550 0.0000000000
59901  20.053  -1.736  -13.572 0.0000000000
59913  20.082  -1.478  -13.802 0.0000000000
59912  20.630  -1.491  -14.014 0.0000000000
60903  20.839  -1.104  -13.893 0.0000000000
58930  20.010  -1.881  -13.800 0.0000000000
59925  22.390  -1.557  -13.989 0.0000000000
60898  22.021  -1.188  -13.961 0.0000000000
60915  22.173  -1.285  -14.046 0.0000000000
60904  20.316  -1.116  -13.983 0.0000000000
58931  19.917  -1.883  -13.875 0.0000000000
59914  19.924  -1.614  -13.983 0.0000000000
60905  20.000  -1.384  -13.981 0.0000000000
58943  19.890  -1.927  -14.064 0.0000000000
59926  19.703  -1.640  -14.130 0.0000000000
60918  19.998  -1.265  -14.172 0.0000000000
60914  22.262  -1.291  -14.077 0.0000000000
60928  22.476  -1.221  -14.451 0.0000000000
58944  19.679  -1.987  -14.113 0.0000000000
59927  19.510  -1.996  -14.218 0.0000000000
59938  19.502  -1.811  -14.690 0.0000000000
59937  19.600  -1.386  -14.375 0.0000000000
60931  19.988  -1.073  -14.619 0.0000000000
58954  19.506  -2.006  -14.488 0.0000000000
59948  22.955  -1.544  -14.967 0.0000000000
60941  22.834  -1.238  -14.996 0.0000000000
60932  19.709  -1.209  -14.945 0.0000000000
58966  19.472  -1.975  -14.984 0.0000000000
59950  19.508  -1.888  -14.994 0.0000000000
60943  19.620  -1.472  -15.017 0.0000000000
60940  23.005  -1.132  -14.997 0.0000000000
60952  22.922  -1.244  -15.189 0.0000000000
59983  22.987  -1.567  -15.557 0.0000000000
60971  23.021  -1.074  -15.682 0.0000000000
59996  23.412  -1.321  -16.002 0.0000000000
60970  23.095  -1.091  -15.978 0.0000000000
60981  23.368  -1.166  -15.999 0.0000000000
60900  21.757  -1.007  -13.964 0.0000000000
60901  21.234  -1.053  -13.908 0.0000000000
60902  21.018  -1.032  -13.911 0.0000000000
60916  22.129  -1.088  -14.060 0.0000000000
61891  21.994  -0.924  -13.983 0.0000000000
61904  22.005  -0.917  -14.105 0.0000000000
61892  21.646  -0.969  -13.995 0.0000000000
61893  21.232  -0.981  -13.979 0.0000000000
61894  20.986  -0.985  -13.951 0.0000000000
61895  20.729  -0.988  -13.965 0.0000000000
61896  20.309  -0.978  -14.015 0.0000000000
60917  20.154  -1.154  -14.174 0.0000000000
60929  22.220  -0.993  -14.320 0.0000000000
61903  22.019  -1.049  -14.125 0.0000000000
61909  20.169  -1.002  -14.320 0.0000000000
60930  19.998  -1.007  -14.530 0.0000000000
61918  22.630  -1.035  -14.828 0.0000000000
61919  22.254  -0.906  -14.469 0.0000000000
61922  20.009  -0.905  -14.825 0.0000000000
61923  19.941  -1.002  -14.865 0.0000000000
60942  19.844  -1.075  -14.990 0.0000000000
61933  22.705  -1.009  -15.014 0.0000000000
60953  22.802  -1.084  -15.163 0.0000000000
59949  19.738  -1.540  -15.010 0.0000000000
60954  19.902  -0.987  -15.056 0.0000000000
61936  19.972  -0.957  -14.980 0.0000000000
61946  22.987  -1.017  -15.381 0.0000000000
61947  22.622  -1.023  -15.188 0.0000000000
61967  23.030  -0.897  -15.793 0.0000000000
60982  23.136  -0.990  -15.947 0.0000000000
61905  21.557  -0.981  -14.065 0.0000000000
61906  21.182  -0.940  -13.966 0.0000000000
61907  21.003  -0.945  -13.974 0.0000000000
61908  20.664  -0.894  -14.043 0.0000000000
61920  22.017  -0.990  -14.196 0.0000000000
62952  21.970  -0.883  -14.209 0.0000000000
62953  21.467  -0.744  -14.237 0.0000000000
62954  21.042  -0.684  -14.255 0.0000000000
62955  20.989  -0.695  -14.188 0.0000000000
62956  20.950  -0.428  -14.288 0.0000000000
61921  20.412  -0.746  -14.546 0.0000000000
61934  22.640  -0.885  -14.736 0.0000000000
62965  22.116  -0.731  -14.562 0.0000000000
62964  22.246  -0.763  -14.616 0.0000000000
62980  22.365  -0.653  -14.861 0.0000000000
62969  20.809  -0.353  -14.883 0.0000000000
62970  20.237  -0.631  -14.997 0.0000000000
61935  20.094  -0.947  -15.015 0.0000000000
62985  20.177  -0.758  -14.990 0.0000000000
62979  22.660  -0.916  -15.010 0.0000000000
62993  22.830  -0.882  -15.193 0.0000000000
61949  19.974  -0.938  -15.277 0.0000000000
61948  20.077  -0.919  -15.549 0.0000000000
62996  20.075  -0.822  -15.274 0.0000000000
62992  23.007  -0.988  -15.406 0.0000000000
63009  23.034  -0.698  -15.603 0.0000000000
61983  23.045  -0.896  -15.976 0.0000000000
63027  23.081  -0.578  -15.944 0.0000000000
62966  21.962  -0.538  -14.648 0.0000000000
62967  21.178  -0.407  -14.581 0.0000000000
62968  21.020  -0.311  -14.673 0.0000000000
62981  22.037  -0.278  -14.888 0.0000000000
62982  21.939  -0.295  -14.997 0.0000000000
63966  21.577  -0.229  -14.885 0.0000000000
63980  21.800  -0.245  -15.018 0.0000000000
63967  21.234  -0.169  -14.936 0.0000000000
63968  21.017  -0.172  -14.966 0.0000000000
62983  20.963  -0.201  -14.967 0.0000000000
62984  20.711  -0.320  -15.010 0.0000000000
62994  22.349  -0.500  -14.995 0.0000000000
63978  22.017  -0.304  -15.018 0.0000000000
63993  22.053  -0.152  -15.196 0.0000000000
63979  21.983  -0.239  -15.046 0.0000000000
63982  21.001  -0.212  -15.001 0.0000000000
63983  20.862  -0.266  -15.056 0.0000000000
62995  20.601  -0.461  -15.021 0.0000000000
63010  22.899  -0.429  -15.624 0.0000000000
63992  22.506  -0.359  -15.298 0.0000000000
63998  20.791  -0.173  -15.227 0.0000000000
63011  20.210  -0.452  -15.411 0.0000000000
63012  20.003  -0.462  -15.890 0.0000000000
64009  22.936  -0.187  -15.953 0.0000000000
64010  22.488  -0.011  -15.647 0.0000000000
64016  20.392  -0.017  -15.888 0.0000000000
63981  21.187  -0.097  -15.057 0.0000000000
63994  21.988  -0.144  -15.137 0.0000000000
63995  21.480  -0.170  -15.260 0.0000000000
63996  21.009  -0.157  -15.310 0.0000000000
63997  20.944  -0.104  -15.252 0.0000000000
64011  22.009  -0.020  -15.618 0.0000000000
64012  21.756  -0.120  -15.572 0.0000000000
64013  21.178  -0.142  -15.538 0.0000000000
64014  21.008  -0.051  -15.456 0.0000000000
64015  20.970  -0.075  -15.542 0.0000000000
58903  20.971  -2.031  -13.121 0.0000000000
58902  21.022  -2.014  -13.182 0.0000000000
58901  21.368  -2.044  -13.188 0.0000000000
58900  21.834  -2.027  -13.245 0.0000000000
58932  19.686  -1.969  -13.984 0.0000000000
57920  19.722  -2.011  -13.913 0.0000000000
57909  19.847  -2.053  -13.801 0.0000000000
58919  19.973  -1.985  -13.794 0.0000000000
57908  19.998  -2.004  -13.581 0.0000000000
57898  20.039  -2.133  -13.353 0.0000000000
58904  20.533  -2.009  -13.222 0.0000000000
58899  22.013  -2.012  -13.291 0.0000000000
58898  22.014  -2.036  -13.275 0.0000000000
57892  22.011  -2.083  -13.198 0.0000000000
57907  22.249  -1.988  -13.390 0.0000000000
57897  20.632  -2.413  -13.041 0.0000000000
57896  20.977  -2.164  -13.014 0.0000000000
57895  21.245  -2.200  -13.124 0.0000000000
57894  21.659  -2.193  -13.136 0.0000000000
57893  21.995  -2.138  -13.102 0.0000000000
56892  22.310  -2.210  -13.361 0.0000000000
56891  22.836  -2.729  -13.457 0.0000000000
57882  21.634  -2.213  -12.990 0.0000000000
57881  21.999  -2.129  -13.009 0.0000000000
56877  22.033  -2.498  -13.056 0.0000000000
56876  22.163  -2.621  -13.051 0.0000000000
56861  22.069  -2.538  -12.987 0.0000000000
56890  23.001  -2.892  -13.596 0.0000000000
55881  22.996  -3.012  -13.494 0.0000000000
56875  22.549  -3.018  -13.026 0.0000000000
55867  22.800  -3.071  -13.080 0.0000000000
55882  22.935  -2.988  -13.343 0.0000000000
56860  22.226  -2.693  -12.957 0.0000000000
55868  22.512  -2.886  -12.996 0.0000000000
54886  22.983  -3.035  -13.756 0.0000000000
54901  23.051  -2.997  -13.928 0.0000000000
54900  23.227  -3.062  -13.976 0.0000000000
55866  22.931  -3.094  -13.252 0.0000000000
54872  22.979  -3.255  -13.230 0.0000000000
53902  25.006  -3.511  -14.841 0.0000000000
54926  25.646  -3.199  -14.868 0.0000000000
54935  25.759  -3.015  -14.898 0.0000000000
55934  25.753  -2.939  -14.926 0.0000000000
54925  25.984  -3.325  -14.651 0.0000000000
55926  25.923  -2.980  -14.832 0.0000000000
53891  25.773  -3.900  -14.493 0.0000000000
53890  25.973  -3.684  -14.441 0.0000000000
54924  26.021  -3.281  -14.637 0.0000000000
55925  25.971  -3.017  -14.875 0.0000000000
53889  25.986  -3.704  -14.510 0.0000000000
54915  26.350  -3.404  -14.700 0.0000000000
54923  26.465  -3.007  -14.428 0.0000000000
55924  26.068  -2.999  -14.709 0.0000000000
54914  26.726  -3.384  -14.017 0.0000000000
55911  26.536  -2.999  -14.384 0.0000000000
54899  23.724  -3.559  -14.011 0.0000000000
53883  24.006  -3.768  -14.065 0.0000000000
53879  26.319  -3.942  -14.154 0.0000000000
53878  26.525  -3.873  -14.030 0.0000000000
54898  26.711  -3.608  -14.005 0.0000000000
54897  26.912  -3.198  -14.014 0.0000000000
54913  26.871  -3.094  -14.108 0.0000000000
55910  26.903  -3.036  -14.043 0.0000000000
54885  23.090  -3.148  -13.767 0.0000000000
53868  23.561  -3.404  -13.961 0.0000000000
53867  23.924  -3.857  -13.907 0.0000000000
53865  26.690  -3.826  -14.008 0.0000000000
53864  26.968  -3.504  -14.014 0.0000000000
54884  26.914  -3.011  -13.726 0.0000000000
55893  26.913  -2.921  -13.890 0.0000000000
53851  23.011  -3.469  -13.339 0.0000000000
53850  23.420  -3.742  -13.458 0.0000000000
53847  27.011  -3.493  -13.147 0.0000000000
54871  26.888  -3.005  -13.158 0.0000000000
55880  27.007  -3.000  -13.522 0.0000000000
53832  26.830  -3.507  -13.015 0.0000000000
54856  26.820  -3.205  -12.998 0.0000000000
55865  26.970  -2.972  -13.078 0.0000000000
53818  26.744  -3.488  -12.994 0.0000000000
53819  26.636  -3.763  -12.982 0.0000000000
54857  26.498  -3.427  -13.007 0.0000000000
55850  26.758  -3.067  -12.941 0.0000000000
55849  26.874  -2.986  -12.968 0.0000000000
53892  25.074  -3.880  -14.578 0.0000000000
53882  24.065  -3.976  -14.076 0.0000000000
53881  24.282  -3.977  -14.187 0.0000000000
52869  24.294  -4.052  -14.273 0.0000000000
52880  24.673  -4.058  -14.429 0.0000000000
52879  24.925  -4.008  -14.545 0.0000000000
52878  25.014  -4.004  -14.596 0.0000000000
52877  25.366  -4.021  -14.483 0.0000000000
52876  25.723  -3.984  -14.392 0.0000000000
52866  25.906  -4.008  -14.278 0.0000000000
53880  26.029  -3.996  -14.217 0.0000000000
53866  24.006  -3.944  -13.962 0.0000000000
52859  23.975  -3.935  -13.999 0.0000000000
52870  24.025  -4.007  -13.997 0.0000000000
52865  26.188  -4.099  -14.155 0.0000000000
52864  26.320  -3.999  -14.058 0.0000000000
52857  26.413  -4.015  -13.988 0.0000000000
53849  23.818  -3.988  -13.696 0.0000000000
52846  23.717  -3.996  -13.604 0.0000000000
52860  23.986  -3.965  -13.888 0.0000000000
52844  26.554  -4.002  -13.635 0.0000000000
53848  26.859  -3.984  -13.854 0.0000000000
53833  26.637  -3.840  -13.050 0.0000000000
52828  26.548  -3.995  -13.029 0.0000000000
52812  26.525  -4.000  -12.883 0.0000000000
53803  26.480  -3.867  -12.468 0.0000000000
54840  26.541  -3.405  -12.634 0.0000000000
52797  26.537  -4.028  -12.199 0.0000000000
53790  26.543  -3.918  -12.078 0.0000000000
54828  26.491  -3.477  -12.079 0.0000000000
52782  26.538  -3.989  -12.002 0.0000000000
53785  26.515  -3.893  -12.007 0.0000000000
52770  26.468  -4.000  -11.908 0.0000000000
53779  26.462  -3.721  -11.682 0.0000000000
54820  26.439  -3.312  -11.950 0.0000000000
52868  24.692  -4.155  -14.419 0.0000000000
51955  24.925  -4.024  -14.589 0.0000000000
51954  25.020  -4.028  -14.623 0.0000000000
51953  25.388  -4.063  -14.556 0.0000000000
52867  25.740  -4.014  -14.410 0.0000000000
51945  24.034  -4.044  -14.065 0.0000000000
51944  24.474  -4.505  -14.103 0.0000000000
51943  24.982  -4.415  -14.346 0.0000000000
51941  25.727  -4.436  -14.267 0.0000000000
51940  25.987  -4.386  -14.140 0.0000000000
51939  26.113  -4.291  -14.092 0.0000000000
52858  26.203  -4.187  -14.058 0.0000000000
52845  24.001  -4.065  -13.843 0.0000000000
51933  24.066  -4.429  -14.018 0.0000000000
51930  26.121  -4.369  -14.033 0.0000000000
51929  26.426  -4.087  -13.821 0.0000000000
51924  23.873  -4.432  -13.752 0.0000000000
51923  23.992  -4.417  -13.464 0.0000000000
51921  26.599  -4.297  -13.301 0.0000000000
51908  26.636  -4.379  -13.000 0.0000000000
51892  26.530  -4.559  -12.928 0.0000000000
51876  26.533  -4.343  -12.522 0.0000000000
51860  26.420  -4.389  -12.116 0.0000000000
51845  26.536  -4.334  -12.001 0.0000000000
51838  26.527  -4.318  -11.541 0.0000000000
52764  26.411  -3.981  -11.383 0.0000000000
51942  25.243  -4.457  -14.324 0.0000000000
51932  24.434  -4.650  -14.011 0.0000000000
51017  24.398  -4.864  -14.065 0.0000000000
51030  24.708  -4.916  -14.012 0.0000000000
51029  24.970  -4.992  -14.073 0.0000000000
51028  24.995  -4.972  -14.216 0.0000000000
51027  25.460  -4.932  -14.055 0.0000000000
51026  25.815  -4.682  -14.007 0.0000000000
51014  25.853  -4.892  -13.986 0.0000000000
51931  25.983  -4.519  -13.978 0.0000000000
51007  24.014  -4.719  -13.449 0.0000000000
51018  24.181  -4.804  -14.023 0.0000000000
51013  25.990  -4.797  -13.903 0.0000000000
51005  26.087  -4.932  -13.930 0.0000000000
51922  26.278  -4.414  -13.755 0.0000000000
51004  26.473  -4.811  -13.455 0.0000000000
50996  26.572  -4.795  -13.016 0.0000000000
50982  26.600  -4.940  -12.970 0.0000000000
50965  26.536  -4.739  -12.477 0.0000000000
50948  26.536  -4.911  -11.996 0.0000000000
50929  26.528  -4.836  -11.846 0.0000000000
51016  24.820  -5.003  -14.050 0.0000000000
50112  24.964  -5.040  -14.161 0.0000000000
50111  25.139  -5.042  -14.083 0.0000000000
50110  25.405  -5.038  -14.057 0.0000000000
51015  25.564  -4.944  -13.971 0.0000000000
51006  24.376  -4.964  -13.774 0.0000000000
50101  24.672  -4.972  -13.927 0.0000000000
50100  24.982  -5.128  -14.062 0.0000000000
50098  25.585  -4.996  -13.871 0.0000000000
50097  25.983  -5.011  -13.838 0.0000000000
50096  26.084  -4.986  -13.789 0.0000000000
50086  26.246  -4.983  -13.541 0.0000000000
50085  26.540  -5.017  -13.093 0.0000000000
50077  26.438  -5.097  -12.993 0.0000000000
50070  26.644  -5.000  -12.712 0.0000000000
50056  26.540  -4.981  -12.103 0.0000000000
50038  26.562  -5.039  -12.021 0.0000000000
50019  26.562  -4.981  -11.994 0.0000000000
50004  26.549  -5.012  -11.581 0.0000000000
50916  26.453  -4.714  -11.232 0.0000000000
50099  25.218  -5.138  -14.104 0.0000000000
49185  24.975  -5.297  -13.963 0.0000000000
49184  25.065  -5.283  -13.976 0.0000000000
49183  25.136  -5.207  -13.996 0.0000000000
49182  25.911  -5.300  -13.732 0.0000000000
49170  26.008  -5.541  -13.715 0.0000000000
50087  26.018  -5.051  -13.734 0.0000000000
49169  26.039  -5.323  -13.530 0.0000000000
49160  26.371  -5.444  -13.194 0.0000000000
50078  26.450  -5.072  -13.106 0.0000000000
49159  26.540  -5.352  -13.023 0.0000000000
49153  26.571  -5.470  -12.921 0.0000000000
49147  26.543  -5.403  -12.359 0.0000000000
49134  26.568  -5.285  -12.022 0.0000000000
49114  26.537  -5.301  -11.878 0.0000000000
49094  26.457  -5.277  -11.194 0.0000000000
49994  26.530  -4.993  -11.035 0.0000000000
48212  25.009  -5.760  -13.864 0.0000000000
48211  25.230  -5.925  -13.740 0.0000000000
48210  25.707  -5.782  -13.906 0.0000000000
48197  25.892  -5.945  -13.529 0.0000000000
48196  26.033  -5.999  -13.467 0.0000000000
48186  26.149  -5.943  -13.298 0.0000000000
48185  26.461  -5.975  -13.018 0.0000000000
48178  26.568  -5.842  -12.991 0.0000000000
48170  26.556  -5.903  -12.567 0.0000000000
48162  26.631  -5.856  -12.047 0.0000000000
48147  26.544  -5.791  -12.019 0.0000000000
48126  26.467  -5.803  -11.609 0.0000000000
47244  25.181  -6.006  -13.731 0.0000000000
48198  25.628  -6.025  -13.639 0.0000000000
47245  25.014  -6.027  -13.738 0.0000000000
47229  25.625  -6.019  -13.660 0.0000000000
47228  26.083  -6.003  -13.631 0.0000000000
47227  26.079  -5.989  -13.369 0.0000000000
47213  26.142  -6.193  -13.180 0.0000000000
47212  26.300  -6.029  -13.080 0.0000000000
47203  26.463  -6.047  -13.064 0.0000000000
47195  26.545  -5.989  -12.588 0.0000000000
47188  26.557  -6.003  -12.103 0.0000000000
47178  26.526  -5.992  -12.008 0.0000000000
47159  26.441  -5.993  -11.715 0.0000000000
46260  26.491  -6.175  -12.795 0.0000000000
46261  26.248  -6.528  -12.990 0.0000000000
47204  26.211  -6.248  -13.047 0.0000000000
46251  26.536  -6.197  -12.212 0.0000000000
46243  26.554  -6.269  -12.001 0.0000000000
46234  26.506  -6.129  -11.971 0.0000000000
46235  26.406  -6.295  -11.913 0.0000000000
47179  26.541  -6.015  -11.871 0.0000000000
46252  26.436  -6.488  -12.593 0.0000000000
45336  26.214  -7.002  -12.431 0.0000000000
45335  26.517  -6.690  -12.302 0.0000000000
45326  26.392  -6.675  -12.136 0.0000000000
46244  26.268  -6.742  -12.003 0.0000000000
45327  26.217  -6.994  -12.021 0.0000000000
55829  26.538  -3.024  -11.995 0.0000000000
55837  26.659  -3.004  -12.257 0.0000000000
56859  26.999  -2.707  -12.999 0.0000000000
56874  27.143  -2.984  -13.023 0.0000000000
