#!ascii label  , from subject  vox2ras=TkReg
211
73755  -21.995  5.995  -18.756 0.0000000000
73746  -22.010  5.993  -18.636 0.0000000000
72893  -21.991  5.477  -18.651 0.0000000000
72892  -21.727  5.544  -18.805 0.0000000000
73754  -21.351  6.006  -18.841 0.0000000000
74580  -21.980  6.094  -18.658 0.0000000000
74579  -21.756  6.043  -18.795 0.0000000000
74578  -21.143  6.089  -18.817 0.0000000000
75408  -21.409  6.560  -18.959 0.0000000000
75409  -22.005  6.511  -18.670 0.0000000000
74569  -22.000  6.038  -18.597 0.0000000000
75397  -22.003  6.505  -18.663 0.0000000000
75398  -22.002  6.543  -18.566 0.0000000000
76231  -21.997  7.003  -18.477 0.0000000000
76243  -22.010  6.981  -18.616 0.0000000000
74570  -22.166  5.997  -18.489 0.0000000000
75399  -22.708  6.660  -18.545 0.0000000000
76232  -22.345  7.006  -18.470 0.0000000000
75393  -22.881  6.493  -18.040 0.0000000000
74571  -22.868  6.011  -18.128 0.0000000000
76233  -22.882  6.999  -18.086 0.0000000000
75407  -20.985  6.532  -18.888 0.0000000000
76241  -21.188  7.008  -18.832 0.0000000000
76242  -21.985  6.983  -18.755 0.0000000000
77148  -22.138  7.128  -18.487 0.0000000000
77147  -22.084  7.042  -18.574 0.0000000000
77149  -22.642  6.991  -18.128 0.0000000000
76228  -22.934  6.833  -18.088 0.0000000000
77144  -22.774  7.109  -17.964 0.0000000000
76240  -20.999  7.014  -18.824 0.0000000000
77161  -21.106  7.166  -18.913 0.0000000000
77162  -21.614  7.070  -18.794 0.0000000000
77163  -21.989  7.073  -18.621 0.0000000000
77145  -22.847  6.982  -17.957 0.0000000000
77139  -22.914  7.067  -18.078 0.0000000000
78101  -22.814  7.529  -17.979 0.0000000000
78106  -22.685  7.724  -18.012 0.0000000000
77143  -22.734  7.142  -18.049 0.0000000000
77140  -23.011  7.057  -17.876 0.0000000000
76229  -23.005  6.811  -17.968 0.0000000000
78110  -22.159  7.677  -18.607 0.0000000000
78109  -21.993  7.524  -18.616 0.0000000000
78105  -22.300  7.744  -18.221 0.0000000000
77160  -21.006  7.240  -18.751 0.0000000000
78123  -21.119  7.634  -18.961 0.0000000000
78124  -21.554  7.578  -18.946 0.0000000000
78125  -21.959  7.574  -18.636 0.0000000000
78102  -22.930  7.130  -17.996 0.0000000000
78098  -22.728  7.810  -17.217 0.0000000000
78099  -22.989  7.193  -17.720 0.0000000000
79032  -22.664  7.980  -17.759 0.0000000000
79035  -22.686  7.998  -18.022 0.0000000000
79037  -22.351  8.004  -18.178 0.0000000000
79038  -22.475  7.967  -18.036 0.0000000000
79040  -21.984  7.972  -18.653 0.0000000000
79041  -22.034  8.008  -18.560 0.0000000000
78122  -21.042  7.638  -19.014 0.0000000000
78138  -21.106  7.717  -19.091 0.0000000000
79053  -21.284  7.964  -18.906 0.0000000000
79052  -21.215  7.887  -19.064 0.0000000000
79054  -21.925  8.003  -18.697 0.0000000000
78137  -21.013  7.617  -19.130 0.0000000000
79066  -21.038  7.965  -19.196 0.0000000000
79930  -22.678  8.016  -17.759 0.0000000000
79934  -22.592  8.048  -17.995 0.0000000000
79933  -22.417  8.277  -18.059 0.0000000000
79938  -22.176  8.264  -18.363 0.0000000000
79937  -22.053  8.191  -18.852 0.0000000000
79951  -21.996  8.078  -18.557 0.0000000000
79949  -21.323  8.008  -18.967 0.0000000000
79965  -21.207  8.176  -19.076 0.0000000000
79950  -21.581  8.118  -18.867 0.0000000000
79929  -22.712  8.257  -17.891 0.0000000000
80800  -22.270  8.762  -18.021 0.0000000000
80804  -22.151  8.724  -18.171 0.0000000000
80808  -22.118  8.573  -18.595 0.0000000000
80807  -21.984  8.813  -18.404 0.0000000000
79966  -21.419  8.063  -19.000 0.0000000000
80819  -21.874  8.533  -18.748 0.0000000000
80818  -21.634  8.620  -18.963 0.0000000000
81669  -22.092  8.905  -18.018 0.0000000000
80803  -22.069  8.905  -18.142 0.0000000000
81668  -22.058  9.016  -18.034 0.0000000000
81672  -22.013  9.002  -18.299 0.0000000000
81681  -21.942  8.997  -18.733 0.0000000000
77176  -20.997  7.223  -19.067 0.0000000000
77175  -20.709  7.265  -19.000 0.0000000000
78136  -20.480  7.664  -19.150 0.0000000000
79065  -20.864  7.979  -19.205 0.0000000000
78086  -22.936  7.261  -17.002 0.0000000000
77136  -23.031  7.104  -17.446 0.0000000000
77159  -20.700  7.161  -18.873 0.0000000000
76239  -20.814  6.971  -18.814 0.0000000000
76238  -20.363  6.981  -18.797 0.0000000000
77158  -20.306  7.161  -18.922 0.0000000000
76226  -23.080  6.993  -17.806 0.0000000000
75406  -20.981  6.550  -18.811 0.0000000000
75405  -20.508  6.532  -18.814 0.0000000000
75404  -20.017  6.509  -18.747 0.0000000000
76237  -20.014  6.947  -18.816 0.0000000000
75389  -23.079  6.477  -17.844 0.0000000000
75394  -22.979  6.433  -17.974 0.0000000000
76223  -23.105  6.957  -17.226 0.0000000000
75385  -23.133  6.732  -17.613 0.0000000000
74577  -20.993  6.081  -18.817 0.0000000000
74576  -20.738  6.133  -18.796 0.0000000000
74575  -20.182  6.063  -18.755 0.0000000000
74574  -20.005  6.034  -18.947 0.0000000000
75403  -19.853  6.500  -18.899 0.0000000000
74567  -22.981  6.046  -18.037 0.0000000000
74566  -22.911  6.060  -18.011 0.0000000000
75390  -23.225  6.257  -17.757 0.0000000000
74563  -23.047  6.047  -18.018 0.0000000000
75386  -23.312  6.484  -17.430 0.0000000000
73753  -21.018  5.979  -18.843 0.0000000000
73752  -20.969  5.958  -18.793 0.0000000000
73751  -20.478  5.874  -18.825 0.0000000000
73750  -20.056  5.860  -18.960 0.0000000000
74589  -19.995  5.997  -18.992 0.0000000000
74588  -20.099  6.070  -19.060 0.0000000000
73743  -22.911  5.798  -18.163 0.0000000000
73748  -22.535  5.941  -18.481 0.0000000000
73747  -22.024  5.880  -18.549 0.0000000000
73740  -22.994  5.972  -17.997 0.0000000000
73744  -22.876  5.786  -18.021 0.0000000000
73741  -23.065  5.974  -17.878 0.0000000000
74564  -23.393  6.027  -17.687 0.0000000000
72891  -21.101  5.506  -19.000 0.0000000000
72890  -21.016  5.498  -18.813 0.0000000000
72889  -20.751  5.428  -18.799 0.0000000000
72888  -20.217  5.370  -18.913 0.0000000000
72903  -20.176  5.427  -19.045 0.0000000000
73765  -20.157  5.805  -19.068 0.0000000000
72885  -22.717  5.535  -18.243 0.0000000000
72884  -22.099  5.277  -18.500 0.0000000000
72883  -22.013  5.561  -18.589 0.0000000000
72881  -22.975  5.376  -18.007 0.0000000000
72880  -22.974  5.339  -18.024 0.0000000000
73738  -23.356  5.976  -17.557 0.0000000000
72877  -23.113  5.582  -17.752 0.0000000000
72876  -23.025  5.404  -17.954 0.0000000000
71983  -20.171  4.998  -18.988 0.0000000000
71998  -20.178  5.037  -19.166 0.0000000000
72902  -20.083  5.453  -19.110 0.0000000000
71997  -20.164  5.011  -19.079 0.0000000000
72901  -19.991  5.560  -19.173 0.0000000000
73764  -20.003  5.933  -19.092 0.0000000000
71996  -19.913  5.021  -19.171 0.0000000000
72915  -19.501  5.499  -19.357 0.0000000000
73763  -19.557  5.992  -19.159 0.0000000000
71979  -21.999  5.078  -18.516 0.0000000000
71988  -21.841  5.235  -18.621 0.0000000000
71987  -21.433  5.040  -18.751 0.0000000000
71986  -21.003  5.043  -18.884 0.0000000000
71985  -20.980  5.031  -18.784 0.0000000000
71984  -20.626  4.994  -18.801 0.0000000000
72879  -22.547  5.271  -18.091 0.0000000000
71973  -22.472  5.025  -18.100 0.0000000000
71980  -22.083  5.024  -18.482 0.0000000000
71971  -22.985  5.044  -17.956 0.0000000000
71975  -22.893  5.122  -17.936 0.0000000000
71974  -22.891  4.985  -17.998 0.0000000000
72874  -23.369  5.292  -17.198 0.0000000000
72873  -23.359  5.263  -17.699 0.0000000000
71967  -23.016  5.123  -17.638 0.0000000000
71120  -20.231  4.737  -18.991 0.0000000000
71140  -20.129  4.740  -19.144 0.0000000000
71139  -19.990  4.809  -19.147 0.0000000000
71138  -19.780  4.976  -19.157 0.0000000000
72010  -19.361  5.065  -19.451 0.0000000000
71978  -21.934  4.992  -18.503 0.0000000000
71112  -21.737  4.990  -18.629 0.0000000000
71124  -21.131  4.988  -18.877 0.0000000000
71123  -21.003  4.896  -18.818 0.0000000000
71122  -20.889  4.811  -18.789 0.0000000000
71121  -20.502  4.829  -18.755 0.0000000000
71108  -22.342  4.863  -18.304 0.0000000000
71114  -22.010  4.998  -18.505 0.0000000000
71113  -22.000  4.817  -18.445 0.0000000000
71970  -22.822  5.007  -17.874 0.0000000000
71104  -22.716  4.950  -17.949 0.0000000000
71109  -22.708  4.835  -18.154 0.0000000000
71101  -23.002  4.984  -17.647 0.0000000000
71105  -22.922  5.001  -17.745 0.0000000000
70280  -20.153  4.389  -19.076 0.0000000000
70279  -20.019  4.463  -19.179 0.0000000000
70261  -21.328  4.879  -18.809 0.0000000000
70260  -21.048  4.403  -18.820 0.0000000000
70259  -20.990  4.369  -18.773 0.0000000000
70258  -20.759  4.417  -18.877 0.0000000000
70257  -20.168  4.281  -18.781 0.0000000000
70243  -22.160  4.457  -18.439 0.0000000000
70242  -22.032  4.333  -18.362 0.0000000000
70241  -21.929  4.428  -18.420 0.0000000000
70232  -22.597  4.459  -18.014 0.0000000000
70231  -22.312  4.393  -18.159 0.0000000000
70223  -22.767  4.501  -17.814 0.0000000000
70240  -21.298  4.642  -18.749 0.0000000000
69382  -21.290  4.030  -18.581 0.0000000000
69402  -21.050  4.079  -18.723 0.0000000000
69401  -21.008  4.009  -18.813 0.0000000000
70230  -22.068  4.138  -18.082 0.0000000000
69384  -22.007  4.013  -18.287 0.0000000000
69383  -21.906  4.015  -18.347 0.0000000000
69367  -22.553  4.084  -17.933 0.0000000000
69366  -22.248  3.965  -18.005 0.0000000000
69365  -22.164  4.018  -18.163 0.0000000000
72914  -19.021  5.408  -19.577 0.0000000000
73778  -19.156  5.890  -19.486 0.0000000000
74587  -19.921  6.023  -19.227 0.0000000000
75416  -19.963  6.244  -19.012 0.0000000000
