#!ascii label  , from subject  vox2ras=TkReg
510
49342  -22.013  -3.852  -12.380 0.0000000000
49341  -21.814  -3.929  -12.619 0.0000000000
48418  -21.997  -3.948  -12.477 0.0000000000
48419  -22.034  -4.018  -12.448 0.0000000000
49343  -22.293  -3.985  -12.465 0.0000000000
50283  -21.945  -3.396  -12.811 0.0000000000
49356  -22.355  -3.658  -12.787 0.0000000000
49355  -22.017  -3.604  -12.901 0.0000000000
50291  -22.008  -3.083  -12.675 0.0000000000
48435  -22.323  -3.994  -12.811 0.0000000000
50292  -22.027  -3.124  -12.941 0.0000000000
48436  -22.626  -3.970  -12.939 0.0000000000
49357  -22.686  -3.542  -12.984 0.0000000000
50293  -22.648  -3.102  -12.992 0.0000000000
48449  -22.580  -3.969  -13.028 0.0000000000
49375  -22.918  -3.558  -12.938 0.0000000000
50305  -22.794  -3.106  -12.990 0.0000000000
48450  -22.722  -3.882  -13.191 0.0000000000
49376  -22.977  -3.671  -13.225 0.0000000000
50306  -22.865  -3.163  -13.057 0.0000000000
48457  -22.899  -4.002  -13.799 0.0000000000
49391  -23.048  -3.630  -13.812 0.0000000000
50321  -23.099  -3.281  -13.482 0.0000000000
48469  -22.927  -3.925  -13.997 0.0000000000
49400  -23.018  -3.644  -14.002 0.0000000000
50337  -23.126  -3.303  -13.863 0.0000000000
49399  -22.876  -3.894  -13.985 0.0000000000
49414  -22.945  -3.599  -14.020 0.0000000000
50350  -23.008  -3.301  -14.095 0.0000000000
49413  -22.742  -3.679  -14.114 0.0000000000
50282  -21.593  -3.385  -12.226 0.0000000000
51212  -21.670  -2.993  -12.474 0.0000000000
51213  -21.953  -3.014  -12.617 0.0000000000
51220  -22.015  -3.000  -12.712 0.0000000000
51221  -22.435  -2.981  -12.932 0.0000000000
51222  -22.682  -2.976  -13.001 0.0000000000
51232  -22.799  -2.957  -13.140 0.0000000000
51233  -22.985  -3.012  -13.241 0.0000000000
51246  -23.240  -2.994  -13.462 0.0000000000
50322  -23.330  -3.188  -13.762 0.0000000000
50338  -23.237  -3.092  -13.913 0.0000000000
51247  -23.299  -2.989  -13.976 0.0000000000
51264  -23.121  -3.091  -14.013 0.0000000000
51265  -23.226  -2.999  -14.014 0.0000000000
50349  -22.571  -3.294  -14.529 0.0000000000
51278  -23.085  -3.009  -14.168 0.0000000000
51277  -22.993  -3.048  -14.271 0.0000000000
51202  -21.529  -2.987  -12.031 0.0000000000
52102  -21.614  -2.706  -12.255 0.0000000000
52103  -21.816  -2.703  -12.520 0.0000000000
52112  -21.979  -2.901  -12.640 0.0000000000
52113  -22.177  -2.750  -12.839 0.0000000000
52114  -22.654  -2.677  -12.825 0.0000000000
52122  -22.742  -2.637  -13.091 0.0000000000
52123  -22.967  -2.658  -13.100 0.0000000000
52135  -23.012  -2.861  -13.260 0.0000000000
52136  -23.352  -2.669  -13.584 0.0000000000
52151  -23.325  -2.698  -13.998 0.0000000000
51279  -23.244  -2.981  -14.049 0.0000000000
52170  -23.386  -2.784  -14.231 0.0000000000
50364  -22.526  -3.005  -14.605 0.0000000000
51293  -22.721  -2.877  -14.478 0.0000000000
51294  -22.981  -3.021  -14.337 0.0000000000
52169  -23.122  -2.692  -14.259 0.0000000000
52184  -22.998  -2.688  -14.442 0.0000000000
51292  -22.180  -3.013  -14.766 0.0000000000
52183  -22.658  -2.822  -14.586 0.0000000000
52089  -21.583  -2.875  -12.011 0.0000000000
52981  -21.718  -2.323  -12.068 0.0000000000
52992  -21.723  -2.345  -12.342 0.0000000000
52993  -21.987  -2.148  -12.533 0.0000000000
53004  -22.016  -2.461  -12.731 0.0000000000
53005  -22.356  -2.192  -12.774 0.0000000000
53006  -22.662  -2.251  -13.027 0.0000000000
53013  -22.875  -2.268  -13.168 0.0000000000
53014  -23.005  -2.159  -13.080 0.0000000000
52124  -23.203  -2.524  -13.201 0.0000000000
53015  -23.362  -2.231  -13.457 0.0000000000
53023  -23.373  -2.268  -13.833 0.0000000000
53030  -23.456  -2.216  -13.990 0.0000000000
53048  -23.101  -2.329  -14.332 0.0000000000
53049  -23.302  -2.321  -14.165 0.0000000000
52182  -22.168  -2.996  -14.732 0.0000000000
52196  -22.053  -2.611  -14.923 0.0000000000
52197  -22.619  -2.367  -14.865 0.0000000000
53067  -22.999  -2.086  -14.617 0.0000000000
53068  -22.994  -2.175  -14.517 0.0000000000
53085  -22.745  -2.004  -14.843 0.0000000000
53084  -22.267  -2.137  -14.993 0.0000000000
52977  -21.845  -2.235  -11.982 0.0000000000
52978  -21.961  -2.003  -11.954 0.0000000000
52982  -21.937  -1.997  -12.144 0.0000000000
53875  -21.963  -1.903  -11.949 0.0000000000
53878  -22.044  -1.928  -12.061 0.0000000000
53885  -22.013  -1.913  -12.238 0.0000000000
52994  -22.127  -2.010  -12.570 0.0000000000
53886  -22.242  -1.952  -12.593 0.0000000000
53897  -22.519  -1.967  -12.895 0.0000000000
53898  -22.817  -1.958  -13.010 0.0000000000
53906  -22.842  -2.001  -13.102 0.0000000000
53907  -22.966  -1.974  -12.990 0.0000000000
53908  -23.179  -2.005  -13.390 0.0000000000
53917  -23.392  -1.946  -13.890 0.0000000000
53925  -23.388  -2.012  -13.997 0.0000000000
53939  -23.184  -2.002  -14.165 0.0000000000
53938  -23.013  -2.022  -14.474 0.0000000000
53957  -22.994  -1.970  -14.565 0.0000000000
53956  -22.898  -2.016  -14.645 0.0000000000
53978  -22.834  -1.901  -14.938 0.0000000000
53872  -21.962  -1.961  -11.624 0.0000000000
54788  -21.974  -1.757  -11.764 0.0000000000
54791  -21.984  -1.744  -12.048 0.0000000000
54795  -22.027  -1.811  -12.068 0.0000000000
54796  -22.084  -1.605  -12.181 0.0000000000
54806  -22.336  -1.738  -12.926 0.0000000000
54807  -22.926  -1.547  -12.927 0.0000000000
53899  -22.982  -1.784  -12.995 0.0000000000
54808  -23.009  -1.535  -12.987 0.0000000000
54819  -23.042  -1.566  -13.001 0.0000000000
54820  -23.078  -1.577  -12.996 0.0000000000
54830  -23.364  -1.619  -13.721 0.0000000000
54839  -23.498  -1.719  -13.957 0.0000000000
54849  -23.379  -1.754  -14.005 0.0000000000
53958  -23.126  -2.012  -14.406 0.0000000000
54784  -21.982  -1.834  -11.320 0.0000000000
54785  -22.201  -1.531  -11.474 0.0000000000
54789  -22.278  -1.416  -11.987 0.0000000000
55671  -22.660  -1.073  -11.657 0.0000000000
55677  -22.609  -1.124  -12.000 0.0000000000
54792  -22.302  -1.459  -12.027 0.0000000000
55681  -22.601  -1.103  -12.122 0.0000000000
55685  -22.641  -1.012  -12.325 0.0000000000
54797  -22.590  -1.333  -12.724 0.0000000000
55686  -22.874  -1.009  -12.499 0.0000000000
55691  -23.001  -1.266  -12.855 0.0000000000
55692  -23.083  -1.196  -12.869 0.0000000000
55702  -23.068  -1.355  -13.011 0.0000000000
55703  -23.326  -1.150  -13.126 0.0000000000
55711  -23.417  -1.168  -13.920 0.0000000000
55719  -23.444  -1.256  -14.023 0.0000000000
55653  -22.415  -1.336  -11.121 0.0000000000
55654  -22.698  -1.010  -11.057 0.0000000000
55672  -22.441  -0.993  -11.375 0.0000000000
55678  -22.644  -0.980  -11.935 0.0000000000
56560  -22.638  -0.887  -11.187 0.0000000000
56589  -22.778  -0.977  -11.475 0.0000000000
55682  -22.737  -0.977  -12.017 0.0000000000
56607  -22.674  -0.881  -12.013 0.0000000000
56617  -22.813  -0.891  -12.131 0.0000000000
56621  -22.776  -0.910  -12.257 0.0000000000
55687  -23.009  -0.998  -12.624 0.0000000000
56622  -22.904  -0.856  -12.338 0.0000000000
56624  -23.057  -0.979  -12.724 0.0000000000
55693  -23.254  -1.040  -12.929 0.0000000000
56625  -23.176  -0.998  -12.934 0.0000000000
56628  -23.310  -0.983  -13.015 0.0000000000
56630  -23.383  -0.998  -13.696 0.0000000000
56632  -23.459  -1.004  -14.002 0.0000000000
56535  -22.820  -0.908  -10.924 0.0000000000
56561  -22.913  -0.890  -11.013 0.0000000000
56590  -22.724  -0.785  -11.352 0.0000000000
56608  -22.962  -0.814  -11.894 0.0000000000
57504  -23.003  -0.784  -11.191 0.0000000000
57528  -23.019  -0.788  -11.631 0.0000000000
56618  -22.983  -0.796  -12.051 0.0000000000
57543  -23.063  -0.614  -12.020 0.0000000000
57556  -23.012  -0.624  -12.007 0.0000000000
57563  -22.994  -0.782  -12.291 0.0000000000
55630  -22.823  -1.038  -10.750 0.0000000000
54774  -22.488  -1.446  -11.017 0.0000000000
54773  -22.221  -1.858  -11.000 0.0000000000
54772  -22.139  -1.951  -11.046 0.0000000000
53868  -22.001  -2.002  -11.164 0.0000000000
54756  -22.374  -1.763  -10.850 0.0000000000
54755  -22.243  -1.939  -11.006 0.0000000000
53853  -22.267  -1.984  -10.998 0.0000000000
53869  -22.164  -1.942  -10.978 0.0000000000
54737  -22.839  -1.601  -10.467 0.0000000000
53835  -22.836  -1.980  -10.383 0.0000000000
53854  -22.490  -1.911  -10.784 0.0000000000
54738  -23.009  -1.766  -10.222 0.0000000000
55607  -22.990  -1.255  -10.426 0.0000000000
52974  -21.976  -2.098  -11.479 0.0000000000
52970  -22.142  -2.104  -11.068 0.0000000000
52969  -21.969  -2.177  -11.006 0.0000000000
52963  -22.419  -2.007  -10.787 0.0000000000
52962  -22.169  -2.240  -10.954 0.0000000000
52949  -22.992  -2.246  -10.296 0.0000000000
52948  -22.620  -2.049  -10.625 0.0000000000
53836  -22.986  -1.985  -10.236 0.0000000000
52973  -21.646  -2.427  -11.370 0.0000000000
52081  -21.472  -2.910  -11.901 0.0000000000
52968  -21.901  -2.478  -11.004 0.0000000000
52073  -21.637  -2.720  -11.010 0.0000000000
52078  -21.404  -2.978  -11.335 0.0000000000
52961  -22.029  -2.308  -11.006 0.0000000000
52069  -21.931  -2.549  -10.886 0.0000000000
52074  -21.996  -2.597  -11.005 0.0000000000
52947  -22.343  -2.264  -10.671 0.0000000000
52063  -22.206  -2.613  -10.589 0.0000000000
52070  -22.012  -2.726  -10.747 0.0000000000
52930  -23.214  -2.137  -10.312 0.0000000000
52048  -23.043  -2.602  -10.081 0.0000000000
52065  -22.977  -2.474  -10.030 0.0000000000
52064  -22.702  -2.617  -10.321 0.0000000000
53815  -23.155  -1.994  -10.149 0.0000000000
52931  -23.275  -2.316  -9.999 0.0000000000
51190  -21.556  -2.988  -11.937 0.0000000000
52080  -21.355  -3.016  -11.701 0.0000000000
51189  -21.372  -3.020  -11.988 0.0000000000
52077  -21.344  -2.985  -11.421 0.0000000000
51186  -21.260  -3.023  -11.494 0.0000000000
51183  -21.587  -2.981  -10.980 0.0000000000
51187  -21.359  -3.009  -11.231 0.0000000000
52068  -21.805  -2.640  -10.924 0.0000000000
51177  -21.690  -2.787  -10.821 0.0000000000
51174  -22.224  -3.013  -10.439 0.0000000000
51179  -22.124  -2.979  -10.536 0.0000000000
51178  -21.935  -2.892  -10.746 0.0000000000
52047  -22.914  -2.778  -10.028 0.0000000000
51175  -22.656  -2.993  -10.137 0.0000000000
51165  -22.995  -3.001  -9.981 0.0000000000
51164  -22.875  -2.910  -10.020 0.0000000000
52049  -23.105  -2.823  -10.003 0.0000000000
50363  -22.014  -3.211  -14.612 0.0000000000
51291  -21.995  -2.991  -14.803 0.0000000000
51306  -22.027  -2.935  -14.880 0.0000000000
50362  -21.978  -3.259  -14.604 0.0000000000
51290  -21.756  -2.996  -14.869 0.0000000000
51305  -21.883  -2.875  -14.912 0.0000000000
51201  -21.403  -3.064  -12.006 0.0000000000
50274  -21.359  -3.460  -12.012 0.0000000000
50273  -21.290  -3.354  -12.027 0.0000000000
50259  -21.251  -3.222  -11.938 0.0000000000
51182  -21.386  -2.986  -10.989 0.0000000000
50249  -21.088  -3.390  -11.201 0.0000000000
50245  -21.596  -3.010  -10.933 0.0000000000
50244  -21.383  -3.211  -10.981 0.0000000000
51173  -22.011  -3.007  -10.600 0.0000000000
50240  -21.958  -3.002  -10.658 0.0000000000
50239  -21.780  -3.011  -10.726 0.0000000000
51163  -22.541  -2.979  -10.175 0.0000000000
50225  -22.307  -3.094  -10.015 0.0000000000
50236  -22.371  -3.113  -10.193 0.0000000000
50235  -22.045  -3.342  -10.553 0.0000000000
51147  -23.089  -3.048  -9.848 0.0000000000
50212  -23.027  -3.203  -9.818 0.0000000000
50227  -22.972  -3.029  -10.005 0.0000000000
50226  -22.936  -2.981  -10.007 0.0000000000
51148  -23.195  -2.995  -9.861 0.0000000000
51166  -23.010  -2.991  -10.039 0.0000000000
50213  -23.346  -3.019  -9.713 0.0000000000
51149  -23.732  -2.973  -9.512 0.0000000000
52026  -23.397  -2.719  -9.925 0.0000000000
50348  -22.054  -3.357  -14.662 0.0000000000
49412  -22.139  -3.758  -14.552 0.0000000000
49425  -22.007  -3.570  -14.415 0.0000000000
49424  -21.965  -3.635  -14.455 0.0000000000
49423  -21.850  -3.783  -14.487 0.0000000000
50361  -21.522  -3.268  -14.727 0.0000000000
49334  -21.402  -3.830  -12.164 0.0000000000
49333  -21.299  -3.829  -12.041 0.0000000000
49325  -21.171  -3.910  -11.889 0.0000000000
50248  -20.993  -3.656  -11.046 0.0000000000
49313  -20.983  -3.868  -11.568 0.0000000000
50243  -21.108  -3.681  -11.047 0.0000000000
49312  -20.917  -3.786  -11.232 0.0000000000
50238  -21.401  -3.339  -10.934 0.0000000000
49306  -21.094  -3.538  -10.991 0.0000000000
49305  -20.993  -3.798  -10.988 0.0000000000
50234  -21.990  -3.394  -10.437 0.0000000000
49302  -21.451  -3.429  -10.760 0.0000000000
49301  -21.039  -3.776  -10.842 0.0000000000
49298  -22.249  -3.585  -10.215 0.0000000000
49297  -22.010  -3.882  -10.146 0.0000000000
49296  -21.566  -3.908  -10.421 0.0000000000
50211  -22.877  -3.345  -9.834 0.0000000000
49288  -22.560  -3.272  -10.010 0.0000000000
49287  -22.171  -3.873  -10.028 0.0000000000
50190  -23.652  -3.611  -9.255 0.0000000000
49279  -23.052  -3.522  -9.677 0.0000000000
50214  -23.779  -3.154  -9.377 0.0000000000
49278  -22.991  -3.850  -9.579 0.0000000000
49277  -22.519  -3.755  -9.772 0.0000000000
49262  -23.798  -3.831  -9.098 0.0000000000
49261  -23.192  -3.942  -9.326 0.0000000000
50191  -24.010  -3.225  -9.208 0.0000000000
49411  -22.041  -3.945  -14.210 0.0000000000
49410  -21.959  -4.015  -14.212 0.0000000000
49409  -21.352  -3.997  -14.337 0.0000000000
49422  -21.205  -3.622  -14.540 0.0000000000
48482  -22.569  -4.012  -14.101 0.0000000000
48481  -22.228  -3.997  -14.135 0.0000000000
48480  -22.003  -4.102  -14.111 0.0000000000
48479  -21.567  -4.129  -14.232 0.0000000000
48478  -21.026  -4.023  -14.214 0.0000000000
49408  -21.002  -3.895  -14.258 0.0000000000
48468  -22.550  -4.078  -13.979 0.0000000000
48404  -21.595  -3.990  -12.267 0.0000000000
48417  -21.991  -4.022  -12.556 0.0000000000
48403  -21.319  -4.000  -12.042 0.0000000000
48394  -21.224  -3.990  -11.979 0.0000000000
49324  -20.983  -3.945  -11.597 0.0000000000
48393  -20.998  -4.001  -11.720 0.0000000000
48381  -20.875  -3.985  -11.382 0.0000000000
48370  -20.898  -3.877  -11.060 0.0000000000
49300  -20.976  -3.779  -10.897 0.0000000000
48365  -20.943  -3.876  -10.844 0.0000000000
49295  -21.101  -4.000  -10.663 0.0000000000
48360  -21.243  -3.997  -10.453 0.0000000000
48366  -20.997  -3.949  -10.731 0.0000000000
49286  -22.004  -4.026  -10.017 0.0000000000
48351  -22.009  -3.987  -10.023 0.0000000000
48362  -21.990  -4.012  -10.083 0.0000000000
48361  -21.844  -4.028  -10.178 0.0000000000
49276  -22.073  -3.939  -10.012 0.0000000000
48340  -22.280  -3.993  -9.816 0.0000000000
48352  -22.068  -4.018  -9.972 0.0000000000
49260  -23.053  -4.003  -9.427 0.0000000000
48331  -23.081  -3.996  -9.385 0.0000000000
48342  -22.962  -3.984  -9.491 0.0000000000
48341  -22.773  -3.971  -9.628 0.0000000000
48332  -23.362  -4.020  -9.267 0.0000000000
48467  -22.159  -4.135  -13.995 0.0000000000
48466  -21.983  -4.178  -14.031 0.0000000000
47551  -22.009  -4.425  -14.007 0.0000000000
47565  -21.925  -4.146  -14.087 0.0000000000
47564  -21.749  -4.306  -14.181 0.0000000000
47563  -21.286  -4.299  -14.162 0.0000000000
47562  -20.981  -4.243  -14.115 0.0000000000
48477  -20.883  -4.072  -14.136 0.0000000000
48456  -22.820  -4.007  -13.479 0.0000000000
47539  -22.581  -4.392  -13.634 0.0000000000
47553  -22.483  -4.067  -13.974 0.0000000000
47552  -22.210  -4.406  -13.923 0.0000000000
47531  -22.738  -4.073  -13.043 0.0000000000
47526  -22.637  -4.057  -12.949 0.0000000000
47525  -22.436  -4.251  -12.762 0.0000000000
47513  -22.053  -4.413  -12.238 0.0000000000
47512  -21.999  -4.384  -12.432 0.0000000000
47511  -21.632  -4.142  -12.384 0.0000000000
47493  -21.475  -4.312  -12.030 0.0000000000
47492  -21.219  -4.257  -11.976 0.0000000000
47480  -21.164  -4.345  -11.816 0.0000000000
47479  -21.007  -4.200  -11.730 0.0000000000
48380  -20.634  -3.996  -11.234 0.0000000000
47470  -20.942  -4.325  -11.541 0.0000000000
48369  -20.787  -4.005  -11.043 0.0000000000
47469  -20.457  -4.419  -11.047 0.0000000000
48364  -20.808  -3.989  -10.946 0.0000000000
47458  -20.656  -4.300  -10.957 0.0000000000
48359  -21.017  -4.017  -10.652 0.0000000000
47451  -20.931  -4.001  -10.725 0.0000000000
47450  -20.687  -4.316  -10.694 0.0000000000
48350  -21.912  -4.083  -10.058 0.0000000000
48349  -21.527  -4.095  -10.140 0.0000000000
47448  -21.194  -4.191  -10.363 0.0000000000
47447  -21.015  -4.183  -10.420 0.0000000000
48339  -22.048  -4.070  -9.993 0.0000000000
47439  -22.001  -4.062  -9.988 0.0000000000
47438  -21.823  -4.154  -9.999 0.0000000000
47437  -21.190  -4.237  -9.976 0.0000000000
48330  -22.979  -4.024  -9.433 0.0000000000
47430  -22.877  -4.027  -9.543 0.0000000000
47429  -22.282  -4.133  -9.773 0.0000000000
47428  -21.996  -4.208  -9.839 0.0000000000
48316  -23.549  -4.114  -9.134 0.0000000000
47421  -23.272  -4.251  -9.247 0.0000000000
48333  -23.715  -4.014  -9.030 0.0000000000
47420  -22.997  -4.370  -9.386 0.0000000000
47419  -22.818  -4.315  -9.155 0.0000000000
47550  -21.519  -4.636  -14.027 0.0000000000
47549  -21.025  -4.508  -14.011 0.0000000000
47548  -20.846  -4.277  -13.982 0.0000000000
47538  -22.270  -4.525  -13.978 0.0000000000
46608  -22.140  -4.825  -13.774 0.0000000000
46623  -22.023  -4.732  -13.984 0.0000000000
46622  -21.978  -4.577  -13.970 0.0000000000
46621  -21.839  -4.564  -13.943 0.0000000000
46620  -21.156  -4.530  -13.910 0.0000000000
46619  -21.014  -4.688  -13.894 0.0000000000
46596  -22.716  -4.497  -12.992 0.0000000000
46609  -22.481  -4.798  -13.246 0.0000000000
46588  -22.652  -4.365  -12.998 0.0000000000
46587  -22.496  -4.690  -12.982 0.0000000000
46582  -22.349  -4.917  -12.582 0.0000000000
46581  -22.036  -4.992  -12.413 0.0000000000
47494  -21.794  -4.511  -12.162 0.0000000000
46567  -21.930  -4.946  -12.309 0.0000000000
46566  -21.635  -4.885  -12.009 0.0000000000
46565  -21.378  -4.648  -11.993 0.0000000000
46547  -21.349  -4.730  -11.878 0.0000000000
46546  -21.033  -4.833  -11.924 0.0000000000
46534  -20.986  -4.888  -11.686 0.0000000000
46533  -20.660  -4.801  -11.356 0.0000000000
46522  -20.490  -4.933  -11.004 0.0000000000
46511  -20.347  -4.758  -10.894 0.0000000000
47446  -20.934  -4.286  -10.321 0.0000000000
46507  -20.537  -4.876  -10.296 0.0000000000
47436  -21.015  -4.653  -10.000 0.0000000000
46508  -20.914  -4.645  -10.018 0.0000000000
47427  -21.785  -4.269  -9.670 0.0000000000
46500  -21.313  -4.563  -10.016 0.0000000000
46499  -21.020  -4.760  -9.910 0.0000000000
46498  -20.904  -4.903  -10.037 0.0000000000
47418  -22.383  -4.705  -9.135 0.0000000000
46490  -22.059  -4.794  -9.536 0.0000000000
46489  -21.989  -4.963  -9.658 0.0000000000
46488  -21.377  -4.789  -9.780 0.0000000000
47407  -23.004  -4.475  -9.058 0.0000000000
46480  -22.993  -4.724  -9.060 0.0000000000
46479  -22.673  -4.945  -9.083 0.0000000000
46478  -22.096  -4.988  -9.327 0.0000000000
46607  -22.019  -4.981  -13.651 0.0000000000
46606  -21.987  -4.830  -13.621 0.0000000000
45693  -21.514  -4.840  -13.781 0.0000000000
45692  -21.169  -4.947  -13.738 0.0000000000
46595  -22.343  -4.941  -13.107 0.0000000000
45677  -22.216  -5.029  -13.415 0.0000000000
45676  -22.025  -5.057  -13.508 0.0000000000
45675  -21.726  -4.980  -13.667 0.0000000000
45663  -22.311  -5.024  -13.112 0.0000000000
45654  -22.342  -5.016  -12.941 0.0000000000
45648  -22.027  -5.000  -12.587 0.0000000000
45647  -22.005  -5.025  -12.347 0.0000000000
45641  -21.880  -5.009  -12.120 0.0000000000
46548  -21.579  -5.028  -11.941 0.0000000000
45625  -21.700  -5.003  -12.017 0.0000000000
45640  -21.649  -5.036  -12.021 0.0000000000
45624  -21.574  -4.982  -11.911 0.0000000000
45623  -21.104  -4.990  -11.753 0.0000000000
45606  -20.985  -4.998  -11.666 0.0000000000
45605  -20.910  -5.035  -11.584 0.0000000000
45592  -20.427  -5.000  -11.260 0.0000000000
46521  -20.270  -4.982  -11.030 0.0000000000
45591  -20.362  -5.018  -11.030 0.0000000000
46510  -20.238  -5.000  -10.789 0.0000000000
45579  -20.308  -5.081  -11.021 0.0000000000
46506  -20.340  -5.006  -10.543 0.0000000000
45570  -20.417  -4.996  -10.603 0.0000000000
46497  -20.745  -4.980  -10.014 0.0000000000
45563  -20.691  -5.007  -9.982 0.0000000000
45571  -20.604  -5.009  -10.032 0.0000000000
46487  -20.978  -4.870  -9.836 0.0000000000
46486  -20.900  -4.911  -9.902 0.0000000000
45552  -20.871  -4.986  -9.850 0.0000000000
45564  -20.828  -4.936  -9.955 0.0000000000
46477  -22.017  -4.941  -9.418 0.0000000000
45543  -22.001  -5.068  -9.392 0.0000000000
45555  -21.988  -4.971  -9.457 0.0000000000
45554  -21.592  -4.992  -9.643 0.0000000000
45553  -21.067  -5.011  -9.696 0.0000000000
46469  -22.965  -4.857  -8.994 0.0000000000
45674  -21.177  -5.038  -13.831 0.0000000000
45691  -21.017  -4.966  -13.750 0.0000000000
45673  -21.004  -5.006  -13.735 0.0000000000
46605  -21.001  -4.975  -13.726 0.0000000000
45662  -22.154  -5.165  -13.278 0.0000000000
44746  -21.992  -5.068  -13.439 0.0000000000
44745  -21.634  -5.582  -13.566 0.0000000000
44744  -21.040  -5.339  -13.485 0.0000000000
44727  -22.288  -5.233  -13.079 0.0000000000
44726  -21.990  -5.499  -13.135 0.0000000000
44715  -22.309  -5.297  -12.839 0.0000000000
44707  -22.250  -5.245  -12.552 0.0000000000
44706  -22.019  -5.418  -12.362 0.0000000000
44700  -21.734  -5.305  -12.069 0.0000000000
44699  -21.777  -5.430  -12.001 0.0000000000
44694  -21.802  -5.405  -11.911 0.0000000000
44693  -21.356  -5.038  -11.558 0.0000000000
44692  -21.003  -5.176  -11.596 0.0000000000
44676  -20.996  -5.292  -11.642 0.0000000000
44675  -20.785  -5.410  -11.471 0.0000000000
45542  -21.774  -5.021  -9.499 0.0000000000
45541  -21.362  -5.050  -9.542 0.0000000000
44725  -21.962  -5.676  -13.236 0.0000000000
43810  -21.704  -5.885  -13.135 0.0000000000
43826  -21.353  -5.933  -13.209 0.0000000000
43825  -21.017  -5.745  -13.344 0.0000000000
44714  -22.090  -5.502  -12.824 0.0000000000
43790  -21.896  -5.863  -13.002 0.0000000000
43811  -21.976  -5.760  -13.026 0.0000000000
43779  -21.997  -5.862  -12.793 0.0000000000
43771  -21.833  -5.713  -12.208 0.0000000000
43770  -21.558  -5.740  -12.026 0.0000000000
43764  -21.575  -5.922  -11.967 0.0000000000
43763  -21.366  -5.888  -11.721 0.0000000000
44677  -21.062  -5.493  -11.599 0.0000000000
43757  -21.069  -5.968  -11.583 0.0000000000
43756  -20.999  -5.914  -11.271 0.0000000000
43809  -21.203  -6.047  -13.148 0.0000000000
43789  -21.793  -5.954  -13.014 0.0000000000
42927  -21.659  -5.991  -13.018 0.0000000000
42944  -21.540  -6.034  -13.066 0.0000000000
42943  -21.261  -6.081  -13.103 0.0000000000
42907  -21.992  -6.003  -12.910 0.0000000000
42928  -21.847  -6.010  -12.991 0.0000000000
43778  -21.753  -5.994  -12.200 0.0000000000
42906  -21.828  -5.975  -12.499 0.0000000000
42895  -21.579  -6.126  -12.088 0.0000000000
42887  -21.523  -6.003  -12.014 0.0000000000
42886  -21.554  -6.025  -11.895 0.0000000000
42881  -21.339  -6.013  -11.419 0.0000000000
42880  -20.989  -6.001  -11.383 0.0000000000
42926  -21.358  -6.145  -13.031 0.0000000000
42025  -21.549  -6.051  -12.907 0.0000000000
42009  -21.725  -6.192  -12.532 0.0000000000
42894  -21.468  -6.102  -11.987 0.0000000000
41992  -21.582  -6.115  -11.993 0.0000000000
42024  -21.101  -6.345  -13.001 0.0000000000
