#!ascii label  , from subject  vox2ras=TkReg
690
37981  -18.680  -7.728  -3.681 0.0000000000
37980  -18.279  -7.906  -3.936 0.0000000000
37968  -18.569  -7.936  -3.526 0.0000000000
37969  -18.990  -7.680  -3.360 0.0000000000
38876  -18.992  -7.485  -3.706 0.0000000000
38875  -18.589  -7.554  -3.977 0.0000000000
38886  -18.458  -7.773  -3.997 0.0000000000
38887  -18.959  -7.446  -4.005 0.0000000000
38864  -19.031  -7.610  -3.478 0.0000000000
38877  -19.069  -7.318  -3.859 0.0000000000
38888  -19.053  -7.364  -4.005 0.0000000000
38865  -19.123  -7.574  -3.382 0.0000000000
39796  -18.974  -7.120  -3.997 0.0000000000
39810  -19.121  -7.145  -4.095 0.0000000000
37995  -18.199  -7.979  -3.992 0.0000000000
38901  -18.495  -7.564  -4.320 0.0000000000
38902  -18.876  -7.282  -4.163 0.0000000000
39809  -19.034  -7.198  -4.171 0.0000000000
39822  -19.054  -7.029  -4.582 0.0000000000
38012  -18.145  -7.954  -4.200 0.0000000000
38900  -18.073  -7.744  -4.612 0.0000000000
38916  -18.245  -7.528  -4.950 0.0000000000
39821  -18.868  -7.014  -4.583 0.0000000000
39833  -18.638  -7.058  -4.992 0.0000000000
38915  -18.080  -7.611  -4.873 0.0000000000
38929  -18.078  -7.547  -4.975 0.0000000000
39847  -18.628  -7.363  -5.017 0.0000000000
38928  -18.000  -7.628  -5.022 0.0000000000
39846  -18.174  -7.426  -5.158 0.0000000000
39783  -19.005  -7.080  -3.505 0.0000000000
39797  -19.316  -6.980  -3.759 0.0000000000
40738  -19.146  -6.999  -3.961 0.0000000000
40756  -19.156  -7.005  -4.004 0.0000000000
39784  -19.587  -7.162  -3.286 0.0000000000
40739  -19.289  -7.009  -3.835 0.0000000000
39823  -19.070  -7.041  -4.325 0.0000000000
40776  -19.047  -6.892  -4.374 0.0000000000
39834  -18.817  -6.963  -4.823 0.0000000000
40775  -18.986  -6.930  -4.455 0.0000000000
40788  -18.882  -6.850  -4.719 0.0000000000
39848  -18.772  -7.023  -5.006 0.0000000000
40803  -18.783  -6.908  -4.990 0.0000000000
39860  -17.984  -7.244  -5.547 0.0000000000
39861  -18.272  -7.209  -5.480 0.0000000000
40802  -18.653  -6.984  -5.070 0.0000000000
40814  -18.535  -6.998  -5.287 0.0000000000
38940  -18.006  -7.507  -5.314 0.0000000000
39859  -17.824  -7.215  -5.861 0.0000000000
39878  -17.868  -6.980  -6.000 0.0000000000
39879  -18.030  -7.057  -5.925 0.0000000000
39880  -18.150  -7.042  -5.792 0.0000000000
39877  -17.332  -7.013  -5.982 0.0000000000
39897  -17.393  -7.128  -6.085 0.0000000000
39898  -17.842  -7.185  -6.137 0.0000000000
39899  -18.067  -6.955  -5.983 0.0000000000
40831  -18.046  -7.024  -6.002 0.0000000000
40832  -18.333  -7.015  -5.752 0.0000000000
39896  -17.025  -7.011  -5.994 0.0000000000
40854  -17.006  -6.870  -6.038 0.0000000000
40855  -17.466  -6.967  -6.043 0.0000000000
40856  -18.001  -7.007  -6.045 0.0000000000
40857  -18.053  -6.879  -6.028 0.0000000000
40757  -19.328  -6.773  -3.953 0.0000000000
40723  -19.673  -6.995  -3.374 0.0000000000
40740  -19.648  -6.979  -3.552 0.0000000000
41691  -19.517  -6.602  -3.985 0.0000000000
41712  -19.543  -6.395  -3.954 0.0000000000
40724  -19.910  -6.938  -3.051 0.0000000000
41692  -19.973  -6.481  -3.321 0.0000000000
41711  -19.364  -6.632  -4.016 0.0000000000
41731  -19.148  -6.690  -4.498 0.0000000000
40789  -19.101  -6.890  -4.690 0.0000000000
41744  -19.021  -6.541  -4.821 0.0000000000
41743  -18.949  -6.673  -4.760 0.0000000000
41756  -18.890  -6.543  -4.966 0.0000000000
40815  -18.766  -6.780  -5.117 0.0000000000
41766  -18.978  -6.234  -5.275 0.0000000000
40833  -18.743  -6.503  -5.677 0.0000000000
40858  -18.279  -6.995  -6.027 0.0000000000
41776  -18.607  -6.421  -5.990 0.0000000000
41777  -18.783  -6.039  -5.809 0.0000000000
40830  -17.004  -6.957  -5.973 0.0000000000
40853  -16.905  -6.864  -5.991 0.0000000000
41793  -16.971  -6.730  -6.164 0.0000000000
40870  -17.128  -6.880  -6.199 0.0000000000
41807  -16.992  -6.451  -6.345 0.0000000000
40871  -17.692  -6.950  -6.198 0.0000000000
40872  -18.008  -6.722  -6.249 0.0000000000
41795  -17.991  -6.588  -6.178 0.0000000000
41794  -18.105  -6.597  -6.235 0.0000000000
41796  -18.328  -6.430  -6.070 0.0000000000
41808  -17.322  -6.471  -6.490 0.0000000000
41809  -17.940  -6.419  -6.570 0.0000000000
42617  -19.902  -6.001  -3.787 0.0000000000
42637  -19.740  -6.012  -4.006 0.0000000000
41678  -19.987  -6.463  -3.307 0.0000000000
42618  -20.011  -5.995  -3.673 0.0000000000
41732  -19.510  -6.157  -4.013 0.0000000000
42657  -19.508  -5.976  -4.195 0.0000000000
42656  -19.164  -5.996  -4.370 0.0000000000
42670  -19.149  -6.089  -4.954 0.0000000000
41757  -19.040  -6.302  -5.061 0.0000000000
42682  -18.942  -6.068  -5.090 0.0000000000
42683  -19.102  -6.079  -5.204 0.0000000000
42690  -18.883  -5.967  -5.539 0.0000000000
42698  -18.686  -6.075  -5.997 0.0000000000
42699  -18.832  -5.985  -5.981 0.0000000000
41792  -16.419  -6.630  -6.316 0.0000000000
41806  -16.873  -6.492  -6.613 0.0000000000
41810  -18.010  -6.233  -6.532 0.0000000000
42709  -18.151  -6.220  -6.289 0.0000000000
42710  -18.505  -6.023  -6.174 0.0000000000
42708  -16.680  -6.315  -6.691 0.0000000000
42717  -16.960  -6.091  -6.586 0.0000000000
42718  -17.077  -6.006  -6.672 0.0000000000
42719  -17.476  -6.026  -6.806 0.0000000000
42720  -17.881  -6.040  -6.722 0.0000000000
42721  -18.119  -6.074  -6.706 0.0000000000
42638  -19.862  -5.971  -3.854 0.0000000000
42605  -20.061  -6.186  -3.380 0.0000000000
42619  -20.100  -6.136  -3.497 0.0000000000
43490  -20.127  -5.984  -3.597 0.0000000000
43489  -20.003  -5.965  -3.747 0.0000000000
43508  -19.896  -5.898  -3.906 0.0000000000
42606  -20.223  -6.238  -3.264 0.0000000000
43507  -19.775  -5.954  -3.983 0.0000000000
43528  -19.746  -5.893  -4.061 0.0000000000
42671  -19.441  -5.987  -4.599 0.0000000000
43543  -19.496  -5.984  -4.748 0.0000000000
43542  -19.144  -5.775  -4.982 0.0000000000
43554  -19.183  -5.920  -5.079 0.0000000000
42691  -19.004  -6.016  -5.403 0.0000000000
43563  -19.055  -5.894  -5.484 0.0000000000
43562  -18.952  -5.852  -5.558 0.0000000000
43572  -18.875  -5.789  -5.814 0.0000000000
42711  -18.806  -5.961  -6.003 0.0000000000
42707  -16.102  -6.086  -6.241 0.0000000000
42716  -16.327  -6.000  -6.356 0.0000000000
42722  -18.317  -5.957  -6.423 0.0000000000
43583  -18.795  -5.925  -6.069 0.0000000000
43584  -18.860  -5.720  -5.977 0.0000000000
43582  -16.140  -5.986  -6.135 0.0000000000
43589  -16.316  -5.908  -6.317 0.0000000000
43590  -17.025  -5.945  -6.571 0.0000000000
43591  -16.948  -5.962  -6.643 0.0000000000
42731  -17.019  -5.990  -6.697 0.0000000000
42732  -17.587  -6.014  -6.913 0.0000000000
42733  -17.923  -5.997  -6.809 0.0000000000
42734  -18.045  -5.988  -6.738 0.0000000000
43592  -18.134  -5.906  -6.720 0.0000000000
43593  -18.398  -5.994  -6.750 0.0000000000
43607  -17.125  -5.772  -6.848 0.0000000000
43608  -17.604  -5.768  -6.849 0.0000000000
43609  -17.999  -5.690  -6.902 0.0000000000
43610  -18.044  -5.704  -6.962 0.0000000000
43473  -20.322  -6.068  -3.333 0.0000000000
43474  -20.578  -5.958  -3.146 0.0000000000
43491  -20.350  -5.880  -3.420 0.0000000000
43509  -20.023  -5.860  -3.985 0.0000000000
44393  -20.004  -5.756  -3.839 0.0000000000
43529  -19.911  -5.736  -4.023 0.0000000000
44416  -19.995  -5.636  -4.057 0.0000000000
44417  -20.047  -5.558  -4.046 0.0000000000
44437  -19.954  -5.252  -4.200 0.0000000000
44436  -19.664  -5.625  -4.430 0.0000000000
44456  -19.439  -5.353  -4.849 0.0000000000
44455  -19.262  -5.414  -4.994 0.0000000000
44472  -19.351  -5.512  -5.003 0.0000000000
44480  -19.165  -5.544  -5.285 0.0000000000
43573  -18.981  -5.777  -5.676 0.0000000000
44488  -19.001  -5.574  -5.818 0.0000000000
44487  -18.897  -5.638  -5.869 0.0000000000
44497  -18.863  -5.573  -5.955 0.0000000000
43581  -16.005  -5.888  -6.078 0.0000000000
43594  -19.008  -5.730  -6.338 0.0000000000
44506  -18.991  -5.527  -6.193 0.0000000000
43611  -18.375  -5.622  -6.877 0.0000000000
43612  -18.872  -5.536  -6.941 0.0000000000
44394  -20.540  -5.158  -3.730 0.0000000000
44418  -20.610  -5.197  -4.018 0.0000000000
44438  -20.010  -5.359  -4.502 0.0000000000
45348  -20.311  -5.167  -4.186 0.0000000000
44457  -19.760  -4.995  -4.746 0.0000000000
45368  -19.993  -5.047  -4.471 0.0000000000
45369  -20.058  -5.021  -4.324 0.0000000000
44473  -19.469  -5.097  -5.006 0.0000000000
45390  -19.563  -4.993  -4.975 0.0000000000
45391  -19.734  -4.942  -4.718 0.0000000000
45407  -19.268  -5.098  -5.028 0.0000000000
45408  -19.477  -4.996  -5.079 0.0000000000
45415  -19.127  -5.036  -5.484 0.0000000000
45424  -19.179  -5.012  -5.975 0.0000000000
44498  -19.051  -5.412  -6.026 0.0000000000
46296  -19.944  -4.841  -4.491 0.0000000000
46321  -19.877  -4.676  -4.777 0.0000000000
46320  -19.625  -4.808  -4.866 0.0000000000
46340  -19.530  -4.926  -5.052 0.0000000000
45416  -19.394  -5.008  -5.569 0.0000000000
46341  -19.743  -4.634  -5.018 0.0000000000
42706  -16.095  -6.015  -6.082 0.0000000000
41791  -16.128  -6.278  -6.039 0.0000000000
42697  -15.987  -6.030  -6.021 0.0000000000
41790  -16.009  -6.140  -5.974 0.0000000000
43571  -16.004  -5.972  -6.008 0.0000000000
42689  -15.960  -6.124  -5.816 0.0000000000
41774  -15.987  -6.231  -5.945 0.0000000000
42696  -15.920  -5.991  -5.856 0.0000000000
42688  -15.947  -6.040  -5.632 0.0000000000
43570  -15.847  -5.836  -5.983 0.0000000000
43561  -15.665  -6.021  -5.502 0.0000000000
41764  -16.078  -6.549  -5.418 0.0000000000
42681  -15.715  -5.980  -5.051 0.0000000000
41763  -16.011  -6.248  -5.322 0.0000000000
43553  -15.595  -5.998  -5.293 0.0000000000
42680  -15.059  -6.029  -5.006 0.0000000000
41754  -15.576  -6.616  -4.974 0.0000000000
43552  -15.318  -5.921  -5.115 0.0000000000
42679  -14.969  -6.172  -5.102 0.0000000000
41753  -15.078  -6.534  -5.066 0.0000000000
43551  -14.997  -5.980  -5.078 0.0000000000
42678  -14.719  -6.181  -5.065 0.0000000000
41752  -14.972  -6.493  -5.032 0.0000000000
43550  -14.767  -5.990  -5.094 0.0000000000
42669  -14.630  -6.204  -5.003 0.0000000000
41751  -14.817  -6.395  -5.054 0.0000000000
42677  -14.545  -6.003  -5.074 0.0000000000
42668  -14.342  -6.016  -4.909 0.0000000000
43549  -14.330  -5.856  -5.045 0.0000000000
41741  -14.616  -6.375  -4.996 0.0000000000
42655  -14.079  -6.076  -4.659 0.0000000000
41740  -14.223  -6.116  -4.797 0.0000000000
42667  -14.055  -5.988  -4.751 0.0000000000
42654  -13.990  -6.026  -4.661 0.0000000000
43541  -14.085  -5.876  -4.874 0.0000000000
43540  -14.040  -5.809  -4.716 0.0000000000
41729  -13.997  -6.509  -4.392 0.0000000000
42653  -13.623  -6.014  -4.650 0.0000000000
41728  -13.848  -6.473  -4.315 0.0000000000
43527  -13.926  -6.017  -4.585 0.0000000000
42636  -13.437  -6.022  -4.178 0.0000000000
41727  -13.617  -6.242  -4.310 0.0000000000
43526  -13.628  -6.003  -4.313 0.0000000000
42635  -13.246  -6.047  -3.974 0.0000000000
41709  -13.552  -6.429  -4.113 0.0000000000
43506  -13.300  -5.999  -3.994 0.0000000000
42616  -13.069  -6.009  -3.693 0.0000000000
41708  -13.164  -6.184  -3.985 0.0000000000
43505  -13.078  -5.770  -3.970 0.0000000000
41679  -20.057  -6.476  -3.172 0.0000000000
41666  -20.087  -6.576  -3.027 0.0000000000
42595  -20.326  -6.204  -3.019 0.0000000000
42607  -20.447  -6.130  -3.080 0.0000000000
41651  -20.263  -6.234  -2.898 0.0000000000
42578  -20.363  -5.993  -2.941 0.0000000000
42596  -20.534  -5.987  -2.954 0.0000000000
40852  -16.728  -6.747  -5.996 0.0000000000
41775  -16.285  -6.457  -5.972 0.0000000000
41765  -15.988  -6.569  -5.485 0.0000000000
40828  -16.480  -6.824  -5.725 0.0000000000
40812  -16.142  -6.868  -5.227 0.0000000000
41755  -15.992  -6.755  -5.222 0.0000000000
40811  -16.042  -6.849  -5.049 0.0000000000
40800  -15.964  -7.012  -5.077 0.0000000000
40799  -15.475  -6.986  -5.058 0.0000000000
40798  -15.110  -6.875  -4.992 0.0000000000
41742  -14.999  -6.755  -4.924 0.0000000000
40797  -14.996  -6.791  -4.998 0.0000000000
40786  -15.003  -6.977  -4.837 0.0000000000
41730  -14.512  -6.626  -4.600 0.0000000000
40785  -14.857  -6.914  -4.680 0.0000000000
40773  -14.586  -7.015  -4.233 0.0000000000
40772  -14.053  -6.867  -4.053 0.0000000000
41710  -13.835  -6.671  -4.148 0.0000000000
40771  -13.989  -6.745  -4.117 0.0000000000
40753  -13.936  -6.849  -3.987 0.0000000000
41690  -13.520  -6.585  -4.066 0.0000000000
40752  -13.724  -6.746  -4.064 0.0000000000
41689  -13.197  -6.450  -3.970 0.0000000000
40735  -13.776  -6.953  -3.811 0.0000000000
41677  -12.994  -6.518  -3.172 0.0000000000
40720  -13.393  -6.904  -3.283 0.0000000000
40734  -13.468  -6.829  -3.941 0.0000000000
41665  -19.987  -6.452  -3.000 0.0000000000
40711  -19.980  -6.790  -2.999 0.0000000000
41664  -13.037  -6.598  -3.055 0.0000000000
40709  -13.167  -6.841  -2.978 0.0000000000
41676  -12.878  -6.320  -3.231 0.0000000000
41663  -12.952  -6.440  -2.920 0.0000000000
42604  -13.015  -6.003  -3.345 0.0000000000
40712  -19.984  -6.802  -2.900 0.0000000000
40700  -20.057  -6.846  -2.793 0.0000000000
40708  -13.023  -6.725  -2.970 0.0000000000
40829  -16.967  -6.960  -5.920 0.0000000000
39876  -17.011  -7.026  -5.945 0.0000000000
40813  -16.654  -6.976  -5.615 0.0000000000
39875  -16.843  -7.072  -5.891 0.0000000000
39856  -16.684  -7.022  -5.477 0.0000000000
40801  -16.038  -6.979  -5.100 0.0000000000
39855  -16.184  -6.984  -5.198 0.0000000000
39843  -16.292  -7.089  -5.125 0.0000000000
39842  -15.892  -7.120  -5.028 0.0000000000
39841  -15.392  -7.067  -5.036 0.0000000000
40787  -15.037  -6.977  -4.919 0.0000000000
39840  -15.119  -7.036  -4.990 0.0000000000
39830  -15.144  -7.011  -4.717 0.0000000000
40774  -14.882  -7.052  -4.472 0.0000000000
39829  -15.009  -6.988  -4.618 0.0000000000
39819  -14.811  -7.094  -4.345 0.0000000000
40755  -14.454  -6.997  -4.095 0.0000000000
39818  -14.605  -7.031  -4.173 0.0000000000
40754  -14.215  -6.955  -3.936 0.0000000000
39806  -14.549  -7.004  -3.985 0.0000000000
40737  -14.039  -6.949  -3.726 0.0000000000
39793  -14.123  -6.985  -3.732 0.0000000000
39805  -14.314  -7.023  -3.921 0.0000000000
40736  -13.866  -6.984  -3.615 0.0000000000
39792  -13.945  -7.022  -3.629 0.0000000000
40722  -13.905  -7.016  -3.234 0.0000000000
39781  -13.865  -7.163  -3.353 0.0000000000
40721  -13.506  -6.994  -3.138 0.0000000000
39785  -19.913  -7.003  -3.050 0.0000000000
39774  -19.875  -7.038  -2.972 0.0000000000
39780  -13.644  -7.088  -3.243 0.0000000000
40710  -13.312  -6.991  -3.001 0.0000000000
39771  -13.531  -7.156  -3.041 0.0000000000
40699  -19.977  -6.878  -2.861 0.0000000000
39762  -20.013  -6.996  -2.717 0.0000000000
39770  -13.224  -7.001  -2.924 0.0000000000
40698  -13.067  -6.945  -2.777 0.0000000000
39760  -13.086  -7.020  -2.714 0.0000000000
40697  -13.001  -6.870  -2.799 0.0000000000
39763  -20.215  -6.958  -2.515 0.0000000000
40677  -20.392  -6.920  -2.281 0.0000000000
41630  -20.346  -6.560  -2.403 0.0000000000
39759  -12.999  -7.011  -2.725 0.0000000000
40696  -12.617  -7.031  -2.606 0.0000000000
39758  -12.776  -7.047  -2.839 0.0000000000
41650  -12.885  -6.756  -2.891 0.0000000000
39858  -17.185  -7.134  -5.777 0.0000000000
39857  -17.068  -7.141  -5.616 0.0000000000
38939  -17.639  -7.495  -5.301 0.0000000000
38938  -17.159  -7.510  -5.296 0.0000000000
39845  -16.986  -7.306  -5.323 0.0000000000
38937  -16.993  -7.543  -5.227 0.0000000000
39844  -16.885  -7.255  -5.211 0.0000000000
38925  -17.001  -7.660  -4.979 0.0000000000
38924  -16.811  -7.590  -5.011 0.0000000000
38923  -16.129  -7.296  -5.033 0.0000000000
39832  -15.958  -7.260  -4.983 0.0000000000
38922  -15.989  -7.265  -4.985 0.0000000000
39831  -15.665  -7.174  -4.972 0.0000000000
38911  -16.017  -7.508  -4.809 0.0000000000
38910  -15.408  -7.420  -4.687 0.0000000000
39820  -14.984  -7.125  -4.377 0.0000000000
38909  -14.998  -7.161  -4.581 0.0000000000
39808  -15.039  -7.387  -4.086 0.0000000000
38897  -15.171  -7.501  -4.051 0.0000000000
39807  -14.893  -7.225  -4.030 0.0000000000
38884  -15.202  -7.588  -4.004 0.0000000000
39795  -14.953  -7.317  -3.971 0.0000000000
38873  -15.021  -7.594  -3.719 0.0000000000
38883  -15.033  -7.299  -3.901 0.0000000000
39794  -14.535  -7.098  -4.007 0.0000000000
38872  -14.807  -7.554  -3.647 0.0000000000
38871  -14.240  -7.121  -3.781 0.0000000000
39782  -13.986  -7.166  -3.487 0.0000000000
38861  -14.112  -7.351  -3.353 0.0000000000
39773  -19.890  -7.178  -2.988 0.0000000000
38866  -19.546  -7.659  -3.181 0.0000000000
38853  -19.494  -7.618  -3.002 0.0000000000
38860  -13.994  -7.418  -3.274 0.0000000000
39772  -13.836  -7.316  -3.133 0.0000000000
38849  -14.063  -7.602  -3.046 0.0000000000
38854  -19.789  -7.194  -2.966 0.0000000000
38842  -19.865  -7.423  -2.625 0.0000000000
38848  -13.845  -7.523  -3.000 0.0000000000
39761  -13.397  -7.124  -2.941 0.0000000000
38839  -13.830  -7.496  -2.798 0.0000000000
39739  -20.317  -7.010  -2.333 0.0000000000
39738  -19.997  -7.001  -2.649 0.0000000000
38838  -13.155  -7.260  -2.584 0.0000000000
39737  -13.014  -7.210  -2.426 0.0000000000
38820  -13.051  -7.530  -2.212 0.0000000000
38822  -20.052  -7.384  -2.300 0.0000000000
38927  -17.826  -7.627  -5.026 0.0000000000
38926  -17.324  -7.737  -5.022 0.0000000000
38914  -17.977  -7.658  -4.903 0.0000000000
38038  -17.710  -7.740  -4.990 0.0000000000
38037  -17.242  -7.859  -4.979 0.0000000000
38036  -17.026  -7.734  -5.016 0.0000000000
38913  -16.841  -7.715  -5.004 0.0000000000
38035  -16.941  -7.759  -4.900 0.0000000000
38912  -16.183  -7.706  -5.022 0.0000000000
38027  -18.014  -7.822  -4.790 0.0000000000
38011  -18.021  -7.875  -4.503 0.0000000000
38026  -17.630  -7.893  -4.801 0.0000000000
38023  -16.596  -7.997  -4.774 0.0000000000
38022  -16.048  -7.854  -4.642 0.0000000000
38899  -15.988  -7.797  -4.456 0.0000000000
38021  -16.002  -7.647  -4.665 0.0000000000
38898  -15.753  -7.791  -4.173 0.0000000000
38005  -16.001  -7.943  -4.193 0.0000000000
38885  -15.609  -7.806  -4.010 0.0000000000
38004  -15.863  -7.948  -4.061 0.0000000000
37990  -15.660  -7.834  -3.969 0.0000000000
38874  -15.254  -7.522  -3.801 0.0000000000
37989  -15.236  -7.869  -3.969 0.0000000000
37976  -15.311  -7.861  -3.714 0.0000000000
38863  -14.982  -7.851  -3.360 0.0000000000
37965  -15.020  -7.850  -3.340 0.0000000000
37975  -15.016  -7.915  -3.803 0.0000000000
38862  -14.738  -7.881  -3.192 0.0000000000
38852  -19.203  -7.882  -3.028 0.0000000000
37970  -19.005  -7.959  -3.112 0.0000000000
37958  -19.105  -7.983  -3.005 0.0000000000
37964  -14.972  -7.981  -3.101 0.0000000000
38851  -14.627  -7.923  -2.995 0.0000000000
37954  -14.785  -7.997  -2.989 0.0000000000
38850  -14.203  -7.683  -3.017 0.0000000000
38841  -19.705  -7.544  -2.831 0.0000000000
37959  -19.274  -7.867  -2.953 0.0000000000
37946  -19.578  -7.816  -2.672 0.0000000000
37953  -14.266  -7.925  -2.924 0.0000000000
37952  -14.007  -8.010  -3.005 0.0000000000
38840  -13.973  -7.689  -2.964 0.0000000000
37942  -14.032  -7.909  -2.687 0.0000000000
37947  -19.841  -7.888  -2.466 0.0000000000
37933  -19.996  -7.924  -2.115 0.0000000000
37941  -13.960  -7.921  -2.639 0.0000000000
38821  -13.386  -7.814  -2.162 0.0000000000
37929  -13.874  -7.988  -2.415 0.0000000000
38823  -20.218  -7.559  -2.143 0.0000000000
37928  -13.317  -7.971  -2.001 0.0000000000
38025  -16.977  -7.957  -4.679 0.0000000000
38024  -17.012  -7.971  -4.534 0.0000000000
38010  -18.024  -8.002  -4.502 0.0000000000
38009  -17.538  -8.001  -4.441 0.0000000000
38008  -17.145  -8.075  -4.455 0.0000000000
38007  -16.792  -8.085  -4.319 0.0000000000
38006  -16.282  -7.999  -4.158 0.0000000000
37994  -18.138  -8.008  -4.183 0.0000000000
37176  -18.057  -8.035  -4.315 0.0000000000
37175  -17.978  -8.146  -4.392 0.0000000000
37174  -17.454  -8.198  -4.295 0.0000000000
37173  -17.114  -8.215  -4.252 0.0000000000
37993  -16.727  -8.170  -4.150 0.0000000000
37172  -16.889  -8.243  -4.196 0.0000000000
37992  -16.516  -8.007  -3.986 0.0000000000
37991  -15.972  -8.038  -4.011 0.0000000000
37979  -18.076  -8.027  -4.007 0.0000000000
37155  -18.051  -8.134  -4.115 0.0000000000
37151  -16.736  -8.275  -4.040 0.0000000000
37150  -16.312  -8.089  -4.025 0.0000000000
37978  -15.989  -7.997  -3.956 0.0000000000
37149  -16.089  -8.052  -3.922 0.0000000000
37977  -15.926  -7.983  -3.823 0.0000000000
37139  -18.221  -7.990  -3.869 0.0000000000
37138  -18.067  -8.189  -3.773 0.0000000000
37132  -15.928  -8.085  -3.843 0.0000000000
37967  -15.873  -8.012  -3.260 0.0000000000
37131  -15.982  -8.152  -3.656 0.0000000000
37966  -15.451  -8.014  -3.083 0.0000000000
37957  -18.983  -7.956  -3.102 0.0000000000
37125  -18.939  -7.982  -3.122 0.0000000000
37124  -18.498  -8.160  -3.376 0.0000000000
37118  -15.686  -8.226  -3.278 0.0000000000
37956  -15.050  -8.051  -3.066 0.0000000000
37117  -15.228  -8.087  -3.129 0.0000000000
37955  -14.987  -8.027  -3.010 0.0000000000
37945  -19.125  -8.005  -2.933 0.0000000000
37111  -19.001  -8.032  -2.983 0.0000000000
37110  -18.990  -8.110  -3.025 0.0000000000
37105  -15.063  -8.107  -3.008 0.0000000000
37104  -14.949  -8.094  -3.006 0.0000000000
37944  -14.691  -8.035  -2.937 0.0000000000
37103  -14.816  -8.054  -3.006 0.0000000000
37943  -14.257  -7.955  -2.669 0.0000000000
37932  -19.741  -7.959  -2.346 0.0000000000
37098  -19.320  -8.038  -2.717 0.0000000000
37084  -19.811  -8.006  -2.210 0.0000000000
37097  -19.067  -8.101  -2.903 0.0000000000
37092  -14.549  -8.118  -2.719 0.0000000000
37931  -14.048  -8.033  -2.435 0.0000000000
37081  -14.062  -8.087  -2.327 0.0000000000
37091  -14.193  -8.000  -2.562 0.0000000000
37930  -13.997  -7.974  -2.196 0.0000000000
37085  -19.919  -8.255  -2.079 0.0000000000
37073  -19.987  -8.079  -2.004 0.0000000000
37919  -20.022  -7.991  -2.031 0.0000000000
37934  -20.059  -7.983  -2.029 0.0000000000
37080  -13.955  -8.023  -2.215 0.0000000000
37918  -13.870  -8.015  -2.025 0.0000000000
37071  -13.893  -8.139  -2.072 0.0000000000
37917  -13.439  -7.995  -1.996 0.0000000000
37920  -20.125  -7.946  -1.963 0.0000000000
37154  -17.776  -8.252  -4.043 0.0000000000
37153  -17.371  -8.255  -4.041 0.0000000000
37152  -17.015  -8.248  -4.052 0.0000000000
37137  -17.823  -8.233  -3.586 0.0000000000
37136  -17.163  -8.264  -3.896 0.0000000000
37135  -16.981  -8.260  -3.962 0.0000000000
37134  -16.905  -8.312  -3.808 0.0000000000
37133  -16.187  -8.235  -3.917 0.0000000000
37123  -18.125  -8.373  -3.225 0.0000000000
36381  -17.859  -8.601  -3.178 0.0000000000
36365  -18.017  -8.610  -3.103 0.0000000000
37122  -18.021  -8.494  -3.302 0.0000000000
36380  -17.263  -8.605  -3.581 0.0000000000
36379  -17.010  -8.481  -3.604 0.0000000000
36378  -17.008  -8.509  -3.725 0.0000000000
37121  -16.602  -8.520  -3.327 0.0000000000
36362  -16.994  -8.671  -3.283 0.0000000000
37120  -15.999  -8.346  -3.341 0.0000000000
37119  -16.045  -8.349  -3.309 0.0000000000
37109  -18.394  -8.149  -2.912 0.0000000000
36366  -18.049  -8.607  -3.073 0.0000000000
36352  -18.018  -8.648  -2.998 0.0000000000
37108  -18.037  -8.552  -2.994 0.0000000000
36361  -16.308  -8.634  -2.997 0.0000000000
36360  -15.913  -8.529  -3.010 0.0000000000
37107  -15.994  -8.489  -3.006 0.0000000000
36346  -16.065  -8.568  -2.988 0.0000000000
37106  -15.501  -8.168  -3.114 0.0000000000
36354  -18.991  -8.328  -2.906 0.0000000000
36337  -18.928  -8.479  -2.689 0.0000000000
37096  -19.027  -8.134  -2.932 0.0000000000
36353  -18.532  -8.404  -2.921 0.0000000000
36345  -15.894  -8.390  -3.016 0.0000000000
37095  -15.250  -8.221  -2.972 0.0000000000
36331  -15.875  -8.310  -2.779 0.0000000000
37093  -14.904  -8.318  -2.663 0.0000000000
37094  -15.063  -8.302  -2.739 0.0000000000
36339  -19.295  -8.629  -2.345 0.0000000000
36321  -19.765  -8.581  -2.064 0.0000000000
36338  -19.027  -8.475  -2.676 0.0000000000
36330  -14.998  -8.508  -2.508 0.0000000000
36329  -15.003  -8.373  -2.611 0.0000000000
37083  -14.993  -8.584  -2.263 0.0000000000
36316  -15.079  -8.608  -2.249 0.0000000000
37082  -14.569  -8.380  -2.334 0.0000000000
36322  -19.833  -8.631  -2.006 0.0000000000
36307  -19.994  -8.576  -2.033 0.0000000000
36315  -14.728  -8.693  -1.999 0.0000000000
36314  -14.160  -8.437  -2.020 0.0000000000
37072  -14.039  -8.275  -2.061 0.0000000000
36308  -20.048  -8.480  -1.978 0.0000000000
37074  -19.947  -8.066  -1.986 0.0000000000
36302  -14.230  -8.462  -1.942 0.0000000000
36364  -17.502  -8.701  -3.046 0.0000000000
36363  -17.024  -8.594  -3.230 0.0000000000
36351  -17.998  -8.673  -3.020 0.0000000000
36350  -17.652  -8.719  -2.989 0.0000000000
36349  -17.135  -8.752  -2.998 0.0000000000
36348  -17.010  -8.729  -3.018 0.0000000000
36347  -16.410  -8.607  -3.014 0.0000000000
36336  -18.847  -8.783  -2.779 0.0000000000
36335  -18.054  -8.822  -2.800 0.0000000000
35602  -17.986  -8.780  -2.944 0.0000000000
35601  -18.033  -8.884  -2.957 0.0000000000
35600  -17.412  -8.999  -2.943 0.0000000000
35599  -17.001  -8.993  -2.950 0.0000000000
36334  -17.017  -8.789  -2.976 0.0000000000
35598  -17.008  -8.926  -2.872 0.0000000000
36333  -16.781  -8.591  -2.908 0.0000000000
36332  -15.984  -8.642  -2.741 0.0000000000
36320  -19.083  -8.947  -2.242 0.0000000000
35591  -18.985  -8.886  -2.536 0.0000000000
35590  -18.988  -8.978  -2.357 0.0000000000
35589  -18.591  -8.985  -2.374 0.0000000000
35588  -18.049  -8.991  -2.540 0.0000000000
35584  -16.961  -8.950  -2.587 0.0000000000
35583  -16.320  -8.971  -2.533 0.0000000000
36319  -16.017  -8.783  -2.510 0.0000000000
35582  -15.997  -8.898  -2.302 0.0000000000
36318  -15.963  -8.851  -2.218 0.0000000000
36317  -15.452  -8.918  -2.159 0.0000000000
36306  -19.728  -8.690  -2.003 0.0000000000
35576  -19.389  -8.987  -2.037 0.0000000000
35575  -18.985  -8.996  -2.150 0.0000000000
35566  -16.017  -8.972  -2.089 0.0000000000
35565  -15.745  -8.991  -2.047 0.0000000000
36305  -15.334  -8.860  -2.024 0.0000000000
35564  -15.455  -8.899  -1.999 0.0000000000
36304  -15.159  -8.688  -2.009 0.0000000000
36303  -14.873  -8.731  -1.953 0.0000000000
36294  -19.896  -8.741  -1.738 0.0000000000
36295  -19.992  -8.637  -1.765 0.0000000000
35559  -19.731  -8.906  -1.792 0.0000000000
35558  -19.351  -8.971  -1.922 0.0000000000
35551  -15.303  -8.925  -1.903 0.0000000000
35550  -15.063  -8.906  -1.921 0.0000000000
35546  -19.983  -8.999  -1.413 0.0000000000
36283  -20.011  -8.983  -1.368 0.0000000000
36296  -20.096  -8.646  -1.629 0.0000000000
37063  -20.129  -8.170  -1.879 0.0000000000
35545  -19.775  -9.002  -1.460 0.0000000000
35587  -17.849  -9.020  -2.852 0.0000000000
35586  -17.275  -9.015  -2.826 0.0000000000
35585  -17.024  -9.014  -2.529 0.0000000000
35574  -18.803  -9.076  -2.184 0.0000000000
35573  -18.356  -9.104  -2.303 0.0000000000
35572  -18.018  -9.024  -2.363 0.0000000000
35571  -17.597  -9.005  -2.128 0.0000000000
35570  -17.099  -8.994  -2.387 0.0000000000
35569  -16.987  -8.998  -2.394 0.0000000000
35568  -16.674  -8.975  -2.022 0.0000000000
35567  -16.111  -8.987  -2.090 0.0000000000
35557  -19.017  -9.030  -2.016 0.0000000000
34863  -18.974  -9.218  -2.056 0.0000000000
35556  -19.026  -9.082  -2.051 0.0000000000
34862  -18.562  -9.254  -2.182 0.0000000000
34861  -18.156  -9.238  -2.201 0.0000000000
34860  -17.982  -9.369  -2.183 0.0000000000
34859  -17.397  -9.262  -2.178 0.0000000000
34858  -17.002  -9.258  -2.027 0.0000000000
34857  -16.861  -9.208  -2.114 0.0000000000
35555  -16.292  -9.026  -2.004 0.0000000000
34844  -16.535  -9.074  -1.968 0.0000000000
35554  -16.039  -9.009  -2.022 0.0000000000
35553  -15.941  -9.025  -2.027 0.0000000000
35552  -15.693  -9.023  -1.952 0.0000000000
34852  -19.307  -9.047  -2.009 0.0000000000
35544  -19.473  -9.015  -1.984 0.0000000000
34851  -19.083  -9.116  -1.948 0.0000000000
34850  -18.932  -9.136  -2.009 0.0000000000
34843  -16.103  -9.085  -1.995 0.0000000000
34842  -15.997  -9.077  -1.982 0.0000000000
34841  -15.855  -9.041  -1.995 0.0000000000
35543  -15.482  -8.968  -1.675 0.0000000000
34825  -15.857  -8.956  -1.603 0.0000000000
35542  -15.097  -8.993  -1.749 0.0000000000
35533  -20.171  -9.095  -1.170 0.0000000000
34837  -19.740  -9.235  -1.410 0.0000000000
34818  -19.982  -9.263  -1.138 0.0000000000
35532  -20.005  -9.085  -1.243 0.0000000000
34836  -19.395  -9.271  -1.690 0.0000000000
34849  -18.149  -9.369  -2.047 0.0000000000
34848  -17.943  -9.274  -2.038 0.0000000000
34847  -17.639  -9.300  -2.017 0.0000000000
34846  -17.048  -9.274  -1.984 0.0000000000
34845  -16.955  -9.327  -1.993 0.0000000000
34835  -18.982  -9.354  -1.721 0.0000000000
34834  -18.554  -9.408  -1.820 0.0000000000
34832  -17.985  -9.312  -1.841 0.0000000000
34833  -18.062  -9.328  -1.852 0.0000000000
34831  -17.720  -9.310  -1.763 0.0000000000
34830  -17.177  -9.327  -1.921 0.0000000000
34829  -16.991  -9.310  -1.807 0.0000000000
34828  -16.683  -9.379  -1.538 0.0000000000
34827  -16.182  -9.282  -1.721 0.0000000000
34826  -15.989  -9.224  -1.864 0.0000000000
34817  -19.458  -9.428  -1.196 0.0000000000
34816  -19.176  -9.446  -1.402 0.0000000000
43525  -13.149  -5.762  -4.055 0.0000000000
44435  -13.391  -5.695  -4.499 0.0000000000
43539  -13.982  -5.806  -4.712 0.0000000000
44452  -13.863  -5.504  -4.787 0.0000000000
44453  -13.943  -5.402  -4.843 0.0000000000
44454  -14.091  -5.556  -4.824 0.0000000000
44468  -14.124  -5.458  -4.965 0.0000000000
44469  -14.414  -5.520  -5.098 0.0000000000
44470  -14.889  -5.555  -5.103 0.0000000000
44471  -15.053  -5.519  -5.058 0.0000000000
43560  -15.474  -5.743  -5.708 0.0000000000
44479  -15.235  -5.226  -5.222 0.0000000000
43569  -15.645  -5.489  -5.987 0.0000000000
44485  -15.329  -5.069  -5.847 0.0000000000
44486  -15.627  -5.203  -5.992 0.0000000000
43580  -15.846  -5.644  -6.137 0.0000000000
44495  -15.716  -5.263  -6.055 0.0000000000
45367  -13.489  -5.007  -4.715 0.0000000000
45388  -13.771  -4.987  -4.803 0.0000000000
45389  -13.933  -5.054  -4.998 0.0000000000
44467  -13.964  -5.347  -4.982 0.0000000000
45402  -13.992  -5.002  -5.057 0.0000000000
45403  -14.108  -5.053  -5.098 0.0000000000
45404  -14.682  -5.085  -5.073 0.0000000000
45405  -15.031  -5.027  -5.006 0.0000000000
45406  -15.007  -5.038  -5.221 0.0000000000
45414  -15.164  -5.007  -5.445 0.0000000000
45422  -15.494  -5.050  -5.999 0.0000000000
45423  -15.582  -5.059  -6.050 0.0000000000
46319  -13.997  -4.979  -5.025 0.0000000000
46336  -13.990  -4.809  -5.048 0.0000000000
46337  -14.272  -4.865  -5.111 0.0000000000
46338  -14.793  -4.986  -5.125 0.0000000000
46339  -14.997  -4.872  -5.295 0.0000000000
45413  -15.015  -4.995  -5.206 0.0000000000
46350  -15.083  -4.941  -5.754 0.0000000000
46351  -15.367  -4.931  -5.773 0.0000000000
