#!ascii label  , from subject  vox2ras=TkReg
362
33676  -22.474  -10.003  -9.013 0.0000000000
33675  -22.081  -9.977  -9.035 0.0000000000
33687  -22.215  -9.999  -9.114 0.0000000000
33688  -22.765  -9.993  -9.318 0.0000000000
34332  -22.331  -9.852  -8.981 0.0000000000
34333  -22.677  -9.761  -9.046 0.0000000000
33686  -22.032  -10.076  -9.064 0.0000000000
33015  -22.013  -10.357  -9.106 0.0000000000
33016  -22.346  -10.540  -9.338 0.0000000000
33026  -22.920  -10.378  -9.802 0.0000000000
33698  -23.002  -10.056  -9.704 0.0000000000
34343  -23.011  -9.899  -9.156 0.0000000000
33699  -23.010  -10.020  -9.818 0.0000000000
33689  -23.001  -9.906  -9.390 0.0000000000
34344  -23.011  -9.792  -9.470 0.0000000000
33027  -23.022  -10.200  -9.880 0.0000000000
33041  -22.963  -10.208  -10.014 0.0000000000
33711  -23.001  -10.006  -10.008 0.0000000000
34352  -23.026  -9.672  -9.996 0.0000000000
33048  -23.016  -10.233  -10.202 0.0000000000
33722  -23.021  -10.003  -10.272 0.0000000000
34361  -23.032  -9.699  -10.131 0.0000000000
34331  -22.000  -9.948  -9.017 0.0000000000
34309  -22.169  -9.651  -8.781 0.0000000000
35006  -22.454  -9.270  -8.675 0.0000000000
35029  -22.604  -9.703  -8.999 0.0000000000
35030  -22.984  -9.408  -8.976 0.0000000000
34334  -23.000  -9.602  -9.015 0.0000000000
35031  -23.221  -9.317  -8.986 0.0000000000
35040  -23.150  -9.306  -9.585 0.0000000000
35050  -23.035  -9.049  -9.982 0.0000000000
35057  -23.015  -9.304  -10.044 0.0000000000
35005  -22.044  -9.322  -8.470 0.0000000000
35000  -22.282  -9.021  -8.238 0.0000000000
34999  -22.122  -9.029  -8.198 0.0000000000
35744  -22.400  -8.984  -8.277 0.0000000000
35007  -22.991  -9.170  -8.804 0.0000000000
35745  -22.927  -8.987  -8.549 0.0000000000
35008  -23.102  -9.126  -8.890 0.0000000000
35746  -23.042  -9.007  -8.766 0.0000000000
35769  -23.169  -9.081  -8.917 0.0000000000
35041  -23.553  -9.065  -9.266 0.0000000000
35032  -23.308  -9.094  -9.012 0.0000000000
35770  -23.161  -9.011  -8.961 0.0000000000
35778  -23.347  -8.985  -9.029 0.0000000000
35051  -23.367  -9.135  -9.829 0.0000000000
35789  -23.209  -9.030  -9.606 0.0000000000
35739  -22.210  -8.966  -8.138 0.0000000000
35740  -22.692  -8.879  -8.250 0.0000000000
35741  -23.035  -8.964  -8.516 0.0000000000
36496  -23.090  -8.912  -8.583 0.0000000000
35747  -23.077  -8.961  -8.988 0.0000000000
36497  -23.396  -8.833  -8.736 0.0000000000
36518  -23.369  -8.819  -9.015 0.0000000000
36528  -23.538  -8.747  -9.101 0.0000000000
36490  -22.996  -8.636  -8.189 0.0000000000
36491  -23.133  -8.606  -8.304 0.0000000000
37285  -23.326  -8.117  -8.178 0.0000000000
37291  -23.486  -8.240  -8.858 0.0000000000
37308  -23.456  -8.231  -8.997 0.0000000000
37284  -23.012  -8.299  -7.985 0.0000000000
37280  -23.273  -8.085  -7.982 0.0000000000
37279  -23.127  -8.296  -7.911 0.0000000000
38112  -23.474  -7.991  -8.080 0.0000000000
38118  -23.329  -8.032  -8.710 0.0000000000
38107  -23.546  -7.976  -8.004 0.0000000000
38108  -23.559  -7.799  -8.019 0.0000000000
38113  -23.598  -7.987  -8.204 0.0000000000
38103  -23.636  -7.832  -7.968 0.0000000000
39010  -23.703  -7.375  -8.021 0.0000000000
39017  -23.728  -7.538  -8.065 0.0000000000
38102  -23.422  -7.979  -7.909 0.0000000000
37273  -23.595  -7.995  -7.750 0.0000000000
39004  -23.798  -7.402  -7.975 0.0000000000
38101  -23.146  -7.971  -7.467 0.0000000000
37272  -23.265  -8.129  -7.628 0.0000000000
38095  -23.280  -7.979  -7.382 0.0000000000
39003  -23.549  -7.649  -7.414 0.0000000000
38094  -23.039  -7.838  -7.186 0.0000000000
37260  -23.015  -8.018  -7.402 0.0000000000
38997  -23.227  -7.718  -7.029 0.0000000000
38093  -22.820  -7.780  -7.169 0.0000000000
37259  -23.073  -8.008  -7.220 0.0000000000
38996  -23.003  -7.660  -7.010 0.0000000000
38092  -22.372  -7.972  -7.080 0.0000000000
37258  -22.637  -8.018  -7.211 0.0000000000
38083  -22.596  -7.966  -7.023 0.0000000000
38983  -22.846  -7.573  -7.013 0.0000000000
38995  -23.006  -7.611  -7.027 0.0000000000
38091  -21.988  -7.964  -7.089 0.0000000000
37257  -22.078  -8.014  -7.110 0.0000000000
38082  -22.171  -7.933  -7.042 0.0000000000
38090  -21.825  -7.945  -7.062 0.0000000000
37256  -21.736  -8.008  -7.060 0.0000000000
38081  -21.958  -7.907  -6.987 0.0000000000
38080  -21.744  -7.942  -6.971 0.0000000000
37248  -21.690  -8.012  -7.000 0.0000000000
38982  -22.358  -7.832  -6.978 0.0000000000
38981  -22.014  -7.785  -6.870 0.0000000000
38980  -21.973  -7.698  -6.942 0.0000000000
37278  -22.988  -8.592  -7.985 0.0000000000
36486  -22.988  -8.494  -8.002 0.0000000000
37271  -22.948  -8.210  -7.531 0.0000000000
36485  -22.651  -8.707  -7.974 0.0000000000
37270  -22.288  -8.093  -7.208 0.0000000000
36476  -22.407  -8.533  -7.607 0.0000000000
37269  -21.966  -8.110  -7.207 0.0000000000
36475  -22.003  -8.504  -7.564 0.0000000000
37268  -21.743  -8.201  -7.259 0.0000000000
36474  -22.011  -8.505  -7.646 0.0000000000
37267  -21.250  -8.404  -7.265 0.0000000000
36473  -21.715  -8.646  -7.819 0.0000000000
37255  -21.216  -8.263  -7.012 0.0000000000
36472  -21.047  -8.665  -7.467 0.0000000000
37247  -21.376  -8.115  -6.818 0.0000000000
37254  -21.004  -8.381  -7.005 0.0000000000
36465  -21.003  -8.425  -7.153 0.0000000000
37246  -21.025  -8.303  -6.896 0.0000000000
36464  -20.946  -8.249  -7.133 0.0000000000
36489  -22.738  -8.668  -8.127 0.0000000000
35732  -22.535  -8.912  -8.046 0.0000000000
36484  -22.128  -8.867  -7.963 0.0000000000
35731  -22.114  -8.888  -7.994 0.0000000000
36483  -22.000  -8.817  -7.956 0.0000000000
35730  -22.002  -8.943  -7.993 0.0000000000
36482  -21.742  -8.847  -8.001 0.0000000000
35729  -21.785  -8.915  -8.029 0.0000000000
36481  -21.369  -8.836  -7.867 0.0000000000
35728  -21.338  -8.911  -7.998 0.0000000000
35721  -21.068  -8.969  -7.885 0.0000000000
36471  -20.982  -8.499  -7.625 0.0000000000
35720  -21.014  -8.983  -7.822 0.0000000000
36470  -20.803  -8.649  -7.277 0.0000000000
35719  -20.702  -8.951  -7.555 0.0000000000
35738  -21.979  -8.953  -8.093 0.0000000000
35737  -21.649  -9.028  -8.010 0.0000000000
34998  -21.998  -9.058  -8.213 0.0000000000
35736  -21.212  -8.986  -8.112 0.0000000000
34997  -21.357  -9.199  -8.281 0.0000000000
35735  -21.016  -8.978  -8.016 0.0000000000
34996  -21.029  -9.183  -8.137 0.0000000000
35727  -21.015  -8.991  -7.923 0.0000000000
34991  -20.998  -9.002  -8.014 0.0000000000
35726  -20.955  -8.995  -7.913 0.0000000000
34990  -20.716  -9.288  -8.011 0.0000000000
34984  -20.781  -9.011  -7.795 0.0000000000
35004  -21.987  -9.441  -8.595 0.0000000000
34308  -22.011  -9.705  -8.922 0.0000000000
35003  -21.622  -9.721  -8.673 0.0000000000
34307  -21.719  -9.874  -8.921 0.0000000000
34306  -21.120  -9.875  -8.669 0.0000000000
34295  -21.037  -9.476  -8.238 0.0000000000
34995  -20.997  -9.207  -8.204 0.0000000000
34294  -20.941  -9.514  -8.296 0.0000000000
34293  -20.535  -9.655  -8.248 0.0000000000
34330  -21.944  -9.956  -8.997 0.0000000000
33674  -21.972  -10.019  -9.022 0.0000000000
33673  -21.717  -10.013  -8.922 0.0000000000
33659  -21.452  -9.997  -8.763 0.0000000000
34305  -21.005  -9.829  -8.513 0.0000000000
33658  -21.033  -10.006  -8.571 0.0000000000
34304  -20.953  -9.875  -8.559 0.0000000000
33657  -20.900  -10.006  -8.637 0.0000000000
33656  -20.671  -9.963  -8.553 0.0000000000
34292  -20.024  -9.940  -8.167 0.0000000000
33646  -20.253  -9.925  -8.315 0.0000000000
34287  -20.164  -9.630  -8.049 0.0000000000
33014  -21.879  -10.349  -9.196 0.0000000000
33001  -21.912  -10.069  -8.998 0.0000000000
33672  -21.295  -10.008  -8.921 0.0000000000
33000  -21.659  -10.179  -8.963 0.0000000000
32999  -21.166  -10.350  -8.820 0.0000000000
32988  -20.990  -10.090  -8.652 0.0000000000
32987  -20.917  -10.079  -8.580 0.0000000000
33655  -20.208  -10.047  -8.288 0.0000000000
32986  -20.196  -10.152  -8.382 0.0000000000
33645  -20.005  -9.946  -8.300 0.0000000000
32985  -19.995  -10.278  -8.178 0.0000000000
32389  -22.893  -10.775  -10.014 0.0000000000
32396  -23.018  -10.517  -10.449 0.0000000000
33055  -23.008  -10.093  -10.566 0.0000000000
33040  -22.933  -10.389  -9.986 0.0000000000
32382  -22.777  -10.696  -10.002 0.0000000000
32381  -22.696  -10.795  -9.918 0.0000000000
32369  -22.542  -10.973  -9.749 0.0000000000
32354  -21.994  -10.875  -9.232 0.0000000000
32355  -22.249  -10.968  -9.417 0.0000000000
32353  -21.990  -10.627  -9.296 0.0000000000
33013  -21.903  -10.454  -9.005 0.0000000000
32352  -21.596  -10.655  -9.188 0.0000000000
32336  -21.710  -10.900  -8.996 0.0000000000
32335  -21.181  -10.709  -9.003 0.0000000000
32998  -21.016  -10.373  -8.786 0.0000000000
32334  -20.985  -10.863  -8.959 0.0000000000
32325  -21.027  -10.595  -8.799 0.0000000000
32324  -20.433  -10.603  -8.629 0.0000000000
32323  -20.012  -10.732  -8.468 0.0000000000
32395  -22.770  -11.010  -10.425 0.0000000000
33054  -22.845  -10.388  -11.005 0.0000000000
32388  -22.675  -10.928  -10.054 0.0000000000
31742  -22.629  -11.027  -10.190 0.0000000000
31749  -22.591  -11.012  -10.755 0.0000000000
32403  -22.625  -10.846  -10.992 0.0000000000
31735  -22.553  -11.000  -9.991 0.0000000000
31725  -22.743  -11.006  -9.974 0.0000000000
32368  -22.379  -11.117  -9.567 0.0000000000
31724  -22.296  -11.074  -9.683 0.0000000000
31703  -22.094  -10.986  -9.384 0.0000000000
31702  -22.004  -11.013  -9.382 0.0000000000
31701  -21.879  -10.989  -9.390 0.0000000000
32351  -21.277  -10.988  -9.016 0.0000000000
31700  -21.151  -11.005  -9.162 0.0000000000
31685  -21.020  -10.955  -8.997 0.0000000000
31684  -20.932  -10.950  -8.956 0.0000000000
32333  -20.756  -10.975  -8.920 0.0000000000
31683  -20.811  -10.998  -8.992 0.0000000000
31680  -20.591  -10.968  -8.833 0.0000000000
31679  -20.355  -11.038  -8.725 0.0000000000
31100  -22.673  -11.204  -10.437 0.0000000000
31107  -22.664  -11.119  -10.957 0.0000000000
31757  -22.623  -10.994  -10.990 0.0000000000
31092  -22.643  -11.045  -10.064 0.0000000000
31734  -22.472  -11.182  -9.943 0.0000000000
31091  -22.397  -11.465  -10.008 0.0000000000
31076  -22.335  -11.314  -9.891 0.0000000000
31723  -22.025  -11.096  -9.522 0.0000000000
31075  -22.103  -11.459  -9.870 0.0000000000
31722  -21.997  -11.035  -9.635 0.0000000000
31074  -21.987  -11.466  -9.778 0.0000000000
31052  -21.911  -11.106  -9.548 0.0000000000
31051  -21.434  -11.388  -9.427 0.0000000000
31699  -21.031  -10.997  -9.022 0.0000000000
31050  -21.006  -11.127  -9.282 0.0000000000
31039  -20.904  -11.010  -8.995 0.0000000000
31682  -20.282  -10.990  -8.997 0.0000000000
31038  -20.565  -11.341  -9.012 0.0000000000
31037  -20.163  -11.432  -8.878 0.0000000000
31678  -19.993  -10.987  -8.550 0.0000000000
31033  -20.091  -11.088  -8.616 0.0000000000
30329  -22.667  -11.391  -10.945 0.0000000000
31106  -22.497  -11.547  -11.018 0.0000000000
31115  -22.575  -11.125  -11.035 0.0000000000
30328  -22.391  -11.967  -10.923 0.0000000000
30339  -22.255  -11.821  -11.100 0.0000000000
31114  -22.360  -11.259  -11.201 0.0000000000
31099  -22.460  -11.495  -10.234 0.0000000000
30321  -22.662  -11.655  -10.529 0.0000000000
30320  -22.296  -12.015  -10.292 0.0000000000
31090  -22.017  -11.585  -10.008 0.0000000000
30308  -22.085  -11.864  -10.010 0.0000000000
30307  -21.991  -11.889  -10.048 0.0000000000
30292  -21.988  -11.884  -9.992 0.0000000000
31073  -21.587  -11.891  -9.755 0.0000000000
30291  -21.697  -11.969  -9.958 0.0000000000
30290  -21.164  -11.955  -9.705 0.0000000000
30274  -21.085  -11.659  -9.374 0.0000000000
31049  -20.658  -11.576  -9.241 0.0000000000
30273  -20.945  -11.824  -9.426 0.0000000000
30264  -20.352  -11.640  -9.184 0.0000000000
30272  -20.461  -11.907  -9.293 0.0000000000
30263  -20.143  -11.790  -9.059 0.0000000000
29590  -22.250  -12.050  -10.822 0.0000000000
29600  -22.142  -12.010  -11.064 0.0000000000
30338  -22.050  -12.019  -11.073 0.0000000000
30348  -22.019  -11.883  -11.337 0.0000000000
30349  -22.207  -11.537  -11.391 0.0000000000
29599  -22.077  -12.124  -11.031 0.0000000000
29576  -22.209  -12.088  -10.321 0.0000000000
29563  -22.085  -11.995  -9.983 0.0000000000
30306  -21.839  -11.983  -10.032 0.0000000000
29562  -21.978  -12.005  -10.031 0.0000000000
29561  -21.742  -12.026  -9.968 0.0000000000
29552  -21.413  -12.038  -9.769 0.0000000000
30289  -20.988  -12.010  -9.614 0.0000000000
29551  -21.082  -11.982  -9.566 0.0000000000
29550  -20.967  -12.097  -9.598 0.0000000000
29535  -20.893  -11.998  -9.476 0.0000000000
30271  -20.166  -12.010  -9.083 0.0000000000
29534  -20.250  -12.041  -9.182 0.0000000000
29533  -20.081  -12.004  -9.019 0.0000000000
30262  -19.986  -11.977  -8.950 0.0000000000
29524  -20.123  -11.947  -8.960 0.0000000000
29589  -22.101  -12.174  -10.685 0.0000000000
28863  -22.010  -12.370  -10.967 0.0000000000
28873  -21.980  -12.340  -11.012 0.0000000000
29608  -22.002  -12.076  -11.164 0.0000000000
29575  -22.091  -12.157  -10.251 0.0000000000
28849  -21.993  -12.243  -10.527 0.0000000000
28840  -21.995  -12.066  -10.092 0.0000000000
28839  -21.728  -12.425  -10.087 0.0000000000
29560  -21.440  -12.107  -9.841 0.0000000000
28838  -21.444  -12.470  -9.980 0.0000000000
28831  -21.213  -12.519  -9.769 0.0000000000
28830  -21.035  -12.458  -9.703 0.0000000000
29549  -20.894  -12.080  -9.572 0.0000000000
28829  -20.927  -12.560  -9.692 0.0000000000
28816  -20.507  -12.527  -9.406 0.0000000000
28815  -20.022  -12.474  -9.160 0.0000000000
28805  -20.068  -12.178  -9.024 0.0000000000
28132  -21.906  -12.688  -11.036 0.0000000000
28872  -21.826  -12.649  -11.016 0.0000000000
28881  -21.897  -12.307  -11.112 0.0000000000
28131  -21.660  -12.973  -10.994 0.0000000000
28139  -21.599  -13.009  -11.416 0.0000000000
28880  -21.916  -12.482  -11.518 0.0000000000
28116  -21.909  -12.769  -11.019 0.0000000000
28848  -21.877  -12.673  -10.295 0.0000000000
28103  -21.812  -12.835  -10.711 0.0000000000
28102  -21.492  -12.865  -10.292 0.0000000000
28094  -21.432  -12.743  -10.066 0.0000000000
28093  -21.165  -12.963  -10.019 0.0000000000
28085  -21.088  -12.907  -9.912 0.0000000000
28084  -20.955  -12.982  -9.877 0.0000000000
28083  -20.708  -13.011  -9.662 0.0000000000
28072  -20.243  -12.966  -9.341 0.0000000000
28115  -21.657  -12.986  -10.814 0.0000000000
27354  -21.691  -13.020  -10.979 0.0000000000
27369  -21.604  -13.115  -11.111 0.0000000000
27345  -21.629  -12.998  -10.553 0.0000000000
28101  -21.199  -12.975  -10.048 0.0000000000
27344  -21.318  -12.986  -10.020 0.0000000000
27337  -21.083  -13.085  -10.056 0.0000000000
28092  -21.035  -12.988  -9.956 0.0000000000
27336  -21.011  -13.085  -9.983 0.0000000000
27330  -21.004  -13.060  -9.780 0.0000000000
27329  -20.447  -13.155  -9.394 0.0000000000
28071  -19.992  -12.976  -9.290 0.0000000000
27317  -20.083  -13.020  -9.252 0.0000000000
26574  -21.686  -13.128  -11.030 0.0000000000
26587  -21.367  -13.456  -11.040 0.0000000000
26586  -21.212  -13.581  -11.136 0.0000000000
27368  -21.372  -13.254  -11.265 0.0000000000
27379  -21.537  -13.065  -11.274 0.0000000000
27378  -21.215  -13.377  -11.614 0.0000000000
27353  -21.557  -13.000  -10.403 0.0000000000
26573  -21.387  -13.691  -10.992 0.0000000000
26566  -21.221  -13.329  -10.127 0.0000000000
26559  -21.101  -13.348  -10.028 0.0000000000
26558  -21.018  -13.425  -10.024 0.0000000000
26551  -20.963  -13.354  -9.981 0.0000000000
26550  -20.612  -13.605  -9.810 0.0000000000
27328  -20.030  -13.169  -9.237 0.0000000000
26549  -20.159  -13.558  -9.599 0.0000000000
25836  -21.057  -13.817  -10.583 0.0000000000
25845  -21.098  -13.856  -10.993 0.0000000000
26565  -21.036  -13.710  -10.048 0.0000000000
25835  -21.015  -13.882  -10.456 0.0000000000
25828  -20.934  -13.700  -10.192 0.0000000000
26557  -20.871  -13.604  -9.992 0.0000000000
25827  -20.674  -13.849  -10.077 0.0000000000
25819  -20.622  -13.853  -9.936 0.0000000000
25818  -20.292  -13.948  -9.921 0.0000000000
38973  -21.946  -7.548  -6.536 0.0000000000
38974  -22.095  -7.532  -6.613 0.0000000000
38975  -22.884  -7.427  -6.641 0.0000000000
38976  -23.013  -7.458  -6.680 0.0000000000
38984  -23.108  -7.412  -6.829 0.0000000000
38985  -23.400  -7.458  -6.887 0.0000000000
38986  -23.792  -7.205  -7.006 0.0000000000
38998  -23.915  -7.149  -7.262 0.0000000000
39909  -22.092  -7.204  -6.144 0.0000000000
39910  -22.795  -7.180  -6.048 0.0000000000
