#!ascii label  , from subject  vox2ras=TkReg
712
49239  -20.094  -3.911  -8.907 0.0000000000
48315  -20.047  -3.981  -8.751 0.0000000000
48293  -20.239  -4.054  -8.572 0.0000000000
49220  -20.228  -3.993  -8.746 0.0000000000
49238  -19.865  -3.913  -8.980 0.0000000000
48314  -19.930  -4.001  -8.873 0.0000000000
49221  -20.532  -3.857  -8.503 0.0000000000
49240  -20.443  -3.346  -8.971 0.0000000000
50170  -20.007  -3.481  -9.004 0.0000000000
50171  -20.277  -3.236  -9.011 0.0000000000
50160  -20.907  -3.136  -8.816 0.0000000000
50172  -20.681  -3.061  -8.991 0.0000000000
49222  -20.991  -3.463  -8.354 0.0000000000
50161  -21.027  -3.034  -8.817 0.0000000000
50173  -20.919  -3.009  -8.889 0.0000000000
50147  -21.033  -3.536  -8.499 0.0000000000
50162  -21.248  -3.178  -8.896 0.0000000000
51101  -21.367  -3.007  -8.749 0.0000000000
51100  -21.079  -2.992  -8.798 0.0000000000
51116  -21.043  -2.919  -8.930 0.0000000000
50148  -21.325  -3.186  -8.343 0.0000000000
49259  -19.949  -3.599  -9.037 0.0000000000
50188  -20.004  -3.251  -9.268 0.0000000000
50189  -20.120  -3.242  -9.143 0.0000000000
51115  -20.566  -3.003  -8.946 0.0000000000
51114  -20.320  -3.034  -9.012 0.0000000000
51130  -20.173  -3.010  -9.210 0.0000000000
50187  -19.681  -3.239  -9.338 0.0000000000
51129  -19.983  -3.009  -9.325 0.0000000000
51085  -21.558  -3.073  -8.516 0.0000000000
51086  -21.804  -2.989  -8.276 0.0000000000
51102  -21.581  -2.989  -8.651 0.0000000000
51117  -21.029  -2.823  -8.974 0.0000000000
51977  -21.190  -2.855  -8.857 0.0000000000
51968  -21.805  -2.798  -8.230 0.0000000000
51978  -21.861  -2.513  -8.838 0.0000000000
51988  -20.509  -2.974  -8.995 0.0000000000
51989  -20.818  -2.801  -8.965 0.0000000000
51990  -21.004  -2.579  -8.993 0.0000000000
51991  -21.131  -2.453  -8.997 0.0000000000
51128  -19.735  -2.987  -9.346 0.0000000000
52004  -19.899  -2.949  -9.239 0.0000000000
52005  -20.015  -2.618  -9.355 0.0000000000
52006  -20.158  -2.671  -9.279 0.0000000000
51087  -21.945  -2.875  -8.068 0.0000000000
51969  -21.992  -2.561  -8.073 0.0000000000
51979  -21.995  -2.773  -8.255 0.0000000000
51959  -21.988  -2.612  -8.026 0.0000000000
52862  -22.056  -2.272  -8.160 0.0000000000
52874  -22.006  -2.239  -8.353 0.0000000000
51992  -21.314  -2.533  -8.996 0.0000000000
52873  -21.704  -1.999  -8.850 0.0000000000
52884  -21.382  -2.157  -8.991 0.0000000000
52007  -20.831  -2.662  -9.035 0.0000000000
52008  -20.943  -2.601  -9.021 0.0000000000
52883  -21.161  -2.274  -9.079 0.0000000000
52882  -21.003  -2.217  -8.926 0.0000000000
52895  -21.007  -2.298  -9.202 0.0000000000
51146  -19.321  -2.992  -9.585 0.0000000000
52024  -19.577  -2.618  -9.535 0.0000000000
52025  -19.967  -2.651  -9.323 0.0000000000
52893  -20.130  -2.226  -9.494 0.0000000000
52892  -19.989  -2.308  -9.516 0.0000000000
52910  -19.992  -2.103  -9.628 0.0000000000
52894  -20.575  -2.133  -9.346 0.0000000000
52023  -19.018  -2.723  -9.846 0.0000000000
52909  -19.320  -2.146  -10.013 0.0000000000
53750  -21.806  -1.981  -8.320 0.0000000000
53749  -21.585  -2.002  -8.832 0.0000000000
53737  -21.994  -2.048  -8.366 0.0000000000
52896  -21.186  -2.044  -9.241 0.0000000000
53763  -21.333  -1.992  -9.014 0.0000000000
53764  -21.149  -1.894  -8.948 0.0000000000
52911  -20.016  -2.031  -9.730 0.0000000000
53775  -20.174  -2.008  -9.552 0.0000000000
53776  -20.715  -2.000  -9.377 0.0000000000
53777  -21.020  -1.995  -9.333 0.0000000000
53778  -21.081  -2.001  -9.141 0.0000000000
52908  -19.045  -2.339  -10.002 0.0000000000
52928  -18.968  -2.288  -10.014 0.0000000000
52929  -19.220  -2.009  -9.924 0.0000000000
53791  -19.654  -1.957  -9.767 0.0000000000
53792  -19.955  -1.943  -9.795 0.0000000000
53793  -20.083  -1.980  -9.742 0.0000000000
52046  -18.966  -2.557  -9.849 0.0000000000
52927  -18.752  -2.186  -9.997 0.0000000000
52045  -18.946  -2.522  -9.871 0.0000000000
53810  -18.932  -2.071  -10.067 0.0000000000
53811  -19.067  -2.003  -10.068 0.0000000000
53812  -19.532  -1.958  -9.942 0.0000000000
54663  -21.362  -1.720  -9.004 0.0000000000
53794  -20.539  -1.853  -9.647 0.0000000000
53795  -20.928  -1.907  -9.433 0.0000000000
54679  -21.024  -1.812  -9.394 0.0000000000
54695  -20.981  -1.537  -9.654 0.0000000000
54680  -20.986  -1.636  -9.272 0.0000000000
53813  -20.031  -1.981  -10.010 0.0000000000
53814  -19.987  -1.899  -9.948 0.0000000000
54693  -20.218  -1.751  -9.892 0.0000000000
54713  -20.040  -1.722  -10.000 0.0000000000
54694  -20.880  -1.543  -9.742 0.0000000000
53809  -18.662  -2.082  -10.034 0.0000000000
53833  -18.933  -2.019  -10.054 0.0000000000
53834  -18.982  -1.997  -10.108 0.0000000000
54711  -19.198  -1.843  -9.896 0.0000000000
54710  -19.009  -1.927  -10.004 0.0000000000
54733  -19.058  -1.745  -10.275 0.0000000000
54712  -19.849  -1.816  -10.018 0.0000000000
53832  -18.420  -1.997  -10.092 0.0000000000
54732  -18.878  -1.898  -10.271 0.0000000000
54696  -20.990  -1.572  -9.585 0.0000000000
54714  -20.424  -1.398  -9.985 0.0000000000
54715  -20.986  -1.233  -9.856 0.0000000000
55568  -21.078  -1.265  -9.731 0.0000000000
55567  -21.016  -1.240  -9.890 0.0000000000
55585  -20.977  -1.137  -10.002 0.0000000000
54734  -19.535  -1.554  -10.236 0.0000000000
54735  -19.980  -1.542  -10.309 0.0000000000
54736  -20.113  -1.512  -10.243 0.0000000000
55584  -20.415  -1.269  -10.113 0.0000000000
55583  -20.049  -1.476  -10.216 0.0000000000
54731  -18.091  -1.748  -10.342 0.0000000000
54752  -18.458  -1.516  -10.863 0.0000000000
54753  -18.995  -1.522  -10.632 0.0000000000
54754  -19.002  -1.509  -10.592 0.0000000000
55603  -19.238  -1.288  -10.584 0.0000000000
55602  -19.018  -1.386  -10.646 0.0000000000
55604  -19.903  -1.194  -10.636 0.0000000000
55605  -20.056  -1.164  -10.506 0.0000000000
54751  -18.001  -1.460  -10.666 0.0000000000
55624  -18.273  -1.181  -10.991 0.0000000000
55625  -18.858  -1.179  -11.003 0.0000000000
55626  -19.041  -1.225  -10.944 0.0000000000
55606  -20.377  -1.014  -10.046 0.0000000000
56492  -20.841  -1.013  -10.012 0.0000000000
55627  -19.465  -1.161  -10.994 0.0000000000
55628  -19.897  -1.010  -10.920 0.0000000000
55629  -19.980  -0.966  -10.830 0.0000000000
56513  -20.082  -0.993  -10.748 0.0000000000
55623  -17.992  -1.243  -10.842 0.0000000000
55647  -18.076  -1.084  -11.063 0.0000000000
55648  -18.437  -1.286  -11.090 0.0000000000
55649  -18.866  -1.235  -11.133 0.0000000000
55650  -19.208  -1.224  -11.146 0.0000000000
55651  -19.572  -1.118  -11.112 0.0000000000
55646  -17.935  -1.127  -11.018 0.0000000000
56553  -17.897  -1.019  -11.073 0.0000000000
56554  -18.314  -0.992  -11.140 0.0000000000
56555  -18.513  -1.124  -11.255 0.0000000000
55667  -18.680  -1.210  -11.281 0.0000000000
55668  -18.991  -1.258  -11.420 0.0000000000
55669  -19.266  -1.154  -11.347 0.0000000000
56582  -18.579  -0.983  -11.507 0.0000000000
56531  -17.949  -1.075  -10.998 0.0000000000
56552  -17.386  -0.852  -10.925 0.0000000000
56530  -17.601  -0.931  -10.843 0.0000000000
57477  -17.701  -0.777  -11.000 0.0000000000
56581  -18.134  -0.813  -11.408 0.0000000000
56580  -17.992  -0.917  -11.206 0.0000000000
57499  -17.826  -0.668  -11.116 0.0000000000
57476  -17.062  -0.680  -11.006 0.0000000000
57498  -17.180  -0.492  -11.093 0.0000000000
57475  -17.003  -0.651  -10.996 0.0000000000
56551  -17.094  -0.804  -10.914 0.0000000000
57497  -16.988  -0.540  -11.191 0.0000000000
57459  -16.989  -0.631  -10.891 0.0000000000
56529  -17.078  -0.881  -10.742 0.0000000000
57474  -16.938  -0.518  -10.984 0.0000000000
58415  -16.782  -0.229  -11.056 0.0000000000
58416  -16.980  -0.313  -11.164 0.0000000000
57458  -16.894  -0.589  -10.884 0.0000000000
56528  -17.154  -0.863  -10.610 0.0000000000
57440  -16.711  -0.910  -10.503 0.0000000000
56511  -16.773  -0.923  -10.427 0.0000000000
57457  -16.487  -0.161  -10.898 0.0000000000
57439  -16.291  -0.103  -10.428 0.0000000000
58400  -16.564  -0.156  -10.986 0.0000000000
58399  -16.246  -0.016  -10.777 0.0000000000
56510  -16.305  -0.973  -10.093 0.0000000000
57438  -16.019  -0.313  -10.328 0.0000000000
56509  -15.995  -0.735  -10.104 0.0000000000
58384  -16.077  -0.113  -10.542 0.0000000000
57424  -16.028  -0.419  -10.019 0.0000000000
58383  -15.911  -0.098  -10.253 0.0000000000
57423  -15.844  -0.688  -10.007 0.0000000000
56489  -16.006  -1.063  -10.043 0.0000000000
58372  -15.836  -0.248  -10.139 0.0000000000
57418  -15.639  -0.529  -9.843 0.0000000000
56488  -15.998  -0.952  -9.981 0.0000000000
58371  -15.607  -0.165  -9.998 0.0000000000
57410  -15.636  -0.803  -9.512 0.0000000000
56475  -15.883  -0.987  -9.880 0.0000000000
57417  -15.437  -0.048  -9.609 0.0000000000
57409  -15.224  -0.486  -9.289 0.0000000000
58363  -15.416  -0.029  -9.906 0.0000000000
58362  -15.133  -0.022  -9.645 0.0000000000
56465  -15.586  -1.014  -9.336 0.0000000000
57401  -15.260  -0.767  -8.998 0.0000000000
56464  -15.251  -0.966  -9.002 0.0000000000
57408  -15.004  -0.436  -9.170 0.0000000000
57400  -15.035  -0.519  -8.985 0.0000000000
58355  -15.066  -0.102  -9.446 0.0000000000
58354  -14.893  -0.193  -9.245 0.0000000000
56458  -15.202  -0.896  -8.882 0.0000000000
57391  -15.030  -0.667  -8.946 0.0000000000
56457  -15.090  -0.820  -8.854 0.0000000000
57399  -14.780  -0.387  -9.012 0.0000000000
57390  -14.698  -0.405  -8.837 0.0000000000
58345  -14.775  -0.233  -9.044 0.0000000000
58344  -14.459  0.002  -9.032 0.0000000000
56448  -15.014  -0.896  -8.679 0.0000000000
55622  -17.887  -1.191  -10.863 0.0000000000
55621  -17.347  -1.002  -10.762 0.0000000000
56512  -16.972  -1.047  -10.475 0.0000000000
55620  -17.013  -0.896  -10.416 0.0000000000
55599  -17.068  -1.127  -10.189 0.0000000000
56491  -16.755  -0.993  -10.015 0.0000000000
55598  -16.884  -1.150  -10.261 0.0000000000
56490  -16.468  -1.012  -10.021 0.0000000000
55581  -16.804  -1.029  -9.980 0.0000000000
55580  -16.343  -1.078  -9.982 0.0000000000
56476  -16.003  -1.014  -9.911 0.0000000000
55579  -16.099  -1.086  -9.908 0.0000000000
55565  -15.979  -1.210  -9.715 0.0000000000
55564  -15.741  -1.153  -9.543 0.0000000000
55551  -15.511  -1.275  -9.086 0.0000000000
55550  -15.274  -1.024  -8.987 0.0000000000
56449  -15.102  -0.966  -8.698 0.0000000000
55530  -15.171  -1.005  -8.661 0.0000000000
55537  -15.290  -1.070  -8.918 0.0000000000
55529  -14.992  -1.095  -8.549 0.0000000000
54750  -17.985  -1.451  -10.683 0.0000000000
55601  -17.779  -1.297  -10.685 0.0000000000
54729  -17.998  -1.672  -10.490 0.0000000000
55600  -17.041  -1.232  -10.387 0.0000000000
54728  -17.392  -1.803  -10.333 0.0000000000
54727  -16.993  -1.560  -10.139 0.0000000000
55582  -17.039  -1.191  -10.048 0.0000000000
54708  -17.038  -1.583  -10.000 0.0000000000
54707  -16.897  -1.399  -9.981 0.0000000000
54706  -16.667  -1.246  -9.967 0.0000000000
55566  -16.083  -1.145  -9.931 0.0000000000
54690  -16.472  -1.599  -9.995 0.0000000000
54689  -16.008  -1.549  -9.875 0.0000000000
55552  -15.832  -1.350  -9.389 0.0000000000
54677  -16.009  -1.780  -9.350 0.0000000000
54676  -15.704  -1.630  -9.010 0.0000000000
55538  -15.507  -1.334  -8.993 0.0000000000
54661  -15.832  -1.734  -8.991 0.0000000000
54660  -15.460  -1.351  -8.996 0.0000000000
54647  -15.258  -1.514  -8.625 0.0000000000
54646  -15.006  -1.445  -8.418 0.0000000000
54730  -18.028  -1.755  -10.417 0.0000000000
53831  -18.016  -1.987  -10.105 0.0000000000
53830  -17.987  -1.991  -10.222 0.0000000000
53829  -17.833  -1.937  -10.159 0.0000000000
54709  -17.131  -1.826  -10.054 0.0000000000
53806  -17.509  -1.978  -10.040 0.0000000000
53805  -17.159  -1.790  -9.948 0.0000000000
54692  -17.046  -1.710  -9.869 0.0000000000
54691  -16.993  -1.724  -9.861 0.0000000000
53789  -17.136  -1.891  -9.802 0.0000000000
53788  -16.860  -1.987  -9.687 0.0000000000
54678  -16.308  -1.991  -9.451 0.0000000000
53787  -16.617  -1.987  -9.613 0.0000000000
53773  -16.337  -2.013  -9.246 0.0000000000
54662  -15.987  -1.914  -9.001 0.0000000000
53772  -16.040  -1.984  -9.033 0.0000000000
53761  -16.076  -1.929  -8.988 0.0000000000
54648  -15.689  -1.802  -8.832 0.0000000000
53760  -15.962  -1.969  -8.916 0.0000000000
53747  -15.640  -1.898  -8.642 0.0000000000
53808  -18.134  -2.046  -10.077 0.0000000000
53807  -17.956  -2.038  -10.061 0.0000000000
52926  -18.358  -2.197  -10.017 0.0000000000
52925  -18.003  -2.133  -10.012 0.0000000000
52924  -17.880  -2.106  -9.975 0.0000000000
53790  -17.353  -1.978  -9.889 0.0000000000
52923  -17.499  -2.023  -10.017 0.0000000000
52906  -17.203  -2.012  -9.773 0.0000000000
52905  -17.006  -2.138  -9.755 0.0000000000
53774  -16.643  -2.044  -9.474 0.0000000000
52904  -16.884  -2.170  -9.629 0.0000000000
52890  -16.661  -2.312  -9.265 0.0000000000
53762  -16.106  -2.019  -9.013 0.0000000000
52889  -16.181  -2.027  -9.033 0.0000000000
52880  -16.215  -2.150  -8.939 0.0000000000
53748  -15.966  -2.024  -8.863 0.0000000000
52871  -15.997  -2.293  -8.609 0.0000000000
52879  -15.988  -2.017  -8.958 0.0000000000
52870  -15.833  -2.077  -8.642 0.0000000000
52044  -18.382  -2.432  -9.902 0.0000000000
52043  -18.044  -2.312  -9.968 0.0000000000
52042  -18.013  -2.314  -10.018 0.0000000000
52907  -17.662  -2.218  -9.957 0.0000000000
52019  -17.990  -2.605  -9.895 0.0000000000
52018  -17.477  -2.597  -9.643 0.0000000000
52017  -17.008  -2.350  -9.524 0.0000000000
52891  -16.906  -2.338  -9.435 0.0000000000
52002  -17.032  -2.748  -9.204 0.0000000000
52001  -16.996  -2.714  -9.143 0.0000000000
52881  -16.732  -2.232  -8.990 0.0000000000
51986  -16.947  -2.790  -9.018 0.0000000000
51985  -16.548  -2.472  -9.004 0.0000000000
52872  -16.061  -2.137  -8.877 0.0000000000
51975  -16.466  -2.574  -8.708 0.0000000000
51974  -16.006  -2.402  -8.543 0.0000000000
52861  -16.003  -2.235  -8.183 0.0000000000
51966  -16.016  -2.746  -8.180 0.0000000000
52022  -18.985  -2.824  -9.714 0.0000000000
52021  -18.887  -2.870  -9.657 0.0000000000
52020  -18.003  -2.732  -9.724 0.0000000000
51145  -18.992  -2.989  -9.682 0.0000000000
51144  -18.880  -2.987  -9.679 0.0000000000
51143  -18.217  -3.004  -9.670 0.0000000000
51142  -17.998  -2.990  -9.681 0.0000000000
51141  -17.985  -2.978  -9.742 0.0000000000
52003  -17.251  -2.917  -9.313 0.0000000000
51140  -17.584  -2.958  -9.514 0.0000000000
51126  -17.263  -3.022  -9.121 0.0000000000
51987  -17.026  -2.941  -9.003 0.0000000000
51125  -17.135  -3.033  -9.016 0.0000000000
51112  -17.011  -2.982  -8.978 0.0000000000
51976  -16.898  -2.849  -8.979 0.0000000000
51111  -16.964  -2.984  -8.912 0.0000000000
51098  -16.829  -2.959  -8.813 0.0000000000
51967  -16.059  -2.845  -8.190 0.0000000000
51097  -16.294  -2.995  -8.358 0.0000000000
51084  -16.073  -3.011  -8.049 0.0000000000
51076  -21.929  -2.917  -7.941 0.0000000000
51949  -22.025  -2.896  -7.865 0.0000000000
51960  -22.007  -2.601  -7.991 0.0000000000
52852  -22.044  -2.330  -7.988 0.0000000000
52851  -21.972  -2.157  -7.985 0.0000000000
51065  -21.936  -3.029  -7.475 0.0000000000
51066  -22.013  -2.993  -7.525 0.0000000000
51950  -22.010  -2.661  -7.869 0.0000000000
50210  -19.304  -3.011  -9.677 0.0000000000
50209  -19.029  -3.063  -9.676 0.0000000000
50208  -19.015  -3.070  -9.759 0.0000000000
50207  -18.562  -3.144  -9.694 0.0000000000
50206  -18.035  -3.030  -9.626 0.0000000000
50205  -18.014  -3.105  -9.647 0.0000000000
51127  -17.646  -3.043  -9.511 0.0000000000
50183  -17.982  -3.451  -9.550 0.0000000000
50182  -17.589  -3.194  -9.319 0.0000000000
51113  -17.096  -3.005  -8.976 0.0000000000
50168  -17.556  -3.282  -9.108 0.0000000000
50167  -17.111  -3.076  -8.955 0.0000000000
51099  -17.019  -2.992  -8.913 0.0000000000
50159  -17.033  -3.105  -8.872 0.0000000000
50158  -16.830  -3.029  -8.698 0.0000000000
50157  -16.477  -3.009  -8.612 0.0000000000
50145  -16.339  -3.276  -8.162 0.0000000000
50149  -21.588  -3.211  -7.993 0.0000000000
50135  -21.623  -3.149  -7.928 0.0000000000
51075  -21.814  -2.991  -7.894 0.0000000000
50121  -21.729  -3.120  -7.605 0.0000000000
51064  -21.848  -2.998  -7.673 0.0000000000
51053  -22.107  -3.004  -7.114 0.0000000000
51941  -22.169  -2.643  -7.150 0.0000000000
50122  -21.990  -3.086  -7.224 0.0000000000
50106  -22.013  -3.084  -7.016 0.0000000000
51052  -22.019  -3.028  -6.981 0.0000000000
51041  -22.077  -2.998  -6.882 0.0000000000
51934  -22.278  -2.742  -7.010 0.0000000000
51040  -21.972  -3.059  -6.915 0.0000000000
51024  -21.987  -2.965  -6.643 0.0000000000
51928  -22.187  -2.847  -6.585 0.0000000000
50089  -21.861  -3.128  -6.989 0.0000000000
51039  -21.978  -3.011  -6.880 0.0000000000
51023  -21.890  -2.926  -6.470 0.0000000000
50088  -21.663  -3.261  -6.965 0.0000000000
51022  -21.798  -2.995  -6.632 0.0000000000
51927  -21.989  -2.821  -6.359 0.0000000000
51006  -21.661  -3.027  -6.162 0.0000000000
51007  -21.819  -2.971  -6.097 0.0000000000
51920  -21.964  -2.822  -6.082 0.0000000000
50072  -21.363  -3.266  -6.571 0.0000000000
50060  -21.274  -3.240  -6.037 0.0000000000
51005  -21.496  -3.074  -6.020 0.0000000000
50988  -21.377  -3.050  -6.013 0.0000000000
50989  -21.649  -2.999  -5.997 0.0000000000
50059  -21.092  -3.325  -6.007 0.0000000000
50050  -21.007  -3.219  -5.960 0.0000000000
50975  -21.352  -3.040  -5.956 0.0000000000
50186  -19.221  -3.418  -9.474 0.0000000000
49275  -19.027  -3.354  -9.597 0.0000000000
49274  -19.005  -3.490  -9.677 0.0000000000
50185  -18.138  -3.423  -9.436 0.0000000000
49273  -18.624  -3.744  -9.584 0.0000000000
50184  -18.011  -3.342  -9.481 0.0000000000
49258  -19.525  -3.833  -9.180 0.0000000000
49257  -19.010  -3.921  -9.346 0.0000000000
49255  -18.236  -3.987  -9.232 0.0000000000
49254  -18.060  -3.848  -9.173 0.0000000000
50169  -17.890  -3.642  -9.171 0.0000000000
49253  -17.987  -3.807  -9.114 0.0000000000
49235  -17.905  -3.873  -8.987 0.0000000000
49234  -17.420  -3.663  -8.925 0.0000000000
49233  -17.029  -3.527  -8.943 0.0000000000
49218  -17.006  -3.617  -8.647 0.0000000000
50146  -16.490  -3.256  -8.326 0.0000000000
49217  -16.908  -3.666  -8.479 0.0000000000
50134  -21.335  -3.480  -8.015 0.0000000000
49212  -21.159  -3.607  -8.144 0.0000000000
49211  -20.946  -3.825  -8.070 0.0000000000
49208  -16.547  -3.800  -7.985 0.0000000000
50120  -21.278  -3.481  -7.915 0.0000000000
49204  -21.011  -3.670  -8.033 0.0000000000
50105  -21.837  -3.277  -7.011 0.0000000000
49197  -21.187  -3.641  -7.637 0.0000000000
49189  -21.637  -3.339  -7.068 0.0000000000
49196  -20.924  -3.710  -7.930 0.0000000000
49188  -21.149  -3.669  -7.080 0.0000000000
50104  -21.343  -3.501  -6.957 0.0000000000
49180  -21.013  -3.807  -6.961 0.0000000000
50087  -21.147  -3.619  -6.990 0.0000000000
49172  -21.015  -3.749  -6.824 0.0000000000
50071  -21.005  -3.499  -6.377 0.0000000000
49171  -20.885  -3.832  -6.620 0.0000000000
50070  -21.011  -3.462  -6.110 0.0000000000
49163  -20.833  -3.612  -6.156 0.0000000000
50058  -20.990  -3.399  -5.987 0.0000000000
49155  -20.990  -3.462  -5.980 0.0000000000
50049  -20.968  -3.393  -5.864 0.0000000000
49256  -18.808  -3.973  -9.345 0.0000000000
48329  -19.483  -4.007  -9.013 0.0000000000
48313  -19.634  -3.999  -9.002 0.0000000000
49237  -19.645  -3.891  -9.011 0.0000000000
48328  -19.233  -4.090  -9.184 0.0000000000
48327  -18.987  -4.115  -9.351 0.0000000000
48326  -18.466  -4.110  -9.233 0.0000000000
48325  -18.028  -3.992  -9.129 0.0000000000
49236  -18.031  -3.919  -9.016 0.0000000000
48310  -18.180  -4.013  -9.034 0.0000000000
48309  -17.989  -4.048  -8.982 0.0000000000
48308  -17.775  -3.955  -8.936 0.0000000000
49219  -17.204  -3.786  -8.678 0.0000000000
48290  -17.458  -4.014  -8.732 0.0000000000
48294  -20.506  -4.005  -8.352 0.0000000000
49210  -20.782  -3.993  -8.094 0.0000000000
48289  -17.067  -3.997  -8.370 0.0000000000
49209  -16.923  -3.980  -8.237 0.0000000000
48274  -16.951  -4.038  -8.186 0.0000000000
48278  -20.871  -3.975  -7.970 0.0000000000
49203  -20.997  -3.765  -7.989 0.0000000000
48277  -20.628  -4.139  -8.213 0.0000000000
48273  -16.784  -3.903  -8.055 0.0000000000
49202  -16.523  -3.819  -7.880 0.0000000000
49207  -16.388  -3.630  -8.000 0.0000000000
48265  -20.734  -3.966  -7.997 0.0000000000
49195  -20.971  -3.784  -7.892 0.0000000000
49187  -20.937  -3.826  -7.189 0.0000000000
48258  -20.958  -3.977  -7.595 0.0000000000
49179  -20.985  -3.770  -6.994 0.0000000000
48252  -20.835  -3.949  -7.096 0.0000000000
48245  -20.856  -3.924  -6.984 0.0000000000
48237  -20.800  -4.003  -6.988 0.0000000000
49170  -20.513  -3.881  -6.614 0.0000000000
49162  -20.505  -3.886  -6.263 0.0000000000
48236  -20.239  -3.962  -6.589 0.0000000000
49154  -20.552  -3.651  -6.032 0.0000000000
48227  -20.305  -4.005  -6.110 0.0000000000
49161  -20.284  -3.988  -6.142 0.0000000000
49153  -20.133  -3.995  -5.991 0.0000000000
48226  -20.143  -4.036  -6.065 0.0000000000
48312  -19.287  -4.011  -8.986 0.0000000000
47417  -19.023  -4.315  -9.272 0.0000000000
47404  -19.198  -4.273  -9.059 0.0000000000
47416  -18.717  -4.299  -9.261 0.0000000000
48311  -18.411  -4.168  -9.122 0.0000000000
47415  -18.504  -4.233  -9.203 0.0000000000
48292  -20.014  -4.104  -8.839 0.0000000000
47406  -19.839  -4.036  -8.927 0.0000000000
47391  -19.997  -4.097  -8.872 0.0000000000
47405  -19.488  -4.101  -8.920 0.0000000000
47402  -18.459  -4.416  -9.051 0.0000000000
47401  -18.018  -4.251  -8.994 0.0000000000
48291  -17.829  -3.984  -8.994 0.0000000000
47388  -17.916  -4.343  -8.864 0.0000000000
47400  -17.946  -4.134  -8.995 0.0000000000
47392  -20.100  -4.289  -8.606 0.0000000000
47377  -20.279  -4.313  -8.271 0.0000000000
48276  -20.441  -3.983  -8.308 0.0000000000
47387  -17.763  -4.161  -8.839 0.0000000000
48275  -17.061  -4.010  -8.303 0.0000000000
47375  -17.153  -4.158  -8.239 0.0000000000
47378  -20.501  -4.200  -8.002 0.0000000000
47361  -20.520  -4.256  -8.004 0.0000000000
48264  -20.754  -4.012  -7.900 0.0000000000
47374  -17.026  -4.288  -8.087 0.0000000000
48263  -16.990  -4.002  -7.988 0.0000000000
47359  -16.998  -4.249  -7.993 0.0000000000
48262  -16.727  -4.001  -7.998 0.0000000000
47346  -20.525  -4.264  -7.569 0.0000000000
48257  -20.804  -3.979  -7.280 0.0000000000
47358  -16.911  -4.147  -7.988 0.0000000000
47337  -20.568  -4.185  -7.017 0.0000000000
48251  -20.774  -4.056  -7.106 0.0000000000
47328  -20.518  -4.219  -6.984 0.0000000000
48244  -20.616  -4.081  -6.968 0.0000000000
47327  -20.217  -4.484  -6.986 0.0000000000
48243  -20.303  -4.074  -6.881 0.0000000000
47320  -20.126  -4.386  -6.499 0.0000000000
48235  -20.223  -4.087  -6.154 0.0000000000
47314  -20.028  -4.230  -6.067 0.0000000000
47313  -19.952  -4.179  -6.050 0.0000000000
48225  -19.999  -4.092  -5.991 0.0000000000
48216  -20.057  -3.995  -6.012 0.0000000000
47403  -18.935  -4.484  -9.053 0.0000000000
47390  -19.865  -4.177  -8.931 0.0000000000
46467  -19.368  -4.386  -9.093 0.0000000000
46466  -19.082  -4.606  -8.938 0.0000000000
46465  -18.990  -4.701  -8.902 0.0000000000
46464  -18.473  -4.683  -8.872 0.0000000000
47389  -17.998  -4.467  -8.779 0.0000000000
46463  -18.048  -4.710  -8.727 0.0000000000
47376  -19.996  -4.527  -8.348 0.0000000000
46453  -19.986  -4.464  -8.510 0.0000000000
46452  -19.491  -4.929  -8.582 0.0000000000
46448  -18.053  -4.773  -8.503 0.0000000000
46447  -17.936  -4.675  -8.532 0.0000000000
46446  -17.496  -4.823  -8.183 0.0000000000
47360  -20.194  -4.495  -8.009 0.0000000000
46437  -20.005  -4.664  -8.021 0.0000000000
46436  -19.963  -4.797  -8.054 0.0000000000
46431  -17.198  -4.729  -8.019 0.0000000000
46430  -17.022  -4.572  -7.993 0.0000000000
47345  -20.123  -4.694  -7.853 0.0000000000
46423  -20.047  -4.700  -7.975 0.0000000000
47344  -17.018  -4.502  -7.802 0.0000000000
46419  -17.089  -4.641  -7.851 0.0000000000
47343  -16.837  -4.383  -7.735 0.0000000000
47336  -20.223  -4.636  -7.159 0.0000000000
46409  -19.993  -4.769  -7.734 0.0000000000
46395  -20.014  -4.740  -7.187 0.0000000000
46406  -17.022  -4.785  -7.488 0.0000000000
46387  -20.065  -4.721  -7.013 0.0000000000
46386  -19.984  -4.723  -6.968 0.0000000000
47326  -20.019  -4.594  -6.997 0.0000000000
47319  -19.996  -4.521  -6.690 0.0000000000
46378  -19.834  -4.432  -6.777 0.0000000000
46370  -19.956  -4.255  -6.171 0.0000000000
46451  -19.004  -4.888  -8.495 0.0000000000
46450  -18.980  -4.925  -8.614 0.0000000000
46449  -18.342  -4.977  -8.522 0.0000000000
46435  -19.444  -4.971  -8.155 0.0000000000
45525  -19.001  -4.998  -8.303 0.0000000000
46434  -19.122  -5.002  -8.249 0.0000000000
45524  -19.027  -5.047  -8.388 0.0000000000
45523  -18.805  -5.039  -8.422 0.0000000000
45522  -18.330  -5.042  -8.479 0.0000000000
46433  -18.008  -4.981  -8.218 0.0000000000
45509  -18.019  -5.049  -8.244 0.0000000000
46432  -17.701  -4.979  -8.244 0.0000000000
46422  -19.816  -4.784  -7.984 0.0000000000
45513  -19.379  -5.023  -8.086 0.0000000000
46421  -19.570  -4.919  -8.054 0.0000000000
45512  -19.159  -5.076  -8.157 0.0000000000
45508  -17.836  -5.053  -8.133 0.0000000000
45507  -17.528  -5.043  -8.092 0.0000000000
46420  -17.301  -4.782  -7.940 0.0000000000
45499  -19.666  -4.885  -7.932 0.0000000000
46408  -19.926  -4.805  -7.884 0.0000000000
45498  -19.307  -5.034  -7.983 0.0000000000
46407  -17.277  -4.790  -7.716 0.0000000000
45492  -17.383  -4.993  -7.913 0.0000000000
46394  -19.965  -4.803  -7.180 0.0000000000
45485  -19.835  -4.977  -7.662 0.0000000000
45481  -17.214  -5.024  -7.475 0.0000000000
45469  -19.867  -4.987  -7.012 0.0000000000
45453  -19.621  -5.000  -7.016 0.0000000000
46385  -19.630  -4.996  -6.945 0.0000000000
46377  -19.610  -4.773  -6.911 0.0000000000
45452  -19.484  -5.001  -7.063 0.0000000000
46369  -19.900  -4.679  -6.001 0.0000000000
45443  -19.381  -4.964  -6.535 0.0000000000
45511  -18.878  -5.084  -8.182 0.0000000000
45510  -18.483  -5.088  -8.241 0.0000000000
45497  -19.019  -5.431  -7.984 0.0000000000
45496  -18.642  -5.120  -8.046 0.0000000000
45495  -18.207  -5.043  -8.016 0.0000000000
45494  -17.963  -5.105  -8.057 0.0000000000
45493  -17.789  -5.152  -8.007 0.0000000000
45484  -19.464  -5.076  -7.533 0.0000000000
44566  -19.003  -5.337  -7.694 0.0000000000
44555  -19.084  -5.314  -7.410 0.0000000000
45483  -19.226  -5.226  -7.320 0.0000000000
44565  -18.918  -5.302  -7.855 0.0000000000
44564  -18.261  -5.186  -7.995 0.0000000000
44563  -18.003  -5.179  -7.979 0.0000000000
44562  -17.949  -5.175  -7.989 0.0000000000
45482  -17.680  -5.032  -7.910 0.0000000000
44551  -17.859  -5.380  -7.767 0.0000000000
45468  -19.762  -5.111  -6.996 0.0000000000
44543  -19.001  -5.539  -7.032 0.0000000000
45467  -19.140  -5.012  -7.108 0.0000000000
44550  -17.567  -5.227  -7.621 0.0000000000
45451  -19.288  -4.953  -6.961 0.0000000000
44554  -19.004  -5.507  -7.298 0.0000000000
44553  -18.527  -5.444  -7.469 0.0000000000
44552  -18.013  -5.446  -7.637 0.0000000000
44542  -18.955  -5.418  -7.099 0.0000000000
44541  -18.679  -5.486  -7.014 0.0000000000
44540  -18.199  -5.489  -7.032 0.0000000000
44539  -17.985  -5.583  -7.106 0.0000000000
44538  -17.450  -5.406  -7.218 0.0000000000
51921  -22.144  -2.794  -6.021 0.0000000000
51922  -22.660  -2.493  -6.048 0.0000000000
51929  -22.867  -2.153  -6.623 0.0000000000
51935  -22.516  -2.336  -6.926 0.0000000000
52827  -22.500  -2.366  -7.006 0.0000000000
52834  -22.550  -2.261  -7.009 0.0000000000
52841  -22.362  -2.289  -7.580 0.0000000000
58335  -14.399  0.010  -8.851 0.0000000000
58343  -14.334  0.090  -8.725 0.0000000000
59252  -14.388  0.161  -8.977 0.0000000000
59253  -14.567  0.066  -8.979 0.0000000000
58353  -14.657  -0.085  -9.141 0.0000000000
59261  -14.700  -0.015  -9.261 0.0000000000
59262  -14.915  -0.039  -9.404 0.0000000000
58361  -14.993  -0.065  -9.485 0.0000000000
59271  -15.038  0.120  -9.716 0.0000000000
59272  -15.195  0.080  -9.805 0.0000000000
58370  -15.339  0.031  -9.887 0.0000000000
59280  -15.304  0.162  -10.009 0.0000000000
59281  -15.539  -0.006  -10.072 0.0000000000
58382  -15.919  0.026  -10.054 0.0000000000
59289  -15.683  -0.011  -10.259 0.0000000000
59290  -15.998  0.013  -10.530 0.0000000000
58398  -16.028  -0.003  -10.595 0.0000000000
59302  -16.050  0.166  -10.731 0.0000000000
59303  -16.285  0.098  -10.873 0.0000000000
58414  -16.428  -0.014  -10.992 0.0000000000
59247  -14.330  0.160  -8.528 0.0000000000
60146  -14.343  0.658  -8.802 0.0000000000
60149  -14.270  0.619  -8.979 0.0000000000
60150  -14.457  0.281  -9.006 0.0000000000
60155  -14.364  0.573  -9.401 0.0000000000
59270  -14.921  0.092  -9.583 0.0000000000
60161  -14.732  0.528  -9.882 0.0000000000
60162  -14.923  0.467  -9.986 0.0000000000
59279  -15.065  0.118  -10.049 0.0000000000
60170  -14.882  0.545  -9.973 0.0000000000
60171  -15.139  0.348  -10.031 0.0000000000
59288  -15.252  0.203  -10.010 0.0000000000
60180  -15.121  0.530  -10.442 0.0000000000
60181  -15.699  0.422  -10.493 0.0000000000
59301  -15.981  0.178  -10.708 0.0000000000
60143  -14.184  0.702  -8.104 0.0000000000
61052  -14.150  0.987  -8.456 0.0000000000
61054  -14.246  1.087  -8.977 0.0000000000
61057  -14.219  1.011  -9.046 0.0000000000
60154  -14.194  0.935  -9.093 0.0000000000
61060  -14.262  0.997  -9.447 0.0000000000
61061  -14.543  0.960  -9.729 0.0000000000
61064  -14.630  0.991  -9.979 0.0000000000
60169  -14.770  0.743  -10.018 0.0000000000
61069  -14.813  0.866  -10.219 0.0000000000
61070  -14.930  0.798  -10.237 0.0000000000
60179  -14.991  0.761  -10.316 0.0000000000
61079  -15.002  0.942  -10.494 0.0000000000
61080  -15.079  0.928  -10.524 0.0000000000
61049  -14.282  0.974  -7.991 0.0000000000
61941  -14.281  1.131  -8.306 0.0000000000
61944  -14.109  1.133  -8.942 0.0000000000
61946  -14.238  1.191  -8.965 0.0000000000
61949  -14.240  1.272  -9.388 0.0000000000
61063  -14.448  0.999  -9.900 0.0000000000
61952  -14.393  1.138  -9.967 0.0000000000
61953  -14.520  1.096  -9.995 0.0000000000
61956  -14.580  1.033  -10.082 0.0000000000
61078  -14.979  0.988  -10.331 0.0000000000
61961  -14.898  1.053  -10.490 0.0000000000
61962  -14.971  1.044  -10.540 0.0000000000
61937  -14.358  0.959  -8.007 0.0000000000
61942  -14.466  1.164  -8.012 0.0000000000
62854  -14.395  1.577  -8.072 0.0000000000
62853  -14.340  1.436  -8.142 0.0000000000
62857  -14.258  1.563  -8.711 0.0000000000
62860  -14.213  1.647  -8.980 0.0000000000
62862  -14.240  1.670  -9.147 0.0000000000
62865  -14.106  1.710  -9.735 0.0000000000
61955  -14.399  1.323  -10.018 0.0000000000
62867  -14.234  1.724  -9.978 0.0000000000
62868  -14.301  1.647  -10.101 0.0000000000
62871  -14.485  1.572  -10.217 0.0000000000
62858  -14.403  1.877  -8.729 0.0000000000
63794  -14.404  1.996  -8.878 0.0000000000
63798  -14.288  1.980  -8.935 0.0000000000
63795  -14.730  2.017  -8.523 0.0000000000
63801  -14.257  1.956  -9.076 0.0000000000
63804  -14.224  1.964  -9.653 0.0000000000
63807  -14.220  1.979  -9.993 0.0000000000
62870  -14.228  1.918  -10.101 0.0000000000
63809  -14.308  2.006  -10.066 0.0000000000
63810  -14.535  1.986  -10.536 0.0000000000
63789  -14.893  1.895  -8.233 0.0000000000
63790  -15.014  1.984  -8.208 0.0000000000
63796  -14.998  1.992  -8.300 0.0000000000
63799  -14.314  2.005  -8.786 0.0000000000
64711  -14.864  2.122  -8.542 0.0000000000
64717  -14.699  2.294  -8.858 0.0000000000
64712  -14.986  2.359  -8.454 0.0000000000
64716  -14.445  2.128  -8.956 0.0000000000
64720  -14.310  2.084  -9.012 0.0000000000
64723  -14.164  2.068  -9.585 0.0000000000
64726  -14.250  2.095  -10.006 0.0000000000
64729  -14.322  2.117  -10.026 0.0000000000
64730  -14.396  2.078  -10.377 0.0000000000
62855  -14.896  1.720  -8.096 0.0000000000
