#!ascii label  , from subject  vox2ras=TkReg
522
60152  -23.311  0.410  -8.945 0.0000000000
60151  -23.064  0.350  -8.992 0.0000000000
59257  -23.429  0.216  -8.898 0.0000000000
59266  -23.677  0.161  -8.990 0.0000000000
60158  -23.471  0.486  -9.088 0.0000000000
59267  -24.037  0.082  -9.262 0.0000000000
60159  -23.831  0.144  -9.627 0.0000000000
60157  -22.985  0.654  -9.248 0.0000000000
60166  -23.222  0.867  -9.845 0.0000000000
60167  -23.756  0.288  -10.000 0.0000000000
59275  -23.912  0.072  -9.698 0.0000000000
60165  -23.015  0.821  -9.739 0.0000000000
61066  -23.071  0.992  -9.951 0.0000000000
61067  -23.210  0.971  -9.926 0.0000000000
60176  -23.737  0.508  -10.103 0.0000000000
60175  -23.555  0.722  -9.986 0.0000000000
59285  -23.747  0.083  -10.022 0.0000000000
61074  -23.301  0.994  -10.001 0.0000000000
61075  -23.651  0.844  -10.010 0.0000000000
59293  -23.733  0.148  -10.440 0.0000000000
60185  -23.789  0.443  -10.761 0.0000000000
61085  -23.637  0.978  -10.323 0.0000000000
59306  -23.739  0.119  -10.927 0.0000000000
60196  -23.765  0.540  -10.982 0.0000000000
61093  -23.755  0.988  -10.933 0.0000000000
59321  -23.588  0.064  -10.992 0.0000000000
60211  -23.742  0.641  -11.172 0.0000000000
61105  -23.870  0.989  -11.031 0.0000000000
61065  -22.996  0.918  -9.893 0.0000000000
61073  -23.038  1.017  -10.005 0.0000000000
61072  -22.952  0.907  -9.999 0.0000000000
61958  -22.992  1.025  -10.028 0.0000000000
61959  -23.077  1.046  -10.105 0.0000000000
61084  -23.360  1.001  -10.087 0.0000000000
61966  -23.263  1.225  -10.227 0.0000000000
61967  -23.591  1.007  -10.474 0.0000000000
61977  -23.810  1.301  -10.739 0.0000000000
61989  -23.993  1.091  -11.008 0.0000000000
61957  -22.980  0.959  -10.121 0.0000000000
61965  -22.993  1.031  -10.216 0.0000000000
61964  -22.792  1.193  -10.183 0.0000000000
61975  -22.970  1.585  -10.600 0.0000000000
61976  -23.285  1.310  -10.819 0.0000000000
61974  -22.586  1.414  -10.792 0.0000000000
62876  -22.815  1.572  -10.998 0.0000000000
62877  -23.037  1.690  -10.913 0.0000000000
62878  -23.374  1.613  -10.919 0.0000000000
62887  -23.672  1.486  -11.009 0.0000000000
61990  -23.998  1.044  -11.108 0.0000000000
62004  -24.060  1.090  -11.161 0.0000000000
62903  -23.994  1.690  -11.213 0.0000000000
62875  -22.587  1.392  -10.995 0.0000000000
62884  -22.608  1.311  -11.036 0.0000000000
62885  -22.990  1.596  -11.030 0.0000000000
62886  -23.086  1.758  -11.044 0.0000000000
61988  -22.372  1.268  -10.960 0.0000000000
62883  -22.216  1.080  -11.026 0.0000000000
61987  -22.262  1.001  -10.966 0.0000000000
62899  -22.176  1.047  -11.320 0.0000000000
62900  -22.725  1.709  -11.466 0.0000000000
62901  -22.974  1.868  -11.407 0.0000000000
63818  -23.062  1.671  -11.318 0.0000000000
63817  -22.966  1.778  -11.356 0.0000000000
62902  -23.660  1.765  -11.061 0.0000000000
63828  -23.095  1.979  -11.473 0.0000000000
62003  -22.173  1.016  -11.267 0.0000000000
62017  -22.058  0.996  -11.806 0.0000000000
62916  -22.235  1.324  -11.957 0.0000000000
63827  -23.006  1.862  -11.597 0.0000000000
61139  -22.288  0.902  -11.648 0.0000000000
62016  -22.059  0.968  -11.993 0.0000000000
61138  -22.084  0.884  -11.594 0.0000000000
62035  -21.977  1.006  -12.064 0.0000000000
62036  -22.016  1.114  -12.045 0.0000000000
61159  -21.990  0.911  -12.022 0.0000000000
61119  -22.124  0.899  -11.263 0.0000000000
61104  -22.159  0.969  -11.030 0.0000000000
61973  -22.136  1.150  -10.898 0.0000000000
61092  -22.137  0.892  -10.961 0.0000000000
61963  -22.251  1.231  -10.505 0.0000000000
61082  -22.422  1.004  -10.051 0.0000000000
61083  -22.788  1.009  -10.010 0.0000000000
60268  -21.821  0.582  -11.995 0.0000000000
60248  -22.010  0.815  -11.790 0.0000000000
60286  -21.956  0.778  -12.053 0.0000000000
61180  -21.977  0.952  -12.331 0.0000000000
60225  -22.008  0.790  -11.262 0.0000000000
61118  -22.021  0.775  -11.199 0.0000000000
61103  -22.021  0.770  -10.972 0.0000000000
60210  -22.016  0.774  -10.991 0.0000000000
61091  -22.022  0.948  -10.981 0.0000000000
60195  -21.913  0.822  -10.973 0.0000000000
61081  -22.022  0.777  -10.737 0.0000000000
60183  -22.010  0.547  -10.300 0.0000000000
61071  -22.712  0.941  -10.011 0.0000000000
60184  -22.068  0.405  -10.041 0.0000000000
60173  -22.361  0.514  -10.047 0.0000000000
60174  -22.720  0.810  -9.913 0.0000000000
60164  -22.942  0.710  -9.685 0.0000000000
60285  -21.767  0.538  -12.094 0.0000000000
59394  -21.316  0.077  -12.153 0.0000000000
59377  -21.446  0.160  -11.991 0.0000000000
60267  -21.618  0.425  -11.985 0.0000000000
60302  -21.309  0.233  -12.808 0.0000000000
61179  -21.825  0.730  -12.472 0.0000000000
60247  -21.923  0.555  -11.975 0.0000000000
59359  -21.431  0.185  -11.896 0.0000000000
60224  -21.820  0.519  -11.398 0.0000000000
59334  -21.494  0.358  -11.504 0.0000000000
60209  -21.717  0.377  -11.109 0.0000000000
59320  -21.435  0.059  -11.009 0.0000000000
60194  -21.658  0.628  -11.017 0.0000000000
59305  -21.337  0.255  -10.984 0.0000000000
60182  -21.752  0.814  -10.485 0.0000000000
59291  -21.599  0.121  -10.633 0.0000000000
60172  -22.007  0.247  -9.987 0.0000000000
59292  -21.830  0.384  -10.007 0.0000000000
59283  -21.971  0.107  -10.018 0.0000000000
60163  -22.302  0.547  -9.990 0.0000000000
59284  -22.009  0.141  -10.016 0.0000000000
59273  -22.122  0.102  -9.921 0.0000000000
60156  -22.987  0.445  -9.309 0.0000000000
59274  -22.373  0.303  -9.365 0.0000000000
59264  -22.923  0.248  -9.162 0.0000000000
59265  -22.999  0.371  -9.128 0.0000000000
59256  -23.030  0.162  -8.965 0.0000000000
59393  -21.193  -0.003  -12.422 0.0000000000
59376  -21.300  -0.008  -11.972 0.0000000000
59407  -21.143  0.113  -12.632 0.0000000000
58489  -21.123  -0.148  -12.321 0.0000000000
58475  -21.198  -0.133  -12.060 0.0000000000
59392  -21.004  0.106  -12.579 0.0000000000
58488  -21.020  -0.044  -12.492 0.0000000000
59406  -21.002  0.104  -12.844 0.0000000000
59405  -21.008  0.011  -12.903 0.0000000000
59358  -21.228  -0.002  -11.924 0.0000000000
58462  -21.218  -0.087  -11.920 0.0000000000
59333  -21.271  0.007  -11.633 0.0000000000
58437  -21.305  -0.070  -11.646 0.0000000000
59319  -21.172  0.072  -11.200 0.0000000000
59304  -21.323  0.045  -11.032 0.0000000000
58418  -21.086  -0.056  -11.100 0.0000000000
58405  -23.752  -0.002  -10.691 0.0000000000
58420  -23.731  0.009  -11.007 0.0000000000
58403  -21.367  -0.006  -10.858 0.0000000000
58402  -21.226  -0.118  -11.012 0.0000000000
58387  -23.802  -0.039  -10.120 0.0000000000
59282  -21.798  0.001  -9.975 0.0000000000
58386  -21.699  -0.209  -10.502 0.0000000000
58376  -23.792  0.017  -9.995 0.0000000000
58375  -22.008  0.004  -10.003 0.0000000000
58374  -21.993  -0.026  -9.991 0.0000000000
58373  -21.874  -0.070  -10.003 0.0000000000
58367  -23.996  -0.027  -9.669 0.0000000000
58366  -23.925  0.020  -9.950 0.0000000000
59276  -23.795  0.013  -9.550 0.0000000000
59263  -22.463  0.012  -9.271 0.0000000000
58365  -22.098  -0.025  -9.872 0.0000000000
59258  -23.914  0.034  -8.987 0.0000000000
59259  -23.852  -0.009  -9.018 0.0000000000
59268  -23.875  -0.007  -9.338 0.0000000000
59255  -22.784  0.006  -9.011 0.0000000000
58357  -22.237  -0.088  -9.308 0.0000000000
59254  -22.247  0.008  -9.020 0.0000000000
58351  -24.009  -0.014  -9.009 0.0000000000
58358  -24.095  -0.097  -9.231 0.0000000000
59250  -23.723  0.137  -8.903 0.0000000000
58350  -23.998  0.000  -8.947 0.0000000000
59249  -23.335  0.171  -8.780 0.0000000000
58349  -22.956  -0.000  -8.902 0.0000000000
59248  -23.040  0.014  -8.797 0.0000000000
58348  -22.706  -0.019  -8.934 0.0000000000
58347  -22.361  -0.209  -9.003 0.0000000000
58340  -23.870  -0.003  -8.636 0.0000000000
58339  -23.035  -0.005  -8.617 0.0000000000
58338  -23.020  -0.132  -8.631 0.0000000000
58474  -21.054  -0.182  -12.164 0.0000000000
58487  -21.013  -0.084  -12.582 0.0000000000
58473  -20.971  -0.194  -12.073 0.0000000000
58502  -20.888  -0.004  -12.839 0.0000000000
57555  -20.616  -0.443  -12.118 0.0000000000
58486  -20.199  -0.232  -12.738 0.0000000000
58501  -20.680  -0.077  -12.942 0.0000000000
57554  -20.073  -0.507  -12.303 0.0000000000
57562  -20.013  -0.432  -12.760 0.0000000000
58500  -20.141  -0.070  -13.009 0.0000000000
58461  -21.082  -0.163  -11.983 0.0000000000
57542  -20.985  -0.279  -11.969 0.0000000000
57541  -20.671  -0.414  -11.985 0.0000000000
58436  -21.054  -0.095  -11.595 0.0000000000
57527  -21.002  -0.256  -11.925 0.0000000000
57503  -20.997  -0.265  -11.431 0.0000000000
58417  -21.013  -0.146  -11.081 0.0000000000
57479  -20.960  -0.384  -11.022 0.0000000000
58401  -21.010  -0.228  -10.987 0.0000000000
57462  -21.035  -0.366  -10.813 0.0000000000
58385  -21.424  -0.281  -10.881 0.0000000000
57461  -20.975  -0.319  -10.838 0.0000000000
57429  -23.885  -0.476  -10.002 0.0000000000
57446  -23.710  -0.458  -10.244 0.0000000000
57444  -21.520  -0.471  -10.198 0.0000000000
57427  -21.769  -0.347  -10.012 0.0000000000
57443  -21.093  -0.578  -10.334 0.0000000000
58377  -23.947  -0.181  -10.005 0.0000000000
57428  -21.954  -0.098  -10.023 0.0000000000
57420  -22.038  -0.108  -9.784 0.0000000000
58364  -21.970  -0.000  -9.461 0.0000000000
57413  -24.118  -0.604  -9.431 0.0000000000
57421  -24.006  -0.745  -9.976 0.0000000000
57412  -22.000  -0.413  -9.271 0.0000000000
58356  -22.053  -0.251  -9.120 0.0000000000
57404  -24.128  -0.388  -9.132 0.0000000000
57402  -21.995  -0.558  -9.074 0.0000000000
58346  -22.178  -0.443  -8.991 0.0000000000
58341  -24.006  -0.116  -8.823 0.0000000000
57396  -24.064  -0.250  -8.991 0.0000000000
58337  -22.502  -0.052  -8.902 0.0000000000
57403  -21.995  -0.423  -9.003 0.0000000000
57393  -22.088  -0.537  -8.826 0.0000000000
58336  -22.157  -0.277  -8.972 0.0000000000
58332  -23.987  -0.299  -8.328 0.0000000000
57386  -23.994  -0.434  -8.315 0.0000000000
58331  -23.473  -0.193  -8.222 0.0000000000
58330  -23.009  -0.263  -8.312 0.0000000000
57395  -23.008  -0.444  -8.394 0.0000000000
57383  -22.998  -0.487  -8.231 0.0000000000
58329  -22.991  -0.214  -8.439 0.0000000000
57394  -22.919  -0.281  -8.531 0.0000000000
57385  -23.961  -0.476  -8.010 0.0000000000
57384  -23.308  -0.538  -8.004 0.0000000000
57561  -19.954  -0.371  -12.694 0.0000000000
58499  -20.022  -0.275  -12.926 0.0000000000
57560  -19.827  -0.289  -12.874 0.0000000000
57553  -19.997  -0.526  -12.306 0.0000000000
58498  -19.976  -0.175  -13.034 0.0000000000
57559  -19.236  -0.445  -12.909 0.0000000000
57552  -19.512  -0.622  -12.143 0.0000000000
58497  -19.306  -0.157  -13.030 0.0000000000
57551  -19.009  -0.570  -12.314 0.0000000000
58485  -19.019  -0.205  -12.868 0.0000000000
57540  -20.092  -0.531  -12.004 0.0000000000
57539  -19.899  -0.682  -11.978 0.0000000000
57538  -19.220  -0.716  -12.025 0.0000000000
57550  -19.005  -0.619  -12.541 0.0000000000
57537  -19.005  -0.719  -12.067 0.0000000000
58484  -18.924  -0.136  -12.865 0.0000000000
57549  -18.556  -0.408  -12.276 0.0000000000
57536  -18.830  -0.648  -12.069 0.0000000000
58483  -18.519  -0.117  -12.737 0.0000000000
57535  -18.272  -0.359  -12.023 0.0000000000
58472  -18.127  -0.039  -12.335 0.0000000000
57526  -20.663  -0.522  -11.950 0.0000000000
57525  -20.096  -0.707  -11.737 0.0000000000
56616  -19.819  -0.737  -11.994 0.0000000000
56605  -20.044  -0.815  -11.821 0.0000000000
57524  -20.005  -0.644  -11.992 0.0000000000
56615  -19.304  -0.783  -12.013 0.0000000000
56614  -19.012  -0.805  -11.984 0.0000000000
56613  -18.924  -0.765  -12.001 0.0000000000
57523  -18.678  -0.596  -11.921 0.0000000000
56602  -19.011  -0.899  -11.857 0.0000000000
57534  -18.004  -0.277  -11.997 0.0000000000
57522  -18.206  -0.436  -12.035 0.0000000000
58471  -18.019  -0.072  -12.171 0.0000000000
57521  -18.013  -0.477  -11.754 0.0000000000
58460  -17.983  -0.134  -12.029 0.0000000000
57502  -20.424  -0.811  -11.221 0.0000000000
56606  -19.996  -0.840  -11.601 0.0000000000
56587  -20.015  -0.905  -11.237 0.0000000000
57501  -20.012  -0.926  -11.351 0.0000000000
56601  -18.451  -0.750  -11.748 0.0000000000
56600  -17.988  -0.835  -11.808 0.0000000000
56588  -20.213  -0.882  -11.011 0.0000000000
56559  -20.312  -0.883  -10.985 0.0000000000
57478  -20.710  -0.538  -10.999 0.0000000000
56534  -20.446  -0.848  -10.791 0.0000000000
57460  -20.708  -0.552  -10.656 0.0000000000
57441  -20.977  -0.539  -10.449 0.0000000000
57442  -20.986  -0.655  -10.151 0.0000000000
56514  -20.660  -0.827  -10.347 0.0000000000
57426  -21.278  -0.701  -10.010 0.0000000000
57425  -21.021  -0.875  -10.049 0.0000000000
56515  -20.924  -0.913  -10.019 0.0000000000
56493  -20.934  -1.004  -10.002 0.0000000000
57430  -23.900  -0.867  -10.032 0.0000000000
56497  -23.831  -0.960  -9.987 0.0000000000
57419  -21.973  -0.264  -9.947 0.0000000000
56495  -21.200  -0.875  -9.996 0.0000000000
56478  -21.799  -0.927  -9.969 0.0000000000
56494  -21.057  -1.007  -9.996 0.0000000000
56480  -23.992  -1.007  -9.708 0.0000000000
56498  -23.893  -1.017  -9.949 0.0000000000
57411  -21.967  -0.589  -9.454 0.0000000000
56470  -24.398  -0.993  -9.240 0.0000000000
56469  -24.110  -1.005  -9.476 0.0000000000
57414  -24.334  -0.596  -9.172 0.0000000000
56468  -21.944  -0.786  -9.028 0.0000000000
56467  -21.703  -0.986  -9.246 0.0000000000
57405  -24.275  -0.669  -9.020 0.0000000000
57392  -21.961  -0.737  -8.869 0.0000000000
56460  -21.860  -0.871  -8.974 0.0000000000
57397  -24.299  -0.522  -8.785 0.0000000000
57382  -22.917  -0.723  -8.206 0.0000000000
56452  -22.474  -0.948  -8.366 0.0000000000
56451  -22.120  -0.990  -8.638 0.0000000000
56450  -21.944  -0.961  -8.791 0.0000000000
57376  -24.009  -0.614  -8.020 0.0000000000
57377  -24.356  -0.402  -8.019 0.0000000000
57387  -24.432  -0.574  -8.180 0.0000000000
57375  -23.665  -0.693  -8.002 0.0000000000
57374  -23.074  -0.753  -8.005 0.0000000000
56443  -23.005  -0.855  -7.990 0.0000000000
56442  -22.760  -0.956  -8.027 0.0000000000
57370  -24.022  -0.706  -7.777 0.0000000000
56434  -24.219  -0.793  -7.757 0.0000000000
56435  -24.583  -0.812  -7.991 0.0000000000
57378  -24.348  -0.877  -7.992 0.0000000000
57369  -23.990  -0.557  -7.709 0.0000000000
56433  -23.829  -0.660  -7.847 0.0000000000
56432  -23.366  -0.807  -7.805 0.0000000000
56431  -22.933  -0.971  -7.911 0.0000000000
56425  -24.016  -0.801  -7.485 0.0000000000
56424  -23.713  -0.851  -7.430 0.0000000000
56604  -19.490  -0.868  -11.881 0.0000000000
56603  -19.007  -0.857  -11.847 0.0000000000
56586  -19.896  -0.957  -11.237 0.0000000000
56585  -19.786  -0.970  -11.363 0.0000000000
56584  -19.109  -1.032  -11.434 0.0000000000
56558  -20.025  -0.981  -11.022 0.0000000000
56557  -19.971  -0.921  -11.041 0.0000000000
56556  -19.750  -0.930  -11.055 0.0000000000
55670  -19.507  -1.051  -11.256 0.0000000000
56533  -19.999  -0.913  -10.993 0.0000000000
56532  -19.993  -0.960  -11.026 0.0000000000
55652  -19.857  -1.021  -11.006 0.0000000000
56479  -23.867  -0.999  -9.761 0.0000000000
56477  -21.265  -0.993  -9.891 0.0000000000
55586  -21.078  -1.076  -10.001 0.0000000000
55570  -23.986  -1.086  -9.631 0.0000000000
55569  -23.842  -1.009  -9.714 0.0000000000
55589  -23.696  -1.069  -9.911 0.0000000000
56461  -24.461  -1.007  -9.002 0.0000000000
55556  -24.331  -1.260  -9.254 0.0000000000
55555  -24.136  -1.075  -9.502 0.0000000000
56453  -24.555  -0.995  -8.474 0.0000000000
55533  -24.469  -1.001  -8.802 0.0000000000
55542  -24.497  -1.160  -9.008 0.0000000000
55541  -21.851  -1.092  -8.841 0.0000000000
56459  -21.829  -0.987  -8.996 0.0000000000
55534  -24.754  -1.224  -8.612 0.0000000000
56454  -24.714  -0.866  -8.277 0.0000000000
56444  -24.483  -0.895  -8.132 0.0000000000
56445  -24.543  -1.010  -8.051 0.0000000000
55532  -22.022  -1.305  -8.689 0.0000000000
56441  -22.355  -1.035  -8.366 0.0000000000
55531  -21.998  -1.004  -8.840 0.0000000000
56436  -24.634  -0.995  -8.002 0.0000000000
55520  -24.809  -1.209  -7.981 0.0000000000
55526  -24.738  -1.239  -8.137 0.0000000000
55525  -22.724  -0.994  -8.072 0.0000000000
56430  -22.801  -0.999  -7.993 0.0000000000
55524  -22.438  -1.250  -8.143 0.0000000000
55519  -24.653  -0.995  -7.985 0.0000000000
56426  -24.283  -0.863  -7.476 0.0000000000
55511  -24.596  -0.990  -7.654 0.0000000000
56423  -23.180  -0.990  -7.653 0.0000000000
55518  -22.930  -1.017  -7.909 0.0000000000
55509  -22.923  -1.199  -7.686 0.0000000000
56422  -23.012  -1.024  -7.765 0.0000000000
55517  -22.701  -1.193  -8.039 0.0000000000
56418  -24.004  -0.993  -7.241 0.0000000000
55503  -24.181  -1.141  -7.035 0.0000000000
56417  -23.997  -0.925  -7.242 0.0000000000
56416  -23.476  -0.981  -7.077 0.0000000000
55510  -23.008  -1.126  -7.622 0.0000000000
55500  -23.203  -1.240  -7.283 0.0000000000
56415  -23.240  -1.003  -7.535 0.0000000000
55502  -23.974  -1.126  -7.080 0.0000000000
55501  -23.932  -1.133  -7.133 0.0000000000
54681  -23.990  -1.471  -9.502 0.0000000000
54698  -23.975  -1.648  -9.642 0.0000000000
54697  -23.846  -1.490  -9.730 0.0000000000
54666  -24.514  -1.703  -9.045 0.0000000000
54682  -24.340  -1.706  -9.260 0.0000000000
55543  -24.714  -1.577  -9.000 0.0000000000
54641  -24.801  -1.713  -8.373 0.0000000000
54652  -24.685  -1.845  -8.886 0.0000000000
54651  -22.015  -1.635  -8.492 0.0000000000
54640  -22.197  -1.629  -8.313 0.0000000000
54650  -21.978  -1.649  -8.896 0.0000000000
54633  -24.808  -1.708  -7.991 0.0000000000
54631  -22.373  -1.598  -8.001 0.0000000000
55516  -22.549  -1.374  -8.010 0.0000000000
55512  -24.741  -1.318  -7.370 0.0000000000
54627  -24.902  -1.756  -7.742 0.0000000000
55508  -22.819  -1.110  -7.904 0.0000000000
54632  -22.527  -1.493  -7.995 0.0000000000
54625  -22.719  -1.535  -7.642 0.0000000000
55499  -22.993  -1.274  -7.356 0.0000000000
54626  -22.974  -1.502  -7.374 0.0000000000
54618  -22.983  -1.496  -7.188 0.0000000000
55493  -23.945  -1.264  -7.016 0.0000000000
55494  -23.988  -1.234  -7.000 0.0000000000
55492  -23.645  -1.209  -7.014 0.0000000000
54619  -23.086  -1.615  -7.062 0.0000000000
54608  -23.426  -1.351  -6.998 0.0000000000
53780  -24.417  -1.967  -9.056 0.0000000000
53779  -24.114  -1.991  -9.480 0.0000000000
53797  -23.994  -2.016  -9.531 0.0000000000
53766  -24.661  -1.994  -8.974 0.0000000000
53765  -24.490  -2.000  -9.022 0.0000000000
54667  -24.694  -1.868  -9.010 0.0000000000
53752  -24.713  -1.985  -8.624 0.0000000000
54639  -22.030  -1.982  -8.373 0.0000000000
53739  -24.796  -1.953  -8.016 0.0000000000
53738  -22.196  -1.988  -8.198 0.0000000000
53728  -24.821  -1.926  -7.929 0.0000000000
53727  -22.357  -1.983  -7.936 0.0000000000
53726  -22.285  -2.034  -7.980 0.0000000000
54617  -22.906  -1.879  -7.080 0.0000000000
53719  -22.684  -2.015  -7.367 0.0000000000
54607  -23.025  -1.694  -6.989 0.0000000000
53713  -22.960  -1.858  -6.994 0.0000000000
52898  -24.332  -2.246  -9.186 0.0000000000
53751  -24.479  -2.016  -8.953 0.0000000000
52885  -24.439  -2.274  -9.004 0.0000000000
52864  -24.777  -2.080  -8.187 0.0000000000
52876  -24.804  -2.177  -8.551 0.0000000000
52875  -24.556  -2.159  -8.987 0.0000000000
52853  -24.809  -2.075  -8.020 0.0000000000
58459  -17.918  -0.022  -11.932 0.0000000000
58470  -18.026  -0.008  -11.987 0.0000000000
59374  -17.910  0.114  -12.189 0.0000000000
59375  -18.014  0.034  -12.173 0.0000000000
58482  -18.035  0.062  -12.329 0.0000000000
59390  -18.130  0.213  -12.539 0.0000000000
59391  -18.700  0.040  -12.460 0.0000000000
58496  -18.889  -0.088  -13.008 0.0000000000
58495  -18.771  -0.004  -12.983 0.0000000000
59403  -18.508  0.049  -13.002 0.0000000000
59404  -18.806  0.074  -12.978 0.0000000000
58508  -19.125  -0.081  -13.048 0.0000000000
58507  -18.942  -0.101  -13.042 0.0000000000
59415  -18.882  0.026  -13.113 0.0000000000
58509  -19.605  -0.113  -13.280 0.0000000000
58510  -19.963  -0.262  -13.288 0.0000000000
58511  -20.231  -0.166  -13.122 0.0000000000
58512  -20.745  -0.104  -13.045 0.0000000000
58513  -20.692  -0.003  -13.020 0.0000000000
59419  -20.924  0.007  -13.098 0.0000000000
59416  -18.972  -0.033  -13.111 0.0000000000
59417  -19.211  -0.016  -13.178 0.0000000000
58518  -19.971  -0.083  -13.459 0.0000000000
58517  -19.848  -0.003  -13.515 0.0000000000
59427  -19.545  0.209  -13.542 0.0000000000
58519  -20.110  -0.160  -13.330 0.0000000000
58520  -20.391  -0.161  -13.221 0.0000000000
59418  -20.831  -0.140  -13.124 0.0000000000
59430  -20.514  -0.048  -13.397 0.0000000000
59428  -20.043  -0.006  -13.560 0.0000000000
59429  -20.084  0.012  -13.551 0.0000000000
59357  -17.847  0.021  -12.087 0.0000000000
59373  -17.377  0.225  -12.012 0.0000000000
59356  -17.603  0.153  -11.923 0.0000000000
60266  -17.576  0.333  -12.032 0.0000000000
59389  -17.991  0.174  -12.337 0.0000000000
60283  -17.989  0.550  -12.551 0.0000000000
60284  -17.990  0.496  -12.665 0.0000000000
59402  -18.275  0.390  -12.928 0.0000000000
60299  -18.008  0.652  -12.876 0.0000000000
60300  -18.333  0.436  -12.989 0.0000000000
59414  -18.676  0.144  -13.000 0.0000000000
60310  -18.284  0.542  -13.014 0.0000000000
59420  -21.031  0.112  -13.012 0.0000000000
60301  -21.056  0.141  -12.989 0.0000000000
60311  -18.756  0.249  -13.230 0.0000000000
59425  -18.990  0.190  -13.348 0.0000000000
60323  -18.980  0.456  -13.558 0.0000000000
59426  -19.047  0.187  -13.393 0.0000000000
59431  -20.846  0.115  -13.178 0.0000000000
60313  -21.104  0.193  -13.119 0.0000000000
60312  -20.975  0.204  -13.101 0.0000000000
60324  -18.985  0.457  -13.654 0.0000000000
60325  -19.177  0.505  -13.690 0.0000000000
59435  -19.949  0.335  -13.884 0.0000000000
60337  -19.391  0.731  -13.959 0.0000000000
59436  -20.009  0.280  -13.811 0.0000000000
59437  -20.054  0.265  -13.839 0.0000000000
59438  -20.209  0.344  -13.884 0.0000000000
60327  -21.012  0.219  -13.472 0.0000000000
60326  -20.837  0.229  -13.339 0.0000000000
60265  -17.034  0.465  -12.031 0.0000000000
60282  -17.150  0.676  -12.299 0.0000000000
60281  -16.987  0.732  -12.243 0.0000000000
61177  -17.130  0.972  -12.445 0.0000000000
61178  -17.573  0.989  -12.729 0.0000000000
60298  -18.011  0.722  -12.887 0.0000000000
61196  -17.947  0.981  -12.990 0.0000000000
61197  -17.961  0.871  -12.990 0.0000000000
60309  -17.995  0.692  -12.984 0.0000000000
61207  -17.880  0.930  -13.037 0.0000000000
61198  -21.766  0.890  -12.890 0.0000000000
60314  -21.262  0.362  -13.030 0.0000000000
61208  -18.053  0.894  -13.128 0.0000000000
60322  -18.577  0.709  -13.514 0.0000000000
61219  -18.155  0.983  -13.373 0.0000000000
60328  -21.019  0.490  -13.462 0.0000000000
61209  -21.817  0.866  -13.012 0.0000000000
60329  -21.560  0.681  -13.443 0.0000000000
61220  -18.739  0.926  -13.877 0.0000000000
60335  -18.989  0.717  -13.820 0.0000000000
60336  -19.028  0.806  -14.013 0.0000000000
61176  -16.998  0.978  -12.438 0.0000000000
62056  -17.088  1.040  -12.519 0.0000000000
61195  -17.640  1.010  -12.824 0.0000000000
62075  -17.394  1.199  -12.786 0.0000000000
62057  -21.978  1.051  -12.424 0.0000000000
61199  -21.933  0.991  -12.759 0.0000000000
62076  -17.936  1.134  -12.930 0.0000000000
61206  -17.859  1.025  -13.061 0.0000000000
62055  -16.938  1.021  -12.497 0.0000000000
62074  -17.081  1.330  -12.538 0.0000000000
