#!ascii label  , from subject  vox2ras=TkReg
231
70988  -15.803  5.011  -13.914 0.0000000000
70971  -15.634  4.961  -13.631 0.0000000000
70989  -15.987  4.822  -13.987 0.0000000000
71836  -15.643  5.123  -13.625 0.0000000000
71855  -15.856  5.072  -13.919 0.0000000000
70972  -16.004  4.659  -13.829 0.0000000000
70094  -15.998  4.261  -13.936 0.0000000000
70108  -16.170  4.390  -13.883 0.0000000000
70990  -16.132  4.709  -14.007 0.0000000000
71856  -15.925  5.159  -13.994 0.0000000000
71005  -16.102  4.852  -14.114 0.0000000000
71004  -15.982  5.017  -13.989 0.0000000000
70109  -16.197  4.374  -14.002 0.0000000000
71870  -15.972  4.978  -14.056 0.0000000000
71871  -16.105  5.000  -14.123 0.0000000000
70120  -16.361  4.316  -14.048 0.0000000000
71006  -16.264  4.814  -14.192 0.0000000000
71016  -16.412  5.038  -14.447 0.0000000000
71880  -16.364  5.031  -14.613 0.0000000000
70121  -16.954  4.258  -14.272 0.0000000000
71017  -16.723  4.956  -14.835 0.0000000000
71881  -16.520  5.004  -14.656 0.0000000000
70132  -16.929  4.400  -14.851 0.0000000000
71023  -16.805  4.763  -15.032 0.0000000000
71888  -16.684  5.063  -14.990 0.0000000000
70144  -16.969  4.409  -14.915 0.0000000000
71024  -16.997  4.910  -14.987 0.0000000000
71035  -16.865  4.818  -15.204 0.0000000000
71895  -16.788  4.983  -15.232 0.0000000000
70145  -17.030  4.295  -15.002 0.0000000000
71036  -17.025  4.778  -15.287 0.0000000000
71896  -16.922  4.924  -15.331 0.0000000000
70158  -17.043  4.370  -15.107 0.0000000000
71037  -17.068  4.839  -15.440 0.0000000000
71052  -17.067  5.021  -15.576 0.0000000000
71909  -16.992  5.015  -15.675 0.0000000000
71825  -15.368  5.072  -13.084 0.0000000000
72744  -15.366  5.317  -13.127 0.0000000000
72750  -15.666  5.546  -13.956 0.0000000000
72769  -15.848  5.415  -13.970 0.0000000000
72770  -16.009  5.064  -14.021 0.0000000000
72785  -15.981  5.330  -14.278 0.0000000000
72786  -16.202  5.389  -14.329 0.0000000000
72795  -16.368  5.432  -14.943 0.0000000000
71887  -16.568  5.113  -14.965 0.0000000000
72804  -16.409  5.506  -14.998 0.0000000000
72805  -16.692  5.056  -15.067 0.0000000000
72813  -16.669  5.342  -15.165 0.0000000000
71908  -16.995  5.029  -15.475 0.0000000000
72743  -15.305  5.478  -13.021 0.0000000000
72749  -15.269  5.742  -13.275 0.0000000000
73620  -15.239  5.965  -13.153 0.0000000000
73621  -15.530  5.986  -13.609 0.0000000000
73640  -15.644  5.954  -14.000 0.0000000000
72784  -15.746  5.596  -14.089 0.0000000000
73655  -15.657  6.007  -14.134 0.0000000000
73656  -15.894  5.839  -14.296 0.0000000000
72794  -16.002  5.790  -14.784 0.0000000000
73664  -15.898  5.746  -14.986 0.0000000000
72803  -16.264  5.615  -14.959 0.0000000000
73672  -15.983  5.878  -14.944 0.0000000000
73673  -16.212  5.766  -15.011 0.0000000000
72812  -16.431  5.427  -14.993 0.0000000000
73616  -15.277  5.915  -12.985 0.0000000000
74439  -15.251  6.130  -13.069 0.0000000000
74448  -15.456  5.979  -13.408 0.0000000000
74449  -15.681  5.982  -13.927 0.0000000000
74468  -15.631  6.070  -13.988 0.0000000000
74481  -15.707  5.967  -14.021 0.0000000000
73663  -15.818  5.956  -14.565 0.0000000000
74488  -15.766  6.087  -14.508 0.0000000000
74489  -15.946  5.972  -14.821 0.0000000000
74498  -15.929  6.096  -14.881 0.0000000000
74436  -15.286  6.009  -13.007 0.0000000000
75264  -15.266  6.502  -12.995 0.0000000000
75277  -15.230  6.524  -13.218 0.0000000000
75278  -15.703  6.333  -13.860 0.0000000000
75298  -15.565  6.468  -14.013 0.0000000000
75262  -15.295  6.331  -12.957 0.0000000000
76103  -15.282  6.920  -12.991 0.0000000000
76111  -15.177  6.935  -12.997 0.0000000000
76125  -15.287  6.998  -13.535 0.0000000000
75297  -15.308  6.694  -13.969 0.0000000000
75260  -15.289  6.387  -12.339 0.0000000000
74434  -15.288  6.008  -12.725 0.0000000000
76100  -15.268  6.900  -12.592 0.0000000000
75257  -15.267  6.363  -12.010 0.0000000000
74431  -15.282  6.007  -12.077 0.0000000000
76093  -15.503  6.805  -12.032 0.0000000000
75251  -15.241  6.454  -12.000 0.0000000000
74428  -15.259  6.010  -12.015 0.0000000000
76085  -15.373  6.635  -12.010 0.0000000000
73613  -15.309  5.920  -12.897 0.0000000000
73611  -15.288  5.888  -12.376 0.0000000000
73609  -15.296  5.877  -12.012 0.0000000000
72740  -15.284  5.377  -12.973 0.0000000000
72737  -15.285  5.460  -12.640 0.0000000000
72735  -15.271  5.440  -12.163 0.0000000000
73606  -15.227  5.778  -11.983 0.0000000000
72733  -15.245  5.404  -11.994 0.0000000000
71824  -15.303  5.040  -12.988 0.0000000000
71822  -15.278  5.005  -12.947 0.0000000000
71819  -15.213  5.043  -12.442 0.0000000000
71816  -15.278  5.016  -12.013 0.0000000000
70958  -15.336  4.953  -13.099 0.0000000000
70957  -15.330  4.929  -12.961 0.0000000000
70955  -15.326  4.996  -12.784 0.0000000000
70953  -15.250  4.939  -12.213 0.0000000000
71814  -15.283  5.004  -11.933 0.0000000000
70950  -15.291  4.888  -12.014 0.0000000000
70093  -15.868  4.200  -13.585 0.0000000000
70079  -15.587  4.393  -13.190 0.0000000000
70078  -15.305  4.566  -13.007 0.0000000000
70072  -15.399  4.457  -12.908 0.0000000000
70070  -15.239  4.509  -12.476 0.0000000000
70068  -15.229  4.425  -12.095 0.0000000000
69284  -17.091  4.148  -15.031 0.0000000000
69285  -17.254  4.013  -15.101 0.0000000000
70159  -17.328  4.440  -15.504 0.0000000000
70133  -16.982  4.150  -14.974 0.0000000000
69271  -17.068  4.053  -14.963 0.0000000000
69258  -17.055  4.088  -14.813 0.0000000000
69257  -16.973  4.037  -14.626 0.0000000000
69243  -16.585  4.001  -14.097 0.0000000000
69242  -16.446  3.993  -13.973 0.0000000000
69229  -16.479  4.013  -13.899 0.0000000000
69228  -16.105  4.068  -13.787 0.0000000000
69213  -16.038  3.987  -13.494 0.0000000000
69196  -15.715  4.001  -13.145 0.0000000000
69212  -15.961  3.982  -13.436 0.0000000000
70073  -15.535  4.197  -12.988 0.0000000000
69189  -15.637  3.996  -13.015 0.0000000000
69188  -15.556  4.000  -12.994 0.0000000000
69186  -15.274  4.031  -12.756 0.0000000000
69184  -15.217  4.010  -12.091 0.0000000000
69272  -17.127  4.012  -14.966 0.0000000000
68405  -17.193  3.933  -14.950 0.0000000000
68417  -17.285  3.844  -14.991 0.0000000000
69286  -17.520  3.885  -15.272 0.0000000000
69298  -17.769  4.002  -15.694 0.0000000000
69297  -17.659  4.023  -15.537 0.0000000000
68404  -17.072  4.004  -14.818 0.0000000000
68392  -16.922  3.880  -14.594 0.0000000000
68391  -16.671  4.005  -14.502 0.0000000000
69230  -16.697  3.991  -14.044 0.0000000000
68375  -16.815  3.852  -14.121 0.0000000000
68361  -16.519  3.874  -14.009 0.0000000000
69214  -16.145  3.987  -13.618 0.0000000000
68360  -16.202  3.856  -13.670 0.0000000000
68349  -16.019  3.782  -13.445 0.0000000000
69197  -15.980  4.003  -13.124 0.0000000000
68348  -15.998  3.891  -13.163 0.0000000000
68333  -15.782  3.732  -13.147 0.0000000000
68332  -15.524  3.866  -13.089 0.0000000000
68321  -15.641  3.824  -13.065 0.0000000000
68320  -15.521  3.989  -12.879 0.0000000000
68313  -15.293  3.836  -12.448 0.0000000000
68418  -17.717  3.655  -15.216 0.0000000000
68393  -17.006  3.817  -14.658 0.0000000000
67509  -17.355  3.388  -14.588 0.0000000000
67520  -17.521  3.622  -14.983 0.0000000000
68406  -17.589  3.674  -14.995 0.0000000000
67508  -17.030  3.389  -14.280 0.0000000000
68376  -16.913  3.659  -14.133 0.0000000000
67492  -16.997  3.143  -14.220 0.0000000000
67491  -16.800  3.232  -14.178 0.0000000000
67474  -16.709  3.195  -14.061 0.0000000000
67473  -16.531  3.171  -13.952 0.0000000000
67461  -16.110  3.230  -13.267 0.0000000000
67460  -16.026  3.337  -13.207 0.0000000000
67443  -15.899  3.200  -13.149 0.0000000000
67442  -15.682  3.496  -13.033 0.0000000000
68314  -15.681  3.421  -12.938 0.0000000000
67428  -15.909  3.277  -12.960 0.0000000000
67510  -17.863  3.183  -14.904 0.0000000000
67521  -17.942  3.236  -14.995 0.0000000000
66636  -17.712  3.031  -14.577 0.0000000000
66637  -17.951  3.075  -14.823 0.0000000000
67493  -17.058  3.104  -14.156 0.0000000000
66622  -17.391  3.008  -14.281 0.0000000000
66621  -17.004  3.002  -14.070 0.0000000000
66620  -16.902  3.001  -14.017 0.0000000000
66601  -16.905  3.003  -13.987 0.0000000000
66600  -16.765  3.014  -13.950 0.0000000000
66584  -16.542  2.984  -13.718 0.0000000000
67444  -16.015  3.058  -13.035 0.0000000000
66571  -16.117  2.993  -13.160 0.0000000000
66570  -15.984  2.976  -13.002 0.0000000000
67429  -15.989  3.043  -12.994 0.0000000000
66556  -15.952  2.983  -12.924 0.0000000000
66555  -15.973  2.932  -12.902 0.0000000000
66623  -17.951  3.018  -14.697 0.0000000000
65744  -17.353  2.671  -14.061 0.0000000000
65745  -17.995  2.696  -14.429 0.0000000000
66602  -16.963  2.924  -14.031 0.0000000000
65743  -17.034  2.859  -14.046 0.0000000000
65727  -17.064  2.783  -13.991 0.0000000000
66585  -16.767  2.994  -13.990 0.0000000000
65726  -16.977  2.760  -14.023 0.0000000000
65707  -16.992  2.733  -13.892 0.0000000000
65688  -16.291  2.616  -13.068 0.0000000000
65706  -16.690  2.885  -13.751 0.0000000000
65687  -16.101  2.822  -13.031 0.0000000000
65669  -16.011  2.583  -13.007 0.0000000000
65668  -15.980  2.846  -12.898 0.0000000000
65728  -17.108  2.723  -14.017 0.0000000000
64865  -17.480  2.308  -14.015 0.0000000000
64866  -17.722  2.229  -14.112 0.0000000000
64854  -17.394  2.298  -13.927 0.0000000000
65708  -17.011  2.683  -13.875 0.0000000000
64853  -17.148  2.504  -13.841 0.0000000000
64836  -17.131  2.305  -13.576 0.0000000000
65689  -16.851  2.457  -13.507 0.0000000000
64835  -17.010  2.346  -13.474 0.0000000000
64816  -16.817  2.113  -13.124 0.0000000000
65670  -16.222  2.613  -13.018 0.0000000000
64815  -16.563  2.249  -13.012 0.0000000000
64793  -16.478  2.243  -12.923 0.0000000000
65659  -16.024  2.678  -12.874 0.0000000000
64792  -16.138  2.376  -12.760 0.0000000000
66647  -18.006  3.083  -14.946 0.0000000000
67522  -18.011  3.153  -14.996 0.0000000000
67535  -17.994  3.205  -15.003 0.0000000000
68419  -17.981  3.450  -15.309 0.0000000000
68429  -17.912  3.763  -15.561 0.0000000000
76086  -15.577  6.979  -11.913 0.0000000000
76094  -15.597  6.995  -12.026 0.0000000000
77006  -15.396  7.006  -12.172 0.0000000000
76988  -15.696  7.265  -11.881 0.0000000000
77007  -15.503  7.140  -12.202 0.0000000000
77013  -15.277  7.002  -12.722 0.0000000000
