#!ascii label  , from subject  vox2ras=TkReg
532
35773  -15.348  -9.005  -9.386 0.0000000000
35774  -15.754  -9.004  -9.149 0.0000000000
35035  -15.197  -9.190  -9.598 0.0000000000
35785  -15.028  -8.999  -9.733 0.0000000000
36520  -15.571  -8.994  -9.310 0.0000000000
35759  -15.895  -9.023  -9.021 0.0000000000
35019  -15.877  -9.197  -8.988 0.0000000000
35036  -15.659  -9.216  -9.134 0.0000000000
35760  -16.002  -9.036  -8.995 0.0000000000
35775  -15.948  -8.943  -9.097 0.0000000000
36521  -15.980  -8.723  -9.214 0.0000000000
36509  -15.995  -8.970  -9.050 0.0000000000
36522  -16.022  -8.477  -9.306 0.0000000000
35047  -14.988  -9.289  -9.773 0.0000000000
35046  -14.943  -8.983  -9.864 0.0000000000
35784  -14.968  -9.007  -9.780 0.0000000000
36532  -15.037  -8.576  -9.714 0.0000000000
36531  -14.971  -8.580  -9.801 0.0000000000
35761  -16.138  -8.992  -8.979 0.0000000000
36510  -16.235  -8.963  -9.022 0.0000000000
35762  -16.580  -9.017  -8.964 0.0000000000
36511  -16.798  -8.816  -9.034 0.0000000000
36523  -16.088  -8.796  -9.017 0.0000000000
37301  -16.606  -8.496  -8.982 0.0000000000
35763  -17.007  -9.001  -8.982 0.0000000000
36512  -16.995  -8.715  -8.958 0.0000000000
37302  -16.966  -8.243  -8.975 0.0000000000
36533  -15.788  -8.386  -9.343 0.0000000000
37311  -15.994  -8.226  -9.419 0.0000000000
37310  -15.990  -8.152  -9.391 0.0000000000
37312  -16.288  -8.127  -9.293 0.0000000000
35795  -14.888  -8.900  -9.922 0.0000000000
36545  -14.920  -8.605  -9.887 0.0000000000
37322  -15.214  -8.051  -9.926 0.0000000000
37321  -15.157  -8.342  -9.929 0.0000000000
37338  -14.997  -8.299  -9.976 0.0000000000
37323  -15.784  -8.019  -9.645 0.0000000000
36544  -14.812  -8.601  -9.992 0.0000000000
37313  -16.930  -8.118  -9.009 0.0000000000
37324  -16.004  -8.009  -9.478 0.0000000000
38137  -16.178  -8.006  -9.383 0.0000000000
38136  -16.020  -8.015  -9.505 0.0000000000
38152  -15.979  -8.008  -9.594 0.0000000000
38138  -16.835  -8.011  -9.140 0.0000000000
37339  -15.147  -8.094  -10.009 0.0000000000
38151  -15.613  -7.800  -9.827 0.0000000000
38150  -15.270  -8.006  -9.987 0.0000000000
37337  -14.980  -8.180  -9.949 0.0000000000
37352  -14.806  -8.216  -10.009 0.0000000000
37353  -14.951  -7.992  -10.067 0.0000000000
38166  -15.035  -8.053  -10.113 0.0000000000
38167  -15.237  -7.918  -10.048 0.0000000000
36557  -14.488  -8.645  -10.191 0.0000000000
37360  -14.398  -8.227  -10.695 0.0000000000
38178  -14.804  -7.996  -10.276 0.0000000000
38179  -14.972  -7.931  -10.283 0.0000000000
36568  -14.253  -8.610  -10.874 0.0000000000
36567  -14.195  -8.659  -10.970 0.0000000000
37359  -14.224  -8.205  -10.995 0.0000000000
38188  -14.501  -8.014  -10.720 0.0000000000
38187  -14.371  -7.999  -10.936 0.0000000000
38153  -16.047  -7.957  -9.542 0.0000000000
39043  -16.625  -7.963  -9.294 0.0000000000
39060  -16.337  -7.652  -9.580 0.0000000000
38168  -15.638  -7.986  -9.985 0.0000000000
39059  -15.927  -7.526  -9.845 0.0000000000
39058  -15.735  -7.579  -9.873 0.0000000000
39075  -15.769  -7.465  -9.986 0.0000000000
38180  -15.037  -7.997  -10.216 0.0000000000
39074  -15.538  -7.676  -10.024 0.0000000000
39086  -15.211  -7.608  -10.423 0.0000000000
38189  -15.000  -8.002  -10.686 0.0000000000
39085  -14.986  -7.719  -10.497 0.0000000000
39095  -14.949  -7.570  -10.885 0.0000000000
37372  -14.356  -8.261  -10.982 0.0000000000
38195  -14.436  -7.885  -11.000 0.0000000000
38196  -14.526  -7.898  -10.998 0.0000000000
39094  -14.467  -7.773  -10.788 0.0000000000
39104  -14.575  -7.590  -10.998 0.0000000000
37383  -14.189  -8.128  -11.081 0.0000000000
38208  -14.284  -8.041  -11.451 0.0000000000
39103  -14.360  -7.845  -11.000 0.0000000000
39118  -14.171  -7.885  -11.472 0.0000000000
39076  -15.965  -7.243  -9.985 0.0000000000
40008  -16.031  -7.228  -9.859 0.0000000000
40025  -15.933  -7.183  -9.987 0.0000000000
39087  -15.666  -7.425  -10.083 0.0000000000
40024  -15.927  -7.061  -9.985 0.0000000000
40037  -15.775  -7.163  -10.067 0.0000000000
39096  -14.986  -7.507  -10.746 0.0000000000
36580  -14.282  -8.705  -11.039 0.0000000000
36586  -14.238  -8.697  -11.466 0.0000000000
37388  -14.242  -8.253  -11.754 0.0000000000
35841  -14.259  -8.986  -11.367 0.0000000000
35850  -14.014  -9.010  -11.820 0.0000000000
36594  -14.024  -8.715  -11.900 0.0000000000
35832  -14.211  -9.009  -11.031 0.0000000000
36556  -14.233  -8.975  -10.708 0.0000000000
35818  -14.192  -9.013  -10.889 0.0000000000
35803  -14.596  -9.014  -10.128 0.0000000000
35802  -14.368  -8.990  -10.396 0.0000000000
35794  -14.794  -8.892  -10.017 0.0000000000
35105  -14.163  -9.212  -11.968 0.0000000000
35849  -14.061  -9.021  -11.918 0.0000000000
35088  -14.256  -9.234  -11.014 0.0000000000
35096  -14.333  -9.286  -11.358 0.0000000000
35078  -14.084  -9.253  -10.967 0.0000000000
35064  -14.052  -9.017  -10.584 0.0000000000
35054  -14.774  -9.067  -9.987 0.0000000000
35065  -14.412  -9.336  -10.132 0.0000000000
35055  -14.969  -9.409  -10.055 0.0000000000
35023  -17.030  -9.353  -8.832 0.0000000000
35022  -16.946  -9.285  -8.992 0.0000000000
35764  -17.045  -9.012  -8.832 0.0000000000
35021  -16.451  -9.182  -8.972 0.0000000000
35020  -15.991  -9.235  -8.977 0.0000000000
34395  -14.293  -9.794  -11.582 0.0000000000
34405  -14.134  -9.846  -12.010 0.0000000000
35114  -14.042  -9.637  -12.135 0.0000000000
35113  -14.011  -9.162  -12.014 0.0000000000
35104  -14.021  -9.051  -11.985 0.0000000000
34386  -14.429  -9.691  -11.020 0.0000000000
34379  -14.196  -9.720  -10.970 0.0000000000
34369  -14.016  -9.695  -10.663 0.0000000000
34357  -14.592  -9.643  -9.999 0.0000000000
34370  -14.288  -9.869  -10.052 0.0000000000
34348  -15.008  -9.560  -9.988 0.0000000000
34358  -14.922  -9.782  -9.938 0.0000000000
34349  -15.010  -9.709  -9.742 0.0000000000
34338  -15.970  -9.593  -9.106 0.0000000000
34337  -15.332  -9.879  -9.384 0.0000000000
34324  -17.137  -9.759  -8.912 0.0000000000
34323  -16.990  -9.759  -8.972 0.0000000000
35024  -17.380  -9.339  -8.959 0.0000000000
34322  -16.716  -9.700  -8.960 0.0000000000
34321  -16.047  -9.812  -9.000 0.0000000000
34320  -15.981  -9.566  -9.026 0.0000000000
33742  -14.207  -9.983  -11.458 0.0000000000
33752  -14.050  -9.972  -12.048 0.0000000000
34410  -14.025  -9.873  -11.880 0.0000000000
33733  -14.283  -9.986  -10.999 0.0000000000
33726  -14.203  -9.984  -10.945 0.0000000000
34356  -14.239  -9.970  -10.113 0.0000000000
33719  -14.219  -9.999  -10.523 0.0000000000
33708  -14.997  -10.020  -9.982 0.0000000000
33707  -14.868  -10.000  -9.969 0.0000000000
33706  -14.431  -9.990  -10.005 0.0000000000
33695  -15.079  -9.990  -9.682 0.0000000000
33694  -14.996  -9.997  -9.760 0.0000000000
33680  -15.918  -9.963  -9.256 0.0000000000
34339  -16.006  -9.971  -9.172 0.0000000000
33679  -15.390  -10.005  -9.198 0.0000000000
33666  -16.997  -10.015  -8.959 0.0000000000
33667  -17.388  -9.996  -8.944 0.0000000000
34325  -17.603  -9.662  -8.953 0.0000000000
33665  -16.817  -9.995  -8.969 0.0000000000
33664  -16.330  -9.978  -9.020 0.0000000000
33663  -15.992  -10.021  -9.047 0.0000000000
33681  -16.012  -10.013  -9.211 0.0000000000
33080  -14.253  -10.092  -11.928 0.0000000000
33084  -14.082  -10.105  -12.113 0.0000000000
33756  -13.998  -10.004  -11.927 0.0000000000
33068  -14.362  -10.338  -11.263 0.0000000000
33058  -14.244  -10.308  -11.002 0.0000000000
33051  -14.182  -10.317  -10.925 0.0000000000
33046  -14.236  -10.393  -10.371 0.0000000000
33037  -14.930  -10.014  -9.876 0.0000000000
33036  -14.691  -10.275  -9.973 0.0000000000
33035  -14.399  -10.350  -10.019 0.0000000000
33023  -15.022  -10.243  -9.727 0.0000000000
33022  -14.881  -10.359  -9.670 0.0000000000
33006  -16.031  -10.278  -9.265 0.0000000000
33007  -16.100  -10.154  -9.322 0.0000000000
33682  -16.042  -9.970  -9.220 0.0000000000
33005  -15.904  -10.426  -9.320 0.0000000000
33004  -15.407  -10.455  -9.361 0.0000000000
32994  -17.243  -10.212  -8.953 0.0000000000
32995  -17.638  -10.178  -8.957 0.0000000000
33668  -17.882  -10.018  -8.963 0.0000000000
32993  -16.963  -10.221  -8.968 0.0000000000
32992  -16.654  -10.163  -9.054 0.0000000000
32991  -16.292  -9.981  -9.070 0.0000000000
32399  -14.209  -10.808  -11.000 0.0000000000
32406  -14.199  -10.826  -11.170 0.0000000000
32392  -14.229  -10.834  -10.712 0.0000000000
32385  -14.201  -10.964  -10.128 0.0000000000
33021  -14.656  -10.620  -9.749 0.0000000000
32377  -14.352  -10.750  -9.910 0.0000000000
32376  -14.386  -10.989  -10.080 0.0000000000
32339  -15.239  -10.725  -9.567 0.0000000000
32364  -14.998  -10.925  -9.674 0.0000000000
32363  -14.838  -10.829  -9.520 0.0000000000
32362  -14.553  -10.946  -9.733 0.0000000000
32342  -15.994  -10.942  -9.394 0.0000000000
32343  -16.574  -10.763  -9.348 0.0000000000
33008  -16.520  -10.236  -9.524 0.0000000000
32341  -16.004  -10.884  -9.264 0.0000000000
32340  -15.709  -10.916  -9.316 0.0000000000
32331  -17.422  -10.387  -8.980 0.0000000000
32332  -17.858  -10.485  -8.961 0.0000000000
32996  -18.020  -10.139  -8.976 0.0000000000
32330  -17.032  -10.596  -8.975 0.0000000000
32329  -16.998  -10.557  -9.101 0.0000000000
32328  -16.811  -10.645  -9.030 0.0000000000
31746  -14.171  -10.985  -10.977 0.0000000000
31753  -14.358  -10.996  -10.983 0.0000000000
31739  -14.238  -11.013  -10.311 0.0000000000
31730  -14.419  -11.071  -10.001 0.0000000000
31711  -14.616  -10.989  -9.816 0.0000000000
31731  -14.383  -11.040  -9.976 0.0000000000
31688  -15.220  -10.987  -9.552 0.0000000000
31713  -14.997  -11.008  -9.663 0.0000000000
31712  -14.908  -10.997  -9.505 0.0000000000
31692  -16.808  -10.982  -9.376 0.0000000000
31691  -16.254  -10.988  -9.306 0.0000000000
32344  -16.971  -10.941  -9.342 0.0000000000
31690  -16.005  -11.001  -9.290 0.0000000000
31689  -15.815  -11.019  -9.319 0.0000000000
32346  -17.699  -10.912  -9.129 0.0000000000
32347  -17.982  -10.652  -9.159 0.0000000000
32345  -17.112  -10.878  -9.285 0.0000000000
31095  -14.242  -11.368  -10.608 0.0000000000
31103  -14.166  -11.424  -10.995 0.0000000000
31080  -14.264  -11.358  -10.169 0.0000000000
31060  -14.693  -11.299  -9.759 0.0000000000
31081  -14.315  -11.403  -9.987 0.0000000000
31062  -15.006  -11.381  -9.672 0.0000000000
31061  -15.005  -11.302  -9.513 0.0000000000
31048  -16.720  -11.017  -9.398 0.0000000000
31047  -16.427  -11.203  -9.161 0.0000000000
31714  -16.995  -10.996  -9.503 0.0000000000
31715  -16.986  -11.115  -9.531 0.0000000000
31693  -16.963  -10.958  -9.406 0.0000000000
31046  -16.028  -11.337  -9.294 0.0000000000
31045  -15.948  -11.328  -9.245 0.0000000000
31044  -15.423  -11.187  -9.347 0.0000000000
30324  -14.239  -11.772  -10.934 0.0000000000
30334  -14.051  -11.976  -11.002 0.0000000000
31110  -14.262  -11.377  -11.144 0.0000000000
30311  -14.256  -11.736  -10.416 0.0000000000
30297  -14.361  -11.895  -9.911 0.0000000000
30296  -14.385  -11.940  -10.000 0.0000000000
30283  -15.273  -11.893  -9.699 0.0000000000
30282  -14.959  -11.902  -9.680 0.0000000000
31063  -15.601  -11.568  -9.574 0.0000000000
30281  -14.748  -11.778  -9.673 0.0000000000
31065  -16.923  -11.303  -9.762 0.0000000000
30270  -16.407  -11.623  -9.529 0.0000000000
30269  -16.040  -11.845  -9.500 0.0000000000
31064  -16.482  -11.272  -9.782 0.0000000000
30268  -15.983  -11.793  -9.331 0.0000000000
29580  -14.250  -11.998  -10.752 0.0000000000
29566  -14.343  -11.996  -10.148 0.0000000000
29556  -14.543  -12.066  -9.912 0.0000000000
29555  -14.334  -12.013  -9.910 0.0000000000
29544  -15.073  -12.015  -9.675 0.0000000000
29545  -15.680  -12.038  -9.511 0.0000000000
30284  -15.676  -11.943  -9.620 0.0000000000
29543  -15.001  -11.991  -9.535 0.0000000000
29542  -14.776  -12.004  -9.637 0.0000000000
30286  -16.478  -11.838  -9.870 0.0000000000
29532  -16.020  -11.950  -9.467 0.0000000000
29546  -16.112  -12.089  -9.561 0.0000000000
30285  -16.141  -11.972  -9.623 0.0000000000
29531  -15.960  -11.983  -9.475 0.0000000000
28844  -14.342  -12.400  -10.344 0.0000000000
28853  -14.198  -12.381  -10.765 0.0000000000
29595  -14.016  -12.085  -10.965 0.0000000000
28834  -14.173  -12.365  -9.950 0.0000000000
28822  -14.709  -12.411  -9.700 0.0000000000
28835  -14.453  -12.301  -9.888 0.0000000000
28826  -16.006  -12.393  -9.540 0.0000000000
28813  -16.032  -12.072  -9.511 0.0000000000
29547  -16.101  -12.112  -9.638 0.0000000000
28812  -16.011  -11.945  -9.543 0.0000000000
28825  -15.900  -12.483  -9.576 0.0000000000
28824  -15.396  -12.508  -9.655 0.0000000000
28823  -14.992  -12.457  -9.651 0.0000000000
28843  -14.005  -12.633  -10.428 0.0000000000
28852  -13.969  -12.571  -10.778 0.0000000000
28868  -14.057  -12.395  -10.995 0.0000000000
28106  -13.972  -12.955  -10.492 0.0000000000
28120  -13.879  -12.857  -10.922 0.0000000000
28867  -14.059  -12.399  -11.042 0.0000000000
28098  -14.253  -12.845  -10.041 0.0000000000
28097  -14.021  -12.994  -10.376 0.0000000000
28089  -14.502  -12.594  -9.952 0.0000000000
28088  -14.308  -12.943  -9.848 0.0000000000
28080  -16.018  -12.962  -9.661 0.0000000000
28081  -16.197  -12.984  -9.685 0.0000000000
28827  -16.291  -12.538  -9.539 0.0000000000
28079  -15.660  -12.936  -9.648 0.0000000000
28078  -15.185  -12.918  -9.658 0.0000000000
28077  -14.991  -12.899  -9.598 0.0000000000
28076  -14.655  -12.936  -9.776 0.0000000000
27340  -13.945  -12.986  -10.239 0.0000000000
27348  -13.901  -13.004  -10.659 0.0000000000
27341  -14.227  -13.098  -10.144 0.0000000000
28075  -14.424  -13.011  -9.928 0.0000000000
27333  -14.174  -13.104  -9.994 0.0000000000
27326  -16.073  -13.062  -9.523 0.0000000000
27327  -16.549  -12.906  -9.754 0.0000000000
28082  -16.614  -12.993  -9.854 0.0000000000
27325  -15.993  -13.091  -9.671 0.0000000000
27324  -15.580  -13.101  -9.670 0.0000000000
27323  -15.037  -13.014  -9.542 0.0000000000
27322  -14.980  -13.079  -9.636 0.0000000000
27321  -14.680  -13.131  -9.627 0.0000000000
27320  -14.260  -13.203  -9.838 0.0000000000
26554  -14.001  -13.556  -9.996 0.0000000000
26563  -14.170  -13.553  -10.313 0.0000000000
26562  -14.008  -13.425  -10.477 0.0000000000
26540  -14.186  -13.568  -9.977 0.0000000000
26547  -16.359  -13.556  -9.737 0.0000000000
26555  -16.930  -13.635  -9.989 0.0000000000
27334  -16.813  -13.016  -9.980 0.0000000000
26546  -16.013  -13.682  -9.644 0.0000000000
26545  -16.014  -13.605  -9.942 0.0000000000
26544  -15.380  -13.595  -9.658 0.0000000000
26543  -15.049  -13.688  -9.634 0.0000000000
26542  -14.957  -13.615  -9.642 0.0000000000
26541  -14.394  -13.538  -9.696 0.0000000000
25823  -14.295  -14.003  -10.119 0.0000000000
25832  -14.109  -14.005  -10.341 0.0000000000
25831  -14.003  -13.906  -10.356 0.0000000000
25824  -16.968  -14.018  -10.009 0.0000000000
25816  -16.793  -13.990  -9.791 0.0000000000
26556  -16.944  -13.524  -10.029 0.0000000000
25809  -14.208  -13.958  -9.927 0.0000000000
25815  -16.215  -14.003  -9.672 0.0000000000
25814  -16.012  -13.988  -9.699 0.0000000000
25813  -15.770  -13.943  -9.742 0.0000000000
25812  -15.209  -13.987  -9.576 0.0000000000
25811  -15.064  -13.980  -9.539 0.0000000000
25810  -14.785  -13.997  -9.713 0.0000000000
25822  -14.004  -13.956  -10.017 0.0000000000
25125  -16.784  -14.100  -9.987 0.0000000000
25126  -16.862  -14.005  -10.095 0.0000000000
25825  -16.998  -13.914  -10.125 0.0000000000
25123  -14.053  -14.093  -10.037 0.0000000000
25116  -16.487  -14.021  -9.841 0.0000000000
25115  -16.172  -14.248  -9.690 0.0000000000
25114  -16.010  -14.157  -9.672 0.0000000000
25113  -15.877  -14.050  -9.629 0.0000000000
25112  -15.332  -14.004  -9.522 0.0000000000
25801  -15.011  -13.958  -9.462 0.0000000000
25800  -15.105  -14.048  -9.535 0.0000000000
25111  -14.986  -14.030  -9.485 0.0000000000
25110  -14.569  -13.979  -9.676 0.0000000000
25109  -14.129  -14.167  -9.990 0.0000000000
25100  -15.146  -14.213  -9.314 0.0000000000
25099  -15.000  -14.218  -9.361 0.0000000000
25134  -16.838  -14.243  -10.160 0.0000000000
25135  -17.017  -14.062  -10.288 0.0000000000
24420  -16.600  -14.879  -9.993 0.0000000000
25124  -16.413  -14.325  -9.869 0.0000000000
24428  -16.683  -14.636  -10.153 0.0000000000
24419  -16.238  -14.772  -9.800 0.0000000000
24418  -13.996  -14.631  -9.958 0.0000000000
25122  -13.946  -14.249  -10.079 0.0000000000
24411  -16.020  -14.765  -9.503 0.0000000000
24410  -16.008  -14.681  -9.665 0.0000000000
24409  -15.859  -14.851  -9.550 0.0000000000
25101  -15.705  -14.464  -9.332 0.0000000000
25098  -14.853  -14.122  -9.315 0.0000000000
24408  -14.414  -14.521  -9.672 0.0000000000
24407  -14.024  -14.650  -9.920 0.0000000000
24399  -15.166  -14.965  -9.275 0.0000000000
24398  -15.052  -14.806  -9.405 0.0000000000
24397  -15.006  -14.638  -9.388 0.0000000000
24396  -14.984  -14.547  -9.259 0.0000000000
23710  -16.745  -15.003  -10.413 0.0000000000
23701  -16.490  -15.019  -10.008 0.0000000000
24429  -16.882  -14.572  -10.364 0.0000000000
23700  -16.369  -14.974  -9.830 0.0000000000
23691  -16.061  -14.983  -9.670 0.0000000000
23690  -15.979  -14.971  -9.670 0.0000000000
23689  -15.913  -14.990  -9.593 0.0000000000
23679  -15.511  -15.017  -9.456 0.0000000000
23676  -14.820  -15.006  -9.192 0.0000000000
23688  -14.269  -14.882  -9.713 0.0000000000
23687  -13.999  -15.048  -9.881 0.0000000000
23678  -14.987  -14.993  -9.318 0.0000000000
23677  -14.879  -15.017  -9.300 0.0000000000
22999  -16.618  -15.156  -10.355 0.0000000000
22991  -16.574  -15.067  -9.996 0.0000000000
23719  -16.878  -14.984  -10.668 0.0000000000
23720  -17.059  -15.003  -10.888 0.0000000000
23711  -17.043  -14.973  -10.662 0.0000000000
22990  -16.381  -15.237  -9.911 0.0000000000
22982  -16.225  -15.147  -9.672 0.0000000000
22981  -16.001  -15.288  -9.499 0.0000000000
22980  -15.834  -15.114  -9.576 0.0000000000
22970  -15.454  -15.067  -9.295 0.0000000000
22967  -14.635  -15.017  -9.454 0.0000000000
22979  -14.399  -14.996  -9.625 0.0000000000
22978  -13.987  -15.065  -9.754 0.0000000000
22969  -15.031  -15.122  -9.262 0.0000000000
22968  -14.989  -15.155  -9.306 0.0000000000
22275  -16.610  -15.774  -10.428 0.0000000000
22266  -16.492  -15.478  -9.994 0.0000000000
23006  -17.002  -15.191  -10.994 0.0000000000
22265  -16.252  -15.747  -9.995 0.0000000000
22256  -16.316  -15.492  -9.835 0.0000000000
22255  -16.096  -15.661  -9.792 0.0000000000
22254  -15.998  -15.748  -9.768 0.0000000000
22243  -15.372  -15.558  -9.277 0.0000000000
22966  -14.237  -15.184  -9.778 0.0000000000
22242  -15.046  -15.579  -9.294 0.0000000000
22241  -15.000  -15.737  -9.308 0.0000000000
22240  -14.828  -15.730  -9.311 0.0000000000
22239  -14.205  -15.780  -9.492 0.0000000000
21545  -16.618  -15.977  -10.661 0.0000000000
21544  -16.333  -16.050  -10.241 0.0000000000
22274  -16.240  -15.985  -10.035 0.0000000000
22282  -16.711  -15.769  -10.887 0.0000000000
21536  -16.145  -16.024  -10.015 0.0000000000
21535  -16.013  -16.069  -9.871 0.0000000000
22264  -16.046  -15.934  -9.906 0.0000000000
21528  -15.909  -15.967  -9.880 0.0000000000
21527  -15.980  -16.005  -9.738 0.0000000000
21517  -15.511  -15.991  -9.468 0.0000000000
21553  -16.699  -16.005  -10.916 0.0000000000
20813  -16.242  -16.327  -10.228 0.0000000000
20805  -16.160  -16.041  -10.003 0.0000000000
21552  -16.524  -16.044  -10.686 0.0000000000
20804  -16.040  -16.357  -9.992 0.0000000000
20795  -16.002  -16.202  -9.935 0.0000000000
20794  -15.734  -16.340  -9.742 0.0000000000
20780  -15.517  -16.103  -9.394 0.0000000000
20098  -16.325  -16.913  -10.535 0.0000000000
20097  -16.014  -16.831  -10.430 0.0000000000
20812  -16.013  -16.465  -10.130 0.0000000000
20816  -16.612  -16.306  -10.852 0.0000000000
20102  -16.283  -16.993  -10.925 0.0000000000
20820  -16.403  -16.435  -10.985 0.0000000000
20821  -16.677  -16.076  -11.025 0.0000000000
20817  -16.823  -16.037  -10.990 0.0000000000
21556  -16.660  -15.997  -11.002 0.0000000000
20825  -16.681  -16.238  -11.294 0.0000000000
21559  -16.661  -16.014  -11.139 0.0000000000
22285  -16.705  -15.889  -10.953 0.0000000000
22289  -16.511  -16.002  -11.269 0.0000000000
21563  -16.898  -16.017  -11.685 0.0000000000
21560  -16.666  -16.016  -11.806 0.0000000000
22290  -16.899  -15.708  -11.392 0.0000000000
21564  -16.997  -16.021  -11.880 0.0000000000
23010  -16.879  -15.393  -11.008 0.0000000000
22286  -16.706  -15.467  -11.080 0.0000000000
23011  -16.959  -15.081  -11.069 0.0000000000
22294  -17.021  -15.877  -11.909 0.0000000000
23014  -17.056  -15.202  -11.426 0.0000000000
23007  -17.010  -15.148  -11.017 0.0000000000
23723  -17.016  -15.005  -11.021 0.0000000000
23726  -17.058  -15.015  -11.313 0.0000000000
24436  -17.062  -14.523  -10.674 0.0000000000
24438  -17.137  -14.635  -10.975 0.0000000000
24442  -17.045  -14.917  -11.094 0.0000000000
25143  -17.060  -14.049  -10.787 0.0000000000
25148  -17.078  -14.162  -10.927 0.0000000000
24443  -17.086  -14.717  -11.235 0.0000000000
24439  -17.120  -14.362  -11.019 0.0000000000
25149  -17.199  -14.103  -11.050 0.0000000000
25152  -17.262  -14.093  -11.114 0.0000000000
25833  -17.057  -13.988  -10.527 0.0000000000
25842  -17.200  -13.989  -10.906 0.0000000000
25849  -17.050  -14.002  -10.999 0.0000000000
25850  -17.180  -13.987  -11.009 0.0000000000
26564  -17.048  -13.543  -10.133 0.0000000000
26571  -17.077  -13.541  -10.660 0.0000000000
25843  -17.381  -13.830  -11.025 0.0000000000
26572  -17.431  -13.577  -10.999 0.0000000000
26579  -17.504  -13.511  -11.119 0.0000000000
27335  -17.013  -13.123  -9.972 0.0000000000
27342  -17.009  -13.008  -10.116 0.0000000000
27349  -17.001  -13.097  -10.257 0.0000000000
27350  -17.269  -12.980  -10.860 0.0000000000
27359  -17.646  -13.029  -11.008 0.0000000000
28090  -16.695  -13.017  -10.045 0.0000000000
28091  -17.004  -12.935  -10.015 0.0000000000
28099  -17.006  -12.873  -10.167 0.0000000000
27343  -17.060  -13.070  -10.274 0.0000000000
28100  -17.156  -12.981  -10.455 0.0000000000
28107  -17.595  -12.945  -11.005 0.0000000000
28828  -16.986  -12.653  -9.962 0.0000000000
28836  -16.919  -12.557  -10.065 0.0000000000
28837  -17.040  -12.543  -10.047 0.0000000000
28845  -17.006  -12.421  -10.248 0.0000000000
28846  -17.789  -12.183  -10.576 0.0000000000
29548  -16.957  -12.031  -9.595 0.0000000000
29557  -16.973  -12.140  -9.957 0.0000000000
29558  -16.983  -12.178  -10.005 0.0000000000
29567  -16.991  -12.061  -10.055 0.0000000000
29568  -17.345  -12.006  -10.167 0.0000000000
30287  -16.902  -11.968  -9.870 0.0000000000
30298  -16.974  -12.024  -9.994 0.0000000000
30299  -16.993  -11.992  -10.008 0.0000000000
29559  -17.062  -11.986  -10.013 0.0000000000
30300  -17.450  -11.838  -10.179 0.0000000000
29569  -17.821  -11.994  -10.392 0.0000000000
30312  -17.557  -11.916  -10.337 0.0000000000
28847  -18.004  -12.085  -10.587 0.0000000000
29581  -18.010  -12.123  -10.539 0.0000000000
30313  -17.777  -11.881  -10.337 0.0000000000
29570  -17.998  -11.987  -10.435 0.0000000000
29594  -14.007  -12.071  -11.130 0.0000000000
30333  -14.092  -12.020  -11.043 0.0000000000
30288  -16.966  -11.910  -9.962 0.0000000000
31066  -17.039  -11.571  -9.765 0.0000000000
31082  -17.004  -11.879  -10.006 0.0000000000
31083  -17.213  -11.848  -10.026 0.0000000000
30301  -17.873  -11.766  -10.180 0.0000000000
31084  -17.897  -11.581  -10.014 0.0000000000
30314  -17.989  -11.928  -10.368 0.0000000000
30302  -18.002  -11.897  -10.030 0.0000000000
31085  -17.970  -11.584  -9.998 0.0000000000
31067  -17.552  -11.351  -9.815 0.0000000000
31716  -17.289  -11.094  -9.530 0.0000000000
31068  -17.956  -11.398  -9.826 0.0000000000
31717  -17.816  -11.074  -9.489 0.0000000000
31069  -18.080  -11.368  -9.825 0.0000000000
31718  -17.986  -11.051  -9.525 0.0000000000
31086  -18.157  -11.610  -10.000 0.0000000000
31070  -18.607  -11.345  -9.750 0.0000000000
31719  -18.370  -11.106  -9.553 0.0000000000
31694  -17.498  -10.974  -9.353 0.0000000000
31695  -17.923  -10.973  -9.357 0.0000000000
31696  -17.998  -10.976  -9.356 0.0000000000
33755  -13.942  -9.908  -11.996 0.0000000000
34409  -13.946  -9.826  -11.948 0.0000000000
33754  -13.645  -9.993  -12.129 0.0000000000
34408  -13.557  -9.668  -12.134 0.0000000000
