#!ascii label  , from subject  vox2ras=TkReg
177
64082  -20.135  1.901  -18.070 0.0000000000
64063  -20.042  1.850  -17.982 0.0000000000
63131  -19.975  1.632  -17.894 0.0000000000
63147  -19.972  1.810  -18.074 0.0000000000
64081  -19.848  1.931  -18.094 0.0000000000
64064  -20.459  1.964  -17.963 0.0000000000
64083  -20.555  2.009  -18.037 0.0000000000
65008  -20.014  2.009  -18.114 0.0000000000
65009  -20.180  2.153  -18.163 0.0000000000
64065  -20.849  1.999  -17.926 0.0000000000
64084  -20.953  2.006  -18.060 0.0000000000
65010  -20.734  2.102  -18.088 0.0000000000
65011  -21.008  2.120  -18.041 0.0000000000
65007  -19.624  1.996  -18.047 0.0000000000
65024  -20.015  2.223  -18.247 0.0000000000
65025  -20.003  2.457  -18.326 0.0000000000
65026  -19.998  2.577  -18.320 0.0000000000
65881  -20.603  2.503  -18.230 0.0000000000
65900  -20.211  2.780  -18.663 0.0000000000
65882  -20.995  2.368  -18.088 0.0000000000
64990  -20.961  2.099  -17.857 0.0000000000
64991  -21.091  2.174  -17.778 0.0000000000
65012  -21.091  2.265  -17.959 0.0000000000
65883  -20.975  2.719  -18.029 0.0000000000
64992  -21.594  2.377  -17.857 0.0000000000
65013  -21.652  2.725  -18.006 0.0000000000
65884  -21.464  2.677  -18.075 0.0000000000
65880  -19.889  2.215  -18.241 0.0000000000
65898  -19.826  2.847  -18.507 0.0000000000
65899  -19.993  2.844  -18.526 0.0000000000
65879  -19.406  2.491  -18.225 0.0000000000
65901  -20.989  2.826  -18.510 0.0000000000
65902  -20.994  2.754  -18.232 0.0000000000
66756  -21.163  2.909  -18.221 0.0000000000
66755  -20.985  2.974  -18.087 0.0000000000
66778  -20.985  3.023  -18.403 0.0000000000
65897  -19.166  2.899  -18.568 0.0000000000
66774  -19.732  2.993  -18.551 0.0000000000
66775  -19.991  2.987  -18.580 0.0000000000
66776  -20.095  2.891  -18.543 0.0000000000
66777  -20.683  3.000  -18.442 0.0000000000
66779  -21.112  2.982  -18.363 0.0000000000
66773  -19.140  3.055  -18.568 0.0000000000
66794  -19.560  2.992  -18.777 0.0000000000
66795  -19.946  3.034  -18.560 0.0000000000
66796  -20.044  3.011  -18.593 0.0000000000
67647  -20.573  3.196  -18.365 0.0000000000
67646  -20.040  2.985  -18.702 0.0000000000
67648  -21.012  3.265  -18.483 0.0000000000
67649  -21.108  3.327  -18.372 0.0000000000
65878  -18.963  2.604  -18.225 0.0000000000
65896  -19.059  2.952  -18.471 0.0000000000
66772  -18.928  2.969  -18.462 0.0000000000
65006  -19.150  2.152  -17.992 0.0000000000
65005  -18.991  2.250  -17.987 0.0000000000
65862  -19.014  2.314  -18.021 0.0000000000
65861  -18.878  2.413  -17.996 0.0000000000
65877  -18.689  2.686  -18.051 0.0000000000
66754  -18.975  2.702  -18.259 0.0000000000
65860  -18.181  2.785  -17.998 0.0000000000
65876  -18.022  2.789  -18.075 0.0000000000
66753  -18.530  3.009  -18.042 0.0000000000
64988  -18.987  2.263  -17.844 0.0000000000
64987  -18.731  2.321  -17.901 0.0000000000
64080  -19.478  1.989  -18.058 0.0000000000
64079  -19.196  2.074  -17.960 0.0000000000
64989  -19.104  2.184  -17.924 0.0000000000
64066  -21.001  2.006  -17.830 0.0000000000
64067  -21.401  1.990  -17.710 0.0000000000
64061  -19.098  2.009  -17.804 0.0000000000
64060  -18.968  1.923  -17.834 0.0000000000
64059  -18.628  2.005  -17.634 0.0000000000
64974  -18.303  2.008  -17.347 0.0000000000
64986  -18.189  2.337  -17.597 0.0000000000
63146  -19.834  1.804  -18.099 0.0000000000
63145  -19.526  1.864  -18.025 0.0000000000
64062  -19.237  1.996  -17.933 0.0000000000
63134  -20.968  1.786  -17.759 0.0000000000
63135  -21.112  1.928  -17.740 0.0000000000
63133  -20.772  1.828  -17.783 0.0000000000
63132  -20.299  1.514  -17.781 0.0000000000
63129  -19.206  1.829  -17.826 0.0000000000
63128  -19.008  1.619  -17.537 0.0000000000
63127  -18.969  1.620  -17.628 0.0000000000
63113  -18.798  1.458  -17.399 0.0000000000
64046  -18.544  1.805  -17.758 0.0000000000
64045  -18.140  1.981  -17.175 0.0000000000
63112  -18.444  1.622  -17.382 0.0000000000
63130  -19.863  1.610  -18.000 0.0000000000
63118  -21.509  1.740  -17.670 0.0000000000
63117  -21.001  1.565  -17.583 0.0000000000
63116  -20.991  1.456  -17.435 0.0000000000
63115  -20.599  1.544  -17.600 0.0000000000
62213  -20.483  1.171  -17.471 0.0000000000
62225  -20.057  1.112  -17.423 0.0000000000
62224  -20.036  1.202  -17.596 0.0000000000
62223  -19.980  1.111  -17.546 0.0000000000
62222  -19.469  1.215  -17.531 0.0000000000
62221  -18.981  1.403  -17.476 0.0000000000
62209  -19.064  1.117  -17.157 0.0000000000
63114  -18.982  1.383  -17.368 0.0000000000
62215  -21.266  1.056  -17.303 0.0000000000
62214  -20.993  1.108  -17.356 0.0000000000
62208  -18.974  1.140  -17.224 0.0000000000
62198  -18.937  1.013  -17.023 0.0000000000
63102  -18.601  1.100  -17.073 0.0000000000
63101  -18.322  1.409  -17.064 0.0000000000
62197  -18.775  1.152  -17.004 0.0000000000
62191  -18.560  1.025  -16.673 0.0000000000
63094  -18.351  1.510  -16.955 0.0000000000
63093  -18.113  1.571  -16.720 0.0000000000
63100  -18.132  1.858  -17.003 0.0000000000
64034  -18.021  1.895  -17.011 0.0000000000
62190  -18.249  1.169  -16.611 0.0000000000
62212  -20.041  0.979  -17.413 0.0000000000
62211  -19.990  1.029  -17.307 0.0000000000
62210  -19.556  1.021  -17.397 0.0000000000
62200  -21.393  0.999  -17.134 0.0000000000
61316  -21.326  0.896  -17.089 0.0000000000
61326  -21.118  0.984  -17.244 0.0000000000
61325  -20.985  0.991  -17.365 0.0000000000
62216  -21.739  1.199  -17.166 0.0000000000
61324  -20.751  0.983  -17.466 0.0000000000
61323  -20.129  0.961  -17.424 0.0000000000
61322  -19.999  0.984  -17.639 0.0000000000
61321  -19.622  0.831  -17.375 0.0000000000
61320  -19.229  0.996  -17.278 0.0000000000
61312  -19.070  0.915  -17.193 0.0000000000
62199  -18.984  1.015  -17.052 0.0000000000
62201  -21.820  1.013  -17.009 0.0000000000
61311  -18.972  0.912  -17.041 0.0000000000
61305  -18.840  0.881  -16.986 0.0000000000
62192  -18.788  0.981  -16.875 0.0000000000
61304  -18.624  0.943  -16.730 0.0000000000
61298  -18.297  0.910  -16.243 0.0000000000
62186  -18.359  1.014  -16.407 0.0000000000
62185  -18.017  1.006  -16.356 0.0000000000
61297  -18.080  0.972  -16.044 0.0000000000
61315  -21.039  0.746  -17.308 0.0000000000
61314  -20.985  0.998  -17.243 0.0000000000
60437  -20.911  0.652  -17.392 0.0000000000
60436  -20.360  0.578  -17.425 0.0000000000
60435  -20.019  0.725  -17.352 0.0000000000
60434  -20.007  0.674  -17.520 0.0000000000
60424  -19.772  0.516  -17.182 0.0000000000
61313  -19.429  0.772  -17.159 0.0000000000
60429  -21.452  0.708  -17.012 0.0000000000
60428  -21.116  0.624  -17.032 0.0000000000
61317  -21.744  0.997  -17.049 0.0000000000
60427  -20.983  0.505  -17.050 0.0000000000
60423  -19.088  0.729  -17.008 0.0000000000
60422  -18.991  0.825  -17.041 0.0000000000
60414  -18.982  0.571  -16.927 0.0000000000
60413  -18.838  0.636  -16.853 0.0000000000
60404  -18.578  0.390  -16.321 0.0000000000
60426  -20.562  0.239  -17.065 0.0000000000
60425  -20.079  0.236  -17.043 0.0000000000
59534  -21.005  0.293  -17.000 0.0000000000
59535  -21.041  0.405  -16.976 0.0000000000
59533  -20.707  0.221  -16.935 0.0000000000
59532  -20.287  0.154  -16.940 0.0000000000
59531  -19.984  0.126  -17.004 0.0000000000
59530  -19.743  0.251  -16.997 0.0000000000
59529  -19.088  0.359  -16.928 0.0000000000
60415  -19.054  0.469  -16.797 0.0000000000
59516  -19.032  0.206  -16.601 0.0000000000
59515  -18.963  0.198  -16.576 0.0000000000
60405  -18.960  0.265  -16.579 0.0000000000
59505  -18.868  0.025  -16.256 0.0000000000
58631  -19.923  0.013  -16.916 0.0000000000
59518  -19.937  0.004  -16.867 0.0000000000
58632  -20.088  0.002  -17.003 0.0000000000
59517  -19.548  0.145  -16.808 0.0000000000
58621  -19.923  -0.008  -16.980 0.0000000000
58620  -19.439  -0.016  -16.714 0.0000000000
58619  -18.989  0.000  -16.484 0.0000000000
59506  -18.980  0.021  -16.367 0.0000000000
