#!ascii label  , from subject  vox2ras=TkReg
369
27943  -22.968  -12.865  -4.265 0.0000000000
27942  -22.805  -12.871  -4.098 0.0000000000
27191  -22.760  -13.008  -4.337 0.0000000000
27192  -22.965  -12.980  -4.453 0.0000000000
27951  -23.056  -12.942  -4.586 0.0000000000
27937  -22.948  -12.851  -4.040 0.0000000000
27938  -23.141  -12.873  -4.005 0.0000000000
27944  -23.099  -12.958  -4.323 0.0000000000
27939  -23.330  -12.803  -4.011 0.0000000000
27945  -23.657  -12.732  -4.303 0.0000000000
27952  -23.140  -12.918  -4.876 0.0000000000
28690  -23.761  -12.402  -4.019 0.0000000000
28692  -23.932  -12.410  -4.088 0.0000000000
27953  -23.610  -12.712  -4.982 0.0000000000
28699  -23.876  -12.453  -4.696 0.0000000000
27196  -22.990  -13.008  -4.714 0.0000000000
27963  -23.038  -12.976  -4.921 0.0000000000
27964  -23.217  -12.935  -5.016 0.0000000000
27965  -23.604  -12.794  -5.096 0.0000000000
28710  -23.816  -12.415  -5.001 0.0000000000
27207  -23.010  -13.044  -4.987 0.0000000000
27976  -23.032  -13.004  -5.024 0.0000000000
27977  -23.307  -12.911  -5.350 0.0000000000
27978  -23.570  -12.834  -5.472 0.0000000000
28719  -23.831  -12.211  -5.083 0.0000000000
27219  -23.104  -13.047  -5.379 0.0000000000
27220  -23.477  -13.012  -5.493 0.0000000000
27988  -23.348  -12.966  -5.914 0.0000000000
27989  -23.480  -12.868  -5.894 0.0000000000
28729  -23.789  -12.403  -5.886 0.0000000000
27232  -23.252  -13.145  -5.730 0.0000000000
27242  -23.248  -13.229  -6.028 0.0000000000
27999  -23.505  -12.991  -6.199 0.0000000000
28000  -23.610  -12.956  -6.006 0.0000000000
28742  -23.618  -12.324  -6.112 0.0000000000
27253  -23.413  -13.129  -6.509 0.0000000000
28011  -23.499  -12.953  -6.635 0.0000000000
28012  -23.632  -13.014  -6.266 0.0000000000
28755  -23.700  -12.677  -6.315 0.0000000000
27262  -23.516  -13.049  -6.971 0.0000000000
28022  -23.287  -12.884  -7.018 0.0000000000
28754  -23.372  -12.240  -6.438 0.0000000000
28766  -23.124  -12.811  -6.991 0.0000000000
28689  -23.477  -12.648  -4.009 0.0000000000
28686  -23.761  -12.282  -3.883 0.0000000000
29406  -23.973  -12.086  -3.926 0.0000000000
29410  -23.935  -12.109  -4.038 0.0000000000
29414  -24.000  -12.111  -4.242 0.0000000000
28693  -23.984  -12.242  -4.432 0.0000000000
28700  -24.020  -12.179  -4.692 0.0000000000
29415  -24.058  -12.045  -4.403 0.0000000000
29424  -23.959  -12.074  -4.986 0.0000000000
29425  -23.974  -12.019  -4.844 0.0000000000
29435  -23.917  -11.976  -5.055 0.0000000000
29446  -23.898  -11.986  -5.473 0.0000000000
29456  -23.690  -12.037  -5.994 0.0000000000
29469  -23.479  -12.005  -6.013 0.0000000000
28741  -23.322  -12.090  -6.148 0.0000000000
29468  -23.273  -11.982  -6.081 0.0000000000
29480  -23.068  -11.978  -6.255 0.0000000000
28765  -23.027  -12.685  -6.955 0.0000000000
28753  -22.980  -12.425  -6.674 0.0000000000
29479  -23.003  -12.111  -6.322 0.0000000000
28021  -23.087  -12.830  -7.027 0.0000000000
29393  -24.002  -12.056  -3.375 0.0000000000
29407  -23.994  -12.007  -3.803 0.0000000000
29411  -24.055  -11.980  -4.059 0.0000000000
29436  -23.960  -11.997  -4.999 0.0000000000
30176  -24.037  -11.901  -4.700 0.0000000000
30187  -23.889  -11.943  -4.996 0.0000000000
30186  -23.825  -11.952  -5.008 0.0000000000
30200  -23.859  -11.918  -5.376 0.0000000000
30210  -23.642  -11.968  -5.811 0.0000000000
29455  -23.404  -11.993  -5.999 0.0000000000
30218  -23.186  -11.879  -6.083 0.0000000000
29467  -23.054  -11.972  -6.170 0.0000000000
29478  -22.698  -12.027  -6.222 0.0000000000
29466  -22.753  -11.961  -6.167 0.0000000000
30974  -23.753  -11.551  -4.954 0.0000000000
30199  -23.280  -11.701  -5.791 0.0000000000
30973  -23.393  -11.409  -5.334 0.0000000000
30209  -23.241  -11.973  -5.970 0.0000000000
30217  -22.976  -11.874  -6.101 0.0000000000
30208  -23.063  -11.776  -5.990 0.0000000000
30216  -22.550  -11.954  -6.022 0.0000000000
30207  -22.913  -11.783  -5.924 0.0000000000
30198  -22.990  -11.609  -5.804 0.0000000000
30980  -22.982  -11.621  -5.699 0.0000000000
30972  -23.003  -11.304  -5.473 0.0000000000
29381  -23.912  -12.021  -3.016 0.0000000000
28665  -23.639  -12.278  -3.029 0.0000000000
28674  -23.805  -12.213  -3.237 0.0000000000
29382  -24.056  -12.004  -3.019 0.0000000000
29394  -24.062  -11.986  -3.372 0.0000000000
29369  -23.869  -12.102  -2.717 0.0000000000
28649  -23.869  -12.185  -2.987 0.0000000000
29370  -24.025  -12.021  -2.973 0.0000000000
28685  -23.409  -12.694  -3.978 0.0000000000
28673  -23.401  -12.889  -3.439 0.0000000000
27934  -23.054  -12.866  -3.771 0.0000000000
28664  -23.339  -12.706  -3.012 0.0000000000
27921  -23.053  -12.847  -3.266 0.0000000000
28648  -23.400  -12.593  -2.761 0.0000000000
27911  -23.095  -12.724  -2.998 0.0000000000
28647  -23.008  -12.760  -2.797 0.0000000000
27891  -23.028  -12.848  -2.952 0.0000000000
28630  -23.133  -12.454  -2.109 0.0000000000
28629  -23.019  -12.582  -2.338 0.0000000000
29368  -23.688  -12.314  -2.415 0.0000000000
27890  -22.897  -12.846  -2.822 0.0000000000
28616  -23.277  -12.213  -1.984 0.0000000000
28615  -23.022  -12.400  -1.990 0.0000000000
29349  -23.524  -12.024  -2.011 0.0000000000
28628  -22.829  -12.469  -2.113 0.0000000000
27874  -23.016  -12.703  -2.381 0.0000000000
28614  -22.926  -12.389  -2.085 0.0000000000
28627  -22.202  -12.458  -1.994 0.0000000000
27873  -22.409  -12.922  -2.143 0.0000000000
28613  -22.557  -12.353  -2.007 0.0000000000
28626  -21.999  -12.507  -2.235 0.0000000000
27872  -22.008  -12.706  -2.313 0.0000000000
28612  -22.018  -12.272  -2.020 0.0000000000
27871  -21.998  -12.678  -2.442 0.0000000000
27887  -21.928  -12.813  -2.661 0.0000000000
28646  -21.976  -12.513  -2.490 0.0000000000
29348  -21.958  -12.206  -2.029 0.0000000000
28625  -21.921  -12.280  -2.151 0.0000000000
28645  -21.773  -12.581  -2.573 0.0000000000
29347  -21.625  -11.985  -2.217 0.0000000000
29367  -21.423  -12.064  -2.211 0.0000000000
29333  -23.483  -12.214  -1.966 0.0000000000
28603  -23.021  -12.431  -1.701 0.0000000000
28602  -22.993  -12.586  -1.785 0.0000000000
29332  -23.122  -12.233  -1.835 0.0000000000
29331  -22.801  -12.515  -1.953 0.0000000000
29330  -22.355  -12.197  -1.840 0.0000000000
29329  -22.011  -11.995  -2.031 0.0000000000
29317  -23.008  -12.312  -1.323 0.0000000000
29316  -22.740  -12.219  -1.528 0.0000000000
27936  -22.893  -12.909  -4.000 0.0000000000
27187  -22.814  -13.000  -3.994 0.0000000000
27933  -23.022  -12.904  -3.773 0.0000000000
27932  -22.899  -12.851  -3.598 0.0000000000
27182  -22.680  -12.974  -3.786 0.0000000000
27920  -23.006  -12.949  -3.230 0.0000000000
27919  -22.743  -12.776  -3.225 0.0000000000
27170  -22.936  -13.028  -3.261 0.0000000000
27910  -23.004  -12.811  -2.990 0.0000000000
27918  -22.362  -12.952  -3.016 0.0000000000
27169  -22.331  -12.984  -3.143 0.0000000000
27909  -22.726  -12.933  -2.979 0.0000000000
27908  -22.295  -12.927  -3.000 0.0000000000
27154  -22.207  -13.002  -3.009 0.0000000000
27889  -22.661  -13.004  -2.777 0.0000000000
27907  -21.966  -12.995  -2.983 0.0000000000
27153  -22.024  -13.012  -2.987 0.0000000000
27888  -22.104  -12.912  -2.842 0.0000000000
27906  -21.561  -12.985  -2.978 0.0000000000
27152  -21.650  -13.030  -2.999 0.0000000000
27905  -21.057  -12.849  -3.033 0.0000000000
27151  -21.202  -13.005  -2.980 0.0000000000
27886  -21.422  -12.933  -2.926 0.0000000000
27904  -20.787  -12.921  -2.996 0.0000000000
27150  -20.906  -13.013  -2.988 0.0000000000
27885  -21.084  -12.773  -2.981 0.0000000000
28644  -21.006  -12.538  -2.799 0.0000000000
28663  -21.013  -12.575  -2.846 0.0000000000
28662  -20.925  -12.626  -2.952 0.0000000000
27903  -20.319  -12.958  -2.966 0.0000000000
27149  -20.505  -12.997  -2.990 0.0000000000
28661  -20.596  -12.723  -2.993 0.0000000000
27902  -20.021  -12.959  -2.975 0.0000000000
27148  -20.070  -13.031  -3.006 0.0000000000
28660  -20.149  -12.771  -2.981 0.0000000000
27241  -23.015  -13.386  -6.011 0.0000000000
26456  -23.074  -13.544  -6.070 0.0000000000
26467  -23.225  -13.952  -6.174 0.0000000000
27231  -23.048  -13.264  -5.856 0.0000000000
26455  -23.022  -13.650  -6.050 0.0000000000
27230  -22.976  -13.404  -5.907 0.0000000000
26446  -22.985  -13.635  -5.923 0.0000000000
27218  -22.998  -13.173  -5.537 0.0000000000
26445  -22.681  -13.612  -5.962 0.0000000000
27206  -22.854  -13.160  -4.998 0.0000000000
26433  -22.646  -13.383  -5.278 0.0000000000
27195  -22.920  -13.119  -4.793 0.0000000000
27205  -22.451  -13.387  -4.993 0.0000000000
26418  -22.563  -13.317  -5.033 0.0000000000
27194  -22.380  -13.276  -4.993 0.0000000000
26407  -22.008  -13.600  -4.964 0.0000000000
26417  -22.075  -13.598  -5.049 0.0000000000
27190  -22.423  -13.234  -4.432 0.0000000000
26404  -22.003  -13.539  -4.478 0.0000000000
27186  -22.298  -13.222  -4.011 0.0000000000
26400  -22.207  -13.343  -4.003 0.0000000000
27181  -22.420  -13.177  -3.677 0.0000000000
27185  -22.012  -13.376  -3.980 0.0000000000
26399  -21.999  -13.473  -4.026 0.0000000000
27180  -22.020  -13.136  -3.958 0.0000000000
26396  -21.984  -13.414  -3.962 0.0000000000
27168  -22.144  -13.175  -3.333 0.0000000000
26382  -21.991  -13.307  -3.631 0.0000000000
27167  -21.840  -13.152  -3.125 0.0000000000
26381  -22.028  -13.358  -3.446 0.0000000000
27166  -21.327  -13.135  -3.046 0.0000000000
26380  -21.551  -13.513  -3.218 0.0000000000
27165  -20.983  -13.162  -3.126 0.0000000000
26379  -21.012  -13.547  -3.392 0.0000000000
27164  -20.674  -13.088  -3.061 0.0000000000
26378  -20.893  -13.668  -3.662 0.0000000000
27163  -20.202  -13.076  -3.046 0.0000000000
26377  -20.208  -13.495  -3.323 0.0000000000
26444  -22.479  -13.978  -5.814 0.0000000000
25714  -22.665  -13.987  -5.970 0.0000000000
25723  -22.744  -13.946  -6.029 0.0000000000
26454  -22.810  -13.792  -6.099 0.0000000000
26432  -22.141  -13.833  -5.510 0.0000000000
25713  -22.120  -13.983  -5.665 0.0000000000
26431  -21.858  -13.938  -5.435 0.0000000000
25702  -22.030  -14.003  -5.478 0.0000000000
26416  -21.900  -13.823  -5.139 0.0000000000
25701  -21.981  -13.953  -5.304 0.0000000000
26406  -21.982  -13.756  -5.014 0.0000000000
25688  -21.923  -13.966  -5.053 0.0000000000
26403  -21.956  -13.786  -4.544 0.0000000000
25678  -22.011  -14.001  -4.796 0.0000000000
26402  -21.866  -13.881  -4.459 0.0000000000
25674  -21.866  -13.927  -4.571 0.0000000000
26398  -21.708  -13.747  -4.328 0.0000000000
25673  -21.813  -14.029  -4.332 0.0000000000
26395  -21.688  -13.611  -3.958 0.0000000000
25669  -21.440  -13.956  -4.071 0.0000000000
26394  -21.294  -13.833  -3.726 0.0000000000
25664  -21.347  -13.902  -3.960 0.0000000000
26393  -21.027  -13.858  -3.774 0.0000000000
25663  -21.105  -13.992  -3.982 0.0000000000
26392  -20.964  -13.971  -3.796 0.0000000000
25662  -20.986  -14.020  -3.899 0.0000000000
25652  -20.849  -14.006  -3.712 0.0000000000
25661  -20.759  -14.032  -3.717 0.0000000000
25651  -20.420  -13.988  -3.622 0.0000000000
25712  -22.139  -14.048  -5.486 0.0000000000
25004  -21.921  -14.006  -5.314 0.0000000000
25687  -21.936  -13.904  -5.028 0.0000000000
24992  -21.855  -13.990  -5.089 0.0000000000
25677  -21.837  -13.966  -4.904 0.0000000000
24991  -21.681  -14.332  -5.012 0.0000000000
24986  -21.713  -14.162  -4.870 0.0000000000
25672  -21.286  -14.013  -4.240 0.0000000000
24980  -21.602  -14.008  -4.539 0.0000000000
25668  -21.152  -14.009  -4.028 0.0000000000
24979  -21.130  -14.163  -4.134 0.0000000000
25667  -21.009  -14.030  -3.971 0.0000000000
24976  -21.009  -14.115  -4.012 0.0000000000
25003  -21.926  -14.045  -5.121 0.0000000000
24281  -21.521  -14.456  -5.003 0.0000000000
24286  -21.746  -14.859  -4.990 0.0000000000
24985  -21.524  -14.427  -4.668 0.0000000000
24280  -21.320  -14.820  -4.966 0.0000000000
24274  -21.160  -14.413  -4.480 0.0000000000
24296  -21.779  -14.562  -5.436 0.0000000000
28643  -21.014  -12.271  -2.629 0.0000000000
29366  -21.019  -12.033  -2.370 0.0000000000
28659  -20.006  -12.676  -2.891 0.0000000000
28641  -20.213  -12.352  -2.673 0.0000000000
28640  -20.003  -12.503  -2.835 0.0000000000
28642  -20.929  -12.226  -2.689 0.0000000000
29303  -22.768  -12.027  -1.055 0.0000000000
29315  -22.298  -11.995  -1.581 0.0000000000
29304  -23.009  -12.019  -1.104 0.0000000000
29305  -23.011  -12.083  -1.320 0.0000000000
29318  -23.333  -12.158  -1.689 0.0000000000
29314  -22.078  -11.988  -1.705 0.0000000000
30066  -22.020  -11.970  -1.828 0.0000000000
30084  -21.909  -11.995  -1.883 0.0000000000
29328  -21.820  -12.025  -1.987 0.0000000000
30083  -21.658  -11.898  -2.015 0.0000000000
30068  -23.459  -11.994  -1.817 0.0000000000
30085  -23.552  -11.939  -1.979 0.0000000000
29334  -23.538  -12.000  -2.014 0.0000000000
30098  -21.647  -11.701  -2.044 0.0000000000
29346  -21.084  -11.945  -2.294 0.0000000000
30097  -21.253  -11.800  -2.169 0.0000000000
29350  -23.647  -12.005  -2.217 0.0000000000
29365  -20.944  -11.970  -2.456 0.0000000000
30067  -22.073  -11.937  -1.617 0.0000000000
30048  -21.999  -11.822  -1.413 0.0000000000
30047  -22.013  -11.721  -1.277 0.0000000000
30065  -21.925  -11.918  -1.836 0.0000000000
30049  -22.110  -11.865  -1.276 0.0000000000
30842  -21.238  -11.623  -1.881 0.0000000000
30082  -21.214  -11.720  -2.019 0.0000000000
30841  -21.057  -11.570  -1.935 0.0000000000
30096  -20.985  -11.676  -2.389 0.0000000000
30081  -20.972  -11.724  -2.037 0.0000000000
30840  -20.975  -11.546  -1.986 0.0000000000
30826  -21.065  -11.445  -1.416 0.0000000000
30825  -21.012  -11.409  -1.474 0.0000000000
30827  -21.711  -11.472  -1.172 0.0000000000
30979  -22.984  -11.621  -5.634 0.0000000000
30853  -21.014  -11.569  -2.107 0.0000000000
30824  -20.687  -11.429  -1.545 0.0000000000
30839  -20.642  -11.364  -1.988 0.0000000000
30838  -20.171  -11.675  -1.998 0.0000000000
30080  -20.505  -11.596  -1.992 0.0000000000
30095  -20.496  -11.715  -2.238 0.0000000000
30852  -20.886  -11.462  -2.115 0.0000000000
30823  -20.132  -11.519  -1.622 0.0000000000
30079  -20.001  -11.786  -2.007 0.0000000000
30809  -21.747  -11.474  -1.009 0.0000000000
30808  -21.322  -11.417  -0.998 0.0000000000
30807  -21.012  -11.405  -1.071 0.0000000000
30806  -20.922  -11.454  -1.080 0.0000000000
30805  -20.410  -11.419  -1.121 0.0000000000
30046  -20.026  -11.795  -1.145 0.0000000000
30064  -19.982  -11.773  -1.506 0.0000000000
30810  -21.962  -11.652  -0.996 0.0000000000
30791  -21.704  -11.374  -0.996 0.0000000000
30792  -22.015  -11.595  -0.967 0.0000000000
30790  -21.074  -11.182  -0.928 0.0000000000
30789  -21.001  -11.408  -0.969 0.0000000000
30788  -20.859  -11.426  -0.959 0.0000000000
30787  -20.399  -11.527  -0.805 0.0000000000
30029  -20.035  -11.795  -1.007 0.0000000000
30030  -22.069  -11.719  -1.058 0.0000000000
30015  -22.051  -11.719  -0.881 0.0000000000
30774  -22.006  -11.541  -0.703 0.0000000000
30773  -21.452  -11.113  -0.391 0.0000000000
30772  -21.012  -11.395  -0.463 0.0000000000
30771  -20.971  -11.375  -0.518 0.0000000000
30770  -20.855  -11.431  -0.460 0.0000000000
30001  -21.989  -11.734  -0.339 0.0000000000
30760  -21.990  -11.502  -0.029 0.0000000000
30759  -21.413  -11.369  -0.011 0.0000000000
30758  -21.018  -11.376  -0.047 0.0000000000
30757  -20.963  -11.411  -0.021 0.0000000000
29345  -21.022  -12.000  -2.530 0.0000000000
30113  -20.680  -11.779  -2.609 0.0000000000
30094  -19.988  -11.898  -2.230 0.0000000000
30112  -20.270  -11.885  -2.609 0.0000000000
30093  -19.902  -11.966  -2.170 0.0000000000
29344  -20.011  -11.994  -2.268 0.0000000000
29363  -20.045  -12.018  -2.361 0.0000000000
30111  -20.036  -11.980  -2.435 0.0000000000
30078  -19.829  -11.914  -2.023 0.0000000000
29343  -19.837  -12.061  -2.122 0.0000000000
30063  -19.819  -11.776  -1.665 0.0000000000
30077  -19.753  -11.968  -2.021 0.0000000000
29327  -19.712  -11.997  -2.005 0.0000000000
30062  -19.624  -11.905  -1.862 0.0000000000
30045  -19.884  -11.692  -1.210 0.0000000000
30044  -19.639  -11.850  -1.357 0.0000000000
29302  -22.339  -12.003  -1.035 0.0000000000
30031  -22.271  -11.888  -0.986 0.0000000000
30028  -19.961  -11.854  -1.031 0.0000000000
29301  -19.812  -11.983  -1.098 0.0000000000
29288  -22.481  -11.965  -0.982 0.0000000000
29289  -22.731  -11.998  -0.991 0.0000000000
30032  -22.704  -11.895  -0.888 0.0000000000
30016  -22.224  -11.962  -0.760 0.0000000000
29364  -20.514  -12.007  -2.474 0.0000000000
29362  -20.002  -12.118  -2.451 0.0000000000
29361  -19.697  -12.005  -2.236 0.0000000000
28639  -19.430  -12.774  -2.751 0.0000000000
29342  -19.477  -12.130  -2.032 0.0000000000
28624  -19.185  -12.439  -2.266 0.0000000000
29290  -22.987  -12.006  -0.977 0.0000000000
27901  -19.889  -12.935  -2.996 0.0000000000
27884  -19.693  -12.970  -2.953 0.0000000000
