#!ascii label  , from subject  vox2ras=TkReg
566
22373  23.863  22.923  28.656 0.0000000000
20886  23.894  22.582  28.871 0.0000000000
22357  23.932  22.704  28.865 0.0000000000
22372  24.015  22.731  28.597 0.0000000000
23846  23.731  23.249  28.783 0.0000000000
22386  24.096  22.929  28.262 0.0000000000
23855  23.930  23.172  28.418 0.0000000000
22385  24.196  22.908  28.230 0.0000000000
23854  24.108  23.325  28.211 0.0000000000
23836  23.757  23.086  28.996 0.0000000000
23847  23.709  23.130  28.957 0.0000000000
25365  23.383  23.571  28.966 0.0000000000
25364  23.555  23.913  28.882 0.0000000000
25373  23.878  23.609  28.417 0.0000000000
23837  23.343  23.211  29.307 0.0000000000
23863  24.284  23.211  28.021 0.0000000000
25372  24.130  23.728  28.187 0.0000000000
25381  24.110  23.519  28.123 0.0000000000
22396  24.402  22.920  27.971 0.0000000000
23862  24.579  23.226  27.786 0.0000000000
26879  23.404  24.105  28.940 0.0000000000
26878  23.724  24.056  28.616 0.0000000000
25355  23.244  23.684  29.461 0.0000000000
26867  23.290  23.999  29.206 0.0000000000
26888  23.911  23.792  28.245 0.0000000000
26887  24.269  24.074  28.066 0.0000000000
25380  24.604  23.688  27.744 0.0000000000
26898  24.513  24.056  27.825 0.0000000000
26849  23.092  23.938  29.702 0.0000000000
28397  23.188  24.334  29.623 0.0000000000
28415  23.406  24.449  29.112 0.0000000000
28428  23.611  24.331  28.806 0.0000000000
28427  23.865  24.554  28.603 0.0000000000
28439  24.161  24.408  28.255 0.0000000000
28438  24.533  24.569  28.041 0.0000000000
26897  24.783  24.005  27.659 0.0000000000
28450  24.708  24.281  27.781 0.0000000000
26850  22.944  23.967  29.831 0.0000000000
28398  22.938  24.247  29.882 0.0000000000
28379  23.068  24.602  29.914 0.0000000000
29963  23.402  24.884  29.694 0.0000000000
29981  23.407  24.763  29.462 0.0000000000
26832  22.815  24.029  30.043 0.0000000000
28380  22.843  24.378  30.173 0.0000000000
28414  23.689  24.675  28.939 0.0000000000
29980  23.750  24.996  29.274 0.0000000000
29996  23.856  24.883  28.939 0.0000000000
28426  24.193  24.733  28.442 0.0000000000
29995  24.081  25.014  28.851 0.0000000000
30007  24.485  25.227  28.496 0.0000000000
28437  24.995  24.755  28.036 0.0000000000
28449  24.972  24.430  27.687 0.0000000000
30006  24.763  25.019  28.324 0.0000000000
26910  25.186  24.011  27.334 0.0000000000
28463  25.207  24.278  27.458 0.0000000000
28448  25.173  24.796  27.865 0.0000000000
28462  25.450  24.670  27.420 0.0000000000
28461  26.049  24.677  27.277 0.0000000000
26908  25.874  24.245  27.262 0.0000000000
26909  25.409  24.082  27.326 0.0000000000
30017  25.295  24.978  27.915 0.0000000000
30028  25.518  25.105  27.511 0.0000000000
30027  25.866  25.090  27.355 0.0000000000
29947  23.387  24.992  30.015 0.0000000000
29962  23.815  25.142  29.679 0.0000000000
29979  24.210  25.188  29.263 0.0000000000
29994  24.526  25.188  28.803 0.0000000000
30005  25.074  24.920  28.128 0.0000000000
29993  25.013  25.269  28.739 0.0000000000
30004  25.466  25.268  28.101 0.0000000000
30016  25.403  25.002  28.009 0.0000000000
31637  25.551  25.245  27.831 0.0000000000
31649  25.511  25.203  27.686 0.0000000000
30026  26.280  25.089  27.266 0.0000000000
31647  26.092  25.541  27.324 0.0000000000
31648  25.722  25.477  27.549 0.0000000000
31636  25.733  25.497  27.951 0.0000000000
31646  26.481  25.554  27.225 0.0000000000
33318  26.195  26.089  27.394 0.0000000000
33319  26.041  25.966  27.349 0.0000000000
33303  25.874  25.987  27.728 0.0000000000
33293  25.912  26.063  27.998 0.0000000000
33292  26.007  26.085  28.142 0.0000000000
33302  26.014  26.176  27.784 0.0000000000
33317  26.729  25.981  27.030 0.0000000000
35038  26.299  26.496  27.835 0.0000000000
35056  26.505  26.542  27.391 0.0000000000
31626  25.716  25.694  28.311 0.0000000000
31625  26.154  25.920  28.579 0.0000000000
33280  26.398  26.016  28.692 0.0000000000
35026  26.369  26.501  28.419 0.0000000000
31613  26.181  25.722  28.972 0.0000000000
33279  26.490  25.823  28.888 0.0000000000
33267  26.775  25.960  28.974 0.0000000000
33268  26.700  26.043  28.884 0.0000000000
35012  26.664  26.293  28.822 0.0000000000
31612  26.536  25.691  29.056 0.0000000000
34992  26.806  26.120  28.983 0.0000000000
31598  26.889  25.629  29.156 0.0000000000
33266  27.136  26.081  29.143 0.0000000000
34991  26.931  26.327  29.045 0.0000000000
30025  26.706  25.041  27.083 0.0000000000
31663  26.814  25.543  26.969 0.0000000000
31627  25.339  25.376  28.356 0.0000000000
31614  25.837  25.767  28.971 0.0000000000
31615  25.406  25.827  28.998 0.0000000000
31601  25.310  25.527  29.106 0.0000000000
31600  25.845  25.559  29.363 0.0000000000
31599  26.293  25.340  29.388 0.0000000000
29977  25.055  25.336  29.106 0.0000000000
31602  25.078  25.409  29.144 0.0000000000
31587  25.436  25.404  29.590 0.0000000000
31588  25.074  25.441  29.340 0.0000000000
31586  25.933  25.127  29.686 0.0000000000
31585  26.090  24.998  29.643 0.0000000000
29957  26.552  25.016  29.556 0.0000000000
29976  26.634  25.260  29.332 0.0000000000
29975  27.017  25.308  29.245 0.0000000000
31597  27.334  25.705  29.176 0.0000000000
29960  24.887  25.282  29.737 0.0000000000
29978  24.764  25.290  29.209 0.0000000000
29959  25.527  25.036  29.856 0.0000000000
29958  25.907  25.033  29.777 0.0000000000
28460  26.470  24.675  27.230 0.0000000000
28459  26.735  24.625  27.042 0.0000000000
28475  26.960  24.761  26.816 0.0000000000
30040  26.983  25.115  26.829 0.0000000000
28436  25.126  24.833  28.023 0.0000000000
29961  24.283  25.209  29.672 0.0000000000
29956  27.007  25.105  29.349 0.0000000000
29974  27.494  25.193  29.171 0.0000000000
29955  27.141  25.145  29.225 0.0000000000
28413  27.527  24.800  29.168 0.0000000000
28412  28.088  24.828  28.937 0.0000000000
29973  28.069  25.269  29.035 0.0000000000
31596  27.816  25.735  29.167 0.0000000000
29946  23.826  25.132  30.067 0.0000000000
29945  24.289  25.151  30.076 0.0000000000
29944  25.048  24.896  30.153 0.0000000000
29943  25.709  24.781  29.974 0.0000000000
29942  25.903  24.880  29.840 0.0000000000
29941  26.356  24.619  29.726 0.0000000000
28396  26.578  24.405  29.685 0.0000000000
28395  26.788  24.510  29.489 0.0000000000
28394  27.354  24.663  29.242 0.0000000000
28356  23.041  24.694  30.205 0.0000000000
29928  23.356  24.907  30.485 0.0000000000
29927  23.919  25.073  30.413 0.0000000000
29926  24.399  25.005  30.338 0.0000000000
29925  24.763  24.811  30.340 0.0000000000
28355  24.786  24.627  30.354 0.0000000000
28378  25.233  24.450  30.261 0.0000000000
28377  25.756  24.658  29.944 0.0000000000
28376  26.010  24.415  30.028 0.0000000000
28375  26.204  24.142  29.890 0.0000000000
28357  22.857  24.558  30.669 0.0000000000
29929  23.061  24.718  30.774 0.0000000000
29909  23.686  24.864  30.742 0.0000000000
29910  23.304  24.762  30.811 0.0000000000
29908  24.077  24.910  30.645 0.0000000000
29907  24.469  24.866  30.516 0.0000000000
29906  24.765  24.846  30.486 0.0000000000
28332  24.703  24.551  30.589 0.0000000000
28336  23.047  24.599  31.039 0.0000000000
28335  23.533  24.676  31.080 0.0000000000
28334  23.953  24.667  31.019 0.0000000000
28333  24.292  24.617  30.890 0.0000000000
26919  26.864  24.327  26.819 0.0000000000
28474  27.444  24.814  26.645 0.0000000000
26918  27.155  24.562  26.691 0.0000000000
26907  26.309  24.329  27.244 0.0000000000
26906  26.612  24.336  27.149 0.0000000000
26866  27.699  24.458  29.119 0.0000000000
26865  27.995  24.150  28.918 0.0000000000
28411  28.369  24.807  28.769 0.0000000000
26848  26.341  24.058  29.759 0.0000000000
26847  27.010  23.952  29.649 0.0000000000
26846  27.458  24.217  29.285 0.0000000000
26814  22.730  24.111  30.553 0.0000000000
26831  25.139  24.196  30.468 0.0000000000
26830  25.451  24.083  30.275 0.0000000000
26829  26.187  24.026  30.077 0.0000000000
26828  26.224  24.028  30.000 0.0000000000
26815  22.646  24.231  31.017 0.0000000000
28358  22.798  24.602  30.795 0.0000000000
26813  24.871  24.060  30.970 0.0000000000
26796  22.975  24.240  31.531 0.0000000000
26795  23.364  24.269  31.486 0.0000000000
28337  22.915  24.411  31.186 0.0000000000
26794  23.902  24.259  31.486 0.0000000000
26793  24.229  24.245  31.299 0.0000000000
26792  24.721  24.191  31.031 0.0000000000
25393  26.591  23.982  27.116 0.0000000000
25401  26.686  23.792  26.692 0.0000000000
26931  26.967  24.133  26.554 0.0000000000
26930  27.344  24.347  26.436 0.0000000000
25389  24.840  23.530  27.576 0.0000000000
25388  25.208  23.598  27.351 0.0000000000
25387  25.736  23.735  27.190 0.0000000000
25386  26.216  23.990  27.220 0.0000000000
25385  26.491  24.139  27.208 0.0000000000
26845  28.127  23.989  29.084 0.0000000000
25344  22.898  23.644  29.864 0.0000000000
25332  22.832  23.767  29.956 0.0000000000
25343  22.964  23.979  29.932 0.0000000000
26827  26.496  24.018  29.861 0.0000000000
25328  26.720  23.737  29.947 0.0000000000
25342  27.016  23.788  29.757 0.0000000000
25341  27.346  23.840  29.563 0.0000000000
25340  27.941  23.834  29.230 0.0000000000
25315  22.710  23.730  30.501 0.0000000000
26812  25.061  24.208  30.604 0.0000000000
25331  25.433  23.822  30.452 0.0000000000
25330  26.005  23.662  30.173 0.0000000000
25329  26.299  23.777  30.145 0.0000000000
25316  22.469  23.824  30.922 0.0000000000
25302  22.671  23.952  31.399 0.0000000000
26797  22.823  24.253  31.282 0.0000000000
26791  25.017  24.000  30.987 0.0000000000
25314  25.314  23.822  30.778 0.0000000000
25301  22.860  24.130  31.470 0.0000000000
25283  22.816  23.905  32.083 0.0000000000
26777  22.747  24.098  32.016 0.0000000000
26776  23.171  24.190  31.988 0.0000000000
26775  23.721  24.044  31.914 0.0000000000
26774  23.999  24.000  31.686 0.0000000000
25300  24.252  23.974  31.522 0.0000000000
25299  24.623  23.911  31.269 0.0000000000
25298  25.118  23.757  31.115 0.0000000000
25284  22.429  23.775  31.881 0.0000000000
26778  22.403  23.823  32.095 0.0000000000
26758  22.690  23.976  32.406 0.0000000000
26757  22.996  24.115  32.397 0.0000000000
26756  23.461  24.071  32.332 0.0000000000
25282  23.994  23.810  31.930 0.0000000000
25281  24.139  23.811  31.835 0.0000000000
26742  22.876  24.011  32.822 0.0000000000
26743  22.502  23.790  32.734 0.0000000000
26759  22.329  23.646  32.391 0.0000000000
26741  23.137  24.013  32.739 0.0000000000
26740  23.541  23.899  32.759 0.0000000000
25265  23.884  23.785  32.461 0.0000000000
25251  22.116  23.289  32.688 0.0000000000
26725  22.384  23.654  33.019 0.0000000000
26724  22.805  23.884  33.078 0.0000000000
26723  23.077  23.939  33.199 0.0000000000
26722  23.656  23.780  33.154 0.0000000000
25250  23.883  23.732  32.860 0.0000000000
25234  22.032  23.333  33.312 0.0000000000
26709  22.398  23.749  33.404 0.0000000000
26708  22.841  23.922  33.489 0.0000000000
26707  23.233  23.895  33.548 0.0000000000
26706  23.598  23.783  33.686 0.0000000000
25216  23.972  23.646  33.414 0.0000000000
25233  23.959  23.712  33.069 0.0000000000
25217  22.034  23.607  33.800 0.0000000000
26691  22.433  23.929  33.878 0.0000000000
26690  22.857  24.056  33.972 0.0000000000
26689  23.261  23.964  34.016 0.0000000000
26688  23.562  23.696  33.937 0.0000000000
25197  23.898  23.634  34.044 0.0000000000
25198  23.534  23.802  33.968 0.0000000000
25400  27.184  23.900  26.332 0.0000000000
23881  27.080  23.457  26.270 0.0000000000
23882  26.563  23.322  26.389 0.0000000000
25402  26.205  23.393  26.721 0.0000000000
25394  26.142  23.658  26.949 0.0000000000
25399  27.790  24.111  26.123 0.0000000000
23880  27.539  23.542  26.178 0.0000000000
23874  25.969  23.166  26.831 0.0000000000
25395  25.819  23.337  26.980 0.0000000000
23870  24.828  23.205  27.693 0.0000000000
23869  25.053  23.131  27.626 0.0000000000
23868  25.471  23.188  27.258 0.0000000000
23829  23.115  23.405  29.666 0.0000000000
23830  22.921  23.244  29.793 0.0000000000
23819  22.761  23.298  30.042 0.0000000000
25327  27.176  23.545  29.821 0.0000000000
25326  27.561  23.583  29.614 0.0000000000
23803  22.704  23.417  30.380 0.0000000000
25313  25.653  23.578  30.598 0.0000000000
23818  26.078  23.205  30.459 0.0000000000
23817  26.216  23.359  30.336 0.0000000000
23816  26.659  23.397  30.194 0.0000000000
23815  26.989  23.274  30.052 0.0000000000
23814  27.502  23.242  29.900 0.0000000000
23804  22.413  23.263  30.806 0.0000000000
23790  22.289  23.370  31.284 0.0000000000
25297  25.554  23.572  30.962 0.0000000000
23802  26.020  23.127  30.894 0.0000000000
25280  24.495  23.727  31.544 0.0000000000
23789  24.773  23.590  31.405 0.0000000000
23788  25.017  23.402  31.348 0.0000000000
23787  25.603  23.227  31.318 0.0000000000
23774  22.077  23.067  31.894 0.0000000000
25266  22.074  23.195  32.102 0.0000000000
25264  24.329  23.499  32.139 0.0000000000
23773  24.497  23.453  31.814 0.0000000000
23772  24.890  23.307  31.702 0.0000000000
23760  21.995  23.048  32.044 0.0000000000
23761  21.964  22.991  32.239 0.0000000000
25267  21.962  23.029  32.330 0.0000000000
25249  24.267  23.581  32.702 0.0000000000
25263  24.788  23.019  31.881 0.0000000000
23759  24.955  23.136  31.764 0.0000000000
25248  24.666  23.350  32.398 0.0000000000
23758  25.034  23.197  32.124 0.0000000000
23741  21.943  23.144  33.096 0.0000000000
23742  21.877  23.014  32.745 0.0000000000
25252  21.996  23.079  32.495 0.0000000000
25232  24.240  23.456  33.072 0.0000000000
23721  24.550  23.666  33.134 0.0000000000
23740  24.418  23.383  33.049 0.0000000000
23739  24.976  23.212  32.613 0.0000000000
23722  21.885  23.150  33.320 0.0000000000
25235  21.865  23.176  33.445 0.0000000000
25218  21.843  23.255  33.722 0.0000000000
25215  24.338  23.334  33.574 0.0000000000
23706  24.599  23.247  33.132 0.0000000000
22420  26.944  22.865  26.203 0.0000000000
22421  26.638  22.926  26.288 0.0000000000
23883  26.204  23.025  26.645 0.0000000000
23892  27.476  23.155  25.728 0.0000000000
23891  27.916  23.543  25.788 0.0000000000
22413  26.003  22.684  26.782 0.0000000000
23875  25.793  22.954  26.986 0.0000000000
23861  24.821  22.966  27.760 0.0000000000
22406  25.245  22.791  27.505 0.0000000000
22394  24.961  22.577  27.755 0.0000000000
22405  25.553  22.698  27.223 0.0000000000
22395  24.697  22.726  27.895 0.0000000000
22358  23.428  22.854  29.322 0.0000000000
22359  23.184  22.795  29.421 0.0000000000
23838  22.926  23.210  29.808 0.0000000000
22348  22.962  22.898  29.745 0.0000000000
22339  22.830  22.868  29.991 0.0000000000
22340  22.587  22.954  30.367 0.0000000000
23820  22.650  23.214  30.402 0.0000000000
23801  26.130  23.162  30.742 0.0000000000
23800  26.510  23.114  30.554 0.0000000000
22338  26.823  23.049  30.316 0.0000000000
22337  27.160  22.937  30.271 0.0000000000
22326  22.370  22.878  30.885 0.0000000000
22327  22.282  22.977  31.108 0.0000000000
23805  22.332  23.174  31.017 0.0000000000
23786  26.038  23.064  31.100 0.0000000000
22325  26.320  22.951  30.864 0.0000000000
22324  26.751  22.821  30.718 0.0000000000
22310  22.287  22.872  31.263 0.0000000000
22311  22.322  23.053  31.099 0.0000000000
23791  22.305  23.115  31.069 0.0000000000
23771  25.278  23.192  31.794 0.0000000000
23770  25.612  23.007  31.866 0.0000000000
22290  25.897  22.821  31.513 0.0000000000
22309  25.886  23.022  31.130 0.0000000000
22308  26.306  22.799  31.179 0.0000000000
22291  22.138  22.609  31.735 0.0000000000
23775  22.001  22.788  32.001 0.0000000000
23757  25.356  22.974  32.245 0.0000000000
23756  25.543  22.850  32.045 0.0000000000
22275  25.837  22.793  32.071 0.0000000000
22277  21.863  22.546  32.401 0.0000000000
22292  22.027  22.442  32.013 0.0000000000
23738  25.233  22.965  32.749 0.0000000000
22256  25.546  22.752  32.534 0.0000000000
22276  25.561  22.852  32.202 0.0000000000
22257  21.807  22.570  32.825 0.0000000000
23743  21.846  22.812  32.932 0.0000000000
23723  21.814  23.025  33.412 0.0000000000
23724  21.828  22.866  33.056 0.0000000000
23720  24.979  23.200  32.999 0.0000000000
23719  25.113  23.015  32.971 0.0000000000
22236  25.391  22.828  32.897 0.0000000000
23705  24.945  23.180  33.509 0.0000000000
22429  26.971  22.706  26.074 0.0000000000
22430  26.718  22.624  26.157 0.0000000000
22422  26.347  22.627  26.427 0.0000000000
22428  27.205  22.672  25.799 0.0000000000
20933  26.207  22.213  26.638 0.0000000000
20934  25.907  22.218  26.873 0.0000000000
22414  25.790  22.574  26.987 0.0000000000
20924  25.288  22.304  27.493 0.0000000000
20923  25.678  22.243  27.142 0.0000000000
22384  24.547  22.551  28.196 0.0000000000
20912  24.803  22.169  27.992 0.0000000000
20911  25.037  22.119  27.780 0.0000000000
20899  24.290  22.479  28.490 0.0000000000
20898  24.610  22.086  28.581 0.0000000000
20885  24.217  22.215  28.867 0.0000000000
20875  23.143  22.722  29.633 0.0000000000
20874  23.515  22.125  29.399 0.0000000000
20873  23.966  22.199  29.095 0.0000000000
20869  22.953  22.438  29.964 0.0000000000
20866  22.558  22.622  30.554 0.0000000000
20865  22.866  22.331  30.262 0.0000000000
20860  22.530  22.355  30.794 0.0000000000
22307  26.941  22.476  31.287 0.0000000000
22323  27.323  22.712  30.684 0.0000000000
20850  22.338  22.298  31.249 0.0000000000
22289  26.360  22.703  31.690 0.0000000000
20835  21.920  22.154  32.041 0.0000000000
20819  22.150  22.091  32.208 0.0000000000
20834  22.256  22.090  31.736 0.0000000000
22274  26.383  22.686  32.213 0.0000000000
22288  26.895  22.346  32.035 0.0000000000
20803  21.833  22.081  32.832 0.0000000000
22255  26.027  22.723  32.591 0.0000000000
22258  21.861  22.585  32.980 0.0000000000
22235  25.789  22.759  33.044 0.0000000000
19620  26.124  21.880  26.828 0.0000000000
19603  25.940  21.794  27.030 0.0000000000
19619  26.541  21.754  26.649 0.0000000000
20945  26.606  22.189  26.253 0.0000000000
19604  25.550  21.835  27.377 0.0000000000
19589  25.215  21.913  27.692 0.0000000000
19590  24.826  22.036  27.964 0.0000000000
19578  24.955  21.768  28.373 0.0000000000
19571  24.552  21.779  28.936 0.0000000000
20884  24.287  21.953  29.095 0.0000000000
19572  24.239  22.024  29.042 0.0000000000
20872  24.124  22.124  29.088 0.0000000000
19566  23.461  21.775  29.767 0.0000000000
20868  23.322  21.819  29.995 0.0000000000
19565  23.644  21.910  29.516 0.0000000000
19564  24.030  22.009  29.176 0.0000000000
19560  23.396  21.843  29.922 0.0000000000
20864  23.192  22.058  30.101 0.0000000000
19554  22.927  21.984  30.453 0.0000000000
20859  22.778  22.124  30.571 0.0000000000
19553  23.072  22.033  30.270 0.0000000000
19548  22.572  22.079  30.962 0.0000000000
19547  22.788  21.884  30.777 0.0000000000
19540  22.580  21.872  31.155 0.0000000000
20818  22.357  21.888  31.757 0.0000000000
19537  22.469  21.744  31.697 0.0000000000
19532  22.048  21.876  32.663 0.0000000000
19531  22.392  21.667  32.205 0.0000000000
19602  26.393  21.550  27.033 0.0000000000
18357  26.933  21.457  26.851 0.0000000000
19618  26.831  21.577  26.813 0.0000000000
19639  26.887  21.839  26.322 0.0000000000
19617  27.516  21.576  26.729 0.0000000000
18356  27.287  21.336  27.079 0.0000000000
19638  27.208  21.818  26.250 0.0000000000
19616  27.948  21.499  26.749 0.0000000000
18355  27.854  21.301  27.009 0.0000000000
19637  27.626  21.747  26.327 0.0000000000
19615  28.356  21.344  26.796 0.0000000000
18354  28.219  21.208  27.035 0.0000000000
19636  28.224  21.755  26.207 0.0000000000
18336  26.058  21.365  27.364 0.0000000000
18313  25.485  21.508  27.803 0.0000000000
18335  26.265  21.359  27.393 0.0000000000
18334  26.780  21.300  27.387 0.0000000000
18314  25.100  21.787  27.901 0.0000000000
18294  24.972  21.836  28.034 0.0000000000
18293  25.285  21.621  28.184 0.0000000000
19577  25.478  21.553  28.648 0.0000000000
19570  25.122  21.437  28.806 0.0000000000
18292  25.836  21.326  28.396 0.0000000000
19576  25.748  21.238  28.780 0.0000000000
19569  25.548  21.261  28.899 0.0000000000
18276  25.804  21.059  28.957 0.0000000000
18278  24.932  21.309  29.046 0.0000000000
18261  24.595  21.363  29.355 0.0000000000
19563  24.344  21.703  29.190 0.0000000000
18277  25.361  21.210  29.086 0.0000000000
18263  23.855  21.625  29.535 0.0000000000
19559  23.678  21.633  29.774 0.0000000000
18262  24.128  21.473  29.420 0.0000000000
18251  23.586  21.568  30.015 0.0000000000
18250  23.905  21.294  29.915 0.0000000000
18243  23.054  21.713  30.624 0.0000000000
18242  23.627  21.254  30.462 0.0000000000
18236  23.109  21.425  31.005 0.0000000000
19539  22.865  21.645  30.948 0.0000000000
18228  22.706  21.678  30.935 0.0000000000
18227  23.009  21.378  31.162 0.0000000000
18221  23.055  21.278  31.560 0.0000000000
19536  23.044  21.288  31.969 0.0000000000
18220  23.085  21.158  31.843 0.0000000000
19530  22.839  21.306  32.014 0.0000000000
18332  27.684  21.232  27.435 0.0000000000
18333  27.243  21.260  27.528 0.0000000000
18331  28.112  21.088  27.454 0.0000000000
18312  25.926  21.263  28.017 0.0000000000
18311  26.565  21.253  27.818 0.0000000000
18310  27.062  21.222  27.905 0.0000000000
18309  27.470  21.234  27.851 0.0000000000
18308  27.867  21.058  27.835 0.0000000000
18291  26.409  21.237  28.233 0.0000000000
18290  26.914  21.233  28.137 0.0000000000
18289  27.292  21.235  28.155 0.0000000000
18288  27.656  21.143  28.178 0.0000000000
18275  26.278  21.125  28.673 0.0000000000
18274  26.786  21.201  28.538 0.0000000000
18273  27.230  21.223  28.450 0.0000000000
18272  27.478  21.218  28.376 0.0000000000
18260  25.155  21.098  29.517 0.0000000000
18259  25.500  21.047  29.239 0.0000000000
16852  25.878  20.904  29.109 0.0000000000
16833  25.641  20.840  29.390 0.0000000000
16851  26.157  20.886  28.940 0.0000000000
16850  26.693  20.948  28.817 0.0000000000
16849  27.151  21.007  28.754 0.0000000000
18249  24.295  21.151  29.784 0.0000000000
18248  24.816  20.916  29.827 0.0000000000
16834  25.327  20.812  29.664 0.0000000000
16813  24.990  20.769  29.977 0.0000000000
18247  24.969  20.956  29.776 0.0000000000
16816  24.061  21.032  30.077 0.0000000000
18241  23.886  21.133  30.229 0.0000000000
16815  24.065  21.021  30.167 0.0000000000
16814  24.412  20.854  30.116 0.0000000000
16796  23.812  21.004  30.745 0.0000000000
18235  23.820  20.994  30.921 0.0000000000
16795  23.838  20.972  30.526 0.0000000000
16780  23.261  21.346  30.849 0.0000000000
16779  23.544  21.015  30.952 0.0000000000
16766  23.232  21.175  31.264 0.0000000000
18226  23.066  21.199  31.601 0.0000000000
16832  26.045  20.790  29.264 0.0000000000
16831  26.634  20.779  29.046 0.0000000000
15457  26.842  20.867  28.893 0.0000000000
15456  27.039  20.789  28.897 0.0000000000
16812  25.554  20.581  29.810 0.0000000000
16811  26.018  20.561  29.730 0.0000000000
16810  26.546  20.635  29.613 0.0000000000
16794  24.125  20.794  30.564 0.0000000000
16793  24.606  20.685  30.504 0.0000000000
15436  25.005  20.652  30.132 0.0000000000
16792  24.905  20.572  30.326 0.0000000000
15435  25.394  20.428  30.122 0.0000000000
15434  26.081  20.389  29.835 0.0000000000
15433  26.531  20.212  29.988 0.0000000000
16778  23.878  20.718  31.145 0.0000000000
16777  24.346  20.586  30.887 0.0000000000
15418  24.865  20.409  30.605 0.0000000000
16776  24.712  20.410  30.813 0.0000000000
15417  25.191  20.333  30.468 0.0000000000
16765  23.367  20.901  31.517 0.0000000000
15400  24.741  20.314  31.142 0.0000000000
15401  24.292  20.434  31.263 0.0000000000
15399  25.105  20.270  30.947 0.0000000000
18376  28.385  21.040  26.155 0.0000000000
19635  28.669  21.379  26.407 0.0000000000
18391  28.022  21.594  25.990 0.0000000000
19651  27.901  21.791  25.805 0.0000000000
19652  27.694  21.857  25.873 0.0000000000
19653  27.303  21.978  25.922 0.0000000000
20944  26.937  22.057  26.038 0.0000000000
20955  27.036  22.287  25.875 0.0000000000
18405  28.029  21.763  25.768 0.0000000000
19664  27.980  22.137  25.446 0.0000000000
20953  27.828  21.962  25.674 0.0000000000
20954  27.462  22.196  25.707 0.0000000000
19663  28.602  21.949  25.268 0.0000000000
18404  28.311  21.663  25.673 0.0000000000
20963  27.934  22.114  25.445 0.0000000000
20962  28.351  22.299  25.261 0.0000000000
20956  26.866  22.398  25.971 0.0000000000
20964  27.714  22.149  25.595 0.0000000000
22445  27.594  22.522  25.428 0.0000000000
22444  28.049  22.635  25.262 0.0000000000
23909  27.834  22.945  25.327 0.0000000000
23908  28.034  23.117  25.347 0.0000000000
