#!ascii label  , from subject  vox2ras=TkReg
237
49839  24.571  31.198  32.576 0.0000000000
48239  24.337  30.893  32.670 0.0000000000
49824  24.426  31.160  32.854 0.0000000000
49838  24.880  31.386  32.345 0.0000000000
48238  24.753  30.873  32.240 0.0000000000
49823  24.708  31.463  32.836 0.0000000000
49837  25.221  31.353  32.002 0.0000000000
48237  25.060  31.071  32.165 0.0000000000
51440  24.827  31.879  32.522 0.0000000000
51439  25.150  31.836  32.172 0.0000000000
48250  25.117  30.791  31.818 0.0000000000
49852  25.350  31.329  31.516 0.0000000000
51450  25.352  31.842  31.754 0.0000000000
48225  24.244  30.881  33.009 0.0000000000
49802  24.405  31.304  33.096 0.0000000000
49801  24.641  31.463  33.055 0.0000000000
51409  24.669  31.731  33.074 0.0000000000
51428  24.774  31.886  32.859 0.0000000000
48206  24.074  30.878  33.202 0.0000000000
49803  24.008  31.279  33.256 0.0000000000
51410  24.330  31.745  33.234 0.0000000000
46678  25.191  30.238  31.507 0.0000000000
46679  24.884  30.215  31.789 0.0000000000
48251  24.861  30.590  31.940 0.0000000000
48269  25.478  30.738  31.275 0.0000000000
46666  24.390  30.408  32.385 0.0000000000
46655  24.241  30.495  32.922 0.0000000000
46665  24.719  30.435  32.038 0.0000000000
46637  24.119  30.567  33.155 0.0000000000
46638  23.870  30.495  33.256 0.0000000000
48207  23.713  30.867  33.289 0.0000000000
45038  24.718  29.736  31.795 0.0000000000
45028  24.650  30.058  32.067 0.0000000000
45037  25.050  29.680  31.606 0.0000000000
45048  25.263  29.834  31.352 0.0000000000
46692  25.429  30.179  31.235 0.0000000000
45029  24.349  29.883  32.319 0.0000000000
45011  24.143  30.074  32.709 0.0000000000
46656  24.003  30.246  33.056 0.0000000000
44986  23.708  30.128  33.180 0.0000000000
46639  23.484  30.472  33.293 0.0000000000
43330  25.161  29.306  31.309 0.0000000000
45047  25.566  29.751  31.137 0.0000000000
43329  25.596  29.203  31.100 0.0000000000
43345  25.821  29.507  30.879 0.0000000000
45061  25.842  29.924  30.888 0.0000000000
46691  25.784  30.319  31.020 0.0000000000
43322  24.776  29.213  31.552 0.0000000000
43323  24.443  29.431  31.841 0.0000000000
45039  24.546  29.753  32.048 0.0000000000
43321  25.019  29.375  31.517 0.0000000000
43311  24.274  29.433  32.189 0.0000000000
43292  24.135  29.550  32.632 0.0000000000
45012  23.885  29.892  32.886 0.0000000000
45013  23.565  29.715  33.093 0.0000000000
44987  23.321  30.048  33.279 0.0000000000
41678  25.769  28.927  30.879 0.0000000000
43344  26.229  29.394  30.735 0.0000000000
45060  26.148  29.858  30.755 0.0000000000
41655  25.399  28.785  31.071 0.0000000000
41656  24.944  28.890  31.254 0.0000000000
43331  24.987  29.218  31.131 0.0000000000
41654  25.640  28.965  31.033 0.0000000000
41638  24.231  28.844  31.948 0.0000000000
41637  24.648  28.634  31.579 0.0000000000
41619  24.185  29.050  32.483 0.0000000000
41600  23.997  29.214  32.730 0.0000000000
43293  23.794  29.428  32.827 0.0000000000
41677  26.347  28.879  30.727 0.0000000000
40018  25.983  28.426  30.751 0.0000000000
40019  25.528  28.444  30.815 0.0000000000
41679  25.549  28.719  30.927 0.0000000000
39996  24.997  28.383  31.239 0.0000000000
39995  25.302  28.260  31.020 0.0000000000
39981  24.126  28.149  31.898 0.0000000000
39982  23.946  28.304  31.973 0.0000000000
41639  24.010  28.591  32.038 0.0000000000
41620  23.975  28.633  32.236 0.0000000000
39980  24.567  27.973  31.729 0.0000000000
39967  23.850  28.251  32.182 0.0000000000
39954  23.777  28.490  32.435 0.0000000000
41601  23.780  28.910  32.742 0.0000000000
39955  23.326  28.448  32.788 0.0000000000
41602  23.222  28.798  32.996 0.0000000000
43294  23.411  29.258  32.993 0.0000000000
38359  25.770  28.081  30.816 0.0000000000
38338  25.481  27.905  30.987 0.0000000000
38339  25.049  28.024  31.179 0.0000000000
38325  24.795  27.879  31.408 0.0000000000
38327  23.958  27.855  31.897 0.0000000000
38315  23.760  27.858  32.222 0.0000000000
38326  24.358  27.864  31.746 0.0000000000
38306  23.654  28.101  32.584 0.0000000000
38307  23.067  27.966  32.926 0.0000000000
39956  22.931  28.321  32.956 0.0000000000
38358  26.147  27.901  30.794 0.0000000000
38337  25.832  27.779  30.909 0.0000000000
36676  24.942  27.380  31.347 0.0000000000
36675  25.272  27.457  31.240 0.0000000000
36674  25.670  27.452  31.154 0.0000000000
36689  26.015  27.436  30.954 0.0000000000
36667  23.857  27.316  32.022 0.0000000000
36666  24.098  27.401  31.845 0.0000000000
36665  24.559  27.390  31.691 0.0000000000
36657  23.436  27.397  32.470 0.0000000000
38316  23.470  27.787  32.654 0.0000000000
36649  23.176  27.441  33.077 0.0000000000
38296  23.004  27.730  33.098 0.0000000000
36658  23.275  27.530  32.882 0.0000000000
38308  22.997  27.982  32.886 0.0000000000
34943  25.054  27.079  31.370 0.0000000000
34931  24.748  26.902  31.666 0.0000000000
34942  25.413  26.982  31.320 0.0000000000
34941  26.034  26.879  31.194 0.0000000000
34933  23.922  27.000  32.027 0.0000000000
34923  23.592  26.846  32.570 0.0000000000
34932  24.258  26.866  31.899 0.0000000000
34924  23.285  27.124  32.871 0.0000000000
34915  23.217  27.039  33.076 0.0000000000
36637  22.989  27.392  33.261 0.0000000000
34930  25.058  26.780  31.572 0.0000000000
33227  25.721  26.652  31.377 0.0000000000
33216  25.385  26.452  31.635 0.0000000000
34940  26.228  26.807  31.168 0.0000000000
33226  26.048  26.454  31.356 0.0000000000
34956  26.210  27.122  31.033 0.0000000000
34922  23.980  26.704  32.235 0.0000000000
33218  24.521  26.483  31.961 0.0000000000
33205  24.229  26.377  32.328 0.0000000000
33217  24.922  26.389  31.863 0.0000000000
33206  23.892  26.443  32.556 0.0000000000
33194  23.734  26.369  33.015 0.0000000000
34914  23.332  26.704  33.196 0.0000000000
34904  22.925  26.911  33.487 0.0000000000
33180  23.337  26.364  33.564 0.0000000000
34903  23.138  26.679  33.479 0.0000000000
33215  25.795  26.252  31.598 0.0000000000
33204  24.626  26.199  32.302 0.0000000000
31544  25.254  26.140  31.879 0.0000000000
31528  24.969  26.060  32.092 0.0000000000
31543  25.607  26.049  31.796 0.0000000000
33193  24.065  26.176  32.759 0.0000000000
33192  24.369  26.117  32.654 0.0000000000
31514  24.617  25.907  32.689 0.0000000000
31516  23.970  26.034  33.013 0.0000000000
31502  23.761  26.025  33.372 0.0000000000
31515  24.202  25.961  32.887 0.0000000000
31527  25.440  25.945  31.924 0.0000000000
31501  23.996  25.866  33.158 0.0000000000
31500  24.265  25.851  32.899 0.0000000000
29865  24.961  25.662  32.622 0.0000000000
29849  24.742  25.558  33.015 0.0000000000
41603  22.950  28.772  33.108 0.0000000000
41588  23.039  29.104  33.233 0.0000000000
43272  23.172  29.586  33.223 0.0000000000
45059  26.637  29.859  30.733 0.0000000000
46701  26.445  30.288  30.778 0.0000000000
46702  26.051  30.193  30.802 0.0000000000
46640  23.070  30.447  33.302 0.0000000000
48208  23.282  30.871  33.327 0.0000000000
48268  26.099  30.884  31.101 0.0000000000
48287  26.183  30.538  30.857 0.0000000000
46700  27.010  30.377  30.813 0.0000000000
48286  26.677  30.873  30.917 0.0000000000
49804  23.567  31.272  33.308 0.0000000000
48209  22.882  30.845  33.319 0.0000000000
49805  23.137  31.267  33.345 0.0000000000
48267  26.434  31.131  31.012 0.0000000000
49868  26.290  31.365  31.138 0.0000000000
49869  25.824  31.316  31.268 0.0000000000
51411  23.897  31.704  33.288 0.0000000000
51412  23.439  31.682  33.334 0.0000000000
49806  22.741  31.240  33.339 0.0000000000
51413  23.022  31.679  33.378 0.0000000000
51463  25.657  31.829  31.381 0.0000000000
49867  26.704  31.373  31.067 0.0000000000
51461  26.556  31.772  31.076 0.0000000000
51462  26.117  31.761  31.236 0.0000000000
52993  24.697  32.296  33.189 0.0000000000
53008  24.875  32.161  32.968 0.0000000000
52994  24.221  32.239  33.292 0.0000000000
52995  23.776  32.144  33.340 0.0000000000
52996  23.302  32.133  33.366 0.0000000000
51414  22.590  31.698  33.340 0.0000000000
52997  22.899  32.128  33.363 0.0000000000
53018  24.928  32.165  32.750 0.0000000000
53017  25.188  32.337  32.410 0.0000000000
53027  25.351  32.262  31.973 0.0000000000
53036  25.608  32.402  31.631 0.0000000000
53034  26.360  32.115  31.127 0.0000000000
53035  25.980  32.236  31.312 0.0000000000
52992  25.093  32.517  33.133 0.0000000000
54436  25.030  32.979  33.231 0.0000000000
54437  24.525  32.842  33.312 0.0000000000
54438  24.043  32.768  33.392 0.0000000000
54439  23.588  32.661  33.424 0.0000000000
54440  23.148  32.621  33.403 0.0000000000
52998  22.458  32.143  33.324 0.0000000000
54441  22.758  32.590  33.352 0.0000000000
53007  25.190  32.459  32.842 0.0000000000
54464  25.306  32.948  32.540 0.0000000000
54475  25.622  32.784  32.052 0.0000000000
54487  26.303  32.610  31.179 0.0000000000
54488  25.851  32.785  31.488 0.0000000000
54489  25.771  32.865  31.781 0.0000000000
54453  25.261  32.938  33.011 0.0000000000
55944  24.814  33.414  33.361 0.0000000000
55943  25.282  33.527  33.316 0.0000000000
55960  25.426  33.366  33.209 0.0000000000
55945  24.332  33.308  33.472 0.0000000000
55946  23.859  33.211  33.550 0.0000000000
55947  23.406  33.146  33.494 0.0000000000
55948  22.992  33.080  33.460 0.0000000000
54442  22.283  32.573  33.331 0.0000000000
55949  22.557  33.039  33.322 0.0000000000
55970  25.333  33.500  33.135 0.0000000000
54463  25.618  33.123  32.218 0.0000000000
55969  25.468  33.448  32.421 0.0000000000
54474  25.778  33.068  32.034 0.0000000000
55979  25.809  33.057  31.930 0.0000000000
55996  25.818  33.057  31.891 0.0000000000
55994  26.137  33.140  31.467 0.0000000000
55995  25.870  33.182  31.780 0.0000000000
55942  25.635  33.606  33.533 0.0000000000
55959  25.483  33.597  33.364 0.0000000000
57454  25.401  33.693  33.311 0.0000000000
57455  25.082  33.856  33.462 0.0000000000
57456  24.636  33.817  33.594 0.0000000000
57457  24.151  33.709  33.715 0.0000000000
57458  23.673  33.666  33.695 0.0000000000
57459  23.252  33.619  33.507 0.0000000000
57460  22.800  33.571  33.359 0.0000000000
57453  25.704  33.647  33.507 0.0000000000
57469  25.479  33.608  33.314 0.0000000000
57470  25.501  33.774  33.130 0.0000000000
55978  25.767  33.383  32.020 0.0000000000
58917  25.297  34.100  33.256 0.0000000000
