#!ascii label  , from subject  vox2ras=TkReg
329
12082  25.900  18.679  23.934 0.0000000000
11021  26.059  18.309  24.057 0.0000000000
11009  26.023  18.288  24.315 0.0000000000
12067  25.802  18.589  24.348 0.0000000000
12081  26.175  18.788  23.622 0.0000000000
11020  26.230  18.255  23.753 0.0000000000
13148  25.770  19.082  24.190 0.0000000000
13162  25.939  19.281  23.846 0.0000000000
13161  26.090  18.834  23.637 0.0000000000
12068  25.730  19.092  23.996 0.0000000000
13149  25.653  19.028  24.253 0.0000000000
13138  25.716  18.990  24.515 0.0000000000
14258  25.797  19.514  24.514 0.0000000000
14273  25.888  19.646  24.025 0.0000000000
13139  25.603  18.947  24.388 0.0000000000
13175  26.284  18.891  23.138 0.0000000000
14290  26.203  19.527  23.568 0.0000000000
14291  26.064  19.699  23.835 0.0000000000
12096  26.293  18.622  23.194 0.0000000000
13189  26.275  19.162  22.876 0.0000000000
14305  26.318  19.364  22.885 0.0000000000
12110  26.357  18.793  22.740 0.0000000000
13208  26.376  19.175  22.327 0.0000000000
14325  26.420  19.764  22.707 0.0000000000
12123  26.419  18.845  22.432 0.0000000000
13207  26.575  18.801  22.025 0.0000000000
12122  26.682  18.771  22.117 0.0000000000
14342  26.470  19.668  22.261 0.0000000000
13225  26.529  18.955  21.929 0.0000000000
14354  26.443  19.411  21.968 0.0000000000
13224  26.654  19.234  21.782 0.0000000000
13128  25.755  19.017  24.961 0.0000000000
14244  25.991  19.783  24.994 0.0000000000
15593  26.050  19.956  24.681 0.0000000000
15614  26.037  19.912  24.198 0.0000000000
15630  26.055  20.165  24.093 0.0000000000
15629  26.238  20.059  23.880 0.0000000000
15639  26.407  20.111  23.275 0.0000000000
15652  26.692  20.209  22.856 0.0000000000
14324  26.697  20.051  22.666 0.0000000000
14341  26.784  20.225  22.558 0.0000000000
14353  26.662  19.820  21.963 0.0000000000
15568  26.169  20.006  24.999 0.0000000000
15592  26.190  20.077  25.026 0.0000000000
15613  26.279  20.138  24.425 0.0000000000
16991  26.546  20.232  24.643 0.0000000000
17009  26.734  20.347  24.032 0.0000000000
17027  26.685  20.303  23.773 0.0000000000
17041  26.888  20.376  23.432 0.0000000000
17058  26.882  20.359  23.111 0.0000000000
15651  26.872  20.266  22.601 0.0000000000
17057  27.190  20.295  22.939 0.0000000000
16972  26.619  20.209  24.891 0.0000000000
16990  27.072  20.366  24.546 0.0000000000
17008  27.073  20.401  23.988 0.0000000000
17026  27.122  20.371  23.745 0.0000000000
17040  27.218  20.362  23.369 0.0000000000
17025  27.560  20.336  23.718 0.0000000000
17039  27.644  20.293  23.303 0.0000000000
17007  27.432  20.309  24.123 0.0000000000
17006  27.886  20.272  24.101 0.0000000000
17024  28.034  20.315  23.701 0.0000000000
16989  27.288  20.281  24.639 0.0000000000
16988  27.738  20.247  24.542 0.0000000000
16987  28.109  20.238  24.487 0.0000000000
17005  28.417  20.265  24.185 0.0000000000
16971  26.966  20.233  25.051 0.0000000000
16970  27.337  20.231  25.025 0.0000000000
15591  27.632  20.221  24.988 0.0000000000
15590  28.031  20.222  24.943 0.0000000000
15589  28.530  20.251  24.767 0.0000000000
15567  26.392  20.077  25.119 0.0000000000
15566  26.831  20.041  25.509 0.0000000000
15565  27.411  20.190  25.396 0.0000000000
15564  27.935  20.202  25.364 0.0000000000
15563  28.379  20.242  25.260 0.0000000000
14243  26.304  19.823  25.366 0.0000000000
14242  26.598  19.834  25.713 0.0000000000
15541  27.156  20.061  26.042 0.0000000000
15540  27.295  19.933  25.861 0.0000000000
15539  27.839  20.070  25.870 0.0000000000
15538  28.292  20.220  25.712 0.0000000000
15537  28.694  20.392  25.571 0.0000000000
15562  28.717  20.370  25.175 0.0000000000
14231  26.638  19.845  25.871 0.0000000000
15542  26.766  19.943  25.884 0.0000000000
15519  26.792  19.815  26.132 0.0000000000
15518  27.079  19.929  26.083 0.0000000000
14218  27.386  19.773  26.394 0.0000000000
14230  27.618  19.859  25.993 0.0000000000
14229  27.800  19.957  26.198 0.0000000000
15517  27.873  19.982  26.394 0.0000000000
15516  28.171  20.116  26.094 0.0000000000
15515  28.651  20.374  26.009 0.0000000000
14219  26.852  19.671  26.549 0.0000000000
14220  26.431  19.556  26.398 0.0000000000
15520  26.561  19.775  26.070 0.0000000000
14217  27.845  19.935  26.633 0.0000000000
15506  27.943  19.960  26.925 0.0000000000
15505  28.374  20.224  26.721 0.0000000000
15504  28.619  20.329  26.404 0.0000000000
13120  25.768  19.359  25.413 0.0000000000
14233  26.000  19.819  25.008 0.0000000000
14232  26.316  19.673  25.810 0.0000000000
13119  25.773  19.531  25.495 0.0000000000
13105  26.012  19.227  26.079 0.0000000000
13093  26.295  18.996  26.922 0.0000000000
14207  26.535  19.217  26.978 0.0000000000
14206  26.904  19.480  26.961 0.0000000000
14205  27.552  19.754  26.970 0.0000000000
14204  27.886  19.922  26.904 0.0000000000
13092  26.613  19.242  27.058 0.0000000000
13081  26.711  19.213  27.349 0.0000000000
14194  27.061  19.494  27.200 0.0000000000
12135  26.745  18.736  21.497 0.0000000000
13237  26.739  19.165  21.219 0.0000000000
14365  26.799  19.766  21.378 0.0000000000
12057  25.748  18.796  24.443 0.0000000000
12056  25.776  18.533  24.722 0.0000000000
12043  25.795  18.172  25.187 0.0000000000
12044  25.693  18.611  25.349 0.0000000000
13129  25.707  19.034  25.299 0.0000000000
13106  25.780  19.131  25.906 0.0000000000
13121  25.695  19.066  25.613 0.0000000000
12016  25.803  19.065  26.000 0.0000000000
12015  25.877  19.023  26.164 0.0000000000
13107  25.665  19.063  25.994 0.0000000000
12005  25.981  18.697  26.574 0.0000000000
11997  26.253  18.595  27.103 0.0000000000
13082  26.371  18.941  27.349 0.0000000000
11084  26.895  18.203  21.758 0.0000000000
11097  26.906  18.330  21.203 0.0000000000
12151  26.756  18.759  21.007 0.0000000000
12109  26.647  18.564  22.577 0.0000000000
11072  26.796  18.190  22.294 0.0000000000
11057  26.490  18.208  22.904 0.0000000000
11056  26.711  18.221  22.651 0.0000000000
11036  26.477  18.203  23.095 0.0000000000
11000  26.096  17.867  24.824 0.0000000000
10989  25.791  18.047  25.098 0.0000000000
10990  25.728  18.213  25.441 0.0000000000
10982  25.671  18.409  25.721 0.0000000000
12030  25.648  18.816  25.775 0.0000000000
10976  25.647  18.691  25.983 0.0000000000
12017  25.652  18.997  26.014 0.0000000000
10975  25.707  18.272  26.134 0.0000000000
12006  25.772  18.500  26.450 0.0000000000
10966  25.775  18.084  26.879 0.0000000000
10965  26.014  18.272  27.020 0.0000000000
11096  27.211  18.032  21.390 0.0000000000
11109  27.223  18.060  20.934 0.0000000000
11110  26.832  18.435  20.808 0.0000000000
10096  27.314  17.565  21.544 0.0000000000
11083  27.093  17.970  21.702 0.0000000000
10107  27.478  17.475  21.082 0.0000000000
10083  26.900  17.932  22.025 0.0000000000
10082  27.133  17.700  22.004 0.0000000000
10066  26.989  17.811  22.317 0.0000000000
10048  26.802  17.869  22.710 0.0000000000
10049  26.669  17.883  22.935 0.0000000000
10030  26.636  17.824  23.135 0.0000000000
10020  26.545  17.753  23.569 0.0000000000
11008  26.219  18.070  24.224 0.0000000000
10007  26.341  17.694  24.027 0.0000000000
10999  26.174  18.007  24.597 0.0000000000
9997  26.266  17.654  24.490 0.0000000000
9998  25.974  17.603  24.894 0.0000000000
10981  25.743  17.974  25.629 0.0000000000
9989  25.745  17.558  25.438 0.0000000000
9980  25.685  17.752  25.920 0.0000000000
9968  25.752  18.148  26.183 0.0000000000
9956  25.701  18.017  26.810 0.0000000000
10967  25.658  17.975  26.891 0.0000000000
10956  25.753  18.087  27.193 0.0000000000
10957  25.689  18.098  26.823 0.0000000000
9948  25.503  17.887  27.173 0.0000000000
9957  25.556  17.689  26.719 0.0000000000
9068  27.639  17.073  21.282 0.0000000000
9056  27.373  17.073  21.856 0.0000000000
9045  27.254  17.269  22.399 0.0000000000
10065  27.168  17.619  22.345 0.0000000000
10047  27.110  17.576  22.620 0.0000000000
10029  26.780  17.599  23.048 0.0000000000
9034  26.934  17.448  22.903 0.0000000000
9033  27.148  17.196  22.878 0.0000000000
10019  26.766  17.459  23.459 0.0000000000
9023  26.966  17.129  23.296 0.0000000000
9009  26.575  17.244  23.850 0.0000000000
9008  26.780  16.927  23.759 0.0000000000
8997  26.335  17.241  24.276 0.0000000000
8987  26.075  17.271  25.017 0.0000000000
8974  25.904  17.190  25.242 0.0000000000
8986  26.199  17.218  24.771 0.0000000000
9990  25.669  17.202  25.532 0.0000000000
9981  25.590  17.329  25.815 0.0000000000
8963  25.502  16.987  25.735 0.0000000000
8955  25.325  16.957  25.840 0.0000000000
9969  25.537  17.608  25.948 0.0000000000
8950  25.322  17.142  26.563 0.0000000000
8946  25.248  17.102  27.118 0.0000000000
8204  27.536  16.544  21.819 0.0000000000
8194  27.316  16.759  22.276 0.0000000000
8214  27.614  16.824  21.562 0.0000000000
8183  27.243  16.899  22.698 0.0000000000
8167  27.199  16.933  23.004 0.0000000000
9022  27.131  17.024  23.135 0.0000000000
8168  27.009  16.803  23.245 0.0000000000
8151  26.687  16.893  23.687 0.0000000000
8152  26.416  16.949  24.040 0.0000000000
8138  26.155  16.809  24.465 0.0000000000
8973  26.118  17.106  25.080 0.0000000000
8127  26.120  16.900  25.016 0.0000000000
8117  26.051  16.997  25.204 0.0000000000
8118  25.840  16.913  25.249 0.0000000000
8975  25.669  16.995  25.449 0.0000000000
8113  25.169  16.801  25.981 0.0000000000
8119  25.377  16.775  25.451 0.0000000000
8109  25.128  16.810  26.444 0.0000000000
8105  25.129  16.850  26.878 0.0000000000
7418  27.298  16.302  22.224 0.0000000000
7400  27.216  16.481  22.641 0.0000000000
8184  27.155  16.709  22.925 0.0000000000
7383  26.728  16.489  23.511 0.0000000000
7401  27.236  16.520  22.966 0.0000000000
7371  26.362  16.617  23.912 0.0000000000
7370  26.606  16.695  23.725 0.0000000000
7365  26.188  16.640  24.199 0.0000000000
7366  26.041  16.509  24.221 0.0000000000
8139  25.701  16.645  24.551 0.0000000000
8128  25.786  16.766  25.000 0.0000000000
8129  25.301  16.658  24.955 0.0000000000
8114  24.940  16.618  25.927 0.0000000000
8120  24.828  16.634  25.291 0.0000000000
8110  24.779  16.695  26.299 0.0000000000
8111  24.369  16.688  26.112 0.0000000000
8115  24.362  16.684  25.607 0.0000000000
8107  24.371  16.706  26.595 0.0000000000
8108  23.980  16.801  26.375 0.0000000000
8112  23.975  16.800  25.896 0.0000000000
8106  24.795  16.728  26.773 0.0000000000
8104  23.964  16.829  26.834 0.0000000000
8951  23.781  17.151  26.583 0.0000000000
8956  23.778  16.887  25.992 0.0000000000
8103  24.410  16.760  27.105 0.0000000000
8102  24.903  16.838  27.218 0.0000000000
8101  25.121  16.885  27.082 0.0000000000
6734  27.163  16.075  22.543 0.0000000000
6750  27.175  15.935  22.110 0.0000000000
7430  27.348  16.094  21.889 0.0000000000
6722  26.846  16.076  22.769 0.0000000000
6719  26.600  16.110  23.092 0.0000000000
6721  27.055  16.262  22.737 0.0000000000
7384  26.266  16.304  23.330 0.0000000000
7372  25.963  16.353  23.798 0.0000000000
7367  25.617  16.409  24.145 0.0000000000
6735  26.838  15.854  22.418 0.0000000000
6723  26.331  15.931  22.716 0.0000000000
6720  26.310  16.103  22.997 0.0000000000
7402  25.892  16.113  22.948 0.0000000000
6736  26.428  15.834  22.226 0.0000000000
6724  25.988  15.889  22.370 0.0000000000
7403  25.702  16.211  22.684 0.0000000000
6737  26.080  15.884  22.212 0.0000000000
7419  25.645  16.079  22.098 0.0000000000
6751  26.909  15.784  21.942 0.0000000000
6752  26.458  15.769  21.807 0.0000000000
6753  26.087  15.755  21.607 0.0000000000
7431  25.699  15.892  21.585 0.0000000000
7373  25.514  16.348  23.702 0.0000000000
8140  25.239  16.529  24.460 0.0000000000
7368  25.184  16.374  24.046 0.0000000000
7374  25.070  16.415  23.729 0.0000000000
8141  24.854  16.474  24.314 0.0000000000
7369  24.911  16.365  23.987 0.0000000000
7375  25.008  16.235  23.602 0.0000000000
8142  24.423  16.474  24.045 0.0000000000
7385  25.850  16.346  23.234 0.0000000000
7386  25.358  16.346  23.201 0.0000000000
7387  25.043  16.366  23.024 0.0000000000
8154  24.407  16.674  23.523 0.0000000000
7388  24.970  16.631  23.155 0.0000000000
7404  25.052  16.441  22.750 0.0000000000
7405  24.891  16.509  22.922 0.0000000000
8169  24.662  16.908  23.134 0.0000000000
8186  24.773  16.785  22.849 0.0000000000
8170  24.525  16.833  23.347 0.0000000000
7420  25.109  16.379  22.249 0.0000000000
8185  24.892  16.648  22.620 0.0000000000
8195  24.975  16.581  22.502 0.0000000000
7432  25.292  16.199  21.705 0.0000000000
7433  24.868  16.469  21.768 0.0000000000
7421  24.798  16.659  21.790 0.0000000000
8196  24.787  16.829  22.388 0.0000000000
8116  23.979  16.864  25.399 0.0000000000
8964  23.779  17.160  25.673 0.0000000000
8121  24.319  16.786  25.052 0.0000000000
8122  23.982  17.068  25.039 0.0000000000
8977  23.885  17.220  25.180 0.0000000000
8130  24.827  16.620  24.783 0.0000000000
8131  24.473  16.737  24.558 0.0000000000
8976  24.109  17.089  24.981 0.0000000000
8988  24.198  16.991  24.746 0.0000000000
8998  24.213  16.997  24.336 0.0000000000
9011  24.268  17.079  23.743 0.0000000000
8153  24.420  16.964  23.481 0.0000000000
9024  24.409  17.119  23.258 0.0000000000
9035  24.455  17.210  22.770 0.0000000000
9970  23.770  17.454  26.340 0.0000000000
9982  23.772  17.536  25.955 0.0000000000
9991  23.783  17.615  25.482 0.0000000000
8989  23.945  17.252  24.710 0.0000000000
9999  23.786  17.639  25.000 0.0000000000
8999  23.920  17.300  24.191 0.0000000000
10008  23.788  17.652  24.516 0.0000000000
9012  23.930  17.364  23.766 0.0000000000
10021  23.785  17.739  24.004 0.0000000000
9010  23.842  17.119  23.672 0.0000000000
9025  24.118  17.419  23.254 0.0000000000
9026  23.818  17.691  23.525 0.0000000000
11001  23.786  18.053  24.794 0.0000000000
11010  23.790  18.059  24.328 0.0000000000
12161  26.773  18.758  20.746 0.0000000000
11123  27.026  18.250  20.584 0.0000000000
12164  26.850  18.693  20.360 0.0000000000
13241  26.763  19.020  20.745 0.0000000000
14371  26.731  19.549  21.187 0.0000000000
13245  26.839  19.015  20.412 0.0000000000
13240  26.958  19.273  20.568 0.0000000000
14370  27.232  19.843  20.873 0.0000000000
