#!ascii label  , from subject  vox2ras=TkReg
124
11260  27.891  18.507  14.887 0.0000000000
11261  27.518  18.441  15.106 0.0000000000
10254  27.600  18.120  14.866 0.0000000000
10274  27.856  17.928  14.576 0.0000000000
11273  28.038  18.254  14.643 0.0000000000
11243  27.555  18.848  15.141 0.0000000000
12286  28.141  19.129  14.973 0.0000000000
11272  28.408  18.423  14.603 0.0000000000
11259  28.246  18.908  14.935 0.0000000000
11244  27.310  18.535  15.370 0.0000000000
10255  27.294  17.960  15.115 0.0000000000
10273  27.801  18.125  14.576 0.0000000000
11282  28.464  18.112  14.314 0.0000000000
11271  29.015  18.430  14.540 0.0000000000
11258  28.753  18.814  14.776 0.0000000000
11281  28.750  18.199  14.324 0.0000000000
10289  28.837  17.946  14.138 0.0000000000
10272  29.202  18.062  14.119 0.0000000000
10290  28.320  17.915  14.228 0.0000000000
12273  27.735  19.092  15.228 0.0000000000
12285  28.469  19.187  14.970 0.0000000000
13337  27.828  19.533  15.297 0.0000000000
13349  28.286  19.609  15.029 0.0000000000
13348  27.988  19.778  14.876 0.0000000000
13347  28.652  19.481  15.100 0.0000000000
13336  28.141  19.841  15.090 0.0000000000
14474  28.386  19.828  15.092 0.0000000000
12284  29.024  19.062  14.907 0.0000000000
13346  29.228  19.353  15.114 0.0000000000
14473  28.804  19.720  15.220 0.0000000000
12283  29.533  18.884  15.036 0.0000000000
13345  29.585  19.058  15.103 0.0000000000
13334  29.640  19.141  15.387 0.0000000000
13335  29.383  19.457  15.551 0.0000000000
14472  29.078  19.744  15.336 0.0000000000
12282  29.717  18.797  15.282 0.0000000000
12271  29.756  18.788  15.724 0.0000000000
12272  29.626  19.146  15.782 0.0000000000
12294  28.898  18.978  14.702 0.0000000000
12293  29.308  18.713  14.846 0.0000000000
11257  29.716  18.465  14.945 0.0000000000
11256  29.773  18.421  15.178 0.0000000000
11242  29.809  18.425  15.533 0.0000000000
12274  27.439  19.052  15.542 0.0000000000
11223  29.795  18.236  16.053 0.0000000000
12256  29.751  18.739  16.098 0.0000000000
12257  29.739  19.007  15.955 0.0000000000
10271  29.392  17.923  14.372 0.0000000000
11270  29.448  18.321  14.721 0.0000000000
10253  29.869  17.940  14.749 0.0000000000
10252  29.886  17.908  14.972 0.0000000000
10236  29.859  17.887  15.565 0.0000000000
11225  27.040  18.615  15.771 0.0000000000
10237  27.023  18.180  15.612 0.0000000000
10217  29.834  17.789  16.121 0.0000000000
10218  29.698  17.873  16.535 0.0000000000
11224  29.655  17.854  16.659 0.0000000000
11204  29.747  18.419  16.426 0.0000000000
9258  28.511  17.738  14.006 0.0000000000
9259  27.959  17.645  14.191 0.0000000000
10291  28.083  17.896  14.342 0.0000000000
9257  29.001  17.663  13.911 0.0000000000
10288  29.190  17.924  14.206 0.0000000000
9256  29.403  17.363  14.060 0.0000000000
9244  27.392  17.558  14.638 0.0000000000
9243  27.747  17.709  14.448 0.0000000000
10275  27.539  17.872  14.774 0.0000000000
9242  29.632  17.424  14.412 0.0000000000
10270  29.669  17.975  14.749 0.0000000000
9241  29.834  17.431  14.820 0.0000000000
9228  26.941  17.520  15.125 0.0000000000
9227  27.182  17.687  14.995 0.0000000000
10256  26.954  17.824  15.431 0.0000000000
9226  29.840  17.466  15.221 0.0000000000
10219  26.917  18.317  15.779 0.0000000000
10220  26.719  18.155  16.006 0.0000000000
10238  26.793  17.880  15.738 0.0000000000
9210  29.809  17.401  15.570 0.0000000000
9191  29.727  17.547  16.183 0.0000000000
10200  29.524  17.664  16.703 0.0000000000
11205  29.408  18.148  16.964 0.0000000000
9174  29.663  17.373  16.318 0.0000000000
10199  29.906  17.679  16.274 0.0000000000
9175  29.320  17.122  16.564 0.0000000000
9156  29.212  17.324  16.944 0.0000000000
10182  29.188  17.672  17.264 0.0000000000
11185  29.288  18.186  17.162 0.0000000000
9273  28.653  17.430  13.701 0.0000000000
9274  28.225  17.420  13.778 0.0000000000
8388  29.616  17.062  14.179 0.0000000000
8387  29.775  17.001  14.514 0.0000000000
8371  29.928  16.902  14.836 0.0000000000
8356  29.802  17.089  15.434 0.0000000000
9211  29.687  17.144  15.728 0.0000000000
9192  29.411  17.100  16.020 0.0000000000
8321  29.107  16.908  16.684 0.0000000000
9176  29.068  17.017  16.972 0.0000000000
8339  29.147  16.717  16.307 0.0000000000
9157  28.960  17.172  17.252 0.0000000000
8372  29.730  16.787  15.287 0.0000000000
8357  29.478  16.795  15.678 0.0000000000
9193  26.601  17.663  15.968 0.0000000000
9212  26.718  17.547  15.585 0.0000000000
9213  26.413  17.248  15.844 0.0000000000
8358  26.598  17.140  15.398 0.0000000000
9194  26.200  17.181  16.261 0.0000000000
10221  26.549  17.885  15.989 0.0000000000
9177  26.244  17.646  16.507 0.0000000000
8323  25.912  17.129  16.769 0.0000000000
8341  26.052  16.887  16.224 0.0000000000
8359  26.277  16.850  15.650 0.0000000000
10202  26.385  17.998  16.544 0.0000000000
9158  26.071  17.700  16.874 0.0000000000
7576  25.679  16.501  16.245 0.0000000000
7575  25.940  16.733  16.157 0.0000000000
8342  25.792  16.731  16.377 0.0000000000
7591  25.972  16.633  15.916 0.0000000000
8324  25.642  16.800  16.681 0.0000000000
7557  25.214  16.408  16.695 0.0000000000
7556  25.517  16.557  16.547 0.0000000000
8325  25.326  16.748  16.945 0.0000000000
8304  25.794  17.288  16.947 0.0000000000
8305  25.202  16.944  17.208 0.0000000000
8303  25.860  17.322  17.155 0.0000000000
