#!ascii label  , from subject  vox2ras=TkReg
150
36823  20.577  27.211  27.162 0.0000000000
35062  20.863  26.962  27.188 0.0000000000
36799  20.876  27.367  27.533 0.0000000000
35063  20.532  26.967  26.968 0.0000000000
36824  20.118  27.257  26.979 0.0000000000
36800  20.287  27.556  27.232 0.0000000000
35064  20.131  27.062  26.767 0.0000000000
36825  19.970  27.356  27.057 0.0000000000
36801  20.001  27.614  27.192 0.0000000000
35087  19.947  26.926  26.467 0.0000000000
36849  19.722  27.199  26.465 0.0000000000
38497  19.809  27.928  27.283 0.0000000000
38510  19.626  27.712  27.016 0.0000000000
36826  19.598  27.601  26.793 0.0000000000
36850  19.290  27.413  26.453 0.0000000000
38511  19.224  27.895  26.871 0.0000000000
35114  19.961  26.972  25.956 0.0000000000
36866  19.623  27.063  26.210 0.0000000000
38525  18.943  27.841  26.298 0.0000000000
36867  19.248  27.157  26.026 0.0000000000
36851  18.935  27.503  26.112 0.0000000000
36868  18.978  27.319  26.069 0.0000000000
38526  18.883  27.739  26.511 0.0000000000
35115  19.627  26.892  26.089 0.0000000000
35131  19.297  26.774  25.795 0.0000000000
36884  19.064  27.047  25.804 0.0000000000
38536  18.797  27.483  26.246 0.0000000000
36885  18.836  27.077  25.770 0.0000000000
36869  18.732  27.333  26.026 0.0000000000
36886  18.378  27.280  25.832 0.0000000000
38537  18.369  27.709  26.201 0.0000000000
35132  18.874  26.801  25.630 0.0000000000
35133  18.324  27.114  25.651 0.0000000000
35134  18.065  27.058  25.449 0.0000000000
36887  17.972  27.522  25.769 0.0000000000
38551  18.147  27.619  25.963 0.0000000000
35135  17.830  27.175  25.381 0.0000000000
36888  17.479  27.569  25.527 0.0000000000
36870  17.795  27.789  25.959 0.0000000000
36871  17.780  27.802  25.889 0.0000000000
38552  17.961  27.767  26.010 0.0000000000
35150  17.471  27.070  25.072 0.0000000000
36902  17.050  27.399  25.021 0.0000000000
38539  17.434  27.979  25.887 0.0000000000
38553  16.869  28.058  25.495 0.0000000000
36889  16.952  27.847  25.045 0.0000000000
38496  20.444  27.697  27.552 0.0000000000
38473  20.348  28.095  27.785 0.0000000000
38474  19.969  28.271  27.604 0.0000000000
40120  19.687  28.575  27.524 0.0000000000
38498  19.315  28.161  27.093 0.0000000000
40121  19.026  28.479  26.975 0.0000000000
40136  18.954  28.183  26.930 0.0000000000
38512  18.947  28.030  26.779 0.0000000000
40137  18.770  28.449  26.969 0.0000000000
40148  18.758  28.066  26.715 0.0000000000
38527  18.575  27.900  26.394 0.0000000000
40149  18.398  28.151  26.596 0.0000000000
40158  18.373  27.951  26.340 0.0000000000
38538  17.778  27.932  26.089 0.0000000000
40159  17.990  28.139  26.307 0.0000000000
40160  17.302  28.429  26.181 0.0000000000
40178  17.165  28.211  25.902 0.0000000000
40138  18.151  28.726  26.851 0.0000000000
40150  17.751  28.624  26.581 0.0000000000
38495  20.893  27.899  27.669 0.0000000000
36774  20.935  27.828  27.901 0.0000000000
38472  20.810  27.948  28.058 0.0000000000
35044  20.973  27.085  27.137 0.0000000000
35043  21.365  26.989  27.311 0.0000000000
36798  21.481  27.238  27.718 0.0000000000
36773  21.176  27.686  28.072 0.0000000000
35042  21.844  26.894  27.319 0.0000000000
36797  22.037  27.207  27.928 0.0000000000
36772  21.751  27.561  28.156 0.0000000000
35041  22.129  27.038  27.206 0.0000000000
36796  22.183  27.322  27.795 0.0000000000
36771  22.251  27.662  28.166 0.0000000000
35040  22.593  27.026  27.283 0.0000000000
36795  22.588  27.325  27.619 0.0000000000
38470  22.410  27.622  27.985 0.0000000000
38494  22.165  27.019  27.857 0.0000000000
35039  22.871  26.976  27.263 0.0000000000
36794  23.178  27.566  27.661 0.0000000000
38493  22.843  27.729  27.984 0.0000000000
36822  23.166  27.448  27.129 0.0000000000
36793  23.393  27.473  27.357 0.0000000000
38492  23.250  27.939  27.938 0.0000000000
36821  23.729  27.565  27.023 0.0000000000
38491  23.860  28.030  27.523 0.0000000000
36756  21.558  27.876  28.346 0.0000000000
36757  21.231  27.917  28.277 0.0000000000
38471  21.017  27.978  28.232 0.0000000000
36755  22.007  28.155  28.424 0.0000000000
36770  22.731  28.052  28.522 0.0000000000
36754  22.360  28.093  28.728 0.0000000000
38469  22.760  27.785  28.134 0.0000000000
38442  22.695  28.029  28.614 0.0000000000
35149  17.879  26.840  25.177 0.0000000000
35148  18.043  26.908  25.244 0.0000000000
33408  18.577  26.643  25.315 0.0000000000
33407  18.896  26.342  25.335 0.0000000000
33406  19.496  26.332  25.629 0.0000000000
35130  19.705  26.663  25.980 0.0000000000
33405  19.982  26.309  25.878 0.0000000000
33381  20.147  26.526  26.007 0.0000000000
35113  19.931  26.917  26.080 0.0000000000
33380  20.448  26.295  26.181 0.0000000000
35086  20.358  26.714  26.544 0.0000000000
33349  20.686  26.419  26.470 0.0000000000
35085  20.976  26.791  26.965 0.0000000000
33348  21.192  26.301  26.723 0.0000000000
35084  20.989  26.763  26.955 0.0000000000
33347  21.333  26.419  26.678 0.0000000000
35061  21.245  26.857  27.127 0.0000000000
33325  21.649  26.618  26.948 0.0000000000
35060  21.730  26.877  27.100 0.0000000000
33324  21.772  26.722  27.002 0.0000000000
33306  22.132  26.863  27.120 0.0000000000
33305  22.203  26.852  26.905 0.0000000000
33304  22.662  26.925  27.091 0.0000000000
35059  23.021  27.067  27.040 0.0000000000
35058  23.016  27.081  27.031 0.0000000000
33419  18.769  26.300  25.182 0.0000000000
33420  18.302  26.446  25.110 0.0000000000
31725  19.101  25.967  25.074 0.0000000000
31724  19.203  26.018  25.164 0.0000000000
31723  19.746  25.863  25.347 0.0000000000
31722  20.374  25.867  25.735 0.0000000000
33404  20.319  26.183  25.988 0.0000000000
31696  20.540  26.043  25.998 0.0000000000
31695  20.783  25.930  25.976 0.0000000000
33379  20.886  26.141  26.237 0.0000000000
31694  21.178  25.854  26.105 0.0000000000
33378  21.219  26.148  26.233 0.0000000000
31693  21.653  25.895  26.206 0.0000000000
33377  21.493  26.162  26.287 0.0000000000
33346  21.760  26.286  26.539 0.0000000000
31667  21.961  26.023  26.273 0.0000000000
33345  21.928  26.231  26.450 0.0000000000
33323  22.285  26.714  26.947 0.0000000000
33322  22.727  26.832  26.937 0.0000000000
31734  18.773  26.080  24.980 0.0000000000
31733  19.159  26.169  24.955 0.0000000000
31735  18.273  26.141  24.793 0.0000000000
33421  17.865  26.505  24.914 0.0000000000
33321  23.016  26.989  26.974 0.0000000000
35057  23.470  27.152  26.889 0.0000000000
38468  23.158  27.953  28.108 0.0000000000
40118  23.507  28.063  27.810 0.0000000000
