#!ascii label  , from subject  vox2ras=TkReg
641
11830  20.228  18.634  35.596 0.0000000000
11826  20.033  18.564  35.999 0.0000000000
10809  20.211  18.144  35.797 0.0000000000
11829  20.397  18.346  35.372 0.0000000000
12908  20.105  18.997  35.782 0.0000000000
11834  20.370  18.687  35.307 0.0000000000
12917  20.320  19.059  35.267 0.0000000000
11833  20.590  18.653  34.999 0.0000000000
12898  19.954  18.967  36.055 0.0000000000
14011  20.003  19.268  35.870 0.0000000000
14022  20.096  19.452  35.616 0.0000000000
12916  20.470  19.116  35.188 0.0000000000
14032  20.132  19.622  35.203 0.0000000000
12925  20.549  19.105  34.821 0.0000000000
12926  20.292  19.348  35.057 0.0000000000
11839  20.744  18.682  34.449 0.0000000000
12935  20.808  19.088  34.174 0.0000000000
14043  20.197  19.638  34.917 0.0000000000
14042  20.460  19.432  34.701 0.0000000000
14052  20.653  19.556  34.315 0.0000000000
11849  20.951  18.683  33.986 0.0000000000
12946  21.046  18.826  33.814 0.0000000000
14061  20.811  19.526  33.832 0.0000000000
11860  20.812  18.456  33.565 0.0000000000
12957  20.883  18.870  33.228 0.0000000000
12945  20.979  19.325  33.406 0.0000000000
11871  21.051  18.495  33.143 0.0000000000
12966  20.978  18.782  32.930 0.0000000000
12956  20.827  19.129  32.983 0.0000000000
11883  21.158  18.591  32.870 0.0000000000
12965  21.067  19.087  32.601 0.0000000000
12899  19.781  19.272  36.216 0.0000000000
14012  19.719  19.761  36.119 0.0000000000
14023  19.831  19.778  35.836 0.0000000000
14000  19.571  19.691  36.526 0.0000000000
15262  19.621  19.941  36.277 0.0000000000
15273  19.612  20.054  36.073 0.0000000000
15283  20.002  19.843  35.470 0.0000000000
15284  19.726  20.123  35.552 0.0000000000
15292  19.861  19.906  35.183 0.0000000000
14033  19.927  19.809  35.007 0.0000000000
14044  19.953  19.901  34.845 0.0000000000
15293  19.716  20.032  35.087 0.0000000000
15302  20.373  19.767  34.600 0.0000000000
15303  20.188  20.056  34.598 0.0000000000
15304  19.947  19.988  34.821 0.0000000000
15311  20.491  19.968  34.308 0.0000000000
15322  20.616  20.087  33.804 0.0000000000
14060  20.845  19.714  33.567 0.0000000000
15321  20.861  19.870  33.790 0.0000000000
15263  19.296  20.099  36.570 0.0000000000
15251  19.144  20.078  37.064 0.0000000000
14001  19.244  19.974  36.972 0.0000000000
15252  18.911  20.262  37.145 0.0000000000
15264  18.930  20.328  36.547 0.0000000000
15274  19.264  20.372  35.993 0.0000000000
15275  18.974  20.547  36.185 0.0000000000
15285  19.405  20.401  35.328 0.0000000000
16651  18.936  20.716  36.223 0.0000000000
16662  19.065  20.728  35.534 0.0000000000
15294  19.296  20.168  35.140 0.0000000000
16673  19.203  20.656  35.166 0.0000000000
16672  19.357  20.641  34.812 0.0000000000
16683  19.694  20.488  34.827 0.0000000000
15312  20.279  20.282  34.130 0.0000000000
16682  19.978  20.264  34.578 0.0000000000
16691  20.072  20.505  34.222 0.0000000000
15323  20.256  20.410  33.913 0.0000000000
16704  19.897  20.706  33.861 0.0000000000
15333  21.000  19.845  33.437 0.0000000000
15334  20.703  20.191  33.012 0.0000000000
16703  20.287  20.467  33.601 0.0000000000
16717  20.506  20.383  33.199 0.0000000000
14069  20.916  19.657  33.168 0.0000000000
14070  20.892  19.901  33.162 0.0000000000
15346  20.799  20.005  32.681 0.0000000000
16730  20.634  20.211  32.878 0.0000000000
14080  20.957  19.924  32.981 0.0000000000
15345  20.965  19.822  32.503 0.0000000000
15360  20.773  19.882  32.168 0.0000000000
15361  20.542  20.227  32.396 0.0000000000
15347  20.586  20.238  32.669 0.0000000000
16731  20.308  20.452  32.694 0.0000000000
15359  20.933  19.655  32.338 0.0000000000
14091  20.964  19.406  32.223 0.0000000000
14092  20.684  19.445  31.814 0.0000000000
15372  20.737  19.994  31.835 0.0000000000
15373  20.527  20.247  32.020 0.0000000000
16743  20.305  20.390  32.238 0.0000000000
14101  20.902  19.554  31.783 0.0000000000
15389  20.883  19.871  31.483 0.0000000000
16755  20.405  20.397  31.793 0.0000000000
16754  20.714  20.158  31.590 0.0000000000
14114  20.978  19.648  31.632 0.0000000000
14113  21.211  19.541  31.443 0.0000000000
15388  21.283  20.024  31.160 0.0000000000
16768  20.857  20.316  31.226 0.0000000000
18131  18.787  20.849  35.516 0.0000000000
18146  18.907  20.845  35.029 0.0000000000
18145  18.912  20.932  34.837 0.0000000000
18160  19.224  20.794  34.521 0.0000000000
16692  19.922  20.690  34.137 0.0000000000
16705  19.960  20.796  34.042 0.0000000000
18174  19.483  20.927  33.941 0.0000000000
16718  20.177  20.665  32.928 0.0000000000
16719  19.651  20.762  33.307 0.0000000000
18188  19.396  20.821  33.747 0.0000000000
16732  19.850  20.716  32.770 0.0000000000
18199  19.040  20.710  33.323 0.0000000000
16733  19.474  20.741  32.866 0.0000000000
16720  18.975  20.728  32.851 0.0000000000
16721  18.858  20.711  33.074 0.0000000000
16706  18.938  20.723  33.275 0.0000000000
18200  19.052  20.729  33.188 0.0000000000
16734  19.109  20.725  32.783 0.0000000000
16707  18.700  20.718  33.560 0.0000000000
16722  18.363  20.493  33.303 0.0000000000
16735  18.560  20.581  32.875 0.0000000000
15335  18.162  20.037  33.195 0.0000000000
15324  18.024  20.213  33.551 0.0000000000
16708  18.237  20.523  33.707 0.0000000000
16744  20.042  20.667  32.296 0.0000000000
16745  19.539  20.742  32.400 0.0000000000
16746  18.967  20.688  32.358 0.0000000000
15348  18.291  20.114  32.692 0.0000000000
16747  18.469  20.467  32.357 0.0000000000
16756  20.165  20.717  31.990 0.0000000000
16757  19.389  20.735  31.839 0.0000000000
16758  18.793  20.588  31.840 0.0000000000
15362  18.313  20.111  32.309 0.0000000000
16759  18.422  20.305  32.101 0.0000000000
16769  20.346  20.648  31.298 0.0000000000
16770  19.810  20.728  31.293 0.0000000000
16771  19.312  20.712  31.268 0.0000000000
15374  18.749  20.408  31.577 0.0000000000
15375  18.358  20.087  31.934 0.0000000000
16772  19.048  20.741  31.244 0.0000000000
16767  21.221  20.270  31.016 0.0000000000
16782  21.345  20.395  30.673 0.0000000000
16783  20.762  20.618  30.751 0.0000000000
16784  20.221  20.708  30.763 0.0000000000
16785  19.702  20.712  30.732 0.0000000000
16786  19.197  20.503  30.681 0.0000000000
15390  18.795  20.451  31.137 0.0000000000
16787  19.022  20.590  30.956 0.0000000000
15405  21.447  20.187  30.909 0.0000000000
15404  21.755  20.155  30.661 0.0000000000
16781  21.759  20.327  30.426 0.0000000000
16798  21.760  20.577  30.151 0.0000000000
16799  21.184  20.668  30.210 0.0000000000
16800  20.661  20.712  30.277 0.0000000000
16801  20.147  20.737  30.256 0.0000000000
16802  19.613  20.683  30.199 0.0000000000
15406  19.009  20.301  30.566 0.0000000000
15407  18.867  20.284  30.664 0.0000000000
15422  18.974  20.253  30.361 0.0000000000
16803  19.218  20.394  30.125 0.0000000000
15421  21.993  20.281  30.318 0.0000000000
16797  22.122  20.481  30.012 0.0000000000
16818  21.918  21.012  29.493 0.0000000000
16819  21.548  20.887  29.658 0.0000000000
16820  21.043  20.759  29.799 0.0000000000
16821  20.648  20.772  29.906 0.0000000000
16822  19.802  20.884  29.707 0.0000000000
16823  19.496  20.663  29.757 0.0000000000
15439  18.915  20.187  29.988 0.0000000000
16824  19.173  20.357  29.795 0.0000000000
15438  22.309  20.495  29.768 0.0000000000
16817  22.342  20.682  29.456 0.0000000000
16836  22.090  20.994  29.131 0.0000000000
16837  21.825  20.935  29.360 0.0000000000
18253  21.353  20.968  29.486 0.0000000000
18252  21.487  21.074  29.472 0.0000000000
18265  21.582  21.135  29.222 0.0000000000
16839  21.042  20.704  29.858 0.0000000000
16838  21.162  20.494  29.688 0.0000000000
18266  21.110  20.919  29.357 0.0000000000
18255  20.542  20.829  29.709 0.0000000000
18254  20.917  20.792  30.015 0.0000000000
18267  20.758  20.830  29.557 0.0000000000
16841  19.766  20.713  29.292 0.0000000000
16840  19.957  20.832  28.965 0.0000000000
18268  20.373  20.886  29.422 0.0000000000
16842  19.370  20.528  29.381 0.0000000000
15449  19.029  20.246  29.551 0.0000000000
16835  22.505  20.723  29.120 0.0000000000
16855  22.319  20.966  28.852 0.0000000000
18264  21.876  21.197  28.915 0.0000000000
18280  22.135  21.192  28.626 0.0000000000
16857  19.902  20.654  28.902 0.0000000000
16856  20.192  20.756  28.739 0.0000000000
18284  20.429  20.984  29.077 0.0000000000
16858  19.603  20.591  28.997 0.0000000000
15462  19.280  20.283  28.933 0.0000000000
16854  22.677  20.874  28.617 0.0000000000
15460  20.009  20.528  28.739 0.0000000000
15471  20.100  20.409  28.486 0.0000000000
16868  20.337  20.806  28.323 0.0000000000
18300  20.512  21.069  28.645 0.0000000000
15461  19.769  20.413  28.716 0.0000000000
15486  20.151  20.392  27.908 0.0000000000
16884  20.572  20.909  27.966 0.0000000000
18320  20.648  21.070  28.279 0.0000000000
16900  20.482  20.705  27.527 0.0000000000
16883  20.827  20.989  27.720 0.0000000000
18319  20.934  21.159  28.032 0.0000000000
15499  20.175  20.170  27.320 0.0000000000
16899  20.891  20.850  27.290 0.0000000000
15498  20.580  20.439  27.126 0.0000000000
18119  18.720  20.834  35.795 0.0000000000
18132  18.448  20.925  35.576 0.0000000000
18147  18.491  20.889  35.123 0.0000000000
18161  18.943  20.857  34.514 0.0000000000
18162  18.589  20.860  34.665 0.0000000000
18148  18.093  20.869  35.199 0.0000000000
18163  18.134  20.808  34.863 0.0000000000
18175  19.110  20.901  34.008 0.0000000000
18176  18.778  20.795  34.116 0.0000000000
18177  18.193  20.762  34.421 0.0000000000
18164  17.895  20.779  34.968 0.0000000000
18178  17.931  20.738  34.665 0.0000000000
18189  18.759  20.802  33.683 0.0000000000
16693  18.611  20.726  33.926 0.0000000000
16694  18.135  20.651  34.019 0.0000000000
18190  18.858  20.804  33.896 0.0000000000
16695  17.795  20.487  34.213 0.0000000000
16684  17.703  20.619  34.686 0.0000000000
18281  21.642  21.244  28.689 0.0000000000
18282  21.218  21.219  28.855 0.0000000000
18283  20.807  21.137  29.020 0.0000000000
18279  22.421  21.179  28.389 0.0000000000
18296  22.163  21.241  28.124 0.0000000000
18297  21.733  21.269  28.214 0.0000000000
18298  21.292  21.252  28.348 0.0000000000
18299  20.896  21.201  28.513 0.0000000000
18295  22.558  21.144  28.107 0.0000000000
18316  22.247  21.153  27.741 0.0000000000
18317  21.812  21.146  27.672 0.0000000000
18318  21.337  21.229  27.846 0.0000000000
16881  22.132  20.963  27.454 0.0000000000
16882  22.036  21.135  27.653 0.0000000000
18338  22.342  21.028  27.447 0.0000000000
18315  22.657  21.030  27.696 0.0000000000
16897  21.988  21.051  27.262 0.0000000000
18339  21.698  21.112  27.134 0.0000000000
18340  21.328  21.073  27.274 0.0000000000
18341  21.018  21.077  27.636 0.0000000000
16896  22.280  20.975  27.143 0.0000000000
18337  22.523  21.009  27.350 0.0000000000
16916  21.927  21.012  26.794 0.0000000000
18358  21.626  21.047  26.911 0.0000000000
18359  21.502  21.045  27.007 0.0000000000
16898  21.140  20.868  27.022 0.0000000000
16917  21.406  20.898  26.781 0.0000000000
16895  22.756  20.890  27.282 0.0000000000
16867  22.842  20.874  28.072 0.0000000000
16880  22.935  21.219  27.828 0.0000000000
16918  20.914  20.672  26.802 0.0000000000
16936  21.710  20.822  26.265 0.0000000000
16937  21.134  20.570  26.269 0.0000000000
16915  22.443  20.862  26.761 0.0000000000
16935  22.223  20.855  26.311 0.0000000000
16866  23.168  20.653  28.065 0.0000000000
16879  23.067  20.784  27.654 0.0000000000
16853  23.068  20.650  28.417 0.0000000000
15458  23.262  20.206  28.421 0.0000000000
15470  23.310  20.115  28.008 0.0000000000
16865  23.281  20.520  27.878 0.0000000000
15448  22.761  20.310  29.016 0.0000000000
15459  23.003  20.294  28.735 0.0000000000
15437  22.613  20.302  29.589 0.0000000000
15420  22.296  20.217  30.079 0.0000000000
16709  17.949  20.338  33.841 0.0000000000
15313  17.623  19.975  34.228 0.0000000000
16696  17.545  20.326  34.468 0.0000000000
15325  17.828  19.997  33.688 0.0000000000
14197  20.119  19.628  27.481 0.0000000000
15500  19.932  20.077  27.556 0.0000000000
14211  20.279  19.646  26.927 0.0000000000
15510  20.327  20.077  26.940 0.0000000000
15509  20.627  20.314  26.742 0.0000000000
15472  19.641  20.081  28.244 0.0000000000
15487  19.813  20.033  27.804 0.0000000000
14173  19.588  19.790  28.020 0.0000000000
14174  19.300  19.554  28.161 0.0000000000
15473  19.179  19.951  28.613 0.0000000000
14185  19.669  19.579  27.817 0.0000000000
15450  18.885  20.071  29.321 0.0000000000
15463  18.959  19.947  28.895 0.0000000000
14162  22.897  19.945  28.944 0.0000000000
14161  23.210  19.793  28.813 0.0000000000
14172  23.471  19.577  28.283 0.0000000000
14153  18.754  19.620  29.096 0.0000000000
14144  18.567  19.500  29.540 0.0000000000
15440  18.784  20.032  29.864 0.0000000000
14152  22.821  19.936  29.280 0.0000000000
14134  18.631  19.681  30.072 0.0000000000
15423  18.742  20.082  30.241 0.0000000000
15419  22.588  19.831  30.091 0.0000000000
14143  22.801  19.824  29.727 0.0000000000
14125  18.586  19.764  30.558 0.0000000000
15403  22.118  19.959  30.554 0.0000000000
15402  22.405  19.938  30.232 0.0000000000
14133  22.896  19.699  29.892 0.0000000000
14115  18.690  20.039  30.952 0.0000000000
15387  21.689  19.939  30.931 0.0000000000
15386  21.982  20.163  30.696 0.0000000000
14111  21.901  19.598  31.025 0.0000000000
14124  22.159  19.617  30.753 0.0000000000
14123  22.494  19.528  30.499 0.0000000000
14102  18.704  20.019  31.491 0.0000000000
14112  21.831  19.660  30.935 0.0000000000
14103  18.351  19.637  31.871 0.0000000000
14093  18.206  19.681  32.467 0.0000000000
14079  21.059  19.549  32.691 0.0000000000
14081  18.174  19.786  32.992 0.0000000000
14071  18.052  19.803  33.203 0.0000000000
15336  17.954  19.841  33.329 0.0000000000
14062  17.675  19.498  33.953 0.0000000000
14072  17.876  19.562  33.353 0.0000000000
15237  19.100  20.030  37.397 0.0000000000
13991  19.204  19.787  37.237 0.0000000000
13097  20.076  19.042  26.786 0.0000000000
13085  20.023  19.227  27.071 0.0000000000
14210  20.459  19.612  26.716 0.0000000000
13096  20.485  19.377  26.630 0.0000000000
14223  20.532  19.779  26.549 0.0000000000
14224  20.344  19.901  26.784 0.0000000000
13072  19.967  19.228  27.334 0.0000000000
14184  19.951  19.347  27.616 0.0000000000
14198  19.876  19.848  27.644 0.0000000000
13073  19.725  19.113  27.609 0.0000000000
13074  19.404  19.019  27.888 0.0000000000
14186  19.395  19.369  27.939 0.0000000000
13059  19.202  19.038  28.298 0.0000000000
13060  19.098  19.288  28.554 0.0000000000
14175  19.037  19.711  28.637 0.0000000000
14151  23.036  19.732  29.109 0.0000000000
13045  23.290  19.510  29.051 0.0000000000
14160  23.596  19.262  28.761 0.0000000000
14154  18.724  19.265  29.186 0.0000000000
14164  18.690  19.104  28.963 0.0000000000
14163  18.854  19.412  28.806 0.0000000000
14142  23.081  19.638  29.522 0.0000000000
13035  23.312  19.374  29.320 0.0000000000
13026  18.753  19.004  29.880 0.0000000000
13027  18.745  19.014  29.525 0.0000000000
14145  18.713  19.150  29.388 0.0000000000
14132  23.018  19.394  29.943 0.0000000000
13025  23.250  19.253  29.733 0.0000000000
13018  18.696  19.278  30.283 0.0000000000
13017  23.018  19.284  30.092 0.0000000000
13016  23.170  19.051  30.099 0.0000000000
13008  18.694  19.145  30.649 0.0000000000
13009  18.456  19.397  30.927 0.0000000000
14126  18.587  19.739  30.913 0.0000000000
14110  22.189  19.408  30.844 0.0000000000
12995  22.436  19.140  30.843 0.0000000000
13007  22.865  19.123  30.411 0.0000000000
14116  18.458  19.637  31.293 0.0000000000
14100  21.022  19.500  31.691 0.0000000000
12985  21.098  19.271  31.737 0.0000000000
12998  21.012  19.008  31.145 0.0000000000
12997  21.462  18.955  31.105 0.0000000000
12996  22.014  19.167  31.111 0.0000000000
12988  18.556  19.234  31.719 0.0000000000
12978  18.339  19.093  32.297 0.0000000000
12976  20.897  19.338  31.920 0.0000000000
12986  21.040  19.298  31.883 0.0000000000
14094  18.113  19.206  32.705 0.0000000000
14082  18.033  19.387  32.956 0.0000000000
12975  21.097  19.153  32.020 0.0000000000
13990  19.241  19.560  37.133 0.0000000000
12891  19.618  19.063  36.572 0.0000000000
13982  19.039  19.708  37.649 0.0000000000
12886  19.217  19.250  37.344 0.0000000000
12885  19.362  19.189  36.987 0.0000000000
13086  19.914  19.085  26.981 0.0000000000
13098  19.885  18.876  26.870 0.0000000000
11992  19.566  18.436  27.660 0.0000000000
11983  19.275  18.510  28.217 0.0000000000
11991  19.689  18.712  27.506 0.0000000000
13047  18.954  18.815  28.859 0.0000000000
11974  19.277  18.469  28.656 0.0000000000
13046  19.098  19.052  28.626 0.0000000000
11975  19.019  18.385  28.987 0.0000000000
11965  18.940  18.299  29.308 0.0000000000
13036  18.810  18.667  29.455 0.0000000000
13037  18.776  18.945  29.223 0.0000000000
13048  18.740  18.862  28.968 0.0000000000
13044  23.679  18.987  29.005 0.0000000000
11958  18.852  18.294  29.852 0.0000000000
13034  23.540  18.981  29.541 0.0000000000
11951  18.781  18.641  30.324 0.0000000000
13024  23.337  18.870  30.173 0.0000000000
11942  18.595  19.101  31.039 0.0000000000
13000  18.623  19.130  31.241 0.0000000000
11941  18.735  18.662  30.820 0.0000000000
11932  18.708  19.009  31.174 0.0000000000
12999  18.804  19.030  31.034 0.0000000000
12987  18.725  18.952  31.539 0.0000000000
11931  18.684  18.648  31.231 0.0000000000
11930  21.298  19.061  31.495 0.0000000000
11929  21.789  18.676  31.299 0.0000000000
11928  22.233  18.915  31.084 0.0000000000
11927  22.736  18.803  31.014 0.0000000000
12994  22.900  18.889  30.680 0.0000000000
12977  18.736  18.978  32.045 0.0000000000
11915  21.351  18.792  31.719 0.0000000000
11898  21.436  18.605  32.098 0.0000000000
11882  21.399  18.396  32.538 0.0000000000
12890  19.902  18.939  36.132 0.0000000000
11821  19.780  18.544  36.348 0.0000000000
11817  19.278  19.039  37.051 0.0000000000
11822  19.420  18.619  36.799 0.0000000000
12882  18.968  19.262  37.809 0.0000000000
11813  18.969  18.938  37.849 0.0000000000
11818  19.222  18.659  36.911 0.0000000000
10948  19.549  18.069  27.836 0.0000000000
10960  19.687  18.070  27.245 0.0000000000
12000  19.693  18.408  27.383 0.0000000000
11999  19.910  18.442  26.877 0.0000000000
10938  19.663  18.047  28.373 0.0000000000
10928  19.150  18.008  29.120 0.0000000000
10927  19.509  18.029  28.793 0.0000000000
10916  18.914  17.984  29.563 0.0000000000
10908  18.822  17.945  29.925 0.0000000000
10899  18.745  17.894  30.111 0.0000000000
10889  18.637  18.178  30.613 0.0000000000
10879  18.459  18.089  30.831 0.0000000000
11914  21.828  18.317  31.675 0.0000000000
10863  21.980  18.280  31.447 0.0000000000
10878  21.985  18.335  31.356 0.0000000000
10877  22.157  18.458  31.254 0.0000000000
10876  22.601  18.533  31.202 0.0000000000
10875  23.196  18.647  31.117 0.0000000000
11926  23.146  18.730  30.838 0.0000000000
11913  22.203  18.122  31.803 0.0000000000
10862  22.083  18.043  31.375 0.0000000000
11897  21.857  18.175  32.133 0.0000000000
11912  22.727  18.106  31.945 0.0000000000
10861  22.440  18.192  31.486 0.0000000000
11896  22.391  18.079  32.070 0.0000000000
11911  23.052  18.101  32.237 0.0000000000
10860  22.919  18.237  31.510 0.0000000000
11895  22.834  18.187  32.159 0.0000000000
11881  21.641  18.138  32.448 0.0000000000
10851  22.082  17.931  32.179 0.0000000000
10850  22.107  17.919  32.284 0.0000000000
10849  22.608  17.926  32.313 0.0000000000
10848  23.026  18.157  32.553 0.0000000000
11894  23.297  18.309  32.273 0.0000000000
11870  20.960  18.284  33.126 0.0000000000
10843  21.443  18.141  32.729 0.0000000000
10842  21.792  17.902  32.659 0.0000000000
10835  20.949  18.047  33.258 0.0000000000
10834  21.388  17.960  33.034 0.0000000000
11859  20.885  18.172  33.771 0.0000000000
10829  20.819  18.039  33.611 0.0000000000
11848  20.966  18.278  33.914 0.0000000000
10828  20.943  18.021  33.835 0.0000000000
10824  20.962  18.238  34.024 0.0000000000
10823  20.991  18.001  34.128 0.0000000000
10819  20.783  18.194  34.563 0.0000000000
10813  20.657  18.068  35.048 0.0000000000
10808  20.351  18.185  35.426 0.0000000000
10806  20.030  18.133  36.187 0.0000000000
10802  19.621  18.161  36.822 0.0000000000
10803  19.182  18.289  37.024 0.0000000000
11823  19.016  18.829  36.981 0.0000000000
10801  19.956  17.982  36.427 0.0000000000
10794  19.084  18.296  37.703 0.0000000000
10799  19.457  18.050  36.953 0.0000000000
9942  19.361  17.885  28.004 0.0000000000
9950  19.347  17.836  27.508 0.0000000000
9935  19.323  17.682  28.288 0.0000000000
9934  19.641  17.904  28.557 0.0000000000
10937  19.809  18.136  28.827 0.0000000000
9924  19.573  17.936  28.714 0.0000000000
10926  19.861  18.069  28.829 0.0000000000
9926  18.861  17.648  28.939 0.0000000000
9916  18.732  17.767  29.288 0.0000000000
9925  19.221  17.670  28.732 0.0000000000
9907  18.625  17.785  29.686 0.0000000000
9898  18.593  17.802  29.987 0.0000000000
10859  23.233  18.282  31.461 0.0000000000
10874  23.214  18.431  31.226 0.0000000000
10841  21.768  17.790  32.425 0.0000000000
9889  22.203  17.792  32.454 0.0000000000
9888  22.332  17.833  32.331 0.0000000000
9885  22.464  17.733  32.570 0.0000000000
10840  23.151  17.924  32.869 0.0000000000
10839  23.114  18.138  33.032 0.0000000000
10847  23.496  18.264  32.746 0.0000000000
10833  21.687  17.791  32.960 0.0000000000
9887  21.914  17.696  32.953 0.0000000000
9886  22.137  17.716  32.777 0.0000000000
9880  22.475  17.710  33.027 0.0000000000
10832  22.799  17.876  33.271 0.0000000000
10831  23.140  18.092  33.503 0.0000000000
10838  23.562  18.272  33.264 0.0000000000
9884  20.905  17.848  33.526 0.0000000000
9883  21.203  17.782  33.392 0.0000000000
9882  21.667  17.721  33.229 0.0000000000
9875  22.366  17.655  33.553 0.0000000000
10827  22.828  17.806  33.749 0.0000000000
10826  23.210  17.972  33.919 0.0000000000
10830  23.572  18.227  33.727 0.0000000000
9879  20.898  17.923  33.689 0.0000000000
9878  21.046  17.852  33.811 0.0000000000
9871  22.536  17.640  34.151 0.0000000000
10822  22.946  17.777  34.102 0.0000000000
10821  23.257  17.909  34.292 0.0000000000
10825  23.591  18.155  34.122 0.0000000000
10818  20.912  17.988  34.413 0.0000000000
9869  21.094  17.809  34.422 0.0000000000
9874  21.031  17.934  33.954 0.0000000000
10817  22.936  17.741  34.396 0.0000000000
10816  23.271  17.848  34.736 0.0000000000
10820  23.610  18.111  34.509 0.0000000000
9864  20.869  17.858  34.777 0.0000000000
9870  20.880  17.955  34.539 0.0000000000
9866  22.689  17.626  34.761 0.0000000000
9865  23.101  17.706  35.113 0.0000000000
10812  23.483  17.877  35.159 0.0000000000
10815  23.763  18.128  34.938 0.0000000000
9856  20.806  17.695  35.293 0.0000000000
9859  23.314  17.714  35.554 0.0000000000
10811  23.858  18.127  35.441 0.0000000000
9851  20.224  17.786  36.073 0.0000000000
9857  20.410  17.800  35.703 0.0000000000
9845  20.066  17.763  36.586 0.0000000000
10798  19.650  17.959  36.908 0.0000000000
9840  19.704  17.874  37.074 0.0000000000
9846  19.833  17.941  36.716 0.0000000000
9834  19.303  17.914  37.541 0.0000000000
9841  19.501  17.993  37.168 0.0000000000
9835  19.032  18.007  37.756 0.0000000000
10795  18.932  18.055  37.846 0.0000000000
10793  19.147  18.555  37.907 0.0000000000
10789  18.958  18.524  37.956 0.0000000000
10790  18.838  18.204  38.012 0.0000000000
9943  18.998  17.671  27.836 0.0000000000
8937  19.003  17.392  28.059 0.0000000000
8930  18.896  17.333  28.239 0.0000000000
9936  18.909  17.491  28.054 0.0000000000
8931  18.871  17.385  28.633 0.0000000000
8932  18.702  17.498  28.799 0.0000000000
9927  18.427  17.631  28.860 0.0000000000
9881  22.082  17.669  33.170 0.0000000000
9877  21.504  17.670  33.670 0.0000000000
9876  21.907  17.625  33.520 0.0000000000
9873  21.351  17.697  34.086 0.0000000000
9872  21.900  17.541  33.998 0.0000000000
9868  21.546  17.538  34.470 0.0000000000
9867  22.102  17.478  34.547 0.0000000000
9863  21.221  17.598  34.895 0.0000000000
9862  21.822  17.372  35.052 0.0000000000
9861  22.199  17.430  35.070 0.0000000000
9860  22.729  17.455  35.376 0.0000000000
9855  21.135  17.444  35.272 0.0000000000
8921  21.403  17.392  35.179 0.0000000000
8920  21.749  17.299  35.331 0.0000000000
8919  22.200  17.268  35.541 0.0000000000
8918  22.543  17.298  35.792 0.0000000000
9854  22.869  17.538  35.899 0.0000000000
9853  23.276  17.735  36.079 0.0000000000
9858  23.646  17.868  35.842 0.0000000000
8911  20.449  17.314  35.925 0.0000000000
8917  20.700  17.472  35.691 0.0000000000
8916  20.974  17.368  35.598 0.0000000000
8915  21.258  17.257  35.607 0.0000000000
8912  22.565  17.361  36.172 0.0000000000
9849  22.810  17.593  36.415 0.0000000000
9848  23.289  17.898  36.560 0.0000000000
9852  23.611  17.922  36.159 0.0000000000
8905  20.376  17.370  36.328 0.0000000000
8906  22.558  17.447  36.396 0.0000000000
9850  22.545  17.494  36.517 0.0000000000
9843  22.883  17.692  36.942 0.0000000000
9844  22.530  17.497  36.770 0.0000000000
9839  20.060  17.576  37.197 0.0000000000
8900  20.379  17.336  36.813 0.0000000000
8901  22.173  17.285  37.023 0.0000000000
9838  22.504  17.525  37.247 0.0000000000
8907  22.268  17.350  36.493 0.0000000000
9833  19.688  17.665  37.628 0.0000000000
9832  20.036  17.421  37.727 0.0000000000
8895  20.403  17.296  37.380 0.0000000000
9829  18.976  17.890  37.918 0.0000000000
9828  19.306  17.729  38.052 0.0000000000
9827  19.736  17.474  38.154 0.0000000000
9826  20.019  17.338  38.013 0.0000000000
8889  20.328  17.264  38.023 0.0000000000
9824  18.898  17.834  38.392 0.0000000000
9823  19.317  17.594  38.591 0.0000000000
9822  19.618  17.442  38.484 0.0000000000
8883  19.884  17.292  38.527 0.0000000000
8890  20.154  17.261  38.027 0.0000000000
8884  19.542  17.411  38.642 0.0000000000
8938  18.875  17.397  28.300 0.0000000000
8939  18.626  17.356  28.587 0.0000000000
8914  21.718  17.230  35.798 0.0000000000
8913  22.178  17.259  35.998 0.0000000000
8098  20.704  16.807  35.782 0.0000000000
8097  20.944  17.013  35.767 0.0000000000
8096  21.078  16.978  35.852 0.0000000000
8909  21.182  16.998  36.082 0.0000000000
8908  21.731  17.240  36.294 0.0000000000
8910  20.642  16.971  36.174 0.0000000000
8095  20.634  16.910  35.894 0.0000000000
8094  20.920  16.859  35.946 0.0000000000
8904  20.783  17.209  36.485 0.0000000000
8093  21.061  16.897  35.941 0.0000000000
8903  21.270  17.218  36.635 0.0000000000
8902  21.772  17.238  36.833 0.0000000000
8899  20.847  17.243  37.009 0.0000000000
8898  21.333  17.211  37.200 0.0000000000
8897  21.824  17.003  37.385 0.0000000000
8896  22.264  17.123  37.559 0.0000000000
8894  20.870  17.221  37.588 0.0000000000
8893  21.403  17.139  37.767 0.0000000000
8892  21.784  16.891  37.859 0.0000000000
8092  22.051  16.837  37.703 0.0000000000
8888  20.949  17.140  38.183 0.0000000000
8887  21.514  16.884  38.267 0.0000000000
8882  20.493  17.148  38.628 0.0000000000
8881  21.047  16.880  38.729 0.0000000000
8876  19.408  17.357  38.947 0.0000000000
8875  20.018  17.069  39.187 0.0000000000
8874  20.668  16.935  39.027 0.0000000000
9937  18.583  17.526  28.220 0.0000000000
9938  17.992  17.753  28.335 0.0000000000
9944  18.383  17.727  27.727 0.0000000000
9951  18.903  17.672  27.273 0.0000000000
9945  17.782  17.812  27.746 0.0000000000
9952  18.207  17.736  27.192 0.0000000000
15474  19.069  20.235  28.938 0.0000000000
15524  20.429  20.081  26.656 0.0000000000
15523  20.726  20.219  26.308 0.0000000000
16938  20.830  20.455  26.518 0.0000000000
