#!ascii label  , from subject  vox2ras=TkReg
267
27655  -24.109  24.628  27.999 0.0000000000
27654  -23.810  24.589  28.134 0.0000000000
26024  -24.022  24.193  28.105 0.0000000000
26031  -24.298  24.159  27.810 0.0000000000
27664  -24.103  24.878  27.751 0.0000000000
29354  -23.962  25.106  28.143 0.0000000000
29355  -23.978  24.923  28.058 0.0000000000
26042  -24.550  24.393  27.623 0.0000000000
27677  -24.652  24.789  27.530 0.0000000000
29365  -24.418  25.103  27.653 0.0000000000
26043  -24.872  24.365  27.508 0.0000000000
27678  -25.033  24.778  27.285 0.0000000000
29385  -24.635  25.010  27.550 0.0000000000
29386  -24.791  25.202  27.393 0.0000000000
26044  -25.297  24.265  27.368 0.0000000000
27679  -25.532  24.806  27.209 0.0000000000
29387  -25.277  25.250  27.207 0.0000000000
26045  -25.764  24.373  27.264 0.0000000000
27680  -25.972  24.865  27.191 0.0000000000
29388  -25.800  25.315  27.079 0.0000000000
26046  -26.206  24.422  27.234 0.0000000000
27681  -26.354  24.939  27.028 0.0000000000
29389  -26.168  25.211  26.990 0.0000000000
29353  -23.659  24.870  28.186 0.0000000000
29345  -23.872  25.448  28.237 0.0000000000
29344  -23.517  25.160  28.430 0.0000000000
31066  -24.006  25.636  28.279 0.0000000000
31067  -24.169  25.694  28.178 0.0000000000
31085  -24.241  25.456  27.887 0.0000000000
29366  -24.623  25.404  27.569 0.0000000000
31086  -24.510  25.606  27.711 0.0000000000
31109  -24.954  25.856  27.406 0.0000000000
31110  -25.041  25.679  27.333 0.0000000000
31111  -25.457  25.739  27.168 0.0000000000
29410  -26.132  25.510  26.843 0.0000000000
31132  -25.876  25.848  26.920 0.0000000000
29411  -26.547  25.392  26.836 0.0000000000
31133  -26.327  25.887  26.803 0.0000000000
31055  -23.794  25.718  28.564 0.0000000000
31056  -24.137  25.935  28.736 0.0000000000
31057  -24.419  25.926  28.501 0.0000000000
31068  -24.414  25.889  28.304 0.0000000000
32859  -24.415  25.875  28.204 0.0000000000
32881  -24.428  25.833  28.018 0.0000000000
32860  -24.628  26.138  28.292 0.0000000000
32882  -24.758  26.071  27.740 0.0000000000
32907  -24.954  25.948  27.538 0.0000000000
32908  -25.139  26.129  27.426 0.0000000000
32909  -25.601  26.240  27.144 0.0000000000
32927  -26.053  26.399  26.919 0.0000000000
31149  -26.835  25.846  26.778 0.0000000000
32928  -26.553  26.306  26.793 0.0000000000
32846  -24.553  26.310  28.819 0.0000000000
32847  -24.853  26.432  28.627 0.0000000000
32861  -25.007  26.449  28.369 0.0000000000
34654  -24.875  26.440  27.979 0.0000000000
34628  -25.151  26.790  28.718 0.0000000000
34655  -25.185  26.749  28.172 0.0000000000
34681  -24.928  26.334  27.749 0.0000000000
32883  -24.984  26.264  27.650 0.0000000000
34682  -25.180  26.565  27.654 0.0000000000
34702  -25.391  26.458  27.338 0.0000000000
34703  -25.771  26.818  27.279 0.0000000000
34715  -26.065  26.694  27.042 0.0000000000
34716  -26.352  26.851  26.926 0.0000000000
32939  -27.022  26.268  26.723 0.0000000000
34729  -26.778  26.588  26.768 0.0000000000
34627  -24.856  26.556  28.812 0.0000000000
34602  -25.272  26.821  29.211 0.0000000000
34601  -24.887  26.663  29.065 0.0000000000
36311  -25.265  27.000  28.996 0.0000000000
36340  -25.394  27.051  28.855 0.0000000000
34656  -25.541  26.953  28.435 0.0000000000
34629  -25.457  26.988  28.698 0.0000000000
36341  -25.678  27.231  28.770 0.0000000000
34683  -25.584  26.963  27.935 0.0000000000
36358  -25.855  27.324  28.304 0.0000000000
36370  -25.926  27.310  27.794 0.0000000000
36382  -25.983  27.204  27.415 0.0000000000
34704  -26.078  27.004  27.189 0.0000000000
36383  -26.260  27.198  27.178 0.0000000000
36396  -26.566  27.241  27.006 0.0000000000
34717  -26.862  26.912  26.776 0.0000000000
36397  -26.769  27.246  26.884 0.0000000000
36312  -25.544  27.113  29.144 0.0000000000
34603  -25.764  26.805  29.446 0.0000000000
36313  -26.212  27.306  29.291 0.0000000000
36291  -26.541  27.169  29.666 0.0000000000
34585  -26.242  26.870  29.767 0.0000000000
34604  -26.097  26.954  29.471 0.0000000000
36292  -26.923  27.424  29.611 0.0000000000
36314  -26.686  27.609  29.313 0.0000000000
36342  -25.966  27.302  28.901 0.0000000000
38075  -26.578  27.699  29.171 0.0000000000
38100  -26.446  27.775  28.834 0.0000000000
38076  -27.027  28.003  29.127 0.0000000000
36359  -26.187  27.619  28.452 0.0000000000
36371  -26.155  27.581  28.124 0.0000000000
38108  -26.485  27.886  28.290 0.0000000000
38122  -26.324  27.739  27.766 0.0000000000
38121  -25.942  27.298  27.751 0.0000000000
38136  -26.181  27.421  27.453 0.0000000000
38137  -26.576  27.590  27.239 0.0000000000
38152  -26.750  27.455  26.999 0.0000000000
38045  -27.322  27.633  29.510 0.0000000000
38046  -27.760  27.764  29.512 0.0000000000
38077  -27.608  28.018  29.222 0.0000000000
38101  -26.815  28.082  28.600 0.0000000000
39791  -27.612  28.186  29.035 0.0000000000
39804  -27.243  28.245  28.652 0.0000000000
38109  -26.739  28.091  28.324 0.0000000000
39812  -26.941  28.247  28.222 0.0000000000
39811  -26.684  28.098  28.137 0.0000000000
39828  -26.636  28.128  27.829 0.0000000000
38123  -26.718  27.902  27.489 0.0000000000
39829  -26.792  28.130  27.801 0.0000000000
36293  -27.523  27.339  29.712 0.0000000000
34586  -26.851  26.956  29.810 0.0000000000
34587  -27.351  27.020  29.793 0.0000000000
34584  -25.636  26.597  29.922 0.0000000000
32821  -25.503  26.433  29.535 0.0000000000
32835  -25.446  26.608  29.366 0.0000000000
32834  -25.174  26.487  29.362 0.0000000000
32833  -24.676  26.363  29.402 0.0000000000
34573  -27.291  26.715  30.025 0.0000000000
34574  -27.739  26.887  29.980 0.0000000000
34588  -27.735  27.001  29.884 0.0000000000
34572  -26.735  26.622  30.103 0.0000000000
34571  -26.163  26.410  30.223 0.0000000000
34583  -25.291  26.335  30.080 0.0000000000
32820  -25.121  26.352  29.790 0.0000000000
34570  -25.658  26.333  30.222 0.0000000000
34569  -25.395  26.220  30.241 0.0000000000
32808  -25.086  26.056  30.243 0.0000000000
34558  -27.201  26.350  30.288 0.0000000000
34559  -27.809  26.554  30.326 0.0000000000
34557  -26.655  26.252  30.308 0.0000000000
34556  -26.354  26.168  30.356 0.0000000000
32794  -26.056  26.013  30.441 0.0000000000
32810  -25.891  26.220  30.317 0.0000000000
32809  -25.603  26.133  30.340 0.0000000000
32795  -26.499  25.959  30.504 0.0000000000
32796  -26.983  25.976  30.504 0.0000000000
32845  -24.281  26.206  29.174 0.0000000000
32832  -24.317  26.140  29.599 0.0000000000
31043  -24.077  25.965  29.359 0.0000000000
32819  -24.612  26.047  29.886 0.0000000000
32818  -24.355  25.997  29.775 0.0000000000
31031  -24.167  25.904  29.860 0.0000000000
32807  -24.782  26.017  30.114 0.0000000000
31020  -24.644  25.828  30.288 0.0000000000
31032  -24.388  25.852  30.024 0.0000000000
32793  -25.459  25.919  30.437 0.0000000000
32792  -25.122  25.970  30.297 0.0000000000
31003  -25.194  25.690  30.565 0.0000000000
31021  -24.945  25.811  30.400 0.0000000000
31006  -26.703  25.573  30.644 0.0000000000
31005  -26.230  25.572  30.644 0.0000000000
31004  -25.723  25.594  30.641 0.0000000000
31042  -23.769  25.859  29.105 0.0000000000
31054  -23.457  25.456  28.749 0.0000000000
31041  -23.374  25.721  28.770 0.0000000000
29333  -23.135  25.231  29.043 0.0000000000
31030  -23.673  25.806  29.681 0.0000000000
31029  -23.360  25.707  29.306 0.0000000000
31019  -24.198  25.800  30.373 0.0000000000
31018  -23.697  25.758  30.308 0.0000000000
29324  -23.541  25.406  30.241 0.0000000000
29323  -23.170  25.467  29.681 0.0000000000
31002  -24.811  25.571  30.665 0.0000000000
31001  -24.385  25.498  30.816 0.0000000000
31000  -24.025  25.719  30.985 0.0000000000
31017  -23.231  25.763  30.483 0.0000000000
29314  -23.389  25.617  30.213 0.0000000000
30999  -23.431  25.710  30.898 0.0000000000
31016  -22.799  25.698  30.469 0.0000000000
29313  -23.039  25.458  30.053 0.0000000000
30998  -23.054  25.760  31.038 0.0000000000
29301  -26.407  25.160  30.799 0.0000000000
29300  -26.002  25.102  30.873 0.0000000000
29299  -25.439  25.248  30.839 0.0000000000
29298  -24.997  25.279  30.878 0.0000000000
29297  -24.693  25.306  30.905 0.0000000000
29282  -24.573  25.142  31.108 0.0000000000
30989  -24.263  25.313  31.089 0.0000000000
30988  -24.029  25.437  31.146 0.0000000000
30987  -23.587  25.477  31.213 0.0000000000
30986  -23.103  25.458  31.247 0.0000000000
29281  -24.109  25.196  31.297 0.0000000000
29280  -23.713  25.241  31.427 0.0000000000
29279  -23.296  25.249  31.511 0.0000000000
27653  -23.412  24.602  28.255 0.0000000000
27645  -23.067  24.656  28.661 0.0000000000
29332  -23.074  25.057  29.151 0.0000000000
27633  -22.934  24.819  28.986 0.0000000000
29322  -22.681  25.123  29.570 0.0000000000
27632  -22.574  24.707  29.210 0.0000000000
29312  -22.754  25.375  30.062 0.0000000000
29285  -25.869  25.032  30.946 0.0000000000
29284  -25.655  25.094  30.939 0.0000000000
29283  -25.140  25.037  31.091 0.0000000000
27584  -25.279  24.694  31.183 0.0000000000
27585  -25.686  24.582  31.181 0.0000000000
27583  -24.859  24.767  31.247 0.0000000000
27582  -24.471  24.900  31.300 0.0000000000
29264  -24.060  25.201  31.283 0.0000000000
26023  -23.606  24.168  28.182 0.0000000000
26022  -23.196  24.121  28.447 0.0000000000
27644  -22.728  24.455  28.864 0.0000000000
26015  -22.870  24.078  28.716 0.0000000000
27643  -22.517  24.226  29.054 0.0000000000
26014  -22.610  24.052  28.939 0.0000000000
24556  -25.634  23.960  27.396 0.0000000000
24557  -26.016  23.978  27.373 0.0000000000
26033  -25.186  23.853  27.646 0.0000000000
24545  -25.337  23.737  27.672 0.0000000000
26032  -24.692  24.020  27.696 0.0000000000
24544  -24.904  23.676  27.759 0.0000000000
24543  -24.527  23.671  27.796 0.0000000000
24538  -24.213  23.735  28.031 0.0000000000
24537  -23.901  23.871  28.151 0.0000000000
24536  -23.398  23.684  28.340 0.0000000000
24533  -23.080  23.618  28.662 0.0000000000
24532  -22.782  23.587  28.886 0.0000000000
24546  -25.804  23.663  27.677 0.0000000000
24547  -26.268  23.662  27.679 0.0000000000
24558  -26.535  23.979  27.395 0.0000000000
23114  -26.020  23.342  27.954 0.0000000000
23115  -26.510  23.356  27.921 0.0000000000
24548  -26.776  23.658  27.704 0.0000000000
23113  -25.613  23.328  27.954 0.0000000000
23112  -25.165  23.319  27.924 0.0000000000
23111  -24.802  23.371  27.894 0.0000000000
23101  -24.536  23.269  28.066 0.0000000000
23100  -24.046  23.235  28.276 0.0000000000
23099  -23.657  23.355  28.366 0.0000000000
23096  -23.334  23.168  28.731 0.0000000000
23095  -23.021  23.147  28.971 0.0000000000
23104  -26.193  23.228  28.156 0.0000000000
23105  -26.294  23.154  28.157 0.0000000000
21793  -25.875  23.280  28.148 0.0000000000
23103  -25.976  23.275  28.155 0.0000000000
21792  -25.431  23.211  28.093 0.0000000000
23102  -24.769  22.949  28.055 0.0000000000
21780  -25.196  23.058  28.207 0.0000000000
21781  -25.661  23.080  28.239 0.0000000000
21782  -26.075  22.927  28.331 0.0000000000
21779  -24.837  22.997  28.253 0.0000000000
21778  -24.401  22.953  28.341 0.0000000000
23097  -23.728  23.039  28.586 0.0000000000
21767  -24.033  22.683  28.708 0.0000000000
21766  -23.583  22.843  28.826 0.0000000000
23091  -23.090  23.071  29.074 0.0000000000
21761  -22.973  22.907  29.223 0.0000000000
21770  -25.462  22.725  28.569 0.0000000000
21771  -25.911  22.680  28.624 0.0000000000
21769  -25.020  22.726  28.564 0.0000000000
21768  -24.567  22.713  28.599 0.0000000000
20500  -25.272  22.312  28.892 0.0000000000
20501  -25.751  22.350  28.865 0.0000000000
20499  -24.774  22.414  28.843 0.0000000000
20498  -24.325  22.411  28.872 0.0000000000
21762  -23.714  22.605  29.002 0.0000000000
20484  -24.077  22.259  29.132 0.0000000000
20497  -24.215  22.262  28.903 0.0000000000
20485  -24.543  22.202  29.108 0.0000000000
20486  -24.970  22.194  29.102 0.0000000000
