#!ascii label  , from subject  vox2ras=TkReg
306
16338  -21.855  20.473  29.565 0.0000000000
14945  -21.775  19.999  29.792 0.0000000000
16324  -21.700  20.556  29.927 0.0000000000
14946  -21.891  19.970  29.409 0.0000000000
16339  -21.937  20.399  29.246 0.0000000000
17788  -21.678  21.067  29.510 0.0000000000
17789  -21.850  20.714  29.361 0.0000000000
14955  -21.860  19.940  28.985 0.0000000000
16349  -22.031  20.431  28.955 0.0000000000
17806  -21.897  20.800  29.108 0.0000000000
14968  -22.072  20.183  28.655 0.0000000000
16366  -21.947  20.762  28.660 0.0000000000
16383  -22.143  20.701  28.185 0.0000000000
17830  -21.872  21.023  28.939 0.0000000000
16365  -21.930  20.994  28.600 0.0000000000
16382  -21.981  20.961  28.275 0.0000000000
17829  -21.924  20.940  28.672 0.0000000000
17845  -21.942  21.122  27.989 0.0000000000
14981  -22.218  20.021  28.021 0.0000000000
16402  -22.182  20.645  27.727 0.0000000000
17846  -22.119  20.924  27.937 0.0000000000
14990  -22.256  20.068  27.640 0.0000000000
16418  -22.262  20.501  27.285 0.0000000000
17868  -22.003  20.893  27.752 0.0000000000
16401  -21.973  20.824  27.596 0.0000000000
16417  -21.947  20.832  27.291 0.0000000000
17867  -21.848  20.974  27.514 0.0000000000
17889  -21.639  21.163  27.020 0.0000000000
16433  -22.023  20.727  26.880 0.0000000000
17903  -21.767  21.010  26.821 0.0000000000
15003  -22.430  20.009  27.115 0.0000000000
16434  -22.301  20.413  26.857 0.0000000000
16452  -22.201  20.568  26.420 0.0000000000
16451  -21.864  20.795  26.289 0.0000000000
17916  -21.836  20.853  26.645 0.0000000000
15020  -22.425  20.205  26.573 0.0000000000
16450  -21.434  20.843  26.073 0.0000000000
16470  -21.697  20.718  25.803 0.0000000000
17915  -21.623  20.954  26.372 0.0000000000
16471  -22.078  20.585  25.948 0.0000000000
15036  -22.343  20.293  26.083 0.0000000000
15054  -22.175  20.465  25.742 0.0000000000
15075  -21.894  20.368  25.215 0.0000000000
16490  -21.422  20.747  25.460 0.0000000000
16469  -21.238  20.799  25.778 0.0000000000
15055  -22.220  20.211  25.674 0.0000000000
16489  -21.080  20.927  25.372 0.0000000000
15074  -21.418  20.536  25.003 0.0000000000
17774  -21.455  21.047  30.063 0.0000000000
17787  -21.198  21.357  29.803 0.0000000000
19147  -21.284  21.551  29.390 0.0000000000
17805  -21.770  21.135  29.038 0.0000000000
19168  -21.440  21.489  29.122 0.0000000000
19193  -21.725  21.250  29.067 0.0000000000
17828  -21.388  21.371  28.419 0.0000000000
17844  -21.122  21.703  28.060 0.0000000000
19209  -21.476  21.564  27.742 0.0000000000
19221  -21.692  21.239  27.423 0.0000000000
19237  -21.533  21.265  27.123 0.0000000000
17888  -20.962  21.298  26.949 0.0000000000
17902  -21.360  21.209  26.609 0.0000000000
19236  -21.192  21.321  27.084 0.0000000000
17901  -20.813  21.226  26.595 0.0000000000
17914  -21.138  20.983  26.255 0.0000000000
17913  -20.742  21.075  26.344 0.0000000000
16449  -20.861  20.947  26.192 0.0000000000
19146  -20.919  21.741  29.510 0.0000000000
19167  -21.051  21.763  29.055 0.0000000000
19166  -20.427  21.911  28.921 0.0000000000
19191  -20.644  21.754  28.668 0.0000000000
19192  -21.138  21.645  28.801 0.0000000000
17827  -20.932  21.574  28.328 0.0000000000
19207  -20.699  21.727  28.147 0.0000000000
19190  -20.045  21.704  28.807 0.0000000000
19206  -20.250  21.623  28.400 0.0000000000
17826  -19.992  21.450  28.577 0.0000000000
17842  -20.005  21.384  28.256 0.0000000000
19218  -20.327  21.595  28.013 0.0000000000
17843  -21.014  21.734  28.027 0.0000000000
19208  -21.024  21.700  27.877 0.0000000000
19219  -20.724  21.557  27.756 0.0000000000
19220  -21.177  21.391  27.447 0.0000000000
17864  -20.003  21.287  27.640 0.0000000000
17865  -20.731  21.228  27.119 0.0000000000
17866  -20.964  21.573  27.111 0.0000000000
19189  -19.768  21.676  29.010 0.0000000000
17825  -19.609  21.340  28.710 0.0000000000
19165  -19.911  21.870  29.107 0.0000000000
19164  -19.644  21.754  29.393 0.0000000000
17804  -19.597  21.552  29.110 0.0000000000
19145  -20.470  21.810  29.618 0.0000000000
19144  -19.971  21.811  29.750 0.0000000000
19163  -19.415  21.704  29.609 0.0000000000
17803  -19.284  21.477  29.332 0.0000000000
19143  -19.609  21.785  29.843 0.0000000000
19142  -19.265  21.570  29.890 0.0000000000
17786  -20.829  21.548  29.887 0.0000000000
19135  -20.616  21.676  30.131 0.0000000000
19134  -19.952  21.798  30.172 0.0000000000
19133  -19.480  21.784  30.230 0.0000000000
19132  -19.055  21.616  30.266 0.0000000000
17785  -18.996  21.381  29.773 0.0000000000
17772  -20.894  21.394  30.214 0.0000000000
17773  -21.024  21.305  30.170 0.0000000000
19136  -20.901  21.361  30.259 0.0000000000
19120  -20.782  21.376  30.649 0.0000000000
19119  -20.292  21.700  30.628 0.0000000000
19118  -19.772  21.789  30.626 0.0000000000
19117  -19.301  21.780  30.675 0.0000000000
19131  -18.646  21.492  30.426 0.0000000000
17771  -18.836  21.352  30.074 0.0000000000
19116  -18.961  21.750  30.825 0.0000000000
19130  -18.239  21.302  30.453 0.0000000000
17770  -18.434  21.142  30.162 0.0000000000
19115  -18.449  21.463  30.807 0.0000000000
19129  -17.993  21.194  30.433 0.0000000000
17769  -18.000  21.019  30.187 0.0000000000
19114  -18.027  21.270  30.708 0.0000000000
17768  -17.843  21.073  30.401 0.0000000000
17759  -20.899  21.122  30.911 0.0000000000
19104  -20.723  21.209  31.005 0.0000000000
17760  -21.102  21.113  30.645 0.0000000000
19121  -21.016  21.285  30.402 0.0000000000
19103  -20.463  21.390  31.024 0.0000000000
19102  -20.041  21.630  31.056 0.0000000000
19101  -19.540  21.717  31.070 0.0000000000
19100  -19.019  21.713  31.029 0.0000000000
19099  -18.646  21.508  31.127 0.0000000000
19098  -18.166  21.365  31.078 0.0000000000
17758  -17.774  21.130  30.817 0.0000000000
17750  -20.713  21.101  31.120 0.0000000000
17749  -20.253  21.199  31.384 0.0000000000
17748  -19.778  21.379  31.418 0.0000000000
17747  -19.306  21.414  31.424 0.0000000000
17746  -18.847  21.387  31.460 0.0000000000
17745  -18.365  21.367  31.486 0.0000000000
17744  -17.788  21.299  31.396 0.0000000000
17900  -20.355  21.122  26.713 0.0000000000
16448  -20.449  20.919  26.302 0.0000000000
17887  -20.480  21.280  26.993 0.0000000000
17899  -19.993  21.012  27.018 0.0000000000
16432  -20.196  20.965  26.703 0.0000000000
17886  -19.950  21.118  27.129 0.0000000000
17885  -19.805  20.993  27.330 0.0000000000
16416  -19.774  20.852  27.153 0.0000000000
16431  -20.002  20.810  26.726 0.0000000000
17863  -19.753  21.084  27.658 0.0000000000
16400  -19.468  20.655  27.615 0.0000000000
17841  -19.737  21.195  28.119 0.0000000000
16381  -19.583  20.767  28.056 0.0000000000
16364  -19.541  20.935  28.382 0.0000000000
17824  -19.008  21.191  28.931 0.0000000000
16363  -19.180  20.833  28.583 0.0000000000
17823  -18.747  21.038  29.111 0.0000000000
16362  -18.692  20.780  28.876 0.0000000000
17802  -18.830  21.229  29.347 0.0000000000
16348  -18.496  20.818  29.421 0.0000000000
17784  -18.673  21.136  29.777 0.0000000000
16337  -18.367  20.873  29.969 0.0000000000
16310  -21.497  20.605  30.426 0.0000000000
17761  -21.293  21.036  30.399 0.0000000000
16323  -18.190  20.964  30.125 0.0000000000
16322  -17.984  20.901  30.111 0.0000000000
16321  -17.535  20.624  30.285 0.0000000000
16309  -21.267  20.877  30.624 0.0000000000
16292  -21.238  20.714  30.827 0.0000000000
17751  -21.013  20.996  30.921 0.0000000000
16308  -17.513  20.901  31.027 0.0000000000
16291  -20.989  20.842  31.063 0.0000000000
16290  -20.560  21.074  31.121 0.0000000000
16271  -20.203  20.819  31.863 0.0000000000
17735  -19.979  21.045  31.811 0.0000000000
17734  -19.578  21.289  31.831 0.0000000000
17733  -19.094  21.333  31.876 0.0000000000
17732  -18.626  21.336  31.889 0.0000000000
17731  -18.124  21.333  31.928 0.0000000000
17743  -17.444  21.237  31.607 0.0000000000
16289  -17.460  21.154  31.333 0.0000000000
17730  -17.680  21.284  31.968 0.0000000000
16270  -19.907  20.990  31.967 0.0000000000
17722  -19.399  21.247  32.206 0.0000000000
17721  -18.912  21.283  32.255 0.0000000000
17720  -18.445  21.278  32.280 0.0000000000
17719  -18.035  21.264  32.382 0.0000000000
16252  -19.659  20.969  32.546 0.0000000000
17705  -19.159  21.119  32.642 0.0000000000
17704  -18.702  21.179  32.620 0.0000000000
17703  -18.267  21.179  32.701 0.0000000000
17702  -17.835  21.186  32.917 0.0000000000
17718  -17.457  21.235  32.540 0.0000000000
16235  -19.446  20.812  32.904 0.0000000000
17689  -18.952  20.936  33.054 0.0000000000
17688  -18.912  20.957  32.918 0.0000000000
17687  -18.498  21.020  32.950 0.0000000000
17686  -17.997  21.030  33.207 0.0000000000
17685  -17.527  21.150  33.407 0.0000000000
17701  -17.392  21.206  33.080 0.0000000000
16225  -19.241  20.671  33.236 0.0000000000
16224  -19.014  20.847  32.948 0.0000000000
16223  -18.292  20.859  33.285 0.0000000000
16222  -18.007  20.879  33.435 0.0000000000
17670  -17.869  20.923  33.526 0.0000000000
17669  -17.558  21.034  33.847 0.0000000000
16208  -17.934  20.755  33.839 0.0000000000
15092  -21.183  20.479  24.947 0.0000000000
16504  -20.821  20.642  25.183 0.0000000000
16468  -20.893  20.835  25.928 0.0000000000
16488  -20.655  20.708  25.575 0.0000000000
16467  -20.444  20.848  26.048 0.0000000000
16447  -20.102  20.690  26.249 0.0000000000
16415  -19.406  20.512  27.244 0.0000000000
16430  -19.777  20.775  26.944 0.0000000000
14989  -19.436  20.404  28.027 0.0000000000
14988  -19.106  20.000  27.852 0.0000000000
16399  -19.196  20.330  27.526 0.0000000000
16380  -19.350  20.707  28.271 0.0000000000
14980  -19.386  20.557  28.156 0.0000000000
14979  -19.126  20.344  28.257 0.0000000000
14966  -18.914  20.475  28.640 0.0000000000
16336  -17.966  20.713  29.797 0.0000000000
14936  -21.639  20.005  30.167 0.0000000000
14926  -21.462  19.974  30.561 0.0000000000
16293  -21.401  20.377  30.698 0.0000000000
14916  -21.306  20.184  30.885 0.0000000000
14915  -21.163  20.394  31.093 0.0000000000
14914  -20.933  20.415  31.281 0.0000000000
14913  -20.369  20.360  31.519 0.0000000000
14903  -20.606  20.321  31.784 0.0000000000
16272  -20.187  20.857  31.947 0.0000000000
16253  -20.179  20.720  32.354 0.0000000000
16254  -20.173  20.912  32.248 0.0000000000
14892  -20.286  20.395  32.529 0.0000000000
14891  -20.012  20.890  32.845 0.0000000000
14904  -20.610  20.679  31.785 0.0000000000
14880  -20.085  20.330  32.978 0.0000000000
16236  -19.840  20.612  32.920 0.0000000000
14871  -19.874  20.096  33.344 0.0000000000
16226  -19.648  20.541  33.156 0.0000000000
14870  -19.568  20.373  33.369 0.0000000000
14861  -19.336  20.118  33.714 0.0000000000
16211  -19.003  20.554  33.577 0.0000000000
16210  -18.573  20.600  33.619 0.0000000000
16209  -18.186  20.709  33.661 0.0000000000
14860  -18.817  20.223  33.892 0.0000000000
14859  -18.359  20.382  33.941 0.0000000000
14858  -18.129  20.694  33.918 0.0000000000
14846  -18.158  20.399  34.176 0.0000000000
16196  -18.014  20.441  34.249 0.0000000000
16207  -17.672  20.887  33.964 0.0000000000
16195  -17.425  20.713  34.661 0.0000000000
17656  -17.206  21.023  34.494 0.0000000000
15076  -22.098  20.191  25.182 0.0000000000
15093  -21.696  20.267  24.861 0.0000000000
15037  -22.620  19.920  26.236 0.0000000000
15056  -22.461  20.062  25.899 0.0000000000
15021  -22.593  19.886  26.750 0.0000000000
13711  -21.496  19.541  30.436 0.0000000000
13721  -21.668  19.535  30.021 0.0000000000
13703  -21.292  19.669  30.853 0.0000000000
13695  -21.208  19.989  31.071 0.0000000000
13694  -21.032  19.986  31.198 0.0000000000
13693  -20.514  19.986  31.391 0.0000000000
13692  -20.554  20.177  31.783 0.0000000000
13683  -20.744  19.922  32.134 0.0000000000
13682  -20.519  19.942  32.092 0.0000000000
13671  -20.307  20.039  32.785 0.0000000000
14881  -20.173  20.136  32.986 0.0000000000
13661  -20.128  20.179  32.880 0.0000000000
13660  -20.156  19.785  33.149 0.0000000000
13651  -20.087  19.857  33.499 0.0000000000
13643  -19.931  19.568  33.617 0.0000000000
14862  -19.689  19.878  33.647 0.0000000000
13642  -19.585  19.607  33.816 0.0000000000
13635  -19.378  19.588  34.026 0.0000000000
14849  -19.084  20.132  33.938 0.0000000000
14848  -18.954  19.986  34.046 0.0000000000
14847  -18.518  19.993  34.326 0.0000000000
13634  -19.141  19.569  34.172 0.0000000000
13633  -18.850  19.515  34.338 0.0000000000
12593  -21.390  19.160  30.868 0.0000000000
12592  -21.224  19.387  31.048 0.0000000000
13702  -21.167  19.646  31.095 0.0000000000
12580  -21.084  19.229  31.330 0.0000000000
12579  -20.889  19.707  31.320 0.0000000000
12569  -20.797  19.529  31.640 0.0000000000
13684  -20.819  19.333  32.018 0.0000000000
13672  -20.753  19.529  32.244 0.0000000000
12558  -20.853  19.161  32.138 0.0000000000
12557  -20.636  19.328  32.525 0.0000000000
12546  -20.322  19.338  32.971 0.0000000000
12545  -20.210  19.317  33.241 0.0000000000
12536  -20.144  19.030  33.501 0.0000000000
12528  -19.867  19.109  33.766 0.0000000000
12527  -19.675  19.082  33.983 0.0000000000
12520  -19.412  19.183  34.193 0.0000000000
11469  -21.134  18.906  31.578 0.0000000000
11453  -20.957  18.621  31.801 0.0000000000
12570  -20.969  19.077  31.824 0.0000000000
11470  -21.311  18.792  31.452 0.0000000000
12581  -21.309  18.979  31.186 0.0000000000
11437  -20.830  19.052  31.993 0.0000000000
11424  -20.952  18.866  32.069 0.0000000000
12547  -20.544  19.141  32.690 0.0000000000
11423  -20.364  19.098  32.762 0.0000000000
11417  -20.231  18.802  32.967 0.0000000000
12537  -20.303  19.040  33.194 0.0000000000
