#!ascii label  , from subject  vox2ras=TkReg
118
2522  -25.168  10.733  8.060 0.0000000000
2518  -25.118  10.483  8.404 0.0000000000
2169  -24.908  10.026  7.989 0.0000000000
2180  -24.989  10.251  8.077 0.0000000000
2525  -25.158  10.841  7.566 0.0000000000
2521  -25.190  10.832  8.483 0.0000000000
2870  -25.241  11.190  8.014 0.0000000000
2882  -25.253  11.153  7.759 0.0000000000
2188  -25.039  10.500  7.468 0.0000000000
2528  -25.089  10.887  7.047 0.0000000000
2899  -25.194  11.354  7.306 0.0000000000
2194  -24.879  10.535  7.283 0.0000000000
2193  -24.727  10.480  7.152 0.0000000000
2527  -25.081  10.999  6.851 0.0000000000
2532  -24.871  10.772  6.835 0.0000000000
2533  -25.112  10.958  6.873 0.0000000000
2917  -25.044  11.264  6.853 0.0000000000
2199  -24.609  10.316  7.020 0.0000000000
2204  -24.573  10.444  6.597 0.0000000000
2538  -24.701  10.936  6.343 0.0000000000
2539  -25.123  11.010  6.594 0.0000000000
2203  -24.234  10.304  6.271 0.0000000000
2537  -24.082  10.945  5.997 0.0000000000
2935  -24.420  11.245  6.384 0.0000000000
2936  -24.853  11.258  6.517 0.0000000000
2869  -25.277  11.210  8.665 0.0000000000
2857  -25.661  11.397  8.698 0.0000000000
2856  -25.298  11.200  8.914 0.0000000000
2871  -25.642  11.745  8.057 0.0000000000
3321  -25.590  11.835  7.991 0.0000000000
3334  -25.380  11.620  7.629 0.0000000000
2858  -25.815  11.974  8.307 0.0000000000
3322  -25.908  11.962  8.252 0.0000000000
3349  -25.255  11.597  7.413 0.0000000000
2898  -24.828  11.608  7.084 0.0000000000
3348  -25.052  11.758  7.402 0.0000000000
2916  -24.628  11.460  6.721 0.0000000000
3714  -25.842  12.002  8.198 0.0000000000
3713  -25.459  12.214  8.097 0.0000000000
3722  -25.382  11.997  7.773 0.0000000000
3307  -25.990  11.915  8.703 0.0000000000
3333  -25.158  11.938  7.633 0.0000000000
3702  -25.836  12.356  8.555 0.0000000000
3306  -25.825  11.554  8.965 0.0000000000
3294  -25.950  11.685  9.255 0.0000000000
3295  -26.228  12.038  9.066 0.0000000000
3308  -26.143  12.036  8.846 0.0000000000
3703  -26.113  12.187  8.816 0.0000000000
3293  -25.837  11.258  9.203 0.0000000000
2846  -25.648  11.355  9.219 0.0000000000
3280  -26.224  11.992  9.670 0.0000000000
3676  -26.354  12.419  9.547 0.0000000000
3691  -26.194  12.594  9.017 0.0000000000
3279  -26.013  11.742  9.794 0.0000000000
2847  -25.802  11.541  9.584 0.0000000000
2845  -25.384  10.991  8.768 0.0000000000
2517  -25.025  10.546  8.772 0.0000000000
2836  -25.817  11.582  9.902 0.0000000000
2835  -25.532  11.294  9.708 0.0000000000
2513  -25.295  11.072  9.443 0.0000000000
2512  -25.115  10.756  9.388 0.0000000000
2831  -25.428  11.250  10.182 0.0000000000
2506  -25.196  10.953  9.835 0.0000000000
2208  -24.159  10.455  5.933 0.0000000000
2549  -23.992  10.725  5.876 0.0000000000
2536  -23.852  11.014  5.928 0.0000000000
2934  -23.942  11.232  6.241 0.0000000000
2168  -24.774  10.323  8.406 0.0000000000
2516  -24.710  10.160  9.095 0.0000000000
2167  -24.387  10.202  8.738 0.0000000000
1861  -24.111  10.092  5.976 0.0000000000
2207  -23.972  10.262  5.746 0.0000000000
1860  -23.726  9.791  5.850 0.0000000000
1869  -23.725  9.997  5.597 0.0000000000
2213  -23.639  10.273  5.391 0.0000000000
2548  -23.670  10.789  5.608 0.0000000000
2198  -24.234  10.118  6.718 0.0000000000
1821  -24.129  9.953  6.727 0.0000000000
1848  -24.030  9.880  6.290 0.0000000000
2192  -24.267  10.080  7.040 0.0000000000
2187  -24.706  10.255  7.615 0.0000000000
1793  -24.439  9.979  7.401 0.0000000000
1792  -24.019  9.869  7.250 0.0000000000
2186  -24.321  10.120  7.955 0.0000000000
1766  -24.378  10.029  7.710 0.0000000000
2179  -24.729  10.514  7.778 0.0000000000
2178  -24.376  10.183  8.305 0.0000000000
1738  -24.074  9.892  8.167 0.0000000000
1765  -24.164  9.917  7.714 0.0000000000
1715  -24.214  9.993  8.482 0.0000000000
1868  -23.458  9.840  5.419 0.0000000000
1859  -23.502  9.711  5.667 0.0000000000
1428  -23.353  9.501  5.736 0.0000000000
1446  -23.139  9.568  5.343 0.0000000000
1867  -23.104  9.878  5.021 0.0000000000
2212  -23.272  10.263  5.043 0.0000000000
1847  -23.559  9.642  6.345 0.0000000000
1429  -23.569  9.451  6.016 0.0000000000
1820  -23.885  9.874  6.914 0.0000000000
1846  -23.131  9.507  6.466 0.0000000000
1403  -23.340  9.404  6.124 0.0000000000
1819  -23.320  9.706  6.877 0.0000000000
1845  -22.732  9.426  6.483 0.0000000000
1402  -22.944  9.233  5.952 0.0000000000
1818  -22.934  9.675  7.032 0.0000000000
1791  -23.556  9.789  7.312 0.0000000000
1790  -23.105  9.704  7.365 0.0000000000
1789  -22.672  9.658  7.393 0.0000000000
1817  -22.469  9.581  6.936 0.0000000000
1764  -23.788  9.826  7.746 0.0000000000
1763  -23.343  9.762  7.792 0.0000000000
1762  -22.898  9.703  7.826 0.0000000000
1737  -23.615  9.788  8.223 0.0000000000
1736  -23.151  9.742  8.249 0.0000000000
1714  -23.943  9.865  8.688 0.0000000000
1427  -22.921  9.291  5.611 0.0000000000
1401  -22.600  9.232  6.040 0.0000000000
2564  -23.397  10.609  5.239 0.0000000000
