#!ascii label  , from subject  vox2ras=TkReg
242
1515  -14.669  9.306  1.514 0.0000000000
1505  -14.989  9.270  1.798 0.0000000000
1122  -14.961  8.909  1.668 0.0000000000
1136  -14.715  8.638  1.212 0.0000000000
1135  -14.267  8.976  1.217 0.0000000000
1514  -14.207  9.284  1.150 0.0000000000
1926  -14.971  9.656  1.964 0.0000000000
1931  -14.707  9.913  1.806 0.0000000000
1930  -14.368  9.763  1.286 0.0000000000
1506  -15.186  9.161  1.940 0.0000000000
1927  -14.933  9.463  1.939 0.0000000000
1922  -15.007  9.724  2.379 0.0000000000
2277  -14.739  10.073  2.315 0.0000000000
2279  -14.677  10.095  1.977 0.0000000000
1923  -15.326  9.385  2.479 0.0000000000
1494  -15.560  8.996  2.189 0.0000000000
1519  -14.193  9.456  1.211 0.0000000000
1936  -14.144  9.839  0.891 0.0000000000
2282  -14.612  10.240  1.480 0.0000000000
2281  -14.228  10.151  1.135 0.0000000000
1518  -14.076  9.274  1.056 0.0000000000
1935  -13.998  9.830  0.680 0.0000000000
2285  -14.174  10.268  0.890 0.0000000000
1940  -14.141  10.157  0.460 0.0000000000
1939  -13.981  10.022  0.002 0.0000000000
2288  -14.150  10.575  0.510 0.0000000000
1944  -14.102  10.150  0.245 0.0000000000
2291  -14.298  10.723  0.036 0.0000000000
1943  -14.064  9.853  0.241 0.0000000000
1948  -14.163  9.983  0.032 0.0000000000
2295  -14.445  10.792  -0.117 0.0000000000
1947  -14.030  9.913  0.096 0.0000000000
1531  -13.868  9.776  -0.407 0.0000000000
1532  -14.110  9.972  -0.586 0.0000000000
1952  -14.044  10.193  -0.802 0.0000000000
2299  -14.480  10.364  -0.719 0.0000000000
1537  -14.029  9.900  -1.086 0.0000000000
1956  -14.037  10.073  -1.226 0.0000000000
2305  -13.997  10.188  -1.083 0.0000000000
2608  -14.724  10.630  2.212 0.0000000000
2612  -14.617  10.542  1.928 0.0000000000
2615  -14.257  10.612  1.170 0.0000000000
2616  -14.601  10.709  1.483 0.0000000000
2618  -14.166  10.763  0.818 0.0000000000
2620  -14.300  10.992  0.305 0.0000000000
2623  -14.319  11.007  0.180 0.0000000000
2292  -14.494  10.965  -0.117 0.0000000000
2624  -14.580  11.103  0.102 0.0000000000
2296  -14.797  11.105  -0.702 0.0000000000
2626  -14.728  11.164  -0.650 0.0000000000
2300  -14.733  10.915  -1.014 0.0000000000
2629  -14.762  10.967  -1.105 0.0000000000
2306  -14.768  10.264  -1.777 0.0000000000
2301  -14.972  10.882  -1.423 0.0000000000
2630  -15.075  10.908  -1.062 0.0000000000
2307  -15.004  10.771  -1.835 0.0000000000
2635  -15.042  10.896  -1.692 0.0000000000
2310  -14.349  10.289  -1.933 0.0000000000
2311  -14.835  10.480  -2.052 0.0000000000
2312  -15.088  10.548  -1.965 0.0000000000
2639  -15.002  10.668  -2.049 0.0000000000
2638  -14.613  10.805  -2.082 0.0000000000
2315  -15.118  10.521  -2.075 0.0000000000
2314  -15.139  10.161  -2.697 0.0000000000
2641  -14.924  10.561  -2.138 0.0000000000
2316  -15.302  10.520  -2.001 0.0000000000
2313  -15.530  10.484  -1.895 0.0000000000
2640  -15.281  10.612  -2.095 0.0000000000
2643  -15.385  10.523  -1.998 0.0000000000
2642  -15.109  10.545  -2.160 0.0000000000
2999  -14.702  10.950  2.027 0.0000000000
3003  -14.667  11.023  1.718 0.0000000000
3008  -14.475  11.190  1.197 0.0000000000
3007  -14.059  10.914  1.168 0.0000000000
3012  -14.247  11.149  0.757 0.0000000000
3015  -14.441  11.267  0.387 0.0000000000
2621  -14.600  11.150  0.098 0.0000000000
3016  -14.958  11.475  0.007 0.0000000000
3019  -14.805  11.356  -0.124 0.0000000000
3022  -14.827  11.777  -0.514 0.0000000000
3025  -14.917  11.282  -0.898 0.0000000000
2634  -14.846  11.174  -1.334 0.0000000000
3031  -14.935  11.245  -1.374 0.0000000000
3037  -14.811  11.200  -2.075 0.0000000000
2637  -14.054  10.931  -2.138 0.0000000000
3036  -14.107  11.121  -2.074 0.0000000000
3004  -14.851  11.306  1.931 0.0000000000
3009  -14.941  11.417  1.425 0.0000000000
3013  -14.574  11.470  0.673 0.0000000000
3400  -14.823  11.711  0.977 0.0000000000
3396  -15.263  11.753  1.643 0.0000000000
3401  -15.133  11.865  1.138 0.0000000000
3405  -15.026  11.811  0.320 0.0000000000
3408  -15.088  11.593  0.109 0.0000000000
3017  -15.055  11.466  0.045 0.0000000000
3020  -15.135  11.503  -0.102 0.0000000000
3409  -15.333  11.766  0.110 0.0000000000
3412  -14.817  11.727  -0.298 0.0000000000
3416  -14.916  12.188  -0.692 0.0000000000
3413  -15.390  11.856  -0.201 0.0000000000
3023  -14.911  11.680  -0.846 0.0000000000
3417  -15.126  11.833  -0.895 0.0000000000
3026  -15.360  11.551  -1.168 0.0000000000
3421  -15.348  11.835  -0.795 0.0000000000
3032  -15.317  11.284  -1.649 0.0000000000
3027  -15.863  11.694  -1.472 0.0000000000
3422  -15.796  11.981  -1.089 0.0000000000
3033  -15.981  11.294  -1.963 0.0000000000
3028  -16.193  11.581  -1.654 0.0000000000
3423  -15.990  11.984  -1.343 0.0000000000
3034  -16.245  11.578  -1.949 0.0000000000
3427  -16.125  12.016  -1.734 0.0000000000
3038  -15.371  11.318  -2.125 0.0000000000
3039  -16.036  11.319  -2.357 0.0000000000
3040  -16.577  11.579  -2.255 0.0000000000
3431  -16.573  11.965  -2.004 0.0000000000
3429  -14.375  11.596  -2.224 0.0000000000
3430  -14.650  11.501  -2.430 0.0000000000
3043  -15.130  11.374  -2.547 0.0000000000
3436  -15.170  11.700  -2.641 0.0000000000
3044  -15.566  11.571  -2.565 0.0000000000
3045  -15.976  11.915  -2.677 0.0000000000
3046  -16.354  11.741  -2.768 0.0000000000
3437  -15.279  11.873  -2.536 0.0000000000
3438  -15.696  11.947  -2.971 0.0000000000
3439  -16.022  11.972  -2.946 0.0000000000
3406  -15.050  11.869  0.633 0.0000000000
3779  -15.061  11.927  0.881 0.0000000000
3783  -15.278  11.988  0.345 0.0000000000
3414  -15.686  11.945  -0.077 0.0000000000
3410  -16.025  12.035  0.197 0.0000000000
3784  -15.699  12.024  0.087 0.0000000000
3789  -15.724  12.134  -0.219 0.0000000000
3788  -15.406  12.080  -0.392 0.0000000000
3794  -15.609  12.091  -0.929 0.0000000000
3418  -15.746  11.960  -1.238 0.0000000000
3795  -15.934  12.251  -0.800 0.0000000000
3802  -16.102  12.231  -1.012 0.0000000000
3426  -16.007  12.198  -1.285 0.0000000000
3810  -16.191  12.162  -1.317 0.0000000000
3811  -16.669  12.224  -1.726 0.0000000000
3435  -14.614  11.715  -2.568 0.0000000000
3816  -14.435  11.961  -2.394 0.0000000000
3827  -14.920  11.995  -2.527 0.0000000000
3828  -14.971  12.050  -2.541 0.0000000000
4185  -15.381  12.212  0.422 0.0000000000
4193  -15.387  11.993  0.232 0.0000000000
4194  -15.729  12.483  0.223 0.0000000000
3785  -15.885  12.238  -0.040 0.0000000000
3790  -16.153  12.379  -0.327 0.0000000000
3796  -16.501  12.542  -0.756 0.0000000000
3803  -16.574  12.317  -1.132 0.0000000000
1527  -13.763  9.597  0.082 0.0000000000
1523  -13.756  9.434  0.565 0.0000000000
1513  -13.979  9.092  0.959 0.0000000000
1134  -13.990  9.042  1.000 0.0000000000
1141  -13.943  9.017  0.983 0.0000000000
1123  -15.428  8.766  1.772 0.0000000000
1112  -16.035  8.791  2.032 0.0000000000
1111  -15.772  8.782  2.000 0.0000000000
1495  -15.988  8.987  2.235 0.0000000000
1483  -15.737  9.258  2.520 0.0000000000
1137  -15.052  8.504  1.359 0.0000000000
805  -14.868  8.248  1.002 0.0000000000
816  -14.827  8.161  0.881 0.0000000000
1143  -14.619  8.441  0.914 0.0000000000
1142  -14.365  8.666  0.952 0.0000000000
1124  -15.882  8.620  1.813 0.0000000000
1138  -15.564  8.505  1.377 0.0000000000
1125  -16.395  8.631  1.804 0.0000000000
1113  -16.449  8.846  2.093 0.0000000000
817  -15.101  8.089  0.926 0.0000000000
806  -15.324  8.105  1.119 0.0000000000
568  -15.724  7.843  0.927 0.0000000000
567  -15.226  8.177  1.050 0.0000000000
807  -15.939  8.202  1.358 0.0000000000
577  -15.185  7.727  0.812 0.0000000000
569  -16.164  7.898  1.124 0.0000000000
808  -16.480  8.114  1.285 0.0000000000
796  -16.143  8.412  1.780 0.0000000000
797  -16.256  8.368  1.574 0.0000000000
570  -16.690  8.043  1.095 0.0000000000
809  -17.041  8.053  1.032 0.0000000000
798  -16.740  8.334  1.464 0.0000000000
571  -17.007  7.936  1.239 0.0000000000
810  -16.943  8.036  1.145 0.0000000000
799  -17.159  8.363  1.523 0.0000000000
1496  -16.433  9.023  2.322 0.0000000000
1126  -16.834  8.706  1.884 0.0000000000
1114  -16.991  8.953  2.177 0.0000000000
1127  -17.429  9.014  1.881 0.0000000000
800  -17.842  8.495  1.872 0.0000000000
1128  -17.991  8.884  1.900 0.0000000000
1115  -17.307  9.093  1.997 0.0000000000
1507  -17.539  9.174  1.917 0.0000000000
1508  -17.719  9.047  1.867 0.0000000000
801  -18.130  8.309  1.776 0.0000000000
1129  -18.388  8.871  1.830 0.0000000000
1116  -18.236  9.063  1.909 0.0000000000
1499  -18.030  9.088  2.021 0.0000000000
802  -18.468  8.560  1.892 0.0000000000
1130  -18.606  8.784  1.895 0.0000000000
1117  -18.418  9.101  1.874 0.0000000000
1509  -18.593  9.073  1.886 0.0000000000
1510  -18.681  8.909  1.916 0.0000000000
1118  -18.779  8.622  2.092 0.0000000000
1484  -16.194  9.178  2.586 0.0000000000
1500  -18.568  9.112  1.819 0.0000000000
1501  -18.844  8.983  2.114 0.0000000000
1502  -19.054  8.798  2.242 0.0000000000
1490  -18.966  9.171  2.217 0.0000000000
1491  -19.317  9.022  2.436 0.0000000000
1109  -19.658  8.874  2.762 0.0000000000
1108  -19.462  8.531  2.820 0.0000000000
1492  -19.594  9.116  2.708 0.0000000000
1119  -19.195  8.519  2.377 0.0000000000
1476  -19.233  9.417  2.636 0.0000000000
1477  -19.436  9.392  2.764 0.0000000000
1909  -19.138  9.735  2.986 0.0000000000
1478  -19.892  9.177  2.871 0.0000000000
1910  -19.587  9.707  2.975 0.0000000000
788  -19.280  8.102  2.696 0.0000000000
793  -18.973  8.100  2.224 0.0000000000
792  -18.435  8.174  1.984 0.0000000000
1105  -19.801  8.592  3.125 0.0000000000
1104  -19.572  8.422  3.055 0.0000000000
779  -19.399  8.186  3.216 0.0000000000
791  -18.158  7.999  1.838 0.0000000000
563  -18.038  7.929  1.808 0.0000000000
562  -17.810  7.965  1.732 0.0000000000
561  -17.408  7.948  1.562 0.0000000000
348  -17.146  7.426  1.464 0.0000000000
358  -16.950  7.818  1.204 0.0000000000
357  -16.546  7.418  1.233 0.0000000000
356  -16.034  7.458  1.114 0.0000000000
355  -15.835  7.218  0.985 0.0000000000
578  -15.580  7.391  0.814 0.0000000000
554  -17.915  7.738  1.896 0.0000000000
349  -17.602  7.597  1.784 0.0000000000
347  -16.687  6.942  1.494 0.0000000000
196  -16.479  7.023  1.249 0.0000000000
195  -16.031  7.090  0.856 0.0000000000
