#!ascii label  , from subject  vox2ras=TkReg
331
50282  -21.593  -3.385  -12.226 0.0000000000
50274  -21.359  -3.460  -12.012 0.0000000000
49334  -21.402  -3.830  -12.164 0.0000000000
49341  -21.814  -3.929  -12.619 0.0000000000
50283  -21.945  -3.396  -12.811 0.0000000000
51202  -21.529  -2.987  -12.031 0.0000000000
51212  -21.670  -2.993  -12.474 0.0000000000
49342  -22.013  -3.852  -12.380 0.0000000000
50291  -22.008  -3.083  -12.675 0.0000000000
51213  -21.953  -3.014  -12.617 0.0000000000
49355  -22.017  -3.604  -12.901 0.0000000000
50292  -22.027  -3.124  -12.941 0.0000000000
51220  -22.015  -3.000  -12.712 0.0000000000
49356  -22.355  -3.658  -12.787 0.0000000000
50293  -22.648  -3.102  -12.992 0.0000000000
51221  -22.435  -2.981  -12.932 0.0000000000
49357  -22.686  -3.542  -12.984 0.0000000000
50305  -22.794  -3.106  -12.990 0.0000000000
51222  -22.682  -2.976  -13.001 0.0000000000
49375  -22.918  -3.558  -12.938 0.0000000000
50306  -22.865  -3.163  -13.057 0.0000000000
51232  -22.799  -2.957  -13.140 0.0000000000
49376  -22.977  -3.671  -13.225 0.0000000000
50321  -23.099  -3.281  -13.482 0.0000000000
51233  -22.985  -3.012  -13.241 0.0000000000
49391  -23.048  -3.630  -13.812 0.0000000000
50337  -23.126  -3.303  -13.863 0.0000000000
51246  -23.240  -2.994  -13.462 0.0000000000
50322  -23.330  -3.188  -13.762 0.0000000000
50338  -23.237  -3.092  -13.913 0.0000000000
51247  -23.299  -2.989  -13.976 0.0000000000
49400  -23.018  -3.644  -14.002 0.0000000000
50350  -23.008  -3.301  -14.095 0.0000000000
51264  -23.121  -3.091  -14.013 0.0000000000
51265  -23.226  -2.999  -14.014 0.0000000000
49414  -22.945  -3.599  -14.020 0.0000000000
49413  -22.742  -3.679  -14.114 0.0000000000
50349  -22.571  -3.294  -14.529 0.0000000000
51278  -23.085  -3.009  -14.168 0.0000000000
51277  -22.993  -3.048  -14.271 0.0000000000
51201  -21.403  -3.064  -12.006 0.0000000000
51190  -21.556  -2.988  -11.937 0.0000000000
51189  -21.372  -3.020  -11.988 0.0000000000
52089  -21.583  -2.875  -12.011 0.0000000000
52102  -21.614  -2.706  -12.255 0.0000000000
52103  -21.816  -2.703  -12.520 0.0000000000
52112  -21.979  -2.901  -12.640 0.0000000000
52113  -22.177  -2.750  -12.839 0.0000000000
52114  -22.654  -2.677  -12.825 0.0000000000
52122  -22.742  -2.637  -13.091 0.0000000000
52123  -22.967  -2.658  -13.100 0.0000000000
52135  -23.012  -2.861  -13.260 0.0000000000
52136  -23.352  -2.669  -13.584 0.0000000000
51279  -23.244  -2.981  -14.049 0.0000000000
52081  -21.472  -2.910  -11.901 0.0000000000
52977  -21.845  -2.235  -11.982 0.0000000000
52981  -21.718  -2.323  -12.068 0.0000000000
52992  -21.723  -2.345  -12.342 0.0000000000
52993  -21.987  -2.148  -12.533 0.0000000000
53004  -22.016  -2.461  -12.731 0.0000000000
53005  -22.356  -2.192  -12.774 0.0000000000
53006  -22.662  -2.251  -13.027 0.0000000000
53013  -22.875  -2.268  -13.168 0.0000000000
53014  -23.005  -2.159  -13.080 0.0000000000
52124  -23.203  -2.524  -13.201 0.0000000000
52973  -21.646  -2.427  -11.370 0.0000000000
52974  -21.976  -2.098  -11.479 0.0000000000
52978  -21.961  -2.003  -11.954 0.0000000000
53872  -21.962  -1.961  -11.624 0.0000000000
53875  -21.963  -1.903  -11.949 0.0000000000
52982  -21.937  -1.997  -12.144 0.0000000000
53878  -22.044  -1.928  -12.061 0.0000000000
53885  -22.013  -1.913  -12.238 0.0000000000
52994  -22.127  -2.010  -12.570 0.0000000000
53886  -22.242  -1.952  -12.593 0.0000000000
53897  -22.519  -1.967  -12.895 0.0000000000
53898  -22.817  -1.958  -13.010 0.0000000000
53906  -22.842  -2.001  -13.102 0.0000000000
53907  -22.966  -1.974  -12.990 0.0000000000
53868  -22.001  -2.002  -11.164 0.0000000000
54784  -21.982  -1.834  -11.320 0.0000000000
54788  -21.974  -1.757  -11.764 0.0000000000
54791  -21.984  -1.744  -12.048 0.0000000000
54795  -22.027  -1.811  -12.068 0.0000000000
54796  -22.084  -1.605  -12.181 0.0000000000
54806  -22.336  -1.738  -12.926 0.0000000000
54807  -22.926  -1.547  -12.927 0.0000000000
53899  -22.982  -1.784  -12.995 0.0000000000
54808  -23.009  -1.535  -12.987 0.0000000000
54819  -23.042  -1.566  -13.001 0.0000000000
54772  -22.139  -1.951  -11.046 0.0000000000
54773  -22.221  -1.858  -11.000 0.0000000000
54785  -22.201  -1.531  -11.474 0.0000000000
55653  -22.415  -1.336  -11.121 0.0000000000
55671  -22.660  -1.073  -11.657 0.0000000000
54789  -22.278  -1.416  -11.987 0.0000000000
55677  -22.609  -1.124  -12.000 0.0000000000
54792  -22.302  -1.459  -12.027 0.0000000000
55681  -22.601  -1.103  -12.122 0.0000000000
55685  -22.641  -1.012  -12.325 0.0000000000
54797  -22.590  -1.333  -12.724 0.0000000000
55686  -22.874  -1.009  -12.499 0.0000000000
55691  -23.001  -1.266  -12.855 0.0000000000
55692  -23.083  -1.196  -12.869 0.0000000000
55678  -22.644  -0.980  -11.935 0.0000000000
55682  -22.737  -0.977  -12.017 0.0000000000
55672  -22.441  -0.993  -11.375 0.0000000000
56589  -22.778  -0.977  -11.475 0.0000000000
56607  -22.674  -0.881  -12.013 0.0000000000
56617  -22.813  -0.891  -12.131 0.0000000000
56621  -22.776  -0.910  -12.257 0.0000000000
55687  -23.009  -0.998  -12.624 0.0000000000
56622  -22.904  -0.856  -12.338 0.0000000000
56624  -23.057  -0.979  -12.724 0.0000000000
56608  -22.962  -0.814  -11.894 0.0000000000
56618  -22.983  -0.796  -12.051 0.0000000000
52970  -22.142  -2.104  -11.068 0.0000000000
52969  -21.969  -2.177  -11.006 0.0000000000
53869  -22.164  -1.942  -10.978 0.0000000000
52968  -21.901  -2.478  -11.004 0.0000000000
52073  -21.637  -2.720  -11.010 0.0000000000
52078  -21.404  -2.978  -11.335 0.0000000000
52962  -22.169  -2.240  -10.954 0.0000000000
53853  -22.267  -1.984  -10.998 0.0000000000
52961  -22.029  -2.308  -11.006 0.0000000000
52069  -21.931  -2.549  -10.886 0.0000000000
52074  -21.996  -2.597  -11.005 0.0000000000
52080  -21.355  -3.016  -11.701 0.0000000000
52077  -21.344  -2.985  -11.421 0.0000000000
51186  -21.260  -3.023  -11.494 0.0000000000
51183  -21.587  -2.981  -10.980 0.0000000000
51187  -21.359  -3.009  -11.231 0.0000000000
52068  -21.805  -2.640  -10.924 0.0000000000
51177  -21.690  -2.787  -10.821 0.0000000000
51178  -21.935  -2.892  -10.746 0.0000000000
52070  -22.012  -2.726  -10.747 0.0000000000
50273  -21.290  -3.354  -12.027 0.0000000000
50259  -21.251  -3.222  -11.938 0.0000000000
51182  -21.386  -2.986  -10.989 0.0000000000
50249  -21.088  -3.390  -11.201 0.0000000000
50245  -21.596  -3.010  -10.933 0.0000000000
50244  -21.383  -3.211  -10.981 0.0000000000
50239  -21.780  -3.011  -10.726 0.0000000000
49412  -22.139  -3.758  -14.552 0.0000000000
50348  -22.054  -3.357  -14.662 0.0000000000
50363  -22.014  -3.211  -14.612 0.0000000000
50364  -22.526  -3.005  -14.605 0.0000000000
49333  -21.299  -3.829  -12.041 0.0000000000
49325  -21.171  -3.910  -11.889 0.0000000000
50248  -20.993  -3.656  -11.046 0.0000000000
49313  -20.983  -3.868  -11.568 0.0000000000
50243  -21.108  -3.681  -11.047 0.0000000000
49312  -20.917  -3.786  -11.232 0.0000000000
50238  -21.401  -3.339  -10.934 0.0000000000
49306  -21.094  -3.538  -10.991 0.0000000000
49305  -20.993  -3.798  -10.988 0.0000000000
50234  -21.990  -3.394  -10.437 0.0000000000
49302  -21.451  -3.429  -10.760 0.0000000000
50240  -21.958  -3.002  -10.658 0.0000000000
49301  -21.039  -3.776  -10.842 0.0000000000
49399  -22.876  -3.894  -13.985 0.0000000000
48482  -22.569  -4.012  -14.101 0.0000000000
48481  -22.228  -3.997  -14.135 0.0000000000
49411  -22.041  -3.945  -14.210 0.0000000000
49425  -22.007  -3.570  -14.415 0.0000000000
48469  -22.927  -3.925  -13.997 0.0000000000
48468  -22.550  -4.078  -13.979 0.0000000000
48457  -22.899  -4.002  -13.799 0.0000000000
48450  -22.722  -3.882  -13.191 0.0000000000
48449  -22.580  -3.969  -13.028 0.0000000000
48436  -22.626  -3.970  -12.939 0.0000000000
49343  -22.293  -3.985  -12.465 0.0000000000
48435  -22.323  -3.994  -12.811 0.0000000000
48419  -22.034  -4.018  -12.448 0.0000000000
48418  -21.997  -3.948  -12.477 0.0000000000
48404  -21.595  -3.990  -12.267 0.0000000000
48417  -21.991  -4.022  -12.556 0.0000000000
48403  -21.319  -4.000  -12.042 0.0000000000
48394  -21.224  -3.990  -11.979 0.0000000000
49324  -20.983  -3.945  -11.597 0.0000000000
48393  -20.998  -4.001  -11.720 0.0000000000
48381  -20.875  -3.985  -11.382 0.0000000000
48370  -20.898  -3.877  -11.060 0.0000000000
49300  -20.976  -3.779  -10.897 0.0000000000
48365  -20.943  -3.876  -10.844 0.0000000000
49296  -21.566  -3.908  -10.421 0.0000000000
49295  -21.101  -4.000  -10.663 0.0000000000
48360  -21.243  -3.997  -10.453 0.0000000000
48366  -20.997  -3.949  -10.731 0.0000000000
48467  -22.159  -4.135  -13.995 0.0000000000
48480  -22.003  -4.102  -14.111 0.0000000000
48456  -22.820  -4.007  -13.479 0.0000000000
47539  -22.581  -4.392  -13.634 0.0000000000
47553  -22.483  -4.067  -13.974 0.0000000000
47552  -22.210  -4.406  -13.923 0.0000000000
47551  -22.009  -4.425  -14.007 0.0000000000
48466  -21.983  -4.178  -14.031 0.0000000000
47531  -22.738  -4.073  -13.043 0.0000000000
47526  -22.637  -4.057  -12.949 0.0000000000
47525  -22.436  -4.251  -12.762 0.0000000000
47513  -22.053  -4.413  -12.238 0.0000000000
47512  -21.999  -4.384  -12.432 0.0000000000
47511  -21.632  -4.142  -12.384 0.0000000000
47493  -21.475  -4.312  -12.030 0.0000000000
47492  -21.219  -4.257  -11.976 0.0000000000
47480  -21.164  -4.345  -11.816 0.0000000000
47479  -21.007  -4.200  -11.730 0.0000000000
48380  -20.634  -3.996  -11.234 0.0000000000
47470  -20.942  -4.325  -11.541 0.0000000000
48369  -20.787  -4.005  -11.043 0.0000000000
47469  -20.457  -4.419  -11.047 0.0000000000
48364  -20.808  -3.989  -10.946 0.0000000000
47458  -20.656  -4.300  -10.957 0.0000000000
48359  -21.017  -4.017  -10.652 0.0000000000
47451  -20.931  -4.001  -10.725 0.0000000000
47450  -20.687  -4.316  -10.694 0.0000000000
47538  -22.270  -4.525  -13.978 0.0000000000
46608  -22.140  -4.825  -13.774 0.0000000000
46623  -22.023  -4.732  -13.984 0.0000000000
46622  -21.978  -4.577  -13.970 0.0000000000
46596  -22.716  -4.497  -12.992 0.0000000000
46609  -22.481  -4.798  -13.246 0.0000000000
46588  -22.652  -4.365  -12.998 0.0000000000
46587  -22.496  -4.690  -12.982 0.0000000000
46582  -22.349  -4.917  -12.582 0.0000000000
46581  -22.036  -4.992  -12.413 0.0000000000
47494  -21.794  -4.511  -12.162 0.0000000000
46567  -21.930  -4.946  -12.309 0.0000000000
46566  -21.635  -4.885  -12.009 0.0000000000
46565  -21.378  -4.648  -11.993 0.0000000000
46547  -21.349  -4.730  -11.878 0.0000000000
46546  -21.033  -4.833  -11.924 0.0000000000
46534  -20.986  -4.888  -11.686 0.0000000000
46533  -20.660  -4.801  -11.356 0.0000000000
46522  -20.490  -4.933  -11.004 0.0000000000
46511  -20.347  -4.758  -10.894 0.0000000000
46607  -22.019  -4.981  -13.651 0.0000000000
46606  -21.987  -4.830  -13.621 0.0000000000
46621  -21.839  -4.564  -13.943 0.0000000000
46595  -22.343  -4.941  -13.107 0.0000000000
45677  -22.216  -5.029  -13.415 0.0000000000
45676  -22.025  -5.057  -13.508 0.0000000000
45675  -21.726  -4.980  -13.667 0.0000000000
45693  -21.514  -4.840  -13.781 0.0000000000
45663  -22.311  -5.024  -13.112 0.0000000000
45654  -22.342  -5.016  -12.941 0.0000000000
45648  -22.027  -5.000  -12.587 0.0000000000
45647  -22.005  -5.025  -12.347 0.0000000000
45641  -21.880  -5.009  -12.120 0.0000000000
46548  -21.579  -5.028  -11.941 0.0000000000
45625  -21.700  -5.003  -12.017 0.0000000000
45640  -21.649  -5.036  -12.021 0.0000000000
45624  -21.574  -4.982  -11.911 0.0000000000
45623  -21.104  -4.990  -11.753 0.0000000000
45606  -20.985  -4.998  -11.666 0.0000000000
45605  -20.910  -5.035  -11.584 0.0000000000
45592  -20.427  -5.000  -11.260 0.0000000000
46521  -20.270  -4.982  -11.030 0.0000000000
45591  -20.362  -5.018  -11.030 0.0000000000
45662  -22.154  -5.165  -13.278 0.0000000000
44746  -21.992  -5.068  -13.439 0.0000000000
44727  -22.288  -5.233  -13.079 0.0000000000
44726  -21.990  -5.499  -13.135 0.0000000000
44715  -22.309  -5.297  -12.839 0.0000000000
44707  -22.250  -5.245  -12.552 0.0000000000
44706  -22.019  -5.418  -12.362 0.0000000000
44700  -21.734  -5.305  -12.069 0.0000000000
44699  -21.777  -5.430  -12.001 0.0000000000
44694  -21.802  -5.405  -11.911 0.0000000000
44693  -21.356  -5.038  -11.558 0.0000000000
44692  -21.003  -5.176  -11.596 0.0000000000
44676  -20.996  -5.292  -11.642 0.0000000000
44675  -20.785  -5.410  -11.471 0.0000000000
44656  -20.307  -5.551  -10.998 0.0000000000
44745  -21.634  -5.582  -13.566 0.0000000000
44714  -22.090  -5.502  -12.824 0.0000000000
43790  -21.896  -5.863  -13.002 0.0000000000
43811  -21.976  -5.760  -13.026 0.0000000000
43810  -21.704  -5.885  -13.135 0.0000000000
44725  -21.962  -5.676  -13.236 0.0000000000
43779  -21.997  -5.862  -12.793 0.0000000000
43771  -21.833  -5.713  -12.208 0.0000000000
43770  -21.558  -5.740  -12.026 0.0000000000
43764  -21.575  -5.922  -11.967 0.0000000000
43763  -21.366  -5.888  -11.721 0.0000000000
44677  -21.062  -5.493  -11.599 0.0000000000
43757  -21.069  -5.968  -11.583 0.0000000000
43756  -20.999  -5.914  -11.271 0.0000000000
43755  -20.540  -5.888  -11.269 0.0000000000
43789  -21.793  -5.954  -13.014 0.0000000000
42927  -21.659  -5.991  -13.018 0.0000000000
42944  -21.540  -6.034  -13.066 0.0000000000
42943  -21.261  -6.081  -13.103 0.0000000000
43809  -21.203  -6.047  -13.148 0.0000000000
43826  -21.353  -5.933  -13.209 0.0000000000
42907  -21.992  -6.003  -12.910 0.0000000000
42928  -21.847  -6.010  -12.991 0.0000000000
43778  -21.753  -5.994  -12.200 0.0000000000
42906  -21.828  -5.975  -12.499 0.0000000000
42895  -21.579  -6.126  -12.088 0.0000000000
42887  -21.523  -6.003  -12.014 0.0000000000
42886  -21.554  -6.025  -11.895 0.0000000000
42881  -21.339  -6.013  -11.419 0.0000000000
42880  -20.989  -6.001  -11.383 0.0000000000
42879  -20.894  -6.006  -11.438 0.0000000000
42926  -21.358  -6.145  -13.031 0.0000000000
42925  -21.056  -6.137  -13.051 0.0000000000
42942  -21.026  -6.058  -13.140 0.0000000000
42025  -21.549  -6.051  -12.907 0.0000000000
42024  -21.101  -6.345  -13.001 0.0000000000
42023  -20.982  -6.347  -12.959 0.0000000000
42030  -20.920  -6.195  -13.107 0.0000000000
42009  -21.725  -6.192  -12.532 0.0000000000
42894  -21.468  -6.102  -11.987 0.0000000000
41992  -21.582  -6.115  -11.993 0.0000000000
41991  -21.305  -6.480  -11.994 0.0000000000
41977  -21.221  -6.488  -11.753 0.0000000000
41969  -21.185  -6.304  -11.365 0.0000000000
41968  -20.950  -6.476  -11.447 0.0000000000
42008  -21.229  -6.627  -12.842 0.0000000000
42007  -21.017  -6.672  -12.591 0.0000000000
41085  -20.983  -6.631  -12.757 0.0000000000
42022  -20.612  -6.348  -13.012 0.0000000000
42029  -20.764  -6.291  -13.163 0.0000000000
41076  -21.019  -6.932  -12.201 0.0000000000
41075  -20.834  -6.950  -12.275 0.0000000000
41064  -20.995  -6.787  -12.035 0.0000000000
41976  -21.107  -6.779  -11.781 0.0000000000
41050  -20.991  -6.878  -11.965 0.0000000000
41063  -21.001  -6.988  -12.056 0.0000000000
49424  -21.965  -3.635  -14.455 0.0000000000
