#!ascii label  , from subject  vox2ras=TkReg
100
771  21.109  8.310  3.983 0.0000000000
772  21.002  8.291  4.159 0.0000000000
780  21.576  8.323  3.375 0.0000000000
781  21.269  8.270  3.650 0.0000000000
782  20.677  8.219  3.540 0.0000000000
1135  22.523  8.784  4.808 0.0000000000
1151  22.601  8.782  4.444 0.0000000000
1152  22.226  8.721  4.482 0.0000000000
1153  21.746  8.689  4.503 0.0000000000
1154  21.271  8.686  4.539 0.0000000000
1155  20.823  8.719  4.621 0.0000000000
1162  22.968  8.953  4.023 0.0000000000
1163  22.495  8.738  4.099 0.0000000000
1164  22.000  8.647  4.024 0.0000000000
1165  21.435  8.515  3.999 0.0000000000
1166  20.994  8.422  4.232 0.0000000000
1175  22.750  8.982  3.901 0.0000000000
1176  22.390  8.889  3.574 0.0000000000
1177  21.788  8.463  3.574 0.0000000000
1178  21.504  8.351  3.803 0.0000000000
1384  23.273  9.449  9.479 0.0000000000
1395  23.109  9.334  9.209 0.0000000000
1409  23.046  9.335  8.947 0.0000000000
1446  24.569  9.455  7.083 0.0000000000
1447  24.181  9.350  7.065 0.0000000000
1460  24.737  9.596  6.923 0.0000000000
1461  24.283  9.435  6.668 0.0000000000
1462  23.839  9.316  6.665 0.0000000000
1478  24.934  9.703  6.227 0.0000000000
1479  24.625  9.648  6.031 0.0000000000
1480  23.967  9.270  6.034 0.0000000000
1500  24.578  9.515  6.076 0.0000000000
1501  24.053  9.310  5.930 0.0000000000
1502  23.689  9.300  5.498 0.0000000000
1527  23.838  9.472  5.010 0.0000000000
1528  23.305  9.095  5.151 0.0000000000
1529  22.967  9.029  4.929 0.0000000000
1553  23.664  9.373  4.652 0.0000000000
1554  23.214  9.158  4.589 0.0000000000
1555  22.871  8.954  4.550 0.0000000000
1572  23.774  9.589  4.474 0.0000000000
1573  23.503  9.446  4.253 0.0000000000
1574  23.017  9.172  4.122 0.0000000000
1586  23.290  9.506  3.895 0.0000000000
1587  22.938  9.361  3.552 0.0000000000
1588  22.586  9.178  3.368 0.0000000000
1599  22.668  9.414  3.227 0.0000000000
1600  22.394  9.177  3.053 0.0000000000
1610  22.112  9.172  2.703 0.0000000000
1788  24.610  9.796  9.915 0.0000000000
1789  24.246  9.819  10.085 0.0000000000
1801  25.116  9.872  9.461 0.0000000000
1802  24.777  9.784  9.554 0.0000000000
1803  24.363  9.755  9.603 0.0000000000
1804  23.919  9.747  9.722 0.0000000000
1805  23.383  9.674  9.812 0.0000000000
1815  24.960  9.781  9.189 0.0000000000
1816  24.570  9.749  9.193 0.0000000000
1817  24.083  9.711  9.173 0.0000000000
1818  23.555  9.643  9.271 0.0000000000
1829  24.831  9.772  8.842 0.0000000000
1830  24.357  9.720  8.808 0.0000000000
1831  23.859  9.689  8.806 0.0000000000
1832  23.313  9.580  8.811 0.0000000000
1847  24.613  9.746  8.416 0.0000000000
1848  24.143  9.712  8.402 0.0000000000
1849  23.644  9.706  8.354 0.0000000000
1868  24.793  9.760  7.940 0.0000000000
1869  24.386  9.721  8.054 0.0000000000
1870  23.988  9.705  7.929 0.0000000000
1884  25.341  9.843  7.273 0.0000000000
1885  24.905  9.766  7.346 0.0000000000
1886  24.376  9.693  7.521 0.0000000000
1887  23.857  9.597  7.329 0.0000000000
1903  25.138  9.817  6.850 0.0000000000
1904  24.969  9.800  6.872 0.0000000000
1905  24.498  9.631  6.680 0.0000000000
1906  23.676  9.475  6.954 0.0000000000
1924  25.267  9.957  6.327 0.0000000000
1925  24.978  9.886  6.298 0.0000000000
1926  24.775  9.906  6.432 0.0000000000
1945  25.145  9.869  6.040 0.0000000000
1946  24.891  9.965  5.800 0.0000000000
1947  24.382  9.738  5.513 0.0000000000
1948  24.002  9.572  5.275 0.0000000000
1967  24.587  9.964  5.317 0.0000000000
1968  24.130  9.846  4.865 0.0000000000
1969  24.009  9.663  4.984 0.0000000000
1985  24.156  9.917  4.789 0.0000000000
1986  23.987  9.774  4.718 0.0000000000
2000  23.522  9.871  4.021 0.0000000000
2009  23.308  9.835  3.644 0.0000000000
2016  22.772  9.776  3.257 0.0000000000
2220  25.332  10.241  10.498 0.0000000000
2221  24.904  10.202  10.639 0.0000000000
2238  25.076  10.124  10.190 0.0000000000
2239  24.624  10.040  10.272 0.0000000000
2253  24.966  9.938  9.904 0.0000000000
2612  25.046  10.434  11.462 0.0000000000
2629  25.190  10.313  10.985 0.0000000000
