#!ascii label  , from subject  vox2ras=TkReg
391
15689  21.737  20.886  19.755 0.0000000000
15690  21.243  20.859  19.820 0.0000000000
15700  23.270  20.746  19.139 0.0000000000
17123  22.206  21.296  19.750 0.0000000000
17124  22.005  21.172  19.765 0.0000000000
17125  21.475  21.248  19.887 0.0000000000
17126  21.007  21.271  19.802 0.0000000000
17142  22.993  20.900  19.351 0.0000000000
17143  22.789  21.097  19.497 0.0000000000
17144  22.334  21.085  19.693 0.0000000000
17145  22.013  20.909  19.744 0.0000000000
18490  22.710  22.197  19.744 0.0000000000
18491  22.310  21.686  19.778 0.0000000000
18492  21.704  21.647  19.957 0.0000000000
18493  21.183  21.620  19.970 0.0000000000
18494  21.006  21.738  19.619 0.0000000000
18509  23.050  21.871  19.494 0.0000000000
18510  22.623  21.418  19.646 0.0000000000
19680  24.183  22.055  24.235 0.0000000000
19681  23.973  22.101  23.981 0.0000000000
19682  23.448  21.937  23.999 0.0000000000
19683  22.990  21.962  24.028 0.0000000000
19684  22.639  22.040  24.090 0.0000000000
19685  22.127  22.105  24.028 0.0000000000
19697  24.726  22.234  23.473 0.0000000000
19698  24.378  22.141  23.691 0.0000000000
19699  23.828  21.947  23.747 0.0000000000
19700  23.214  21.913  23.738 0.0000000000
19701  22.932  22.135  23.785 0.0000000000
19702  22.197  22.056  23.965 0.0000000000
19703  21.999  22.084  24.113 0.0000000000
19711  24.413  22.166  23.286 0.0000000000
19712  24.059  22.056  23.310 0.0000000000
19713  23.524  21.961  23.367 0.0000000000
19714  22.940  22.084  23.462 0.0000000000
19715  22.981  22.534  23.459 0.0000000000
19722  24.976  21.860  21.946 0.0000000000
19723  24.510  21.817  22.208 0.0000000000
19724  24.076  21.841  22.343 0.0000000000
19725  23.736  21.883  22.428 0.0000000000
19726  23.319  22.050  22.393 0.0000000000
19727  23.043  22.229  22.269 0.0000000000
19728  23.026  22.351  22.126 0.0000000000
19739  25.624  21.986  21.898 0.0000000000
19740  25.227  21.884  21.799 0.0000000000
19741  24.891  21.885  21.703 0.0000000000
19742  24.485  21.928  21.697 0.0000000000
19743  24.049  22.025  21.799 0.0000000000
19744  23.749  22.115  21.898 0.0000000000
19745  23.246  22.206  22.034 0.0000000000
19746  23.110  22.385  21.935 0.0000000000
19747  22.860  22.144  22.100 0.0000000000
19757  26.119  22.242  21.607 0.0000000000
19758  25.858  22.125  21.622 0.0000000000
19759  25.393  22.020  21.419 0.0000000000
19760  25.001  22.073  21.322 0.0000000000
19761  24.599  22.168  21.268 0.0000000000
19762  24.018  22.321  21.245 0.0000000000
19764  23.399  22.477  21.524 0.0000000000
19765  23.038  22.623  21.767 0.0000000000
19804  22.398  22.361  19.960 0.0000000000
19805  21.956  22.021  19.934 0.0000000000
19806  21.398  21.920  20.003 0.0000000000
19807  20.947  21.967  20.074 0.0000000000
19808  20.511  21.944  20.045 0.0000000000
20965  23.240  22.794  24.973 0.0000000000
20966  22.949  22.789  25.093 0.0000000000
20967  22.494  22.822  25.137 0.0000000000
20968  22.042  22.854  25.075 0.0000000000
20969  21.832  22.887  25.040 0.0000000000
20975  24.358  22.830  24.308 0.0000000000
20976  23.937  22.615  24.518 0.0000000000
20977  23.335  22.448  24.647 0.0000000000
20978  23.026  22.583  25.122 0.0000000000
20979  22.668  22.701  25.213 0.0000000000
20980  22.189  22.665  24.939 0.0000000000
20992  24.633  22.736  24.049 0.0000000000
20993  24.211  22.394  24.163 0.0000000000
20994  23.648  22.169  24.209 0.0000000000
20995  23.145  22.150  24.275 0.0000000000
20996  22.883  22.223  24.380 0.0000000000
20997  22.441  22.284  24.518 0.0000000000
20998  21.925  22.331  24.442 0.0000000000
20999  21.325  22.623  24.246 0.0000000000
21012  25.647  22.859  23.269 0.0000000000
21013  25.405  22.763  23.410 0.0000000000
21014  24.930  22.566  23.660 0.0000000000
21015  24.560  22.336  23.933 0.0000000000
21016  23.011  22.585  23.630 0.0000000000
21017  22.611  22.189  23.617 0.0000000000
21018  21.931  22.307  23.900 0.0000000000
21019  21.332  22.533  23.804 0.0000000000
21028  25.628  22.676  23.147 0.0000000000
21029  25.286  22.382  23.153 0.0000000000
21030  24.843  22.262  22.943 0.0000000000
21031  24.102  22.256  22.785 0.0000000000
21032  24.008  22.112  23.208 0.0000000000
21033  23.303  22.151  23.148 0.0000000000
21034  22.809  22.289  23.256 0.0000000000
21035  22.242  22.469  23.331 0.0000000000
21036  21.758  22.561  23.347 0.0000000000
21037  21.156  22.638  23.458 0.0000000000
21038  20.823  22.772  23.637 0.0000000000
21047  25.924  22.514  22.670 0.0000000000
21048  25.679  22.411  22.781 0.0000000000
21049  25.048  21.937  22.588 0.0000000000
21050  24.422  21.984  22.706 0.0000000000
21051  23.898  22.090  22.885 0.0000000000
21052  23.697  22.164  22.849 0.0000000000
21053  23.188  22.196  22.835 0.0000000000
21054  23.089  22.144  22.833 0.0000000000
21055  22.451  22.581  22.647 0.0000000000
21056  22.022  22.672  22.524 0.0000000000
21057  21.590  22.763  22.504 0.0000000000
21058  21.191  22.847  22.457 0.0000000000
21070  27.092  22.986  21.895 0.0000000000
21072  26.078  22.387  22.307 0.0000000000
21073  25.456  22.070  22.250 0.0000000000
21074  25.094  21.836  22.087 0.0000000000
21075  22.855  22.558  21.854 0.0000000000
21076  22.540  22.646  22.035 0.0000000000
21077  21.919  22.825  22.058 0.0000000000
21078  21.415  22.892  22.140 0.0000000000
21079  21.064  22.983  22.190 0.0000000000
21086  26.931  22.925  22.024 0.0000000000
21088  26.111  22.253  21.846 0.0000000000
21091  22.796  22.770  21.552 0.0000000000
21092  22.296  22.851  21.652 0.0000000000
21093  21.944  22.913  21.688 0.0000000000
21094  21.258  23.009  22.012 0.0000000000
21095  21.121  23.080  21.972 0.0000000000
21130  22.386  22.922  20.491 0.0000000000
21131  21.890  22.804  20.488 0.0000000000
21132  21.375  22.717  20.489 0.0000000000
21133  20.877  22.705  20.461 0.0000000000
21134  20.596  22.715  20.414 0.0000000000
21152  22.606  22.797  20.168 0.0000000000
21153  22.117  22.619  20.195 0.0000000000
21154  21.618  22.473  20.226 0.0000000000
21155  21.119  22.389  20.247 0.0000000000
21156  20.561  22.430  20.233 0.0000000000
21157  20.056  22.253  20.098 0.0000000000
21158  19.835  22.244  20.030 0.0000000000
21172  20.008  21.933  19.941 0.0000000000
21173  19.490  22.245  19.837 0.0000000000
22461  24.539  22.923  24.275 0.0000000000
22462  24.111  22.758  24.531 0.0000000000
22463  23.634  22.847  24.783 0.0000000000
22476  24.616  23.063  24.003 0.0000000000
22492  25.894  23.351  23.248 0.0000000000
22493  25.661  23.128  23.390 0.0000000000
22494  25.166  23.047  23.690 0.0000000000
22495  24.839  23.086  23.872 0.0000000000
22506  26.118  23.278  23.055 0.0000000000
22507  26.005  23.209  23.125 0.0000000000
22508  25.815  22.904  23.142 0.0000000000
22509  22.696  22.385  22.948 0.0000000000
22510  22.124  22.691  23.211 0.0000000000
22511  21.809  22.818  23.078 0.0000000000
22512  21.465  22.730  23.085 0.0000000000
22513  20.751  22.830  23.221 0.0000000000
22522  26.621  23.278  22.572 0.0000000000
22523  26.205  23.147  22.893 0.0000000000
22524  25.975  22.762  22.859 0.0000000000
22525  25.794  22.738  23.028 0.0000000000
22526  22.380  22.476  22.867 0.0000000000
22527  22.116  22.689  22.838 0.0000000000
22528  21.763  22.731  22.841 0.0000000000
22529  21.263  22.789  22.794 0.0000000000
22530  20.851  22.974  22.582 0.0000000000
22541  26.873  23.103  22.153 0.0000000000
22542  26.458  22.868  22.498 0.0000000000
22543  25.929  22.734  22.847 0.0000000000
22544  21.641  22.923  21.855 0.0000000000
22545  21.415  22.975  21.960 0.0000000000
22546  21.078  23.129  21.978 0.0000000000
22547  20.509  23.128  22.214 0.0000000000
22548  20.063  23.208  22.253 0.0000000000
22549  19.906  23.253  21.994 0.0000000000
22556  27.040  22.894  21.704 0.0000000000
22558  22.472  22.986  21.288 0.0000000000
22559  21.881  23.022  21.433 0.0000000000
22560  21.774  23.028  21.485 0.0000000000
22561  21.345  23.042  21.702 0.0000000000
22562  21.010  23.150  21.713 0.0000000000
22563  20.672  23.224  21.735 0.0000000000
22571  27.268  22.879  21.221 0.0000000000
22572  26.982  22.652  21.181 0.0000000000
22574  22.359  23.077  21.037 0.0000000000
22575  21.766  23.250  21.061 0.0000000000
22576  21.498  23.067  21.178 0.0000000000
22577  21.083  23.130  21.250 0.0000000000
22578  21.190  23.297  21.178 0.0000000000
22579  20.491  23.305  21.316 0.0000000000
22586  22.600  23.030  20.807 0.0000000000
22587  22.154  23.041  20.793 0.0000000000
22588  21.701  23.123  20.936 0.0000000000
22589  21.061  23.030  20.906 0.0000000000
22590  20.759  23.124  20.807 0.0000000000
22591  20.160  22.911  20.484 0.0000000000
22592  19.809  22.921  20.112 0.0000000000
22603  20.391  22.743  20.395 0.0000000000
22604  20.100  22.676  20.278 0.0000000000
22605  19.670  22.701  20.135 0.0000000000
22606  19.074  23.095  20.010 0.0000000000
22616  19.076  22.817  19.836 0.0000000000
22617  18.960  22.800  19.764 0.0000000000
22618  18.692  22.842  19.543 0.0000000000
22635  18.005  23.246  18.982 0.0000000000
22650  17.948  23.254  18.864 0.0000000000
23941  24.747  23.222  24.138 0.0000000000
23957  25.749  23.521  23.417 0.0000000000
23958  25.407  23.520  23.672 0.0000000000
23959  24.985  23.515  23.779 0.0000000000
23960  24.766  23.523  23.981 0.0000000000
23976  26.179  23.552  23.087 0.0000000000
23977  25.972  23.614  23.248 0.0000000000
23992  19.964  23.219  23.094 0.0000000000
24009  19.140  23.959  21.986 0.0000000000
24020  27.357  23.384  21.767 0.0000000000
24022  19.869  23.122  21.481 0.0000000000
24023  19.211  23.421  21.686 0.0000000000
24024  19.147  23.488  21.702 0.0000000000
24031  27.509  23.213  21.343 0.0000000000
24032  21.040  23.256  20.920 0.0000000000
24033  20.742  23.347  20.810 0.0000000000
24034  19.793  23.471  20.945 0.0000000000
24035  19.730  23.245  20.925 0.0000000000
24036  19.109  23.280  20.883 0.0000000000
24037  19.141  23.452  21.304 0.0000000000
24042  20.983  23.053  20.990 0.0000000000
24043  20.740  23.149  20.915 0.0000000000
24044  20.322  23.150  20.768 0.0000000000
24045  19.809  23.137  20.537 0.0000000000
24046  19.178  23.362  20.637 0.0000000000
24047  18.763  23.462  20.342 0.0000000000
24048  18.454  23.470  20.085 0.0000000000
24053  19.383  23.108  20.244 0.0000000000
24054  19.118  23.031  20.061 0.0000000000
24055  18.844  23.280  20.124 0.0000000000
24056  18.481  23.630  20.125 0.0000000000
24065  18.986  23.035  19.923 0.0000000000
24066  18.525  23.204  19.681 0.0000000000
24067  18.174  23.594  19.669 0.0000000000
24074  18.169  23.264  19.308 0.0000000000
24075  17.983  23.505  19.300 0.0000000000
24076  17.848  23.453  18.874 0.0000000000
24081  17.777  23.585  18.872 0.0000000000
25468  25.695  23.942  23.522 0.0000000000
25469  25.174  23.985  23.714 0.0000000000
25470  24.894  23.944  23.833 0.0000000000
25471  24.776  23.976  23.974 0.0000000000
25485  26.307  24.040  23.026 0.0000000000
25486  26.033  23.991  23.240 0.0000000000
25514  18.492  23.746  21.796 0.0000000000
25524  18.748  23.692  21.803 0.0000000000
25533  18.961  23.544  20.959 0.0000000000
25534  18.762  23.658  21.318 0.0000000000
25535  18.154  23.827  21.229 0.0000000000
25543  18.984  23.552  20.905 0.0000000000
25544  18.694  23.649  20.842 0.0000000000
25545  18.298  23.774  20.495 0.0000000000
25551  17.937  23.933  20.123 0.0000000000
25558  17.937  23.830  19.782 0.0000000000
25559  17.786  23.953  19.697 0.0000000000
25562  17.829  23.766  19.432 0.0000000000
25563  17.691  23.920  19.265 0.0000000000
25566  17.572  23.939  18.739 0.0000000000
27011  25.488  24.481  23.646 0.0000000000
27012  25.028  24.378  23.730 0.0000000000
27013  24.864  24.347  23.862 0.0000000000
27067  17.246  24.520  21.497 0.0000000000
27076  17.952  23.886  20.937 0.0000000000
27077  17.624  24.193  21.179 0.0000000000
27078  17.088  24.678  21.044 0.0000000000
27086  17.847  23.990  20.615 0.0000000000
27087  17.407  24.359  20.679 0.0000000000
27088  17.094  24.724  20.923 0.0000000000
27092  17.820  24.019  20.231 0.0000000000
27093  17.564  24.280  20.189 0.0000000000
27097  17.843  24.110  20.199 0.0000000000
27098  17.499  24.091  19.946 0.0000000000
27099  17.455  24.374  19.189 0.0000000000
27102  17.449  24.356  18.574 0.0000000000
28585  25.184  24.874  23.680 0.0000000000
28586  24.993  24.752  23.713 0.0000000000
28667  17.282  24.536  20.418 0.0000000000
28672  17.233  24.665  20.129 0.0000000000
28676  17.254  24.811  19.719 0.0000000000
28678  17.740  25.175  18.841 0.0000000000
28679  17.604  24.812  19.083 0.0000000000
28682  17.758  25.136  18.795 0.0000000000
28683  17.625  24.656  18.409 0.0000000000
28690  17.758  24.808  18.072 0.0000000000
28706  19.936  25.086  17.662 0.0000000000
30242  17.299  24.938  19.582 0.0000000000
30243  16.978  25.055  19.941 0.0000000000
30248  17.746  25.323  18.931 0.0000000000
30249  17.566  25.156  19.283 0.0000000000
30250  17.236  25.136  19.771 0.0000000000
30257  17.790  25.265  18.462 0.0000000000
30270  18.095  25.282  18.024 0.0000000000
30271  17.939  25.159  18.026 0.0000000000
30290  19.298  25.542  17.753 0.0000000000
30291  18.906  25.468  17.716 0.0000000000
31889  17.709  26.033  19.977 0.0000000000
31906  17.827  26.119  19.708 0.0000000000
31907  17.517  25.758  19.994 0.0000000000
31923  18.092  25.842  19.043 0.0000000000
31924  17.918  25.834  19.206 0.0000000000
31925  17.453  25.639  19.620 0.0000000000
31941  18.131  25.766  18.690 0.0000000000
31942  17.891  25.639  18.805 0.0000000000
31960  18.304  25.677  18.184 0.0000000000
31961  17.949  25.486  18.334 0.0000000000
31973  19.963  25.710  17.976 0.0000000000
31974  19.518  25.813  17.945 0.0000000000
31975  19.076  25.849  17.980 0.0000000000
31976  18.712  25.780  17.999 0.0000000000
33576  17.567  26.234  20.222 0.0000000000
33588  17.839  26.364  19.872 0.0000000000
33594  18.860  26.271  18.976 0.0000000000
33595  18.500  26.184  18.929 0.0000000000
33596  17.950  26.070  19.299 0.0000000000
33604  21.644  26.251  18.564 0.0000000000
33605  21.142  26.271  18.612 0.0000000000
33606  20.636  26.285  18.643 0.0000000000
33607  20.099  26.292  18.623 0.0000000000
33608  19.613  26.295  18.630 0.0000000000
33609  19.107  26.273  18.721 0.0000000000
33610  18.677  26.215  18.719 0.0000000000
33611  18.302  26.048  18.889 0.0000000000
33622  19.849  25.999  18.253 0.0000000000
33623  19.328  26.148  18.317 0.0000000000
33624  18.883  26.152  18.369 0.0000000000
33625  18.442  26.055  18.448 0.0000000000
33639  19.706  25.859  18.070 0.0000000000
33640  19.416  25.962  18.096 0.0000000000
33641  19.030  25.971  18.129 0.0000000000
33642  18.708  25.929  18.186 0.0000000000
35284  19.665  26.900  20.550 0.0000000000
35285  17.668  27.079  20.733 0.0000000000
35299  20.586  26.838  20.161 0.0000000000
35300  20.065  26.901  20.285 0.0000000000
35301  19.538  26.786  20.217 0.0000000000
35302  18.080  26.932  20.218 0.0000000000
35303  17.821  26.853  20.351 0.0000000000
35314  21.298  26.761  20.003 0.0000000000
35315  20.918  26.643  19.886 0.0000000000
35316  20.365  26.737  19.825 0.0000000000
35317  19.955  26.776  19.989 0.0000000000
35318  19.271  26.789  19.805 0.0000000000
35319  18.683  26.795  19.695 0.0000000000
35320  18.126  26.757  19.953 0.0000000000
35321  18.070  26.796  19.978 0.0000000000
35328  21.863  26.707  20.001 0.0000000000
35329  21.201  26.707  19.537 0.0000000000
35330  20.783  26.676  19.396 0.0000000000
35331  20.218  26.665  19.380 0.0000000000
35332  19.730  26.694  19.495 0.0000000000
35333  18.991  26.520  19.286 0.0000000000
35334  18.346  26.538  19.491 0.0000000000
35344  21.917  26.439  18.910 0.0000000000
35345  21.521  26.437  18.861 0.0000000000
35346  21.011  26.507  18.980 0.0000000000
35347  20.465  26.497  18.969 0.0000000000
35348  19.900  26.529  18.993 0.0000000000
35349  19.396  26.466  19.013 0.0000000000
35350  18.930  26.273  18.946 0.0000000000
37037  19.047  27.223  20.640 0.0000000000
37038  18.582  27.267  20.594 0.0000000000
37039  17.988  27.313  20.722 0.0000000000
37062  19.268  26.942  20.451 0.0000000000
37063  18.773  27.099  20.054 0.0000000000
37064  18.381  27.059  20.210 0.0000000000
37065  17.835  26.910  20.167 0.0000000000
37077  20.113  26.711  19.850 0.0000000000
37078  20.027  26.760  19.876 0.0000000000
37079  19.156  26.924  20.108 0.0000000000
37080  18.916  27.039  20.052 0.0000000000
37081  18.507  26.973  19.977 0.0000000000
37093  21.995  26.690  19.396 0.0000000000
37094  21.582  26.666  19.349 0.0000000000
37095  21.222  26.633  19.203 0.0000000000
37096  20.034  26.717  19.690 0.0000000000
37097  20.071  26.762  19.802 0.0000000000
37114  21.830  26.584  19.087 0.0000000000
37115  21.386  26.571  19.076 0.0000000000
38680  19.129  27.406  20.972 0.0000000000
38682  18.324  27.530  20.903 0.0000000000
38683  18.085  27.551  20.931 0.0000000000
