#!ascii label  , from subject  vox2ras=TkReg
142
6933  25.892  16.385  15.629 0.0000000000
6949  25.833  16.224  15.319 0.0000000000
7543  24.802  16.495  17.093 0.0000000000
7544  24.358  16.410  17.129 0.0000000000
7550  22.199  16.766  16.897 0.0000000000
7556  25.517  16.557  16.547 0.0000000000
7557  25.214  16.408  16.695 0.0000000000
7575  25.940  16.733  16.157 0.0000000000
7576  25.679  16.501  16.245 0.0000000000
7591  25.972  16.633  15.916 0.0000000000
7592  25.816  16.481  15.942 0.0000000000
7605  26.124  16.441  15.248 0.0000000000
8288  24.938  17.075  17.474 0.0000000000
8289  24.743  17.053  17.520 0.0000000000
8290  24.290  16.996  17.632 0.0000000000
8291  23.961  17.018  17.720 0.0000000000
8292  23.367  16.850  17.564 0.0000000000
8293  22.805  16.922  17.562 0.0000000000
8294  22.632  16.869  17.516 0.0000000000
8295  22.195  16.957  17.499 0.0000000000
8304  25.794  17.288  16.947 0.0000000000
8305  25.202  16.944  17.208 0.0000000000
8306  24.577  16.738  17.328 0.0000000000
8307  24.102  16.678  17.350 0.0000000000
8308  23.653  16.631  17.328 0.0000000000
8309  23.216  16.596  17.292 0.0000000000
8310  22.819  16.623  17.288 0.0000000000
8323  25.912  17.129  16.769 0.0000000000
8324  25.642  16.800  16.681 0.0000000000
8325  25.326  16.748  16.945 0.0000000000
8341  26.052  16.887  16.224 0.0000000000
8342  25.792  16.731  16.377 0.0000000000
8356  29.802  17.089  15.434 0.0000000000
8358  26.598  17.140  15.398 0.0000000000
8359  26.277  16.850  15.650 0.0000000000
8374  26.423  16.818  15.213 0.0000000000
9128  24.144  17.732  17.966 0.0000000000
9129  24.034  17.664  18.028 0.0000000000
9130  23.607  17.538  18.096 0.0000000000
9131  23.138  17.456  18.064 0.0000000000
9132  22.665  17.480  18.039 0.0000000000
9138  25.333  17.553  17.437 0.0000000000
9139  25.142  17.406  17.516 0.0000000000
9140  24.885  17.390  17.633 0.0000000000
9141  24.382  17.547  17.780 0.0000000000
9142  23.953  17.314  17.854 0.0000000000
9143  23.489  17.196  17.831 0.0000000000
9144  22.975  17.097  17.747 0.0000000000
9145  22.453  17.215  17.771 0.0000000000
9158  26.071  17.700  16.874 0.0000000000
9159  25.653  17.530  17.232 0.0000000000
9160  25.292  17.341  17.363 0.0000000000
9174  29.663  17.373  16.318 0.0000000000
9177  26.244  17.646  16.507 0.0000000000
9191  29.727  17.547  16.183 0.0000000000
9193  26.601  17.663  15.968 0.0000000000
9194  26.200  17.181  16.261 0.0000000000
9210  29.809  17.401  15.570 0.0000000000
9211  29.687  17.144  15.728 0.0000000000
9212  26.718  17.547  15.585 0.0000000000
9213  26.413  17.248  15.844 0.0000000000
9227  27.182  17.687  14.995 0.0000000000
9228  26.941  17.520  15.125 0.0000000000
9243  27.747  17.709  14.448 0.0000000000
9257  29.001  17.663  13.911 0.0000000000
9258  28.511  17.738  14.006 0.0000000000
9259  27.959  17.645  14.191 0.0000000000
10151  23.343  18.053  18.290 0.0000000000
10152  23.037  17.926  18.247 0.0000000000
10159  24.175  17.936  18.008 0.0000000000
10160  23.736  17.929  18.209 0.0000000000
10161  23.267  17.788  18.217 0.0000000000
10162  22.809  17.766  18.209 0.0000000000
10170  25.430  17.932  17.535 0.0000000000
10171  25.065  17.796  17.670 0.0000000000
10172  24.811  17.898  17.727 0.0000000000
10173  24.481  17.975  17.775 0.0000000000
10184  26.101  18.025  16.994 0.0000000000
10185  25.993  18.043  17.122 0.0000000000
10199  29.906  17.679  16.274 0.0000000000
10201  26.627  18.207  16.157 0.0000000000
10202  26.385  17.998  16.544 0.0000000000
10203  20.765  17.601  17.000 0.0000000000
10204  20.308  17.699  16.777 0.0000000000
10205  19.935  17.699  16.587 0.0000000000
10206  19.674  17.837  16.460 0.0000000000
10217  29.834  17.789  16.121 0.0000000000
10219  26.917  18.317  15.779 0.0000000000
10220  26.719  18.155  16.006 0.0000000000
10221  26.549  17.885  15.989 0.0000000000
10222  19.371  17.935  16.166 0.0000000000
10236  29.859  17.887  15.565 0.0000000000
10237  27.023  18.180  15.612 0.0000000000
10238  26.793  17.880  15.738 0.0000000000
10254  27.600  18.120  14.866 0.0000000000
10255  27.294  17.960  15.115 0.0000000000
10256  26.954  17.824  15.431 0.0000000000
10272  29.202  18.062  14.119 0.0000000000
10273  27.801  18.125  14.576 0.0000000000
10274  27.856  17.928  14.576 0.0000000000
10275  27.539  17.872  14.774 0.0000000000
10288  29.190  17.924  14.206 0.0000000000
10289  28.837  17.946  14.138 0.0000000000
10290  28.320  17.915  14.228 0.0000000000
10291  28.083  17.896  14.342 0.0000000000
11158  23.946  17.926  18.181 0.0000000000
11176  24.362  18.129  17.833 0.0000000000
11186  26.055  18.322  17.091 0.0000000000
11206  26.588  18.417  16.433 0.0000000000
11207  26.177  18.312  16.934 0.0000000000
11208  20.193  17.915  16.790 0.0000000000
11209  19.850  18.150  16.781 0.0000000000
11210  19.429  18.333  16.649 0.0000000000
11223  29.795  18.236  16.053 0.0000000000
11225  27.040  18.615  15.771 0.0000000000
11226  26.865  18.707  16.018 0.0000000000
11242  29.809  18.425  15.533 0.0000000000
11243  27.555  18.848  15.141 0.0000000000
11244  27.310  18.535  15.370 0.0000000000
11258  28.753  18.814  14.776 0.0000000000
11259  28.246  18.908  14.935 0.0000000000
11260  27.891  18.507  14.887 0.0000000000
11261  27.518  18.441  15.106 0.0000000000
11271  29.015  18.430  14.540 0.0000000000
11272  28.408  18.423  14.603 0.0000000000
11273  28.038  18.254  14.643 0.0000000000
11281  28.750  18.199  14.324 0.0000000000
11282  28.464  18.112  14.314 0.0000000000
12240  26.710  19.006  16.400 0.0000000000
12241  26.394  18.772  16.729 0.0000000000
12258  26.977  19.026  15.937 0.0000000000
12259  27.001  19.027  15.987 0.0000000000
12271  29.756  18.788  15.724 0.0000000000
12273  27.735  19.092  15.228 0.0000000000
12274  27.439  19.052  15.542 0.0000000000
12286  28.141  19.129  14.973 0.0000000000
13312  26.909  19.769  16.089 0.0000000000
13313  26.690  19.552  16.388 0.0000000000
13325  27.054  19.483  15.975 0.0000000000
13326  26.875  19.347  16.147 0.0000000000
13338  27.498  19.496  15.609 0.0000000000
13349  28.286  19.609  15.029 0.0000000000
