#!ascii label  , from subject  vox2ras=TkReg
692
8093  21.061  16.897  35.941 0.0000000000
8094  20.920  16.859  35.946 0.0000000000
8095  20.634  16.910  35.894 0.0000000000
8096  21.078  16.978  35.852 0.0000000000
8097  20.944  17.013  35.767 0.0000000000
8098  20.704  16.807  35.782 0.0000000000
8897  21.824  17.003  37.385 0.0000000000
8898  21.333  17.211  37.200 0.0000000000
8899  20.847  17.243  37.009 0.0000000000
8901  22.173  17.285  37.023 0.0000000000
8902  21.772  17.238  36.833 0.0000000000
8903  21.270  17.218  36.635 0.0000000000
8904  20.783  17.209  36.485 0.0000000000
8906  22.558  17.447  36.396 0.0000000000
8907  22.268  17.350  36.493 0.0000000000
8908  21.731  17.240  36.294 0.0000000000
8909  21.182  16.998  36.082 0.0000000000
8910  20.642  16.971  36.174 0.0000000000
8912  22.565  17.361  36.172 0.0000000000
8913  22.178  17.259  35.998 0.0000000000
8914  21.718  17.230  35.798 0.0000000000
8915  21.258  17.257  35.607 0.0000000000
8918  22.543  17.298  35.792 0.0000000000
8919  22.200  17.268  35.541 0.0000000000
9844  22.530  17.497  36.770 0.0000000000
9850  22.545  17.494  36.517 0.0000000000
10840  23.151  17.924  32.869 0.0000000000
10846  25.591  18.270  32.490 0.0000000000
10847  23.496  18.264  32.746 0.0000000000
11868  24.582  18.544  33.455 0.0000000000
11877  25.559  18.369  32.887 0.0000000000
11879  24.739  18.555  32.994 0.0000000000
11880  24.046  18.583  33.008 0.0000000000
11887  26.792  18.961  32.006 0.0000000000
11891  24.987  18.505  32.541 0.0000000000
11892  24.425  18.597  32.507 0.0000000000
11908  24.764  18.510  32.090 0.0000000000
11936  27.007  18.990  30.663 0.0000000000
11945  27.187  19.004  30.074 0.0000000000
11946  27.041  18.913  30.275 0.0000000000
11954  27.195  18.939  29.665 0.0000000000
11961  27.203  18.918  29.065 0.0000000000
12896  23.522  19.070  36.288 0.0000000000
12897  23.143  19.466  36.302 0.0000000000
12907  23.585  19.273  36.110 0.0000000000
12915  24.163  19.333  35.495 0.0000000000
12953  26.175  19.429  33.226 0.0000000000
12963  26.284  19.413  32.896 0.0000000000
12964  25.949  19.797  32.883 0.0000000000
12973  26.353  19.525  32.442 0.0000000000
12974  26.024  19.772  32.810 0.0000000000
12992  26.920  18.926  31.258 0.0000000000
12993  26.946  19.053  30.774 0.0000000000
13004  26.981  19.082  30.621 0.0000000000
13005  26.911  19.342  30.884 0.0000000000
13013  27.239  19.305  30.106 0.0000000000
13014  27.165  19.415  30.358 0.0000000000
13022  27.622  19.638  29.711 0.0000000000
13023  27.461  19.463  29.813 0.0000000000
13032  27.723  19.581  29.520 0.0000000000
13033  27.452  19.249  29.313 0.0000000000
13042  27.866  19.652  28.984 0.0000000000
13043  27.500  19.240  28.865 0.0000000000
13053  27.789  19.539  28.749 0.0000000000
13997  22.807  19.660  36.453 0.0000000000
14008  23.366  19.567  36.003 0.0000000000
14009  22.963  19.977  35.984 0.0000000000
14010  22.694  20.057  36.251 0.0000000000
14019  23.834  19.465  35.675 0.0000000000
14020  23.439  19.793  35.716 0.0000000000
14021  22.924  20.034  35.935 0.0000000000
14030  23.969  19.716  35.270 0.0000000000
14031  23.593  19.963  35.358 0.0000000000
14040  24.466  19.728  34.972 0.0000000000
14041  24.029  19.872  34.966 0.0000000000
14051  24.568  19.809  34.567 0.0000000000
14059  24.501  20.111  34.057 0.0000000000
14065  26.096  19.602  33.176 0.0000000000
14066  25.910  19.675  33.274 0.0000000000
14068  25.088  19.871  33.955 0.0000000000
14075  26.106  19.632  33.052 0.0000000000
14076  25.933  19.790  32.934 0.0000000000
14077  25.658  19.988  32.789 0.0000000000
14078  25.346  20.097  32.710 0.0000000000
14086  26.443  19.925  32.061 0.0000000000
14087  26.185  20.071  32.098 0.0000000000
14088  25.837  19.830  32.445 0.0000000000
14089  25.349  19.992  32.419 0.0000000000
14090  25.109  20.088  32.471 0.0000000000
14098  26.735  19.553  31.691 0.0000000000
14099  26.409  19.826  31.626 0.0000000000
14107  26.968  19.181  31.375 0.0000000000
14108  26.568  19.687  31.205 0.0000000000
14109  25.871  19.891  31.153 0.0000000000
14120  27.185  19.516  30.525 0.0000000000
14121  26.474  19.781  30.770 0.0000000000
14122  26.102  19.870  31.172 0.0000000000
14129  27.229  19.737  30.044 0.0000000000
14130  27.115  19.852  30.106 0.0000000000
14131  26.751  19.983  30.166 0.0000000000
14138  27.679  19.863  29.689 0.0000000000
14139  27.373  19.977  29.879 0.0000000000
14140  27.024  20.049  29.963 0.0000000000
14141  26.894  20.103  29.879 0.0000000000
14150  28.007  19.958  29.245 0.0000000000
14159  28.036  19.791  28.909 0.0000000000
15270  22.788  20.073  36.169 0.0000000000
15271  22.414  20.470  36.275 0.0000000000
15280  23.257  20.088  35.594 0.0000000000
15281  22.843  20.469  35.704 0.0000000000
15282  22.536  20.736  36.141 0.0000000000
15289  23.893  20.019  34.919 0.0000000000
15290  23.367  20.337  35.200 0.0000000000
15291  23.133  20.562  35.136 0.0000000000
15299  24.230  19.915  34.783 0.0000000000
15300  23.945  20.043  34.885 0.0000000000
15301  23.653  20.315  34.907 0.0000000000
15308  24.300  20.056  34.490 0.0000000000
15309  24.083  20.193  34.447 0.0000000000
15310  23.436  20.584  34.206 0.0000000000
15317  24.874  19.909  33.867 0.0000000000
15318  24.447  20.135  33.930 0.0000000000
15319  23.863  20.387  34.050 0.0000000000
15320  23.389  20.654  34.224 0.0000000000
15328  25.751  19.976  33.095 0.0000000000
15329  25.481  20.028  33.268 0.0000000000
15330  25.126  19.968  33.569 0.0000000000
15331  24.387  20.271  33.324 0.0000000000
15332  24.037  20.344  33.407 0.0000000000
15339  25.764  19.944  32.980 0.0000000000
15340  25.569  20.158  32.973 0.0000000000
15341  25.062  20.168  32.755 0.0000000000
15342  24.508  20.278  32.854 0.0000000000
15343  23.929  20.381  33.045 0.0000000000
15344  23.701  20.568  32.847 0.0000000000
15352  26.097  20.153  31.798 0.0000000000
15353  25.858  20.204  31.955 0.0000000000
15354  25.402  20.203  32.041 0.0000000000
15355  25.093  20.193  32.097 0.0000000000
15356  24.603  20.252  32.245 0.0000000000
15357  24.060  20.333  32.456 0.0000000000
15358  23.804  20.455  32.665 0.0000000000
15366  26.195  20.069  31.582 0.0000000000
15367  25.877  20.219  31.586 0.0000000000
15368  25.462  20.242  31.694 0.0000000000
15369  25.036  20.242  31.855 0.0000000000
15370  24.651  20.264  31.940 0.0000000000
15371  24.087  20.343  32.030 0.0000000000
15380  26.143  20.045  31.296 0.0000000000
15381  26.005  20.020  31.201 0.0000000000
15382  25.527  20.231  31.285 0.0000000000
15383  25.102  20.253  31.428 0.0000000000
15384  24.660  20.286  31.574 0.0000000000
15385  24.103  20.404  31.677 0.0000000000
15396  25.955  19.958  30.994 0.0000000000
15397  25.970  20.057  30.866 0.0000000000
15398  25.586  20.213  30.877 0.0000000000
15399  25.105  20.270  30.947 0.0000000000
15400  24.741  20.314  31.142 0.0000000000
15401  24.292  20.434  31.263 0.0000000000
15415  26.175  20.088  30.585 0.0000000000
15416  25.729  20.254  30.506 0.0000000000
15417  25.191  20.333  30.468 0.0000000000
15418  24.865  20.409  30.605 0.0000000000
15431  27.507  20.126  29.711 0.0000000000
15432  27.148  20.377  29.692 0.0000000000
15433  26.531  20.212  29.988 0.0000000000
15434  26.081  20.389  29.835 0.0000000000
15435  25.394  20.428  30.122 0.0000000000
15436  25.005  20.652  30.132 0.0000000000
15444  28.001  20.181  29.165 0.0000000000
15445  27.639  20.276  29.330 0.0000000000
15446  27.168  20.625  29.148 0.0000000000
15447  26.926  20.773  28.957 0.0000000000
15454  27.965  20.398  28.873 0.0000000000
15455  27.432  20.654  28.907 0.0000000000
15456  27.039  20.789  28.897 0.0000000000
15457  26.842  20.867  28.893 0.0000000000
16649  22.284  21.043  36.143 0.0000000000
16650  22.157  21.070  36.267 0.0000000000
16659  22.768  20.826  35.433 0.0000000000
16660  22.664  20.977  35.857 0.0000000000
16661  22.382  21.127  35.918 0.0000000000
16669  23.270  20.614  35.226 0.0000000000
16670  22.998  20.876  34.779 0.0000000000
16671  22.838  20.921  35.363 0.0000000000
16680  23.125  20.757  34.545 0.0000000000
16681  23.031  21.042  34.984 0.0000000000
16689  23.053  20.822  34.048 0.0000000000
16690  22.936  20.900  34.330 0.0000000000
16700  23.417  20.742  33.750 0.0000000000
16701  23.192  20.825  33.875 0.0000000000
16702  23.034  20.961  34.025 0.0000000000
16714  23.720  20.599  33.403 0.0000000000
16715  23.281  20.900  33.465 0.0000000000
16716  22.996  21.067  33.005 0.0000000000
16727  23.832  20.542  32.977 0.0000000000
16728  23.631  20.654  33.002 0.0000000000
16729  23.178  20.809  32.983 0.0000000000
16740  23.785  20.442  32.455 0.0000000000
16741  23.453  20.652  32.568 0.0000000000
16742  22.993  20.877  32.668 0.0000000000
16752  23.739  20.540  32.209 0.0000000000
16753  23.369  20.822  32.042 0.0000000000
16764  23.724  20.635  31.798 0.0000000000
16765  23.367  20.901  31.517 0.0000000000
16766  23.232  21.175  31.264 0.0000000000
16776  24.712  20.410  30.813 0.0000000000
16777  24.346  20.586  30.887 0.0000000000
16778  23.878  20.718  31.145 0.0000000000
16779  23.544  21.015  30.952 0.0000000000
16780  23.261  21.346  30.849 0.0000000000
16792  24.905  20.572  30.326 0.0000000000
16793  24.606  20.685  30.504 0.0000000000
16794  24.125  20.794  30.564 0.0000000000
16795  23.838  20.972  30.526 0.0000000000
16796  23.812  21.004  30.745 0.0000000000
16809  26.977  20.697  29.307 0.0000000000
16810  26.546  20.635  29.613 0.0000000000
16811  26.018  20.561  29.730 0.0000000000
16812  25.554  20.581  29.810 0.0000000000
16813  24.990  20.769  29.977 0.0000000000
16814  24.412  20.854  30.116 0.0000000000
16815  24.065  21.021  30.167 0.0000000000
16816  24.061  21.032  30.077 0.0000000000
16830  26.978  20.808  28.937 0.0000000000
16831  26.634  20.779  29.046 0.0000000000
16832  26.045  20.790  29.264 0.0000000000
16833  25.641  20.840  29.390 0.0000000000
16834  25.327  20.812  29.664 0.0000000000
16847  28.108  20.665  28.494 0.0000000000
16848  27.678  20.983  28.595 0.0000000000
16849  27.151  21.007  28.754 0.0000000000
16850  26.693  20.948  28.817 0.0000000000
16851  26.157  20.886  28.940 0.0000000000
16852  25.878  20.904  29.109 0.0000000000
16864  28.094  20.857  28.062 0.0000000000
16877  28.041  21.030  28.163 0.0000000000
18102  21.841  21.428  36.446 0.0000000000
18118  21.988  21.528  36.084 0.0000000000
18129  22.287  21.533  35.685 0.0000000000
18130  22.237  21.402  35.890 0.0000000000
18143  22.823  20.971  34.983 0.0000000000
18144  22.580  21.231  35.238 0.0000000000
18158  22.871  20.931  34.819 0.0000000000
18159  22.605  21.252  34.827 0.0000000000
18172  22.870  20.960  34.540 0.0000000000
18173  22.698  21.171  34.464 0.0000000000
18185  22.986  20.923  33.921 0.0000000000
18186  22.920  20.943  34.053 0.0000000000
18187  22.691  21.183  34.158 0.0000000000
18196  23.057  20.983  33.802 0.0000000000
18197  23.077  21.085  33.627 0.0000000000
18198  22.391  21.404  33.542 0.0000000000
18205  22.795  21.072  33.063 0.0000000000
18206  22.192  21.617  32.986 0.0000000000
18207  22.050  21.814  32.984 0.0000000000
18211  23.071  20.950  32.335 0.0000000000
18212  22.678  21.226  32.433 0.0000000000
18213  22.192  21.681  32.726 0.0000000000
18214  22.003  21.868  32.887 0.0000000000
18219  22.999  20.988  32.240 0.0000000000
18220  23.085  21.158  31.843 0.0000000000
18221  23.055  21.278  31.560 0.0000000000
18226  23.066  21.199  31.601 0.0000000000
18227  23.009  21.378  31.162 0.0000000000
18228  22.706  21.678  30.935 0.0000000000
18235  23.820  20.994  30.921 0.0000000000
18236  23.109  21.425  31.005 0.0000000000
18241  23.886  21.133  30.229 0.0000000000
18242  23.627  21.254  30.462 0.0000000000
18243  23.054  21.713  30.624 0.0000000000
18247  24.969  20.956  29.776 0.0000000000
18248  24.816  20.916  29.827 0.0000000000
18249  24.295  21.151  29.784 0.0000000000
18250  23.905  21.294  29.915 0.0000000000
18251  23.586  21.568  30.015 0.0000000000
18259  25.500  21.047  29.239 0.0000000000
18260  25.155  21.098  29.517 0.0000000000
18261  24.595  21.363  29.355 0.0000000000
18262  24.128  21.473  29.420 0.0000000000
18263  23.855  21.625  29.535 0.0000000000
18272  27.478  21.218  28.376 0.0000000000
18273  27.230  21.223  28.450 0.0000000000
18274  26.786  21.201  28.538 0.0000000000
18275  26.278  21.125  28.673 0.0000000000
18276  25.804  21.059  28.957 0.0000000000
18277  25.361  21.210  29.086 0.0000000000
18278  24.932  21.309  29.046 0.0000000000
18288  27.656  21.143  28.178 0.0000000000
18289  27.292  21.235  28.155 0.0000000000
18290  26.914  21.233  28.137 0.0000000000
18291  26.409  21.237  28.233 0.0000000000
18292  25.836  21.326  28.396 0.0000000000
18293  25.285  21.621  28.184 0.0000000000
18312  25.926  21.263  28.017 0.0000000000
19462  21.826  21.909  36.166 0.0000000000
19472  22.036  21.906  35.668 0.0000000000
19473  21.940  21.901  35.733 0.0000000000
19481  22.197  21.766  35.375 0.0000000000
19482  21.959  22.004  35.243 0.0000000000
19491  22.254  21.650  34.988 0.0000000000
19492  22.007  21.949  34.784 0.0000000000
19499  27.906  21.426  34.288 0.0000000000
19500  27.431  21.756  34.350 0.0000000000
19501  22.289  21.571  34.481 0.0000000000
19502  21.964  21.963  34.307 0.0000000000
19509  27.942  21.728  33.643 0.0000000000
19510  22.108  21.797  33.968 0.0000000000
19511  21.911  21.986  33.883 0.0000000000
19516  28.300  21.760  33.200 0.0000000000
19517  27.917  21.900  33.247 0.0000000000
19518  21.960  21.876  33.533 0.0000000000
19519  21.902  21.948  33.410 0.0000000000
19524  28.503  21.790  32.894 0.0000000000
19525  21.909  21.915  33.108 0.0000000000
19526  21.942  21.902  33.017 0.0000000000
19530  22.839  21.306  32.014 0.0000000000
19531  22.392  21.667  32.205 0.0000000000
19532  22.048  21.876  32.663 0.0000000000
19536  23.044  21.288  31.969 0.0000000000
19537  22.469  21.744  31.697 0.0000000000
19539  22.865  21.645  30.948 0.0000000000
19540  22.580  21.872  31.155 0.0000000000
19547  22.788  21.884  30.777 0.0000000000
19548  22.572  22.079  30.962 0.0000000000
19553  23.072  22.033  30.270 0.0000000000
19554  22.927  21.984  30.453 0.0000000000
19559  23.678  21.633  29.774 0.0000000000
19560  23.396  21.843  29.922 0.0000000000
19563  24.344  21.703  29.190 0.0000000000
19564  24.030  22.009  29.176 0.0000000000
19565  23.644  21.910  29.516 0.0000000000
19566  23.461  21.775  29.767 0.0000000000
19569  25.548  21.261  28.899 0.0000000000
19570  25.122  21.437  28.806 0.0000000000
19571  24.552  21.779  28.936 0.0000000000
19572  24.239  22.024  29.042 0.0000000000
19576  25.748  21.238  28.780 0.0000000000
19577  25.478  21.553  28.648 0.0000000000
19578  24.955  21.768  28.373 0.0000000000
20733  21.766  22.307  36.241 0.0000000000
20743  21.790  22.411  35.808 0.0000000000
20749  21.846  22.242  35.176 0.0000000000
20758  21.828  22.254  34.571 0.0000000000
20763  27.588  21.903  33.921 0.0000000000
20764  27.144  22.194  34.103 0.0000000000
20765  26.684  22.263  34.436 0.0000000000
20767  21.813  22.276  34.112 0.0000000000
20774  27.639  22.028  33.428 0.0000000000
20775  27.299  22.200  33.591 0.0000000000
20776  21.792  22.278  33.641 0.0000000000
20785  28.023  21.991  32.964 0.0000000000
20786  27.707  22.128  33.016 0.0000000000
20787  27.287  22.225  33.108 0.0000000000
20788  27.055  22.258  33.016 0.0000000000
20789  21.800  22.213  33.103 0.0000000000
20790  21.433  22.207  32.845 0.0000000000
20798  28.760  21.932  32.708 0.0000000000
20799  28.284  21.968  32.689 0.0000000000
20800  27.844  22.147  32.633 0.0000000000
20801  27.427  22.226  32.668 0.0000000000
20802  27.034  22.265  32.757 0.0000000000
20803  21.833  22.081  32.832 0.0000000000
20813  28.901  22.130  32.128 0.0000000000
20814  28.479  22.102  32.207 0.0000000000
20815  28.019  22.177  32.227 0.0000000000
20816  27.556  22.232  32.239 0.0000000000
20817  27.125  22.261  32.296 0.0000000000
20818  22.357  21.888  31.757 0.0000000000
20819  22.150  22.091  32.208 0.0000000000
20829  29.010  22.136  31.643 0.0000000000
20830  28.644  22.180  31.709 0.0000000000
20831  28.198  22.218  31.773 0.0000000000
20832  27.722  22.244  31.817 0.0000000000
20833  27.247  22.266  31.827 0.0000000000
20834  22.256  22.090  31.736 0.0000000000
20835  21.920  22.154  32.041 0.0000000000
20846  28.825  22.256  31.223 0.0000000000
20847  28.400  22.276  31.302 0.0000000000
20848  27.911  22.302  31.390 0.0000000000
20849  27.462  22.292  31.462 0.0000000000
20850  22.338  22.298  31.249 0.0000000000
20859  22.778  22.124  30.571 0.0000000000
20860  22.530  22.355  30.794 0.0000000000
20864  23.192  22.058  30.101 0.0000000000
20865  22.866  22.331  30.262 0.0000000000
20866  22.558  22.622  30.554 0.0000000000
20868  23.322  21.819  29.995 0.0000000000
20869  22.953  22.438  29.964 0.0000000000
20872  24.124  22.124  29.088 0.0000000000
20873  23.966  22.199  29.095 0.0000000000
20874  23.515  22.125  29.399 0.0000000000
20875  23.143  22.722  29.633 0.0000000000
20884  24.287  21.953  29.095 0.0000000000
20911  25.037  22.119  27.780 0.0000000000
22193  26.989  22.372  33.672 0.0000000000
22194  26.680  22.534  33.953 0.0000000000
22195  26.188  22.627  34.285 0.0000000000
22200  21.757  22.633  34.319 0.0000000000
22214  27.016  22.319  33.327 0.0000000000
22215  26.684  22.556  33.453 0.0000000000
22216  26.179  22.711  33.663 0.0000000000
22217  25.898  22.770  33.445 0.0000000000
22218  21.830  22.768  34.015 0.0000000000
22232  27.043  22.270  33.127 0.0000000000
22233  26.804  22.387  33.049 0.0000000000
22234  26.328  22.675  33.079 0.0000000000
22235  25.789  22.759  33.044 0.0000000000
22236  25.391  22.828  32.897 0.0000000000
22237  21.773  22.635  33.356 0.0000000000
22238  21.784  22.518  33.062 0.0000000000
22253  26.772  22.405  32.737 0.0000000000
22254  26.531  22.634  32.687 0.0000000000
22255  26.027  22.723  32.591 0.0000000000
22256  25.546  22.752  32.534 0.0000000000
22257  21.807  22.570  32.825 0.0000000000
22258  21.861  22.585  32.980 0.0000000000
22273  26.761  22.427  32.425 0.0000000000
22274  26.383  22.686  32.213 0.0000000000
22275  25.837  22.793  32.071 0.0000000000
22276  25.561  22.852  32.202 0.0000000000
22277  21.863  22.546  32.401 0.0000000000
22288  26.895  22.346  32.035 0.0000000000
22289  26.360  22.703  31.690 0.0000000000
22290  25.897  22.821  31.513 0.0000000000
22291  22.138  22.609  31.735 0.0000000000
22292  22.027  22.442  32.013 0.0000000000
22304  28.642  22.436  30.838 0.0000000000
22305  28.149  22.477  30.956 0.0000000000
22306  27.606  22.531  31.087 0.0000000000
22307  26.941  22.476  31.287 0.0000000000
22308  26.306  22.799  31.179 0.0000000000
22309  25.886  23.022  31.130 0.0000000000
22310  22.287  22.872  31.263 0.0000000000
22311  22.322  23.053  31.099 0.0000000000
22322  27.899  22.690  30.597 0.0000000000
22323  27.323  22.712  30.684 0.0000000000
22324  26.751  22.821  30.718 0.0000000000
22325  26.320  22.951  30.864 0.0000000000
22326  22.370  22.878  30.885 0.0000000000
22327  22.282  22.977  31.108 0.0000000000
22336  27.701  22.903  30.209 0.0000000000
22337  27.160  22.937  30.271 0.0000000000
22338  26.823  23.049  30.316 0.0000000000
22339  22.830  22.868  29.991 0.0000000000
22340  22.587  22.954  30.367 0.0000000000
22348  22.962  22.898  29.745 0.0000000000
22358  23.428  22.854  29.322 0.0000000000
22359  23.184  22.795  29.421 0.0000000000
23682  26.070  22.739  34.016 0.0000000000
23683  25.729  22.844  34.038 0.0000000000
23684  25.295  23.054  34.103 0.0000000000
23685  25.036  23.086  34.024 0.0000000000
23686  24.494  23.012  34.258 0.0000000000
23688  21.747  22.947  34.478 0.0000000000
23702  26.190  22.751  34.084 0.0000000000
23703  25.857  22.819  33.785 0.0000000000
23704  25.403  23.046  33.727 0.0000000000
23705  24.945  23.180  33.509 0.0000000000
23706  24.599  23.247  33.132 0.0000000000
23707  21.768  23.011  34.051 0.0000000000
23718  25.636  22.864  33.421 0.0000000000
23719  25.113  23.015  32.971 0.0000000000
23720  24.979  23.200  32.999 0.0000000000
23721  24.550  23.666  33.134 0.0000000000
23722  21.885  23.150  33.320 0.0000000000
23723  21.814  23.025  33.412 0.0000000000
23724  21.828  22.866  33.056 0.0000000000
23738  25.233  22.965  32.749 0.0000000000
23739  24.976  23.212  32.613 0.0000000000
23740  24.418  23.383  33.049 0.0000000000
23741  21.943  23.144  33.096 0.0000000000
23742  21.877  23.014  32.745 0.0000000000
23743  21.846  22.812  32.932 0.0000000000
23756  25.543  22.850  32.045 0.0000000000
23757  25.356  22.974  32.245 0.0000000000
23758  25.034  23.197  32.124 0.0000000000
23759  24.955  23.136  31.764 0.0000000000
23760  21.995  23.048  32.044 0.0000000000
23761  21.964  22.991  32.239 0.0000000000
23770  25.612  23.007  31.866 0.0000000000
23771  25.278  23.192  31.794 0.0000000000
23772  24.890  23.307  31.702 0.0000000000
23773  24.497  23.453  31.814 0.0000000000
23774  22.077  23.067  31.894 0.0000000000
23775  22.001  22.788  32.001 0.0000000000
23786  26.038  23.064  31.100 0.0000000000
23787  25.603  23.227  31.318 0.0000000000
23788  25.017  23.402  31.348 0.0000000000
23789  24.773  23.590  31.405 0.0000000000
23790  22.289  23.370  31.284 0.0000000000
23791  22.305  23.115  31.069 0.0000000000
23800  26.510  23.114  30.554 0.0000000000
23801  26.130  23.162  30.742 0.0000000000
23802  26.020  23.127  30.894 0.0000000000
23803  22.704  23.417  30.380 0.0000000000
23804  22.413  23.263  30.806 0.0000000000
23805  22.332  23.174  31.017 0.0000000000
23813  28.196  23.192  29.742 0.0000000000
23814  27.502  23.242  29.900 0.0000000000
23815  26.989  23.274  30.052 0.0000000000
23816  26.659  23.397  30.194 0.0000000000
23817  26.216  23.359  30.336 0.0000000000
23818  26.078  23.205  30.459 0.0000000000
23819  22.761  23.298  30.042 0.0000000000
23820  22.650  23.214  30.402 0.0000000000
23827  28.126  23.480  29.378 0.0000000000
23828  27.865  23.447  29.540 0.0000000000
23829  23.115  23.405  29.666 0.0000000000
23830  22.921  23.244  29.793 0.0000000000
23836  23.757  23.086  28.996 0.0000000000
23837  23.343  23.211  29.307 0.0000000000
23838  22.926  23.210  29.808 0.0000000000
23847  23.709  23.130  28.957 0.0000000000
25195  24.832  23.112  34.018 0.0000000000
25196  24.289  23.256  34.013 0.0000000000
25197  23.898  23.634  34.044 0.0000000000
25212  27.783  24.140  33.296 0.0000000000
25213  27.372  23.977  33.483 0.0000000000
25214  24.702  23.237  33.880 0.0000000000
25215  24.338  23.334  33.574 0.0000000000
25216  23.972  23.646  33.414 0.0000000000
25217  22.034  23.607  33.800 0.0000000000
25218  21.843  23.255  33.722 0.0000000000
25229  28.081  24.027  32.972 0.0000000000
25230  27.533  23.851  33.152 0.0000000000
25231  27.069  23.927  33.308 0.0000000000
25232  24.240  23.456  33.072 0.0000000000
25233  23.959  23.712  33.069 0.0000000000
25234  22.032  23.333  33.312 0.0000000000
25235  21.865  23.176  33.445 0.0000000000
25245  27.712  23.818  32.753 0.0000000000
25246  27.209  23.882  32.858 0.0000000000
25247  26.886  23.991  33.068 0.0000000000
25248  24.666  23.350  32.398 0.0000000000
25249  24.267  23.581  32.702 0.0000000000
25250  23.883  23.732  32.860 0.0000000000
25251  22.116  23.289  32.688 0.0000000000
25252  21.996  23.079  32.495 0.0000000000
25262  27.441  23.821  32.419 0.0000000000
25263  24.788  23.019  31.881 0.0000000000
25264  24.329  23.499  32.139 0.0000000000
25265  23.884  23.785  32.461 0.0000000000
25266  22.074  23.195  32.102 0.0000000000
25267  21.962  23.029  32.330 0.0000000000
25279  27.675  23.801  32.085 0.0000000000
25280  24.495  23.727  31.544 0.0000000000
25281  24.139  23.811  31.835 0.0000000000
25282  23.994  23.810  31.930 0.0000000000
25283  22.816  23.905  32.083 0.0000000000
25284  22.429  23.775  31.881 0.0000000000
25297  25.554  23.572  30.962 0.0000000000
25298  25.118  23.757  31.115 0.0000000000
25299  24.623  23.911  31.269 0.0000000000
25300  24.252  23.974  31.522 0.0000000000
25313  25.653  23.578  30.598 0.0000000000
25314  25.314  23.822  30.778 0.0000000000
25326  27.561  23.583  29.614 0.0000000000
25327  27.176  23.545  29.821 0.0000000000
25328  26.720  23.737  29.947 0.0000000000
25329  26.299  23.777  30.145 0.0000000000
25330  26.005  23.662  30.173 0.0000000000
25331  25.433  23.822  30.452 0.0000000000
25332  22.832  23.767  29.956 0.0000000000
25339  28.510  23.574  29.259 0.0000000000
25340  27.941  23.834  29.230 0.0000000000
25341  27.346  23.840  29.563 0.0000000000
25342  27.016  23.788  29.757 0.0000000000
25344  22.898  23.644  29.864 0.0000000000
25353  28.724  23.849  29.056 0.0000000000
25354  28.390  23.911  29.027 0.0000000000
25355  23.244  23.684  29.461 0.0000000000
25364  23.555  23.913  28.882 0.0000000000
25365  23.383  23.571  28.966 0.0000000000
26641  24.469  24.230  35.821 0.0000000000
26688  23.562  23.696  33.937 0.0000000000
26703  27.527  24.341  33.658 0.0000000000
26706  23.598  23.783  33.686 0.0000000000
26707  23.233  23.895  33.548 0.0000000000
26708  22.841  23.922  33.489 0.0000000000
26709  22.398  23.749  33.404 0.0000000000
26722  23.656  23.780  33.154 0.0000000000
26723  23.077  23.939  33.199 0.0000000000
26724  22.805  23.884  33.078 0.0000000000
26725  22.384  23.654  33.019 0.0000000000
26737  26.955  24.089  32.763 0.0000000000
26740  23.541  23.899  32.759 0.0000000000
26741  23.137  24.013  32.739 0.0000000000
26742  22.876  24.011  32.822 0.0000000000
26743  22.502  23.790  32.734 0.0000000000
26753  27.129  24.134  32.410 0.0000000000
26754  26.709  24.358  32.356 0.0000000000
26756  23.461  24.071  32.332 0.0000000000
26757  22.996  24.115  32.397 0.0000000000
26758  22.690  23.976  32.406 0.0000000000
26759  22.329  23.646  32.391 0.0000000000
26772  27.298  23.917  32.088 0.0000000000
26774  23.999  24.000  31.686 0.0000000000
26775  23.721  24.044  31.914 0.0000000000
26776  23.171  24.190  31.988 0.0000000000
26777  22.747  24.098  32.016 0.0000000000
26778  22.403  23.823  32.095 0.0000000000
26791  25.017  24.000  30.987 0.0000000000
26792  24.721  24.191  31.031 0.0000000000
26793  24.229  24.245  31.299 0.0000000000
26812  25.061  24.208  30.604 0.0000000000
26813  24.871  24.060  30.970 0.0000000000
26827  26.496  24.018  29.861 0.0000000000
26828  26.224  24.028  30.000 0.0000000000
26829  26.187  24.026  30.077 0.0000000000
26830  25.451  24.083  30.275 0.0000000000
26831  25.139  24.196  30.468 0.0000000000
26832  22.815  24.029  30.043 0.0000000000
26845  28.127  23.989  29.084 0.0000000000
26846  27.458  24.217  29.285 0.0000000000
26847  27.010  23.952  29.649 0.0000000000
26848  26.341  24.058  29.759 0.0000000000
26849  23.092  23.938  29.702 0.0000000000
26850  22.944  23.967  29.831 0.0000000000
26863  29.273  24.497  28.904 0.0000000000
26864  28.774  24.247  28.944 0.0000000000
26865  27.995  24.150  28.918 0.0000000000
26866  27.699  24.458  29.119 0.0000000000
26867  23.290  23.999  29.206 0.0000000000
26879  23.404  24.105  28.940 0.0000000000
28332  24.703  24.551  30.589 0.0000000000
28333  24.292  24.617  30.890 0.0000000000
28355  24.786  24.627  30.354 0.0000000000
28375  26.204  24.142  29.890 0.0000000000
28376  26.010  24.415  30.028 0.0000000000
28377  25.756  24.658  29.944 0.0000000000
28378  25.233  24.450  30.261 0.0000000000
28379  23.068  24.602  29.914 0.0000000000
28394  27.354  24.663  29.242 0.0000000000
28395  26.788  24.510  29.489 0.0000000000
28396  26.578  24.405  29.685 0.0000000000
28397  23.188  24.334  29.623 0.0000000000
28398  22.938  24.247  29.882 0.0000000000
28409  29.344  24.859  28.906 0.0000000000
28410  28.909  24.856  28.725 0.0000000000
28411  28.369  24.807  28.769 0.0000000000
28412  28.088  24.828  28.937 0.0000000000
28413  27.527  24.800  29.168 0.0000000000
28415  23.406  24.449  29.112 0.0000000000
28424  28.814  25.041  28.610 0.0000000000
28425  28.669  25.045  28.660 0.0000000000
28428  23.611  24.331  28.806 0.0000000000
29906  24.765  24.846  30.486 0.0000000000
29907  24.469  24.866  30.516 0.0000000000
29908  24.077  24.910  30.645 0.0000000000
29925  24.763  24.811  30.340 0.0000000000
29926  24.399  25.005  30.338 0.0000000000
29941  26.356  24.619  29.726 0.0000000000
29942  25.903  24.880  29.840 0.0000000000
29943  25.709  24.781  29.974 0.0000000000
29944  25.048  24.896  30.153 0.0000000000
29946  23.826  25.132  30.067 0.0000000000
29947  23.387  24.992  30.015 0.0000000000
29955  27.141  25.145  29.225 0.0000000000
29956  27.007  25.105  29.349 0.0000000000
29957  26.552  25.016  29.556 0.0000000000
29958  25.907  25.033  29.777 0.0000000000
29959  25.527  25.036  29.856 0.0000000000
29962  23.815  25.142  29.679 0.0000000000
29963  23.402  24.884  29.694 0.0000000000
29971  29.059  25.309  28.831 0.0000000000
29972  28.594  25.323  28.784 0.0000000000
29973  28.069  25.269  29.035 0.0000000000
29974  27.494  25.193  29.171 0.0000000000
29975  27.017  25.308  29.245 0.0000000000
29976  26.634  25.260  29.332 0.0000000000
29977  25.055  25.336  29.106 0.0000000000
29981  23.407  24.763  29.462 0.0000000000
29991  28.818  25.138  28.683 0.0000000000
29992  28.717  25.149  28.649 0.0000000000
31585  26.090  24.998  29.643 0.0000000000
31586  25.933  25.127  29.686 0.0000000000
31588  25.074  25.441  29.340 0.0000000000
31593  29.157  25.865  28.873 0.0000000000
31594  28.858  25.796  28.998 0.0000000000
31595  28.380  25.773  29.107 0.0000000000
31596  27.816  25.735  29.167 0.0000000000
31597  27.334  25.705  29.176 0.0000000000
31598  26.889  25.629  29.156 0.0000000000
31599  26.293  25.340  29.388 0.0000000000
31600  25.845  25.559  29.363 0.0000000000
31602  25.078  25.409  29.144 0.0000000000
31612  26.536  25.691  29.056 0.0000000000
33262  29.023  26.020  29.046 0.0000000000
33263  28.773  26.250  29.136 0.0000000000
33264  28.133  26.249  29.183 0.0000000000
