#!ascii label  , from subject  vox2ras=TkReg
74
3698  22.690  12.228  15.605 0.0000000000
3721  22.723  12.437  15.010 0.0000000000
3761  24.561  12.127  13.817 0.0000000000
3762  22.836  12.589  13.618 0.0000000000
3775  24.180  12.276  13.493 0.0000000000
4122  23.199  12.898  15.783 0.0000000000
4123  22.931  12.716  15.405 0.0000000000
4138  24.866  12.493  15.064 0.0000000000
4139  23.177  12.856  15.195 0.0000000000
4140  22.940  12.723  15.081 0.0000000000
4148  24.664  12.704  14.789 0.0000000000
4149  24.021  12.937  14.745 0.0000000000
4150  23.674  12.863  14.664 0.0000000000
4151  23.254  12.810  14.698 0.0000000000
4152  22.883  12.678  14.786 0.0000000000
4158  24.670  12.396  14.209 0.0000000000
4159  24.235  12.697  14.280 0.0000000000
4160  23.811  12.758  14.287 0.0000000000
4161  23.392  12.773  14.250 0.0000000000
4162  22.840  12.665  14.244 0.0000000000
4163  22.499  12.531  13.983 0.0000000000
4170  24.799  12.233  14.162 0.0000000000
4171  24.314  12.473  13.813 0.0000000000
4172  23.908  12.697  13.883 0.0000000000
4173  23.565  12.749  13.931 0.0000000000
4174  23.136  12.716  13.744 0.0000000000
4175  22.761  12.617  13.841 0.0000000000
4182  27.713  12.705  13.023 0.0000000000
4184  24.106  12.491  13.551 0.0000000000
4185  23.970  12.563  13.521 0.0000000000
4186  23.579  12.670  13.503 0.0000000000
4187  23.259  12.600  13.385 0.0000000000
4195  27.854  13.016  12.949 0.0000000000
4203  27.788  12.815  12.410 0.0000000000
4206  27.788  12.813  11.865 0.0000000000
4210  28.223  13.026  11.048 0.0000000000
4211  28.016  12.882  11.221 0.0000000000
4214  28.232  13.045  10.820 0.0000000000
4223  28.186  13.031  10.414 0.0000000000
4530  23.855  13.219  15.820 0.0000000000
4531  23.591  13.173  15.807 0.0000000000
4532  23.456  13.070  15.775 0.0000000000
4542  24.739  13.073  15.292 0.0000000000
4543  24.446  13.171  15.388 0.0000000000
4544  24.023  13.223  15.433 0.0000000000
4545  23.713  13.176  15.435 0.0000000000
4546  23.411  13.076  15.551 0.0000000000
4555  24.288  13.126  15.018 0.0000000000
4556  23.891  13.133  14.979 0.0000000000
4557  23.489  13.096  15.042 0.0000000000
4565  27.487  13.265  14.150 0.0000000000
4572  27.528  13.212  13.861 0.0000000000
4573  27.349  12.839  13.689 0.0000000000
4580  27.694  13.054  13.234 0.0000000000
4581  27.540  12.854  13.367 0.0000000000
4588  28.173  13.392  12.444 0.0000000000
4589  27.986  13.255  12.613 0.0000000000
4594  28.169  13.386  12.224 0.0000000000
4595  27.916  13.137  12.066 0.0000000000
4601  28.186  13.410  11.706 0.0000000000
4602  27.891  13.082  11.633 0.0000000000
4610  28.247  13.347  11.133 0.0000000000
4611  28.056  13.152  11.401 0.0000000000
5016  27.986  13.726  13.789 0.0000000000
5023  28.079  13.754  13.337 0.0000000000
5024  27.786  13.479  13.574 0.0000000000
5027  28.174  13.799  12.915 0.0000000000
5028  27.896  13.536  13.045 0.0000000000
5036  28.249  13.656  12.483 0.0000000000
5037  28.098  13.548  12.776 0.0000000000
5046  28.266  13.695  12.064 0.0000000000
5061  28.308  13.884  11.792 0.0000000000
5075  28.322  13.866  11.373 0.0000000000
5514  28.546  14.049  11.759 0.0000000000
