#!ascii label  , from subject  vox2ras=TkReg
438
6723  26.331  15.931  22.716 0.0000000000
6724  25.988  15.889  22.370 0.0000000000
6735  26.838  15.854  22.418 0.0000000000
6736  26.428  15.834  22.226 0.0000000000
6737  26.080  15.884  22.212 0.0000000000
6750  27.175  15.935  22.110 0.0000000000
6751  26.909  15.784  21.942 0.0000000000
6752  26.458  15.769  21.807 0.0000000000
6753  26.087  15.755  21.607 0.0000000000
6764  27.257  15.787  21.450 0.0000000000
6765  26.835  15.680  21.476 0.0000000000
6766  26.392  15.643  21.363 0.0000000000
6767  25.946  15.663  21.247 0.0000000000
6768  25.562  15.635  20.832 0.0000000000
6780  27.037  15.405  21.168 0.0000000000
6783  26.050  15.495  21.142 0.0000000000
6784  25.463  15.557  20.789 0.0000000000
6799  24.939  15.946  20.250 0.0000000000
7365  26.188  16.640  24.199 0.0000000000
7366  26.041  16.509  24.221 0.0000000000
7370  26.606  16.695  23.725 0.0000000000
7371  26.362  16.617  23.912 0.0000000000
7374  25.070  16.415  23.729 0.0000000000
7383  26.728  16.489  23.511 0.0000000000
7384  26.266  16.304  23.330 0.0000000000
7387  25.043  16.366  23.024 0.0000000000
7388  24.970  16.631  23.155 0.0000000000
7403  25.702  16.211  22.684 0.0000000000
7404  25.052  16.441  22.750 0.0000000000
7405  24.891  16.509  22.922 0.0000000000
7418  27.298  16.302  22.224 0.0000000000
7419  25.645  16.079  22.098 0.0000000000
7420  25.109  16.379  22.249 0.0000000000
7421  24.798  16.659  21.790 0.0000000000
7429  27.570  16.279  21.627 0.0000000000
7430  27.348  16.094  21.889 0.0000000000
7431  25.699  15.892  21.585 0.0000000000
7432  25.292  16.199  21.705 0.0000000000
7433  24.868  16.469  21.768 0.0000000000
7441  27.571  16.058  21.264 0.0000000000
7442  27.383  16.046  21.649 0.0000000000
7443  25.637  15.784  21.270 0.0000000000
7444  25.337  15.949  21.187 0.0000000000
7445  24.993  16.292  21.380 0.0000000000
7457  25.191  15.965  20.748 0.0000000000
7458  24.950  16.282  20.889 0.0000000000
7470  25.053  16.058  20.492 0.0000000000
7471  24.830  16.335  20.323 0.0000000000
7485  24.605  16.561  19.924 0.0000000000
7486  24.272  16.291  19.647 0.0000000000
8101  25.121  16.885  27.082 0.0000000000
8105  25.129  16.850  26.878 0.0000000000
8109  25.128  16.810  26.444 0.0000000000
8110  24.779  16.695  26.299 0.0000000000
8111  24.369  16.688  26.112 0.0000000000
8112  23.975  16.800  25.896 0.0000000000
8113  25.169  16.801  25.981 0.0000000000
8114  24.940  16.618  25.927 0.0000000000
8115  24.362  16.684  25.607 0.0000000000
8116  23.979  16.864  25.399 0.0000000000
8117  26.051  16.997  25.204 0.0000000000
8118  25.840  16.913  25.249 0.0000000000
8119  25.377  16.775  25.451 0.0000000000
8120  24.828  16.634  25.291 0.0000000000
8121  24.319  16.786  25.052 0.0000000000
8122  23.982  17.068  25.039 0.0000000000
8127  26.120  16.900  25.016 0.0000000000
8128  25.786  16.766  25.000 0.0000000000
8129  25.301  16.658  24.955 0.0000000000
8130  24.827  16.620  24.783 0.0000000000
8131  24.473  16.737  24.558 0.0000000000
8138  26.155  16.809  24.465 0.0000000000
8139  25.701  16.645  24.551 0.0000000000
8140  25.239  16.529  24.460 0.0000000000
8142  24.423  16.474  24.045 0.0000000000
8152  26.416  16.949  24.040 0.0000000000
8153  24.420  16.964  23.481 0.0000000000
8154  24.407  16.674  23.523 0.0000000000
8169  24.662  16.908  23.134 0.0000000000
8170  24.525  16.833  23.347 0.0000000000
8185  24.892  16.648  22.620 0.0000000000
8186  24.773  16.785  22.849 0.0000000000
8195  24.975  16.581  22.502 0.0000000000
8196  24.787  16.829  22.388 0.0000000000
8197  20.096  16.795  22.420 0.0000000000
8203  27.696  16.470  21.612 0.0000000000
8205  24.757  16.929  21.896 0.0000000000
8207  20.271  16.851  21.881 0.0000000000
8208  19.904  16.647  22.292 0.0000000000
8213  27.771  16.560  21.323 0.0000000000
8214  27.614  16.824  21.562 0.0000000000
8215  24.800  16.782  21.317 0.0000000000
8223  27.908  16.549  20.793 0.0000000000
8224  24.789  16.730  20.702 0.0000000000
8231  28.213  16.877  20.062 0.0000000000
8233  24.604  16.844  20.223 0.0000000000
8234  24.413  17.184  20.114 0.0000000000
8243  24.472  16.867  20.017 0.0000000000
8244  24.296  16.817  19.813 0.0000000000
8245  24.018  16.591  19.651 0.0000000000
8945  25.523  17.031  27.221 0.0000000000
8946  25.248  17.102  27.118 0.0000000000
8950  25.322  17.142  26.563 0.0000000000
8955  25.325  16.957  25.840 0.0000000000
8956  23.778  16.887  25.992 0.0000000000
8963  25.502  16.987  25.735 0.0000000000
8964  23.779  17.160  25.673 0.0000000000
8973  26.118  17.106  25.080 0.0000000000
8974  25.904  17.190  25.242 0.0000000000
8975  25.669  16.995  25.449 0.0000000000
8976  24.109  17.089  24.981 0.0000000000
8977  23.885  17.220  25.180 0.0000000000
8986  26.199  17.218  24.771 0.0000000000
8987  26.075  17.271  25.017 0.0000000000
8988  24.198  16.991  24.746 0.0000000000
8989  23.945  17.252  24.710 0.0000000000
8997  26.335  17.241  24.276 0.0000000000
8998  24.213  16.997  24.336 0.0000000000
8999  23.920  17.300  24.191 0.0000000000
9009  26.575  17.244  23.850 0.0000000000
9010  23.842  17.119  23.672 0.0000000000
9011  24.268  17.079  23.743 0.0000000000
9012  23.930  17.364  23.766 0.0000000000
9024  24.409  17.119  23.258 0.0000000000
9025  24.118  17.419  23.254 0.0000000000
9026  23.818  17.691  23.525 0.0000000000
9034  26.934  17.448  22.903 0.0000000000
9035  24.455  17.210  22.770 0.0000000000
9036  24.255  17.648  22.717 0.0000000000
9046  24.452  17.427  22.221 0.0000000000
9047  24.295  17.784  22.381 0.0000000000
9056  27.373  17.073  21.856 0.0000000000
9057  24.652  17.388  21.705 0.0000000000
9067  27.813  16.849  20.957 0.0000000000
9068  27.639  17.073  21.282 0.0000000000
9069  24.723  17.236  21.271 0.0000000000
9076  27.907  16.876  20.579 0.0000000000
9077  27.769  17.104  20.836 0.0000000000
9078  24.700  17.112  20.906 0.0000000000
9079  24.443  17.432  20.661 0.0000000000
9089  28.119  17.038  20.184 0.0000000000
9090  27.874  17.158  20.381 0.0000000000
9091  24.694  17.029  20.503 0.0000000000
9092  24.407  17.172  20.260 0.0000000000
9101  27.958  17.329  20.001 0.0000000000
9102  27.784  17.388  20.165 0.0000000000
9103  24.231  17.097  19.880 0.0000000000
9104  24.011  17.094  19.696 0.0000000000
9947  25.779  17.885  27.286 0.0000000000
9948  25.503  17.887  27.173 0.0000000000
9956  25.701  18.017  26.810 0.0000000000
9957  25.556  17.689  26.719 0.0000000000
9968  25.752  18.148  26.183 0.0000000000
9969  25.537  17.608  25.948 0.0000000000
9980  25.685  17.752  25.920 0.0000000000
9981  25.590  17.329  25.815 0.0000000000
9989  25.745  17.558  25.438 0.0000000000
9990  25.669  17.202  25.532 0.0000000000
9991  23.783  17.615  25.482 0.0000000000
9997  26.266  17.654  24.490 0.0000000000
9998  25.974  17.603  24.894 0.0000000000
9999  23.786  17.639  25.000 0.0000000000
10007  26.341  17.694  24.027 0.0000000000
10008  23.788  17.652  24.516 0.0000000000
10019  26.766  17.459  23.459 0.0000000000
10020  26.545  17.753  23.569 0.0000000000
10021  23.785  17.739  24.004 0.0000000000
10029  26.780  17.599  23.048 0.0000000000
10030  26.636  17.824  23.135 0.0000000000
10031  24.069  17.931  23.192 0.0000000000
10032  23.803  17.956  23.613 0.0000000000
10047  27.110  17.576  22.620 0.0000000000
10048  26.802  17.869  22.710 0.0000000000
10049  26.669  17.883  22.935 0.0000000000
10050  24.237  18.000  22.652 0.0000000000
10051  21.180  17.977  22.522 0.0000000000
10065  27.168  17.619  22.345 0.0000000000
10066  26.989  17.811  22.317 0.0000000000
10067  24.429  17.676  21.988 0.0000000000
10068  24.298  17.916  22.094 0.0000000000
10069  21.215  17.984  22.199 0.0000000000
10070  21.029  17.776  22.248 0.0000000000
10082  27.133  17.700  22.004 0.0000000000
10083  26.900  17.932  22.025 0.0000000000
10084  24.386  17.787  21.807 0.0000000000
10085  24.295  17.957  21.585 0.0000000000
10086  21.239  17.992  21.987 0.0000000000
10096  27.314  17.565  21.544 0.0000000000
10097  24.542  17.629  21.402 0.0000000000
10098  24.359  17.837  21.135 0.0000000000
10099  21.252  17.934  21.517 0.0000000000
10107  27.478  17.475  21.082 0.0000000000
10108  24.642  17.483  21.105 0.0000000000
10109  24.420  17.668  20.870 0.0000000000
10110  23.134  17.968  20.497 0.0000000000
10111  23.086  18.022  20.635 0.0000000000
10112  22.504  17.925  20.552 0.0000000000
10122  27.520  17.546  20.519 0.0000000000
10123  24.192  17.720  20.368 0.0000000000
10124  23.786  17.764  20.052 0.0000000000
10125  23.270  17.904  20.220 0.0000000000
10126  22.786  17.829  20.247 0.0000000000
10135  27.979  17.680  19.648 0.0000000000
10136  27.680  17.657  19.987 0.0000000000
10137  24.211  17.498  19.875 0.0000000000
10138  23.802  17.484  19.774 0.0000000000
10139  23.419  17.639  19.807 0.0000000000
10140  22.942  17.704  19.912 0.0000000000
10956  25.753  18.087  27.193 0.0000000000
10965  26.014  18.272  27.020 0.0000000000
10966  25.775  18.084  26.879 0.0000000000
10975  25.707  18.272  26.134 0.0000000000
10976  25.647  18.691  25.983 0.0000000000
10981  25.743  17.974  25.629 0.0000000000
10982  25.671  18.409  25.721 0.0000000000
10983  23.778  17.897  25.873 0.0000000000
10989  25.791  18.047  25.098 0.0000000000
10990  25.728  18.213  25.441 0.0000000000
10991  23.785  18.136  25.287 0.0000000000
10999  26.174  18.007  24.597 0.0000000000
11000  26.096  17.867  24.824 0.0000000000
11001  23.786  18.053  24.794 0.0000000000
11008  26.219  18.070  24.224 0.0000000000
11009  26.023  18.288  24.315 0.0000000000
11010  23.790  18.059  24.328 0.0000000000
11020  26.230  18.255  23.753 0.0000000000
11021  26.059  18.309  24.057 0.0000000000
11022  23.788  18.105  23.884 0.0000000000
11023  21.092  18.369  23.499 0.0000000000
11036  26.477  18.203  23.095 0.0000000000
11037  24.065  18.263  23.108 0.0000000000
11038  23.812  18.118  23.438 0.0000000000
11039  21.054  18.282  23.093 0.0000000000
11056  26.711  18.221  22.651 0.0000000000
11057  26.490  18.208  22.904 0.0000000000
11058  24.066  17.896  22.952 0.0000000000
11059  24.174  18.249  22.778 0.0000000000
11060  21.099  18.257  22.834 0.0000000000
11072  26.796  18.190  22.294 0.0000000000
11073  24.194  17.915  22.595 0.0000000000
11074  24.287  17.942  22.160 0.0000000000
11075  21.287  18.388  22.224 0.0000000000
11083  27.093  17.970  21.702 0.0000000000
11084  26.895  18.203  21.758 0.0000000000
11085  24.191  18.223  21.808 0.0000000000
11086  24.051  18.263  21.458 0.0000000000
11096  27.211  18.032  21.390 0.0000000000
11097  26.906  18.330  21.203 0.0000000000
11098  24.180  18.118  21.263 0.0000000000
11099  23.924  18.283  21.033 0.0000000000
11100  23.415  18.331  20.933 0.0000000000
11101  22.955  18.346  20.937 0.0000000000
11102  22.503  18.376  20.994 0.0000000000
11109  27.223  18.060  20.934 0.0000000000
11110  26.832  18.435  20.808 0.0000000000
11111  24.120  18.050  20.681 0.0000000000
11112  23.680  18.216  20.559 0.0000000000
11113  23.054  18.111  20.643 0.0000000000
11114  22.688  18.181  20.716 0.0000000000
11122  27.248  18.035  20.569 0.0000000000
11123  27.026  18.250  20.584 0.0000000000
11124  24.221  17.908  20.155 0.0000000000
11125  23.739  17.980  20.274 0.0000000000
11126  23.492  18.008  20.305 0.0000000000
11128  27.626  18.010  19.775 0.0000000000
11129  27.335  17.983  20.175 0.0000000000
11130  27.136  18.102  20.388 0.0000000000
11134  27.798  18.007  19.319 0.0000000000
12005  25.981  18.697  26.574 0.0000000000
12006  25.772  18.500  26.450 0.0000000000
12015  25.877  19.023  26.164 0.0000000000
12016  25.803  19.065  26.000 0.0000000000
12017  25.652  18.997  26.014 0.0000000000
12018  23.777  18.227  25.863 0.0000000000
12030  25.648  18.816  25.775 0.0000000000
12031  23.797  18.390  25.875 0.0000000000
12043  25.795  18.172  25.187 0.0000000000
12044  25.693  18.611  25.349 0.0000000000
12045  23.796  18.664  25.300 0.0000000000
12056  25.776  18.533  24.722 0.0000000000
12057  25.748  18.796  24.443 0.0000000000
12058  23.800  18.552  24.996 0.0000000000
12067  25.802  18.589  24.348 0.0000000000
12068  25.730  19.092  23.996 0.0000000000
12069  23.793  18.503  24.575 0.0000000000
12070  21.069  18.877  24.076 0.0000000000
12081  26.175  18.788  23.622 0.0000000000
12082  25.900  18.679  23.934 0.0000000000
12083  23.791  18.488  24.080 0.0000000000
12084  21.161  18.863  23.760 0.0000000000
12096  26.293  18.622  23.194 0.0000000000
12097  23.995  18.692  23.093 0.0000000000
12098  23.803  18.448  23.489 0.0000000000
12099  21.244  18.761  23.072 0.0000000000
12109  26.647  18.564  22.577 0.0000000000
12110  26.357  18.793  22.740 0.0000000000
12111  24.169  18.321  22.700 0.0000000000
12112  24.115  18.589  22.843 0.0000000000
12113  21.363  18.873  22.469 0.0000000000
12124  24.201  18.056  22.306 0.0000000000
12125  24.096  18.596  22.213 0.0000000000
12126  23.502  18.782  22.000 0.0000000000
12128  22.130  18.865  22.069 0.0000000000
12129  22.043  18.925  22.093 0.0000000000
12130  21.763  18.785  22.150 0.0000000000
12135  26.745  18.736  21.497 0.0000000000
12136  24.061  18.388  21.747 0.0000000000
12137  23.796  18.516  21.519 0.0000000000
12142  21.884  18.777  21.982 0.0000000000
12152  23.725  18.373  21.130 0.0000000000
12153  23.367  18.513  21.172 0.0000000000
12154  22.895  18.560  21.174 0.0000000000
12163  27.062  18.880  19.849 0.0000000000
12166  27.735  18.326  19.874 0.0000000000
12167  27.256  18.493  19.836 0.0000000000
12168  27.077  18.276  20.247 0.0000000000
13092  26.613  19.242  27.058 0.0000000000
13105  26.012  19.227  26.079 0.0000000000
13106  25.780  19.131  25.906 0.0000000000
13107  25.665  19.063  25.994 0.0000000000
13119  25.773  19.531  25.495 0.0000000000
13120  25.768  19.359  25.413 0.0000000000
13121  25.695  19.066  25.613 0.0000000000
13122  23.793  19.087  25.516 0.0000000000
13128  25.755  19.017  24.961 0.0000000000
13129  25.707  19.034  25.299 0.0000000000
13130  23.852  19.061  24.809 0.0000000000
13138  25.716  18.990  24.515 0.0000000000
13139  25.603  18.947  24.388 0.0000000000
13140  23.737  19.133  24.806 0.0000000000
13148  25.770  19.082  24.190 0.0000000000
13149  25.653  19.028  24.253 0.0000000000
13150  23.784  19.067  24.141 0.0000000000
13151  23.790  18.977  24.293 0.0000000000
13152  21.106  19.042  24.127 0.0000000000
13161  26.090  18.834  23.637 0.0000000000
13162  25.939  19.281  23.846 0.0000000000
13163  23.773  19.081  24.080 0.0000000000
13164  23.772  18.968  23.866 0.0000000000
13165  21.232  19.211  23.804 0.0000000000
13175  26.284  18.891  23.138 0.0000000000
13176  23.805  18.778  23.059 0.0000000000
13177  23.814  19.024  23.224 0.0000000000
13178  21.785  19.583  23.003 0.0000000000
13179  21.486  19.381  23.214 0.0000000000
13189  26.275  19.162  22.876 0.0000000000
13190  23.954  19.220  22.963 0.0000000000
13191  23.779  19.140  22.817 0.0000000000
13192  23.350  19.427  22.433 0.0000000000
13193  22.791  19.503  22.460 0.0000000000
13194  22.618  19.430  22.642 0.0000000000
13195  22.013  19.508  22.749 0.0000000000
13196  21.573  19.186  22.622 0.0000000000
13209  23.971  18.881  22.617 0.0000000000
13210  23.667  18.911  22.315 0.0000000000
13214  21.982  19.128  22.311 0.0000000000
13215  21.766  18.991  22.284 0.0000000000
13240  26.958  19.273  20.568 0.0000000000
13244  27.103  18.988  20.114 0.0000000000
13245  26.839  19.015  20.412 0.0000000000
14194  27.061  19.494  27.200 0.0000000000
14204  27.886  19.922  26.904 0.0000000000
14205  27.552  19.754  26.970 0.0000000000
14206  26.904  19.480  26.961 0.0000000000
14207  26.535  19.217  26.978 0.0000000000
14217  27.845  19.935  26.633 0.0000000000
14218  27.386  19.773  26.394 0.0000000000
14219  26.852  19.671  26.549 0.0000000000
14220  26.431  19.556  26.398 0.0000000000
14229  27.800  19.957  26.198 0.0000000000
14230  27.618  19.859  25.993 0.0000000000
14232  26.316  19.673  25.810 0.0000000000
14233  26.000  19.819  25.008 0.0000000000
14242  26.598  19.834  25.713 0.0000000000
14243  26.304  19.823  25.366 0.0000000000
14244  25.991  19.783  24.994 0.0000000000
14258  25.797  19.514  24.514 0.0000000000
14274  23.745  19.229  24.151 0.0000000000
14275  23.712  19.505  24.536 0.0000000000
14277  21.664  19.848  24.060 0.0000000000
14278  21.132  19.560  23.841 0.0000000000
14292  23.707  19.200  23.985 0.0000000000
14293  23.575  19.571  23.864 0.0000000000
14294  23.020  19.967  23.768 0.0000000000
14295  22.661  20.010  23.729 0.0000000000
14296  22.217  19.908  23.725 0.0000000000
14297  21.821  19.805  23.671 0.0000000000
14298  21.385  19.640  23.658 0.0000000000
14306  23.594  19.462  23.196 0.0000000000
14307  23.179  19.740  23.374 0.0000000000
14308  23.099  19.931  23.408 0.0000000000
14309  22.512  19.809  23.340 0.0000000000
14310  21.971  19.762  23.185 0.0000000000
14311  21.635  19.695  23.393 0.0000000000
14326  23.538  19.613  22.891 0.0000000000
14327  23.088  19.861  22.947 0.0000000000
14328  22.919  19.740  22.905 0.0000000000
14329  22.355  19.738  22.947 0.0000000000
14330  21.879  19.744  22.808 0.0000000000
14344  22.977  18.965  22.162 0.0000000000
15504  28.619  20.329  26.404 0.0000000000
15505  28.374  20.224  26.721 0.0000000000
15506  27.943  19.960  26.925 0.0000000000
15507  27.952  19.905  27.067 0.0000000000
15515  28.651  20.374  26.009 0.0000000000
15516  28.171  20.116  26.094 0.0000000000
15517  27.873  19.982  26.394 0.0000000000
15518  27.079  19.929  26.083 0.0000000000
15519  26.792  19.815  26.132 0.0000000000
15520  26.561  19.775  26.070 0.0000000000
15537  28.694  20.392  25.571 0.0000000000
15538  28.292  20.220  25.712 0.0000000000
15539  27.839  20.070  25.870 0.0000000000
15540  27.295  19.933  25.861 0.0000000000
15541  27.156  20.061  26.042 0.0000000000
15542  26.766  19.943  25.884 0.0000000000
15562  28.717  20.370  25.175 0.0000000000
15563  28.379  20.242  25.260 0.0000000000
15564  27.935  20.202  25.364 0.0000000000
15565  27.411  20.190  25.396 0.0000000000
15566  26.831  20.041  25.509 0.0000000000
15567  26.392  20.077  25.119 0.0000000000
15588  28.849  20.257  25.086 0.0000000000
15589  28.530  20.251  24.767 0.0000000000
15590  28.031  20.222  24.943 0.0000000000
15591  27.632  20.221  24.988 0.0000000000
15592  26.190  20.077  25.026 0.0000000000
15613  26.279  20.138  24.425 0.0000000000
16910  28.760  20.486  26.711 0.0000000000
16931  28.959  20.802  26.323 0.0000000000
16951  28.831  20.719  25.926 0.0000000000
16970  27.337  20.231  25.025 0.0000000000
16971  26.966  20.233  25.051 0.0000000000
16972  26.619  20.209  24.891 0.0000000000
16988  27.738  20.247  24.542 0.0000000000
16989  27.288  20.281  24.639 0.0000000000
16990  27.072  20.366  24.546 0.0000000000
16991  26.546  20.232  24.643 0.0000000000
