#!ascii label  , from subject  vox2ras=TkReg
26
2715  24.561  10.811  5.070 0.0000000000
2716  24.131  10.971  4.909 0.0000000000
3099  25.688  11.219  6.411 0.0000000000
3100  25.259  11.237  6.049 0.0000000000
3101  24.977  11.456  5.936 0.0000000000
3114  25.150  11.243  5.748 0.0000000000
3115  24.904  11.168  5.653 0.0000000000
3116  24.469  11.332  5.475 0.0000000000
3117  24.022  11.422  5.402 0.0000000000
3134  24.608  11.049  5.273 0.0000000000
3135  24.253  11.100  5.143 0.0000000000
3136  23.859  11.223  5.105 0.0000000000
3498  25.191  11.927  6.535 0.0000000000
3499  24.639  11.970  6.426 0.0000000000
3500  24.109  11.956  6.361 0.0000000000
3510  25.768  11.489  6.519 0.0000000000
3511  25.502  11.624  6.327 0.0000000000
3512  24.955  11.720  6.148 0.0000000000
3513  24.439  11.817  6.074 0.0000000000
3514  23.952  11.831  6.045 0.0000000000
3525  24.692  11.567  5.816 0.0000000000
3526  24.240  11.640  5.744 0.0000000000
3909  24.980  12.303  7.111 0.0000000000
3910  24.490  12.315  7.101 0.0000000000
3922  24.834  12.168  6.772 0.0000000000
3923  24.309  12.159  6.708 0.0000000000
