#!ascii label  , from subject  vox2ras=TkReg
123
17156  29.784  20.991  19.053 0.0000000000
18518  30.303  21.351  19.114 0.0000000000
18519  30.054  21.219  19.281 0.0000000000
18526  30.325  21.482  18.954 0.0000000000
18527  30.081  21.276  18.759 0.0000000000
18534  30.326  21.632  18.606 0.0000000000
18535  30.110  21.582  18.245 0.0000000000
18545  29.906  21.835  17.826 0.0000000000
19830  30.517  21.744  19.268 0.0000000000
19838  30.461  21.933  18.805 0.0000000000
19845  30.352  22.009  18.382 0.0000000000
19846  29.963  21.955  18.007 0.0000000000
19854  29.800  22.004  17.689 0.0000000000
21180  30.808  22.218  19.136 0.0000000000
21190  30.854  22.568  19.038 0.0000000000
21191  30.552  22.443  18.616 0.0000000000
21192  30.271  22.711  18.329 0.0000000000
21204  30.249  22.365  18.268 0.0000000000
21205  29.886  22.558  18.009 0.0000000000
22611  30.438  23.284  19.208 0.0000000000
22621  30.798  22.914  18.999 0.0000000000
22622  30.554  23.004  18.992 0.0000000000
22623  30.200  23.177  18.920 0.0000000000
22636  30.744  22.846  18.908 0.0000000000
22637  30.509  23.090  18.700 0.0000000000
22638  29.866  23.042  18.495 0.0000000000
24060  30.564  23.545  19.486 0.0000000000
24061  30.073  23.527  19.338 0.0000000000
25483  31.021  23.870  22.944 0.0000000000
25484  30.877  23.853  23.144 0.0000000000
25496  31.085  23.826  22.569 0.0000000000
25511  31.110  23.792  22.137 0.0000000000
25520  31.110  23.774  21.680 0.0000000000
25530  31.103  23.676  21.310 0.0000000000
25554  30.317  23.921  19.608 0.0000000000
27007  30.406  24.111  23.516 0.0000000000
27008  30.101  24.139  23.783 0.0000000000
27009  29.847  24.218  23.968 0.0000000000
27026  30.997  24.212  22.974 0.0000000000
27027  30.894  24.079  23.140 0.0000000000
27040  31.057  24.145  22.708 0.0000000000
27052  31.090  24.205  22.332 0.0000000000
27062  31.089  24.260  21.840 0.0000000000
27071  31.040  24.285  21.207 0.0000000000
27072  30.826  24.662  20.805 0.0000000000
27081  30.948  24.255  20.573 0.0000000000
28566  29.883  24.827  24.270 0.0000000000
28567  29.726  24.695  24.599 0.0000000000
28581  30.298  24.490  23.683 0.0000000000
28582  29.884  24.815  23.974 0.0000000000
28583  30.020  24.748  23.953 0.0000000000
28597  30.924  24.635  22.971 0.0000000000
28598  30.611  24.636  23.322 0.0000000000
28599  30.350  24.875  23.566 0.0000000000
28615  31.037  24.595  22.575 0.0000000000
28630  31.065  24.615  22.095 0.0000000000
28644  30.993  24.850  21.592 0.0000000000
28645  30.646  25.122  21.304 0.0000000000
28655  30.874  24.864  21.116 0.0000000000
28656  30.363  24.954  20.963 0.0000000000
30105  30.097  25.500  25.019 0.0000000000
30139  30.170  25.726  24.851 0.0000000000
30140  30.120  25.402  24.609 0.0000000000
30155  29.934  25.313  24.029 0.0000000000
30167  30.806  24.949  23.020 0.0000000000
30168  30.593  25.227  23.160 0.0000000000
30169  30.270  25.286  23.581 0.0000000000
30181  30.839  25.185  22.709 0.0000000000
30182  30.662  25.402  22.869 0.0000000000
30195  31.058  25.006  21.888 0.0000000000
30209  30.702  25.360  21.635 0.0000000000
30210  30.188  25.423  21.323 0.0000000000
30221  29.948  25.150  20.983 0.0000000000
31748  30.332  25.870  24.773 0.0000000000
31764  30.116  25.716  24.709 0.0000000000
31765  30.086  25.824  24.292 0.0000000000
31778  30.166  25.737  23.674 0.0000000000
31792  30.606  25.565  22.970 0.0000000000
31793  30.420  25.875  23.065 0.0000000000
31808  30.798  25.465  22.576 0.0000000000
31809  30.660  25.656  22.631 0.0000000000
31810  30.337  26.205  22.368 0.0000000000
31825  30.820  25.514  22.360 0.0000000000
31826  30.570  25.881  22.125 0.0000000000
31827  30.067  26.176  21.860 0.0000000000
31842  30.837  25.623  22.053 0.0000000000
31843  30.415  25.779  21.682 0.0000000000
31844  29.942  25.879  21.479 0.0000000000
33448  29.997  26.356  24.167 0.0000000000
33462  30.170  26.380  23.480 0.0000000000
33476  29.947  26.690  22.553 0.0000000000
33494  29.915  26.489  22.136 0.0000000000
35173  29.932  26.850  24.207 0.0000000000
35197  30.014  26.924  23.631 0.0000000000
35219  29.978  27.123  22.991 0.0000000000
35369  29.193  26.399  17.461 0.0000000000
35370  28.897  26.425  17.688 0.0000000000
35388  29.557  26.710  17.245 0.0000000000
35389  29.101  27.013  17.860 0.0000000000
35390  28.910  26.836  17.874 0.0000000000
36942  29.997  27.286  24.286 0.0000000000
36963  30.033  27.343  23.782 0.0000000000
36978  30.006  27.501  23.253 0.0000000000
37102  28.503  27.631  18.849 0.0000000000
37103  28.185  27.518  18.769 0.0000000000
37121  29.229  27.660  18.189 0.0000000000
37122  28.695  27.394  18.527 0.0000000000
37137  29.388  27.462  17.896 0.0000000000
37138  28.940  27.225  18.098 0.0000000000
37151  29.483  27.192  17.620 0.0000000000
37152  29.074  26.913  17.863 0.0000000000
37153  28.776  26.975  17.916 0.0000000000
38724  28.667  28.010  19.172 0.0000000000
38725  28.174  27.916  19.228 0.0000000000
38738  29.255  28.213  18.561 0.0000000000
38739  28.835  27.883  18.857 0.0000000000
38740  28.382  27.747  19.023 0.0000000000
38741  27.944  27.700  18.977 0.0000000000
38750  29.170  28.119  18.745 0.0000000000
38759  29.681  27.950  17.899 0.0000000000
40311  29.276  28.684  19.024 0.0000000000
40312  28.913  28.388  19.292 0.0000000000
40327  29.100  28.264  18.943 0.0000000000
