#!ascii label  , from subject  vox2ras=TkReg
350
31514  24.617  25.907  32.689 0.0000000000
31528  24.969  26.060  32.092 0.0000000000
33149  27.589  26.372  33.415 0.0000000000
33166  27.735  26.669  33.191 0.0000000000
33192  24.369  26.117  32.654 0.0000000000
33193  24.065  26.176  32.759 0.0000000000
33194  23.734  26.369  33.015 0.0000000000
33204  24.626  26.199  32.302 0.0000000000
33205  24.229  26.377  32.328 0.0000000000
33206  23.892  26.443  32.556 0.0000000000
33217  24.922  26.389  31.863 0.0000000000
33218  24.521  26.483  31.961 0.0000000000
34879  27.143  26.887  33.666 0.0000000000
34880  26.882  26.856  34.049 0.0000000000
34891  27.894  26.928  33.133 0.0000000000
34892  27.364  27.060  33.343 0.0000000000
34915  23.217  27.039  33.076 0.0000000000
34922  23.980  26.704  32.235 0.0000000000
34923  23.592  26.846  32.570 0.0000000000
34924  23.285  27.124  32.871 0.0000000000
34930  25.058  26.780  31.572 0.0000000000
34931  24.748  26.902  31.666 0.0000000000
34932  24.258  26.866  31.899 0.0000000000
34933  23.922  27.000  32.027 0.0000000000
34941  26.034  26.879  31.194 0.0000000000
34942  25.413  26.982  31.320 0.0000000000
34943  25.054  27.079  31.370 0.0000000000
34956  26.210  27.122  31.033 0.0000000000
36609  28.364  27.471  33.481 0.0000000000
36610  27.863  27.537  33.312 0.0000000000
36611  27.299  27.334  33.568 0.0000000000
36612  26.739  27.391  34.060 0.0000000000
36623  28.041  27.245  33.203 0.0000000000
36624  27.600  27.169  33.204 0.0000000000
36625  27.393  27.024  33.416 0.0000000000
36657  23.436  27.397  32.470 0.0000000000
36658  23.275  27.530  32.882 0.0000000000
36665  24.559  27.390  31.691 0.0000000000
36666  24.098  27.401  31.845 0.0000000000
36667  23.857  27.316  32.022 0.0000000000
36674  25.670  27.452  31.154 0.0000000000
36675  25.272  27.457  31.240 0.0000000000
36676  24.942  27.380  31.347 0.0000000000
36687  26.830  27.374  30.805 0.0000000000
36688  26.379  27.425  30.856 0.0000000000
36689  26.015  27.436  30.954 0.0000000000
38262  28.266  28.019  33.765 0.0000000000
38263  28.027  28.298  33.618 0.0000000000
38276  28.105  27.809  33.417 0.0000000000
38277  27.763  28.012  33.489 0.0000000000
38278  27.123  27.915  33.698 0.0000000000
38279  26.835  27.925  33.846 0.0000000000
38306  23.654  28.101  32.584 0.0000000000
38315  23.760  27.858  32.222 0.0000000000
38316  23.470  27.787  32.654 0.0000000000
38325  24.795  27.879  31.408 0.0000000000
38326  24.358  27.864  31.746 0.0000000000
38327  23.958  27.855  31.897 0.0000000000
38337  25.832  27.779  30.909 0.0000000000
38338  25.481  27.905  30.987 0.0000000000
38339  25.049  28.024  31.179 0.0000000000
38355  27.716  27.745  30.779 0.0000000000
38356  27.191  27.808  30.760 0.0000000000
38357  26.668  27.856  30.762 0.0000000000
38358  26.147  27.901  30.794 0.0000000000
38359  25.770  28.081  30.816 0.0000000000
39907  27.653  28.800  33.679 0.0000000000
39920  27.854  28.378  33.600 0.0000000000
39921  27.490  28.487  33.618 0.0000000000
39922  26.915  28.302  33.812 0.0000000000
39954  23.777  28.490  32.435 0.0000000000
39967  23.850  28.251  32.182 0.0000000000
39980  24.567  27.973  31.729 0.0000000000
39981  24.126  28.149  31.898 0.0000000000
39982  23.946  28.304  31.973 0.0000000000
39995  25.302  28.260  31.020 0.0000000000
39996  24.997  28.383  31.239 0.0000000000
40016  27.062  28.309  30.743 0.0000000000
40017  26.503  28.360  30.733 0.0000000000
40018  25.983  28.426  30.751 0.0000000000
40019  25.528  28.444  30.815 0.0000000000
41543  27.534  29.123  33.837 0.0000000000
41558  27.446  28.830  33.653 0.0000000000
41559  27.115  28.771  33.738 0.0000000000
41600  23.997  29.214  32.730 0.0000000000
41619  24.185  29.050  32.483 0.0000000000
41620  23.975  28.633  32.236 0.0000000000
41637  24.648  28.634  31.579 0.0000000000
41638  24.231  28.844  31.948 0.0000000000
41639  24.010  28.591  32.038 0.0000000000
41654  25.640  28.965  31.033 0.0000000000
41655  25.399  28.785  31.071 0.0000000000
41656  24.944  28.890  31.254 0.0000000000
41677  26.347  28.879  30.727 0.0000000000
41678  25.769  28.927  30.879 0.0000000000
41679  25.549  28.719  30.927 0.0000000000
43199  26.753  29.873  34.293 0.0000000000
43220  27.114  29.586  34.019 0.0000000000
43292  24.135  29.550  32.632 0.0000000000
43311  24.274  29.433  32.189 0.0000000000
43321  25.019  29.375  31.517 0.0000000000
43322  24.776  29.213  31.552 0.0000000000
43323  24.443  29.431  31.841 0.0000000000
43329  25.596  29.203  31.100 0.0000000000
43330  25.161  29.306  31.309 0.0000000000
43331  24.987  29.218  31.131 0.0000000000
43344  26.229  29.394  30.735 0.0000000000
43345  25.821  29.507  30.879 0.0000000000
44911  27.043  30.351  34.412 0.0000000000
44931  27.329  29.909  34.425 0.0000000000
45011  24.143  30.074  32.709 0.0000000000
45028  24.650  30.058  32.067 0.0000000000
45029  24.349  29.883  32.319 0.0000000000
45037  25.050  29.680  31.606 0.0000000000
45038  24.718  29.736  31.795 0.0000000000
45039  24.546  29.753  32.048 0.0000000000
45047  25.566  29.751  31.137 0.0000000000
45048  25.263  29.834  31.352 0.0000000000
45059  26.637  29.859  30.733 0.0000000000
45060  26.148  29.858  30.755 0.0000000000
45061  25.842  29.924  30.888 0.0000000000
46578  26.641  30.705  34.479 0.0000000000
46579  25.941  30.532  34.796 0.0000000000
46637  24.119  30.567  33.155 0.0000000000
46638  23.870  30.495  33.256 0.0000000000
46655  24.241  30.495  32.922 0.0000000000
46665  24.719  30.435  32.038 0.0000000000
46666  24.390  30.408  32.385 0.0000000000
46678  25.191  30.238  31.507 0.0000000000
46679  24.884  30.215  31.789 0.0000000000
46691  25.784  30.319  31.020 0.0000000000
46692  25.429  30.179  31.235 0.0000000000
46700  27.010  30.377  30.813 0.0000000000
46701  26.445  30.288  30.778 0.0000000000
46702  26.051  30.193  30.802 0.0000000000
48150  26.413  31.172  34.554 0.0000000000
48151  25.813  31.102  34.770 0.0000000000
48206  24.074  30.878  33.202 0.0000000000
48225  24.244  30.881  33.009 0.0000000000
48237  25.060  31.071  32.165 0.0000000000
48238  24.753  30.873  32.240 0.0000000000
48239  24.337  30.893  32.670 0.0000000000
48250  25.117  30.791  31.818 0.0000000000
48251  24.861  30.590  31.940 0.0000000000
48267  26.434  31.131  31.012 0.0000000000
48268  26.099  30.884  31.101 0.0000000000
48269  25.478  30.738  31.275 0.0000000000
48286  26.677  30.873  30.917 0.0000000000
48287  26.183  30.538  30.857 0.0000000000
49742  26.093  31.376  34.651 0.0000000000
49801  24.641  31.463  33.055 0.0000000000
49802  24.405  31.304  33.096 0.0000000000
49803  24.008  31.279  33.256 0.0000000000
49823  24.708  31.463  32.836 0.0000000000
49824  24.426  31.160  32.854 0.0000000000
49837  25.221  31.353  32.002 0.0000000000
49838  24.880  31.386  32.345 0.0000000000
49839  24.571  31.198  32.576 0.0000000000
49852  25.350  31.329  31.516 0.0000000000
49867  26.704  31.373  31.067 0.0000000000
49868  26.290  31.365  31.138 0.0000000000
49869  25.824  31.316  31.268 0.0000000000
49885  27.153  31.321  31.129 0.0000000000
51409  24.669  31.731  33.074 0.0000000000
51410  24.330  31.745  33.234 0.0000000000
51411  23.897  31.704  33.288 0.0000000000
51428  24.774  31.886  32.859 0.0000000000
51439  25.150  31.836  32.172 0.0000000000
51440  24.827  31.879  32.522 0.0000000000
51450  25.352  31.842  31.754 0.0000000000
51461  26.556  31.772  31.076 0.0000000000
51462  26.117  31.761  31.236 0.0000000000
51463  25.657  31.829  31.381 0.0000000000
51474  26.837  31.914  31.067 0.0000000000
51475  21.410  32.639  29.896 0.0000000000
51495  27.646  32.167  30.803 0.0000000000
51496  23.568  32.264  29.727 0.0000000000
51497  23.249  32.188  29.714 0.0000000000
51521  24.123  32.054  29.640 0.0000000000
51522  23.618  32.050  29.696 0.0000000000
51523  22.956  31.978  29.601 0.0000000000
51524  22.587  31.797  29.630 0.0000000000
52992  25.093  32.517  33.133 0.0000000000
52993  24.697  32.296  33.189 0.0000000000
52994  24.221  32.239  33.292 0.0000000000
52995  23.776  32.144  33.340 0.0000000000
53007  25.190  32.459  32.842 0.0000000000
53008  24.875  32.161  32.968 0.0000000000
53017  25.188  32.337  32.410 0.0000000000
53018  24.928  32.165  32.750 0.0000000000
53027  25.351  32.262  31.973 0.0000000000
53034  26.360  32.115  31.127 0.0000000000
53035  25.980  32.236  31.312 0.0000000000
53036  25.608  32.402  31.631 0.0000000000
53049  27.309  32.213  30.791 0.0000000000
53050  26.786  32.302  30.944 0.0000000000
53051  21.983  32.663  30.087 0.0000000000
53052  21.752  32.701  30.005 0.0000000000
53053  21.272  32.714  30.011 0.0000000000
53072  23.842  32.784  29.726 0.0000000000
53073  23.583  32.608  29.764 0.0000000000
53090  24.933  32.524  29.182 0.0000000000
53091  24.526  32.545  29.447 0.0000000000
53092  23.988  32.621  29.664 0.0000000000
53093  23.730  32.366  29.720 0.0000000000
54436  25.030  32.979  33.231 0.0000000000
54437  24.525  32.842  33.312 0.0000000000
54438  24.043  32.768  33.392 0.0000000000
54453  25.261  32.938  33.011 0.0000000000
54463  25.618  33.123  32.218 0.0000000000
54464  25.306  32.948  32.540 0.0000000000
54474  25.778  33.068  32.034 0.0000000000
54475  25.622  32.784  32.052 0.0000000000
54487  26.303  32.610  31.179 0.0000000000
54488  25.851  32.785  31.488 0.0000000000
54489  25.771  32.865  31.781 0.0000000000
54504  27.105  32.906  30.714 0.0000000000
54505  26.693  32.826  30.909 0.0000000000
54506  22.615  33.197  30.056 0.0000000000
54507  22.206  33.218  30.024 0.0000000000
54508  22.061  32.887  30.172 0.0000000000
54509  21.575  32.838  30.190 0.0000000000
54524  24.202  33.291  29.585 0.0000000000
54525  23.883  33.064  29.705 0.0000000000
54526  23.379  32.970  29.800 0.0000000000
54527  23.123  32.894  30.027 0.0000000000
54528  22.343  32.956  30.178 0.0000000000
54541  24.837  33.046  29.215 0.0000000000
54542  24.406  33.113  29.483 0.0000000000
54543  24.022  32.840  29.649 0.0000000000
54553  25.109  33.039  29.109 0.0000000000
55943  25.282  33.527  33.316 0.0000000000
55944  24.814  33.414  33.361 0.0000000000
55945  24.332  33.308  33.472 0.0000000000
55959  25.483  33.597  33.364 0.0000000000
55960  25.426  33.366  33.209 0.0000000000
55969  25.468  33.448  32.421 0.0000000000
55970  25.333  33.500  33.135 0.0000000000
55978  25.767  33.383  32.020 0.0000000000
55979  25.809  33.057  31.930 0.0000000000
55994  26.137  33.140  31.467 0.0000000000
55995  25.870  33.182  31.780 0.0000000000
55996  25.818  33.057  31.891 0.0000000000
55997  21.572  33.462  30.727 0.0000000000
56012  26.804  33.348  30.897 0.0000000000
56013  26.242  32.838  31.120 0.0000000000
56014  23.058  33.459  30.312 0.0000000000
56015  22.505  33.343  30.440 0.0000000000
56016  21.789  33.200  30.254 0.0000000000
56017  21.813  33.150  30.379 0.0000000000
56018  21.357  33.087  30.449 0.0000000000
56035  24.358  33.589  29.401 0.0000000000
56036  24.117  33.727  29.577 0.0000000000
56037  23.715  33.402  29.896 0.0000000000
56038  23.362  33.226  30.087 0.0000000000
57453  25.704  33.647  33.507 0.0000000000
57493  25.656  33.962  32.038 0.0000000000
57495  21.679  33.984  31.174 0.0000000000
57496  21.362  33.903  31.192 0.0000000000
57513  25.947  33.591  31.726 0.0000000000
57514  25.905  33.841  31.533 0.0000000000
57515  22.633  34.140  30.931 0.0000000000
57516  22.324  34.052  31.056 0.0000000000
57517  21.886  33.877  31.051 0.0000000000
57518  21.353  33.698  30.988 0.0000000000
57533  27.142  33.739  30.954 0.0000000000
57534  26.809  33.597  30.926 0.0000000000
57535  26.393  33.654  31.094 0.0000000000
57536  26.149  34.394  30.774 0.0000000000
57537  23.717  34.080  29.853 0.0000000000
57538  23.437  33.986  30.273 0.0000000000
57539  22.824  33.886  30.662 0.0000000000
57540  22.156  33.762  30.758 0.0000000000
57541  21.982  33.518  30.659 0.0000000000
57557  26.898  33.655  30.890 0.0000000000
57558  26.769  33.777  30.772 0.0000000000
57562  23.839  34.050  29.926 0.0000000000
57563  23.497  33.637  30.128 0.0000000000
58960  22.158  34.468  31.315 0.0000000000
58961  21.712  34.252  31.345 0.0000000000
58977  25.899  34.720  31.027 0.0000000000
58978  23.495  34.687  30.584 0.0000000000
58979  22.973  34.634  30.987 0.0000000000
58980  22.707  34.233  30.930 0.0000000000
58981  22.294  34.188  31.121 0.0000000000
58982  21.871  34.000  31.220 0.0000000000
59001  23.690  34.405  30.161 0.0000000000
59002  23.309  34.267  30.571 0.0000000000
59003  23.004  34.230  30.757 0.0000000000
59021  23.952  34.434  29.887 0.0000000000
60404  22.103  35.135  31.653 0.0000000000
60405  21.630  35.083  31.770 0.0000000000
60406  21.035  34.893  31.968 0.0000000000
60430  22.908  35.156  31.219 0.0000000000
60431  22.351  34.826  31.432 0.0000000000
60432  21.944  34.741  31.579 0.0000000000
60433  21.492  34.656  31.667 0.0000000000
60447  23.235  34.931  30.876 0.0000000000
60448  22.924  34.713  31.063 0.0000000000
60449  22.528  34.569  31.180 0.0000000000
61958  20.659  35.678  32.321 0.0000000000
61959  20.467  35.640  32.356 0.0000000000
61982  22.678  35.677  31.642 0.0000000000
61983  22.394  35.560  31.671 0.0000000000
61984  21.867  35.497  31.851 0.0000000000
61985  21.388  35.415  32.067 0.0000000000
61986  20.812  35.475  32.245 0.0000000000
62010  23.497  35.710  31.187 0.0000000000
62011  22.969  35.493  31.488 0.0000000000
62012  22.530  35.149  31.553 0.0000000000
62034  23.394  35.284  31.083 0.0000000000
62035  23.017  35.089  31.009 0.0000000000
63656  20.937  35.901  32.343 0.0000000000
63657  20.735  35.948  32.367 0.0000000000
63680  23.166  36.249  31.570 0.0000000000
63681  22.689  36.000  31.674 0.0000000000
63682  22.107  35.977  31.911 0.0000000000
63683  21.662  35.853  32.110 0.0000000000
63684  21.244  35.790  32.218 0.0000000000
63685  21.235  35.898  32.226 0.0000000000
63702  23.318  35.959  31.391 0.0000000000
63703  22.811  35.994  31.681 0.0000000000
65399  21.660  36.720  32.167 0.0000000000
65400  21.402  36.551  32.234 0.0000000000
65401  20.801  36.400  32.382 0.0000000000
65402  20.541  36.438  32.584 0.0000000000
65426  22.916  36.575  31.675 0.0000000000
65427  22.364  36.464  31.856 0.0000000000
65428  21.837  36.421  32.120 0.0000000000
65429  21.451  36.131  32.218 0.0000000000
66996  21.947  37.142  32.031 0.0000000000
66997  21.604  37.056  32.150 0.0000000000
66998  21.232  36.992  32.301 0.0000000000
66999  20.830  36.991  32.571 0.0000000000
67016  23.188  37.054  31.797 0.0000000000
67017  22.598  36.954  31.806 0.0000000000
67018  22.121  36.865  31.962 0.0000000000
67019  22.048  36.977  31.988 0.0000000000
68523  21.146  37.808  32.210 0.0000000000
68524  21.102  37.783  32.332 0.0000000000
68552  22.015  37.304  31.988 0.0000000000
68553  21.903  37.438  32.005 0.0000000000
68554  21.391  37.616  32.119 0.0000000000
68555  21.131  37.303  32.364 0.0000000000
68575  22.243  37.343  31.921 0.0000000000
68576  22.119  37.617  31.941 0.0000000000
70081  21.100  38.160  32.098 0.0000000000
70082  20.609  38.141  32.446 0.0000000000
70126  22.241  37.681  31.937 0.0000000000
74992  20.844  39.682  32.161 0.0000000000
