#!ascii label ../label/_rh_reg_V4v_color.label , from subject  vox2ras=TkReg
38
-1  33540.000  -0.500  0.500 0.0000000000
-1  32451.000  -0.500  0.500 0.0000000000
-1  32441.000  -0.500  0.500 0.0000000000
-1  32434.000  -0.500  0.500 0.0000000000
-1  32433.000  -0.500  0.500 0.0000000000
-1  32427.000  -0.500  0.500 0.0000000000
-1  32426.000  -0.500  0.500 0.0000000000
-1  32425.000  -0.500  0.500 0.0000000000
-1  31336.000  -0.500  0.500 0.0000000000
-1  31327.000  -0.500  0.500 0.0000000000
-1  31326.000  -0.500  0.500 0.0000000000
-1  31325.000  -0.500  0.500 0.0000000000
-1  31320.000  -0.500  0.500 0.0000000000
-1  31319.000  -0.500  0.500 0.0000000000
-1  31318.000  -0.500  0.500 0.0000000000
-1  31317.000  -0.500  0.500 0.0000000000
-1  31291.000  -0.500  0.500 0.0000000000
-1  31280.000  -0.500  0.500 0.0000000000
-1  31270.000  -0.500  0.500 0.0000000000
-1  30110.000  -0.500  0.500 0.0000000000
-1  30081.000  -0.500  0.500 0.0000000000
-1  30080.000  -0.500  0.500 0.0000000000
-1  30050.000  -0.500  0.500 0.0000000000
-1  28768.000  -0.500  0.500 0.0000000000
-1  28723.000  -0.500  0.500 0.0000000000
-1  28706.000  -0.500  0.500 0.0000000000
-1  28705.000  -0.500  0.500 0.0000000000
-1  28692.000  -0.500  0.500 0.0000000000
-1  28689.000  -0.500  0.500 0.0000000000
-1  28688.000  -0.500  0.500 0.0000000000
-1  27322.000  -0.500  0.500 0.0000000000
-1  25895.000  -0.500  0.500 0.0000000000
-1  25858.000  -0.500  0.500 0.0000000000
-1  24569.000  -0.500  0.500 0.0000000000
-1  24556.000  -0.500  0.500 0.0000000000
-1  24555.000  -0.500  0.500 0.0000000000
-1  24544.000  -0.500  0.500 0.0000000000
-1  23264.000  -0.500  0.500 0.0000000000
