#!ascii label ../label/_rh_reg_post_color.label , from subject  vox2ras=TkReg
55
-1  23195.000  -0.500  0.500 0.0000000000
-1  23194.000  -0.500  0.500 0.0000000000
-1  23193.000  -0.500  0.500 0.0000000000
-1  23185.000  -0.500  0.500 0.0000000000
-1  23184.000  -0.500  0.500 0.0000000000
-1  23183.000  -0.500  0.500 0.0000000000
-1  23182.000  -0.500  0.500 0.0000000000
-1  23171.000  -0.500  0.500 0.0000000000
-1  23170.000  -0.500  0.500 0.0000000000
-1  21866.000  -0.500  0.500 0.0000000000
-1  21864.000  -0.500  0.500 0.0000000000
-1  21863.000  -0.500  0.500 0.0000000000
-1  21862.000  -0.500  0.500 0.0000000000
-1  21861.000  -0.500  0.500 0.0000000000
-1  21860.000  -0.500  0.500 0.0000000000
-1  21852.000  -0.500  0.500 0.0000000000
-1  21851.000  -0.500  0.500 0.0000000000
-1  21850.000  -0.500  0.500 0.0000000000
-1  20426.000  -0.500  0.500 0.0000000000
-1  20425.000  -0.500  0.500 0.0000000000
-1  20420.000  -0.500  0.500 0.0000000000
-1  20419.000  -0.500  0.500 0.0000000000
-1  20418.000  -0.500  0.500 0.0000000000
-1  20417.000  -0.500  0.500 0.0000000000
-1  20407.000  -0.500  0.500 0.0000000000
-1  20406.000  -0.500  0.500 0.0000000000
-1  18932.000  -0.500  0.500 0.0000000000
-1  18931.000  -0.500  0.500 0.0000000000
-1  18930.000  -0.500  0.500 0.0000000000
-1  18921.000  -0.500  0.500 0.0000000000
-1  18920.000  -0.500  0.500 0.0000000000
-1  18919.000  -0.500  0.500 0.0000000000
-1  18918.000  -0.500  0.500 0.0000000000
-1  18897.000  -0.500  0.500 0.0000000000
-1  17308.000  -0.500  0.500 0.0000000000
-1  17299.000  -0.500  0.500 0.0000000000
-1  17286.000  -0.500  0.500 0.0000000000
-1  17285.000  -0.500  0.500 0.0000000000
-1  17284.000  -0.500  0.500 0.0000000000
-1  17282.000  -0.500  0.500 0.0000000000
-1  17258.000  -0.500  0.500 0.0000000000
-1  17257.000  -0.500  0.500 0.0000000000
-1  15609.000  -0.500  0.500 0.0000000000
-1  15608.000  -0.500  0.500 0.0000000000
-1  15598.000  -0.500  0.500 0.0000000000
-1  15578.000  -0.500  0.500 0.0000000000
-1  15576.000  -0.500  0.500 0.0000000000
-1  15575.000  -0.500  0.500 0.0000000000
-1  15574.000  -0.500  0.500 0.0000000000
-1  13853.000  -0.500  0.500 0.0000000000
-1  13852.000  -0.500  0.500 0.0000000000
-1  13831.000  -0.500  0.500 0.0000000000
-1  12055.000  -0.500  0.500 0.0000000000
-1  12054.000  -0.500  0.500 0.0000000000
-1  12036.000  -0.500  0.500 0.0000000000
