#!ascii label ../label/_rh_reg_mid_color.label , from subject  vox2ras=TkReg
51
-1  37707.000  -0.500  0.500 0.0000000000
-1  37639.000  -0.500  0.500 0.0000000000
-1  37033.000  -0.500  0.500 0.0000000000
-1  37015.000  -0.500  0.500 0.0000000000
-1  37014.000  -0.500  0.500 0.0000000000
-1  37013.000  -0.500  0.500 0.0000000000
-1  36998.000  -0.500  0.500 0.0000000000
-1  36997.000  -0.500  0.500 0.0000000000
-1  36982.000  -0.500  0.500 0.0000000000
-1  36981.000  -0.500  0.500 0.0000000000
-1  36964.000  -0.500  0.500 0.0000000000
-1  36963.000  -0.500  0.500 0.0000000000
-1  36946.000  -0.500  0.500 0.0000000000
-1  36945.000  -0.500  0.500 0.0000000000
-1  36943.000  -0.500  0.500 0.0000000000
-1  36930.000  -0.500  0.500 0.0000000000
-1  36929.000  -0.500  0.500 0.0000000000
-1  36928.000  -0.500  0.500 0.0000000000
-1  36927.000  -0.500  0.500 0.0000000000
-1  36260.000  -0.500  0.500 0.0000000000
-1  36259.000  -0.500  0.500 0.0000000000
-1  36242.000  -0.500  0.500 0.0000000000
-1  36241.000  -0.500  0.500 0.0000000000
-1  36226.000  -0.500  0.500 0.0000000000
-1  36225.000  -0.500  0.500 0.0000000000
-1  36209.000  -0.500  0.500 0.0000000000
-1  36208.000  -0.500  0.500 0.0000000000
-1  36207.000  -0.500  0.500 0.0000000000
-1  36192.000  -0.500  0.500 0.0000000000
-1  36191.000  -0.500  0.500 0.0000000000
-1  36181.000  -0.500  0.500 0.0000000000
-1  36180.000  -0.500  0.500 0.0000000000
-1  36179.000  -0.500  0.500 0.0000000000
-1  35412.000  -0.500  0.500 0.0000000000
-1  35396.000  -0.500  0.500 0.0000000000
-1  35395.000  -0.500  0.500 0.0000000000
-1  35383.000  -0.500  0.500 0.0000000000
-1  35382.000  -0.500  0.500 0.0000000000
-1  35368.000  -0.500  0.500 0.0000000000
-1  35367.000  -0.500  0.500 0.0000000000
-1  35352.000  -0.500  0.500 0.0000000000
-1  35351.000  -0.500  0.500 0.0000000000
-1  35350.000  -0.500  0.500 0.0000000000
-1  35335.000  -0.500  0.500 0.0000000000
-1  35334.000  -0.500  0.500 0.0000000000
-1  34353.000  -0.500  0.500 0.0000000000
-1  34336.000  -0.500  0.500 0.0000000000
-1  34335.000  -0.500  0.500 0.0000000000
-1  34324.000  -0.500  0.500 0.0000000000
-1  34323.000  -0.500  0.500 0.0000000000
-1  34322.000  -0.500  0.500 0.0000000000
