#!ascii label ../label/_rh_reg_ant_color.label , from subject  vox2ras=TkReg
287
-1  42902.000  -0.500  0.500 0.0000000000
-1  42901.000  -0.500  0.500 0.0000000000
-1  42890.000  -0.500  0.500 0.0000000000
-1  42889.000  -0.500  0.500 0.0000000000
-1  42815.000  -0.500  0.500 0.0000000000
-1  42562.000  -0.500  0.500 0.0000000000
-1  42550.000  -0.500  0.500 0.0000000000
-1  42549.000  -0.500  0.500 0.0000000000
-1  42548.000  -0.500  0.500 0.0000000000
-1  42547.000  -0.500  0.500 0.0000000000
-1  42537.000  -0.500  0.500 0.0000000000
-1  42536.000  -0.500  0.500 0.0000000000
-1  42535.000  -0.500  0.500 0.0000000000
-1  42534.000  -0.500  0.500 0.0000000000
-1  42521.000  -0.500  0.500 0.0000000000
-1  42520.000  -0.500  0.500 0.0000000000
-1  42519.000  -0.500  0.500 0.0000000000
-1  42502.000  -0.500  0.500 0.0000000000
-1  42501.000  -0.500  0.500 0.0000000000
-1  42467.000  -0.500  0.500 0.0000000000
-1  42466.000  -0.500  0.500 0.0000000000
-1  42457.000  -0.500  0.500 0.0000000000
-1  42451.000  -0.500  0.500 0.0000000000
-1  42450.000  -0.500  0.500 0.0000000000
-1  42442.000  -0.500  0.500 0.0000000000
-1  42441.000  -0.500  0.500 0.0000000000
-1  42438.000  -0.500  0.500 0.0000000000
-1  42215.000  -0.500  0.500 0.0000000000
-1  42201.000  -0.500  0.500 0.0000000000
-1  42200.000  -0.500  0.500 0.0000000000
-1  42188.000  -0.500  0.500 0.0000000000
-1  42174.000  -0.500  0.500 0.0000000000
-1  42173.000  -0.500  0.500 0.0000000000
-1  42172.000  -0.500  0.500 0.0000000000
-1  42159.000  -0.500  0.500 0.0000000000
-1  42158.000  -0.500  0.500 0.0000000000
-1  42157.000  -0.500  0.500 0.0000000000
-1  42148.000  -0.500  0.500 0.0000000000
-1  42147.000  -0.500  0.500 0.0000000000
-1  42146.000  -0.500  0.500 0.0000000000
-1  42140.000  -0.500  0.500 0.0000000000
-1  42139.000  -0.500  0.500 0.0000000000
-1  42138.000  -0.500  0.500 0.0000000000
-1  42133.000  -0.500  0.500 0.0000000000
-1  42132.000  -0.500  0.500 0.0000000000
-1  42131.000  -0.500  0.500 0.0000000000
-1  42128.000  -0.500  0.500 0.0000000000
-1  42127.000  -0.500  0.500 0.0000000000
-1  42123.000  -0.500  0.500 0.0000000000
-1  42122.000  -0.500  0.500 0.0000000000
-1  42121.000  -0.500  0.500 0.0000000000
-1  42120.000  -0.500  0.500 0.0000000000
-1  42119.000  -0.500  0.500 0.0000000000
-1  42118.000  -0.500  0.500 0.0000000000
-1  42117.000  -0.500  0.500 0.0000000000
-1  42116.000  -0.500  0.500 0.0000000000
-1  42112.000  -0.500  0.500 0.0000000000
-1  42111.000  -0.500  0.500 0.0000000000
-1  42110.000  -0.500  0.500 0.0000000000
-1  42109.000  -0.500  0.500 0.0000000000
-1  42108.000  -0.500  0.500 0.0000000000
-1  42107.000  -0.500  0.500 0.0000000000
-1  42106.000  -0.500  0.500 0.0000000000
-1  42105.000  -0.500  0.500 0.0000000000
-1  42094.000  -0.500  0.500 0.0000000000
-1  42093.000  -0.500  0.500 0.0000000000
-1  42092.000  -0.500  0.500 0.0000000000
-1  42088.000  -0.500  0.500 0.0000000000
-1  42081.000  -0.500  0.500 0.0000000000
-1  42064.000  -0.500  0.500 0.0000000000
-1  41812.000  -0.500  0.500 0.0000000000
-1  41792.000  -0.500  0.500 0.0000000000
-1  41774.000  -0.500  0.500 0.0000000000
-1  41717.000  -0.500  0.500 0.0000000000
-1  41715.000  -0.500  0.500 0.0000000000
-1  41711.000  -0.500  0.500 0.0000000000
-1  41710.000  -0.500  0.500 0.0000000000
-1  41709.000  -0.500  0.500 0.0000000000
-1  41704.000  -0.500  0.500 0.0000000000
-1  41703.000  -0.500  0.500 0.0000000000
-1  41702.000  -0.500  0.500 0.0000000000
-1  41696.000  -0.500  0.500 0.0000000000
-1  41695.000  -0.500  0.500 0.0000000000
-1  41691.000  -0.500  0.500 0.0000000000
-1  41690.000  -0.500  0.500 0.0000000000
-1  41689.000  -0.500  0.500 0.0000000000
-1  41688.000  -0.500  0.500 0.0000000000
-1  41687.000  -0.500  0.500 0.0000000000
-1  41686.000  -0.500  0.500 0.0000000000
-1  41685.000  -0.500  0.500 0.0000000000
-1  41684.000  -0.500  0.500 0.0000000000
-1  41683.000  -0.500  0.500 0.0000000000
-1  41679.000  -0.500  0.500 0.0000000000
-1  41678.000  -0.500  0.500 0.0000000000
-1  41677.000  -0.500  0.500 0.0000000000
-1  41676.000  -0.500  0.500 0.0000000000
-1  41675.000  -0.500  0.500 0.0000000000
-1  41674.000  -0.500  0.500 0.0000000000
-1  41673.000  -0.500  0.500 0.0000000000
-1  41672.000  -0.500  0.500 0.0000000000
-1  41670.000  -0.500  0.500 0.0000000000
-1  41668.000  -0.500  0.500 0.0000000000
-1  41664.000  -0.500  0.500 0.0000000000
-1  41663.000  -0.500  0.500 0.0000000000
-1  41662.000  -0.500  0.500 0.0000000000
-1  41661.000  -0.500  0.500 0.0000000000
-1  41660.000  -0.500  0.500 0.0000000000
-1  41657.000  -0.500  0.500 0.0000000000
-1  41656.000  -0.500  0.500 0.0000000000
-1  41655.000  -0.500  0.500 0.0000000000
-1  41650.000  -0.500  0.500 0.0000000000
-1  41643.000  -0.500  0.500 0.0000000000
-1  41642.000  -0.500  0.500 0.0000000000
-1  41641.000  -0.500  0.500 0.0000000000
-1  41637.000  -0.500  0.500 0.0000000000
-1  41632.000  -0.500  0.500 0.0000000000
-1  41631.000  -0.500  0.500 0.0000000000
-1  41630.000  -0.500  0.500 0.0000000000
-1  41629.000  -0.500  0.500 0.0000000000
-1  41616.000  -0.500  0.500 0.0000000000
-1  41615.000  -0.500  0.500 0.0000000000
-1  41614.000  -0.500  0.500 0.0000000000
-1  41376.000  -0.500  0.500 0.0000000000
-1  41342.000  -0.500  0.500 0.0000000000
-1  41341.000  -0.500  0.500 0.0000000000
-1  41340.000  -0.500  0.500 0.0000000000
-1  41333.000  -0.500  0.500 0.0000000000
-1  41332.000  -0.500  0.500 0.0000000000
-1  41331.000  -0.500  0.500 0.0000000000
-1  41330.000  -0.500  0.500 0.0000000000
-1  41329.000  -0.500  0.500 0.0000000000
-1  41322.000  -0.500  0.500 0.0000000000
-1  41321.000  -0.500  0.500 0.0000000000
-1  41320.000  -0.500  0.500 0.0000000000
-1  41319.000  -0.500  0.500 0.0000000000
-1  41318.000  -0.500  0.500 0.0000000000
-1  41317.000  -0.500  0.500 0.0000000000
-1  41316.000  -0.500  0.500 0.0000000000
-1  41315.000  -0.500  0.500 0.0000000000
-1  41309.000  -0.500  0.500 0.0000000000
-1  41308.000  -0.500  0.500 0.0000000000
-1  41307.000  -0.500  0.500 0.0000000000
-1  41306.000  -0.500  0.500 0.0000000000
-1  41305.000  -0.500  0.500 0.0000000000
-1  41304.000  -0.500  0.500 0.0000000000
-1  41303.000  -0.500  0.500 0.0000000000
-1  41302.000  -0.500  0.500 0.0000000000
-1  41294.000  -0.500  0.500 0.0000000000
-1  41293.000  -0.500  0.500 0.0000000000
-1  41292.000  -0.500  0.500 0.0000000000
-1  41291.000  -0.500  0.500 0.0000000000
-1  41290.000  -0.500  0.500 0.0000000000
-1  41289.000  -0.500  0.500 0.0000000000
-1  41288.000  -0.500  0.500 0.0000000000
-1  41287.000  -0.500  0.500 0.0000000000
-1  41280.000  -0.500  0.500 0.0000000000
-1  41279.000  -0.500  0.500 0.0000000000
-1  41276.000  -0.500  0.500 0.0000000000
-1  41275.000  -0.500  0.500 0.0000000000
-1  41274.000  -0.500  0.500 0.0000000000
-1  41273.000  -0.500  0.500 0.0000000000
-1  41272.000  -0.500  0.500 0.0000000000
-1  41267.000  -0.500  0.500 0.0000000000
-1  41264.000  -0.500  0.500 0.0000000000
-1  41263.000  -0.500  0.500 0.0000000000
-1  41262.000  -0.500  0.500 0.0000000000
-1  41261.000  -0.500  0.500 0.0000000000
-1  41260.000  -0.500  0.500 0.0000000000
-1  41253.000  -0.500  0.500 0.0000000000
-1  41252.000  -0.500  0.500 0.0000000000
-1  41251.000  -0.500  0.500 0.0000000000
-1  41250.000  -0.500  0.500 0.0000000000
-1  41249.000  -0.500  0.500 0.0000000000
-1  41244.000  -0.500  0.500 0.0000000000
-1  41243.000  -0.500  0.500 0.0000000000
-1  41242.000  -0.500  0.500 0.0000000000
-1  41241.000  -0.500  0.500 0.0000000000
-1  40925.000  -0.500  0.500 0.0000000000
-1  40918.000  -0.500  0.500 0.0000000000
-1  40917.000  -0.500  0.500 0.0000000000
-1  40907.000  -0.500  0.500 0.0000000000
-1  40906.000  -0.500  0.500 0.0000000000
-1  40905.000  -0.500  0.500 0.0000000000
-1  40898.000  -0.500  0.500 0.0000000000
-1  40897.000  -0.500  0.500 0.0000000000
-1  40896.000  -0.500  0.500 0.0000000000
-1  40895.000  -0.500  0.500 0.0000000000
-1  40894.000  -0.500  0.500 0.0000000000
-1  40893.000  -0.500  0.500 0.0000000000
-1  40892.000  -0.500  0.500 0.0000000000
-1  40891.000  -0.500  0.500 0.0000000000
-1  40887.000  -0.500  0.500 0.0000000000
-1  40886.000  -0.500  0.500 0.0000000000
-1  40885.000  -0.500  0.500 0.0000000000
-1  40884.000  -0.500  0.500 0.0000000000
-1  40883.000  -0.500  0.500 0.0000000000
-1  40882.000  -0.500  0.500 0.0000000000
-1  40881.000  -0.500  0.500 0.0000000000
-1  40880.000  -0.500  0.500 0.0000000000
-1  40875.000  -0.500  0.500 0.0000000000
-1  40874.000  -0.500  0.500 0.0000000000
-1  40873.000  -0.500  0.500 0.0000000000
-1  40872.000  -0.500  0.500 0.0000000000
-1  40871.000  -0.500  0.500 0.0000000000
-1  40870.000  -0.500  0.500 0.0000000000
-1  40869.000  -0.500  0.500 0.0000000000
-1  40868.000  -0.500  0.500 0.0000000000
-1  40863.000  -0.500  0.500 0.0000000000
-1  40862.000  -0.500  0.500 0.0000000000
-1  40861.000  -0.500  0.500 0.0000000000
-1  40860.000  -0.500  0.500 0.0000000000
-1  40859.000  -0.500  0.500 0.0000000000
-1  40858.000  -0.500  0.500 0.0000000000
-1  40857.000  -0.500  0.500 0.0000000000
-1  40853.000  -0.500  0.500 0.0000000000
-1  40851.000  -0.500  0.500 0.0000000000
-1  40850.000  -0.500  0.500 0.0000000000
-1  40849.000  -0.500  0.500 0.0000000000
-1  40848.000  -0.500  0.500 0.0000000000
-1  40847.000  -0.500  0.500 0.0000000000
-1  40846.000  -0.500  0.500 0.0000000000
-1  40841.000  -0.500  0.500 0.0000000000
-1  40840.000  -0.500  0.500 0.0000000000
-1  40514.000  -0.500  0.500 0.0000000000
-1  40513.000  -0.500  0.500 0.0000000000
-1  40503.000  -0.500  0.500 0.0000000000
-1  40502.000  -0.500  0.500 0.0000000000
-1  40501.000  -0.500  0.500 0.0000000000
-1  40500.000  -0.500  0.500 0.0000000000
-1  40499.000  -0.500  0.500 0.0000000000
-1  40492.000  -0.500  0.500 0.0000000000
-1  40491.000  -0.500  0.500 0.0000000000
-1  40490.000  -0.500  0.500 0.0000000000
-1  40489.000  -0.500  0.500 0.0000000000
-1  40488.000  -0.500  0.500 0.0000000000
-1  40487.000  -0.500  0.500 0.0000000000
-1  40486.000  -0.500  0.500 0.0000000000
-1  40482.000  -0.500  0.500 0.0000000000
-1  40481.000  -0.500  0.500 0.0000000000
-1  40480.000  -0.500  0.500 0.0000000000
-1  40479.000  -0.500  0.500 0.0000000000
-1  40478.000  -0.500  0.500 0.0000000000
-1  40477.000  -0.500  0.500 0.0000000000
-1  40476.000  -0.500  0.500 0.0000000000
-1  40475.000  -0.500  0.500 0.0000000000
-1  40474.000  -0.500  0.500 0.0000000000
-1  40470.000  -0.500  0.500 0.0000000000
-1  40469.000  -0.500  0.500 0.0000000000
-1  40468.000  -0.500  0.500 0.0000000000
-1  40467.000  -0.500  0.500 0.0000000000
-1  40466.000  -0.500  0.500 0.0000000000
-1  40465.000  -0.500  0.500 0.0000000000
-1  40464.000  -0.500  0.500 0.0000000000
-1  40460.000  -0.500  0.500 0.0000000000
-1  40459.000  -0.500  0.500 0.0000000000
-1  40458.000  -0.500  0.500 0.0000000000
-1  40457.000  -0.500  0.500 0.0000000000
-1  40456.000  -0.500  0.500 0.0000000000
-1  40455.000  -0.500  0.500 0.0000000000
-1  40454.000  -0.500  0.500 0.0000000000
-1  40453.000  -0.500  0.500 0.0000000000
-1  40448.000  -0.500  0.500 0.0000000000
-1  40447.000  -0.500  0.500 0.0000000000
-1  40446.000  -0.500  0.500 0.0000000000
-1  40445.000  -0.500  0.500 0.0000000000
-1  40444.000  -0.500  0.500 0.0000000000
-1  40439.000  -0.500  0.500 0.0000000000
-1  40438.000  -0.500  0.500 0.0000000000
-1  40437.000  -0.500  0.500 0.0000000000
-1  40436.000  -0.500  0.500 0.0000000000
-1  40435.000  -0.500  0.500 0.0000000000
-1  40429.000  -0.500  0.500 0.0000000000
-1  40428.000  -0.500  0.500 0.0000000000
-1  40112.000  -0.500  0.500 0.0000000000
-1  40111.000  -0.500  0.500 0.0000000000
-1  40104.000  -0.500  0.500 0.0000000000
-1  40088.000  -0.500  0.500 0.0000000000
-1  40084.000  -0.500  0.500 0.0000000000
-1  40083.000  -0.500  0.500 0.0000000000
-1  40079.000  -0.500  0.500 0.0000000000
-1  40078.000  -0.500  0.500 0.0000000000
-1  40069.000  -0.500  0.500 0.0000000000
-1  40068.000  -0.500  0.500 0.0000000000
-1  40067.000  -0.500  0.500 0.0000000000
-1  40062.000  -0.500  0.500 0.0000000000
-1  40058.000  -0.500  0.500 0.0000000000
-1  40057.000  -0.500  0.500 0.0000000000
