#!ascii label ../label/_rh_reg_ant_object.label , from subject  vox2ras=TkReg
696
-1  42095.000  -0.500  0.500 0.0000000000
-1  42083.000  -0.500  0.500 0.0000000000
-1  42082.000  -0.500  0.500 0.0000000000
-1  42073.000  -0.500  0.500 0.0000000000
-1  42072.000  -0.500  0.500 0.0000000000
-1  42071.000  -0.500  0.500 0.0000000000
-1  42070.000  -0.500  0.500 0.0000000000
-1  42069.000  -0.500  0.500 0.0000000000
-1  42068.000  -0.500  0.500 0.0000000000
-1  42067.000  -0.500  0.500 0.0000000000
-1  42053.000  -0.500  0.500 0.0000000000
-1  41705.000  -0.500  0.500 0.0000000000
-1  41704.000  -0.500  0.500 0.0000000000
-1  41698.000  -0.500  0.500 0.0000000000
-1  41697.000  -0.500  0.500 0.0000000000
-1  41686.000  -0.500  0.500 0.0000000000
-1  41685.000  -0.500  0.500 0.0000000000
-1  41674.000  -0.500  0.500 0.0000000000
-1  41673.000  -0.500  0.500 0.0000000000
-1  41672.000  -0.500  0.500 0.0000000000
-1  41671.000  -0.500  0.500 0.0000000000
-1  41662.000  -0.500  0.500 0.0000000000
-1  41661.000  -0.500  0.500 0.0000000000
-1  41660.000  -0.500  0.500 0.0000000000
-1  41659.000  -0.500  0.500 0.0000000000
-1  41658.000  -0.500  0.500 0.0000000000
-1  41648.000  -0.500  0.500 0.0000000000
-1  41647.000  -0.500  0.500 0.0000000000
-1  41646.000  -0.500  0.500 0.0000000000
-1  41645.000  -0.500  0.500 0.0000000000
-1  41644.000  -0.500  0.500 0.0000000000
-1  41643.000  -0.500  0.500 0.0000000000
-1  41636.000  -0.500  0.500 0.0000000000
-1  41635.000  -0.500  0.500 0.0000000000
-1  41634.000  -0.500  0.500 0.0000000000
-1  41633.000  -0.500  0.500 0.0000000000
-1  41632.000  -0.500  0.500 0.0000000000
-1  41621.000  -0.500  0.500 0.0000000000
-1  41620.000  -0.500  0.500 0.0000000000
-1  41619.000  -0.500  0.500 0.0000000000
-1  41618.000  -0.500  0.500 0.0000000000
-1  41617.000  -0.500  0.500 0.0000000000
-1  41336.000  -0.500  0.500 0.0000000000
-1  41335.000  -0.500  0.500 0.0000000000
-1  41334.000  -0.500  0.500 0.0000000000
-1  41333.000  -0.500  0.500 0.0000000000
-1  41332.000  -0.500  0.500 0.0000000000
-1  41331.000  -0.500  0.500 0.0000000000
-1  41330.000  -0.500  0.500 0.0000000000
-1  41325.000  -0.500  0.500 0.0000000000
-1  41324.000  -0.500  0.500 0.0000000000
-1  41323.000  -0.500  0.500 0.0000000000
-1  41322.000  -0.500  0.500 0.0000000000
-1  41321.000  -0.500  0.500 0.0000000000
-1  41320.000  -0.500  0.500 0.0000000000
-1  41319.000  -0.500  0.500 0.0000000000
-1  41318.000  -0.500  0.500 0.0000000000
-1  41317.000  -0.500  0.500 0.0000000000
-1  41313.000  -0.500  0.500 0.0000000000
-1  41312.000  -0.500  0.500 0.0000000000
-1  41311.000  -0.500  0.500 0.0000000000
-1  41310.000  -0.500  0.500 0.0000000000
-1  41309.000  -0.500  0.500 0.0000000000
-1  41308.000  -0.500  0.500 0.0000000000
-1  41307.000  -0.500  0.500 0.0000000000
-1  41306.000  -0.500  0.500 0.0000000000
-1  41305.000  -0.500  0.500 0.0000000000
-1  41304.000  -0.500  0.500 0.0000000000
-1  41292.000  -0.500  0.500 0.0000000000
-1  41291.000  -0.500  0.500 0.0000000000
-1  41290.000  -0.500  0.500 0.0000000000
-1  41289.000  -0.500  0.500 0.0000000000
-1  41288.000  -0.500  0.500 0.0000000000
-1  41280.000  -0.500  0.500 0.0000000000
-1  41279.000  -0.500  0.500 0.0000000000
-1  41278.000  -0.500  0.500 0.0000000000
-1  41277.000  -0.500  0.500 0.0000000000
-1  41276.000  -0.500  0.500 0.0000000000
-1  41275.000  -0.500  0.500 0.0000000000
-1  41274.000  -0.500  0.500 0.0000000000
-1  41273.000  -0.500  0.500 0.0000000000
-1  41267.000  -0.500  0.500 0.0000000000
-1  41266.000  -0.500  0.500 0.0000000000
-1  41265.000  -0.500  0.500 0.0000000000
-1  41264.000  -0.500  0.500 0.0000000000
-1  41263.000  -0.500  0.500 0.0000000000
-1  41262.000  -0.500  0.500 0.0000000000
-1  41254.000  -0.500  0.500 0.0000000000
-1  41253.000  -0.500  0.500 0.0000000000
-1  41252.000  -0.500  0.500 0.0000000000
-1  41251.000  -0.500  0.500 0.0000000000
-1  41244.000  -0.500  0.500 0.0000000000
-1  41243.000  -0.500  0.500 0.0000000000
-1  40928.000  -0.500  0.500 0.0000000000
-1  40927.000  -0.500  0.500 0.0000000000
-1  40922.000  -0.500  0.500 0.0000000000
-1  40921.000  -0.500  0.500 0.0000000000
-1  40920.000  -0.500  0.500 0.0000000000
-1  40919.000  -0.500  0.500 0.0000000000
-1  40912.000  -0.500  0.500 0.0000000000
-1  40911.000  -0.500  0.500 0.0000000000
-1  40910.000  -0.500  0.500 0.0000000000
-1  40909.000  -0.500  0.500 0.0000000000
-1  40908.000  -0.500  0.500 0.0000000000
-1  40907.000  -0.500  0.500 0.0000000000
-1  40902.000  -0.500  0.500 0.0000000000
-1  40901.000  -0.500  0.500 0.0000000000
-1  40900.000  -0.500  0.500 0.0000000000
-1  40899.000  -0.500  0.500 0.0000000000
-1  40898.000  -0.500  0.500 0.0000000000
-1  40897.000  -0.500  0.500 0.0000000000
-1  40896.000  -0.500  0.500 0.0000000000
-1  40895.000  -0.500  0.500 0.0000000000
-1  40894.000  -0.500  0.500 0.0000000000
-1  40893.000  -0.500  0.500 0.0000000000
-1  40889.000  -0.500  0.500 0.0000000000
-1  40888.000  -0.500  0.500 0.0000000000
-1  40887.000  -0.500  0.500 0.0000000000
-1  40886.000  -0.500  0.500 0.0000000000
-1  40885.000  -0.500  0.500 0.0000000000
-1  40884.000  -0.500  0.500 0.0000000000
-1  40883.000  -0.500  0.500 0.0000000000
-1  40877.000  -0.500  0.500 0.0000000000
-1  40876.000  -0.500  0.500 0.0000000000
-1  40875.000  -0.500  0.500 0.0000000000
-1  40874.000  -0.500  0.500 0.0000000000
-1  40873.000  -0.500  0.500 0.0000000000
-1  40872.000  -0.500  0.500 0.0000000000
-1  40871.000  -0.500  0.500 0.0000000000
-1  40863.000  -0.500  0.500 0.0000000000
-1  40862.000  -0.500  0.500 0.0000000000
-1  40861.000  -0.500  0.500 0.0000000000
-1  40860.000  -0.500  0.500 0.0000000000
-1  40859.000  -0.500  0.500 0.0000000000
-1  40853.000  -0.500  0.500 0.0000000000
-1  40852.000  -0.500  0.500 0.0000000000
-1  40851.000  -0.500  0.500 0.0000000000
-1  40850.000  -0.500  0.500 0.0000000000
-1  40849.000  -0.500  0.500 0.0000000000
-1  40848.000  -0.500  0.500 0.0000000000
-1  40847.000  -0.500  0.500 0.0000000000
-1  40841.000  -0.500  0.500 0.0000000000
-1  40840.000  -0.500  0.500 0.0000000000
-1  40539.000  -0.500  0.500 0.0000000000
-1  40538.000  -0.500  0.500 0.0000000000
-1  40537.000  -0.500  0.500 0.0000000000
-1  40529.000  -0.500  0.500 0.0000000000
-1  40528.000  -0.500  0.500 0.0000000000
-1  40527.000  -0.500  0.500 0.0000000000
-1  40526.000  -0.500  0.500 0.0000000000
-1  40519.000  -0.500  0.500 0.0000000000
-1  40518.000  -0.500  0.500 0.0000000000
-1  40517.000  -0.500  0.500 0.0000000000
-1  40516.000  -0.500  0.500 0.0000000000
-1  40515.000  -0.500  0.500 0.0000000000
-1  40514.000  -0.500  0.500 0.0000000000
-1  40513.000  -0.500  0.500 0.0000000000
-1  40509.000  -0.500  0.500 0.0000000000
-1  40508.000  -0.500  0.500 0.0000000000
-1  40507.000  -0.500  0.500 0.0000000000
-1  40506.000  -0.500  0.500 0.0000000000
-1  40505.000  -0.500  0.500 0.0000000000
-1  40504.000  -0.500  0.500 0.0000000000
-1  40503.000  -0.500  0.500 0.0000000000
-1  40502.000  -0.500  0.500 0.0000000000
-1  40501.000  -0.500  0.500 0.0000000000
-1  40495.000  -0.500  0.500 0.0000000000
-1  40494.000  -0.500  0.500 0.0000000000
-1  40493.000  -0.500  0.500 0.0000000000
-1  40492.000  -0.500  0.500 0.0000000000
-1  40491.000  -0.500  0.500 0.0000000000
-1  40490.000  -0.500  0.500 0.0000000000
-1  40489.000  -0.500  0.500 0.0000000000
-1  40488.000  -0.500  0.500 0.0000000000
-1  40484.000  -0.500  0.500 0.0000000000
-1  40483.000  -0.500  0.500 0.0000000000
-1  40482.000  -0.500  0.500 0.0000000000
-1  40481.000  -0.500  0.500 0.0000000000
-1  40480.000  -0.500  0.500 0.0000000000
-1  40479.000  -0.500  0.500 0.0000000000
-1  40478.000  -0.500  0.500 0.0000000000
-1  40477.000  -0.500  0.500 0.0000000000
-1  40474.000  -0.500  0.500 0.0000000000
-1  40472.000  -0.500  0.500 0.0000000000
-1  40471.000  -0.500  0.500 0.0000000000
-1  40470.000  -0.500  0.500 0.0000000000
-1  40469.000  -0.500  0.500 0.0000000000
-1  40468.000  -0.500  0.500 0.0000000000
-1  40467.000  -0.500  0.500 0.0000000000
-1  40461.000  -0.500  0.500 0.0000000000
-1  40460.000  -0.500  0.500 0.0000000000
-1  40459.000  -0.500  0.500 0.0000000000
-1  40458.000  -0.500  0.500 0.0000000000
-1  40457.000  -0.500  0.500 0.0000000000
-1  40456.000  -0.500  0.500 0.0000000000
-1  40455.000  -0.500  0.500 0.0000000000
-1  40454.000  -0.500  0.500 0.0000000000
-1  40448.000  -0.500  0.500 0.0000000000
-1  40447.000  -0.500  0.500 0.0000000000
-1  40446.000  -0.500  0.500 0.0000000000
-1  40445.000  -0.500  0.500 0.0000000000
-1  40444.000  -0.500  0.500 0.0000000000
-1  40439.000  -0.500  0.500 0.0000000000
-1  40438.000  -0.500  0.500 0.0000000000
-1  40437.000  -0.500  0.500 0.0000000000
-1  40436.000  -0.500  0.500 0.0000000000
-1  40435.000  -0.500  0.500 0.0000000000
-1  40429.000  -0.500  0.500 0.0000000000
-1  40428.000  -0.500  0.500 0.0000000000
-1  40137.000  -0.500  0.500 0.0000000000
-1  40136.000  -0.500  0.500 0.0000000000
-1  40135.000  -0.500  0.500 0.0000000000
-1  40134.000  -0.500  0.500 0.0000000000
-1  40133.000  -0.500  0.500 0.0000000000
-1  40132.000  -0.500  0.500 0.0000000000
-1  40131.000  -0.500  0.500 0.0000000000
-1  40127.000  -0.500  0.500 0.0000000000
-1  40126.000  -0.500  0.500 0.0000000000
-1  40125.000  -0.500  0.500 0.0000000000
-1  40124.000  -0.500  0.500 0.0000000000
-1  40123.000  -0.500  0.500 0.0000000000
-1  40122.000  -0.500  0.500 0.0000000000
-1  40121.000  -0.500  0.500 0.0000000000
-1  40116.000  -0.500  0.500 0.0000000000
-1  40115.000  -0.500  0.500 0.0000000000
-1  40114.000  -0.500  0.500 0.0000000000
-1  40113.000  -0.500  0.500 0.0000000000
-1  40112.000  -0.500  0.500 0.0000000000
-1  40111.000  -0.500  0.500 0.0000000000
-1  40110.000  -0.500  0.500 0.0000000000
-1  40109.000  -0.500  0.500 0.0000000000
-1  40106.000  -0.500  0.500 0.0000000000
-1  40105.000  -0.500  0.500 0.0000000000
-1  40104.000  -0.500  0.500 0.0000000000
-1  40103.000  -0.500  0.500 0.0000000000
-1  40102.000  -0.500  0.500 0.0000000000
-1  40101.000  -0.500  0.500 0.0000000000
-1  40100.000  -0.500  0.500 0.0000000000
-1  40095.000  -0.500  0.500 0.0000000000
-1  40094.000  -0.500  0.500 0.0000000000
-1  40093.000  -0.500  0.500 0.0000000000
-1  40092.000  -0.500  0.500 0.0000000000
-1  40091.000  -0.500  0.500 0.0000000000
-1  40090.000  -0.500  0.500 0.0000000000
-1  40089.000  -0.500  0.500 0.0000000000
-1  40088.000  -0.500  0.500 0.0000000000
-1  40086.000  -0.500  0.500 0.0000000000
-1  40085.000  -0.500  0.500 0.0000000000
-1  40084.000  -0.500  0.500 0.0000000000
-1  40083.000  -0.500  0.500 0.0000000000
-1  40082.000  -0.500  0.500 0.0000000000
-1  40081.000  -0.500  0.500 0.0000000000
-1  40080.000  -0.500  0.500 0.0000000000
-1  40079.000  -0.500  0.500 0.0000000000
-1  40078.000  -0.500  0.500 0.0000000000
-1  40075.000  -0.500  0.500 0.0000000000
-1  40074.000  -0.500  0.500 0.0000000000
-1  40073.000  -0.500  0.500 0.0000000000
-1  40072.000  -0.500  0.500 0.0000000000
-1  40071.000  -0.500  0.500 0.0000000000
-1  40070.000  -0.500  0.500 0.0000000000
-1  40069.000  -0.500  0.500 0.0000000000
-1  40068.000  -0.500  0.500 0.0000000000
-1  40067.000  -0.500  0.500 0.0000000000
-1  40063.000  -0.500  0.500 0.0000000000
-1  40062.000  -0.500  0.500 0.0000000000
-1  40061.000  -0.500  0.500 0.0000000000
-1  40060.000  -0.500  0.500 0.0000000000
-1  40059.000  -0.500  0.500 0.0000000000
-1  40058.000  -0.500  0.500 0.0000000000
-1  40057.000  -0.500  0.500 0.0000000000
-1  40054.000  -0.500  0.500 0.0000000000
-1  40052.000  -0.500  0.500 0.0000000000
-1  40049.000  -0.500  0.500 0.0000000000
-1  39682.000  -0.500  0.500 0.0000000000
-1  39680.000  -0.500  0.500 0.0000000000
-1  39666.000  -0.500  0.500 0.0000000000
-1  39665.000  -0.500  0.500 0.0000000000
-1  39664.000  -0.500  0.500 0.0000000000
-1  39663.000  -0.500  0.500 0.0000000000
-1  39654.000  -0.500  0.500 0.0000000000
-1  39653.000  -0.500  0.500 0.0000000000
-1  39652.000  -0.500  0.500 0.0000000000
-1  39651.000  -0.500  0.500 0.0000000000
-1  39650.000  -0.500  0.500 0.0000000000
-1  39649.000  -0.500  0.500 0.0000000000
-1  39648.000  -0.500  0.500 0.0000000000
-1  39647.000  -0.500  0.500 0.0000000000
-1  39642.000  -0.500  0.500 0.0000000000
-1  39641.000  -0.500  0.500 0.0000000000
-1  39640.000  -0.500  0.500 0.0000000000
-1  39639.000  -0.500  0.500 0.0000000000
-1  39638.000  -0.500  0.500 0.0000000000
-1  39637.000  -0.500  0.500 0.0000000000
-1  39631.000  -0.500  0.500 0.0000000000
-1  39630.000  -0.500  0.500 0.0000000000
-1  39629.000  -0.500  0.500 0.0000000000
-1  39628.000  -0.500  0.500 0.0000000000
-1  39627.000  -0.500  0.500 0.0000000000
-1  39626.000  -0.500  0.500 0.0000000000
-1  39623.000  -0.500  0.500 0.0000000000
-1  39622.000  -0.500  0.500 0.0000000000
-1  39621.000  -0.500  0.500 0.0000000000
-1  39620.000  -0.500  0.500 0.0000000000
-1  39619.000  -0.500  0.500 0.0000000000
-1  39618.000  -0.500  0.500 0.0000000000
-1  39617.000  -0.500  0.500 0.0000000000
-1  39616.000  -0.500  0.500 0.0000000000
-1  39613.000  -0.500  0.500 0.0000000000
-1  39612.000  -0.500  0.500 0.0000000000
-1  39611.000  -0.500  0.500 0.0000000000
-1  39610.000  -0.500  0.500 0.0000000000
-1  39609.000  -0.500  0.500 0.0000000000
-1  39608.000  -0.500  0.500 0.0000000000
-1  39607.000  -0.500  0.500 0.0000000000
-1  39606.000  -0.500  0.500 0.0000000000
-1  39605.000  -0.500  0.500 0.0000000000
-1  39602.000  -0.500  0.500 0.0000000000
-1  39601.000  -0.500  0.500 0.0000000000
-1  39600.000  -0.500  0.500 0.0000000000
-1  39599.000  -0.500  0.500 0.0000000000
-1  39598.000  -0.500  0.500 0.0000000000
-1  39597.000  -0.500  0.500 0.0000000000
-1  39595.000  -0.500  0.500 0.0000000000
-1  39594.000  -0.500  0.500 0.0000000000
-1  39593.000  -0.500  0.500 0.0000000000
-1  39590.000  -0.500  0.500 0.0000000000
-1  39589.000  -0.500  0.500 0.0000000000
-1  39584.000  -0.500  0.500 0.0000000000
-1  39199.000  -0.500  0.500 0.0000000000
-1  39189.000  -0.500  0.500 0.0000000000
-1  39188.000  -0.500  0.500 0.0000000000
-1  39187.000  -0.500  0.500 0.0000000000
-1  39186.000  -0.500  0.500 0.0000000000
-1  39178.000  -0.500  0.500 0.0000000000
-1  39177.000  -0.500  0.500 0.0000000000
-1  39176.000  -0.500  0.500 0.0000000000
-1  39175.000  -0.500  0.500 0.0000000000
-1  39174.000  -0.500  0.500 0.0000000000
-1  39173.000  -0.500  0.500 0.0000000000
-1  39172.000  -0.500  0.500 0.0000000000
-1  39171.000  -0.500  0.500 0.0000000000
-1  39165.000  -0.500  0.500 0.0000000000
-1  39163.000  -0.500  0.500 0.0000000000
-1  39162.000  -0.500  0.500 0.0000000000
-1  39161.000  -0.500  0.500 0.0000000000
-1  39160.000  -0.500  0.500 0.0000000000
-1  39159.000  -0.500  0.500 0.0000000000
-1  39158.000  -0.500  0.500 0.0000000000
-1  39155.000  -0.500  0.500 0.0000000000
-1  39154.000  -0.500  0.500 0.0000000000
-1  39153.000  -0.500  0.500 0.0000000000
-1  39152.000  -0.500  0.500 0.0000000000
-1  39151.000  -0.500  0.500 0.0000000000
-1  39150.000  -0.500  0.500 0.0000000000
-1  39149.000  -0.500  0.500 0.0000000000
-1  39148.000  -0.500  0.500 0.0000000000
-1  39145.000  -0.500  0.500 0.0000000000
-1  39144.000  -0.500  0.500 0.0000000000
-1  39143.000  -0.500  0.500 0.0000000000
-1  39142.000  -0.500  0.500 0.0000000000
-1  39141.000  -0.500  0.500 0.0000000000
-1  39140.000  -0.500  0.500 0.0000000000
-1  39139.000  -0.500  0.500 0.0000000000
-1  39138.000  -0.500  0.500 0.0000000000
-1  39135.000  -0.500  0.500 0.0000000000
-1  39134.000  -0.500  0.500 0.0000000000
-1  39133.000  -0.500  0.500 0.0000000000
-1  39132.000  -0.500  0.500 0.0000000000
-1  39131.000  -0.500  0.500 0.0000000000
-1  39130.000  -0.500  0.500 0.0000000000
-1  39127.000  -0.500  0.500 0.0000000000
-1  39126.000  -0.500  0.500 0.0000000000
-1  39124.000  -0.500  0.500 0.0000000000
-1  39123.000  -0.500  0.500 0.0000000000
-1  39120.000  -0.500  0.500 0.0000000000
-1  39119.000  -0.500  0.500 0.0000000000
-1  39116.000  -0.500  0.500 0.0000000000
-1  38701.000  -0.500  0.500 0.0000000000
-1  38700.000  -0.500  0.500 0.0000000000
-1  38686.000  -0.500  0.500 0.0000000000
-1  38685.000  -0.500  0.500 0.0000000000
-1  38684.000  -0.500  0.500 0.0000000000
-1  38673.000  -0.500  0.500 0.0000000000
-1  38672.000  -0.500  0.500 0.0000000000
-1  38671.000  -0.500  0.500 0.0000000000
-1  38670.000  -0.500  0.500 0.0000000000
-1  38656.000  -0.500  0.500 0.0000000000
-1  38655.000  -0.500  0.500 0.0000000000
-1  38654.000  -0.500  0.500 0.0000000000
-1  38642.000  -0.500  0.500 0.0000000000
-1  38641.000  -0.500  0.500 0.0000000000
-1  38640.000  -0.500  0.500 0.0000000000
-1  38635.000  -0.500  0.500 0.0000000000
-1  38634.000  -0.500  0.500 0.0000000000
-1  38632.000  -0.500  0.500 0.0000000000
-1  38629.000  -0.500  0.500 0.0000000000
-1  38626.000  -0.500  0.500 0.0000000000
-1  38625.000  -0.500  0.500 0.0000000000
-1  38622.000  -0.500  0.500 0.0000000000
-1  38618.000  -0.500  0.500 0.0000000000
-1  38615.000  -0.500  0.500 0.0000000000
-1  38614.000  -0.500  0.500 0.0000000000
-1  38611.000  -0.500  0.500 0.0000000000
-1  38167.000  -0.500  0.500 0.0000000000
-1  38155.000  -0.500  0.500 0.0000000000
-1  38154.000  -0.500  0.500 0.0000000000
-1  38153.000  -0.500  0.500 0.0000000000
-1  38152.000  -0.500  0.500 0.0000000000
-1  38140.000  -0.500  0.500 0.0000000000
-1  38139.000  -0.500  0.500 0.0000000000
-1  38138.000  -0.500  0.500 0.0000000000
-1  38124.000  -0.500  0.500 0.0000000000
-1  38123.000  -0.500  0.500 0.0000000000
-1  38122.000  -0.500  0.500 0.0000000000
-1  38121.000  -0.500  0.500 0.0000000000
-1  38120.000  -0.500  0.500 0.0000000000
-1  38119.000  -0.500  0.500 0.0000000000
-1  38102.000  -0.500  0.500 0.0000000000
-1  38101.000  -0.500  0.500 0.0000000000
-1  38100.000  -0.500  0.500 0.0000000000
-1  38099.000  -0.500  0.500 0.0000000000
-1  38081.000  -0.500  0.500 0.0000000000
-1  38080.000  -0.500  0.500 0.0000000000
-1  38079.000  -0.500  0.500 0.0000000000
-1  38078.000  -0.500  0.500 0.0000000000
-1  38064.000  -0.500  0.500 0.0000000000
-1  38049.000  -0.500  0.500 0.0000000000
-1  38035.000  -0.500  0.500 0.0000000000
-1  38020.000  -0.500  0.500 0.0000000000
-1  38004.000  -0.500  0.500 0.0000000000
-1  37988.000  -0.500  0.500 0.0000000000
-1  37977.000  -0.500  0.500 0.0000000000
-1  37969.000  -0.500  0.500 0.0000000000
-1  37963.000  -0.500  0.500 0.0000000000
-1  37943.000  -0.500  0.500 0.0000000000
-1  37942.000  -0.500  0.500 0.0000000000
-1  37941.000  -0.500  0.500 0.0000000000
-1  37940.000  -0.500  0.500 0.0000000000
-1  37932.000  -0.500  0.500 0.0000000000
-1  37931.000  -0.500  0.500 0.0000000000
-1  37930.000  -0.500  0.500 0.0000000000
-1  37929.000  -0.500  0.500 0.0000000000
-1  37928.000  -0.500  0.500 0.0000000000
-1  37917.000  -0.500  0.500 0.0000000000
-1  37916.000  -0.500  0.500 0.0000000000
-1  37915.000  -0.500  0.500 0.0000000000
-1  37914.000  -0.500  0.500 0.0000000000
-1  37913.000  -0.500  0.500 0.0000000000
-1  37870.000  -0.500  0.500 0.0000000000
-1  37475.000  -0.500  0.500 0.0000000000
-1  37465.000  -0.500  0.500 0.0000000000
-1  37464.000  -0.500  0.500 0.0000000000
-1  37463.000  -0.500  0.500 0.0000000000
-1  37462.000  -0.500  0.500 0.0000000000
-1  37450.000  -0.500  0.500 0.0000000000
-1  37449.000  -0.500  0.500 0.0000000000
-1  37448.000  -0.500  0.500 0.0000000000
-1  37447.000  -0.500  0.500 0.0000000000
-1  37437.000  -0.500  0.500 0.0000000000
-1  37436.000  -0.500  0.500 0.0000000000
-1  37435.000  -0.500  0.500 0.0000000000
-1  37434.000  -0.500  0.500 0.0000000000
-1  37399.000  -0.500  0.500 0.0000000000
-1  37390.000  -0.500  0.500 0.0000000000
-1  37380.000  -0.500  0.500 0.0000000000
-1  37368.000  -0.500  0.500 0.0000000000
-1  37356.000  -0.500  0.500 0.0000000000
-1  37355.000  -0.500  0.500 0.0000000000
-1  37347.000  -0.500  0.500 0.0000000000
-1  37346.000  -0.500  0.500 0.0000000000
-1  37337.000  -0.500  0.500 0.0000000000
-1  37336.000  -0.500  0.500 0.0000000000
-1  37329.000  -0.500  0.500 0.0000000000
-1  37328.000  -0.500  0.500 0.0000000000
-1  37312.000  -0.500  0.500 0.0000000000
-1  37311.000  -0.500  0.500 0.0000000000
-1  37310.000  -0.500  0.500 0.0000000000
-1  37308.000  -0.500  0.500 0.0000000000
-1  37307.000  -0.500  0.500 0.0000000000
-1  37297.000  -0.500  0.500 0.0000000000
-1  37296.000  -0.500  0.500 0.0000000000
-1  37295.000  -0.500  0.500 0.0000000000
-1  37294.000  -0.500  0.500 0.0000000000
-1  37293.000  -0.500  0.500 0.0000000000
-1  37292.000  -0.500  0.500 0.0000000000
-1  37291.000  -0.500  0.500 0.0000000000
-1  37289.000  -0.500  0.500 0.0000000000
-1  37288.000  -0.500  0.500 0.0000000000
-1  37287.000  -0.500  0.500 0.0000000000
-1  37286.000  -0.500  0.500 0.0000000000
-1  37278.000  -0.500  0.500 0.0000000000
-1  37277.000  -0.500  0.500 0.0000000000
-1  37276.000  -0.500  0.500 0.0000000000
-1  37275.000  -0.500  0.500 0.0000000000
-1  37274.000  -0.500  0.500 0.0000000000
-1  37273.000  -0.500  0.500 0.0000000000
-1  37272.000  -0.500  0.500 0.0000000000
-1  37271.000  -0.500  0.500 0.0000000000
-1  37270.000  -0.500  0.500 0.0000000000
-1  37269.000  -0.500  0.500 0.0000000000
-1  37268.000  -0.500  0.500 0.0000000000
-1  37267.000  -0.500  0.500 0.0000000000
-1  37260.000  -0.500  0.500 0.0000000000
-1  37259.000  -0.500  0.500 0.0000000000
-1  37258.000  -0.500  0.500 0.0000000000
-1  37257.000  -0.500  0.500 0.0000000000
-1  37256.000  -0.500  0.500 0.0000000000
-1  37255.000  -0.500  0.500 0.0000000000
-1  37254.000  -0.500  0.500 0.0000000000
-1  37240.000  -0.500  0.500 0.0000000000
-1  37239.000  -0.500  0.500 0.0000000000
-1  37238.000  -0.500  0.500 0.0000000000
-1  36777.000  -0.500  0.500 0.0000000000
-1  36761.000  -0.500  0.500 0.0000000000
-1  36760.000  -0.500  0.500 0.0000000000
-1  36759.000  -0.500  0.500 0.0000000000
-1  36756.000  -0.500  0.500 0.0000000000
-1  36742.000  -0.500  0.500 0.0000000000
-1  36741.000  -0.500  0.500 0.0000000000
-1  36731.000  -0.500  0.500 0.0000000000
-1  36730.000  -0.500  0.500 0.0000000000
-1  36689.000  -0.500  0.500 0.0000000000
-1  36678.000  -0.500  0.500 0.0000000000
-1  36677.000  -0.500  0.500 0.0000000000
-1  36670.000  -0.500  0.500 0.0000000000
-1  36669.000  -0.500  0.500 0.0000000000
-1  36661.000  -0.500  0.500 0.0000000000
-1  36660.000  -0.500  0.500 0.0000000000
-1  36652.000  -0.500  0.500 0.0000000000
-1  36651.000  -0.500  0.500 0.0000000000
-1  36650.000  -0.500  0.500 0.0000000000
-1  36643.000  -0.500  0.500 0.0000000000
-1  36642.000  -0.500  0.500 0.0000000000
-1  36641.000  -0.500  0.500 0.0000000000
-1  36640.000  -0.500  0.500 0.0000000000
-1  36639.000  -0.500  0.500 0.0000000000
-1  36638.000  -0.500  0.500 0.0000000000
-1  36637.000  -0.500  0.500 0.0000000000
-1  36630.000  -0.500  0.500 0.0000000000
-1  36629.000  -0.500  0.500 0.0000000000
-1  36628.000  -0.500  0.500 0.0000000000
-1  36627.000  -0.500  0.500 0.0000000000
-1  36626.000  -0.500  0.500 0.0000000000
-1  36625.000  -0.500  0.500 0.0000000000
-1  36624.000  -0.500  0.500 0.0000000000
-1  36623.000  -0.500  0.500 0.0000000000
-1  36611.000  -0.500  0.500 0.0000000000
-1  36610.000  -0.500  0.500 0.0000000000
-1  36609.000  -0.500  0.500 0.0000000000
-1  36608.000  -0.500  0.500 0.0000000000
-1  36607.000  -0.500  0.500 0.0000000000
-1  36606.000  -0.500  0.500 0.0000000000
-1  36605.000  -0.500  0.500 0.0000000000
-1  36604.000  -0.500  0.500 0.0000000000
-1  36603.000  -0.500  0.500 0.0000000000
-1  36600.000  -0.500  0.500 0.0000000000
-1  36599.000  -0.500  0.500 0.0000000000
-1  36598.000  -0.500  0.500 0.0000000000
-1  36590.000  -0.500  0.500 0.0000000000
-1  36589.000  -0.500  0.500 0.0000000000
-1  36588.000  -0.500  0.500 0.0000000000
-1  36587.000  -0.500  0.500 0.0000000000
-1  36586.000  -0.500  0.500 0.0000000000
-1  36585.000  -0.500  0.500 0.0000000000
-1  36584.000  -0.500  0.500 0.0000000000
-1  36583.000  -0.500  0.500 0.0000000000
-1  36582.000  -0.500  0.500 0.0000000000
-1  36580.000  -0.500  0.500 0.0000000000
-1  36579.000  -0.500  0.500 0.0000000000
-1  36578.000  -0.500  0.500 0.0000000000
-1  36577.000  -0.500  0.500 0.0000000000
-1  36576.000  -0.500  0.500 0.0000000000
-1  36570.000  -0.500  0.500 0.0000000000
-1  36569.000  -0.500  0.500 0.0000000000
-1  36568.000  -0.500  0.500 0.0000000000
-1  36567.000  -0.500  0.500 0.0000000000
-1  36566.000  -0.500  0.500 0.0000000000
-1  36563.000  -0.500  0.500 0.0000000000
-1  36562.000  -0.500  0.500 0.0000000000
-1  36561.000  -0.500  0.500 0.0000000000
-1  36560.000  -0.500  0.500 0.0000000000
-1  36014.000  -0.500  0.500 0.0000000000
-1  35999.000  -0.500  0.500 0.0000000000
-1  35998.000  -0.500  0.500 0.0000000000
-1  35923.000  -0.500  0.500 0.0000000000
-1  35916.000  -0.500  0.500 0.0000000000
-1  35915.000  -0.500  0.500 0.0000000000
-1  35914.000  -0.500  0.500 0.0000000000
-1  35908.000  -0.500  0.500 0.0000000000
-1  35907.000  -0.500  0.500 0.0000000000
-1  35906.000  -0.500  0.500 0.0000000000
-1  35905.000  -0.500  0.500 0.0000000000
-1  35904.000  -0.500  0.500 0.0000000000
-1  35903.000  -0.500  0.500 0.0000000000
-1  35902.000  -0.500  0.500 0.0000000000
-1  35893.000  -0.500  0.500 0.0000000000
-1  35892.000  -0.500  0.500 0.0000000000
-1  35891.000  -0.500  0.500 0.0000000000
-1  35890.000  -0.500  0.500 0.0000000000
-1  35889.000  -0.500  0.500 0.0000000000
-1  35888.000  -0.500  0.500 0.0000000000
-1  35887.000  -0.500  0.500 0.0000000000
-1  35876.000  -0.500  0.500 0.0000000000
-1  35875.000  -0.500  0.500 0.0000000000
-1  35874.000  -0.500  0.500 0.0000000000
-1  35873.000  -0.500  0.500 0.0000000000
-1  35872.000  -0.500  0.500 0.0000000000
-1  35871.000  -0.500  0.500 0.0000000000
-1  35870.000  -0.500  0.500 0.0000000000
-1  35865.000  -0.500  0.500 0.0000000000
-1  35864.000  -0.500  0.500 0.0000000000
-1  35858.000  -0.500  0.500 0.0000000000
-1  35857.000  -0.500  0.500 0.0000000000
-1  35856.000  -0.500  0.500 0.0000000000
-1  35851.000  -0.500  0.500 0.0000000000
-1  35850.000  -0.500  0.500 0.0000000000
-1  35849.000  -0.500  0.500 0.0000000000
-1  35848.000  -0.500  0.500 0.0000000000
-1  35847.000  -0.500  0.500 0.0000000000
-1  35842.000  -0.500  0.500 0.0000000000
-1  35841.000  -0.500  0.500 0.0000000000
-1  35840.000  -0.500  0.500 0.0000000000
-1  35839.000  -0.500  0.500 0.0000000000
-1  35838.000  -0.500  0.500 0.0000000000
-1  35837.000  -0.500  0.500 0.0000000000
-1  35836.000  -0.500  0.500 0.0000000000
-1  35828.000  -0.500  0.500 0.0000000000
-1  35827.000  -0.500  0.500 0.0000000000
-1  35826.000  -0.500  0.500 0.0000000000
-1  35825.000  -0.500  0.500 0.0000000000
-1  35824.000  -0.500  0.500 0.0000000000
-1  35814.000  -0.500  0.500 0.0000000000
-1  35083.000  -0.500  0.500 0.0000000000
-1  35082.000  -0.500  0.500 0.0000000000
-1  35068.000  -0.500  0.500 0.0000000000
-1  35067.000  -0.500  0.500 0.0000000000
-1  35040.000  -0.500  0.500 0.0000000000
-1  35039.000  -0.500  0.500 0.0000000000
-1  35033.000  -0.500  0.500 0.0000000000
-1  35031.000  -0.500  0.500 0.0000000000
-1  35030.000  -0.500  0.500 0.0000000000
-1  35024.000  -0.500  0.500 0.0000000000
-1  35023.000  -0.500  0.500 0.0000000000
-1  35022.000  -0.500  0.500 0.0000000000
-1  35009.000  -0.500  0.500 0.0000000000
-1  35008.000  -0.500  0.500 0.0000000000
-1  34012.000  -0.500  0.500 0.0000000000
-1  34011.000  -0.500  0.500 0.0000000000
-1  34010.000  -0.500  0.500 0.0000000000
-1  34009.000  -0.500  0.500 0.0000000000
-1  34008.000  -0.500  0.500 0.0000000000
-1  33995.000  -0.500  0.500 0.0000000000
-1  33994.000  -0.500  0.500 0.0000000000
-1  33993.000  -0.500  0.500 0.0000000000
-1  33975.000  -0.500  0.500 0.0000000000
-1  33974.000  -0.500  0.500 0.0000000000
-1  33960.000  -0.500  0.500 0.0000000000
-1  33959.000  -0.500  0.500 0.0000000000
-1  32936.000  -0.500  0.500 0.0000000000
-1  32935.000  -0.500  0.500 0.0000000000
-1  32928.000  -0.500  0.500 0.0000000000
-1  32927.000  -0.500  0.500 0.0000000000
-1  32926.000  -0.500  0.500 0.0000000000
-1  32925.000  -0.500  0.500 0.0000000000
-1  32924.000  -0.500  0.500 0.0000000000
-1  32923.000  -0.500  0.500 0.0000000000
-1  32922.000  -0.500  0.500 0.0000000000
-1  32913.000  -0.500  0.500 0.0000000000
-1  32912.000  -0.500  0.500 0.0000000000
-1  32911.000  -0.500  0.500 0.0000000000
-1  32910.000  -0.500  0.500 0.0000000000
-1  32909.000  -0.500  0.500 0.0000000000
-1  32908.000  -0.500  0.500 0.0000000000
-1  32907.000  -0.500  0.500 0.0000000000
-1  32895.000  -0.500  0.500 0.0000000000
-1  32894.000  -0.500  0.500 0.0000000000
-1  32893.000  -0.500  0.500 0.0000000000
-1  32892.000  -0.500  0.500 0.0000000000
-1  31877.000  -0.500  0.500 0.0000000000
-1  31876.000  -0.500  0.500 0.0000000000
-1  31875.000  -0.500  0.500 0.0000000000
-1  31874.000  -0.500  0.500 0.0000000000
-1  31864.000  -0.500  0.500 0.0000000000
-1  31863.000  -0.500  0.500 0.0000000000
-1  31862.000  -0.500  0.500 0.0000000000
-1  31861.000  -0.500  0.500 0.0000000000
-1  31860.000  -0.500  0.500 0.0000000000
-1  31859.000  -0.500  0.500 0.0000000000
-1  31858.000  -0.500  0.500 0.0000000000
-1  31841.000  -0.500  0.500 0.0000000000
-1  31840.000  -0.500  0.500 0.0000000000
-1  31839.000  -0.500  0.500 0.0000000000
-1  31838.000  -0.500  0.500 0.0000000000
-1  31837.000  -0.500  0.500 0.0000000000
-1  31816.000  -0.500  0.500 0.0000000000
