#!ascii label ../label/_rh_reg_V4d_color.label , from subject  vox2ras=TkReg
77
-1  14039.000  -0.500  0.500 0.0000000000
-1  12270.000  -0.500  0.500 0.0000000000
-1  12254.000  -0.500  0.500 0.0000000000
-1  12239.000  -0.500  0.500 0.0000000000
-1  12238.000  -0.500  0.500 0.0000000000
-1  12227.000  -0.500  0.500 0.0000000000
-1  12225.000  -0.500  0.500 0.0000000000
-1  12224.000  -0.500  0.500 0.0000000000
-1  12213.000  -0.500  0.500 0.0000000000
-1  12212.000  -0.500  0.500 0.0000000000
-1  12201.000  -0.500  0.500 0.0000000000
-1  10476.000  -0.500  0.500 0.0000000000
-1  10475.000  -0.500  0.500 0.0000000000
-1  10473.000  -0.500  0.500 0.0000000000
-1  10464.000  -0.500  0.500 0.0000000000
-1  10463.000  -0.500  0.500 0.0000000000
-1  10462.000  -0.500  0.500 0.0000000000
-1  10461.000  -0.500  0.500 0.0000000000
-1  10460.000  -0.500  0.500 0.0000000000
-1  10450.000  -0.500  0.500 0.0000000000
-1  10449.000  -0.500  0.500 0.0000000000
-1  10448.000  -0.500  0.500 0.0000000000
-1  10438.000  -0.500  0.500 0.0000000000
-1  10437.000  -0.500  0.500 0.0000000000
-1  8772.000  -0.500  0.500 0.0000000000
-1  8764.000  -0.500  0.500 0.0000000000
-1  8763.000  -0.500  0.500 0.0000000000
-1  8762.000  -0.500  0.500 0.0000000000
-1  8761.000  -0.500  0.500 0.0000000000
-1  8755.000  -0.500  0.500 0.0000000000
-1  8754.000  -0.500  0.500 0.0000000000
-1  8753.000  -0.500  0.500 0.0000000000
-1  8752.000  -0.500  0.500 0.0000000000
-1  8744.000  -0.500  0.500 0.0000000000
-1  8743.000  -0.500  0.500 0.0000000000
-1  8742.000  -0.500  0.500 0.0000000000
-1  8741.000  -0.500  0.500 0.0000000000
-1  8740.000  -0.500  0.500 0.0000000000
-1  8730.000  -0.500  0.500 0.0000000000
-1  8729.000  -0.500  0.500 0.0000000000
-1  8728.000  -0.500  0.500 0.0000000000
-1  7023.000  -0.500  0.500 0.0000000000
-1  7022.000  -0.500  0.500 0.0000000000
-1  7015.000  -0.500  0.500 0.0000000000
-1  7014.000  -0.500  0.500 0.0000000000
-1  7013.000  -0.500  0.500 0.0000000000
-1  7012.000  -0.500  0.500 0.0000000000
-1  7005.000  -0.500  0.500 0.0000000000
-1  7004.000  -0.500  0.500 0.0000000000
-1  7002.000  -0.500  0.500 0.0000000000
-1  7001.000  -0.500  0.500 0.0000000000
-1  6988.000  -0.500  0.500 0.0000000000
-1  5315.000  -0.500  0.500 0.0000000000
-1  5303.000  -0.500  0.500 0.0000000000
-1  5302.000  -0.500  0.500 0.0000000000
-1  5301.000  -0.500  0.500 0.0000000000
-1  5289.000  -0.500  0.500 0.0000000000
-1  5288.000  -0.500  0.500 0.0000000000
-1  3646.000  -0.500  0.500 0.0000000000
-1  3645.000  -0.500  0.500 0.0000000000
-1  3630.000  -0.500  0.500 0.0000000000
-1  3611.000  -0.500  0.500 0.0000000000
-1  2003.000  -0.500  0.500 0.0000000000
-1  2002.000  -0.500  0.500 0.0000000000
-1  379.000  -0.500  0.500 0.0000000000
-1  359.000  -0.500  0.500 0.0000000000
-1  338.000  -0.500  0.500 0.0000000000
-1  337.000  -0.500  0.500 0.0000000000
-1  336.000  -0.500  0.500 0.0000000000
-1  -1321.000  -0.500  0.500 0.0000000000
-1  -1322.000  -0.500  0.500 0.0000000000
-1  -1323.000  -0.500  0.500 0.0000000000
-1  -1324.000  -0.500  0.500 0.0000000000
-1  -1336.000  -0.500  0.500 0.0000000000
-1  -1337.000  -0.500  0.500 0.0000000000
-1  -3087.000  -0.500  0.500 0.0000000000
-1  -3088.000  -0.500  0.500 0.0000000000
