#!ascii label ../label/_rh_reg_post_object.label , from subject  vox2ras=TkReg
314
-1  17265.000  -0.500  0.500 0.0000000000
-1  17264.000  -0.500  0.500 0.0000000000
-1  17263.000  -0.500  0.500 0.0000000000
-1  17262.000  -0.500  0.500 0.0000000000
-1  17239.000  -0.500  0.500 0.0000000000
-1  17238.000  -0.500  0.500 0.0000000000
-1  17237.000  -0.500  0.500 0.0000000000
-1  17222.000  -0.500  0.500 0.0000000000
-1  17221.000  -0.500  0.500 0.0000000000
-1  17220.000  -0.500  0.500 0.0000000000
-1  15583.000  -0.500  0.500 0.0000000000
-1  15582.000  -0.500  0.500 0.0000000000
-1  15581.000  -0.500  0.500 0.0000000000
-1  15580.000  -0.500  0.500 0.0000000000
-1  15579.000  -0.500  0.500 0.0000000000
-1  15561.000  -0.500  0.500 0.0000000000
-1  15560.000  -0.500  0.500 0.0000000000
-1  15559.000  -0.500  0.500 0.0000000000
-1  15558.000  -0.500  0.500 0.0000000000
-1  15557.000  -0.500  0.500 0.0000000000
-1  15556.000  -0.500  0.500 0.0000000000
-1  15555.000  -0.500  0.500 0.0000000000
-1  15535.000  -0.500  0.500 0.0000000000
-1  15534.000  -0.500  0.500 0.0000000000
-1  15533.000  -0.500  0.500 0.0000000000
-1  15513.000  -0.500  0.500 0.0000000000
-1  15512.000  -0.500  0.500 0.0000000000
-1  15511.000  -0.500  0.500 0.0000000000
-1  13882.000  -0.500  0.500 0.0000000000
-1  13881.000  -0.500  0.500 0.0000000000
-1  13880.000  -0.500  0.500 0.0000000000
-1  13879.000  -0.500  0.500 0.0000000000
-1  13862.000  -0.500  0.500 0.0000000000
-1  13861.000  -0.500  0.500 0.0000000000
-1  13860.000  -0.500  0.500 0.0000000000
-1  13859.000  -0.500  0.500 0.0000000000
-1  13858.000  -0.500  0.500 0.0000000000
-1  13857.000  -0.500  0.500 0.0000000000
-1  13856.000  -0.500  0.500 0.0000000000
-1  13855.000  -0.500  0.500 0.0000000000
-1  13837.000  -0.500  0.500 0.0000000000
-1  13836.000  -0.500  0.500 0.0000000000
-1  13835.000  -0.500  0.500 0.0000000000
-1  13834.000  -0.500  0.500 0.0000000000
-1  13819.000  -0.500  0.500 0.0000000000
-1  13818.000  -0.500  0.500 0.0000000000
-1  13817.000  -0.500  0.500 0.0000000000
-1  13803.000  -0.500  0.500 0.0000000000
-1  13802.000  -0.500  0.500 0.0000000000
-1  13791.000  -0.500  0.500 0.0000000000
-1  13790.000  -0.500  0.500 0.0000000000
-1  13789.000  -0.500  0.500 0.0000000000
-1  13778.000  -0.500  0.500 0.0000000000
-1  13777.000  -0.500  0.500 0.0000000000
-1  13761.000  -0.500  0.500 0.0000000000
-1  13760.000  -0.500  0.500 0.0000000000
-1  13759.000  -0.500  0.500 0.0000000000
-1  13738.000  -0.500  0.500 0.0000000000
-1  13737.000  -0.500  0.500 0.0000000000
-1  13736.000  -0.500  0.500 0.0000000000
-1  13735.000  -0.500  0.500 0.0000000000
-1  13720.000  -0.500  0.500 0.0000000000
-1  13680.000  -0.500  0.500 0.0000000000
-1  12088.000  -0.500  0.500 0.0000000000
-1  12087.000  -0.500  0.500 0.0000000000
-1  12086.000  -0.500  0.500 0.0000000000
-1  12085.000  -0.500  0.500 0.0000000000
-1  12084.000  -0.500  0.500 0.0000000000
-1  12083.000  -0.500  0.500 0.0000000000
-1  12063.000  -0.500  0.500 0.0000000000
-1  12062.000  -0.500  0.500 0.0000000000
-1  12061.000  -0.500  0.500 0.0000000000
-1  12060.000  -0.500  0.500 0.0000000000
-1  12059.000  -0.500  0.500 0.0000000000
-1  12041.000  -0.500  0.500 0.0000000000
-1  12040.000  -0.500  0.500 0.0000000000
-1  12029.000  -0.500  0.500 0.0000000000
-1  12028.000  -0.500  0.500 0.0000000000
-1  12010.000  -0.500  0.500 0.0000000000
-1  12009.000  -0.500  0.500 0.0000000000
-1  12008.000  -0.500  0.500 0.0000000000
-1  12007.000  -0.500  0.500 0.0000000000
-1  11989.000  -0.500  0.500 0.0000000000
-1  11988.000  -0.500  0.500 0.0000000000
-1  11987.000  -0.500  0.500 0.0000000000
-1  11986.000  -0.500  0.500 0.0000000000
-1  11968.000  -0.500  0.500 0.0000000000
-1  11967.000  -0.500  0.500 0.0000000000
-1  11966.000  -0.500  0.500 0.0000000000
-1  11945.000  -0.500  0.500 0.0000000000
-1  11944.000  -0.500  0.500 0.0000000000
-1  11943.000  -0.500  0.500 0.0000000000
-1  11924.000  -0.500  0.500 0.0000000000
-1  11923.000  -0.500  0.500 0.0000000000
-1  11905.000  -0.500  0.500 0.0000000000
-1  11904.000  -0.500  0.500 0.0000000000
-1  11883.000  -0.500  0.500 0.0000000000
-1  11862.000  -0.500  0.500 0.0000000000
-1  10343.000  -0.500  0.500 0.0000000000
-1  10342.000  -0.500  0.500 0.0000000000
-1  10341.000  -0.500  0.500 0.0000000000
-1  10316.000  -0.500  0.500 0.0000000000
-1  10315.000  -0.500  0.500 0.0000000000
-1  10314.000  -0.500  0.500 0.0000000000
-1  10291.000  -0.500  0.500 0.0000000000
-1  10290.000  -0.500  0.500 0.0000000000
-1  10289.000  -0.500  0.500 0.0000000000
-1  10288.000  -0.500  0.500 0.0000000000
-1  10287.000  -0.500  0.500 0.0000000000
-1  10286.000  -0.500  0.500 0.0000000000
-1  10285.000  -0.500  0.500 0.0000000000
-1  10268.000  -0.500  0.500 0.0000000000
-1  10267.000  -0.500  0.500 0.0000000000
-1  10266.000  -0.500  0.500 0.0000000000
-1  10254.000  -0.500  0.500 0.0000000000
-1  10253.000  -0.500  0.500 0.0000000000
-1  10239.000  -0.500  0.500 0.0000000000
-1  10238.000  -0.500  0.500 0.0000000000
-1  10221.000  -0.500  0.500 0.0000000000
-1  10220.000  -0.500  0.500 0.0000000000
-1  10219.000  -0.500  0.500 0.0000000000
-1  10218.000  -0.500  0.500 0.0000000000
-1  10207.000  -0.500  0.500 0.0000000000
-1  10206.000  -0.500  0.500 0.0000000000
-1  10190.000  -0.500  0.500 0.0000000000
-1  10189.000  -0.500  0.500 0.0000000000
-1  10188.000  -0.500  0.500 0.0000000000
-1  10169.000  -0.500  0.500 0.0000000000
-1  10168.000  -0.500  0.500 0.0000000000
-1  10149.000  -0.500  0.500 0.0000000000
-1  10148.000  -0.500  0.500 0.0000000000
-1  10133.000  -0.500  0.500 0.0000000000
-1  10132.000  -0.500  0.500 0.0000000000
-1  10126.000  -0.500  0.500 0.0000000000
-1  10118.000  -0.500  0.500 0.0000000000
-1  8631.000  -0.500  0.500 0.0000000000
-1  8630.000  -0.500  0.500 0.0000000000
-1  8629.000  -0.500  0.500 0.0000000000
-1  8609.000  -0.500  0.500 0.0000000000
-1  8600.000  -0.500  0.500 0.0000000000
-1  8599.000  -0.500  0.500 0.0000000000
-1  8598.000  -0.500  0.500 0.0000000000
-1  8597.000  -0.500  0.500 0.0000000000
-1  8586.000  -0.500  0.500 0.0000000000
-1  8585.000  -0.500  0.500 0.0000000000
-1  8572.000  -0.500  0.500 0.0000000000
-1  8571.000  -0.500  0.500 0.0000000000
-1  8557.000  -0.500  0.500 0.0000000000
-1  8556.000  -0.500  0.500 0.0000000000
-1  8555.000  -0.500  0.500 0.0000000000
-1  8536.000  -0.500  0.500 0.0000000000
-1  8535.000  -0.500  0.500 0.0000000000
-1  8534.000  -0.500  0.500 0.0000000000
-1  8512.000  -0.500  0.500 0.0000000000
-1  8511.000  -0.500  0.500 0.0000000000
-1  8491.000  -0.500  0.500 0.0000000000
-1  8490.000  -0.500  0.500 0.0000000000
-1  8475.000  -0.500  0.500 0.0000000000
-1  8474.000  -0.500  0.500 0.0000000000
-1  8465.000  -0.500  0.500 0.0000000000
-1  8464.000  -0.500  0.500 0.0000000000
-1  8462.000  -0.500  0.500 0.0000000000
-1  8461.000  -0.500  0.500 0.0000000000
-1  8459.000  -0.500  0.500 0.0000000000
-1  6896.000  -0.500  0.500 0.0000000000
-1  6895.000  -0.500  0.500 0.0000000000
-1  6894.000  -0.500  0.500 0.0000000000
-1  6869.000  -0.500  0.500 0.0000000000
-1  6868.000  -0.500  0.500 0.0000000000
-1  6867.000  -0.500  0.500 0.0000000000
-1  6858.000  -0.500  0.500 0.0000000000
-1  6849.000  -0.500  0.500 0.0000000000
-1  6848.000  -0.500  0.500 0.0000000000
-1  6847.000  -0.500  0.500 0.0000000000
-1  6846.000  -0.500  0.500 0.0000000000
-1  6833.000  -0.500  0.500 0.0000000000
-1  6832.000  -0.500  0.500 0.0000000000
-1  6818.000  -0.500  0.500 0.0000000000
-1  6817.000  -0.500  0.500 0.0000000000
-1  6816.000  -0.500  0.500 0.0000000000
-1  6802.000  -0.500  0.500 0.0000000000
-1  6801.000  -0.500  0.500 0.0000000000
-1  6800.000  -0.500  0.500 0.0000000000
-1  6782.000  -0.500  0.500 0.0000000000
-1  6781.000  -0.500  0.500 0.0000000000
-1  6780.000  -0.500  0.500 0.0000000000
-1  6766.000  -0.500  0.500 0.0000000000
-1  6765.000  -0.500  0.500 0.0000000000
-1  6760.000  -0.500  0.500 0.0000000000
-1  6759.000  -0.500  0.500 0.0000000000
-1  6758.000  -0.500  0.500 0.0000000000
-1  6750.000  -0.500  0.500 0.0000000000
-1  6749.000  -0.500  0.500 0.0000000000
-1  6748.000  -0.500  0.500 0.0000000000
-1  6741.000  -0.500  0.500 0.0000000000
-1  6740.000  -0.500  0.500 0.0000000000
-1  6738.000  -0.500  0.500 0.0000000000
-1  6737.000  -0.500  0.500 0.0000000000
-1  6735.000  -0.500  0.500 0.0000000000
-1  6734.000  -0.500  0.500 0.0000000000
-1  6732.000  -0.500  0.500 0.0000000000
-1  6731.000  -0.500  0.500 0.0000000000
-1  5179.000  -0.500  0.500 0.0000000000
-1  5178.000  -0.500  0.500 0.0000000000
-1  5177.000  -0.500  0.500 0.0000000000
-1  5163.000  -0.500  0.500 0.0000000000
-1  5155.000  -0.500  0.500 0.0000000000
-1  5143.000  -0.500  0.500 0.0000000000
-1  5142.000  -0.500  0.500 0.0000000000
-1  5141.000  -0.500  0.500 0.0000000000
-1  5140.000  -0.500  0.500 0.0000000000
-1  5139.000  -0.500  0.500 0.0000000000
-1  5125.000  -0.500  0.500 0.0000000000
-1  5124.000  -0.500  0.500 0.0000000000
-1  5113.000  -0.500  0.500 0.0000000000
-1  5112.000  -0.500  0.500 0.0000000000
-1  5111.000  -0.500  0.500 0.0000000000
-1  5096.000  -0.500  0.500 0.0000000000
-1  5095.000  -0.500  0.500 0.0000000000
-1  5094.000  -0.500  0.500 0.0000000000
-1  5076.000  -0.500  0.500 0.0000000000
-1  5075.000  -0.500  0.500 0.0000000000
-1  5064.000  -0.500  0.500 0.0000000000
-1  5055.000  -0.500  0.500 0.0000000000
-1  5054.000  -0.500  0.500 0.0000000000
-1  5053.000  -0.500  0.500 0.0000000000
-1  5045.000  -0.500  0.500 0.0000000000
-1  5044.000  -0.500  0.500 0.0000000000
-1  5039.000  -0.500  0.500 0.0000000000
-1  5038.000  -0.500  0.500 0.0000000000
-1  5036.000  -0.500  0.500 0.0000000000
-1  5035.000  -0.500  0.500 0.0000000000
-1  5033.000  -0.500  0.500 0.0000000000
-1  5032.000  -0.500  0.500 0.0000000000
-1  5031.000  -0.500  0.500 0.0000000000
-1  5029.000  -0.500  0.500 0.0000000000
-1  5028.000  -0.500  0.500 0.0000000000
-1  5027.000  -0.500  0.500 0.0000000000
-1  5017.000  -0.500  0.500 0.0000000000
-1  3505.000  -0.500  0.500 0.0000000000
-1  3504.000  -0.500  0.500 0.0000000000
-1  3495.000  -0.500  0.500 0.0000000000
-1  3494.000  -0.500  0.500 0.0000000000
-1  3479.000  -0.500  0.500 0.0000000000
-1  3478.000  -0.500  0.500 0.0000000000
-1  3477.000  -0.500  0.500 0.0000000000
-1  3476.000  -0.500  0.500 0.0000000000
-1  3475.000  -0.500  0.500 0.0000000000
-1  3467.000  -0.500  0.500 0.0000000000
-1  3466.000  -0.500  0.500 0.0000000000
-1  3452.000  -0.500  0.500 0.0000000000
-1  3381.000  -0.500  0.500 0.0000000000
-1  3376.000  -0.500  0.500 0.0000000000
-1  3375.000  -0.500  0.500 0.0000000000
-1  3368.000  -0.500  0.500 0.0000000000
-1  3367.000  -0.500  0.500 0.0000000000
-1  3366.000  -0.500  0.500 0.0000000000
-1  3365.000  -0.500  0.500 0.0000000000
-1  3364.000  -0.500  0.500 0.0000000000
-1  3363.000  -0.500  0.500 0.0000000000
-1  3362.000  -0.500  0.500 0.0000000000
-1  1873.000  -0.500  0.500 0.0000000000
-1  1855.000  -0.500  0.500 0.0000000000
-1  1854.000  -0.500  0.500 0.0000000000
-1  1780.000  -0.500  0.500 0.0000000000
-1  1779.000  -0.500  0.500 0.0000000000
-1  1778.000  -0.500  0.500 0.0000000000
-1  1777.000  -0.500  0.500 0.0000000000
-1  1776.000  -0.500  0.500 0.0000000000
-1  1775.000  -0.500  0.500 0.0000000000
-1  1774.000  -0.500  0.500 0.0000000000
-1  1766.000  -0.500  0.500 0.0000000000
-1  1765.000  -0.500  0.500 0.0000000000
-1  1756.000  -0.500  0.500 0.0000000000
-1  1755.000  -0.500  0.500 0.0000000000
-1  1754.000  -0.500  0.500 0.0000000000
-1  1753.000  -0.500  0.500 0.0000000000
-1  1752.000  -0.500  0.500 0.0000000000
-1  1751.000  -0.500  0.500 0.0000000000
-1  1750.000  -0.500  0.500 0.0000000000
-1  1749.000  -0.500  0.500 0.0000000000
-1  119.000  -0.500  0.500 0.0000000000
-1  118.000  -0.500  0.500 0.0000000000
-1  117.000  -0.500  0.500 0.0000000000
-1  109.000  -0.500  0.500 0.0000000000
-1  108.000  -0.500  0.500 0.0000000000
-1  107.000  -0.500  0.500 0.0000000000
-1  106.000  -0.500  0.500 0.0000000000
-1  105.000  -0.500  0.500 0.0000000000
-1  90.000  -0.500  0.500 0.0000000000
-1  89.000  -0.500  0.500 0.0000000000
-1  88.000  -0.500  0.500 0.0000000000
-1  81.000  -0.500  0.500 0.0000000000
-1  80.000  -0.500  0.500 0.0000000000
-1  79.000  -0.500  0.500 0.0000000000
-1  78.000  -0.500  0.500 0.0000000000
-1  77.000  -0.500  0.500 0.0000000000
-1  -1565.000  -0.500  0.500 0.0000000000
-1  -1566.000  -0.500  0.500 0.0000000000
-1  -1567.000  -0.500  0.500 0.0000000000
-1  -1574.000  -0.500  0.500 0.0000000000
-1  -1575.000  -0.500  0.500 0.0000000000
-1  -1576.000  -0.500  0.500 0.0000000000
-1  -1577.000  -0.500  0.500 0.0000000000
-1  -1578.000  -0.500  0.500 0.0000000000
-1  -1579.000  -0.500  0.500 0.0000000000
-1  -1591.000  -0.500  0.500 0.0000000000
-1  -1592.000  -0.500  0.500 0.0000000000
-1  -1593.000  -0.500  0.500 0.0000000000
-1  -1594.000  -0.500  0.500 0.0000000000
-1  -3336.000  -0.500  0.500 0.0000000000
-1  -3354.000  -0.500  0.500 0.0000000000
-1  -3355.000  -0.500  0.500 0.0000000000
-1  -3356.000  -0.500  0.500 0.0000000000
