#!ascii label ../label/_rh_reg_mid_face.label , from subject  vox2ras=TkReg
31
-1  32075.000  -0.500  0.500 0.0000000000
-1  32036.000  -0.500  0.500 0.0000000000
-1  32007.000  -0.500  0.500 0.0000000000
-1  31996.000  -0.500  0.500 0.0000000000
-1  28338.000  -0.500  0.500 0.0000000000
-1  26921.000  -0.500  0.500 0.0000000000
-1  26895.000  -0.500  0.500 0.0000000000
-1  25380.000  -0.500  0.500 0.0000000000
-1  24265.000  -0.500  0.500 0.0000000000
-1  24058.000  -0.500  0.500 0.0000000000
-1  23014.000  -0.500  0.500 0.0000000000
-1  22903.000  -0.500  0.500 0.0000000000
-1  22880.000  -0.500  0.500 0.0000000000
-1  22879.000  -0.500  0.500 0.0000000000
-1  22816.000  -0.500  0.500 0.0000000000
-1  22788.000  -0.500  0.500 0.0000000000
-1  21704.000  -0.500  0.500 0.0000000000
-1  21703.000  -0.500  0.500 0.0000000000
-1  21576.000  -0.500  0.500 0.0000000000
-1  21549.000  -0.500  0.500 0.0000000000
-1  21521.000  -0.500  0.500 0.0000000000
-1  21514.000  -0.500  0.500 0.0000000000
-1  21513.000  -0.500  0.500 0.0000000000
-1  18654.000  -0.500  0.500 0.0000000000
-1  18628.000  -0.500  0.500 0.0000000000
-1  18617.000  -0.500  0.500 0.0000000000
-1  18602.000  -0.500  0.500 0.0000000000
-1  15275.000  -0.500  0.500 0.0000000000
-1  15258.000  -0.500  0.500 0.0000000000
-1  15257.000  -0.500  0.500 0.0000000000
-1  13510.000  -0.500  0.500 0.0000000000
