#!ascii label  , from subject  vox2ras=TkReg
319
3109  19.177  11.276  6.207 0.0000000000
3108  19.675  11.249  6.237 0.0000000000
3095  19.390  11.308  6.640 0.0000000000
3096  18.922  11.413  6.622 0.0000000000
3110  18.615  11.411  6.150 0.0000000000
3126  19.493  11.242  5.805 0.0000000000
3127  19.037  11.254  5.786 0.0000000000
3097  18.329  11.624  6.448 0.0000000000
3519  18.168  11.911  6.360 0.0000000000
3128  18.633  11.276  5.813 0.0000000000
3111  18.315  11.394  6.039 0.0000000000
3520  17.997  11.772  6.179 0.0000000000
3129  18.137  11.355  5.788 0.0000000000
3125  19.998  11.248  5.831 0.0000000000
3144  19.757  11.246  5.394 0.0000000000
3145  19.330  11.229  5.386 0.0000000000
3146  18.947  11.176  5.350 0.0000000000
3147  18.473  11.171  5.354 0.0000000000
3531  17.816  11.625  5.960 0.0000000000
3148  18.021  11.184  5.307 0.0000000000
3130  17.773  11.407  5.606 0.0000000000
3149  17.494  11.315  5.150 0.0000000000
3532  17.455  11.769  5.751 0.0000000000
3143  20.268  11.251  5.308 0.0000000000
3159  19.905  11.238  4.952 0.0000000000
3160  19.548  11.232  5.080 0.0000000000
2719  19.211  11.112  5.009 0.0000000000
2720  18.796  10.962  5.027 0.0000000000
2721  18.321  10.933  5.033 0.0000000000
2722  17.940  11.000  5.041 0.0000000000
2723  17.778  10.997  4.885 0.0000000000
2736  17.517  10.954  4.603 0.0000000000
3161  17.092  11.410  4.747 0.0000000000
3535  17.164  11.909  5.324 0.0000000000
3538  17.150  11.789  5.180 0.0000000000
2732  19.588  11.132  4.707 0.0000000000
2731  19.886  11.211  4.658 0.0000000000
3171  20.077  11.240  4.666 0.0000000000
3158  20.242  11.246  4.870 0.0000000000
2737  17.063  11.080  4.404 0.0000000000
3162  16.615  11.455  4.453 0.0000000000
3539  16.770  11.904  4.910 0.0000000000
2749  20.007  11.138  4.330 0.0000000000
3170  20.380  11.244  4.555 0.0000000000
3507  18.059  12.015  6.733 0.0000000000
3927  18.194  12.133  6.791 0.0000000000
3932  18.042  12.164  6.438 0.0000000000
3933  17.741  12.282  6.341 0.0000000000
3521  17.675  11.924  6.120 0.0000000000
3934  17.424  12.233  6.112 0.0000000000
3937  17.162  12.305  5.704 0.0000000000
3940  16.982  12.221  5.363 0.0000000000
3536  16.920  12.023  5.165 0.0000000000
3941  16.793  12.392  5.163 0.0000000000
3540  16.419  11.965  4.552 0.0000000000
3944  16.580  12.401  4.762 0.0000000000
3493  18.470  11.861  7.031 0.0000000000
3916  18.379  12.177  7.237 0.0000000000
3917  17.988  12.402  7.046 0.0000000000
3928  17.862  12.401  6.726 0.0000000000
4291  17.833  12.770  7.024 0.0000000000
4294  17.604  12.811  6.598 0.0000000000
4298  17.529  12.536  6.275 0.0000000000
4299  17.306  12.781  6.139 0.0000000000
4302  17.004  12.791  5.714 0.0000000000
3938  16.871  12.480  5.507 0.0000000000
4290  18.128  12.737  7.324 0.0000000000
4707  17.965  13.012  7.231 0.0000000000
4708  17.784  13.273  7.091 0.0000000000
4711  17.644  13.353  6.565 0.0000000000
4295  17.410  13.129  6.456 0.0000000000
4712  17.492  13.266  6.425 0.0000000000
4716  17.395  13.341  6.282 0.0000000000
4720  17.176  13.062  6.029 0.0000000000
4703  18.079  13.252  7.548 0.0000000000
4704  17.832  13.479  7.445 0.0000000000
5153  17.781  13.769  7.327 0.0000000000
5155  17.733  13.739  6.945 0.0000000000
4715  17.614  13.557  6.386 0.0000000000
5158  17.711  13.772  6.585 0.0000000000
5573  17.753  14.159  7.187 0.0000000000
5576  17.708  14.061  6.885 0.0000000000
5151  17.915  13.747  7.712 0.0000000000
4287  18.283  12.898  7.823 0.0000000000
4697  18.299  13.217  8.040 0.0000000000
5150  18.138  13.590  7.888 0.0000000000
4277  18.432  12.888  8.258 0.0000000000
4685  18.760  13.073  8.160 0.0000000000
4696  18.468  13.223  8.320 0.0000000000
5146  18.268  13.706  8.219 0.0000000000
4684  18.882  13.140  8.747 0.0000000000
5145  18.619  13.494  8.374 0.0000000000
4263  18.681  13.148  8.613 0.0000000000
3903  18.360  12.488  7.703 0.0000000000
3889  18.377  12.673  7.993 0.0000000000
3888  18.657  12.426  8.142 0.0000000000
4276  18.671  12.750  8.455 0.0000000000
3877  18.783  12.601  8.467 0.0000000000
4262  18.904  12.837  8.660 0.0000000000
3876  19.005  12.356  8.462 0.0000000000
4261  19.204  12.834  8.810 0.0000000000
4683  19.113  13.114  8.923 0.0000000000
3875  19.434  12.424  8.724 0.0000000000
4260  19.341  12.738  8.874 0.0000000000
4250  19.525  12.699  8.958 0.0000000000
4251  19.332  12.890  9.240 0.0000000000
3866  19.805  12.241  9.056 0.0000000000
4241  19.754  12.597  9.515 0.0000000000
3492  18.783  11.791  7.212 0.0000000000
3915  18.707  12.008  7.390 0.0000000000
3902  18.695  12.176  7.641 0.0000000000
3481  18.888  11.912  7.595 0.0000000000
3472  18.904  12.045  7.945 0.0000000000
3887  19.043  11.836  7.978 0.0000000000
3471  19.153  11.891  8.016 0.0000000000
3463  19.357  12.005  8.393 0.0000000000
3462  19.799  11.853  8.621 0.0000000000
3453  20.036  11.936  9.059 0.0000000000
3865  20.128  12.124  9.259 0.0000000000
3856  19.917  12.220  9.295 0.0000000000
3452  20.416  11.920  9.151 0.0000000000
3864  20.502  12.160  9.389 0.0000000000
3855  20.302  12.315  9.643 0.0000000000
3451  20.865  11.922  9.261 0.0000000000
3854  20.868  12.186  9.712 0.0000000000
4240  20.013  12.407  9.630 0.0000000000
3084  18.328  11.830  6.858 0.0000000000
3083  18.776  11.649  6.953 0.0000000000
3082  19.117  11.521  7.050 0.0000000000
3491  19.173  11.578  7.062 0.0000000000
3480  18.865  11.826  7.450 0.0000000000
3074  19.433  11.569  7.489 0.0000000000
3065  19.662  11.627  7.862 0.0000000000
3470  19.604  11.762  8.186 0.0000000000
3064  19.969  11.561  8.035 0.0000000000
3054  20.201  11.617  8.389 0.0000000000
3461  20.292  11.744  8.796 0.0000000000
3053  20.621  11.553  8.463 0.0000000000
3460  20.810  11.761  8.909 0.0000000000
3052  21.059  11.632  8.455 0.0000000000
3459  21.232  11.866  8.799 0.0000000000
3051  21.423  11.726  8.301 0.0000000000
3458  21.799  11.877  8.397 0.0000000000
3450  21.136  11.953  9.139 0.0000000000
3874  21.089  12.067  9.198 0.0000000000
3873  21.526  12.125  8.838 0.0000000000
3050  21.905  11.715  7.898 0.0000000000
3469  21.875  11.799  7.955 0.0000000000
3468  22.055  11.903  8.047 0.0000000000
3457  22.067  11.976  8.283 0.0000000000
3872  22.177  12.254  8.669 0.0000000000
3886  22.268  12.124  8.007 0.0000000000
3445  21.092  12.011  9.421 0.0000000000
3444  21.178  12.041  9.299 0.0000000000
3863  21.303  12.123  9.157 0.0000000000
2748  20.558  11.120  4.169 0.0000000000
3169  20.827  11.232  4.488 0.0000000000
3157  20.601  11.252  4.896 0.0000000000
2747  21.045  11.113  4.094 0.0000000000
3168  21.311  11.229  4.433 0.0000000000
3156  21.079  11.261  4.865 0.0000000000
2746  21.535  11.092  4.038 0.0000000000
3167  21.810  11.218  4.375 0.0000000000
3155  21.579  11.287  4.807 0.0000000000
2745  22.041  11.005  4.007 0.0000000000
3166  22.306  11.165  4.311 0.0000000000
3154  22.103  11.307  4.718 0.0000000000
2744  22.513  10.909  4.040 0.0000000000
3165  22.639  11.071  4.247 0.0000000000
3153  22.725  11.242  4.549 0.0000000000
2743  22.968  10.820  4.122 0.0000000000
3142  20.821  11.264  5.328 0.0000000000
3141  21.339  11.299  5.272 0.0000000000
3140  21.849  11.355  5.197 0.0000000000
3139  22.376  11.406  5.117 0.0000000000
2730  23.200  10.995  4.402 0.0000000000
3152  23.219  11.182  4.703 0.0000000000
3138  22.906  11.399  5.063 0.0000000000
2729  23.563  10.944  4.525 0.0000000000
2718  23.484  11.118  4.756 0.0000000000
3137  23.415  11.289  5.037 0.0000000000
3124  20.549  11.258  5.880 0.0000000000
3123  21.100  11.292  5.756 0.0000000000
3122  21.612  11.370  5.657 0.0000000000
3121  22.101  11.490  5.579 0.0000000000
3120  22.601  11.617  5.586 0.0000000000
3119  23.117  11.584  5.418 0.0000000000
2717  23.742  11.074  4.807 0.0000000000
3136  23.859  11.223  5.105 0.0000000000
3118  23.587  11.514  5.389 0.0000000000
2716  24.131  10.971  4.909 0.0000000000
3135  24.253  11.100  5.143 0.0000000000
3117  24.022  11.422  5.402 0.0000000000
3107  20.154  11.251  6.280 0.0000000000
3105  20.929  11.299  6.273 0.0000000000
3106  20.548  11.263  6.374 0.0000000000
3104  21.359  11.372  6.122 0.0000000000
3103  21.893  11.551  6.023 0.0000000000
3102  22.244  11.650  5.875 0.0000000000
3517  22.575  11.777  6.039 0.0000000000
3530  22.678  11.722  5.808 0.0000000000
3529  22.880  11.726  5.778 0.0000000000
3528  23.313  11.716  5.736 0.0000000000
3527  23.772  11.683  5.722 0.0000000000
3116  24.469  11.332  5.475 0.0000000000
3526  24.240  11.640  5.744 0.0000000000
3094  19.858  11.261  6.655 0.0000000000
3093  20.315  11.257  6.699 0.0000000000
3092  20.770  11.304  6.744 0.0000000000
3091  21.202  11.442  6.728 0.0000000000
3090  21.611  11.544  6.463 0.0000000000
3505  21.982  11.756  6.560 0.0000000000
3518  22.155  11.714  6.186 0.0000000000
3081  19.613  11.340  7.071 0.0000000000
3080  20.146  11.227  6.997 0.0000000000
3079  20.532  11.289  7.132 0.0000000000
3078  20.997  11.381  7.175 0.0000000000
3490  21.276  11.620  7.135 0.0000000000
3506  21.557  11.677  6.793 0.0000000000
3073  19.845  11.414  7.532 0.0000000000
3072  20.265  11.352  7.568 0.0000000000
3071  20.731  11.378  7.567 0.0000000000
3070  21.007  11.584  7.509 0.0000000000
3063  20.444  11.461  8.013 0.0000000000
3062  20.890  11.475  7.998 0.0000000000
3069  21.233  11.601  7.685 0.0000000000
3061  21.027  11.592  8.138 0.0000000000
3479  21.194  11.556  7.420 0.0000000000
3060  21.518  11.677  7.944 0.0000000000
3478  21.551  11.749  7.537 0.0000000000
2750  19.513  10.875  4.337 0.0000000000
2764  20.326  10.890  3.872 0.0000000000
2765  19.852  10.819  3.938 0.0000000000
2763  20.796  10.923  3.800 0.0000000000
2762  21.258  10.913  3.742 0.0000000000
2761  21.752  10.851  3.663 0.0000000000
2760  22.339  10.690  3.572 0.0000000000
2759  22.894  10.766  3.963 0.0000000000
2354  23.007  10.567  3.798 0.0000000000
2353  23.299  10.315  3.859 0.0000000000
2742  23.465  10.672  4.220 0.0000000000
2754  17.316  10.813  4.047 0.0000000000
2755  16.848  10.941  3.947 0.0000000000
2735  18.100  10.833  4.677 0.0000000000
2753  17.949  10.748  4.141 0.0000000000
2734  18.650  10.820  4.665 0.0000000000
2752  18.520  10.760  4.257 0.0000000000
2733  19.136  10.910  4.681 0.0000000000
2751  19.023  10.793  4.309 0.0000000000
2728  23.971  10.900  4.574 0.0000000000
2741  23.847  10.656  4.311 0.0000000000
2361  22.868  10.348  3.474 0.0000000000
2766  19.364  10.759  3.955 0.0000000000
2767  18.940  10.727  3.959 0.0000000000
2768  18.421  10.632  3.784 0.0000000000
2769  17.818  10.543  3.489 0.0000000000
2770  17.247  10.749  3.585 0.0000000000
2771  16.919  10.910  3.827 0.0000000000
2362  22.487  10.372  3.340 0.0000000000
2774  22.257  10.398  3.244 0.0000000000
2775  21.911  10.582  3.277 0.0000000000
2776  21.424  10.708  3.361 0.0000000000
2777  21.013  10.799  3.472 0.0000000000
2363  20.598  10.792  3.429 0.0000000000
2364  20.099  10.747  3.463 0.0000000000
2365  19.604  10.678  3.529 0.0000000000
2366  19.212  10.634  3.633 0.0000000000
2367  18.850  10.487  3.526 0.0000000000
2368  18.370  10.359  3.364 0.0000000000
2369  18.066  10.307  3.186 0.0000000000
2385  17.877  10.273  3.024 0.0000000000
2778  17.650  10.377  3.182 0.0000000000
2779  17.346  10.521  3.236 0.0000000000
2377  21.933  10.178  2.860 0.0000000000
2378  21.597  10.385  3.015 0.0000000000
2379  21.015  10.554  3.067 0.0000000000
3477  22.063  11.885  7.586 0.0000000000
3901  22.392  12.167  7.467 0.0000000000
3489  21.922  11.797  6.925 0.0000000000
3488  22.262  11.909  7.012 0.0000000000
3914  22.576  12.085  7.077 0.0000000000
3504  22.383  11.840  6.521 0.0000000000
3487  22.587  11.984  6.792 0.0000000000
3503  22.819  11.946  6.464 0.0000000000
3516  23.036  11.824  6.072 0.0000000000
3525  24.692  11.567  5.816 0.0000000000
3513  24.439  11.817  6.074 0.0000000000
3514  23.952  11.831  6.045 0.0000000000
3515  23.489  11.828  6.052 0.0000000000
3885  22.686  12.310  7.845 0.0000000000
3871  22.598  12.351  8.238 0.0000000000
3900  22.796  12.270  7.394 0.0000000000
3913  22.954  12.186  6.868 0.0000000000
3926  23.065  12.072  6.557 0.0000000000
3912  23.477  12.259  6.946 0.0000000000
3899  23.206  12.336  7.350 0.0000000000
3925  23.347  12.122  6.602 0.0000000000
3911  23.999  12.316  7.014 0.0000000000
3898  23.673  12.427  7.409 0.0000000000
3924  23.804  12.137  6.647 0.0000000000
3884  23.071  12.443  7.807 0.0000000000
4286  23.409  12.581  7.719 0.0000000000
4275  22.961  12.553  8.128 0.0000000000
3502  23.222  11.964  6.348 0.0000000000
3501  23.645  11.975  6.340 0.0000000000
3500  24.109  11.956  6.361 0.0000000000
3512  24.955  11.720  6.148 0.0000000000
3499  24.639  11.970  6.426 0.0000000000
3923  24.309  12.159  6.708 0.0000000000
2380  20.398  10.584  3.009 0.0000000000
2395  21.352  10.284  2.624 0.0000000000
2396  20.758  10.277  2.565 0.0000000000
2384  18.271  10.260  3.000 0.0000000000
2383  18.733  10.310  3.075 0.0000000000
2382  19.269  10.443  3.174 0.0000000000
2381  19.838  10.540  3.060 0.0000000000
2397  20.117  10.329  2.624 0.0000000000
2398  19.560  10.326  2.684 0.0000000000
2399  19.034  10.278  2.688 0.0000000000
