#!ascii label  , from subject  vox2ras=TkReg
330
3762  22.836  12.589  13.618 0.0000000000
3778  22.958  12.451  13.272 0.0000000000
3763  22.537  12.367  13.659 0.0000000000
4175  22.761  12.617  13.841 0.0000000000
4174  23.136  12.716  13.744 0.0000000000
3764  21.972  12.104  13.583 0.0000000000
3749  22.212  12.206  14.100 0.0000000000
4163  22.499  12.531  13.983 0.0000000000
3779  22.417  12.247  13.162 0.0000000000
3354  21.793  11.760  13.592 0.0000000000
3338  21.821  11.772  13.903 0.0000000000
3750  21.965  12.035  13.943 0.0000000000
3369  21.780  11.686  13.219 0.0000000000
3780  21.959  12.075  12.974 0.0000000000
4187  23.259  12.600  13.385 0.0000000000
3777  23.450  12.376  13.175 0.0000000000
3791  23.308  12.221  12.799 0.0000000000
3792  22.802  12.235  12.765 0.0000000000
3793  22.322  12.170  12.661 0.0000000000
3384  21.799  11.681  12.630 0.0000000000
3794  21.996  12.036  12.563 0.0000000000
3790  23.850  12.128  12.888 0.0000000000
3805  23.649  11.929  12.515 0.0000000000
3806  23.156  12.040  12.377 0.0000000000
3807  22.683  12.068  12.362 0.0000000000
3808  22.359  12.019  12.354 0.0000000000
3809  22.173  12.056  12.438 0.0000000000
3400  22.114  11.805  12.192 0.0000000000
3383  23.976  12.061  12.866 0.0000000000
3396  23.963  11.580  12.409 0.0000000000
3397  23.480  11.553  12.236 0.0000000000
3398  23.004  11.762  12.076 0.0000000000
3399  22.559  11.832  12.137 0.0000000000
3748  22.495  12.415  14.186 0.0000000000
4162  22.840  12.665  14.244 0.0000000000
4161  23.392  12.773  14.250 0.0000000000
4173  23.565  12.749  13.931 0.0000000000
4186  23.579  12.670  13.503 0.0000000000
4185  23.970  12.563  13.521 0.0000000000
3776  23.844  12.353  13.241 0.0000000000
4172  23.908  12.697  13.883 0.0000000000
4184  24.106  12.491  13.551 0.0000000000
3775  24.180  12.276  13.493 0.0000000000
4171  24.314  12.473  13.813 0.0000000000
4160  23.811  12.758  14.287 0.0000000000
4159  24.235  12.697  14.280 0.0000000000
4170  24.799  12.233  14.162 0.0000000000
3761  24.561  12.127  13.817 0.0000000000
4158  24.670  12.396  14.209 0.0000000000
3760  24.833  12.000  14.049 0.0000000000
3737  22.507  12.288  14.489 0.0000000000
4152  22.883  12.678  14.786 0.0000000000
4151  23.254  12.810  14.698 0.0000000000
4150  23.674  12.863  14.664 0.0000000000
4149  24.021  12.937  14.745 0.0000000000
4148  24.664  12.704  14.789 0.0000000000
3747  25.018  12.148  14.393 0.0000000000
3721  22.723  12.437  15.010 0.0000000000
4140  22.940  12.723  15.081 0.0000000000
4139  23.177  12.856  15.195 0.0000000000
4557  23.489  13.096  15.042 0.0000000000
4556  23.891  13.133  14.979 0.0000000000
4555  24.288  13.126  15.018 0.0000000000
4138  24.866  12.493  15.064 0.0000000000
3736  25.027  12.274  14.848 0.0000000000
4147  24.746  12.898  15.054 0.0000000000
4137  24.956  12.699  15.225 0.0000000000
4554  24.598  13.067  15.096 0.0000000000
4553  24.980  12.967  14.905 0.0000000000
4123  22.931  12.716  15.405 0.0000000000
4122  23.199  12.898  15.783 0.0000000000
4546  23.411  13.076  15.551 0.0000000000
3720  24.990  12.367  15.034 0.0000000000
4121  25.380  12.675  15.756 0.0000000000
3697  25.396  12.317  15.407 0.0000000000
3719  25.215  12.262  15.020 0.0000000000
4528  24.829  13.135  15.641 0.0000000000
4542  24.739  13.073  15.292 0.0000000000
3698  22.690  12.228  15.605 0.0000000000
4099  22.810  12.656  15.975 0.0000000000
4098  23.166  12.911  16.203 0.0000000000
4513  23.331  13.044  16.175 0.0000000000
4532  23.456  13.070  15.775 0.0000000000
3674  22.637  11.959  16.022 0.0000000000
3662  22.536  12.296  16.246 0.0000000000
4080  22.617  12.653  16.584 0.0000000000
4079  23.038  12.853  16.455 0.0000000000
4488  23.308  13.117  16.656 0.0000000000
3663  22.165  12.276  16.500 0.0000000000
4081  21.992  13.050  16.757 0.0000000000
4065  22.432  12.956  17.036 0.0000000000
4489  23.204  13.023  16.838 0.0000000000
3789  24.025  12.093  12.973 0.0000000000
3382  24.376  11.763  12.987 0.0000000000
3368  24.501  11.811  13.535 0.0000000000
3353  24.738  11.959  13.914 0.0000000000
3352  24.957  11.774  13.988 0.0000000000
3337  21.996  11.961  14.134 0.0000000000
3320  22.155  11.887  14.550 0.0000000000
3738  22.248  12.107  14.375 0.0000000000
3746  25.211  11.953  14.403 0.0000000000
3336  25.105  11.911  14.249 0.0000000000
3735  25.400  11.981  14.708 0.0000000000
3335  25.347  11.758  14.276 0.0000000000
3319  22.515  12.064  14.790 0.0000000000
3734  25.860  11.770  14.931 0.0000000000
3318  25.702  11.734  14.591 0.0000000000
3718  25.767  12.024  15.138 0.0000000000
3301  26.035  11.767  14.968 0.0000000000
3317  25.980  11.696  14.665 0.0000000000
3302  22.634  11.937  15.158 0.0000000000
3282  22.549  11.710  15.713 0.0000000000
3266  22.500  11.841  16.014 0.0000000000
3267  22.129  11.769  16.162 0.0000000000
3675  22.259  12.001  16.239 0.0000000000
3255  22.052  11.920  16.306 0.0000000000
3256  21.977  11.957  16.476 0.0000000000
3664  21.582  12.446  16.434 0.0000000000
2983  21.794  11.528  12.115 0.0000000000
2999  22.024  11.273  11.752 0.0000000000
3413  22.413  11.621  11.864 0.0000000000
3412  22.840  11.625  11.878 0.0000000000
3410  23.327  11.399  12.003 0.0000000000
3411  23.165  11.469  11.870 0.0000000000
2981  23.945  11.265  12.149 0.0000000000
2982  23.658  11.243  12.030 0.0000000000
3395  24.254  11.604  12.692 0.0000000000
2980  24.374  11.200  12.424 0.0000000000
2966  24.496  11.473  12.784 0.0000000000
2967  21.611  11.310  12.479 0.0000000000
2953  21.520  11.225  12.972 0.0000000000
3381  24.710  11.586  13.181 0.0000000000
2965  24.859  11.214  12.918 0.0000000000
3367  24.989  11.485  13.378 0.0000000000
2940  21.741  11.293  13.537 0.0000000000
3366  25.164  11.282  13.355 0.0000000000
2952  24.969  11.172  13.078 0.0000000000
3351  25.379  11.428  13.766 0.0000000000
2951  25.371  11.041  13.283 0.0000000000
3350  25.968  11.404  13.941 0.0000000000
2939  25.570  11.236  13.670 0.0000000000
3334  25.754  11.609  14.232 0.0000000000
2924  21.711  11.279  14.142 0.0000000000
3321  21.875  11.723  14.275 0.0000000000
2910  21.798  11.387  14.706 0.0000000000
2909  22.062  11.604  14.747 0.0000000000
2891  22.172  11.534  14.984 0.0000000000
3303  22.391  11.848  14.884 0.0000000000
2890  22.421  11.767  15.053 0.0000000000
2872  22.465  11.578  15.321 0.0000000000
2873  22.072  11.456  15.799 0.0000000000
3283  22.258  11.695  16.028 0.0000000000
2858  22.025  11.639  16.071 0.0000000000
2859  21.823  11.621  16.117 0.0000000000
3268  21.714  11.980  16.197 0.0000000000
2998  22.602  11.227  11.494 0.0000000000
2598  22.283  11.029  11.499 0.0000000000
2599  22.153  10.877  11.530 0.0000000000
3011  21.969  10.935  11.661 0.0000000000
2984  21.453  11.140  12.136 0.0000000000
3000  21.662  11.000  11.647 0.0000000000
2617  22.452  10.837  11.175 0.0000000000
3010  22.744  10.928  11.224 0.0000000000
2997  23.124  11.260  11.601 0.0000000000
3009  23.041  10.937  11.256 0.0000000000
2996  23.549  11.192  11.789 0.0000000000
3008  23.525  11.007  11.393 0.0000000000
2995  24.051  11.058  11.932 0.0000000000
3007  23.891  10.927  11.682 0.0000000000
2994  24.140  11.031  12.061 0.0000000000
2596  24.436  10.817  12.076 0.0000000000
2597  24.196  10.790  11.715 0.0000000000
2583  21.254  10.579  12.012 0.0000000000
2567  21.182  10.651  12.682 0.0000000000
2968  21.349  11.082  12.637 0.0000000000
2979  24.833  10.816  12.459 0.0000000000
2582  24.590  10.949  12.355 0.0000000000
2581  24.848  10.813  12.475 0.0000000000
2954  21.277  11.204  13.014 0.0000000000
2964  24.786  11.075  12.964 0.0000000000
2566  25.016  10.945  12.785 0.0000000000
2551  25.385  10.792  12.927 0.0000000000
2565  25.185  10.789  12.687 0.0000000000
2553  21.326  10.838  13.106 0.0000000000
2552  21.571  11.005  13.281 0.0000000000
2950  25.923  10.933  13.233 0.0000000000
2550  25.727  10.753  12.954 0.0000000000
2938  25.746  11.178  13.512 0.0000000000
2537  21.699  11.025  13.510 0.0000000000
2522  21.675  10.930  13.849 0.0000000000
2925  21.555  10.883  14.256 0.0000000000
2911  21.538  11.088  14.523 0.0000000000
2513  21.359  10.754  14.742 0.0000000000
2512  21.595  11.015  14.787 0.0000000000
2501  21.577  10.954  15.035 0.0000000000
2892  21.657  11.233  15.282 0.0000000000
2502  21.243  10.922  15.194 0.0000000000
2893  21.180  11.194  15.373 0.0000000000
2874  21.508  11.438  15.731 0.0000000000
2860  21.423  11.760  16.073 0.0000000000
2875  21.091  11.586  15.687 0.0000000000
3269  21.288  12.091  15.957 0.0000000000
2618  22.061  10.755  11.247 0.0000000000
2616  22.936  10.732  11.051 0.0000000000
2634  22.788  10.470  10.760 0.0000000000
2635  22.285  10.478  10.799 0.0000000000
2615  23.449  10.723  11.049 0.0000000000
2633  23.342  10.428  10.781 0.0000000000
2614  23.988  10.686  11.293 0.0000000000
2632  23.857  10.402  10.845 0.0000000000
2613  24.570  10.618  11.470 0.0000000000
2631  24.313  10.354  10.983 0.0000000000
2595  24.927  10.643  11.930 0.0000000000
2612  25.046  10.434  11.462 0.0000000000
2630  24.782  10.267  11.077 0.0000000000
2594  25.360  10.588  11.802 0.0000000000
2611  25.454  10.528  11.336 0.0000000000
2629  25.190  10.313  10.985 0.0000000000
2593  25.746  10.675  11.681 0.0000000000
2610  25.884  10.701  11.241 0.0000000000
2628  25.684  10.487  10.760 0.0000000000
2580  25.285  10.671  12.259 0.0000000000
2579  25.716  10.678  12.099 0.0000000000
2578  26.054  10.796  11.932 0.0000000000
2592  26.067  10.800  11.572 0.0000000000
2186  21.229  9.993  11.789 0.0000000000
2584  21.022  10.315  12.411 0.0000000000
2197  21.052  9.956  11.724 0.0000000000
2600  21.348  10.600  11.474 0.0000000000
2564  25.583  10.707  12.574 0.0000000000
2563  26.029  10.794  12.505 0.0000000000
2172  21.225  10.210  13.230 0.0000000000
2161  21.240  10.363  13.209 0.0000000000
2568  21.101  10.308  12.694 0.0000000000
2538  21.474  10.708  13.513 0.0000000000
2549  26.221  10.681  12.980 0.0000000000
2149  21.232  10.212  13.721 0.0000000000
2523  21.338  10.565  14.066 0.0000000000
2132  21.100  10.023  14.204 0.0000000000
2118  21.039  10.296  14.559 0.0000000000
2104  20.992  10.510  15.066 0.0000000000
2503  20.844  10.875  15.232 0.0000000000
1750  21.177  9.725  11.551 0.0000000000
1737  21.241  9.526  11.897 0.0000000000
2198  21.045  9.943  11.393 0.0000000000
2210  21.340  10.124  11.090 0.0000000000
1738  21.072  9.571  12.230 0.0000000000
2187  20.987  9.869  12.272 0.0000000000
1723  21.217  9.912  13.037 0.0000000000
1724  21.070  9.858  12.729 0.0000000000
2173  21.047  9.895  12.596 0.0000000000
1712  21.202  9.950  13.389 0.0000000000
1702  21.117  9.879  13.704 0.0000000000
1686  21.075  9.866  13.991 0.0000000000
1687  20.673  9.874  14.101 0.0000000000
2133  20.592  10.093  14.365 0.0000000000
2119  20.556  10.270  14.749 0.0000000000
2105  20.494  10.490  15.149 0.0000000000
1308  20.866  9.373  12.666 0.0000000000
1307  21.150  9.619  12.859 0.0000000000
1296  21.161  9.610  13.089 0.0000000000
1713  21.051  9.721  13.429 0.0000000000
1703  20.780  9.683  13.692 0.0000000000
1704  20.414  9.826  14.094 0.0000000000
1688  20.161  9.863  14.193 0.0000000000
1297  20.954  9.422  13.206 0.0000000000
886  20.668  9.102  12.993 0.0000000000
1282  20.698  9.267  13.348 0.0000000000
1269  20.134  9.612  14.075 0.0000000000
1270  19.871  9.520  14.125 0.0000000000
1689  19.571  9.866  14.275 0.0000000000
1283  20.239  9.421  13.740 0.0000000000
2134  20.212  10.177  14.506 0.0000000000
2135  19.809  10.156  14.501 0.0000000000
2120  20.123  10.278  14.857 0.0000000000
2106  19.987  10.493  15.171 0.0000000000
2504  20.365  10.865  15.256 0.0000000000
2121  19.622  10.269  14.852 0.0000000000
2107  19.425  10.439  15.167 0.0000000000
2505  19.738  10.921  15.440 0.0000000000
2136  19.328  10.066  14.597 0.0000000000
1751  21.080  9.933  11.454 0.0000000000
2211  21.066  10.016  11.108 0.0000000000
1762  21.254  9.588  11.211 0.0000000000
1778  21.470  9.541  10.837 0.0000000000
2229  21.499  10.023  10.850 0.0000000000
2619  21.760  10.670  11.179 0.0000000000
2637  21.618  10.300  10.877 0.0000000000
1763  21.242  10.054  11.140 0.0000000000
2228  21.722  9.996  10.783 0.0000000000
2894  20.873  11.097  15.273 0.0000000000
2895  20.274  11.199  15.394 0.0000000000
2636  21.898  10.436  10.834 0.0000000000
3012  21.994  10.950  11.513 0.0000000000
2220  25.332  10.241  10.498 0.0000000000
2221  24.904  10.202  10.639 0.0000000000
2222  24.473  10.214  10.696 0.0000000000
2223  24.015  10.200  10.645 0.0000000000
2224  23.745  10.047  10.723 0.0000000000
2225  23.165  10.091  10.541 0.0000000000
2226  22.636  9.980  10.616 0.0000000000
2227  22.071  10.009  10.722 0.0000000000
3284  20.915  12.111  15.730 0.0000000000
2876  20.666  11.567  15.586 0.0000000000
3285  20.412  11.970  15.696 0.0000000000
2877  20.175  11.574  15.688 0.0000000000
2896  19.944  10.974  15.667 0.0000000000
3676  21.431  12.288  16.134 0.0000000000
3677  21.130  12.568  16.075 0.0000000000
3699  20.937  12.379  15.897 0.0000000000
3700  20.630  12.337  15.734 0.0000000000
4082  21.493  12.957  16.538 0.0000000000
3665  21.343  12.779  16.230 0.0000000000
4512  23.605  13.194  16.177 0.0000000000
4509  25.070  13.015  15.764 0.0000000000
4510  24.536  13.244  16.135 0.0000000000
4529  24.023  13.276  16.088 0.0000000000
4543  24.446  13.171  15.388 0.0000000000
4511  24.025  13.260  16.166 0.0000000000
4530  23.855  13.219  15.820 0.0000000000
4544  24.023  13.223  15.433 0.0000000000
4531  23.591  13.173  15.807 0.0000000000
4545  23.713  13.176  15.435 0.0000000000
4487  23.813  13.266  16.596 0.0000000000
4486  24.273  13.297  16.578 0.0000000000
4485  24.741  13.293  16.577 0.0000000000
2240  24.115  10.141  10.428 0.0000000000
2241  23.936  9.976  10.654 0.0000000000
877  20.684  8.995  13.008 0.0000000000
878  20.612  9.071  13.369 0.0000000000
