#!ascii label  , from subject  vox2ras=TkReg
86
1530  22.364  8.930  5.218 0.0000000000
1529  22.967  9.029  4.929 0.0000000000
1135  22.523  8.784  4.808 0.0000000000
1136  21.834  8.716  5.131 0.0000000000
1531  21.866  8.976  5.274 0.0000000000
1505  22.176  9.190  5.538 0.0000000000
1504  22.640  9.183  5.502 0.0000000000
1137  21.562  8.762  4.989 0.0000000000
1532  21.383  9.027  5.305 0.0000000000
1506  21.710  9.209  5.602 0.0000000000
1138  21.095  8.778  5.006 0.0000000000
1533  20.887  9.038  5.292 0.0000000000
1507  21.172  9.302  5.726 0.0000000000
1555  22.871  8.954  4.550 0.0000000000
1503  23.102  9.212  5.508 0.0000000000
1528  23.305  9.095  5.151 0.0000000000
1554  23.214  9.158  4.589 0.0000000000
1502  23.689  9.300  5.498 0.0000000000
1527  23.838  9.472  5.010 0.0000000000
1553  23.664  9.373  4.652 0.0000000000
1948  24.002  9.572  5.275 0.0000000000
1969  24.009  9.663  4.984 0.0000000000
1986  23.987  9.774  4.718 0.0000000000
1484  21.933  9.281  6.020 0.0000000000
1485  21.603  9.275  5.977 0.0000000000
1483  22.435  9.244  5.885 0.0000000000
1482  22.846  9.243  5.949 0.0000000000
1481  23.334  9.249  5.946 0.0000000000
1480  23.967  9.270  6.034 0.0000000000
1501  24.053  9.310  5.930 0.0000000000
1928  22.285  9.461  6.242 0.0000000000
1929  21.809  9.512  6.255 0.0000000000
1927  22.588  9.322  6.138 0.0000000000
1464  23.086  9.262  6.220 0.0000000000
1908  22.742  9.455  6.482 0.0000000000
1463  23.492  9.267  6.296 0.0000000000
1462  23.839  9.316  6.665 0.0000000000
1461  24.283  9.435  6.668 0.0000000000
1479  24.625  9.648  6.031 0.0000000000
1907  23.299  9.397  6.683 0.0000000000
1448  23.813  9.040  7.052 0.0000000000
1447  24.181  9.350  7.065 0.0000000000
1906  23.676  9.475  6.954 0.0000000000
1446  24.569  9.455  7.083 0.0000000000
1460  24.737  9.596  6.923 0.0000000000
1905  24.498  9.631  6.680 0.0000000000
1904  24.969  9.800  6.872 0.0000000000
1154  21.271  8.686  4.539 0.0000000000
1155  20.823  8.719  4.621 0.0000000000
1139  20.657  8.802  5.028 0.0000000000
1153  21.746  8.689  4.503 0.0000000000
1152  22.226  8.721  4.482 0.0000000000
1151  22.601  8.782  4.444 0.0000000000
1163  22.495  8.738  4.099 0.0000000000
1162  22.968  8.953  4.023 0.0000000000
1164  22.000  8.647  4.024 0.0000000000
1165  21.435  8.515  3.999 0.0000000000
1166  20.994  8.422  4.232 0.0000000000
1156  20.476  8.765  4.753 0.0000000000
1167  20.430  8.552  4.294 0.0000000000
1140  20.369  8.861  4.970 0.0000000000
1556  20.159  8.908  4.683 0.0000000000
1574  23.017  9.172  4.122 0.0000000000
1175  22.750  8.982  3.901 0.0000000000
1176  22.390  8.889  3.574 0.0000000000
1177  21.788  8.463  3.574 0.0000000000
771  21.109  8.310  3.983 0.0000000000
781  21.269  8.270  3.650 0.0000000000
1178  21.504  8.351  3.803 0.0000000000
772  21.002  8.291  4.159 0.0000000000
773  20.427  8.249  3.947 0.0000000000
774  20.115  8.270  4.010 0.0000000000
1168  20.187  8.361  4.268 0.0000000000
1575  20.094  8.719  4.354 0.0000000000
775  19.822  8.263  4.010 0.0000000000
1169  19.525  8.505  4.220 0.0000000000
1576  19.794  8.825  4.365 0.0000000000
1587  22.938  9.361  3.552 0.0000000000
1573  23.503  9.446  4.253 0.0000000000
1572  23.774  9.589  4.474 0.0000000000
1586  23.290  9.506  3.895 0.0000000000
1926  24.775  9.906  6.432 0.0000000000
784  19.871  8.230  3.692 0.0000000000
785  19.426  8.284  3.798 0.0000000000
783  20.196  8.217  3.639 0.0000000000
782  20.677  8.219  3.540 0.0000000000
