#!ascii label  , from subject  vox2ras=TkReg
254
708  19.343  8.328  8.414 0.0000000000
490  19.283  7.962  8.452 0.0000000000
699  19.694  8.010  8.804 0.0000000000
709  18.973  8.347  8.109 0.0000000000
1027  19.562  8.491  8.561 0.0000000000
1044  19.214  8.787  8.146 0.0000000000
491  18.927  7.796  8.168 0.0000000000
717  18.677  8.172  7.776 0.0000000000
1045  18.957  8.809  7.937 0.0000000000
1059  18.546  8.572  7.540 0.0000000000
499  18.773  7.880  7.921 0.0000000000
718  18.360  8.001  7.495 0.0000000000
1060  18.480  8.220  7.377 0.0000000000
500  18.481  7.539  7.687 0.0000000000
508  18.206  7.492  7.360 0.0000000000
729  18.015  7.965  7.143 0.0000000000
1075  18.253  8.414  7.094 0.0000000000
509  17.933  7.473  7.097 0.0000000000
730  17.863  7.894  6.934 0.0000000000
741  18.000  8.209  6.885 0.0000000000
514  17.792  7.495  6.697 0.0000000000
742  17.797  8.128  6.521 0.0000000000
1091  18.028  8.616  6.716 0.0000000000
518  17.730  7.621  6.172 0.0000000000
750  17.717  7.939  6.012 0.0000000000
1092  17.805  8.667  6.430 0.0000000000
1107  17.622  8.486  6.173 0.0000000000
1026  20.035  8.345  8.840 0.0000000000
1043  19.782  8.727  8.434 0.0000000000
1042  20.135  8.711  8.633 0.0000000000
1423  20.134  8.991  8.362 0.0000000000
1424  19.635  9.058  8.214 0.0000000000
1425  19.117  9.083  7.953 0.0000000000
1426  19.027  9.005  7.895 0.0000000000
1437  18.852  9.189  7.600 0.0000000000
1074  18.344  8.622  7.185 0.0000000000
1449  18.399  9.006  7.123 0.0000000000
1450  18.210  8.778  6.893 0.0000000000
1466  18.190  9.092  6.743 0.0000000000
1467  17.898  8.977  6.507 0.0000000000
1487  17.791  8.930  6.170 0.0000000000
1108  17.655  8.225  5.995 0.0000000000
1123  17.451  8.573  5.861 0.0000000000
1122  17.680  8.792  6.022 0.0000000000
1511  17.655  9.023  5.739 0.0000000000
1415  20.527  8.920  8.730 0.0000000000
1838  20.424  9.250  8.515 0.0000000000
1856  20.080  9.530  8.215 0.0000000000
1857  19.478  9.376  8.080 0.0000000000
1858  19.230  9.203  7.956 0.0000000000
1436  19.100  9.159  7.869 0.0000000000
1874  19.264  9.564  7.692 0.0000000000
1875  19.034  9.611  7.385 0.0000000000
1892  18.854  9.562  7.094 0.0000000000
1465  18.382  9.165  6.939 0.0000000000
1913  18.567  9.450  6.709 0.0000000000
1914  18.272  9.346  6.500 0.0000000000
1486  18.028  9.184  6.294 0.0000000000
1936  18.391  9.482  6.239 0.0000000000
1510  17.880  9.121  6.059 0.0000000000
1955  18.122  9.306  5.952 0.0000000000
1956  18.041  9.257  5.912 0.0000000000
1837  20.953  9.135  8.722 0.0000000000
1855  20.599  9.559  8.410 0.0000000000
1854  21.047  9.622  8.467 0.0000000000
2284  20.755  9.855  8.161 0.0000000000
2285  20.434  9.744  8.183 0.0000000000
1873  19.866  9.736  7.819 0.0000000000
1872  20.021  9.802  7.879 0.0000000000
2299  20.319  9.895  7.854 0.0000000000
2300  20.044  9.889  7.579 0.0000000000
1890  19.807  9.814  7.301 0.0000000000
1891  19.326  9.716  7.102 0.0000000000
2314  20.189  9.954  7.356 0.0000000000
1911  19.802  9.764  6.752 0.0000000000
2325  20.050  9.848  7.054 0.0000000000
1912  19.165  9.713  6.651 0.0000000000
1910  20.197  9.791  6.610 0.0000000000
1933  19.998  9.710  6.239 0.0000000000
2324  20.349  9.933  6.972 0.0000000000
1934  19.502  9.700  6.194 0.0000000000
1935  18.926  9.674  6.184 0.0000000000
1932  20.488  9.748  6.295 0.0000000000
1951  20.308  9.496  5.792 0.0000000000
1952  19.822  9.584  5.758 0.0000000000
1953  19.262  9.597  5.635 0.0000000000
1954  18.640  9.586  5.771 0.0000000000
1970  19.875  9.278  5.234 0.0000000000
1971  19.663  9.373  5.310 0.0000000000
1972  19.243  9.380  5.130 0.0000000000
1973  18.881  9.512  5.243 0.0000000000
1974  18.365  9.491  5.401 0.0000000000
1975  18.165  9.538  5.598 0.0000000000
2283  21.188  9.931  8.147 0.0000000000
2298  20.846  10.089  7.845 0.0000000000
2297  21.275  10.129  7.825 0.0000000000
2312  20.999  10.180  7.523 0.0000000000
2313  20.587  10.109  7.440 0.0000000000
2311  21.386  10.177  7.416 0.0000000000
2323  20.946  10.129  7.077 0.0000000000
2322  21.505  10.134  6.991 0.0000000000
2333  21.155  9.929  6.624 0.0000000000
2334  20.708  9.900  6.650 0.0000000000
2335  20.427  9.854  6.657 0.0000000000
2296  21.716  10.099  7.711 0.0000000000
2310  21.833  10.106  7.341 0.0000000000
2282  21.647  9.966  8.084 0.0000000000
2281  22.114  9.945  7.971 0.0000000000
2295  22.033  10.024  7.618 0.0000000000
1853  21.526  9.672  8.447 0.0000000000
1852  22.023  9.703  8.401 0.0000000000
1836  21.328  9.284  8.688 0.0000000000
1835  21.876  9.329  8.761 0.0000000000
1414  21.074  8.942  8.787 0.0000000000
1413  21.547  8.969  8.822 0.0000000000
1025  20.327  8.485  8.954 0.0000000000
1024  20.862  8.712  9.011 0.0000000000
1023  21.280  8.773  8.970 0.0000000000
698  20.011  8.071  9.065 0.0000000000
697  20.203  8.218  9.081 0.0000000000
1006  20.409  8.275  9.224 0.0000000000
1005  20.748  8.419  9.371 0.0000000000
1004  21.274  8.670  9.345 0.0000000000
1022  21.671  8.863  8.994 0.0000000000
687  20.328  8.003  9.420 0.0000000000
686  20.580  8.198  9.452 0.0000000000
675  20.756  8.123  9.836 0.0000000000
988  21.025  8.462  9.820 0.0000000000
481  19.526  7.686  8.907 0.0000000000
480  19.987  8.112  9.031 0.0000000000
688  20.037  7.852  9.263 0.0000000000
472  19.850  7.516  9.443 0.0000000000
471  20.131  7.739  9.471 0.0000000000
464  20.274  7.613  9.843 0.0000000000
676  20.563  7.916  9.766 0.0000000000
463  20.701  7.911  9.789 0.0000000000
293  17.573  6.860  6.859 0.0000000000
290  17.830  7.094  7.064 0.0000000000
296  17.568  7.247  6.354 0.0000000000
289  17.986  7.056  7.205 0.0000000000
285  18.302  7.095  7.639 0.0000000000
284  18.703  7.375  7.982 0.0000000000
279  18.825  7.255  8.370 0.0000000000
482  19.121  7.596  8.547 0.0000000000
275  19.138  7.234  8.768 0.0000000000
274  19.191  7.285  8.795 0.0000000000
473  19.537  7.378  9.221 0.0000000000
268  19.301  6.822  9.506 0.0000000000
267  19.626  7.231  9.494 0.0000000000
261  19.635  7.153  9.899 0.0000000000
465  20.048  7.274  10.147 0.0000000000
260  19.960  7.200  10.087 0.0000000000
459  20.226  7.407  10.250 0.0000000000
458  20.629  7.796  10.333 0.0000000000
144  17.524  6.756  6.902 0.0000000000
139  17.629  6.629  7.192 0.0000000000
294  17.353  6.820  6.700 0.0000000000
297  17.219  7.147  6.104 0.0000000000
138  18.052  6.846  7.404 0.0000000000
132  18.212  6.819  7.842 0.0000000000
280  18.503  7.056  8.056 0.0000000000
126  18.415  6.743  8.258 0.0000000000
125  18.837  7.166  8.213 0.0000000000
120  18.760  6.716  8.771 0.0000000000
119  19.191  6.913  9.103 0.0000000000
113  19.208  6.861  9.514 0.0000000000
262  19.311  6.935  9.894 0.0000000000
106  19.110  6.797  9.829 0.0000000000
99  19.037  6.814  10.355 0.0000000000
253  19.390  7.028  10.382 0.0000000000
252  19.741  7.164  10.374 0.0000000000
251  19.979  7.258  10.364 0.0000000000
242  19.050  7.050  10.832 0.0000000000
241  19.542  7.180  10.887 0.0000000000
240  19.876  7.250  10.739 0.0000000000
145  17.298  6.544  6.904 0.0000000000
45  17.611  6.367  7.552 0.0000000000
133  17.890  6.591  7.748 0.0000000000
46  17.265  6.284  7.449 0.0000000000
140  17.283  6.378  7.127 0.0000000000
40  17.528  6.295  7.829 0.0000000000
36  17.731  6.336  8.135 0.0000000000
127  17.984  6.642  7.901 0.0000000000
35  18.195  6.440  8.400 0.0000000000
121  18.441  6.549  8.569 0.0000000000
30  18.378  6.371  8.856 0.0000000000
29  18.740  6.381  9.141 0.0000000000
23  18.560  6.364  9.242 0.0000000000
114  19.109  6.778  9.327 0.0000000000
18  18.609  6.493  9.678 0.0000000000
107  19.041  6.811  9.975 0.0000000000
108  18.368  6.526  9.966 0.0000000000
100  18.526  6.742  10.274 0.0000000000
95  18.700  6.838  10.758 0.0000000000
96  18.229  6.791  10.570 0.0000000000
101  17.966  6.395  10.054 0.0000000000
94  19.050  6.958  10.798 0.0000000000
92  18.396  6.818  10.984 0.0000000000
93  18.017  6.832  10.910 0.0000000000
97  17.723  6.854  10.489 0.0000000000
91  18.597  6.875  10.986 0.0000000000
232  18.667  6.955  11.033 0.0000000000
243  18.942  7.002  10.909 0.0000000000
233  18.205  6.976  11.136 0.0000000000
234  17.836  6.985  10.964 0.0000000000
41  17.165  6.253  7.887 0.0000000000
47  16.796  6.238  7.459 0.0000000000
51  16.979  6.079  7.214 0.0000000000
37  17.138  6.241  8.249 0.0000000000
42  16.842  6.234  7.944 0.0000000000
32  17.460  6.266  8.592 0.0000000000
33  16.924  6.255  8.645 0.0000000000
38  16.666  6.245  8.232 0.0000000000
31  17.838  6.127  8.738 0.0000000000
27  16.959  6.215  8.893 0.0000000000
26  17.246  6.281  8.958 0.0000000000
28  16.561  6.290  8.885 0.0000000000
34  16.323  6.322  8.547 0.0000000000
25  17.684  6.287  8.971 0.0000000000
24  17.976  6.278  9.089 0.0000000000
115  16.588  6.399  9.171 0.0000000000
116  16.091  6.689  9.032 0.0000000000
22  16.869  6.320  9.153 0.0000000000
21  17.076  6.301  9.264 0.0000000000
20  17.545  6.317  9.508 0.0000000000
19  18.141  6.337  9.684 0.0000000000
111  16.801  6.550  9.555 0.0000000000
110  17.154  6.513  9.702 0.0000000000
17  17.892  6.361  9.862 0.0000000000
102  17.538  6.678  9.943 0.0000000000
109  17.352  6.622  9.796 0.0000000000
16  17.861  6.210  9.970 0.0000000000
122  15.884  6.616  8.586 0.0000000000
39  16.284  6.315  8.146 0.0000000000
128  16.051  6.437  8.248 0.0000000000
43  16.417  6.255  7.823 0.0000000000
134  16.022  6.387  7.970 0.0000000000
48  16.259  6.199  7.292 0.0000000000
44  15.998  6.262  7.660 0.0000000000
52  16.606  6.243  6.768 0.0000000000
146  16.975  6.438  6.724 0.0000000000
244  17.602  7.132  10.729 0.0000000000
98  17.294  6.896  10.159 0.0000000000
245  17.246  7.125  10.402 0.0000000000
103  17.043  6.788  9.916 0.0000000000
254  16.958  6.931  10.117 0.0000000000
104  16.655  6.928  10.074 0.0000000000
112  16.349  6.898  9.637 0.0000000000
269  16.204  6.981  9.661 0.0000000000
117  15.542  6.779  9.012 0.0000000000
270  15.766  7.120  9.372 0.0000000000
123  15.552  6.721  8.617 0.0000000000
129  15.744  6.588  8.241 0.0000000000
149  17.121  6.687  6.594 0.0000000000
