#!ascii label  , from subject  vox2ras=TkReg
173
11128  27.626  18.010  19.775 0.0000000000
10135  27.979  17.680  19.648 0.0000000000
10136  27.680  17.657  19.987 0.0000000000
11129  27.335  17.983  20.175 0.0000000000
11134  27.798  18.007  19.319 0.0000000000
12167  27.256  18.493  19.836 0.0000000000
12166  27.735  18.326  19.874 0.0000000000
12169  27.682  18.348  19.575 0.0000000000
10122  27.520  17.546  20.519 0.0000000000
11122  27.248  18.035  20.569 0.0000000000
11130  27.136  18.102  20.388 0.0000000000
12168  27.077  18.276  20.247 0.0000000000
11123  27.026  18.250  20.584 0.0000000000
10146  28.015  17.865  19.032 0.0000000000
11140  27.884  17.989  18.898 0.0000000000
12181  27.798  18.538  18.929 0.0000000000
10150  28.045  17.753  19.053 0.0000000000
11155  28.036  17.927  18.589 0.0000000000
11139  28.062  18.249  18.625 0.0000000000
10158  28.120  17.772  18.842 0.0000000000
11154  28.426  18.195  18.197 0.0000000000
10157  28.354  17.667  18.468 0.0000000000
12164  26.850  18.693  20.360 0.0000000000
12163  27.062  18.880  19.849 0.0000000000
13244  27.103  18.988  20.114 0.0000000000
13247  27.270  19.029  19.643 0.0000000000
12170  27.528  18.743  19.388 0.0000000000
13253  27.334  18.972  19.057 0.0000000000
12182  27.546  18.850  18.958 0.0000000000
12180  28.214  18.609  18.495 0.0000000000
13265  28.174  19.085  18.544 0.0000000000
13266  27.804  19.245  18.814 0.0000000000
13267  27.530  19.055  18.863 0.0000000000
13245  26.839  19.015  20.412 0.0000000000
13240  26.958  19.273  20.568 0.0000000000
14375  27.249  19.527  20.336 0.0000000000
14379  27.279  19.520  19.942 0.0000000000
13241  26.763  19.020  20.745 0.0000000000
14391  27.399  19.526  19.380 0.0000000000
13252  27.565  19.133  18.867 0.0000000000
14390  27.748  19.639  19.041 0.0000000000
14403  27.925  19.776  18.835 0.0000000000
14402  28.266  19.795  18.713 0.0000000000
14370  27.232  19.843  20.873 0.0000000000
14374  27.743  19.856  20.608 0.0000000000
14378  27.621  19.835  20.185 0.0000000000
15688  28.072  19.970  20.368 0.0000000000
15698  27.828  20.172  19.900 0.0000000000
15699  27.649  19.996  19.963 0.0000000000
15715  27.169  19.882  19.994 0.0000000000
15714  27.683  20.072  19.404 0.0000000000
15731  27.850  19.965  18.967 0.0000000000
15730  27.978  20.102  18.951 0.0000000000
15687  28.047  19.920  20.653 0.0000000000
15681  28.034  19.969  20.727 0.0000000000
15682  27.909  20.080  20.792 0.0000000000
17122  28.154  20.234  20.349 0.0000000000
17141  27.927  20.151  20.157 0.0000000000
15697  28.145  20.413  19.705 0.0000000000
15713  28.151  20.243  19.346 0.0000000000
17140  28.176  20.439  19.889 0.0000000000
15712  28.640  20.284  19.142 0.0000000000
14389  28.508  19.978  19.104 0.0000000000
17159  28.515  20.536  19.459 0.0000000000
17113  28.154  20.403  20.764 0.0000000000
17121  28.694  20.660  20.093 0.0000000000
17139  28.762  20.632  19.801 0.0000000000
15676  27.768  20.290  20.999 0.0000000000
17102  27.907  20.668  21.620 0.0000000000
17112  28.956  20.709  20.968 0.0000000000
15677  27.364  20.236  21.246 0.0000000000
17103  27.246  20.464  21.867 0.0000000000
17086  28.174  20.492  21.902 0.0000000000
17101  28.608  20.536  21.405 0.0000000000
17087  27.470  20.433  21.984 0.0000000000
14373  27.949  20.035  20.829 0.0000000000
14368  28.047  20.018  20.895 0.0000000000
14369  27.996  20.059  21.026 0.0000000000
15683  27.622  20.109  20.897 0.0000000000
14364  27.080  19.996  21.214 0.0000000000
15678  26.987  20.161  21.432 0.0000000000
15667  27.017  20.348  21.801 0.0000000000
15668  26.939  20.226  21.831 0.0000000000
14371  26.731  19.549  21.187 0.0000000000
14365  26.799  19.766  21.378 0.0000000000
13237  26.739  19.165  21.219 0.0000000000
13224  26.654  19.234  21.782 0.0000000000
14353  26.662  19.820  21.963 0.0000000000
14354  26.443  19.411  21.968 0.0000000000
14342  26.470  19.668  22.261 0.0000000000
14341  26.784  20.225  22.558 0.0000000000
15659  26.893  20.239  22.240 0.0000000000
12161  26.773  18.758  20.746 0.0000000000
12151  26.756  18.759  21.007 0.0000000000
12135  26.745  18.736  21.497 0.0000000000
12122  26.682  18.771  22.117 0.0000000000
13207  26.575  18.801  22.025 0.0000000000
13225  26.529  18.955  21.929 0.0000000000
13208  26.376  19.175  22.327 0.0000000000
12195  28.285  18.868  18.051 0.0000000000
11110  26.832  18.435  20.808 0.0000000000
11097  26.906  18.330  21.203 0.0000000000
11084  26.895  18.203  21.758 0.0000000000
11072  26.796  18.190  22.294 0.0000000000
12109  26.647  18.564  22.577 0.0000000000
12123  26.419  18.845  22.432 0.0000000000
11109  27.223  18.060  20.934 0.0000000000
10107  27.478  17.475  21.082 0.0000000000
11096  27.211  18.032  21.390 0.0000000000
10096  27.314  17.565  21.544 0.0000000000
11083  27.093  17.970  21.702 0.0000000000
10083  26.900  17.932  22.025 0.0000000000
10082  27.133  17.700  22.004 0.0000000000
10066  26.989  17.811  22.317 0.0000000000
10048  26.802  17.869  22.710 0.0000000000
11056  26.711  18.221  22.651 0.0000000000
10149  28.329  17.432  18.833 0.0000000000
9127  28.565  17.165  18.399 0.0000000000
10156  28.894  17.620  17.820 0.0000000000
10145  28.451  17.686  18.930 0.0000000000
9121  28.575  17.118  18.950 0.0000000000
10134  28.233  17.542  19.388 0.0000000000
9112  28.308  17.177  19.319 0.0000000000
9102  27.784  17.388  20.165 0.0000000000
9101  27.958  17.329  20.001 0.0000000000
9100  28.180  17.215  19.798 0.0000000000
9090  27.874  17.158  20.381 0.0000000000
9077  27.769  17.104  20.836 0.0000000000
9068  27.639  17.073  21.282 0.0000000000
9056  27.373  17.073  21.856 0.0000000000
9045  27.254  17.269  22.399 0.0000000000
10065  27.168  17.619  22.345 0.0000000000
10047  27.110  17.576  22.620 0.0000000000
8278  28.465  16.714  18.396 0.0000000000
8270  28.390  16.789  18.823 0.0000000000
9137  28.630  16.936  18.190 0.0000000000
9126  28.885  17.154  17.986 0.0000000000
9136  28.767  17.152  17.861 0.0000000000
8256  28.334  16.859  19.204 0.0000000000
8241  28.253  16.735  19.790 0.0000000000
9089  28.119  17.038  20.184 0.0000000000
9088  28.213  16.928  20.088 0.0000000000
9076  27.907  16.876  20.579 0.0000000000
8232  28.111  16.625  20.292 0.0000000000
8231  28.213  16.877  20.062 0.0000000000
9067  27.813  16.849  20.957 0.0000000000
8223  27.908  16.549  20.793 0.0000000000
8214  27.614  16.824  21.562 0.0000000000
8213  27.771  16.560  21.323 0.0000000000
7527  28.329  16.294  18.201 0.0000000000
7515  28.318  16.310  18.698 0.0000000000
8287  28.544  16.705  18.005 0.0000000000
7501  28.299  16.358  19.262 0.0000000000
7483  28.231  16.322  19.705 0.0000000000
7484  28.103  16.239  20.042 0.0000000000
8242  28.187  16.550  20.073 0.0000000000
7469  27.881  16.178  20.555 0.0000000000
7456  27.801  16.245  20.913 0.0000000000
6853  28.248  15.911  18.947 0.0000000000
6871  28.243  15.784  18.418 0.0000000000
6835  28.216  15.896  19.267 0.0000000000
6812  28.201  16.005  19.618 0.0000000000
6813  27.957  15.733  19.817 0.0000000000
6796  27.945  15.912  20.227 0.0000000000
6779  27.750  15.841  20.824 0.0000000000
6285  28.189  15.450  18.783 0.0000000000
6267  28.138  15.540  19.182 0.0000000000
6836  28.061  15.675  19.473 0.0000000000
6246  27.745  15.419  20.033 0.0000000000
6268  27.777  15.210  19.516 0.0000000000
6231  27.739  15.467  20.607 0.0000000000
6286  27.992  15.202  19.041 0.0000000000
17088  27.132  20.377  22.135 0.0000000000
