#!ascii label  , from subject  vox2ras=TkReg
241
6995  26.382  16.178  13.732 0.0000000000
6981  26.098  15.906  14.078 0.0000000000
6435  26.141  15.833  13.653 0.0000000000
6994  26.294  15.896  13.292 0.0000000000
7633  26.462  16.320  14.128 0.0000000000
7647  27.121  16.574  13.882 0.0000000000
7007  26.666  16.240  13.427 0.0000000000
7006  26.773  16.033  12.961 0.0000000000
7665  27.224  16.411  13.271 0.0000000000
7619  26.223  16.284  14.643 0.0000000000
6966  26.135  16.028  14.350 0.0000000000
7632  26.953  16.848  14.096 0.0000000000
7618  26.676  16.642  14.427 0.0000000000
7646  27.095  16.578  13.623 0.0000000000
7664  27.193  16.332  13.116 0.0000000000
7022  26.985  16.173  12.869 0.0000000000
7680  27.111  16.262  12.733 0.0000000000
7663  27.637  16.513  13.070 0.0000000000
7645  27.365  16.706  13.468 0.0000000000
7679  27.455  16.222  12.766 0.0000000000
7662  28.072  16.726  13.043 0.0000000000
7644  27.686  16.845  13.333 0.0000000000
7678  27.988  16.295  12.576 0.0000000000
8424  27.791  17.017  13.387 0.0000000000
8438  28.048  17.070  13.293 0.0000000000
7677  28.502  16.334  12.602 0.0000000000
7661  28.689  16.694  12.987 0.0000000000
8437  28.450  16.970  13.205 0.0000000000
7631  27.156  16.858  13.892 0.0000000000
8425  27.497  17.056  13.722 0.0000000000
8408  27.007  16.913  14.284 0.0000000000
8407  27.245  17.135  14.180 0.0000000000
6967  25.793  15.855  14.611 0.0000000000
7620  25.912  16.169  14.913 0.0000000000
7605  26.124  16.441  15.248 0.0000000000
8391  26.460  16.703  14.848 0.0000000000
8390  26.821  16.973  14.690 0.0000000000
7591  25.972  16.633  15.916 0.0000000000
6933  25.892  16.385  15.629 0.0000000000
6949  25.833  16.224  15.319 0.0000000000
7606  25.880  16.202  15.082 0.0000000000
8359  26.277  16.850  15.650 0.0000000000
8374  26.423  16.818  15.213 0.0000000000
7592  25.816  16.481  15.942 0.0000000000
7575  25.940  16.733  16.157 0.0000000000
7576  25.679  16.501  16.245 0.0000000000
8341  26.052  16.887  16.224 0.0000000000
7577  25.314  16.201  16.279 0.0000000000
6912  25.340  16.060  16.011 0.0000000000
6934  25.654  16.176  15.696 0.0000000000
7556  25.517  16.557  16.547 0.0000000000
7557  25.214  16.408  16.695 0.0000000000
8324  25.642  16.800  16.681 0.0000000000
8342  25.792  16.731  16.377 0.0000000000
7558  24.627  16.223  16.846 0.0000000000
6895  24.807  15.995  16.541 0.0000000000
6913  25.083  15.929  16.181 0.0000000000
7543  24.802  16.495  17.093 0.0000000000
8305  25.202  16.944  17.208 0.0000000000
8325  25.326  16.748  16.945 0.0000000000
7544  24.358  16.410  17.129 0.0000000000
8306  24.577  16.738  17.328 0.0000000000
7005  26.875  16.020  12.846 0.0000000000
7021  27.221  16.010  12.653 0.0000000000
6465  27.059  15.828  12.528 0.0000000000
7034  27.452  15.788  12.170 0.0000000000
7020  27.685  16.030  12.394 0.0000000000
7033  27.980  15.895  12.134 0.0000000000
7693  28.164  16.072  12.256 0.0000000000
6449  26.544  15.875  13.103 0.0000000000
6448  26.888  16.031  12.872 0.0000000000
6434  25.937  15.836  13.330 0.0000000000
6418  25.838  15.693  13.995 0.0000000000
6417  26.051  15.826  13.938 0.0000000000
6982  25.857  15.764  14.227 0.0000000000
6968  25.339  15.542  14.730 0.0000000000
6401  25.553  15.543  14.374 0.0000000000
6950  25.671  15.985  15.161 0.0000000000
6951  25.331  15.683  15.081 0.0000000000
6935  25.293  15.817  15.625 0.0000000000
6366  24.991  15.503  15.419 0.0000000000
6384  25.025  15.349  14.981 0.0000000000
6936  24.908  15.674  15.822 0.0000000000
6914  24.592  15.669  16.177 0.0000000000
6896  24.403  15.921  16.628 0.0000000000
6466  26.442  15.412  12.690 0.0000000000
6480  26.794  15.385  11.847 0.0000000000
6479  26.815  15.278  11.965 0.0000000000
6450  26.064  15.431  13.222 0.0000000000
6436  25.659  15.379  13.665 0.0000000000
6419  25.302  15.329  14.080 0.0000000000
6402  25.095  15.310  14.534 0.0000000000
6385  24.640  15.284  15.182 0.0000000000
6403  24.702  15.248  14.701 0.0000000000
6367  24.546  15.385  15.736 0.0000000000
6347  24.479  15.461  15.999 0.0000000000
6348  24.284  15.437  16.060 0.0000000000
6368  24.070  15.273  15.740 0.0000000000
6386  24.230  15.243  15.310 0.0000000000
6349  23.921  15.368  16.089 0.0000000000
6369  23.659  15.251  15.719 0.0000000000
6387  23.859  15.205  15.358 0.0000000000
6350  23.455  15.349  16.080 0.0000000000
6370  23.142  15.127  15.620 0.0000000000
6388  23.476  15.139  15.373 0.0000000000
6404  24.306  15.196  14.864 0.0000000000
6405  23.950  15.133  14.923 0.0000000000
5882  23.603  14.938  15.058 0.0000000000
5883  23.133  14.880  15.208 0.0000000000
6420  24.842  15.187  14.181 0.0000000000
6421  24.423  15.119  14.400 0.0000000000
5892  24.122  14.934  14.548 0.0000000000
5893  23.732  14.746  14.588 0.0000000000
6437  25.140  15.141  13.705 0.0000000000
5905  24.574  14.924  14.054 0.0000000000
6438  24.861  15.061  13.811 0.0000000000
5906  24.223  14.829  14.189 0.0000000000
6451  25.521  15.081  13.176 0.0000000000
5918  25.017  14.900  13.513 0.0000000000
6452  25.196  14.971  13.378 0.0000000000
5919  24.681  14.822  13.650 0.0000000000
6467  25.821  15.036  12.815 0.0000000000
5934  25.246  14.880  13.114 0.0000000000
5933  25.443  14.929  13.044 0.0000000000
5950  25.621  14.947  12.832 0.0000000000
6468  25.911  15.057  13.056 0.0000000000
6481  26.152  15.031  12.244 0.0000000000
5949  25.798  14.994  12.869 0.0000000000
5960  25.922  14.958  12.490 0.0000000000
6495  26.590  15.104  11.705 0.0000000000
6494  27.177  15.231  11.432 0.0000000000
7049  27.451  15.511  11.755 0.0000000000
6496  26.308  15.088  11.953 0.0000000000
5971  26.066  14.863  11.859 0.0000000000
5970  26.303  14.931  11.697 0.0000000000
5982  26.549  14.848  11.310 0.0000000000
6509  26.899  15.086  11.310 0.0000000000
6915  24.155  15.677  16.349 0.0000000000
6897  23.974  15.965  16.689 0.0000000000
7559  24.167  16.183  16.880 0.0000000000
6916  23.717  15.665  16.372 0.0000000000
6898  23.488  15.909  16.674 0.0000000000
7560  23.713  16.166  16.880 0.0000000000
6917  23.251  15.654  16.361 0.0000000000
6899  23.015  15.935  16.674 0.0000000000
7561  23.255  16.173  16.881 0.0000000000
7048  27.961  15.723  11.929 0.0000000000
7545  24.137  16.222  17.030 0.0000000000
8307  24.102  16.678  17.350 0.0000000000
7546  23.460  16.343  17.109 0.0000000000
8308  23.653  16.631  17.328 0.0000000000
7547  22.926  16.279  17.031 0.0000000000
8309  23.216  16.596  17.292 0.0000000000
7692  28.263  16.086  12.291 0.0000000000
8288  24.938  17.075  17.474 0.0000000000
8289  24.743  17.053  17.520 0.0000000000
9139  25.142  17.406  17.516 0.0000000000
9160  25.292  17.341  17.363 0.0000000000
8304  25.794  17.288  16.947 0.0000000000
9159  25.653  17.530  17.232 0.0000000000
8323  25.912  17.129  16.769 0.0000000000
9194  26.200  17.181  16.261 0.0000000000
9213  26.413  17.248  15.844 0.0000000000
8358  26.598  17.140  15.398 0.0000000000
8373  26.707  17.022  15.008 0.0000000000
9245  26.938  17.292  14.882 0.0000000000
8389  27.091  17.162  14.563 0.0000000000
9244  27.392  17.558  14.638 0.0000000000
9260  27.563  17.314  14.042 0.0000000000
9275  27.834  17.256  13.705 0.0000000000
9276  27.603  17.217  13.826 0.0000000000
8436  28.892  16.889  13.169 0.0000000000
9289  28.745  17.153  13.355 0.0000000000
9290  28.338  17.242  13.441 0.0000000000
9291  28.065  17.263  13.490 0.0000000000
9138  25.333  17.553  17.437 0.0000000000
9177  26.244  17.646  16.507 0.0000000000
10221  26.549  17.885  15.989 0.0000000000
9193  26.601  17.663  15.968 0.0000000000
9212  26.718  17.547  15.585 0.0000000000
9227  27.182  17.687  14.995 0.0000000000
9228  26.941  17.520  15.125 0.0000000000
10255  27.294  17.960  15.115 0.0000000000
10275  27.539  17.872  14.774 0.0000000000
9259  27.959  17.645  14.191 0.0000000000
9243  27.747  17.709  14.448 0.0000000000
10274  27.856  17.928  14.576 0.0000000000
10291  28.083  17.896  14.342 0.0000000000
9274  28.225  17.420  13.778 0.0000000000
9258  28.511  17.738  14.006 0.0000000000
10290  28.320  17.915  14.228 0.0000000000
9273  28.653  17.430  13.701 0.0000000000
10202  26.385  17.998  16.544 0.0000000000
10220  26.719  18.155  16.006 0.0000000000
10256  26.954  17.824  15.431 0.0000000000
10237  27.023  18.180  15.612 0.0000000000
11244  27.310  18.535  15.370 0.0000000000
11261  27.518  18.441  15.106 0.0000000000
10254  27.600  18.120  14.866 0.0000000000
10238  26.793  17.880  15.738 0.0000000000
11260  27.891  18.507  14.887 0.0000000000
11273  28.038  18.254  14.643 0.0000000000
10273  27.801  18.125  14.576 0.0000000000
11272  28.408  18.423  14.603 0.0000000000
11282  28.464  18.112  14.314 0.0000000000
9158  26.071  17.700  16.874 0.0000000000
8303  25.860  17.322  17.155 0.0000000000
5961  25.395  14.697  12.276 0.0000000000
5972  25.349  14.663  11.709 0.0000000000
5983  25.985  14.676  11.207 0.0000000000
5501  25.067  14.559  12.347 0.0000000000
5500  25.042  14.671  12.111 0.0000000000
5962  25.023  14.813  12.158 0.0000000000
5515  25.106  14.490  12.037 0.0000000000
5951  25.107  14.719  12.714 0.0000000000
5486  24.764  14.565  12.737 0.0000000000
5485  25.067  14.760  12.725 0.0000000000
5952  24.903  14.747  13.016 0.0000000000
5935  24.860  14.762  13.179 0.0000000000
5936  24.369  14.660  13.373 0.0000000000
5468  24.504  14.576  13.048 0.0000000000
5920  24.265  14.731  13.827 0.0000000000
5907  23.953  14.746  14.247 0.0000000000
5921  23.924  14.665  13.913 0.0000000000
5894  23.303  14.724  14.801 0.0000000000
5432  23.358  14.547  14.406 0.0000000000
5446  23.580  14.527  14.050 0.0000000000
5516  25.038  14.448  12.046 0.0000000000
5502  24.533  14.293  12.310 0.0000000000
5487  24.229  14.360  12.833 0.0000000000
5469  24.117  14.569  13.113 0.0000000000
5447  23.105  14.385  14.029 0.0000000000
5459  23.215  14.313  13.588 0.0000000000
5458  23.673  14.400  13.571 0.0000000000
5470  23.882  14.362  13.166 0.0000000000
5457  24.016  14.508  13.511 0.0000000000
5471  23.382  14.253  13.077 0.0000000000
5460  22.791  14.278  13.580 0.0000000000
5472  23.145  14.148  12.978 0.0000000000
5488  23.769  14.266  12.784 0.0000000000
5503  23.912  14.148  12.325 0.0000000000
