#!ascii label  , from subject  vox2ras=TkReg
149
11175  24.775  18.392  17.830 0.0000000000
10172  24.811  17.898  17.727 0.0000000000
11174  25.170  18.311  17.714 0.0000000000
10173  24.481  17.975  17.775 0.0000000000
11176  24.362  18.129  17.833 0.0000000000
11156  24.616  18.691  18.082 0.0000000000
11157  24.306  18.471  18.157 0.0000000000
12210  24.834  18.877  18.010 0.0000000000
12209  25.087  18.883  17.877 0.0000000000
10159  24.175  17.936  18.008 0.0000000000
12208  25.562  18.822  17.622 0.0000000000
12196  24.886  19.274  18.037 0.0000000000
13287  25.218  19.495  17.818 0.0000000000
12197  24.351  18.963  18.051 0.0000000000
13276  25.114  19.802  17.940 0.0000000000
13286  25.687  19.290  17.447 0.0000000000
14413  25.015  20.040  17.865 0.0000000000
14425  25.255  19.818  17.703 0.0000000000
14424  25.602  19.789  17.483 0.0000000000
13277  24.647  19.572  18.140 0.0000000000
14414  24.671  20.000  18.164 0.0000000000
15744  24.805  20.324  17.959 0.0000000000
15743  24.996  20.174  17.812 0.0000000000
13278  24.278  19.864  18.369 0.0000000000
14415  24.136  19.911  18.709 0.0000000000
14404  24.207  20.085  18.319 0.0000000000
15732  24.326  20.100  18.090 0.0000000000
14405  23.967  20.111  18.640 0.0000000000
14423  25.910  19.533  17.205 0.0000000000
15753  25.971  19.928  17.121 0.0000000000
15754  25.819  20.152  17.264 0.0000000000
15755  25.190  20.442  17.724 0.0000000000
14435  26.157  19.778  17.006 0.0000000000
15762  26.050  20.301  17.071 0.0000000000
15770  26.200  20.100  16.918 0.0000000000
15763  25.953  20.352  17.180 0.0000000000
17204  26.128  20.618  17.056 0.0000000000
17203  26.093  20.819  17.009 0.0000000000
17215  26.335  20.602  16.742 0.0000000000
14444  26.505  19.863  16.659 0.0000000000
15769  26.642  20.313  16.437 0.0000000000
13314  26.378  19.288  16.774 0.0000000000
13313  26.690  19.552  16.388 0.0000000000
14443  26.768  19.961  16.225 0.0000000000
13312  26.909  19.769  16.089 0.0000000000
14442  26.775  20.044  15.841 0.0000000000
15768  26.918  20.120  16.096 0.0000000000
14451  27.055  20.012  15.969 0.0000000000
15779  27.018  20.336  16.042 0.0000000000
13300  26.092  19.227  17.094 0.0000000000
13285  25.924  19.198  17.225 0.0000000000
12223  26.096  18.769  17.085 0.0000000000
12241  26.394  18.772  16.729 0.0000000000
12240  26.710  19.006  16.400 0.0000000000
13326  26.875  19.347  16.147 0.0000000000
13325  27.054  19.483  15.975 0.0000000000
12207  25.852  18.989  17.288 0.0000000000
13269  24.068  19.441  18.528 0.0000000000
13268  24.354  19.040  18.245 0.0000000000
12184  24.195  18.986  18.204 0.0000000000
12185  23.674  18.994  18.618 0.0000000000
13270  23.856  19.182  18.723 0.0000000000
13254  23.806  19.911  18.747 0.0000000000
13255  23.507  19.455  18.811 0.0000000000
12183  24.052  18.791  18.096 0.0000000000
11207  26.177  18.312  16.934 0.0000000000
11206  26.588  18.417  16.433 0.0000000000
11226  26.865  18.707  16.018 0.0000000000
12259  27.001  19.027  15.987 0.0000000000
11187  25.783  18.433  17.342 0.0000000000
11186  26.055  18.322  17.091 0.0000000000
12224  25.816  18.758  17.319 0.0000000000
11173  25.510  18.371  17.624 0.0000000000
12198  24.277  18.814  18.203 0.0000000000
11142  23.700  18.423  18.373 0.0000000000
11141  24.094  18.853  18.393 0.0000000000
12186  23.245  18.696  18.619 0.0000000000
12171  22.966  18.886  18.825 0.0000000000
12172  23.230  19.066  18.743 0.0000000000
10220  26.719  18.155  16.006 0.0000000000
11225  27.040  18.615  15.771 0.0000000000
10219  26.917  18.317  15.779 0.0000000000
10237  27.023  18.180  15.612 0.0000000000
11244  27.310  18.535  15.370 0.0000000000
12258  26.977  19.026  15.937 0.0000000000
12274  27.439  19.052  15.542 0.0000000000
10184  26.101  18.025  16.994 0.0000000000
10202  26.385  17.998  16.544 0.0000000000
10201  26.627  18.207  16.157 0.0000000000
10170  25.430  17.932  17.535 0.0000000000
10185  25.993  18.043  17.122 0.0000000000
10171  25.065  17.796  17.670 0.0000000000
11158  23.946  17.926  18.181 0.0000000000
11143  23.157  18.302  18.273 0.0000000000
10151  23.343  18.053  18.290 0.0000000000
10160  23.736  17.929  18.209 0.0000000000
9159  25.653  17.530  17.232 0.0000000000
9158  26.071  17.700  16.874 0.0000000000
9141  24.382  17.547  17.780 0.0000000000
9140  24.885  17.390  17.633 0.0000000000
9139  25.142  17.406  17.516 0.0000000000
9138  25.333  17.553  17.437 0.0000000000
9129  24.034  17.664  18.028 0.0000000000
9130  23.607  17.538  18.096 0.0000000000
10161  23.267  17.788  18.217 0.0000000000
9128  24.144  17.732  17.966 0.0000000000
10152  23.037  17.926  18.247 0.0000000000
8290  24.290  16.996  17.632 0.0000000000
8289  24.743  17.053  17.520 0.0000000000
9142  23.953  17.314  17.854 0.0000000000
8288  24.938  17.075  17.474 0.0000000000
9143  23.489  17.196  17.831 0.0000000000
9131  23.138  17.456  18.064 0.0000000000
8306  24.577  16.738  17.328 0.0000000000
8307  24.102  16.678  17.350 0.0000000000
8291  23.961  17.018  17.720 0.0000000000
8308  23.653  16.631  17.328 0.0000000000
8292  23.367  16.850  17.564 0.0000000000
8309  23.216  16.596  17.292 0.0000000000
8293  22.805  16.922  17.562 0.0000000000
9144  22.975  17.097  17.747 0.0000000000
8310  22.819  16.623  17.288 0.0000000000
8294  22.632  16.869  17.516 0.0000000000
8311  22.406  16.674  17.280 0.0000000000
9145  22.453  17.215  17.771 0.0000000000
8295  22.195  16.957  17.499 0.0000000000
8312  21.938  16.682  17.159 0.0000000000
9146  21.986  17.347  17.752 0.0000000000
8296  21.815  17.012  17.401 0.0000000000
8313  21.434  16.914  17.166 0.0000000000
9147  21.407  17.272  17.462 0.0000000000
10162  22.809  17.766  18.209 0.0000000000
9132  22.665  17.480  18.039 0.0000000000
10163  22.250  17.852  18.198 0.0000000000
9133  22.238  17.556  17.990 0.0000000000
10164  21.760  17.785  18.043 0.0000000000
10174  21.783  17.613  17.829 0.0000000000
10153  22.479  18.014  18.302 0.0000000000
11144  22.711  18.323  18.517 0.0000000000
10154  22.153  18.018  18.212 0.0000000000
11145  22.185  18.308  18.534 0.0000000000
11159  22.025  18.116  18.298 0.0000000000
11160  21.795  18.098  18.269 0.0000000000
10175  21.357  17.741  17.837 0.0000000000
12187  22.910  18.798  18.512 0.0000000000
12173  22.962  19.007  18.777 0.0000000000
13338  27.498  19.496  15.609 0.0000000000
14464  27.496  19.945  15.598 0.0000000000
13337  27.828  19.533  15.297 0.0000000000
