#!ascii label  , from subject  vox2ras=TkReg
61
28615  31.037  24.595  22.575 0.0000000000
27040  31.057  24.145  22.708 0.0000000000
27026  30.997  24.212  22.974 0.0000000000
28597  30.924  24.635  22.971 0.0000000000
27052  31.090  24.205  22.332 0.0000000000
28630  31.065  24.615  22.095 0.0000000000
30181  30.839  25.185  22.709 0.0000000000
30195  31.058  25.006  21.888 0.0000000000
27062  31.089  24.260  21.840 0.0000000000
28644  30.993  24.850  21.592 0.0000000000
27071  31.040  24.285  21.207 0.0000000000
28655  30.874  24.864  21.116 0.0000000000
30209  30.702  25.360  21.635 0.0000000000
28645  30.646  25.122  21.304 0.0000000000
28656  30.363  24.954  20.963 0.0000000000
30210  30.188  25.423  21.323 0.0000000000
27072  30.826  24.662  20.805 0.0000000000
30167  30.806  24.949  23.020 0.0000000000
30168  30.593  25.227  23.160 0.0000000000
30182  30.662  25.402  22.869 0.0000000000
31809  30.660  25.656  22.631 0.0000000000
31808  30.798  25.465  22.576 0.0000000000
31825  30.820  25.514  22.360 0.0000000000
31792  30.606  25.565  22.970 0.0000000000
31842  30.837  25.623  22.053 0.0000000000
31843  30.415  25.779  21.682 0.0000000000
31793  30.420  25.875  23.065 0.0000000000
30169  30.270  25.286  23.581 0.0000000000
31778  30.166  25.737  23.674 0.0000000000
33462  30.170  26.380  23.480 0.0000000000
33476  29.947  26.690  22.553 0.0000000000
31810  30.337  26.205  22.368 0.0000000000
31826  30.570  25.881  22.125 0.0000000000
33494  29.915  26.489  22.136 0.0000000000
31827  30.067  26.176  21.860 0.0000000000
31844  29.942  25.879  21.479 0.0000000000
28599  30.350  24.875  23.566 0.0000000000
28582  29.884  24.815  23.974 0.0000000000
30155  29.934  25.313  24.029 0.0000000000
28598  30.611  24.636  23.322 0.0000000000
28581  30.298  24.490  23.683 0.0000000000
27027  30.894  24.079  23.140 0.0000000000
27007  30.406  24.111  23.516 0.0000000000
25530  31.103  23.676  21.310 0.0000000000
25520  31.110  23.774  21.680 0.0000000000
25538  31.067  23.739  20.852 0.0000000000
27081  30.948  24.255  20.573 0.0000000000
25511  31.110  23.792  22.137 0.0000000000
25496  31.085  23.826  22.569 0.0000000000
25483  31.021  23.870  22.944 0.0000000000
25484  30.877  23.853  23.144 0.0000000000
25465  30.574  23.650  23.353 0.0000000000
24017  31.107  23.297  21.621 0.0000000000
24004  31.114  23.343  21.993 0.0000000000
23988  31.087  23.389  22.409 0.0000000000
23974  31.047  23.557  22.755 0.0000000000
23975  30.906  23.395  23.014 0.0000000000
22539  31.042  22.858  22.001 0.0000000000
22520  31.074  23.081  22.196 0.0000000000
22521  30.980  22.941  22.508 0.0000000000
23989  31.028  23.310  22.691 0.0000000000
