#!ascii label  , from subject  vox2ras=TkReg
146
15564  27.935  20.202  25.364 0.0000000000
15539  27.839  20.070  25.870 0.0000000000
15538  28.292  20.220  25.712 0.0000000000
15563  28.379  20.242  25.260 0.0000000000
15565  27.411  20.190  25.396 0.0000000000
15590  28.031  20.222  24.943 0.0000000000
15591  27.632  20.221  24.988 0.0000000000
15540  27.295  19.933  25.861 0.0000000000
15566  26.831  20.041  25.509 0.0000000000
16971  26.966  20.233  25.051 0.0000000000
16970  27.337  20.231  25.025 0.0000000000
14242  26.598  19.834  25.713 0.0000000000
15541  27.156  20.061  26.042 0.0000000000
14243  26.304  19.823  25.366 0.0000000000
15567  26.392  20.077  25.119 0.0000000000
14244  25.991  19.783  24.994 0.0000000000
15568  26.169  20.006  24.999 0.0000000000
16972  26.619  20.209  24.891 0.0000000000
15592  26.190  20.077  25.026 0.0000000000
15593  26.050  19.956  24.681 0.0000000000
15589  28.530  20.251  24.767 0.0000000000
16987  28.109  20.238  24.487 0.0000000000
16988  27.738  20.247  24.542 0.0000000000
16989  27.288  20.281  24.639 0.0000000000
16991  26.546  20.232  24.643 0.0000000000
15613  26.279  20.138  24.425 0.0000000000
14258  25.797  19.514  24.514 0.0000000000
15614  26.037  19.912  24.198 0.0000000000
17009  26.734  20.347  24.032 0.0000000000
15629  26.238  20.059  23.880 0.0000000000
16990  27.072  20.366  24.546 0.0000000000
17005  28.417  20.265  24.185 0.0000000000
17006  27.886  20.272  24.101 0.0000000000
17007  27.432  20.309  24.123 0.0000000000
17008  27.073  20.401  23.988 0.0000000000
15612  28.710  20.333  24.451 0.0000000000
17004  28.945  20.557  24.260 0.0000000000
17023  28.560  20.346  23.707 0.0000000000
17024  28.034  20.315  23.701 0.0000000000
17025  27.560  20.336  23.718 0.0000000000
17026  27.122  20.371  23.745 0.0000000000
17027  26.685  20.303  23.773 0.0000000000
15611  28.819  20.413  24.666 0.0000000000
16986  28.979  20.602  24.816 0.0000000000
16985  29.235  21.009  24.774 0.0000000000
17003  29.315  21.047  23.968 0.0000000000
17022  29.017  20.582  23.686 0.0000000000
18424  29.321  21.473  24.375 0.0000000000
17021  29.424  20.800  23.590 0.0000000000
18433  29.569  21.323  23.824 0.0000000000
15588  28.849  20.257  25.086 0.0000000000
16969  28.943  20.755  25.320 0.0000000000
16968  29.136  21.135  25.211 0.0000000000
18402  29.180  21.426  25.101 0.0000000000
18413  29.252  21.485  24.842 0.0000000000
15562  28.717  20.370  25.175 0.0000000000
15537  28.694  20.392  25.571 0.0000000000
16951  28.831  20.719  25.926 0.0000000000
18389  28.950  20.949  25.858 0.0000000000
18403  28.853  21.398  25.438 0.0000000000
15515  28.651  20.374  26.009 0.0000000000
16931  28.959  20.802  26.323 0.0000000000
18374  28.882  20.969  26.296 0.0000000000
15504  28.619  20.329  26.404 0.0000000000
16910  28.760  20.486  26.711 0.0000000000
18352  28.899  20.933  26.746 0.0000000000
15505  28.374  20.224  26.721 0.0000000000
16911  28.763  20.494  26.859 0.0000000000
14231  26.638  19.845  25.871 0.0000000000
15542  26.766  19.943  25.884 0.0000000000
15519  26.792  19.815  26.132 0.0000000000
15518  27.079  19.929  26.083 0.0000000000
14218  27.386  19.773  26.394 0.0000000000
14230  27.618  19.859  25.993 0.0000000000
14229  27.800  19.957  26.198 0.0000000000
15517  27.873  19.982  26.394 0.0000000000
15516  28.171  20.116  26.094 0.0000000000
14219  26.852  19.671  26.549 0.0000000000
14220  26.431  19.556  26.398 0.0000000000
15520  26.561  19.775  26.070 0.0000000000
14217  27.845  19.935  26.633 0.0000000000
15506  27.943  19.960  26.925 0.0000000000
14204  27.886  19.922  26.904 0.0000000000
15507  27.952  19.905  27.067 0.0000000000
15495  27.971  19.897  27.294 0.0000000000
15494  28.358  19.983  27.119 0.0000000000
14192  27.872  19.778  27.663 0.0000000000
15483  28.149  19.955  27.717 0.0000000000
14193  27.512  19.655  27.453 0.0000000000
15496  27.777  19.817  27.156 0.0000000000
13128  25.755  19.017  24.961 0.0000000000
13120  25.768  19.359  25.413 0.0000000000
14233  26.000  19.819  25.008 0.0000000000
14232  26.316  19.673  25.810 0.0000000000
13119  25.773  19.531  25.495 0.0000000000
13105  26.012  19.227  26.079 0.0000000000
13093  26.295  18.996  26.922 0.0000000000
14207  26.535  19.217  26.978 0.0000000000
14206  26.904  19.480  26.961 0.0000000000
14205  27.552  19.754  26.970 0.0000000000
13092  26.613  19.242  27.058 0.0000000000
13081  26.711  19.213  27.349 0.0000000000
14194  27.061  19.494  27.200 0.0000000000
13080  27.055  19.294  27.572 0.0000000000
13066  27.218  19.291  28.052 0.0000000000
14180  27.624  19.427  28.065 0.0000000000
14179  27.949  19.786  28.008 0.0000000000
14170  27.623  19.583  28.083 0.0000000000
14169  27.937  19.814  28.447 0.0000000000
15468  28.165  19.983  28.121 0.0000000000
13054  27.481  19.284  28.363 0.0000000000
13106  25.780  19.131  25.906 0.0000000000
13121  25.695  19.066  25.613 0.0000000000
13129  25.707  19.034  25.299 0.0000000000
12016  25.803  19.065  26.000 0.0000000000
12015  25.877  19.023  26.164 0.0000000000
13107  25.665  19.063  25.994 0.0000000000
12005  25.981  18.697  26.574 0.0000000000
11997  26.253  18.595  27.103 0.0000000000
13082  26.371  18.941  27.349 0.0000000000
11989  26.299  18.652  27.614 0.0000000000
13068  26.571  19.008  27.779 0.0000000000
13067  26.913  19.181  27.875 0.0000000000
11981  26.500  18.757  28.160 0.0000000000
13056  26.800  19.024  28.074 0.0000000000
13055  27.062  19.128  28.135 0.0000000000
11980  26.949  18.899  28.285 0.0000000000
11979  27.166  19.034  28.303 0.0000000000
11970  27.222  18.956  28.580 0.0000000000
13043  27.500  19.240  28.865 0.0000000000
13053  27.789  19.539  28.749 0.0000000000
11961  27.203  18.918  29.065 0.0000000000
13033  27.452  19.249  29.313 0.0000000000
13042  27.866  19.652  28.984 0.0000000000
10965  26.014  18.272  27.020 0.0000000000
10966  25.775  18.084  26.879 0.0000000000
12006  25.772  18.500  26.450 0.0000000000
10955  26.059  18.280  27.422 0.0000000000
10945  26.107  18.319  27.924 0.0000000000
10934  26.195  18.371  28.344 0.0000000000
11972  26.418  18.606  28.485 0.0000000000
11971  26.794  18.689  28.684 0.0000000000
10923  26.326  18.347  28.742 0.0000000000
10956  25.753  18.087  27.193 0.0000000000
10946  25.793  18.039  27.734 0.0000000000
10935  25.869  18.121  28.193 0.0000000000
