#!ascii label  , from subject  vox2ras=TkReg
296
21014  24.930  22.566  23.660 0.0000000000
19698  24.378  22.141  23.691 0.0000000000
19697  24.726  22.234  23.473 0.0000000000
21015  24.560  22.336  23.933 0.0000000000
21030  24.843  22.262  22.943 0.0000000000
20992  24.633  22.736  24.049 0.0000000000
22495  24.839  23.086  23.872 0.0000000000
21029  25.286  22.382  23.153 0.0000000000
21013  25.405  22.763  23.410 0.0000000000
22494  25.166  23.047  23.690 0.0000000000
20993  24.211  22.394  24.163 0.0000000000
19680  24.183  22.055  24.235 0.0000000000
21028  25.628  22.676  23.147 0.0000000000
21048  25.679  22.411  22.781 0.0000000000
21049  25.048  21.937  22.588 0.0000000000
19711  24.413  22.166  23.286 0.0000000000
21031  24.102  22.256  22.785 0.0000000000
21050  24.422  21.984  22.706 0.0000000000
19712  24.059  22.056  23.310 0.0000000000
21032  24.008  22.112  23.208 0.0000000000
21051  23.898  22.090  22.885 0.0000000000
19713  23.524  21.961  23.367 0.0000000000
21033  23.303  22.151  23.148 0.0000000000
21052  23.697  22.164  22.849 0.0000000000
19714  22.940  22.084  23.462 0.0000000000
21034  22.809  22.289  23.256 0.0000000000
21053  23.188  22.196  22.835 0.0000000000
19715  22.981  22.534  23.459 0.0000000000
21016  23.011  22.585  23.630 0.0000000000
21017  22.611  22.189  23.617 0.0000000000
21035  22.242  22.469  23.331 0.0000000000
21054  23.089  22.144  22.833 0.0000000000
22510  22.124  22.691  23.211 0.0000000000
22509  22.696  22.385  22.948 0.0000000000
21018  21.931  22.307  23.900 0.0000000000
21036  21.758  22.561  23.347 0.0000000000
22511  21.809  22.818  23.078 0.0000000000
21019  21.332  22.533  23.804 0.0000000000
21037  21.156  22.638  23.458 0.0000000000
22512  21.465  22.730  23.085 0.0000000000
21020  20.956  22.755  23.844 0.0000000000
21038  20.823  22.772  23.637 0.0000000000
22513  20.751  22.830  23.221 0.0000000000
22496  20.758  22.901  23.818 0.0000000000
22525  25.794  22.738  23.028 0.0000000000
21072  26.078  22.387  22.307 0.0000000000
21047  25.924  22.514  22.670 0.0000000000
21073  25.456  22.070  22.250 0.0000000000
22524  25.975  22.762  22.859 0.0000000000
19723  24.510  21.817  22.208 0.0000000000
19722  24.976  21.860  21.946 0.0000000000
21074  25.094  21.836  22.087 0.0000000000
19724  24.076  21.841  22.343 0.0000000000
19725  23.736  21.883  22.428 0.0000000000
19726  23.319  22.050  22.393 0.0000000000
19727  23.043  22.229  22.269 0.0000000000
19728  23.026  22.351  22.126 0.0000000000
21055  22.451  22.581  22.647 0.0000000000
22526  22.380  22.476  22.867 0.0000000000
21076  22.540  22.646  22.035 0.0000000000
22527  22.116  22.689  22.838 0.0000000000
21056  22.022  22.672  22.524 0.0000000000
21077  21.919  22.825  22.058 0.0000000000
22528  21.763  22.731  22.841 0.0000000000
21057  21.590  22.763  22.504 0.0000000000
21078  21.415  22.892  22.140 0.0000000000
22529  21.263  22.789  22.794 0.0000000000
21058  21.191  22.847  22.457 0.0000000000
21079  21.064  22.983  22.190 0.0000000000
22530  20.851  22.974  22.582 0.0000000000
19739  25.624  21.986  21.898 0.0000000000
19758  25.858  22.125  21.622 0.0000000000
21088  26.111  22.253  21.846 0.0000000000
22543  25.929  22.734  22.847 0.0000000000
21087  26.518  22.464  21.714 0.0000000000
21071  26.636  22.775  22.101 0.0000000000
22542  26.458  22.868  22.498 0.0000000000
19740  25.227  21.884  21.799 0.0000000000
19741  24.891  21.885  21.703 0.0000000000
19747  22.860  22.144  22.100 0.0000000000
21075  22.855  22.558  21.854 0.0000000000
21091  22.796  22.770  21.552 0.0000000000
21092  22.296  22.851  21.652 0.0000000000
21093  21.944  22.913  21.688 0.0000000000
22544  21.641  22.923  21.855 0.0000000000
22545  21.415  22.975  21.960 0.0000000000
21094  21.258  23.009  22.012 0.0000000000
22546  21.078  23.129  21.978 0.0000000000
21095  21.121  23.080  21.972 0.0000000000
19757  26.119  22.242  21.607 0.0000000000
19777  26.283  22.317  21.382 0.0000000000
21104  26.524  22.357  20.963 0.0000000000
21086  26.931  22.925  22.024 0.0000000000
22556  27.040  22.894  21.704 0.0000000000
22557  26.786  22.587  21.376 0.0000000000
19765  23.038  22.623  21.767 0.0000000000
19746  23.110  22.385  21.935 0.0000000000
21090  23.028  23.139  21.352 0.0000000000
21112  23.182  23.003  20.939 0.0000000000
22558  22.472  22.986  21.288 0.0000000000
22573  22.753  23.057  21.082 0.0000000000
22559  21.881  23.022  21.433 0.0000000000
22560  21.774  23.028  21.485 0.0000000000
22561  21.345  23.042  21.702 0.0000000000
22562  21.010  23.150  21.713 0.0000000000
22493  25.661  23.128  23.390 0.0000000000
23958  25.407  23.520  23.672 0.0000000000
23959  24.985  23.515  23.779 0.0000000000
22476  24.616  23.063  24.003 0.0000000000
23960  24.766  23.523  23.981 0.0000000000
22478  20.853  22.868  24.091 0.0000000000
22479  20.630  22.965  24.179 0.0000000000
22497  20.356  23.089  23.687 0.0000000000
23942  20.195  23.308  24.081 0.0000000000
23961  19.972  23.348  23.713 0.0000000000
22514  20.216  23.156  23.263 0.0000000000
22531  20.282  23.095  22.764 0.0000000000
23978  19.820  23.425  23.008 0.0000000000
23992  19.964  23.219  23.094 0.0000000000
22523  26.205  23.147  22.893 0.0000000000
22507  26.005  23.209  23.125 0.0000000000
22508  25.815  22.904  23.142 0.0000000000
22547  20.509  23.128  22.214 0.0000000000
22548  20.063  23.208  22.253 0.0000000000
22532  19.783  23.195  22.771 0.0000000000
23993  19.812  23.269  22.807 0.0000000000
24006  19.891  23.225  22.480 0.0000000000
22541  26.873  23.103  22.153 0.0000000000
22522  26.621  23.278  22.572 0.0000000000
22563  20.672  23.224  21.735 0.0000000000
22564  20.020  23.323  22.035 0.0000000000
22565  20.008  23.251  21.880 0.0000000000
22549  19.906  23.253  21.994 0.0000000000
24007  19.617  23.320  22.209 0.0000000000
24005  27.145  23.514  22.150 0.0000000000
24020  27.357  23.384  21.767 0.0000000000
22572  26.982  22.652  21.181 0.0000000000
22571  27.268  22.879  21.221 0.0000000000
22574  22.359  23.077  21.037 0.0000000000
22575  21.766  23.250  21.061 0.0000000000
22576  21.498  23.067  21.178 0.0000000000
22577  21.083  23.130  21.250 0.0000000000
22578  21.190  23.297  21.178 0.0000000000
22579  20.491  23.305  21.316 0.0000000000
22585  23.101  22.960  20.840 0.0000000000
22586  22.600  23.030  20.807 0.0000000000
22587  22.154  23.041  20.793 0.0000000000
22588  21.701  23.123  20.936 0.0000000000
22589  21.061  23.030  20.906 0.0000000000
24032  21.040  23.256  20.920 0.0000000000
24042  20.983  23.053  20.990 0.0000000000
23957  25.749  23.521  23.417 0.0000000000
25468  25.695  23.942  23.522 0.0000000000
25469  25.174  23.985  23.714 0.0000000000
25470  24.894  23.944  23.833 0.0000000000
23941  24.747  23.222  24.138 0.0000000000
25452  24.674  23.832  24.304 0.0000000000
25471  24.776  23.976  23.974 0.0000000000
25439  24.337  23.970  24.723 0.0000000000
23927  24.341  23.420  24.623 0.0000000000
26979  24.621  24.315  24.562 0.0000000000
26994  24.734  24.309  24.068 0.0000000000
23977  25.972  23.614  23.248 0.0000000000
25486  26.033  23.991  23.240 0.0000000000
27011  25.488  24.481  23.646 0.0000000000
27010  25.818  24.321  23.368 0.0000000000
27012  25.028  24.378  23.730 0.0000000000
27013  24.864  24.347  23.862 0.0000000000
23976  26.179  23.552  23.087 0.0000000000
25485  26.307  24.040  23.026 0.0000000000
27029  26.096  24.503  23.182 0.0000000000
26962  24.231  24.291  24.897 0.0000000000
28536  24.451  24.802  24.780 0.0000000000
28555  24.726  24.785  24.359 0.0000000000
28569  24.813  24.836  23.935 0.0000000000
27030  25.796  24.680  23.362 0.0000000000
28585  25.184  24.874  23.680 0.0000000000
28584  25.604  24.985  23.465 0.0000000000
28586  24.993  24.752  23.713 0.0000000000
27028  26.406  24.536  22.918 0.0000000000
28601  26.262  24.984  23.076 0.0000000000
28602  25.960  24.801  23.229 0.0000000000
30158  25.403  25.226  23.665 0.0000000000
30157  25.968  25.485  23.324 0.0000000000
30159  25.002  24.994  23.283 0.0000000000
30142  25.075  24.997  23.685 0.0000000000
30172  26.181  25.278  23.176 0.0000000000
25426  23.983  23.886  25.063 0.0000000000
25425  24.055  24.086  25.107 0.0000000000
26963  24.028  24.279  25.155 0.0000000000
28537  24.156  24.789  25.109 0.0000000000
23991  26.480  23.636  22.806 0.0000000000
25499  26.672  24.102  22.730 0.0000000000
23910  24.069  23.853  24.976 0.0000000000
23911  23.992  23.461  24.914 0.0000000000
23912  23.626  23.517  25.161 0.0000000000
25427  24.042  24.077  25.100 0.0000000000
23990  26.905  23.661  22.430 0.0000000000
22492  25.894  23.351  23.248 0.0000000000
22506  26.118  23.278  23.055 0.0000000000
22461  24.539  22.923  24.275 0.0000000000
22462  24.111  22.758  24.531 0.0000000000
23928  24.029  23.184  24.691 0.0000000000
22447  23.663  23.078  24.950 0.0000000000
22448  23.177  23.097  25.173 0.0000000000
23913  23.286  23.392  25.249 0.0000000000
23893  23.625  23.814  25.257 0.0000000000
23894  23.330  23.718  25.356 0.0000000000
22446  23.963  23.150  24.801 0.0000000000
23895  23.104  23.777  25.535 0.0000000000
22431  22.832  23.163  25.345 0.0000000000
25412  23.576  24.020  25.372 0.0000000000
25413  23.196  24.073  25.585 0.0000000000
21070  27.092  22.986  21.895 0.0000000000
21012  25.647  22.859  23.269 0.0000000000
22467  20.691  23.119  24.265 0.0000000000
23931  20.301  23.531  24.503 0.0000000000
21000  21.048  22.744  24.003 0.0000000000
20999  21.325  22.623  24.246 0.0000000000
22477  20.980  22.886  24.354 0.0000000000
22466  20.920  22.973  24.381 0.0000000000
20982  21.099  22.924  24.581 0.0000000000
22465  21.184  23.018  24.760 0.0000000000
20975  24.358  22.830  24.308 0.0000000000
23930  20.721  23.439  24.761 0.0000000000
23929  21.138  23.124  24.829 0.0000000000
20981  21.642  22.752  24.789 0.0000000000
22464  21.622  23.020  25.113 0.0000000000
22452  21.593  23.132  25.113 0.0000000000
23914  21.209  23.441  25.175 0.0000000000
20969  21.832  22.887  25.040 0.0000000000
22451  21.969  23.011  25.036 0.0000000000
20976  23.937  22.615  24.518 0.0000000000
22463  23.634  22.847  24.783 0.0000000000
22435  21.834  23.108  25.176 0.0000000000
23898  21.702  23.444  25.333 0.0000000000
20968  22.042  22.854  25.075 0.0000000000
22450  22.251  22.962  25.168 0.0000000000
22434  21.907  23.040  25.178 0.0000000000
20967  22.494  22.822  25.137 0.0000000000
22449  22.695  22.990  25.197 0.0000000000
22433  22.352  23.171  25.275 0.0000000000
20966  22.949  22.789  25.093 0.0000000000
22432  22.797  23.277  25.313 0.0000000000
20965  23.240  22.794  24.973 0.0000000000
23897  22.040  23.512  25.446 0.0000000000
23896  22.515  23.560  25.514 0.0000000000
21089  23.671  22.978  21.030 0.0000000000
19764  23.399  22.477  21.524 0.0000000000
21111  23.142  22.892  21.197 0.0000000000
19763  24.149  22.592  21.258 0.0000000000
21110  23.662  22.797  20.942 0.0000000000
19703  21.999  22.084  24.113 0.0000000000
20998  21.925  22.331  24.442 0.0000000000
19702  22.197  22.056  23.965 0.0000000000
19701  22.932  22.135  23.785 0.0000000000
19685  22.127  22.105  24.028 0.0000000000
20997  22.441  22.284  24.518 0.0000000000
20980  22.189  22.665  24.939 0.0000000000
19684  22.639  22.040  24.090 0.0000000000
20996  22.883  22.223  24.380 0.0000000000
20979  22.668  22.701  25.213 0.0000000000
19683  22.990  21.962  24.028 0.0000000000
20995  23.145  22.150  24.275 0.0000000000
20978  23.026  22.583  25.122 0.0000000000
19682  23.448  21.937  23.999 0.0000000000
20994  23.648  22.169  24.209 0.0000000000
20977  23.335  22.448  24.647 0.0000000000
19681  23.973  22.101  23.981 0.0000000000
19778  25.950  22.173  21.105 0.0000000000
19745  23.246  22.206  22.034 0.0000000000
19744  23.749  22.115  21.898 0.0000000000
19762  24.018  22.321  21.245 0.0000000000
19743  24.049  22.025  21.799 0.0000000000
19783  24.008  22.745  20.960 0.0000000000
19761  24.599  22.168  21.268 0.0000000000
19742  24.485  21.928  21.697 0.0000000000
19782  24.222  22.461  20.908 0.0000000000
19760  25.001  22.073  21.322 0.0000000000
19781  24.729  22.327  20.871 0.0000000000
19759  25.393  22.020  21.419 0.0000000000
19780  25.144  22.265  20.952 0.0000000000
19779  25.592  22.228  21.061 0.0000000000
19700  23.214  21.913  23.738 0.0000000000
19699  23.828  21.947  23.747 0.0000000000
25414  22.876  24.097  25.673 0.0000000000
25415  22.200  24.002  25.652 0.0000000000
25416  21.799  24.172  25.731 0.0000000000
25417  21.390  23.961  25.478 0.0000000000
25428  21.029  23.911  25.256 0.0000000000
23915  20.913  23.564  25.074 0.0000000000
25429  20.781  23.873  25.142 0.0000000000
25440  20.515  23.823  24.987 0.0000000000
26945  23.494  24.401  25.587 0.0000000000
26964  23.781  24.247  25.307 0.0000000000
28538  23.784  24.733  25.383 0.0000000000
