#!ascii label  , from subject  vox2ras=TkReg
95
532  13.814  8.172  5.285 0.0000000000
526  13.860  7.925  5.897 0.0000000000
525  14.146  7.624  5.808 0.0000000000
531  13.894  7.719  5.269 0.0000000000
764  13.378  8.223  5.312 0.0000000000
536  13.802  7.854  5.025 0.0000000000
535  14.030  7.918  5.214 0.0000000000
318  13.986  7.595  5.080 0.0000000000
319  13.669  7.311  5.063 0.0000000000
539  13.678  7.604  4.462 0.0000000000
769  13.765  7.973  4.972 0.0000000000
324  13.231  6.997  4.377 0.0000000000
540  13.236  7.271  4.003 0.0000000000
779  13.762  7.845  4.199 0.0000000000
543  13.400  7.717  3.853 0.0000000000
325  12.982  7.001  4.084 0.0000000000
544  13.167  7.306  3.630 0.0000000000
791  13.659  8.047  3.880 0.0000000000
546  13.283  7.639  3.353 0.0000000000
803  13.439  7.952  3.374 0.0000000000
328  12.868  7.103  3.400 0.0000000000
547  13.088  7.436  3.042 0.0000000000
759  13.357  8.129  5.845 0.0000000000
765  13.287  8.336  5.351 0.0000000000
760  13.237  8.332  6.006 0.0000000000
1131  13.057  8.672  5.788 0.0000000000
1148  12.971  8.744  5.284 0.0000000000
770  13.190  8.189  5.079 0.0000000000
1160  13.265  8.566  4.900 0.0000000000
1159  13.462  8.251  5.120 0.0000000000
1172  13.639  8.551  4.353 0.0000000000
1185  13.610  8.439  3.595 0.0000000000
1115  13.102  8.617  6.321 0.0000000000
1116  12.705  8.739  6.277 0.0000000000
1132  12.521  8.747  5.732 0.0000000000
1117  12.211  8.766  6.234 0.0000000000
1133  12.107  8.997  5.700 0.0000000000
1149  12.593  9.026  5.193 0.0000000000
1161  12.860  9.119  4.806 0.0000000000
1173  13.305  8.932  4.426 0.0000000000
1583  13.433  8.965  4.153 0.0000000000
1596  13.454  9.154  3.906 0.0000000000
1100  12.425  8.738  6.846 0.0000000000
1099  12.905  8.651  6.923 0.0000000000
749  13.060  8.543  7.041 0.0000000000
756  12.804  8.038  6.578 0.0000000000
755  13.482  8.212  6.279 0.0000000000
521  13.712  8.052  6.104 0.0000000000
748  13.650  8.239  6.832 0.0000000000
517  13.803  7.955  6.469 0.0000000000
312  13.940  7.307  5.513 0.0000000000
520  14.035  8.059  6.358 0.0000000000
524  14.292  7.258  6.012 0.0000000000
306  14.057  7.092  5.813 0.0000000000
519  14.476  7.541  6.351 0.0000000000
299  14.387  7.010  6.216 0.0000000000
305  14.204  7.020  6.002 0.0000000000
516  14.093  8.018  6.907 0.0000000000
515  14.541  7.571  7.000 0.0000000000
295  14.698  7.003  6.732 0.0000000000
176  13.059  6.714  3.587 0.0000000000
177  12.818  6.936  3.295 0.0000000000
329  12.791  7.052  3.139 0.0000000000
332  12.887  7.194  3.001 0.0000000000
320  13.215  7.055  4.959 0.0000000000
171  12.921  6.560  4.336 0.0000000000
314  13.613  6.766  5.286 0.0000000000
163  13.483  6.596  5.163 0.0000000000
167  13.046  6.602  4.929 0.0000000000
313  13.893  6.771  5.669 0.0000000000
162  13.932  6.636  5.376 0.0000000000
307  14.022  7.025  5.770 0.0000000000
158  13.971  6.821  5.627 0.0000000000
157  14.155  6.709  5.706 0.0000000000
300  14.145  7.079  5.868 0.0000000000
153  14.369  6.778  6.014 0.0000000000
152  14.758  6.531  6.259 0.0000000000
172  12.892  6.365  4.441 0.0000000000
85  13.109  6.283  4.396 0.0000000000
90  13.135  6.314  4.083 0.0000000000
168  12.900  6.414  4.595 0.0000000000
80  12.832  6.381  4.771 0.0000000000
86  12.933  6.299  4.519 0.0000000000
73  13.253  6.141  4.808 0.0000000000
79  13.468  6.236  4.772 0.0000000000
72  13.777  6.306  5.108 0.0000000000
161  14.104  6.545  5.413 0.0000000000
71  14.252  6.321  5.291 0.0000000000
156  14.499  6.502  5.865 0.0000000000
66  14.432  6.367  5.647 0.0000000000
65  14.902  6.010  5.703 0.0000000000
84  13.611  6.051  4.206 0.0000000000
78  14.069  6.056  4.724 0.0000000000
70  14.721  6.140  5.099 0.0000000000
77  14.180  6.155  4.852 0.0000000000
