#!ascii label  , from subject  vox2ras=TkReg
1721
9174  29.663  17.373  16.318 0.0000000000
9192  29.411  17.100  16.020 0.0000000000
9175  29.320  17.122  16.564 0.0000000000
9191  29.727  17.547  16.183 0.0000000000
10200  29.524  17.664  16.703 0.0000000000
10199  29.906  17.679  16.274 0.0000000000
10217  29.834  17.789  16.121 0.0000000000
8321  29.107  16.908  16.684 0.0000000000
9176  29.068  17.017  16.972 0.0000000000
8339  29.147  16.717  16.307 0.0000000000
9156  29.212  17.324  16.944 0.0000000000
8322  28.881  16.759  16.850 0.0000000000
9157  28.960  17.172  17.252 0.0000000000
9211  29.687  17.144  15.728 0.0000000000
9210  29.809  17.401  15.570 0.0000000000
10236  29.859  17.887  15.565 0.0000000000
8357  29.478  16.795  15.678 0.0000000000
8356  29.802  17.089  15.434 0.0000000000
9226  29.840  17.466  15.221 0.0000000000
8371  29.928  16.902  14.836 0.0000000000
9241  29.834  17.431  14.820 0.0000000000
10252  29.886  17.908  14.972 0.0000000000
8387  29.775  17.001  14.514 0.0000000000
9242  29.632  17.424  14.412 0.0000000000
10270  29.669  17.975  14.749 0.0000000000
8388  29.616  17.062  14.179 0.0000000000
9256  29.403  17.363  14.060 0.0000000000
10271  29.392  17.923  14.372 0.0000000000
8406  29.956  17.013  14.015 0.0000000000
8423  29.506  17.094  13.936 0.0000000000
9272  29.120  17.235  13.595 0.0000000000
10288  29.190  17.924  14.206 0.0000000000
9257  29.001  17.663  13.911 0.0000000000
9273  28.653  17.430  13.701 0.0000000000
10289  28.837  17.946  14.138 0.0000000000
9258  28.511  17.738  14.006 0.0000000000
9274  28.225  17.420  13.778 0.0000000000
10290  28.320  17.915  14.228 0.0000000000
9259  27.959  17.645  14.191 0.0000000000
9243  27.747  17.709  14.448 0.0000000000
9244  27.392  17.558  14.638 0.0000000000
9260  27.563  17.314  14.042 0.0000000000
10274  27.856  17.928  14.576 0.0000000000
10291  28.083  17.896  14.342 0.0000000000
9275  27.834  17.256  13.705 0.0000000000
8407  27.245  17.135  14.180 0.0000000000
8425  27.497  17.056  13.722 0.0000000000
9276  27.603  17.217  13.826 0.0000000000
8435  29.267  16.817  13.344 0.0000000000
9288  29.013  16.879  13.134 0.0000000000
9289  28.745  17.153  13.355 0.0000000000
9290  28.338  17.242  13.441 0.0000000000
9291  28.065  17.263  13.490 0.0000000000
8424  27.791  17.017  13.387 0.0000000000
8438  28.048  17.070  13.293 0.0000000000
8436  28.892  16.889  13.169 0.0000000000
8437  28.450  16.970  13.205 0.0000000000
10182  29.188  17.672  17.264 0.0000000000
11185  29.288  18.186  17.162 0.0000000000
11205  29.408  18.148  16.964 0.0000000000
10218  29.698  17.873  16.535 0.0000000000
11223  29.795  18.236  16.053 0.0000000000
11224  29.655  17.854  16.659 0.0000000000
11242  29.809  18.425  15.533 0.0000000000
11256  29.773  18.421  15.178 0.0000000000
10253  29.869  17.940  14.749 0.0000000000
11257  29.716  18.465  14.945 0.0000000000
11270  29.448  18.321  14.721 0.0000000000
10272  29.202  18.062  14.119 0.0000000000
11271  29.015  18.430  14.540 0.0000000000
11281  28.750  18.199  14.324 0.0000000000
10275  27.539  17.872  14.774 0.0000000000
10254  27.600  18.120  14.866 0.0000000000
11260  27.891  18.507  14.887 0.0000000000
11273  28.038  18.254  14.643 0.0000000000
10273  27.801  18.125  14.576 0.0000000000
10255  27.294  17.960  15.115 0.0000000000
11282  28.464  18.112  14.314 0.0000000000
11170  29.121  17.813  17.698 0.0000000000
12204  29.153  18.564  17.507 0.0000000000
12221  29.202  18.866  17.108 0.0000000000
12239  29.437  19.072  16.804 0.0000000000
11204  29.747  18.419  16.426 0.0000000000
12238  29.666  18.801  16.603 0.0000000000
12256  29.751  18.739  16.098 0.0000000000
12271  29.756  18.788  15.724 0.0000000000
12282  29.717  18.797  15.282 0.0000000000
12283  29.533  18.884  15.036 0.0000000000
12293  29.308  18.713  14.846 0.0000000000
11261  27.518  18.441  15.106 0.0000000000
11243  27.555  18.848  15.141 0.0000000000
12286  28.141  19.129  14.973 0.0000000000
11272  28.408  18.423  14.603 0.0000000000
11259  28.246  18.908  14.935 0.0000000000
11244  27.310  18.535  15.370 0.0000000000
11258  28.753  18.814  14.776 0.0000000000
12294  28.898  18.978  14.702 0.0000000000
11171  28.844  18.155  17.810 0.0000000000
12205  28.734  18.875  17.608 0.0000000000
12222  29.009  18.927  17.291 0.0000000000
13299  28.871  19.348  17.236 0.0000000000
13298  29.110  19.214  17.045 0.0000000000
13310  29.283  19.288  16.726 0.0000000000
13309  29.682  19.057  16.314 0.0000000000
13323  29.734  18.969  16.008 0.0000000000
12257  29.739  19.007  15.955 0.0000000000
12272  29.626  19.146  15.782 0.0000000000
13324  29.470  19.324  16.053 0.0000000000
13334  29.640  19.141  15.387 0.0000000000
13335  29.383  19.457  15.551 0.0000000000
13345  29.585  19.058  15.103 0.0000000000
13346  29.228  19.353  15.114 0.0000000000
12284  29.024  19.062  14.907 0.0000000000
12285  28.469  19.187  14.970 0.0000000000
13347  28.652  19.481  15.100 0.0000000000
13348  27.988  19.778  14.876 0.0000000000
12273  27.735  19.092  15.228 0.0000000000
13337  27.828  19.533  15.297 0.0000000000
13349  28.286  19.609  15.029 0.0000000000
13311  29.055  19.342  17.015 0.0000000000
14441  29.004  19.577  17.004 0.0000000000
14440  29.205  19.991  16.919 0.0000000000
14450  29.281  19.911  16.298 0.0000000000
14460  29.216  19.911  15.718 0.0000000000
14472  29.078  19.744  15.336 0.0000000000
12274  27.439  19.052  15.542 0.0000000000
13338  27.498  19.496  15.609 0.0000000000
13336  28.141  19.841  15.090 0.0000000000
14463  28.016  19.997  15.346 0.0000000000
14464  27.496  19.945  15.598 0.0000000000
13325  27.054  19.483  15.975 0.0000000000
14473  28.804  19.720  15.220 0.0000000000
14474  28.386  19.828  15.092 0.0000000000
15767  29.231  20.438  16.484 0.0000000000
15775  29.053  20.414  15.901 0.0000000000
15785  28.996  20.151  15.616 0.0000000000
14461  28.914  19.973  15.417 0.0000000000
15786  28.741  20.263  15.510 0.0000000000
14462  28.457  19.961  15.267 0.0000000000
15787  28.290  20.339  15.465 0.0000000000
15788  27.761  20.461  15.578 0.0000000000
14451  27.055  20.012  15.969 0.0000000000
15789  27.253  20.399  15.791 0.0000000000
17220  29.108  20.784  16.241 0.0000000000
15776  28.588  20.659  15.692 0.0000000000
17221  28.820  20.905  16.044 0.0000000000
15777  28.088  20.710  15.669 0.0000000000
17222  28.336  21.037  15.969 0.0000000000
15778  27.807  20.783  15.665 0.0000000000
17223  27.799  20.940  15.876 0.0000000000
17229  27.604  20.786  15.746 0.0000000000
17230  27.420  20.652  15.769 0.0000000000
15779  27.018  20.336  16.042 0.0000000000
17224  27.211  20.809  16.038 0.0000000000
18570  27.939  21.156  15.882 0.0000000000
18571  27.465  21.173  16.132 0.0000000000
17225  27.042  20.713  16.025 0.0000000000
17213  26.972  21.021  16.161 0.0000000000
17214  26.728  20.858  16.261 0.0000000000
18572  27.041  20.993  16.078 0.0000000000
15780  26.876  20.476  16.142 0.0000000000
18565  27.673  21.538  16.395 0.0000000000
18566  27.048  21.366  16.391 0.0000000000
17215  26.335  20.602  16.742 0.0000000000
15769  26.642  20.313  16.437 0.0000000000
17202  26.349  21.058  16.727 0.0000000000
18567  26.698  21.157  16.533 0.0000000000
17203  26.093  20.819  17.009 0.0000000000
18558  26.217  21.290  17.027 0.0000000000
18557  26.648  21.443  16.744 0.0000000000
15768  26.918  20.120  16.096 0.0000000000
14442  26.775  20.044  15.841 0.0000000000
14443  26.768  19.961  16.225 0.0000000000
14444  26.505  19.863  16.659 0.0000000000
15770  26.200  20.100  16.918 0.0000000000
13312  26.909  19.769  16.089 0.0000000000
14435  26.157  19.778  17.006 0.0000000000
13314  26.378  19.288  16.774 0.0000000000
13313  26.690  19.552  16.388 0.0000000000
14423  25.910  19.533  17.205 0.0000000000
13300  26.092  19.227  17.094 0.0000000000
15753  25.971  19.928  17.121 0.0000000000
15762  26.050  20.301  17.071 0.0000000000
13286  25.687  19.290  17.447 0.0000000000
13285  25.924  19.198  17.225 0.0000000000
14424  25.602  19.789  17.483 0.0000000000
12259  27.001  19.027  15.987 0.0000000000
12258  26.977  19.026  15.937 0.0000000000
13326  26.875  19.347  16.147 0.0000000000
12223  26.096  18.769  17.085 0.0000000000
12241  26.394  18.772  16.729 0.0000000000
12240  26.710  19.006  16.400 0.0000000000
12207  25.852  18.989  17.288 0.0000000000
12208  25.562  18.822  17.622 0.0000000000
13287  25.218  19.495  17.818 0.0000000000
11225  27.040  18.615  15.771 0.0000000000
11226  26.865  18.707  16.018 0.0000000000
11207  26.177  18.312  16.934 0.0000000000
11206  26.588  18.417  16.433 0.0000000000
11187  25.783  18.433  17.342 0.0000000000
11186  26.055  18.322  17.091 0.0000000000
12224  25.816  18.758  17.319 0.0000000000
11174  25.170  18.311  17.714 0.0000000000
11173  25.510  18.371  17.624 0.0000000000
12209  25.087  18.883  17.877 0.0000000000
10237  27.023  18.180  15.612 0.0000000000
10220  26.719  18.155  16.006 0.0000000000
10219  26.917  18.317  15.779 0.0000000000
10184  26.101  18.025  16.994 0.0000000000
10202  26.385  17.998  16.544 0.0000000000
10201  26.627  18.207  16.157 0.0000000000
10170  25.430  17.932  17.535 0.0000000000
10185  25.993  18.043  17.122 0.0000000000
10171  25.065  17.796  17.670 0.0000000000
10172  24.811  17.898  17.727 0.0000000000
11175  24.775  18.392  17.830 0.0000000000
10169  28.873  17.656  17.792 0.0000000000
10156  28.894  17.620  17.820 0.0000000000
11153  28.919  17.800  18.014 0.0000000000
10168  29.040  17.800  17.644 0.0000000000
11154  28.426  18.195  18.197 0.0000000000
11172  28.491  18.573  17.827 0.0000000000
9228  26.941  17.520  15.125 0.0000000000
9227  27.182  17.687  14.995 0.0000000000
10256  26.954  17.824  15.431 0.0000000000
10238  26.793  17.880  15.738 0.0000000000
10221  26.549  17.885  15.989 0.0000000000
9193  26.601  17.663  15.968 0.0000000000
9158  26.071  17.700  16.874 0.0000000000
9177  26.244  17.646  16.507 0.0000000000
9159  25.653  17.530  17.232 0.0000000000
10183  28.931  17.492  17.535 0.0000000000
9140  24.885  17.390  17.633 0.0000000000
9141  24.382  17.547  17.780 0.0000000000
10173  24.481  17.975  17.775 0.0000000000
9139  25.142  17.406  17.516 0.0000000000
9138  25.333  17.553  17.437 0.0000000000
9136  28.767  17.152  17.861 0.0000000000
9126  28.885  17.154  17.986 0.0000000000
9127  28.565  17.165  18.399 0.0000000000
10157  28.354  17.667  18.468 0.0000000000
9245  26.938  17.292  14.882 0.0000000000
8389  27.091  17.162  14.563 0.0000000000
9212  26.718  17.547  15.585 0.0000000000
8358  26.598  17.140  15.398 0.0000000000
8373  26.707  17.022  15.008 0.0000000000
9213  26.413  17.248  15.844 0.0000000000
9194  26.200  17.181  16.261 0.0000000000
8323  25.912  17.129  16.769 0.0000000000
8304  25.794  17.288  16.947 0.0000000000
8305  25.202  16.944  17.208 0.0000000000
9160  25.292  17.341  17.363 0.0000000000
8303  25.860  17.322  17.155 0.0000000000
8301  28.703  16.741  17.445 0.0000000000
8290  24.290  16.996  17.632 0.0000000000
8289  24.743  17.053  17.520 0.0000000000
9142  23.953  17.314  17.854 0.0000000000
9128  24.144  17.732  17.966 0.0000000000
9129  24.034  17.664  18.028 0.0000000000
10159  24.175  17.936  18.008 0.0000000000
8288  24.938  17.075  17.474 0.0000000000
8286  28.721  16.926  17.894 0.0000000000
8287  28.544  16.705  18.005 0.0000000000
9137  28.630  16.936  18.190 0.0000000000
10160  23.736  17.929  18.209 0.0000000000
9130  23.607  17.538  18.096 0.0000000000
8278  28.465  16.714  18.396 0.0000000000
8270  28.390  16.789  18.823 0.0000000000
9121  28.575  17.118  18.950 0.0000000000
10149  28.329  17.432  18.833 0.0000000000
8256  28.334  16.859  19.204 0.0000000000
9112  28.308  17.177  19.319 0.0000000000
10145  28.451  17.686  18.930 0.0000000000
7662  28.072  16.726  13.043 0.0000000000
7661  28.689  16.694  12.987 0.0000000000
7660  29.037  16.536  12.956 0.0000000000
7659  29.481  16.326  13.301 0.0000000000
7643  29.510  16.609  13.579 0.0000000000
7631  27.156  16.858  13.892 0.0000000000
7645  27.365  16.706  13.468 0.0000000000
7644  27.686  16.845  13.333 0.0000000000
7642  29.816  16.360  13.824 0.0000000000
8422  29.839  16.910  14.102 0.0000000000
7630  29.831  16.471  14.247 0.0000000000
8405  29.772  16.820  14.283 0.0000000000
8408  27.007  16.913  14.284 0.0000000000
7616  29.818  16.476  14.741 0.0000000000
8390  26.821  16.973  14.690 0.0000000000
8374  26.423  16.818  15.213 0.0000000000
8391  26.460  16.703  14.848 0.0000000000
7603  29.787  16.656  15.067 0.0000000000
8372  29.730  16.787  15.287 0.0000000000
8359  26.277  16.850  15.650 0.0000000000
7588  29.077  16.328  15.868 0.0000000000
7604  29.522  16.361  15.209 0.0000000000
7572  29.092  16.434  16.134 0.0000000000
7573  28.858  16.449  16.378 0.0000000000
8340  28.957  16.672  16.528 0.0000000000
8324  25.642  16.800  16.681 0.0000000000
8341  26.052  16.887  16.224 0.0000000000
7554  28.650  16.330  16.791 0.0000000000
7541  28.633  16.394  17.120 0.0000000000
8306  24.577  16.738  17.328 0.0000000000
7543  24.802  16.495  17.093 0.0000000000
7557  25.214  16.408  16.695 0.0000000000
8325  25.326  16.748  16.945 0.0000000000
7542  28.407  16.255  17.429 0.0000000000
8302  28.531  16.577  17.699 0.0000000000
8307  24.102  16.678  17.350 0.0000000000
8291  23.961  17.018  17.720 0.0000000000
7535  28.374  16.347  17.823 0.0000000000
7527  28.329  16.294  18.201 0.0000000000
7515  28.318  16.310  18.698 0.0000000000
7501  28.299  16.358  19.262 0.0000000000
8241  28.253  16.735  19.790 0.0000000000
7663  27.637  16.513  13.070 0.0000000000
7677  28.502  16.334  12.602 0.0000000000
7678  27.988  16.295  12.576 0.0000000000
7676  28.960  16.305  12.753 0.0000000000
7675  29.252  16.218  12.951 0.0000000000
7004  29.446  15.924  13.139 0.0000000000
7003  29.631  15.875  13.202 0.0000000000
7658  29.709  16.128  13.499 0.0000000000
6992  29.756  15.891  13.691 0.0000000000
7646  27.095  16.578  13.623 0.0000000000
7664  27.193  16.332  13.116 0.0000000000
6991  30.119  15.986  13.996 0.0000000000
7641  30.057  16.168  13.968 0.0000000000
7629  30.069  16.190  14.168 0.0000000000
7632  26.953  16.848  14.096 0.0000000000
7615  30.027  16.230  14.511 0.0000000000
6977  30.118  15.947  14.481 0.0000000000
6961  29.945  16.113  14.705 0.0000000000
6962  29.789  16.021  14.727 0.0000000000
7617  29.625  16.158  14.878 0.0000000000
6946  28.996  16.006  15.296 0.0000000000
6963  29.338  15.839  14.763 0.0000000000
6930  28.788  16.112  15.688 0.0000000000
7589  28.663  16.157  16.061 0.0000000000
7574  28.429  16.066  16.492 0.0000000000
7558  24.627  16.223  16.846 0.0000000000
6895  24.807  15.995  16.541 0.0000000000
6913  25.083  15.929  16.181 0.0000000000
7577  25.314  16.201  16.279 0.0000000000
7576  25.679  16.501  16.245 0.0000000000
7556  25.517  16.557  16.547 0.0000000000
7555  28.314  15.964  16.886 0.0000000000
7544  24.358  16.410  17.129 0.0000000000
6886  28.259  15.771  17.225 0.0000000000
6879  28.261  15.883  17.799 0.0000000000
6871  28.243  15.784  18.418 0.0000000000
6853  28.248  15.911  18.947 0.0000000000
6835  28.216  15.896  19.267 0.0000000000
6812  28.201  16.005  19.618 0.0000000000
7483  28.231  16.322  19.705 0.0000000000
7484  28.103  16.239  20.042 0.0000000000
6446  29.193  15.411  13.350 0.0000000000
6993  29.367  15.601  13.601 0.0000000000
6463  29.200  15.513  12.932 0.0000000000
7017  29.158  15.883  12.747 0.0000000000
6432  29.105  15.324  13.775 0.0000000000
6979  29.227  15.459  14.080 0.0000000000
6978  29.782  15.770  14.316 0.0000000000
6415  28.922  15.268  13.987 0.0000000000
6416  29.040  15.051  13.810 0.0000000000
6980  28.878  15.249  14.139 0.0000000000
6964  28.807  15.463  14.493 0.0000000000
6399  28.757  15.120  14.379 0.0000000000
6965  28.580  15.191  14.688 0.0000000000
6947  28.827  15.680  14.769 0.0000000000
6948  28.330  15.523  15.086 0.0000000000
6383  28.240  15.010  14.869 0.0000000000
6382  28.490  15.408  15.181 0.0000000000
6381  28.828  15.616  15.294 0.0000000000
6362  28.828  15.989  15.592 0.0000000000
6931  28.547  16.050  16.114 0.0000000000
6914  24.592  15.669  16.177 0.0000000000
6935  25.293  15.817  15.625 0.0000000000
6912  25.340  16.060  16.011 0.0000000000
6936  24.908  15.674  15.822 0.0000000000
6934  25.654  16.176  15.696 0.0000000000
6896  24.403  15.921  16.628 0.0000000000
6330  28.218  15.347  17.516 0.0000000000
6336  28.205  15.221  17.005 0.0000000000
6894  28.252  15.688  16.767 0.0000000000
6322  28.135  15.332  18.008 0.0000000000
6307  28.136  15.322  18.405 0.0000000000
6285  28.189  15.450  18.783 0.0000000000
6267  28.138  15.540  19.182 0.0000000000
6836  28.061  15.675  19.473 0.0000000000
6813  27.957  15.733  19.817 0.0000000000
6447  28.859  15.109  13.099 0.0000000000
6464  29.159  15.213  12.713 0.0000000000
5931  28.627  14.767  13.098 0.0000000000
5916  28.646  14.829  13.452 0.0000000000
6433  28.893  15.164  13.677 0.0000000000
5947  28.661  14.632  12.747 0.0000000000
5903  28.672  14.942  13.931 0.0000000000
5890  28.640  14.882  14.301 0.0000000000
6400  28.498  14.957  14.675 0.0000000000
5881  28.224  14.801  15.015 0.0000000000
5880  28.417  15.044  15.275 0.0000000000
6363  28.618  15.346  15.626 0.0000000000
5868  28.545  14.970  15.454 0.0000000000
5869  28.271  14.829  15.585 0.0000000000
6364  28.103  15.304  16.014 0.0000000000
6932  28.244  15.740  16.206 0.0000000000
5853  28.159  14.938  17.335 0.0000000000
5854  27.896  14.765  16.909 0.0000000000
6337  27.933  15.062  16.621 0.0000000000
6345  28.107  15.338  16.507 0.0000000000
5842  28.103  15.016  17.690 0.0000000000
5828  27.904  15.050  17.889 0.0000000000
6323  27.939  15.103  18.179 0.0000000000
6308  27.979  15.124  18.621 0.0000000000
6286  27.992  15.202  19.041 0.0000000000
6268  27.777  15.210  19.516 0.0000000000
5483  28.611  14.397  12.590 0.0000000000
5484  28.394  14.198  12.658 0.0000000000
5948  28.386  14.319  12.949 0.0000000000
5498  28.657  14.403  12.366 0.0000000000
5959  28.761  14.839  12.200 0.0000000000
5932  28.360  14.486  13.191 0.0000000000
5467  28.281  14.049  13.096 0.0000000000
5456  28.240  14.042  13.565 0.0000000000
5917  28.310  14.526  13.733 0.0000000000
5444  28.078  14.012  14.183 0.0000000000
5904  28.306  14.601  14.187 0.0000000000
5430  28.128  14.393  14.725 0.0000000000
5891  28.355  14.722  14.566 0.0000000000
5422  28.157  14.481  15.319 0.0000000000
5413  28.122  14.564  15.570 0.0000000000
5414  27.869  14.468  15.769 0.0000000000
5870  27.861  14.989  15.940 0.0000000000
5395  27.672  14.423  17.017 0.0000000000
5843  27.853  14.692  17.497 0.0000000000
5403  27.612  14.289  16.488 0.0000000000
5861  27.767  14.798  16.326 0.0000000000
5381  27.604  14.269  17.335 0.0000000000
5364  27.638  14.325  17.720 0.0000000000
5829  27.798  14.776  17.945 0.0000000000
5337  27.632  14.412  18.096 0.0000000000
5807  27.858  14.946  18.286 0.0000000000
5808  27.497  14.513  18.589 0.0000000000
5783  27.702  14.849  19.022 0.0000000000
5764  27.387  14.814  19.521 0.0000000000
5763  27.834  15.110  19.483 0.0000000000
5784  27.142  14.429  18.982 0.0000000000
5748  27.009  14.810  19.752 0.0000000000
5747  27.293  15.061  19.943 0.0000000000
5765  26.866  14.483  19.264 0.0000000000
6247  27.310  15.054  19.908 0.0000000000
6269  27.526  15.008  19.688 0.0000000000
6248  26.701  14.966  20.044 0.0000000000
5749  26.509  14.772  19.738 0.0000000000
5499  28.399  14.107  12.122 0.0000000000
5513  28.743  14.344  12.034 0.0000000000
5036  28.249  13.656  12.483 0.0000000000
5027  28.174  13.799  12.915 0.0000000000
5023  28.079  13.754  13.337 0.0000000000
5016  27.986  13.726  13.789 0.0000000000
5017  27.639  13.499  14.250 0.0000000000
5445  27.737  13.866  14.478 0.0000000000
5431  27.825  14.090  14.670 0.0000000000
5007  27.640  13.791  14.896 0.0000000000
5423  27.879  14.203  15.157 0.0000000000
5001  27.772  14.068  15.511 0.0000000000
4992  27.663  14.045  16.103 0.0000000000
4978  27.560  14.072  16.333 0.0000000000
4979  27.374  13.921  16.443 0.0000000000
5404  27.436  14.088  16.622 0.0000000000
5396  27.402  14.056  16.940 0.0000000000
4958  27.202  13.712  16.853 0.0000000000
4929  27.144  13.732  17.281 0.0000000000
5382  27.370  14.006  17.486 0.0000000000
4904  27.214  13.871  17.659 0.0000000000
5365  27.301  14.032  17.962 0.0000000000
4905  26.968  13.787  17.883 0.0000000000
5366  27.067  13.966  18.202 0.0000000000
5338  27.141  14.157  18.515 0.0000000000
5318  26.880  14.253  18.861 0.0000000000
5317  26.977  14.183  18.848 0.0000000000
5339  26.771  13.995  18.381 0.0000000000
5306  26.608  14.273  19.025 0.0000000000
5305  26.907  14.246  18.992 0.0000000000
5319  26.423  14.173  18.753 0.0000000000
5785  27.002  14.265  19.005 0.0000000000
5766  26.331  14.546  19.365 0.0000000000
5307  26.175  14.191  18.920 0.0000000000
4588  28.173  13.392  12.444 0.0000000000
4589  27.986  13.255  12.613 0.0000000000
5037  28.098  13.548  12.776 0.0000000000
4594  28.169  13.386  12.224 0.0000000000
5046  28.266  13.695  12.064 0.0000000000
5028  27.896  13.536  13.045 0.0000000000
5024  27.786  13.479  13.574 0.0000000000
4565  27.487  13.265  14.150 0.0000000000
4566  27.333  13.089  14.345 0.0000000000
5018  27.408  13.331  14.446 0.0000000000
4572  27.528  13.212  13.861 0.0000000000
5008  27.379  13.354  14.782 0.0000000000
4552  27.304  13.000  14.927 0.0000000000
4541  27.304  13.153  15.257 0.0000000000
5002  27.414  13.539  15.375 0.0000000000
4526  27.187  13.153  15.792 0.0000000000
4993  27.507  13.691  15.948 0.0000000000
4505  27.241  13.457  16.231 0.0000000000
4980  27.158  13.477  16.570 0.0000000000
4959  26.948  13.428  16.892 0.0000000000
4930  26.748  13.463  17.263 0.0000000000
4884  26.558  13.809  18.166 0.0000000000
4883  26.806  13.857  18.157 0.0000000000
4906  26.418  13.633  17.797 0.0000000000
5340  25.981  13.958  18.276 0.0000000000
4885  26.056  13.814  18.167 0.0000000000
4595  27.916  13.137  12.066 0.0000000000
4601  28.186  13.410  11.706 0.0000000000
4195  27.854  13.016  12.949 0.0000000000
4580  27.694  13.054  13.234 0.0000000000
4203  27.788  12.815  12.410 0.0000000000
4182  27.713  12.705  13.023 0.0000000000
4183  27.482  12.626  13.326 0.0000000000
4581  27.540  12.854  13.367 0.0000000000
4573  27.349  12.839  13.689 0.0000000000
4169  27.204  12.373  13.738 0.0000000000
4157  27.260  12.516  14.215 0.0000000000
4146  27.260  12.653  14.784 0.0000000000
4135  27.179  12.811  15.365 0.0000000000
4117  27.109  12.903  15.681 0.0000000000
4118  26.875  12.820  15.832 0.0000000000
4527  26.906  12.930  16.025 0.0000000000
4506  26.869  13.141  16.348 0.0000000000
4094  26.808  12.980  16.148 0.0000000000
4095  26.544  12.912  16.266 0.0000000000
4507  26.490  13.079  16.474 0.0000000000
4482  26.425  13.181  16.777 0.0000000000
4481  26.740  13.287  16.850 0.0000000000
4077  26.214  12.980  16.617 0.0000000000
4483  25.779  13.252  16.914 0.0000000000
4461  26.310  13.307  17.260 0.0000000000
4460  26.587  13.273  17.019 0.0000000000
4462  25.941  13.325  17.557 0.0000000000
4447  26.153  13.484  17.702 0.0000000000
4931  26.409  13.469  17.504 0.0000000000
4448  25.979  13.522  17.747 0.0000000000
4907  25.893  13.627  17.832 0.0000000000
3803  27.621  12.345  12.213 0.0000000000
3787  27.681  12.437  12.795 0.0000000000
4206  27.788  12.813  11.865 0.0000000000
3773  27.206  12.169  13.275 0.0000000000
3772  27.606  12.420  13.107 0.0000000000
3758  26.968  12.168  13.758 0.0000000000
3744  27.095  12.181  13.811 0.0000000000
3731  27.056  12.274  14.549 0.0000000000
3715  27.064  12.378  15.085 0.0000000000
4136  26.995  12.592  15.403 0.0000000000
3694  26.580  12.528  15.745 0.0000000000
4119  26.383  12.693  15.996 0.0000000000
3716  26.681  12.324  15.356 0.0000000000
4096  26.033  12.780  16.358 0.0000000000
4078  25.910  12.971  16.665 0.0000000000
3788  27.353  12.117  12.644 0.0000000000
3804  27.244  11.946  12.159 0.0000000000
3818  27.301  12.038  11.904 0.0000000000
3817  27.678  12.406  11.565 0.0000000000
3378  27.126  11.846  12.943 0.0000000000
3392  27.135  11.839  12.376 0.0000000000
3362  27.023  11.883  13.190 0.0000000000
3774  26.961  12.012  13.352 0.0000000000
3759  26.827  12.020  13.786 0.0000000000
3348  26.540  11.710  13.540 0.0000000000
3332  26.517  11.751  14.128 0.0000000000
3745  26.809  12.077  14.275 0.0000000000
3315  26.642  11.879  14.506 0.0000000000
3732  26.716  12.122  14.776 0.0000000000
3316  26.313  11.829  14.741 0.0000000000
3733  26.336  12.069  15.172 0.0000000000
3695  26.279  12.383  15.682 0.0000000000
3717  26.204  12.081  15.230 0.0000000000
3696  25.856  12.268  15.632 0.0000000000
4120  25.947  12.643  15.939 0.0000000000
3379  26.890  11.707  12.910 0.0000000000
3393  26.700  11.531  12.234 0.0000000000
3408  27.027  11.782  11.700 0.0000000000
3363  26.776  11.737  13.156 0.0000000000
3364  26.311  11.368  13.176 0.0000000000
3380  26.399  11.410  12.632 0.0000000000
2949  26.217  10.992  12.874 0.0000000000
2950  25.923  10.933  13.233 0.0000000000
3365  25.915  11.113  13.498 0.0000000000
3349  26.176  11.464  13.718 0.0000000000
3333  26.098  11.621  14.230 0.0000000000
3350  25.968  11.404  13.941 0.0000000000
3317  25.980  11.696  14.665 0.0000000000
3334  25.754  11.609  14.232 0.0000000000
3301  26.035  11.767  14.968 0.0000000000
3734  25.860  11.770  14.931 0.0000000000
3318  25.702  11.734  14.591 0.0000000000
3300  26.093  11.856  15.070 0.0000000000
3718  25.767  12.024  15.138 0.0000000000
2549  26.221  10.681  12.980 0.0000000000
2550  25.727  10.753  12.954 0.0000000000
2951  25.371  11.041  13.283 0.0000000000
2938  25.746  11.178  13.512 0.0000000000
2563  26.029  10.794  12.505 0.0000000000
2963  26.299  11.118  12.476 0.0000000000
2939  25.570  11.236  13.670 0.0000000000
2564  25.583  10.707  12.574 0.0000000000
2579  25.716  10.678  12.099 0.0000000000
2578  26.054  10.796  11.932 0.0000000000
2978  26.245  10.993  12.013 0.0000000000
2551  25.385  10.792  12.927 0.0000000000
2565  25.185  10.789  12.687 0.0000000000
2964  24.786  11.075  12.964 0.0000000000
3351  25.379  11.428  13.766 0.0000000000
3366  25.164  11.282  13.355 0.0000000000
2965  24.859  11.214  12.918 0.0000000000
2952  24.969  11.172  13.078 0.0000000000
3367  24.989  11.485  13.378 0.0000000000
3394  26.671  11.126  12.300 0.0000000000
2566  25.016  10.945  12.785 0.0000000000
2993  26.307  11.071  11.639 0.0000000000
2977  26.636  11.198  12.176 0.0000000000
2992  26.544  11.205  12.228 0.0000000000
3409  26.760  11.535  11.726 0.0000000000
3005  26.615  11.351  11.505 0.0000000000
3006  26.396  11.321  11.064 0.0000000000
3421  26.752  11.766  11.138 0.0000000000
3335  25.347  11.758  14.276 0.0000000000
3735  25.400  11.981  14.708 0.0000000000
3746  25.211  11.953  14.403 0.0000000000
3352  24.957  11.774  13.988 0.0000000000
3336  25.105  11.911  14.249 0.0000000000
3747  25.018  12.148  14.393 0.0000000000
3760  24.833  12.000  14.049 0.0000000000
3368  24.501  11.811  13.535 0.0000000000
3353  24.738  11.959  13.914 0.0000000000
3761  24.561  12.127  13.817 0.0000000000
3381  24.710  11.586  13.181 0.0000000000
3775  24.180  12.276  13.493 0.0000000000
3382  24.376  11.763  12.987 0.0000000000
3789  24.025  12.093  12.973 0.0000000000
3420  27.022  11.919  11.288 0.0000000000
3827  27.251  12.149  11.243 0.0000000000
3828  26.963  12.040  11.127 0.0000000000
3422  26.557  11.687  10.764 0.0000000000
3431  26.552  11.611  10.745 0.0000000000
3430  26.776  11.906  10.499 0.0000000000
3837  27.018  12.178  10.775 0.0000000000
3697  25.396  12.317  15.407 0.0000000000
4121  25.380  12.675  15.756 0.0000000000
3719  25.215  12.262  15.020 0.0000000000
4137  24.956  12.699  15.225 0.0000000000
3736  25.027  12.274  14.848 0.0000000000
3720  24.990  12.367  15.034 0.0000000000
4138  24.866  12.493  15.064 0.0000000000
4148  24.664  12.704  14.789 0.0000000000
4158  24.670  12.396  14.209 0.0000000000
4170  24.799  12.233  14.162 0.0000000000
4171  24.314  12.473  13.813 0.0000000000
4184  24.106  12.491  13.551 0.0000000000
3776  23.844  12.353  13.241 0.0000000000
4185  23.970  12.563  13.521 0.0000000000
3790  23.850  12.128  12.888 0.0000000000
3777  23.450  12.376  13.175 0.0000000000
4186  23.579  12.670  13.503 0.0000000000
3826  27.778  12.524  11.010 0.0000000000
4211  28.016  12.882  11.221 0.0000000000
3836  27.585  12.492  10.763 0.0000000000
3835  27.863  12.654  10.945 0.0000000000
4215  27.992  12.736  10.630 0.0000000000
4216  27.676  12.695  10.444 0.0000000000
3841  27.341  12.545  10.326 0.0000000000
3842  26.969  12.185  10.095 0.0000000000
4225  27.677  12.893  10.055 0.0000000000
3849  27.284  12.522  9.795 0.0000000000
4508  25.625  13.051  16.455 0.0000000000
4097  25.609  12.812  16.138 0.0000000000
4509  25.070  13.015  15.764 0.0000000000
4528  24.829  13.135  15.641 0.0000000000
4542  24.739  13.073  15.292 0.0000000000
4147  24.746  12.898  15.054 0.0000000000
4553  24.980  12.967  14.905 0.0000000000
4554  24.598  13.067  15.096 0.0000000000
4159  24.235  12.697  14.280 0.0000000000
4149  24.021  12.937  14.745 0.0000000000
4555  24.288  13.126  15.018 0.0000000000
4160  23.811  12.758  14.287 0.0000000000
4150  23.674  12.863  14.664 0.0000000000
4556  23.891  13.133  14.979 0.0000000000
4161  23.392  12.773  14.250 0.0000000000
4151  23.254  12.810  14.698 0.0000000000
4557  23.489  13.096  15.042 0.0000000000
4152  22.883  12.678  14.786 0.0000000000
4139  23.177  12.856  15.195 0.0000000000
4162  22.840  12.665  14.244 0.0000000000
3737  22.507  12.288  14.489 0.0000000000
3721  22.723  12.437  15.010 0.0000000000
4140  22.940  12.723  15.081 0.0000000000
4172  23.908  12.697  13.883 0.0000000000
4173  23.565  12.749  13.931 0.0000000000
4174  23.136  12.716  13.744 0.0000000000
3748  22.495  12.415  14.186 0.0000000000
4163  22.499  12.531  13.983 0.0000000000
4175  22.761  12.617  13.841 0.0000000000
3749  22.212  12.206  14.100 0.0000000000
3763  22.537  12.367  13.659 0.0000000000
3762  22.836  12.589  13.618 0.0000000000
3778  22.958  12.451  13.272 0.0000000000
4187  23.259  12.600  13.385 0.0000000000
4602  27.891  13.082  11.633 0.0000000000
4611  28.056  13.152  11.401 0.0000000000
4210  28.223  13.026  11.048 0.0000000000
4214  28.232  13.045  10.820 0.0000000000
4610  28.247  13.347  11.133 0.0000000000
4622  28.189  13.602  10.662 0.0000000000
4223  28.186  13.031  10.414 0.0000000000
4635  28.144  13.269  10.515 0.0000000000
4224  28.013  12.996  10.174 0.0000000000
4636  27.994  13.482  10.208 0.0000000000
4637  28.012  13.297  10.085 0.0000000000
4236  27.371  12.892  9.548 0.0000000000
4650  27.585  13.292  9.650 0.0000000000
4932  25.519  13.551  17.291 0.0000000000
4960  25.464  13.472  17.210 0.0000000000
4484  25.221  13.273  16.650 0.0000000000
4961  25.249  13.425  16.983 0.0000000000
4485  24.741  13.293  16.577 0.0000000000
4962  24.861  13.488  16.986 0.0000000000
4510  24.536  13.244  16.135 0.0000000000
4486  24.273  13.297  16.578 0.0000000000
4963  24.441  13.493  16.988 0.0000000000
4511  24.025  13.260  16.166 0.0000000000
4487  23.813  13.266  16.596 0.0000000000
4964  24.024  13.410  17.003 0.0000000000
4512  23.605  13.194  16.177 0.0000000000
4488  23.308  13.117  16.656 0.0000000000
4965  23.612  13.285  17.032 0.0000000000
4079  23.038  12.853  16.455 0.0000000000
4489  23.204  13.023  16.838 0.0000000000
4098  23.166  12.911  16.203 0.0000000000
4513  23.331  13.044  16.175 0.0000000000
4463  22.973  13.134  17.224 0.0000000000
4937  23.128  13.369  17.353 0.0000000000
4080  22.617  12.653  16.584 0.0000000000
4065  22.432  12.956  17.036 0.0000000000
4464  22.732  13.208  17.160 0.0000000000
4529  24.023  13.276  16.088 0.0000000000
4530  23.855  13.219  15.820 0.0000000000
4531  23.591  13.173  15.807 0.0000000000
4532  23.456  13.070  15.775 0.0000000000
4122  23.199  12.898  15.783 0.0000000000
4543  24.446  13.171  15.388 0.0000000000
4544  24.023  13.223  15.433 0.0000000000
4545  23.713  13.176  15.435 0.0000000000
4546  23.411  13.076  15.551 0.0000000000
5061  28.308  13.884  11.792 0.0000000000
5075  28.322  13.866  11.373 0.0000000000
5089  28.431  13.926  10.910 0.0000000000
4623  28.119  13.866  10.374 0.0000000000
5090  28.429  14.003  10.479 0.0000000000
5102  28.026  13.972  10.103 0.0000000000
5103  27.601  13.880  9.978 0.0000000000
4661  27.327  13.114  9.325 0.0000000000
5116  27.543  13.807  9.752 0.0000000000
4651  27.315  13.385  9.445 0.0000000000
5341  25.719  14.111  18.430 0.0000000000
4886  25.520  13.853  18.151 0.0000000000
4908  25.272  13.729  17.760 0.0000000000
5342  25.220  14.140  18.409 0.0000000000
4887  24.981  13.872  18.147 0.0000000000
4909  24.772  13.748  17.806 0.0000000000
5343  24.704  14.123  18.418 0.0000000000
4888  24.478  13.865  18.177 0.0000000000
4910  24.297  13.733  17.847 0.0000000000
5344  24.114  14.187  18.437 0.0000000000
4889  24.038  13.862  18.188 0.0000000000
4911  23.747  13.756  17.955 0.0000000000
5345  23.604  14.101  18.261 0.0000000000
4933  25.003  13.643  17.336 0.0000000000
4934  24.572  13.668  17.391 0.0000000000
4935  24.136  13.608  17.443 0.0000000000
5367  23.568  13.915  18.136 0.0000000000
4936  23.671  13.497  17.459 0.0000000000
4912  23.255  13.745  17.812 0.0000000000
5368  23.337  13.955  18.081 0.0000000000
4913  22.771  13.888  17.748 0.0000000000
5369  22.867  14.117  17.997 0.0000000000
4938  22.557  13.597  17.438 0.0000000000
4914  22.378  13.947  17.631 0.0000000000
5370  22.353  14.251  17.758 0.0000000000
4939  22.137  13.810  17.316 0.0000000000
5383  22.172  14.041  17.553 0.0000000000
4465  22.227  13.343  17.116 0.0000000000
4466  21.969  13.596  17.123 0.0000000000
4940  21.683  13.810  17.067 0.0000000000
5384  21.974  14.094  17.366 0.0000000000
4491  21.829  13.407  16.874 0.0000000000
4966  21.695  13.695  16.954 0.0000000000
4967  21.415  13.699  16.769 0.0000000000
4941  21.102  13.897  17.039 0.0000000000
5385  21.348  14.010  17.102 0.0000000000
4968  20.888  13.731  16.667 0.0000000000
4942  20.736  13.790  16.885 0.0000000000
5386  20.920  14.092  17.163 0.0000000000
4492  21.330  13.286  16.498 0.0000000000
4981  21.076  13.493  16.491 0.0000000000
4514  21.027  13.067  16.069 0.0000000000
4982  20.894  13.423  16.318 0.0000000000
4515  20.556  13.300  16.316 0.0000000000
5514  28.546  14.049  11.759 0.0000000000
5524  28.659  13.941  11.156 0.0000000000
5535  28.407  14.304  10.565 0.0000000000
5536  28.257  13.810  10.158 0.0000000000
5547  28.029  14.287  10.166 0.0000000000
5548  27.698  14.207  10.132 0.0000000000
5117  27.000  13.663  9.441 0.0000000000
5104  26.819  13.986  9.796 0.0000000000
5549  27.122  14.241  10.100 0.0000000000
5118  26.368  13.818  9.514 0.0000000000
5105  26.179  14.053  9.885 0.0000000000
5550  26.678  14.138  9.855 0.0000000000
5119  25.778  13.885  9.667 0.0000000000
5106  25.604  14.112  10.184 0.0000000000
5551  26.109  14.319  10.069 0.0000000000
5091  25.544  14.210  10.487 0.0000000000
5092  25.226  14.094  10.630 0.0000000000
5107  25.225  13.943  10.227 0.0000000000
5540  25.764  14.479  10.603 0.0000000000
5120  25.231  13.862  9.917 0.0000000000
5108  25.181  13.947  10.384 0.0000000000
5121  25.067  13.854  10.102 0.0000000000
5109  24.428  13.801  10.555 0.0000000000
4638  24.634  13.783  10.275 0.0000000000
4653  24.835  13.775  9.982 0.0000000000
5093  24.760  13.949  11.014 0.0000000000
4639  24.375  13.720  10.215 0.0000000000
5110  24.029  13.754  10.528 0.0000000000
5094  24.092  13.784  10.941 0.0000000000
5320  25.878  14.262  18.836 0.0000000000
5767  25.783  14.623  19.325 0.0000000000
5786  25.497  14.527  19.029 0.0000000000
5321  25.400  14.332  18.753 0.0000000000
5787  25.040  14.632  19.069 0.0000000000
5322  24.964  14.351  18.725 0.0000000000
5788  24.556  14.661  18.875 0.0000000000
5323  24.466  14.343  18.672 0.0000000000
5789  24.029  14.636  18.695 0.0000000000
5809  23.994  14.415  18.568 0.0000000000
5810  23.786  14.470  18.523 0.0000000000
5346  23.065  14.243  18.201 0.0000000000
5811  23.265  14.578  18.427 0.0000000000
5347  22.932  14.283  18.137 0.0000000000
5812  22.750  14.706  18.304 0.0000000000
5830  22.767  14.369  18.142 0.0000000000
5831  22.487  14.505  18.066 0.0000000000
5371  22.086  14.432  17.682 0.0000000000
5832  22.009  14.760  17.935 0.0000000000
5844  21.836  14.573  17.635 0.0000000000
5845  21.452  14.525  17.423 0.0000000000
5846  21.053  14.416  17.219 0.0000000000
5967  28.736  14.862  11.667 0.0000000000
5523  28.711  14.518  11.367 0.0000000000
5978  28.527  14.855  11.198 0.0000000000
5534  28.668  14.519  10.965 0.0000000000
5992  28.613  14.684  11.085 0.0000000000
5993  28.358  14.731  10.786 0.0000000000
5546  28.148  14.470  10.279 0.0000000000
6004  28.265  14.602  10.432 0.0000000000
5541  25.511  14.298  10.822 0.0000000000
5539  25.833  14.748  11.007 0.0000000000
5525  25.970  14.663  10.946 0.0000000000
5526  25.825  14.462  11.003 0.0000000000
5998  26.225  14.840  10.582 0.0000000000
6009  26.207  14.628  10.339 0.0000000000
5527  24.990  14.149  11.116 0.0000000000
6005  28.026  14.708  10.327 0.0000000000
6006  27.853  14.617  10.280 0.0000000000
5537  27.402  14.541  10.280 0.0000000000
5538  27.131  14.470  10.333 0.0000000000
6007  26.969  14.474  10.378 0.0000000000
6008  26.721  14.540  10.332 0.0000000000
6249  26.132  15.056  20.127 0.0000000000
5750  26.061  14.795  19.727 0.0000000000
6250  25.614  15.009  19.805 0.0000000000
6270  25.395  14.866  19.468 0.0000000000
5768  25.342  14.714  19.243 0.0000000000
6271  25.018  14.947  19.353 0.0000000000
6287  24.885  14.835  19.199 0.0000000000
6288  24.653  14.969  19.156 0.0000000000
6289  24.154  15.053  18.925 0.0000000000
5790  23.484  14.860  18.696 0.0000000000
6290  23.661  15.146  18.806 0.0000000000
5791  22.945  14.992  18.638 0.0000000000
6291  23.146  15.254  18.750 0.0000000000
5792  22.728  15.021  18.541 0.0000000000
6292  22.640  15.287  18.617 0.0000000000
6309  22.638  15.047  18.454 0.0000000000
5813  22.255  14.876  18.138 0.0000000000
6310  22.397  15.118  18.337 0.0000000000
5814  21.994  14.934  18.091 0.0000000000
6311  21.905  15.171  18.195 0.0000000000
6324  21.869  14.971  18.055 0.0000000000
5833  21.527  14.909  17.741 0.0000000000
6325  21.635  15.056  17.973 0.0000000000
5834  21.051  14.941  17.796 0.0000000000
5815  21.142  15.049  18.074 0.0000000000
6346  27.891  15.135  16.244 0.0000000000
6365  27.915  15.159  16.059 0.0000000000
6477  28.721  15.351  12.034 0.0000000000
6491  28.569  15.152  11.434 0.0000000000
6505  28.381  14.984  11.193 0.0000000000
5979  28.182  14.991  11.033 0.0000000000
6506  28.309  15.118  11.289 0.0000000000
5994  27.941  15.079  10.794 0.0000000000
5980  27.766  14.982  11.086 0.0000000000
6507  28.068  15.164  11.274 0.0000000000
5968  28.052  15.079  11.124 0.0000000000
5969  27.531  15.115  11.222 0.0000000000
5981  27.181  14.973  11.108 0.0000000000
6493  27.750  15.275  11.418 0.0000000000
5995  27.551  14.791  10.652 0.0000000000
6494  27.177  15.231  11.432 0.0000000000
6508  26.810  15.211  11.058 0.0000000000
5996  26.982  14.676  10.644 0.0000000000
5982  26.549  14.848  11.310 0.0000000000
6509  26.899  15.086  11.310 0.0000000000
5970  26.303  14.931  11.697 0.0000000000
5971  26.066  14.863  11.859 0.0000000000
5983  25.985  14.676  11.207 0.0000000000
6495  26.590  15.104  11.705 0.0000000000
5997  26.354  14.741  10.752 0.0000000000
5984  25.449  14.566  11.243 0.0000000000
5972  25.349  14.663  11.709 0.0000000000
5985  25.116  14.756  11.526 0.0000000000
5986  24.877  14.352  11.299 0.0000000000
5973  25.066  14.505  11.807 0.0000000000
5974  24.721  14.385  11.465 0.0000000000
5528  24.597  14.126  11.224 0.0000000000
6232  27.394  15.212  20.464 0.0000000000
6246  27.745  15.419  20.033 0.0000000000
6233  26.891  15.135  20.375 0.0000000000
6234  26.389  15.111  20.320 0.0000000000
6235  25.894  15.125  20.214 0.0000000000
6797  25.424  15.221  20.009 0.0000000000
6814  25.401  15.173  19.886 0.0000000000
6251  25.255  15.066  19.601 0.0000000000
6815  25.182  15.313  19.825 0.0000000000
6837  25.073  15.175  19.565 0.0000000000
6272  24.964  14.937  19.332 0.0000000000
6838  24.830  15.346  19.508 0.0000000000
6854  24.588  15.289  19.296 0.0000000000
6855  24.249  15.361  19.149 0.0000000000
6856  23.829  15.500  18.951 0.0000000000
6857  23.351  15.574  18.818 0.0000000000
6858  22.862  15.659  18.755 0.0000000000
6293  22.101  15.432  18.583 0.0000000000
6859  22.363  15.762  18.718 0.0000000000
6294  21.575  15.494  18.588 0.0000000000
6860  21.781  15.922  18.847 0.0000000000
6312  21.384  15.315  18.169 0.0000000000
6295  21.116  15.531  18.564 0.0000000000
6861  21.247  15.854  18.901 0.0000000000
6313  21.020  15.326  18.109 0.0000000000
6911  28.250  15.671  16.319 0.0000000000
7018  28.840  15.925  12.440 0.0000000000
7031  28.809  15.603  12.275 0.0000000000
6492  28.283  15.423  11.655 0.0000000000
6478  28.497  15.641  12.000 0.0000000000
7032  28.517  15.823  12.162 0.0000000000
7047  28.017  15.863  11.858 0.0000000000
7048  27.961  15.723  11.929 0.0000000000
7049  27.451  15.511  11.755 0.0000000000
6479  26.815  15.278  11.965 0.0000000000
6496  26.308  15.088  11.953 0.0000000000
6480  26.794  15.385  11.847 0.0000000000
6481  26.152  15.031  12.244 0.0000000000
6236  25.494  15.266  20.418 0.0000000000
6798  25.170  15.647  20.307 0.0000000000
6784  25.463  15.557  20.789 0.0000000000
7457  25.191  15.965  20.748 0.0000000000
7470  25.053  16.058  20.492 0.0000000000
6816  24.716  15.905  19.850 0.0000000000
6799  24.939  15.946  20.250 0.0000000000
7471  24.830  16.335  20.323 0.0000000000
6796  27.945  15.912  20.227 0.0000000000
7485  24.605  16.561  19.924 0.0000000000
6839  24.325  15.704  19.369 0.0000000000
6817  24.209  16.123  19.534 0.0000000000
7486  24.272  16.291  19.647 0.0000000000
7502  24.040  16.128  19.362 0.0000000000
6840  23.822  15.810  19.107 0.0000000000
7503  23.873  16.029  19.200 0.0000000000
7516  23.812  15.752  19.068 0.0000000000
7517  23.549  15.865  18.952 0.0000000000
7518  23.081  16.002  18.850 0.0000000000
7519  22.606  16.076  18.848 0.0000000000
7520  22.188  16.108  18.878 0.0000000000
6842  21.300  15.992  19.224 0.0000000000
6841  21.640  16.023  19.109 0.0000000000
7507  21.896  16.261  19.122 0.0000000000
6915  24.155  15.677  16.349 0.0000000000
6897  23.974  15.965  16.689 0.0000000000
7559  24.167  16.183  16.880 0.0000000000
6916  23.717  15.665  16.372 0.0000000000
6898  23.488  15.909  16.674 0.0000000000
7560  23.713  16.166  16.880 0.0000000000
6917  23.251  15.654  16.361 0.0000000000
6899  23.015  15.935  16.674 0.0000000000
7561  23.255  16.173  16.881 0.0000000000
6918  22.805  15.661  16.351 0.0000000000
6900  22.546  15.927  16.651 0.0000000000
7562  22.771  16.242  16.942 0.0000000000
6919  22.297  15.699  16.327 0.0000000000
6901  22.056  15.972  16.567 0.0000000000
7563  22.223  16.257  16.849 0.0000000000
6920  21.759  15.843  16.258 0.0000000000
6902  21.875  16.010  16.407 0.0000000000
7564  21.872  16.300  16.768 0.0000000000
7578  21.695  16.092  16.406 0.0000000000
7590  28.387  15.914  16.136 0.0000000000
6348  24.284  15.437  16.060 0.0000000000
6347  24.479  15.461  15.999 0.0000000000
6367  24.546  15.385  15.736 0.0000000000
6349  23.921  15.368  16.089 0.0000000000
6350  23.455  15.349  16.080 0.0000000000
6351  22.989  15.337  16.068 0.0000000000
6352  22.506  15.381  16.083 0.0000000000
6353  21.990  15.457  16.049 0.0000000000
6354  21.528  15.635  15.979 0.0000000000
6921  21.349  15.929  16.062 0.0000000000
7579  21.201  16.102  16.117 0.0000000000
6937  21.235  15.916  15.868 0.0000000000
7593  21.146  16.140  15.919 0.0000000000
7592  25.816  16.481  15.942 0.0000000000
6949  25.833  16.224  15.319 0.0000000000
6933  25.892  16.385  15.629 0.0000000000
6950  25.671  15.985  15.161 0.0000000000
6366  24.991  15.503  15.419 0.0000000000
6951  25.331  15.683  15.081 0.0000000000
6374  21.219  15.483  15.600 0.0000000000
6938  20.998  15.891  15.724 0.0000000000
6375  20.837  15.617  15.410 0.0000000000
6939  20.814  15.848  15.524 0.0000000000
7594  20.950  16.173  15.834 0.0000000000
6952  20.964  15.914  15.622 0.0000000000
6376  20.660  15.766  15.320 0.0000000000
6953  20.481  15.960  15.258 0.0000000000
7605  26.124  16.441  15.248 0.0000000000
7606  25.880  16.202  15.082 0.0000000000
6967  25.793  15.855  14.611 0.0000000000
7620  25.912  16.169  14.913 0.0000000000
6384  25.025  15.349  14.981 0.0000000000
6968  25.339  15.542  14.730 0.0000000000
7607  20.783  16.023  15.432 0.0000000000
6392  20.457  15.612  15.110 0.0000000000
6954  20.255  15.974  14.844 0.0000000000
7608  20.107  16.096  14.966 0.0000000000
6969  20.148  16.071  14.954 0.0000000000
6393  19.992  16.025  14.845 0.0000000000
6970  20.040  15.982  14.777 0.0000000000
6401  25.553  15.543  14.374 0.0000000000
6982  25.857  15.764  14.227 0.0000000000
6981  26.098  15.906  14.078 0.0000000000
6966  26.135  16.028  14.350 0.0000000000
7619  26.223  16.284  14.643 0.0000000000
6402  25.095  15.310  14.534 0.0000000000
7621  19.991  16.160  14.879 0.0000000000
6409  20.141  15.571  14.705 0.0000000000
6983  19.807  15.781  14.292 0.0000000000
7622  19.654  16.216  14.698 0.0000000000
6418  25.838  15.693  13.995 0.0000000000
6417  26.051  15.826  13.938 0.0000000000
6435  26.141  15.833  13.653 0.0000000000
6995  26.382  16.178  13.732 0.0000000000
7633  26.462  16.320  14.128 0.0000000000
6423  20.161  14.957  13.991 0.0000000000
6424  19.969  15.220  14.107 0.0000000000
6984  19.674  15.627  13.935 0.0000000000
7634  19.602  16.145  14.164 0.0000000000
6996  19.631  15.926  13.895 0.0000000000
7648  19.650  16.031  13.996 0.0000000000
6440  19.671  15.255  13.554 0.0000000000
6997  19.356  15.680  13.580 0.0000000000
6994  26.294  15.896  13.292 0.0000000000
7647  27.121  16.574  13.882 0.0000000000
7007  26.666  16.240  13.427 0.0000000000
7649  19.351  16.127  13.812 0.0000000000
6454  19.374  15.206  13.025 0.0000000000
7008  19.019  15.766  13.131 0.0000000000
7666  19.197  15.968  13.447 0.0000000000
7006  26.773  16.033  12.961 0.0000000000
7665  27.224  16.411  13.271 0.0000000000
6455  19.051  15.497  12.868 0.0000000000
7009  18.934  15.804  13.071 0.0000000000
7667  19.068  16.115  13.408 0.0000000000
6470  18.871  15.588  12.689 0.0000000000
7023  18.770  15.890  12.873 0.0000000000
7681  18.894  15.943  13.072 0.0000000000
7019  28.550  16.067  12.328 0.0000000000
7692  28.263  16.086  12.291 0.0000000000
7035  18.681  15.771  12.526 0.0000000000
7024  18.636  15.959  12.641 0.0000000000
7682  18.593  16.245  12.894 0.0000000000
7036  18.470  15.934  12.318 0.0000000000
7033  27.980  15.895  12.134 0.0000000000
7020  27.685  16.030  12.394 0.0000000000
7034  27.452  15.788  12.170 0.0000000000
7693  28.164  16.072  12.256 0.0000000000
7021  27.221  16.010  12.653 0.0000000000
6465  27.059  15.828  12.528 0.0000000000
6483  18.696  15.485  12.097 0.0000000000
6484  18.296  15.980  12.152 0.0000000000
7050  18.323  16.093  11.903 0.0000000000
7694  18.321  16.375  12.327 0.0000000000
8244  24.296  16.817  19.813 0.0000000000
7487  23.965  15.976  19.302 0.0000000000
8245  24.018  16.591  19.651 0.0000000000
8257  23.850  16.409  19.437 0.0000000000
7504  23.305  16.269  19.084 0.0000000000
8258  23.526  16.582  19.239 0.0000000000
7505  22.822  16.358  19.109 0.0000000000
8259  23.046  16.768  19.238 0.0000000000
7506  22.359  16.351  19.127 0.0000000000
8260  22.578  16.713  19.346 0.0000000000
8261  22.110  16.661  19.416 0.0000000000
7508  21.485  16.322  19.337 0.0000000000
8262  21.729  16.594  19.484 0.0000000000
7545  24.137  16.222  17.030 0.0000000000
7546  23.460  16.343  17.109 0.0000000000
8308  23.653  16.631  17.328 0.0000000000
7547  22.926  16.279  17.031 0.0000000000
8309  23.216  16.596  17.292 0.0000000000
7548  22.660  16.453  17.165 0.0000000000
8310  22.819  16.623  17.288 0.0000000000
7549  22.255  16.453  17.085 0.0000000000
8311  22.406  16.674  17.280 0.0000000000
7550  22.199  16.766  16.897 0.0000000000
8312  21.938  16.682  17.159 0.0000000000
8326  21.619  16.688  16.939 0.0000000000
7565  21.469  16.432  16.665 0.0000000000
8327  20.896  16.858  17.011 0.0000000000
7566  20.800  16.416  16.524 0.0000000000
7580  21.091  16.255  16.220 0.0000000000
8328  20.789  16.863  16.712 0.0000000000
8342  25.792  16.731  16.377 0.0000000000
7591  25.972  16.633  15.916 0.0000000000
7575  25.940  16.733  16.157 0.0000000000
8343  20.521  16.694  16.298 0.0000000000
7581  20.505  16.477  16.094 0.0000000000
7595  20.262  16.547  15.842 0.0000000000
8344  20.113  16.846  16.056 0.0000000000
8360  20.018  16.916  15.974 0.0000000000
7596  19.878  16.584  15.625 0.0000000000
7609  19.418  16.342  14.933 0.0000000000
8361  19.802  16.881  15.810 0.0000000000
7597  19.562  16.719  15.440 0.0000000000
7610  19.120  16.768  14.959 0.0000000000
8362  19.181  17.166  15.556 0.0000000000
7623  19.221  16.677  14.862 0.0000000000
8375  19.047  17.063  15.055 0.0000000000
8392  18.999  16.913  14.863 0.0000000000
7618  26.676  16.642  14.427 0.0000000000
7635  19.170  16.480  14.334 0.0000000000
8409  19.016  16.797  14.636 0.0000000000
7650  18.888  16.421  13.921 0.0000000000
7636  18.894  16.622  14.171 0.0000000000
8410  18.830  16.875  14.390 0.0000000000
8426  18.758  16.735  14.073 0.0000000000
7668  18.768  16.393  13.525 0.0000000000
7651  18.769  16.520  13.823 0.0000000000
8427  18.618  16.811  13.849 0.0000000000
7679  27.455  16.222  12.766 0.0000000000
7022  26.985  16.173  12.869 0.0000000000
7680  27.111  16.262  12.733 0.0000000000
8439  18.424  16.813  13.354 0.0000000000
8445  18.311  16.806  12.799 0.0000000000
9104  24.011  17.094  19.696 0.0000000000
9113  23.718  16.849  19.460 0.0000000000
9114  23.143  17.062  19.340 0.0000000000
8246  22.785  17.044  19.516 0.0000000000
9115  22.990  17.051  19.362 0.0000000000
8247  22.303  16.982  19.680 0.0000000000
8248  21.807  16.942  19.756 0.0000000000
8249  21.338  16.692  19.806 0.0000000000
8292  23.367  16.850  17.564 0.0000000000
9143  23.489  17.196  17.831 0.0000000000
8293  22.805  16.922  17.562 0.0000000000
9144  22.975  17.097  17.747 0.0000000000
8294  22.632  16.869  17.516 0.0000000000
9145  22.453  17.215  17.771 0.0000000000
8295  22.195  16.957  17.499 0.0000000000
9146  21.986  17.347  17.752 0.0000000000
8296  21.815  17.012  17.401 0.0000000000
8313  21.434  16.914  17.166 0.0000000000
9147  21.407  17.272  17.462 0.0000000000
9161  21.039  17.051  17.063 0.0000000000
8314  21.036  17.002  17.025 0.0000000000
9162  20.850  17.401  17.103 0.0000000000
9178  20.571  17.265  16.739 0.0000000000
8329  20.318  16.957  16.392 0.0000000000
9179  20.111  17.260  16.392 0.0000000000
8330  19.897  17.108  16.165 0.0000000000
8345  20.044  16.781  15.987 0.0000000000
9180  19.827  17.331  16.218 0.0000000000
9195  19.771  17.140  16.001 0.0000000000
9214  19.926  17.028  16.134 0.0000000000
9215  19.472  17.227  15.761 0.0000000000
9229  19.163  17.211  15.365 0.0000000000
8393  18.997  16.863  14.926 0.0000000000
8376  18.926  17.166  15.034 0.0000000000
9230  18.906  17.452  15.232 0.0000000000
9246  18.832  17.313  14.985 0.0000000000
9261  18.765  17.144  14.627 0.0000000000
8411  18.605  17.024  14.160 0.0000000000
9262  18.463  17.292  14.126 0.0000000000
9277  18.315  17.419  13.674 0.0000000000
9292  18.280  17.351  13.176 0.0000000000
8456  18.260  16.881  12.269 0.0000000000
9300  18.289  17.273  12.717 0.0000000000
9105  23.545  17.265  19.577 0.0000000000
9106  22.766  17.276  19.537 0.0000000000
10161  23.267  17.788  18.217 0.0000000000
9131  23.138  17.456  18.064 0.0000000000
10162  22.809  17.766  18.209 0.0000000000
9132  22.665  17.480  18.039 0.0000000000
10163  22.250  17.852  18.198 0.0000000000
9133  22.238  17.556  17.990 0.0000000000
10164  21.760  17.785  18.043 0.0000000000
10174  21.783  17.613  17.829 0.0000000000
10175  21.357  17.741  17.837 0.0000000000
9148  20.883  17.636  17.436 0.0000000000
10176  20.967  18.114  17.804 0.0000000000
9163  20.722  17.671  17.171 0.0000000000
9149  20.655  17.730  17.216 0.0000000000
10177  20.661  17.804  17.394 0.0000000000
10187  20.554  17.745  17.078 0.0000000000
10186  20.826  17.716  16.844 0.0000000000
10203  20.765  17.601  17.000 0.0000000000
10204  20.308  17.699  16.777 0.0000000000
10205  19.935  17.699  16.587 0.0000000000
9196  19.519  17.480  16.043 0.0000000000
9181  19.602  17.630  16.214 0.0000000000
10206  19.674  17.837  16.460 0.0000000000
10222  19.371  17.935  16.166 0.0000000000
10239  19.216  17.782  15.818 0.0000000000
9216  19.096  17.508  15.540 0.0000000000
10240  18.834  17.929  15.466 0.0000000000
10257  18.774  17.816  15.234 0.0000000000
9231  18.753  17.647  15.096 0.0000000000
9247  18.639  17.537  14.753 0.0000000000
10258  18.560  17.902  14.959 0.0000000000
10276  18.250  18.090  14.354 0.0000000000
10292  18.314  17.813  13.997 0.0000000000
10303  18.295  17.922  13.864 0.0000000000
10315  18.274  17.865  13.493 0.0000000000
10322  18.270  17.943  13.087 0.0000000000
9311  18.254  17.308  12.253 0.0000000000
10334  18.275  17.738  12.564 0.0000000000
10150  28.045  17.753  19.053 0.0000000000
10158  28.120  17.772  18.842 0.0000000000
11155  28.036  17.927  18.589 0.0000000000
11158  23.946  17.926  18.181 0.0000000000
11157  24.306  18.471  18.157 0.0000000000
11176  24.362  18.129  17.833 0.0000000000
10151  23.343  18.053  18.290 0.0000000000
11142  23.700  18.423  18.373 0.0000000000
10152  23.037  17.926  18.247 0.0000000000
10153  22.479  18.014  18.302 0.0000000000
10154  22.153  18.018  18.212 0.0000000000
11159  22.025  18.116  18.298 0.0000000000
11160  21.795  18.098  18.269 0.0000000000
10165  21.201  18.013  18.085 0.0000000000
11161  21.219  18.015  18.100 0.0000000000
10166  20.962  18.016  17.935 0.0000000000
11162  20.906  18.189  18.075 0.0000000000
11177  20.752  18.048  17.798 0.0000000000
11178  20.348  18.146  17.532 0.0000000000
11188  20.115  18.177  17.029 0.0000000000
11208  20.193  17.915  16.790 0.0000000000
11209  19.850  18.150  16.781 0.0000000000
11210  19.429  18.333  16.649 0.0000000000
11227  18.990  18.380  16.019 0.0000000000
11245  19.185  18.088  15.940 0.0000000000
11246  18.982  18.217  15.820 0.0000000000
10241  18.661  18.190  15.332 0.0000000000
11247  18.673  18.506  15.600 0.0000000000
11262  18.516  18.363  15.198 0.0000000000
11274  18.346  18.378  14.750 0.0000000000
11283  18.284  18.273  14.165 0.0000000000
11288  18.302  18.260  13.888 0.0000000000
11295  18.301  18.307  13.366 0.0000000000
11304  18.388  18.264  12.901 0.0000000000
11143  23.157  18.302  18.273 0.0000000000
11141  24.094  18.853  18.393 0.0000000000
12185  23.674  18.994  18.618 0.0000000000
12186  23.245  18.696  18.619 0.0000000000
11144  22.711  18.323  18.517 0.0000000000
12187  22.910  18.798  18.512 0.0000000000
11145  22.185  18.308  18.534 0.0000000000
12188  22.357  18.726  18.771 0.0000000000
11146  21.880  18.382  18.569 0.0000000000
12189  22.061  18.851  18.939 0.0000000000
11147  21.397  18.439  18.485 0.0000000000
12190  21.549  18.772  18.780 0.0000000000
11148  20.935  18.508  18.321 0.0000000000
12191  20.818  18.884  18.391 0.0000000000
11149  20.729  18.535  18.222 0.0000000000
12192  20.522  18.857  18.415 0.0000000000
11163  20.526  18.441  18.047 0.0000000000
12198  24.277  18.814  18.203 0.0000000000
11156  24.616  18.691  18.082 0.0000000000
12197  24.351  18.963  18.051 0.0000000000
12199  20.280  18.740  18.136 0.0000000000
11164  20.205  18.579  17.870 0.0000000000
11179  19.951  18.490  17.541 0.0000000000
12200  20.006  18.840  18.038 0.0000000000
12210  24.834  18.877  18.010 0.0000000000
12211  19.623  18.841  17.549 0.0000000000
11189  19.706  18.451  17.139 0.0000000000
12225  19.540  18.691  17.226 0.0000000000
11190  19.455  18.625  17.029 0.0000000000
12226  19.314  18.944  17.136 0.0000000000
12242  19.087  19.028  16.857 0.0000000000
12260  18.989  18.777  16.373 0.0000000000
11228  18.836  18.615  16.025 0.0000000000
12261  18.919  18.720  16.254 0.0000000000
11229  18.685  18.919  16.013 0.0000000000
12262  18.694  18.926  16.122 0.0000000000
12275  18.485  18.984  15.748 0.0000000000
12287  18.364  18.816  15.197 0.0000000000
12295  18.294  18.842  14.544 0.0000000000
12302  18.275  18.769  14.116 0.0000000000
12308  18.441  18.837  13.708 0.0000000000
12320  18.528  18.693  13.148 0.0000000000
12184  24.195  18.986  18.204 0.0000000000
12171  22.966  18.886  18.825 0.0000000000
12172  23.230  19.066  18.743 0.0000000000
13255  23.507  19.455  18.811 0.0000000000
13270  23.856  19.182  18.723 0.0000000000
13269  24.068  19.441  18.528 0.0000000000
12173  22.962  19.007  18.777 0.0000000000
12174  22.512  19.146  19.010 0.0000000000
12175  22.167  19.026  19.117 0.0000000000
12176  21.756  18.794  18.925 0.0000000000
12177  21.260  19.070  18.940 0.0000000000
12178  20.931  19.080  18.848 0.0000000000
13262  20.526  19.403  19.018 0.0000000000
13271  20.226  19.190  18.626 0.0000000000
12193  20.111  19.045  18.345 0.0000000000
13272  20.171  19.267  18.761 0.0000000000
13279  19.866  19.138  18.233 0.0000000000
12183  24.052  18.791  18.096 0.0000000000
13268  24.354  19.040  18.245 0.0000000000
13277  24.647  19.572  18.140 0.0000000000
12196  24.886  19.274  18.037 0.0000000000
13288  19.790  18.983  17.815 0.0000000000
12212  19.276  19.143  17.361 0.0000000000
13289  19.423  19.279  17.797 0.0000000000
12227  19.181  19.041  17.123 0.0000000000
12213  19.088  19.278  17.207 0.0000000000
13290  19.053  19.511  17.575 0.0000000000
13302  19.012  19.305  17.096 0.0000000000
13301  19.181  19.103  16.991 0.0000000000
13315  19.224  19.013  16.952 0.0000000000
12243  18.968  18.930  16.570 0.0000000000
13316  19.074  19.104  16.834 0.0000000000
12244  18.824  18.935  16.368 0.0000000000
13317  18.700  19.331  16.586 0.0000000000
13256  23.098  19.409  18.874 0.0000000000
13254  23.806  19.911  18.747 0.0000000000
14393  23.546  20.058  19.031 0.0000000000
14394  23.155  20.025  18.995 0.0000000000
13257  22.764  19.327  19.033 0.0000000000
14395  23.030  19.789  19.124 0.0000000000
13258  22.288  19.317  19.147 0.0000000000
14396  22.538  19.715  19.228 0.0000000000
13259  22.197  19.157  19.118 0.0000000000
13248  22.124  19.670  19.271 0.0000000000
13260  21.473  19.333  19.194 0.0000000000
13249  21.725  19.636  19.313 0.0000000000
13261  20.990  19.463  19.176 0.0000000000
13250  21.258  19.672  19.342 0.0000000000
13251  20.783  19.823  19.354 0.0000000000
14397  20.983  19.964  19.189 0.0000000000
14398  20.636  19.739  19.261 0.0000000000
13263  20.166  19.380  19.175 0.0000000000
14399  20.004  19.853  19.115 0.0000000000
13264  20.063  19.725  19.070 0.0000000000
13273  19.853  19.541  18.598 0.0000000000
14400  19.761  19.976  19.000 0.0000000000
14405  23.967  20.111  18.640 0.0000000000
13278  24.278  19.864  18.369 0.0000000000
14407  19.271  19.967  18.230 0.0000000000
13280  19.565  19.575  17.915 0.0000000000
13276  25.114  19.802  17.940 0.0000000000
14413  25.015  20.040  17.865 0.0000000000
14414  24.671  20.000  18.164 0.0000000000
14415  24.136  19.911  18.709 0.0000000000
14416  19.048  19.909  18.087 0.0000000000
13281  19.170  19.839  18.162 0.0000000000
14425  25.255  19.818  17.703 0.0000000000
14384  20.925  19.913  19.484 0.0000000000
14385  20.395  19.974  19.293 0.0000000000
14386  20.063  20.011  19.193 0.0000000000
15719  19.937  20.092  19.173 0.0000000000
15720  19.648  20.300  19.168 0.0000000000
15735  19.389  20.124  18.798 0.0000000000
15746  19.174  20.080  18.409 0.0000000000
15744  24.805  20.324  17.959 0.0000000000
15743  24.996  20.174  17.812 0.0000000000
14404  24.207  20.085  18.319 0.0000000000
15732  24.326  20.100  18.090 0.0000000000
15754  25.819  20.152  17.264 0.0000000000
15755  25.190  20.442  17.724 0.0000000000
15763  25.953  20.352  17.180 0.0000000000
17194  25.582  20.836  17.505 0.0000000000
17204  26.128  20.618  17.056 0.0000000000
15756  24.833  20.543  17.847 0.0000000000
17195  25.091  20.877  17.831 0.0000000000
17193  25.958  21.027  17.142 0.0000000000
14392  23.843  19.996  18.909 0.0000000000
9107  22.494  17.414  19.809 0.0000000000
10139  23.419  17.639  19.807 0.0000000000
10140  22.942  17.704  19.912 0.0000000000
10138  23.802  17.484  19.774 0.0000000000
9108  21.911  17.189  19.924 0.0000000000
9109  21.259  16.852  19.965 0.0000000000
7005  26.875  16.020  12.846 0.0000000000
6449  26.544  15.875  13.103 0.0000000000
6448  26.888  16.031  12.872 0.0000000000
6434  25.937  15.836  13.330 0.0000000000
6498  18.372  15.843  11.718 0.0000000000
5964  19.045  14.913  12.034 0.0000000000
6482  19.011  15.094  12.091 0.0000000000
5976  18.777  15.103  11.585 0.0000000000
6497  18.514  15.505  11.596 0.0000000000
6469  19.122  15.216  12.459 0.0000000000
5963  19.193  14.835  12.031 0.0000000000
6467  25.821  15.036  12.815 0.0000000000
5960  25.922  14.958  12.490 0.0000000000
6466  26.442  15.412  12.690 0.0000000000
5954  19.524  14.789  12.561 0.0000000000
5950  25.621  14.947  12.832 0.0000000000
5949  25.798  14.994  12.869 0.0000000000
6468  25.911  15.057  13.056 0.0000000000
6450  26.064  15.431  13.222 0.0000000000
6451  25.521  15.081  13.176 0.0000000000
5940  19.680  14.957  13.150 0.0000000000
6453  19.814  14.992  13.184 0.0000000000
5939  20.088  14.672  13.155 0.0000000000
6439  20.102  15.082  13.646 0.0000000000
5934  25.246  14.880  13.114 0.0000000000
5933  25.443  14.929  13.044 0.0000000000
6452  25.196  14.971  13.378 0.0000000000
6436  25.659  15.379  13.665 0.0000000000
6437  25.140  15.141  13.705 0.0000000000
5925  20.291  14.840  13.703 0.0000000000
5912  20.202  14.995  13.921 0.0000000000
6438  24.861  15.061  13.811 0.0000000000
5918  25.017  14.900  13.513 0.0000000000
6419  25.302  15.329  14.080 0.0000000000
6420  24.842  15.187  14.181 0.0000000000
5911  20.486  14.894  14.167 0.0000000000
6422  20.454  14.826  14.199 0.0000000000
6408  20.560  15.177  14.655 0.0000000000
5900  20.559  14.999  14.404 0.0000000000
6421  24.423  15.119  14.400 0.0000000000
5905  24.574  14.924  14.054 0.0000000000
6403  24.702  15.248  14.701 0.0000000000
5899  20.819  14.944  14.539 0.0000000000
6407  21.096  15.097  14.844 0.0000000000
6391  20.998  15.313  15.030 0.0000000000
5898  21.353  14.858  14.732 0.0000000000
6406  21.331  15.017  14.974 0.0000000000
6390  21.438  15.110  15.192 0.0000000000
5887  21.460  14.932  15.046 0.0000000000
6385  24.640  15.284  15.182 0.0000000000
6404  24.306  15.196  14.864 0.0000000000
5886  21.818  14.883  15.111 0.0000000000
6389  21.777  15.001  15.279 0.0000000000
6373  21.730  15.254  15.597 0.0000000000
5874  21.940  14.992  15.354 0.0000000000
6386  24.230  15.243  15.310 0.0000000000
6372  22.175  15.189  15.713 0.0000000000
5873  22.270  14.964  15.414 0.0000000000
6371  22.650  15.156  15.734 0.0000000000
5872  22.766  14.901  15.372 0.0000000000
6370  23.142  15.127  15.620 0.0000000000
5871  22.990  14.929  15.341 0.0000000000
5883  23.133  14.880  15.208 0.0000000000
6388  23.476  15.139  15.373 0.0000000000
6369  23.659  15.251  15.719 0.0000000000
6368  24.070  15.273  15.740 0.0000000000
6387  23.859  15.205  15.358 0.0000000000
6231  27.739  15.467  20.607 0.0000000000
6222  25.787  15.274  20.606 0.0000000000
6221  26.148  15.242  20.625 0.0000000000
6220  26.572  15.247  20.699 0.0000000000
6219  26.987  15.131  20.828 0.0000000000
6218  27.519  15.221  21.043 0.0000000000
5975  18.965  14.814  11.506 0.0000000000
5988  18.691  14.994  11.093 0.0000000000
6510  18.756  15.055  11.085 0.0000000000
5520  19.301  14.512  11.632 0.0000000000
5531  19.004  14.502  11.088 0.0000000000
5987  18.862  14.766  11.216 0.0000000000
5517  24.447  14.203  11.745 0.0000000000
5516  25.038  14.448  12.046 0.0000000000
5961  25.395  14.697  12.276 0.0000000000
5515  25.106  14.490  12.037 0.0000000000
5509  19.578  14.472  12.099 0.0000000000
5501  25.067  14.559  12.347 0.0000000000
5500  25.042  14.671  12.111 0.0000000000
5962  25.023  14.813  12.158 0.0000000000
5951  25.107  14.719  12.714 0.0000000000
5494  19.826  14.457  12.493 0.0000000000
5953  19.871  14.616  12.817 0.0000000000
5493  19.812  14.486  12.697 0.0000000000
5486  24.764  14.565  12.737 0.0000000000
5485  25.067  14.760  12.725 0.0000000000
5952  24.903  14.747  13.016 0.0000000000
5935  24.860  14.762  13.179 0.0000000000
5478  20.156  14.605  12.916 0.0000000000
5477  20.489  14.386  13.051 0.0000000000
5938  20.558  14.661  13.387 0.0000000000
5476  21.006  14.368  13.299 0.0000000000
5937  20.895  14.650  13.564 0.0000000000
5924  20.724  14.750  13.868 0.0000000000
5464  21.087  14.512  13.653 0.0000000000
5923  21.187  14.641  13.900 0.0000000000
5936  24.369  14.660  13.373 0.0000000000
5468  24.504  14.576  13.048 0.0000000000
5919  24.681  14.822  13.650 0.0000000000
5910  20.996  14.778  14.259 0.0000000000
5463  21.436  14.410  13.741 0.0000000000
5922  20.938  14.369  13.872 0.0000000000
5909  21.503  14.619  14.214 0.0000000000
5451  21.576  14.446  14.018 0.0000000000
5920  24.265  14.731  13.827 0.0000000000
5450  21.855  14.438  14.095 0.0000000000
5908  21.829  14.547  14.272 0.0000000000
5897  21.946  14.673  14.635 0.0000000000
5436  22.215  14.593  14.523 0.0000000000
5906  24.223  14.829  14.189 0.0000000000
5435  22.204  14.521  14.423 0.0000000000
5896  22.493  14.690  14.785 0.0000000000
5885  22.353  14.805  15.082 0.0000000000
5434  22.626  14.513  14.485 0.0000000000
5895  22.932  14.739  14.873 0.0000000000
5884  22.758  14.805  15.084 0.0000000000
5433  23.004  14.540  14.490 0.0000000000
5894  23.303  14.724  14.801 0.0000000000
5432  23.358  14.547  14.406 0.0000000000
5893  23.732  14.746  14.588 0.0000000000
5882  23.603  14.938  15.058 0.0000000000
5446  23.580  14.527  14.050 0.0000000000
5907  23.953  14.746  14.247 0.0000000000
6405  23.950  15.133  14.923 0.0000000000
5892  24.122  14.934  14.548 0.0000000000
5077  24.814  14.003  10.959 0.0000000000
5078  24.143  14.008  11.005 0.0000000000
5529  24.311  13.885  11.055 0.0000000000
5518  24.241  13.952  11.327 0.0000000000
5076  25.031  14.056  10.884 0.0000000000
5519  19.688  14.202  11.722 0.0000000000
5530  19.404  14.242  11.346 0.0000000000
5070  19.999  13.936  11.816 0.0000000000
5508  20.002  14.046  11.945 0.0000000000
5084  19.754  13.916  11.352 0.0000000000
5063  24.027  13.926  11.694 0.0000000000
5502  24.533  14.293  12.310 0.0000000000
5047  24.060  14.058  12.057 0.0000000000
5062  24.064  14.007  11.954 0.0000000000
5057  20.265  13.987  12.074 0.0000000000
5507  20.331  14.199  12.362 0.0000000000
5056  20.605  13.980  12.189 0.0000000000
5506  20.716  14.168  12.543 0.0000000000
5492  20.415  14.318  12.764 0.0000000000
5055  20.978  13.933  12.370 0.0000000000
5043  21.224  14.027  12.676 0.0000000000
5491  20.889  14.252  12.901 0.0000000000
5503  23.912  14.148  12.325 0.0000000000
5487  24.229  14.360  12.833 0.0000000000
5042  21.286  14.079  12.719 0.0000000000
5490  21.150  14.228  12.966 0.0000000000
5033  21.397  14.171  12.919 0.0000000000
5475  21.523  14.244  13.242 0.0000000000
5469  24.117  14.569  13.113 0.0000000000
5470  23.882  14.362  13.166 0.0000000000
5488  23.769  14.266  12.784 0.0000000000
5032  21.698  14.112  12.948 0.0000000000
5474  22.039  14.194  13.262 0.0000000000
5462  21.797  14.326  13.805 0.0000000000
5031  22.037  14.053  13.014 0.0000000000
5473  22.470  14.172  13.206 0.0000000000
5461  22.377  14.280  13.613 0.0000000000
5030  22.566  14.036  12.807 0.0000000000
5472  23.145  14.148  12.978 0.0000000000
5460  22.791  14.278  13.580 0.0000000000
5029  22.953  14.055  12.679 0.0000000000
5471  23.382  14.253  13.077 0.0000000000
5459  23.215  14.313  13.588 0.0000000000
5489  23.284  14.148  12.546 0.0000000000
5458  23.673  14.400  13.571 0.0000000000
5457  24.016  14.508  13.511 0.0000000000
5449  22.288  14.364  14.054 0.0000000000
5448  22.690  14.354  14.036 0.0000000000
5447  23.105  14.385  14.029 0.0000000000
5921  23.924  14.665  13.913 0.0000000000
5079  23.654  13.786  11.185 0.0000000000
5095  23.627  13.753  10.809 0.0000000000
5064  23.684  13.819  11.577 0.0000000000
5065  23.285  13.782  11.600 0.0000000000
5080  23.190  13.665  11.138 0.0000000000
5069  20.433  13.790  11.873 0.0000000000
5083  20.137  13.761  11.582 0.0000000000
4607  20.413  13.649  11.631 0.0000000000
4606  20.823  13.598  11.691 0.0000000000
5068  20.787  13.810  12.016 0.0000000000
4599  20.938  13.880  12.166 0.0000000000
5050  23.283  13.844  11.940 0.0000000000
5051  22.996  13.835  12.069 0.0000000000
5066  23.053  13.822  11.739 0.0000000000
5049  23.644  13.891  11.995 0.0000000000
5048  23.913  14.028  12.086 0.0000000000
5054  21.416  13.841  12.308 0.0000000000
4598  21.407  13.671  11.904 0.0000000000
5053  21.909  13.797  12.176 0.0000000000
5041  21.802  13.947  12.617 0.0000000000
4597  21.874  13.606  11.751 0.0000000000
5052  22.417  13.808  12.005 0.0000000000
5040  22.269  13.910  12.499 0.0000000000
4596  22.163  13.712  11.757 0.0000000000
5067  22.450  13.733  11.540 0.0000000000
5039  22.711  13.920  12.382 0.0000000000
5038  23.101  14.008  12.114 0.0000000000
5505  23.206  13.902  12.167 0.0000000000
5504  23.670  14.140  12.299 0.0000000000
4605  21.339  13.417  11.512 0.0000000000
4603  22.095  13.493  11.411 0.0000000000
4604  21.911  13.255  11.165 0.0000000000
4083  21.093  13.049  16.141 0.0000000000
4100  20.953  12.966  16.032 0.0000000000
4101  20.807  12.819  16.053 0.0000000000
4082  21.493  12.957  16.538 0.0000000000
4490  21.756  13.133  16.965 0.0000000000
4081  21.992  13.050  16.757 0.0000000000
4066  22.149  13.132  16.907 0.0000000000
4123  22.931  12.716  15.405 0.0000000000
3698  22.690  12.228  15.605 0.0000000000
4099  22.810  12.656  15.975 0.0000000000
3677  21.130  12.568  16.075 0.0000000000
3678  20.846  12.531  15.958 0.0000000000
4124  20.602  12.587  15.864 0.0000000000
4102  20.299  12.705  16.070 0.0000000000
3674  22.637  11.959  16.022 0.0000000000
3662  22.536  12.296  16.246 0.0000000000
3665  21.343  12.779  16.230 0.0000000000
3664  21.582  12.446  16.434 0.0000000000
3663  22.165  12.276  16.500 0.0000000000
3319  22.515  12.064  14.790 0.0000000000
3320  22.155  11.887  14.550 0.0000000000
3738  22.248  12.107  14.375 0.0000000000
3302  22.634  11.937  15.158 0.0000000000
3282  22.549  11.710  15.713 0.0000000000
3266  22.500  11.841  16.014 0.0000000000
3699  20.937  12.379  15.897 0.0000000000
3700  20.630  12.337  15.734 0.0000000000
3676  21.431  12.288  16.134 0.0000000000
3269  21.288  12.091  15.957 0.0000000000
3284  20.915  12.111  15.730 0.0000000000
3268  21.714  11.980  16.197 0.0000000000
3267  22.129  11.769  16.162 0.0000000000
3675  22.259  12.001  16.239 0.0000000000
3256  21.977  11.957  16.476 0.0000000000
3255  22.052  11.920  16.306 0.0000000000
3303  22.391  11.848  14.884 0.0000000000
2891  22.172  11.534  14.984 0.0000000000
2890  22.421  11.767  15.053 0.0000000000
2872  22.465  11.578  15.321 0.0000000000
2875  21.091  11.586  15.687 0.0000000000
2876  20.666  11.567  15.586 0.0000000000
3285  20.412  11.970  15.696 0.0000000000
2873  22.072  11.456  15.799 0.0000000000
3283  22.258  11.695  16.028 0.0000000000
2860  21.423  11.760  16.073 0.0000000000
2859  21.823  11.621  16.117 0.0000000000
2858  22.025  11.639  16.071 0.0000000000
2894  20.873  11.097  15.273 0.0000000000
2895  20.274  11.199  15.394 0.0000000000
2877  20.175  11.574  15.688 0.0000000000
2874  21.508  11.438  15.731 0.0000000000
2893  21.180  11.194  15.373 0.0000000000
2892  21.657  11.233  15.282 0.0000000000
3286  20.066  11.912  16.011 0.0000000000
3701  20.244  12.186  15.913 0.0000000000
4125  20.381  12.434  15.824 0.0000000000
5081  22.769  13.608  11.229 0.0000000000
5082  22.400  13.529  11.226 0.0000000000
5085  19.291  14.113  11.029 0.0000000000
5532  18.776  14.718  10.945 0.0000000000
5999  18.607  14.903  10.636 0.0000000000
6000  18.407  15.231  10.601 0.0000000000
5989  18.410  15.357  10.871 0.0000000000
6511  18.273  15.724  10.987 0.0000000000
6517  18.305  15.583  10.592 0.0000000000
7063  18.274  16.073  11.365 0.0000000000
7076  18.257  16.009  10.676 0.0000000000
6522  18.309  15.417  10.228 0.0000000000
7090  18.293  15.754  10.064 0.0000000000
9093  21.983  17.280  19.943 0.0000000000
10127  22.340  17.696  20.166 0.0000000000
10141  22.633  17.716  20.014 0.0000000000
9094  21.955  17.295  19.978 0.0000000000
9095  21.491  17.134  20.215 0.0000000000
8235  21.279  16.889  20.135 0.0000000000
9096  21.180  16.980  20.388 0.0000000000
9081  21.284  17.242  20.633 0.0000000000
9080  21.680  17.417  20.457 0.0000000000
10128  22.188  17.560  20.189 0.0000000000
