#!ascii label  , from subject  vox2ras=TkReg
1945
1553  23.664  9.373  4.652 0.0000000000
1528  23.305  9.095  5.151 0.0000000000
1527  23.838  9.472  5.010 0.0000000000
1554  23.214  9.158  4.589 0.0000000000
1986  23.987  9.774  4.718 0.0000000000
1573  23.503  9.446  4.253 0.0000000000
1572  23.774  9.589  4.474 0.0000000000
1529  22.967  9.029  4.929 0.0000000000
1555  22.871  8.954  4.550 0.0000000000
1574  23.017  9.172  4.122 0.0000000000
1151  22.601  8.782  4.444 0.0000000000
1135  22.523  8.784  4.808 0.0000000000
1162  22.968  8.953  4.023 0.0000000000
1999  23.903  9.993  4.193 0.0000000000
2000  23.522  9.871  4.021 0.0000000000
1586  23.290  9.506  3.895 0.0000000000
1175  22.750  8.982  3.901 0.0000000000
1587  22.938  9.361  3.552 0.0000000000
2009  23.308  9.835  3.644 0.0000000000
1176  22.390  8.889  3.574 0.0000000000
1588  22.586  9.178  3.368 0.0000000000
2010  23.036  9.927  3.406 0.0000000000
1599  22.668  9.414  3.227 0.0000000000
2016  22.772  9.776  3.257 0.0000000000
1600  22.394  9.177  3.053 0.0000000000
2017  22.466  9.671  3.056 0.0000000000
1186  22.106  8.765  3.022 0.0000000000
1610  22.112  9.172  2.703 0.0000000000
2021  22.190  9.611  2.731 0.0000000000
1197  22.039  8.917  2.734 0.0000000000
1611  21.865  9.069  2.562 0.0000000000
2022  21.746  9.584  2.456 0.0000000000
1198  21.776  8.737  2.772 0.0000000000
1612  21.501  8.799  2.450 0.0000000000
2023  21.541  9.217  2.343 0.0000000000
1199  21.301  8.375  2.799 0.0000000000
1210  21.126  8.535  2.329 0.0000000000
1619  21.224  9.016  2.189 0.0000000000
1211  20.885  8.723  2.140 0.0000000000
1620  20.960  9.230  2.043 0.0000000000
2028  21.234  9.611  2.183 0.0000000000
1219  20.807  8.964  1.956 0.0000000000
1623  20.657  9.279  1.790 0.0000000000
2029  20.658  9.805  1.960 0.0000000000
1220  20.453  8.766  1.753 0.0000000000
1624  20.223  9.247  1.498 0.0000000000
2038  20.410  9.589  1.731 0.0000000000
1222  20.054  8.652  1.287 0.0000000000
1627  20.006  9.003  1.075 0.0000000000
2039  20.099  9.815  1.733 0.0000000000
1625  19.942  9.485  1.287 0.0000000000
1628  19.682  9.372  1.037 0.0000000000
2040  19.694  9.736  1.569 0.0000000000
1223  19.623  8.861  0.925 0.0000000000
1639  19.476  9.191  0.845 0.0000000000
2051  19.392  9.652  1.290 0.0000000000
1629  19.297  9.415  1.008 0.0000000000
1640  19.212  9.167  0.819 0.0000000000
2052  19.163  9.574  1.169 0.0000000000
1630  18.952  9.373  1.005 0.0000000000
1641  18.866  9.118  0.764 0.0000000000
2053  18.670  9.637  1.318 0.0000000000
1631  18.542  9.327  0.996 0.0000000000
1642  18.380  9.077  0.686 0.0000000000
2054  18.256  9.607  1.287 0.0000000000
1632  18.070  9.309  0.983 0.0000000000
1643  17.829  9.065  0.683 0.0000000000
2055  17.824  9.607  1.277 0.0000000000
1633  17.590  9.342  0.996 0.0000000000
1644  17.316  9.117  0.729 0.0000000000
2056  17.389  9.637  1.287 0.0000000000
1634  16.933  9.314  0.882 0.0000000000
1645  16.840  9.145  0.741 0.0000000000
2057  16.933  9.671  1.306 0.0000000000
1635  16.566  9.460  0.979 0.0000000000
1646  16.424  9.141  0.720 0.0000000000
2058  16.499  9.730  1.356 0.0000000000
1647  15.963  9.350  0.774 0.0000000000
1636  16.201  9.636  1.110 0.0000000000
2059  16.080  9.855  1.431 0.0000000000
2063  15.919  9.717  1.097 0.0000000000
1227  19.404  9.021  0.775 0.0000000000
1228  19.204  8.804  0.767 0.0000000000
1229  18.757  8.780  0.613 0.0000000000
1230  18.122  8.653  0.390 0.0000000000
1231  17.485  8.807  0.478 0.0000000000
1232  16.954  8.896  0.525 0.0000000000
1233  16.600  8.873  0.486 0.0000000000
1234  16.183  8.949  0.557 0.0000000000
1235  15.973  9.037  0.572 0.0000000000
1651  15.830  9.115  0.526 0.0000000000
1652  15.499  9.266  0.388 0.0000000000
1648  15.579  9.566  0.691 0.0000000000
2064  15.628  9.804  0.953 0.0000000000
2066  15.355  9.822  0.618 0.0000000000
1243  15.890  8.909  0.371 0.0000000000
1244  15.676  8.893  0.216 0.0000000000
1251  15.436  8.788  -0.017 0.0000000000
1655  15.055  9.342  -0.151 0.0000000000
2068  15.181  9.854  0.181 0.0000000000
1254  15.114  8.896  -0.282 0.0000000000
1658  15.144  8.879  -0.440 0.0000000000
1659  14.667  9.300  -0.580 0.0000000000
1656  14.733  9.621  -0.302 0.0000000000
2069  14.889  10.007  -0.164 0.0000000000
2072  14.643  9.915  -0.638 0.0000000000
1255  14.846  8.768  -0.502 0.0000000000
1257  14.605  8.839  -0.856 0.0000000000
1661  14.587  9.268  -1.071 0.0000000000
2075  14.600  9.726  -0.992 0.0000000000
1261  14.582  9.062  -1.147 0.0000000000
1663  14.426  9.276  -1.736 0.0000000000
2078  14.593  9.742  -1.466 0.0000000000
1262  14.202  8.824  -1.666 0.0000000000
1664  14.137  8.992  -1.982 0.0000000000
1667  13.991  9.010  -2.058 0.0000000000
1666  14.373  9.309  -1.941 0.0000000000
2081  14.601  9.822  -2.152 0.0000000000
1265  14.132  8.818  -1.934 0.0000000000
2082  14.256  9.466  -2.261 0.0000000000
1266  14.119  8.973  -2.197 0.0000000000
1668  13.818  9.028  -2.170 0.0000000000
1670  14.079  9.312  -2.366 0.0000000000
1267  13.203  9.107  -1.792 0.0000000000
1669  13.306  9.487  -2.015 0.0000000000
1671  13.938  9.494  -2.520 0.0000000000
2083  13.681  9.637  -2.398 0.0000000000
2086  14.203  9.719  -2.681 0.0000000000
2087  14.005  9.978  -2.813 0.0000000000
1969  24.009  9.663  4.984 0.0000000000
1968  24.130  9.846  4.865 0.0000000000
1985  24.156  9.917  4.789 0.0000000000
2347  24.218  10.163  4.646 0.0000000000
2348  23.988  9.991  4.476 0.0000000000
2352  23.812  10.234  4.236 0.0000000000
2353  23.299  10.315  3.859 0.0000000000
2360  23.184  10.120  3.539 0.0000000000
2361  22.868  10.348  3.474 0.0000000000
2375  22.822  10.057  3.308 0.0000000000
2376  22.496  10.091  3.196 0.0000000000
2393  22.247  9.970  2.896 0.0000000000
2394  21.872  10.077  2.655 0.0000000000
2027  21.462  9.835  2.269 0.0000000000
2412  21.590  10.037  2.344 0.0000000000
2413  21.227  10.071  2.280 0.0000000000
2414  20.871  10.039  2.182 0.0000000000
2030  20.316  10.040  1.911 0.0000000000
2415  20.341  10.167  2.140 0.0000000000
2428  20.160  10.097  1.886 0.0000000000
2429  19.922  10.111  1.877 0.0000000000
2031  19.506  10.016  1.991 0.0000000000
2041  19.160  9.890  1.782 0.0000000000
2032  19.049  9.980  2.067 0.0000000000
2042  18.828  9.805  1.755 0.0000000000
2033  18.611  9.897  2.049 0.0000000000
2043  18.407  9.809  1.705 0.0000000000
2034  18.148  10.039  2.135 0.0000000000
2430  17.952  10.083  1.971 0.0000000000
2044  18.186  9.911  1.721 0.0000000000
2431  17.915  10.077  1.810 0.0000000000
2045  17.643  9.826  1.599 0.0000000000
2432  17.509  10.100  1.827 0.0000000000
2046  17.226  9.841  1.617 0.0000000000
2433  17.098  10.111  1.843 0.0000000000
2047  16.810  9.876  1.641 0.0000000000
2434  16.693  10.151  1.884 0.0000000000
2048  16.436  9.939  1.661 0.0000000000
2435  16.131  10.269  1.843 0.0000000000
2438  15.826  10.153  1.447 0.0000000000
2060  15.782  9.927  1.241 0.0000000000
2439  15.604  10.177  1.200 0.0000000000
2442  15.378  10.070  0.982 0.0000000000
2445  15.181  10.300  0.434 0.0000000000
2449  14.998  10.257  0.129 0.0000000000
2450  14.732  10.521  0.051 0.0000000000
2453  14.613  10.427  -0.529 0.0000000000
2071  14.500  9.938  -0.994 0.0000000000
2452  14.578  9.973  -0.896 0.0000000000
2074  14.519  10.179  -1.047 0.0000000000
2077  14.688  9.996  -1.677 0.0000000000
2080  14.901  10.183  -1.997 0.0000000000
2462  14.645  10.579  -2.032 0.0000000000
2085  14.571  9.969  -2.896 0.0000000000
2465  14.670  10.543  -2.565 0.0000000000
2090  14.146  9.999  -3.044 0.0000000000
2091  13.986  9.925  -3.127 0.0000000000
2088  13.615  10.052  -2.757 0.0000000000
2092  13.867  9.985  -2.976 0.0000000000
2471  13.910  10.342  -3.063 0.0000000000
2472  13.644  9.967  -3.012 0.0000000000
2343  24.591  10.143  4.810 0.0000000000
2346  24.579  10.353  4.913 0.0000000000
2727  24.386  10.662  4.745 0.0000000000
2351  24.034  10.391  4.324 0.0000000000
2740  24.148  10.587  4.426 0.0000000000
2741  23.847  10.656  4.311 0.0000000000
2742  23.465  10.672  4.220 0.0000000000
2354  23.007  10.567  3.798 0.0000000000
2743  22.968  10.820  4.122 0.0000000000
2759  22.894  10.766  3.963 0.0000000000
2362  22.487  10.372  3.340 0.0000000000
2760  22.339  10.690  3.572 0.0000000000
2774  22.257  10.398  3.244 0.0000000000
2377  21.933  10.178  2.860 0.0000000000
2775  21.911  10.582  3.277 0.0000000000
2378  21.597  10.385  3.015 0.0000000000
2395  21.352  10.284  2.624 0.0000000000
2776  21.424  10.708  3.361 0.0000000000
2379  21.015  10.554  3.067 0.0000000000
2363  20.598  10.792  3.429 0.0000000000
2380  20.398  10.584  3.009 0.0000000000
2777  21.013  10.799  3.472 0.0000000000
2396  20.758  10.277  2.565 0.0000000000
2364  20.099  10.747  3.463 0.0000000000
2381  19.838  10.540  3.060 0.0000000000
2397  20.117  10.329  2.624 0.0000000000
2365  19.604  10.678  3.529 0.0000000000
2382  19.269  10.443  3.174 0.0000000000
2398  19.560  10.326  2.684 0.0000000000
2366  19.212  10.634  3.633 0.0000000000
2367  18.850  10.487  3.526 0.0000000000
2383  18.733  10.310  3.075 0.0000000000
2399  19.034  10.278  2.688 0.0000000000
2368  18.370  10.359  3.364 0.0000000000
2384  18.271  10.260  3.000 0.0000000000
2400  18.534  10.238  2.626 0.0000000000
2369  18.066  10.307  3.186 0.0000000000
2385  17.877  10.273  3.024 0.0000000000
2401  18.072  10.233  2.584 0.0000000000
2769  17.818  10.543  3.489 0.0000000000
2778  17.650  10.377  3.182 0.0000000000
2402  17.648  10.239  2.574 0.0000000000
2386  17.475  10.275  2.959 0.0000000000
2403  17.239  10.251  2.614 0.0000000000
2779  17.346  10.521  3.236 0.0000000000
2387  17.103  10.357  3.031 0.0000000000
2404  16.860  10.383  2.816 0.0000000000
2780  16.755  10.787  3.280 0.0000000000
2416  19.793  10.237  2.255 0.0000000000
2417  19.292  10.190  2.323 0.0000000000
2418  18.804  10.137  2.302 0.0000000000
2419  18.287  10.118  2.142 0.0000000000
2420  17.812  10.233  2.148 0.0000000000
2421  17.378  10.228  2.163 0.0000000000
2422  17.003  10.245  2.190 0.0000000000
2785  16.632  10.673  2.977 0.0000000000
2423  16.574  10.303  2.328 0.0000000000
2405  16.445  10.587  2.715 0.0000000000
2786  16.293  10.831  2.954 0.0000000000
2424  16.124  10.601  2.287 0.0000000000
2406  16.067  10.802  2.609 0.0000000000
2787  15.904  11.043  2.661 0.0000000000
2791  16.124  11.057  2.157 0.0000000000
2794  16.041  10.973  1.780 0.0000000000
2796  15.688  10.632  1.394 0.0000000000
2797  15.405  10.498  1.110 0.0000000000
2800  15.242  10.632  0.759 0.0000000000
2803  15.127  10.819  0.308 0.0000000000
2446  14.942  10.571  0.218 0.0000000000
2804  15.081  10.946  0.026 0.0000000000
2808  14.836  10.922  -0.181 0.0000000000
2455  14.633  10.174  -1.025 0.0000000000
2811  14.612  10.967  -0.676 0.0000000000
2456  14.580  10.618  -1.073 0.0000000000
2458  14.614  10.246  -1.423 0.0000000000
2815  14.754  10.799  -1.233 0.0000000000
2459  14.632  10.635  -1.590 0.0000000000
2461  14.538  10.219  -1.833 0.0000000000
2819  14.986  10.881  -1.752 0.0000000000
2823  14.995  10.844  -2.158 0.0000000000
2726  24.667  10.571  4.980 0.0000000000
2715  24.561  10.811  5.070 0.0000000000
2716  24.131  10.971  4.909 0.0000000000
2728  23.971  10.900  4.574 0.0000000000
2717  23.742  11.074  4.807 0.0000000000
2729  23.563  10.944  4.525 0.0000000000
2718  23.484  11.118  4.756 0.0000000000
3152  23.219  11.182  4.703 0.0000000000
2730  23.200  10.995  4.402 0.0000000000
3153  22.725  11.242  4.549 0.0000000000
3165  22.639  11.071  4.247 0.0000000000
2744  22.513  10.909  4.040 0.0000000000
3166  22.306  11.165  4.311 0.0000000000
2745  22.041  11.005  4.007 0.0000000000
2761  21.752  10.851  3.663 0.0000000000
3167  21.810  11.218  4.375 0.0000000000
2746  21.535  11.092  4.038 0.0000000000
2762  21.258  10.913  3.742 0.0000000000
3168  21.311  11.229  4.433 0.0000000000
2747  21.045  11.113  4.094 0.0000000000
2763  20.796  10.923  3.800 0.0000000000
3169  20.827  11.232  4.488 0.0000000000
2748  20.558  11.120  4.169 0.0000000000
2764  20.326  10.890  3.872 0.0000000000
3170  20.380  11.244  4.555 0.0000000000
2749  20.007  11.138  4.330 0.0000000000
2731  19.886  11.211  4.658 0.0000000000
2732  19.588  11.132  4.707 0.0000000000
2750  19.513  10.875  4.337 0.0000000000
3171  20.077  11.240  4.666 0.0000000000
2765  19.852  10.819  3.938 0.0000000000
2733  19.136  10.910  4.681 0.0000000000
2751  19.023  10.793  4.309 0.0000000000
2766  19.364  10.759  3.955 0.0000000000
2734  18.650  10.820  4.665 0.0000000000
2752  18.520  10.760  4.257 0.0000000000
2767  18.940  10.727  3.959 0.0000000000
2735  18.100  10.833  4.677 0.0000000000
2753  17.949  10.748  4.141 0.0000000000
2768  18.421  10.632  3.784 0.0000000000
2736  17.517  10.954  4.603 0.0000000000
2754  17.316  10.813  4.047 0.0000000000
2737  17.063  11.080  4.404 0.0000000000
2755  16.848  10.941  3.947 0.0000000000
2770  17.247  10.749  3.585 0.0000000000
2771  16.919  10.910  3.827 0.0000000000
3162  16.615  11.455  4.453 0.0000000000
3172  16.431  11.253  3.863 0.0000000000
3176  16.621  11.211  3.800 0.0000000000
3180  16.816  10.928  3.509 0.0000000000
2781  16.142  10.993  2.989 0.0000000000
3181  16.282  11.366  3.436 0.0000000000
2782  15.889  11.266  2.899 0.0000000000
3182  15.869  11.513  3.056 0.0000000000
3185  15.789  11.463  2.607 0.0000000000
3189  15.902  11.269  2.154 0.0000000000
2790  16.113  11.095  1.923 0.0000000000
3188  15.920  11.038  1.808 0.0000000000
2793  16.022  11.147  1.899 0.0000000000
3192  15.822  11.361  1.828 0.0000000000
3195  15.394  11.469  1.060 0.0000000000
3196  15.117  11.012  0.861 0.0000000000
3199  15.192  11.086  0.636 0.0000000000
3202  15.149  11.220  0.261 0.0000000000
2807  15.093  11.076  -0.073 0.0000000000
3205  15.090  11.266  -0.113 0.0000000000
3206  14.784  11.193  -0.409 0.0000000000
3210  14.811  11.318  -0.833 0.0000000000
3137  23.415  11.289  5.037 0.0000000000
3138  22.906  11.399  5.063 0.0000000000
3139  22.376  11.406  5.117 0.0000000000
3154  22.103  11.307  4.718 0.0000000000
3140  21.849  11.355  5.197 0.0000000000
3155  21.579  11.287  4.807 0.0000000000
3141  21.339  11.299  5.272 0.0000000000
3156  21.079  11.261  4.865 0.0000000000
3142  20.821  11.264  5.328 0.0000000000
3157  20.601  11.252  4.896 0.0000000000
3143  20.268  11.251  5.308 0.0000000000
3158  20.242  11.246  4.870 0.0000000000
3159  19.905  11.238  4.952 0.0000000000
3160  19.548  11.232  5.080 0.0000000000
3144  19.757  11.246  5.394 0.0000000000
3145  19.330  11.229  5.386 0.0000000000
2719  19.211  11.112  5.009 0.0000000000
3161  17.092  11.410  4.747 0.0000000000
3539  16.770  11.904  4.910 0.0000000000
3173  16.157  11.649  3.899 0.0000000000
3163  16.156  11.775  4.113 0.0000000000
3540  16.419  11.965  4.552 0.0000000000
3543  16.231  11.912  4.088 0.0000000000
3177  16.291  11.526  3.831 0.0000000000
3546  16.092  12.061  3.969 0.0000000000
3550  16.111  11.800  3.601 0.0000000000
3551  15.826  12.035  3.230 0.0000000000
3554  15.762  11.925  2.680 0.0000000000
3558  15.751  11.786  2.106 0.0000000000
3191  16.043  11.201  1.966 0.0000000000
3561  15.728  11.888  1.471 0.0000000000
3564  15.427  11.726  0.976 0.0000000000
3565  15.226  11.335  0.835 0.0000000000
3569  15.211  11.520  0.569 0.0000000000
3572  15.232  11.676  0.173 0.0000000000
3575  15.269  11.788  -0.299 0.0000000000
3209  15.059  11.494  -0.610 0.0000000000
3538  17.150  11.789  5.180 0.0000000000
3536  16.920  12.023  5.165 0.0000000000
3941  16.793  12.392  5.163 0.0000000000
3944  16.580  12.401  4.762 0.0000000000
3945  16.306  12.343  4.369 0.0000000000
3948  16.221  11.883  4.142 0.0000000000
3951  16.127  12.372  3.737 0.0000000000
3547  15.980  12.123  3.588 0.0000000000
3952  15.972  12.511  3.400 0.0000000000
3955  15.982  12.638  3.039 0.0000000000
3958  15.806  12.414  2.725 0.0000000000
3961  15.770  12.275  2.270 0.0000000000
3964  15.752  12.247  1.752 0.0000000000
3966  15.729  12.246  1.215 0.0000000000
3568  15.557  11.909  0.450 0.0000000000
3969  15.696  12.299  0.711 0.0000000000
3571  15.532  11.947  -0.126 0.0000000000
3973  15.676  12.420  0.226 0.0000000000
3940  16.982  12.221  5.363 0.0000000000
3938  16.871  12.480  5.507 0.0000000000
4303  16.782  12.840  5.361 0.0000000000
4305  16.766  12.929  5.007 0.0000000000
4308  16.604  12.795  4.394 0.0000000000
4309  16.313  12.536  4.189 0.0000000000
4313  16.354  12.654  3.977 0.0000000000
4318  16.214  12.834  3.504 0.0000000000
4319  16.189  12.760  3.247 0.0000000000
4302  17.004  12.791  5.714 0.0000000000
4721  16.848  13.203  5.565 0.0000000000
4724  16.754  13.273  5.136 0.0000000000
4727  16.745  13.259  4.660 0.0000000000
4312  16.634  12.971  3.984 0.0000000000
4730  16.739  13.178  4.251 0.0000000000
3937  17.162  12.305  5.704 0.0000000000
4299  17.306  12.781  6.139 0.0000000000
4720  17.176  13.062  6.029 0.0000000000
3934  17.424  12.233  6.112 0.0000000000
4298  17.529  12.536  6.275 0.0000000000
4294  17.604  12.811  6.598 0.0000000000
4295  17.410  13.129  6.456 0.0000000000
4716  17.395  13.341  6.282 0.0000000000
3933  17.741  12.282  6.341 0.0000000000
4711  17.644  13.353  6.565 0.0000000000
4712  17.492  13.266  6.425 0.0000000000
3928  17.862  12.401  6.726 0.0000000000
4291  17.833  12.770  7.024 0.0000000000
4708  17.784  13.273  7.091 0.0000000000
3917  17.988  12.402  7.046 0.0000000000
4290  18.128  12.737  7.324 0.0000000000
4707  17.965  13.012  7.231 0.0000000000
3916  18.379  12.177  7.237 0.0000000000
3903  18.360  12.488  7.703 0.0000000000
4287  18.283  12.898  7.823 0.0000000000
4703  18.079  13.252  7.548 0.0000000000
3889  18.377  12.673  7.993 0.0000000000
4277  18.432  12.888  8.258 0.0000000000
4697  18.299  13.217  8.040 0.0000000000
3888  18.657  12.426  8.142 0.0000000000
4276  18.671  12.750  8.455 0.0000000000
4263  18.681  13.148  8.613 0.0000000000
4685  18.760  13.073  8.160 0.0000000000
3877  18.783  12.601  8.467 0.0000000000
4262  18.904  12.837  8.660 0.0000000000
4684  18.882  13.140  8.747 0.0000000000
3876  19.005  12.356  8.462 0.0000000000
4261  19.204  12.834  8.810 0.0000000000
4683  19.113  13.114  8.923 0.0000000000
3875  19.434  12.424  8.724 0.0000000000
4260  19.341  12.738  8.874 0.0000000000
4250  19.525  12.699  8.958 0.0000000000
4251  19.332  12.890  9.240 0.0000000000
4241  19.754  12.597  9.515 0.0000000000
4242  19.450  12.917  9.792 0.0000000000
4669  19.195  13.223  9.414 0.0000000000
3866  19.805  12.241  9.056 0.0000000000
4232  19.806  12.908  10.212 0.0000000000
4233  19.590  12.942  9.919 0.0000000000
4658  19.318  13.264  9.915 0.0000000000
3856  19.917  12.220  9.295 0.0000000000
4240  20.013  12.407  9.630 0.0000000000
4231  20.289  12.639  10.092 0.0000000000
3855  20.302  12.315  9.643 0.0000000000
4647  19.573  13.298  10.233 0.0000000000
4219  20.190  13.025  10.610 0.0000000000
4220  20.076  13.065  10.687 0.0000000000
4646  19.824  13.282  10.516 0.0000000000
3846  20.705  12.378  10.031 0.0000000000
4230  20.919  12.639  10.305 0.0000000000
4218  20.644  12.909  10.614 0.0000000000
3845  21.085  12.390  10.063 0.0000000000
4229  21.334  12.770  10.257 0.0000000000
4217  21.087  12.962  10.622 0.0000000000
3844  21.595  12.572  10.031 0.0000000000
4228  21.819  12.824  10.118 0.0000000000
4645  21.523  13.110  10.360 0.0000000000
3843  21.888  12.717  10.000 0.0000000000
3852  21.910  12.638  9.797 0.0000000000
4239  22.046  12.792  9.973 0.0000000000
4227  22.187  12.896  10.057 0.0000000000
4644  21.978  13.050  10.277 0.0000000000
4238  22.297  12.782  9.718 0.0000000000
4226  22.605  13.004  9.828 0.0000000000
4643  22.445  13.127  10.208 0.0000000000
4237  22.733  12.954  9.395 0.0000000000
4642  22.944  13.267  9.997 0.0000000000
4657  22.947  13.180  9.467 0.0000000000
4631  19.956  13.511  11.218 0.0000000000
4630  20.477  13.247  10.921 0.0000000000
4629  20.944  13.165  10.852 0.0000000000
4628  21.393  13.221  10.740 0.0000000000
3535  17.164  11.909  5.324 0.0000000000
3532  17.455  11.769  5.751 0.0000000000
3521  17.675  11.924  6.120 0.0000000000
3520  17.997  11.772  6.179 0.0000000000
3932  18.042  12.164  6.438 0.0000000000
3519  18.168  11.911  6.360 0.0000000000
3927  18.194  12.133  6.791 0.0000000000
3507  18.059  12.015  6.733 0.0000000000
3493  18.470  11.861  7.031 0.0000000000
3492  18.783  11.791  7.212 0.0000000000
3915  18.707  12.008  7.390 0.0000000000
3902  18.695  12.176  7.641 0.0000000000
3481  18.888  11.912  7.595 0.0000000000
3472  18.904  12.045  7.945 0.0000000000
3887  19.043  11.836  7.978 0.0000000000
3471  19.153  11.891  8.016 0.0000000000
3463  19.357  12.005  8.393 0.0000000000
3462  19.799  11.853  8.621 0.0000000000
3453  20.036  11.936  9.059 0.0000000000
3865  20.128  12.124  9.259 0.0000000000
3452  20.416  11.920  9.151 0.0000000000
3864  20.502  12.160  9.389 0.0000000000
3451  20.865  11.922  9.261 0.0000000000
3854  20.868  12.186  9.712 0.0000000000
3445  21.092  12.011  9.421 0.0000000000
3853  21.356  12.242  9.619 0.0000000000
3444  21.178  12.041  9.299 0.0000000000
3863  21.303  12.123  9.157 0.0000000000
3862  21.747  12.296  9.260 0.0000000000
3861  22.187  12.581  9.382 0.0000000000
3851  21.953  12.698  9.842 0.0000000000
3149  17.494  11.315  5.150 0.0000000000
3130  17.773  11.407  5.606 0.0000000000
3531  17.816  11.625  5.960 0.0000000000
3129  18.137  11.355  5.788 0.0000000000
3111  18.315  11.394  6.039 0.0000000000
3110  18.615  11.411  6.150 0.0000000000
3097  18.329  11.624  6.448 0.0000000000
3084  18.328  11.830  6.858 0.0000000000
3083  18.776  11.649  6.953 0.0000000000
3082  19.117  11.521  7.050 0.0000000000
3491  19.173  11.578  7.062 0.0000000000
3480  18.865  11.826  7.450 0.0000000000
3074  19.433  11.569  7.489 0.0000000000
3065  19.662  11.627  7.862 0.0000000000
3470  19.604  11.762  8.186 0.0000000000
3064  19.969  11.561  8.035 0.0000000000
3054  20.201  11.617  8.389 0.0000000000
3461  20.292  11.744  8.796 0.0000000000
3053  20.621  11.553  8.463 0.0000000000
3460  20.810  11.761  8.909 0.0000000000
3052  21.059  11.632  8.455 0.0000000000
3459  21.232  11.866  8.799 0.0000000000
3051  21.423  11.726  8.301 0.0000000000
3458  21.799  11.877  8.397 0.0000000000
3450  21.136  11.953  9.139 0.0000000000
3874  21.089  12.067  9.198 0.0000000000
3873  21.526  12.125  8.838 0.0000000000
3050  21.905  11.715  7.898 0.0000000000
3469  21.875  11.799  7.955 0.0000000000
3468  22.055  11.903  8.047 0.0000000000
3457  22.067  11.976  8.283 0.0000000000
3872  22.177  12.254  8.669 0.0000000000
3886  22.268  12.124  8.007 0.0000000000
2723  17.778  10.997  4.885 0.0000000000
2722  17.940  11.000  5.041 0.0000000000
3148  18.021  11.184  5.307 0.0000000000
2721  18.321  10.933  5.033 0.0000000000
3147  18.473  11.171  5.354 0.0000000000
2720  18.796  10.962  5.027 0.0000000000
3146  18.947  11.176  5.350 0.0000000000
3128  18.633  11.276  5.813 0.0000000000
3127  19.037  11.254  5.786 0.0000000000
3126  19.493  11.242  5.805 0.0000000000
3125  19.998  11.248  5.831 0.0000000000
3124  20.549  11.258  5.880 0.0000000000
3123  21.100  11.292  5.756 0.0000000000
3122  21.612  11.370  5.657 0.0000000000
3121  22.101  11.490  5.579 0.0000000000
3120  22.601  11.617  5.586 0.0000000000
3119  23.117  11.584  5.418 0.0000000000
3136  23.859  11.223  5.105 0.0000000000
3118  23.587  11.514  5.389 0.0000000000
3135  24.253  11.100  5.143 0.0000000000
3117  24.022  11.422  5.402 0.0000000000
3134  24.608  11.049  5.273 0.0000000000
3116  24.469  11.332  5.475 0.0000000000
2712  24.824  10.788  5.398 0.0000000000
3115  24.904  11.168  5.653 0.0000000000
3109  19.177  11.276  6.207 0.0000000000
3108  19.675  11.249  6.237 0.0000000000
3107  20.154  11.251  6.280 0.0000000000
3105  20.929  11.299  6.273 0.0000000000
3106  20.548  11.263  6.374 0.0000000000
3104  21.359  11.372  6.122 0.0000000000
3103  21.893  11.551  6.023 0.0000000000
3102  22.244  11.650  5.875 0.0000000000
3517  22.575  11.777  6.039 0.0000000000
3530  22.678  11.722  5.808 0.0000000000
3529  22.880  11.726  5.778 0.0000000000
3528  23.313  11.716  5.736 0.0000000000
3527  23.772  11.683  5.722 0.0000000000
3526  24.240  11.640  5.744 0.0000000000
3525  24.692  11.567  5.816 0.0000000000
2711  25.048  10.769  5.687 0.0000000000
3114  25.150  11.243  5.748 0.0000000000
3100  25.259  11.237  6.049 0.0000000000
3101  24.977  11.456  5.936 0.0000000000
2708  25.252  10.764  5.965 0.0000000000
3096  18.922  11.413  6.622 0.0000000000
3095  19.390  11.308  6.640 0.0000000000
3094  19.858  11.261  6.655 0.0000000000
3093  20.315  11.257  6.699 0.0000000000
3092  20.770  11.304  6.744 0.0000000000
3091  21.202  11.442  6.728 0.0000000000
3090  21.611  11.544  6.463 0.0000000000
3505  21.982  11.756  6.560 0.0000000000
3518  22.155  11.714  6.186 0.0000000000
3512  24.955  11.720  6.148 0.0000000000
2707  25.557  10.806  6.293 0.0000000000
3099  25.688  11.219  6.411 0.0000000000
3511  25.502  11.624  6.327 0.0000000000
2703  25.888  10.861  6.783 0.0000000000
3089  25.925  11.304  6.693 0.0000000000
3510  25.768  11.489  6.519 0.0000000000
3081  19.613  11.340  7.071 0.0000000000
3080  20.146  11.227  6.997 0.0000000000
3079  20.532  11.289  7.132 0.0000000000
3078  20.997  11.381  7.175 0.0000000000
3490  21.276  11.620  7.135 0.0000000000
3506  21.557  11.677  6.793 0.0000000000
2702  26.111  11.101  6.865 0.0000000000
3088  26.158  11.413  6.893 0.0000000000
3497  25.820  11.787  6.756 0.0000000000
2697  26.197  11.025  7.273 0.0000000000
3077  26.237  11.580  7.199 0.0000000000
3496  26.127  11.702  6.929 0.0000000000
3073  19.845  11.414  7.532 0.0000000000
3072  20.265  11.352  7.568 0.0000000000
3071  20.731  11.378  7.567 0.0000000000
3070  21.007  11.584  7.509 0.0000000000
3068  26.293  11.445  7.668 0.0000000000
3476  26.314  11.897  7.538 0.0000000000
3485  26.115  11.950  7.056 0.0000000000
3063  20.444  11.461  8.013 0.0000000000
3062  20.890  11.475  7.998 0.0000000000
3069  21.233  11.601  7.685 0.0000000000
3061  21.027  11.592  8.138 0.0000000000
3479  21.194  11.556  7.420 0.0000000000
3060  21.518  11.677  7.944 0.0000000000
3478  21.551  11.749  7.537 0.0000000000
2691  26.220  11.008  7.914 0.0000000000
3059  26.448  11.368  8.196 0.0000000000
3467  26.510  11.721  7.902 0.0000000000
2683  26.203  10.960  8.425 0.0000000000
3049  26.375  11.189  8.691 0.0000000000
3058  26.688  11.444  8.560 0.0000000000
3466  26.711  11.832  8.278 0.0000000000
3048  26.598  11.349  8.933 0.0000000000
3456  26.756  11.762  8.785 0.0000000000
2675  26.135  10.857  8.887 0.0000000000
3045  26.203  10.961  9.088 0.0000000000
3044  26.445  11.276  9.104 0.0000000000
3448  26.696  11.648  9.284 0.0000000000
2666  26.089  10.790  9.194 0.0000000000
2654  26.048  10.734  9.527 0.0000000000
3036  26.233  11.002  9.665 0.0000000000
3449  26.370  11.234  9.341 0.0000000000
2644  26.005  10.696  10.135 0.0000000000
3027  26.300  11.124  10.157 0.0000000000
3443  26.515  11.412  9.744 0.0000000000
2627  26.177  10.877  10.744 0.0000000000
3019  26.382  11.308  10.580 0.0000000000
3439  26.623  11.607  10.225 0.0000000000
2342  24.741  10.364  5.263 0.0000000000
2339  24.930  10.456  5.598 0.0000000000
2338  25.119  10.396  5.853 0.0000000000
2330  25.351  10.369  6.206 0.0000000000
2329  25.667  10.428  6.560 0.0000000000
2318  25.718  10.464  6.941 0.0000000000
2698  25.819  10.577  7.283 0.0000000000
2306  25.687  10.226  7.218 0.0000000000
2291  25.586  10.157  7.722 0.0000000000
2692  25.906  10.655  7.778 0.0000000000
2277  25.682  10.394  8.297 0.0000000000
2684  26.000  10.727  8.210 0.0000000000
2676  25.915  10.654  8.656 0.0000000000
2270  25.624  10.343  8.900 0.0000000000
2667  25.869  10.593  9.205 0.0000000000
2261  25.566  10.283  9.428 0.0000000000
2655  25.747  10.429  9.778 0.0000000000
2251  25.520  10.241  9.752 0.0000000000
2237  25.452  10.213  10.046 0.0000000000
2645  25.672  10.366  10.261 0.0000000000
2220  25.332  10.241  10.498 0.0000000000
2628  25.684  10.487  10.760 0.0000000000
2629  25.190  10.313  10.985 0.0000000000
2610  25.884  10.701  11.241 0.0000000000
2611  25.454  10.528  11.336 0.0000000000
2594  25.360  10.588  11.802 0.0000000000
2593  25.746  10.675  11.681 0.0000000000
2612  25.046  10.434  11.462 0.0000000000
2580  25.285  10.671  12.259 0.0000000000
2579  25.716  10.678  12.099 0.0000000000
2595  24.927  10.643  11.930 0.0000000000
1967  24.587  9.964  5.317 0.0000000000
1946  24.891  9.965  5.800 0.0000000000
1945  25.145  9.869  6.040 0.0000000000
1924  25.267  9.957  6.327 0.0000000000
1923  25.555  10.136  6.429 0.0000000000
1902  25.610  10.006  6.842 0.0000000000
1883  25.603  9.961  7.319 0.0000000000
1866  25.480  9.882  7.532 0.0000000000
1867  25.218  9.887  7.753 0.0000000000
2292  25.277  10.011  8.032 0.0000000000
2278  25.368  10.129  8.207 0.0000000000
1846  25.103  9.870  8.355 0.0000000000
2271  25.360  10.124  8.634 0.0000000000
1828  25.146  9.891  8.896 0.0000000000
2262  25.307  10.079  9.170 0.0000000000
1814  25.148  9.886  9.172 0.0000000000
1801  25.116  9.872  9.461 0.0000000000
2252  25.287  10.103  9.717 0.0000000000
2253  24.966  9.938  9.904 0.0000000000
2238  25.076  10.124  10.190 0.0000000000
2221  24.904  10.202  10.639 0.0000000000
2239  24.624  10.040  10.272 0.0000000000
2222  24.473  10.214  10.696 0.0000000000
2630  24.782  10.267  11.077 0.0000000000
1948  24.002  9.572  5.275 0.0000000000
1947  24.382  9.738  5.513 0.0000000000
1502  23.689  9.300  5.498 0.0000000000
1501  24.053  9.310  5.930 0.0000000000
1500  24.578  9.515  6.076 0.0000000000
1478  24.934  9.703  6.227 0.0000000000
1925  24.978  9.886  6.298 0.0000000000
1479  24.625  9.648  6.031 0.0000000000
1926  24.775  9.906  6.432 0.0000000000
1904  24.969  9.800  6.872 0.0000000000
1903  25.138  9.817  6.850 0.0000000000
1460  24.737  9.596  6.923 0.0000000000
1446  24.569  9.455  7.083 0.0000000000
1885  24.905  9.766  7.346 0.0000000000
1905  24.498  9.631  6.680 0.0000000000
1884  25.341  9.843  7.273 0.0000000000
1886  24.376  9.693  7.521 0.0000000000
1868  24.793  9.760  7.940 0.0000000000
1847  24.613  9.746  8.416 0.0000000000
1869  24.386  9.721  8.054 0.0000000000
1829  24.831  9.772  8.842 0.0000000000
1830  24.357  9.720  8.808 0.0000000000
1848  24.143  9.712  8.402 0.0000000000
1816  24.570  9.749  9.193 0.0000000000
1817  24.083  9.711  9.173 0.0000000000
1831  23.859  9.689  8.806 0.0000000000
1815  24.960  9.781  9.189 0.0000000000
1804  23.919  9.747  9.722 0.0000000000
1803  24.363  9.755  9.603 0.0000000000
1818  23.555  9.643  9.271 0.0000000000
1802  24.777  9.784  9.554 0.0000000000
1790  23.786  9.902  10.375 0.0000000000
1789  24.246  9.819  10.085 0.0000000000
1805  23.383  9.674  9.812 0.0000000000
1788  24.610  9.796  9.915 0.0000000000
1774  23.554  9.884  10.602 0.0000000000
1773  24.094  9.784  10.931 0.0000000000
1791  23.234  9.837  10.276 0.0000000000
2224  23.745  10.047  10.723 0.0000000000
2241  23.936  9.976  10.654 0.0000000000
2240  24.115  10.141  10.428 0.0000000000
2225  23.165  10.091  10.541 0.0000000000
1530  22.364  8.930  5.218 0.0000000000
1504  22.640  9.183  5.502 0.0000000000
1503  23.102  9.212  5.508 0.0000000000
1482  22.846  9.243  5.949 0.0000000000
1483  22.435  9.244  5.885 0.0000000000
1505  22.176  9.190  5.538 0.0000000000
1481  23.334  9.249  5.946 0.0000000000
1480  23.967  9.270  6.034 0.0000000000
1927  22.588  9.322  6.138 0.0000000000
1928  22.285  9.461  6.242 0.0000000000
1484  21.933  9.281  6.020 0.0000000000
1464  23.086  9.262  6.220 0.0000000000
1908  22.742  9.455  6.482 0.0000000000
1463  23.492  9.267  6.296 0.0000000000
1462  23.839  9.316  6.665 0.0000000000
1461  24.283  9.435  6.668 0.0000000000
1907  23.299  9.397  6.683 0.0000000000
1448  23.813  9.040  7.052 0.0000000000
1447  24.181  9.350  7.065 0.0000000000
1906  23.676  9.475  6.954 0.0000000000
1887  23.857  9.597  7.329 0.0000000000
874  13.687  8.394  -2.062 0.0000000000
873  14.076  8.336  -2.037 0.0000000000
869  14.149  8.596  -1.592 0.0000000000
865  14.460  8.974  -1.120 0.0000000000
1258  14.547  8.883  -1.059 0.0000000000
864  14.578  8.254  -1.022 0.0000000000
862  14.630  8.328  -0.728 0.0000000000
860  14.875  8.293  -0.295 0.0000000000
1252  15.101  8.614  -0.211 0.0000000000
859  15.350  8.236  -0.191 0.0000000000
858  15.897  8.278  -0.178 0.0000000000
1250  15.928  8.724  0.071 0.0000000000
1249  16.323  8.574  -0.137 0.0000000000
1242  16.286  8.785  0.203 0.0000000000
857  16.434  8.089  -0.198 0.0000000000
1248  16.755  8.417  -0.182 0.0000000000
1241  16.747  8.739  0.039 0.0000000000
856  16.837  8.044  -0.049 0.0000000000
1247  16.965  8.336  -0.134 0.0000000000
1240  17.132  8.608  -0.023 0.0000000000
855  17.084  8.219  -0.027 0.0000000000
852  17.400  8.117  0.147 0.0000000000
1239  17.673  8.418  0.237 0.0000000000
851  17.930  8.042  0.176 0.0000000000
1238  17.992  8.308  0.259 0.0000000000
850  18.131  8.191  0.292 0.0000000000
848  18.512  8.283  0.489 0.0000000000
847  18.977  8.344  0.692 0.0000000000
846  19.209  8.392  0.899 0.0000000000
1224  19.346  8.658  0.898 0.0000000000
843  19.368  8.510  1.045 0.0000000000
842  19.646  8.389  1.230 0.0000000000
841  19.961  8.211  1.325 0.0000000000
834  20.186  8.218  1.603 0.0000000000
820  20.388  8.294  2.183 0.0000000000
1212  20.681  8.706  1.998 0.0000000000
819  20.820  8.281  2.441 0.0000000000
818  21.025  8.253  2.674 0.0000000000
805  21.050  8.248  2.922 0.0000000000
793  21.077  8.230  3.148 0.0000000000
1188  21.347  8.300  3.026 0.0000000000
1187  21.647  8.512  3.084 0.0000000000
792  21.400  8.297  3.238 0.0000000000
780  21.576  8.323  3.375 0.0000000000
1177  21.788  8.463  3.574 0.0000000000
781  21.269  8.270  3.650 0.0000000000
1178  21.504  8.351  3.803 0.0000000000
1164  22.000  8.647  4.024 0.0000000000
1165  21.435  8.515  3.999 0.0000000000
1163  22.495  8.738  4.099 0.0000000000
771  21.109  8.310  3.983 0.0000000000
1166  20.994  8.422  4.232 0.0000000000
1154  21.271  8.686  4.539 0.0000000000
1153  21.746  8.689  4.503 0.0000000000
1152  22.226  8.721  4.482 0.0000000000
1138  21.095  8.778  5.006 0.0000000000
1137  21.562  8.762  4.989 0.0000000000
1155  20.823  8.719  4.621 0.0000000000
1136  21.834  8.716  5.131 0.0000000000
1532  21.383  9.027  5.305 0.0000000000
1139  20.657  8.802  5.028 0.0000000000
1533  20.887  9.038  5.292 0.0000000000
1531  21.866  8.976  5.274 0.0000000000
619  13.511  7.916  -2.053 0.0000000000
618  13.973  7.934  -1.994 0.0000000000
875  13.216  8.369  -1.865 0.0000000000
617  14.140  7.926  -1.962 0.0000000000
872  13.999  7.786  -2.080 0.0000000000
868  14.201  8.173  -1.879 0.0000000000
613  14.250  7.895  -1.419 0.0000000000
609  14.557  7.783  -1.120 0.0000000000
605  14.754  7.887  -0.620 0.0000000000
600  15.107  7.763  -0.269 0.0000000000
599  15.188  7.982  -0.268 0.0000000000
598  15.685  7.747  -0.304 0.0000000000
597  16.166  7.676  -0.237 0.0000000000
596  16.619  7.543  -0.167 0.0000000000
593  17.158  7.744  0.138 0.0000000000
853  16.813  8.022  0.047 0.0000000000
592  17.270  7.738  0.174 0.0000000000
591  17.712  7.858  0.210 0.0000000000
590  18.227  8.006  0.222 0.0000000000
587  18.269  7.868  0.415 0.0000000000
586  18.657  7.827  0.747 0.0000000000
585  19.075  8.010  0.853 0.0000000000
581  19.279  8.031  1.137 0.0000000000
580  19.754  7.940  1.360 0.0000000000
579  20.041  8.005  1.411 0.0000000000
565  20.006  7.896  1.589 0.0000000000
835  20.057  8.066  1.972 0.0000000000
807  20.522  8.181  2.770 0.0000000000
808  20.052  8.090  2.801 0.0000000000
821  19.739  7.965  2.340 0.0000000000
806  20.874  8.216  2.860 0.0000000000
796  19.804  8.122  3.094 0.0000000000
795  20.317  8.182  3.200 0.0000000000
809  19.595  8.112  2.829 0.0000000000
794  20.714  8.207  3.101 0.0000000000
784  19.871  8.230  3.692 0.0000000000
783  20.196  8.217  3.639 0.0000000000
797  19.530  8.213  3.296 0.0000000000
782  20.677  8.219  3.540 0.0000000000
774  20.115  8.270  4.010 0.0000000000
775  19.822  8.263  4.010 0.0000000000
785  19.426  8.284  3.798 0.0000000000
773  20.427  8.249  3.947 0.0000000000
772  21.002  8.291  4.159 0.0000000000
1168  20.187  8.361  4.268 0.0000000000
1169  19.525  8.505  4.220 0.0000000000
1167  20.430  8.552  4.294 0.0000000000
615  13.649  7.840  -1.555 0.0000000000
616  12.978  8.120  -1.399 0.0000000000
620  13.059  7.895  -1.866 0.0000000000
614  13.965  7.852  -1.512 0.0000000000
612  13.348  7.911  -1.028 0.0000000000
870  13.040  8.504  -1.205 0.0000000000
611  13.852  7.618  -1.198 0.0000000000
610  14.133  7.691  -1.206 0.0000000000
415  13.739  7.175  -0.901 0.0000000000
414  14.206  6.959  -0.931 0.0000000000
413  14.825  7.102  -0.984 0.0000000000
608  14.876  7.612  -0.994 0.0000000000
412  15.134  7.266  -1.025 0.0000000000
604  15.021  7.664  -0.653 0.0000000000
407  15.315  7.392  -0.799 0.0000000000
603  15.386  7.628  -0.565 0.0000000000
406  15.655  7.240  -0.652 0.0000000000
402  15.802  7.229  -0.445 0.0000000000
401  16.264  7.161  -0.330 0.0000000000
400  16.569  7.095  -0.180 0.0000000000
391  16.829  7.192  0.078 0.0000000000
390  16.930  7.225  0.361 0.0000000000
389  17.538  7.356  0.347 0.0000000000
388  17.878  7.456  0.217 0.0000000000
376  18.299  7.469  0.707 0.0000000000
375  18.532  7.543  0.817 0.0000000000
362  18.615  7.412  1.002 0.0000000000
582  19.096  7.803  1.050 0.0000000000
361  18.927  7.566  1.148 0.0000000000
360  19.453  7.578  1.360 0.0000000000
566  19.684  7.762  1.724 0.0000000000
345  19.421  7.521  1.676 0.0000000000
567  19.342  7.652  1.827 0.0000000000
552  19.632  7.817  2.013 0.0000000000
553  19.290  7.758  2.108 0.0000000000
408  13.651  7.017  -0.683 0.0000000000
218  13.779  6.894  -0.601 0.0000000000
224  13.867  6.981  -0.849 0.0000000000
223  14.021  6.907  -0.911 0.0000000000
409  13.317  7.053  -0.476 0.0000000000
416  13.316  7.428  -0.764 0.0000000000
222  14.495  6.899  -0.928 0.0000000000
221  14.994  6.888  -0.980 0.0000000000
220  15.489  6.899  -1.006 0.0000000000
411  15.450  7.172  -0.985 0.0000000000
214  15.761  6.862  -0.532 0.0000000000
405  16.073  6.953  -0.626 0.0000000000
213  16.103  6.913  -0.503 0.0000000000
206  16.140  6.869  -0.264 0.0000000000
205  16.387  6.952  -0.231 0.0000000000
197  16.471  6.830  0.035 0.0000000000
379  16.743  6.982  0.528 0.0000000000
378  17.246  7.136  0.851 0.0000000000
377  17.870  7.213  0.825 0.0000000000
193  16.410  6.831  0.369 0.0000000000
380  16.201  7.048  0.582 0.0000000000
366  16.492  7.206  0.992 0.0000000000
365  17.048  7.168  0.993 0.0000000000
364  17.544  7.215  1.121 0.0000000000
363  17.986  7.227  1.002 0.0000000000
351  16.778  7.253  1.425 0.0000000000
352  16.252  7.293  1.489 0.0000000000
367  15.979  7.124  0.868 0.0000000000
350  17.269  7.240  1.486 0.0000000000
349  17.790  7.287  1.671 0.0000000000
348  18.312  7.257  1.508 0.0000000000
347  18.762  7.322  1.491 0.0000000000
346  18.986  7.290  1.489 0.0000000000
573  16.543  7.562  1.786 0.0000000000
353  15.714  7.339  1.518 0.0000000000
574  15.960  7.757  1.957 0.0000000000
572  17.011  7.516  1.750 0.0000000000
571  17.472  7.499  1.799 0.0000000000
339  17.921  7.367  2.033 0.0000000000
338  18.118  7.320  1.923 0.0000000000
556  17.724  7.580  2.063 0.0000000000
570  17.701  7.413  1.905 0.0000000000
569  18.513  7.497  1.834 0.0000000000
568  19.052  7.582  1.909 0.0000000000
555  18.241  7.604  2.136 0.0000000000
217  14.273  6.840  -0.560 0.0000000000
216  14.774  6.814  -0.567 0.0000000000
215  15.261  6.806  -0.580 0.0000000000
211  14.050  6.824  -0.131 0.0000000000
212  13.598  6.843  -0.157 0.0000000000
219  13.540  6.861  -0.438 0.0000000000
210  14.542  6.817  -0.151 0.0000000000
209  15.034  6.779  -0.177 0.0000000000
208  15.477  6.766  -0.204 0.0000000000
207  15.832  6.786  -0.177 0.0000000000
204  13.484  6.905  0.215 0.0000000000
203  13.855  6.837  0.332 0.0000000000
403  13.336  7.040  0.022 0.0000000000
202  14.307  6.903  0.310 0.0000000000
201  14.800  6.894  0.178 0.0000000000
200  15.259  6.841  0.135 0.0000000000
199  15.668  6.809  0.097 0.0000000000
198  16.045  6.798  0.046 0.0000000000
397  13.552  7.043  0.512 0.0000000000
398  13.295  6.781  0.431 0.0000000000
196  14.124  6.928  0.598 0.0000000000
385  13.878  7.092  0.876 0.0000000000
195  14.228  6.977  0.579 0.0000000000
396  14.329  7.049  0.527 0.0000000000
395  14.581  7.137  0.446 0.0000000000
394  15.050  7.109  0.389 0.0000000000
393  15.480  7.043  0.371 0.0000000000
392  15.896  6.970  0.322 0.0000000000
194  16.207  6.857  0.273 0.0000000000
384  14.293  7.154  0.770 0.0000000000
368  15.406  7.230  0.977 0.0000000000
354  15.023  7.240  1.443 0.0000000000
575  15.471  7.762  1.731 0.0000000000
369  14.968  7.263  1.106 0.0000000000
355  14.828  7.417  1.713 0.0000000000
576  15.099  7.956  1.817 0.0000000000
356  14.298  7.295  1.701 0.0000000000
340  14.544  7.335  2.047 0.0000000000
562  14.988  8.027  2.227 0.0000000000
370  14.557  7.269  1.219 0.0000000000
341  14.021  7.191  2.213 0.0000000000
357  13.920  7.122  1.893 0.0000000000
371  13.997  7.168  1.184 0.0000000000
191  13.907  7.041  2.070 0.0000000000
342  13.939  7.044  1.842 0.0000000000
192  13.625  6.915  1.963 0.0000000000
358  13.543  7.125  1.651 0.0000000000
372  13.875  7.127  1.312 0.0000000000
381  15.717  7.184  0.659 0.0000000000
382  15.250  7.217  0.728 0.0000000000
383  14.793  7.225  0.776 0.0000000000
373  13.475  7.142  1.201 0.0000000000
386  13.284  6.983  0.931 0.0000000000
822  19.187  7.954  2.433 0.0000000000
554  18.805  7.735  2.113 0.0000000000
823  18.624  7.998  2.354 0.0000000000
824  18.042  7.969  2.279 0.0000000000
825  17.489  7.982  2.254 0.0000000000
557  17.224  7.754  2.018 0.0000000000
826  17.109  7.886  2.179 0.0000000000
558  16.793  7.781  2.027 0.0000000000
827  16.685  8.021  2.242 0.0000000000
559  16.406  7.833  2.086 0.0000000000
828  16.299  8.166  2.246 0.0000000000
560  16.137  7.918  2.153 0.0000000000
829  15.878  8.164  2.193 0.0000000000
334  14.568  7.368  2.616 0.0000000000
549  14.915  7.984  2.775 0.0000000000
561  14.989  8.003  2.503 0.0000000000
831  14.947  8.171  2.036 0.0000000000
836  15.909  8.002  2.129 0.0000000000
837  15.663  8.056  1.930 0.0000000000
838  15.268  8.125  1.854 0.0000000000
1179  19.145  8.736  3.969 0.0000000000
798  19.098  8.284  3.420 0.0000000000
786  19.106  8.459  3.770 0.0000000000
1180  18.907  8.657  3.741 0.0000000000
810  19.021  8.202  2.861 0.0000000000
1189  18.703  8.546  3.412 0.0000000000
1200  18.941  8.313  3.124 0.0000000000
811  18.379  8.259  2.606 0.0000000000
1201  18.610  8.442  2.971 0.0000000000
812  17.954  8.123  2.428 0.0000000000
1202  18.075  8.565  2.834 0.0000000000
813  17.301  8.241  2.484 0.0000000000
1203  17.589  8.530  2.766 0.0000000000
814  16.956  8.204  2.384 0.0000000000
1204  17.068  8.551  2.754 0.0000000000
1213  16.624  8.457  2.436 0.0000000000
1214  15.941  8.752  2.553 0.0000000000
1215  15.609  8.647  2.531 0.0000000000
830  15.283  8.262  2.346 0.0000000000
548  14.963  7.947  2.622 0.0000000000
815  15.078  8.232  2.903 0.0000000000
1216  15.321  8.474  2.715 0.0000000000
876  12.952  8.630  -1.486 0.0000000000
1268  12.918  8.827  -1.670 0.0000000000
1156  20.476  8.765  4.753 0.0000000000
1140  20.369  8.861  4.970 0.0000000000
1534  20.229  8.926  5.001 0.0000000000
1556  20.159  8.908  4.683 0.0000000000
1575  20.094  8.719  4.354 0.0000000000
1576  19.794  8.825  4.365 0.0000000000
1577  19.320  9.015  4.313 0.0000000000
1589  18.816  9.129  4.022 0.0000000000
1590  18.744  9.028  3.917 0.0000000000
1601  18.718  8.833  3.696 0.0000000000
1190  18.294  8.738  3.166 0.0000000000
1602  18.444  8.931  3.541 0.0000000000
1191  17.987  8.764  3.070 0.0000000000
1603  17.901  8.969  3.314 0.0000000000
1613  17.811  8.762  2.991 0.0000000000
1614  17.477  8.864  2.977 0.0000000000
1615  16.883  9.091  3.125 0.0000000000
1205  16.465  8.972  2.990 0.0000000000
1206  16.101  8.835  3.013 0.0000000000
1192  16.225  8.652  3.402 0.0000000000
1616  16.608  9.015  3.211 0.0000000000
1193  15.686  8.577  3.341 0.0000000000
1207  15.434  8.595  2.963 0.0000000000
1194  15.165  8.315  3.252 0.0000000000
1506  21.710  9.209  5.602 0.0000000000
1929  21.809  9.512  6.255 0.0000000000
1485  21.603  9.275  5.977 0.0000000000
1507  21.172  9.302  5.726 0.0000000000
1930  21.315  9.580  6.198 0.0000000000
1949  21.141  9.643  6.107 0.0000000000
1508  20.644  9.267  5.555 0.0000000000
1950  20.808  9.562  5.901 0.0000000000
1509  20.087  9.180  5.261 0.0000000000
1951  20.308  9.496  5.792 0.0000000000
1970  19.875  9.278  5.234 0.0000000000
1535  19.970  9.185  4.985 0.0000000000
1557  19.690  9.122  4.658 0.0000000000
1971  19.663  9.373  5.310 0.0000000000
1536  19.579  9.239  4.993 0.0000000000
1558  19.226  9.254  4.764 0.0000000000
1972  19.243  9.380  5.130 0.0000000000
1987  19.107  9.366  4.954 0.0000000000
1578  18.913  9.186  4.393 0.0000000000
1559  19.003  9.278  4.692 0.0000000000
1988  18.990  9.394  4.911 0.0000000000
2001  18.832  9.309  4.676 0.0000000000
1579  18.448  9.251  4.313 0.0000000000
2002  18.683  9.296  4.540 0.0000000000
1580  17.949  9.221  4.200 0.0000000000
1560  18.151  9.286  4.618 0.0000000000
1989  18.554  9.417  4.825 0.0000000000
1591  18.190  9.138  3.817 0.0000000000
1561  17.788  9.246  4.647 0.0000000000
1581  17.470  9.205  4.185 0.0000000000
1592  17.678  9.186  3.747 0.0000000000
1562  17.349  9.175  4.709 0.0000000000
1582  16.968  9.073  4.248 0.0000000000
1593  17.184  9.183  3.778 0.0000000000
1170  16.739  8.818  4.559 0.0000000000
1563  16.962  8.924  4.886 0.0000000000
1181  16.754  8.930  4.045 0.0000000000
1594  16.825  9.056  3.853 0.0000000000
1604  17.375  9.125  3.339 0.0000000000
1605  16.912  9.157  3.437 0.0000000000
1595  16.675  8.887  3.924 0.0000000000
1606  16.542  8.974  3.654 0.0000000000
1182  16.339  8.626  3.949 0.0000000000
2242  23.024  9.976  10.323 0.0000000000
1806  22.962  9.736  10.156 0.0000000000
1792  22.751  9.786  10.272 0.0000000000
1776  22.320  9.603  10.474 0.0000000000
1775  22.579  9.787  10.468 0.0000000000
1793  22.435  9.512  10.130 0.0000000000
2226  22.636  9.980  10.616 0.0000000000
2243  22.895  9.971  10.371 0.0000000000
1807  22.669  9.587  10.031 0.0000000000
1372  22.139  9.128  10.233 0.0000000000
1386  22.447  9.264  9.815 0.0000000000
1384  23.273  9.449  9.479 0.0000000000
1385  22.951  9.363  9.631 0.0000000000
1395  23.109  9.334  9.209 0.0000000000
1832  23.313  9.580  8.811 0.0000000000
1849  23.644  9.706  8.354 0.0000000000
1409  23.046  9.335  8.947 0.0000000000
1833  22.874  9.488  8.696 0.0000000000
1850  23.086  9.714  8.297 0.0000000000
1410  22.718  9.147  8.767 0.0000000000
1834  22.411  9.428  8.718 0.0000000000
1851  22.540  9.712  8.360 0.0000000000
1411  22.249  9.146  8.956 0.0000000000
1835  21.876  9.329  8.761 0.0000000000
1852  22.023  9.703  8.401 0.0000000000
1412  21.941  9.034  9.085 0.0000000000
1413  21.547  8.969  8.822 0.0000000000
1836  21.328  9.284  8.688 0.0000000000
1853  21.526  9.672  8.447 0.0000000000
1414  21.074  8.942  8.787 0.0000000000
1837  20.953  9.135  8.722 0.0000000000
1854  21.047  9.622  8.467 0.0000000000
1415  20.527  8.920  8.730 0.0000000000
1838  20.424  9.250  8.515 0.0000000000
1855  20.599  9.559  8.410 0.0000000000
1423  20.134  8.991  8.362 0.0000000000
1856  20.080  9.530  8.215 0.0000000000
1870  23.988  9.705  7.929 0.0000000000
1871  23.416  9.734  7.819 0.0000000000
2280  22.704  9.809  7.963 0.0000000000
2279  23.029  9.757  7.943 0.0000000000
2281  22.114  9.945  7.971 0.0000000000
2282  21.647  9.966  8.084 0.0000000000
2283  21.188  9.931  8.147 0.0000000000
2284  20.755  9.855  8.161 0.0000000000
2285  20.434  9.744  8.183 0.0000000000
1424  19.635  9.058  8.214 0.0000000000
1857  19.478  9.376  8.080 0.0000000000
1873  19.866  9.736  7.819 0.0000000000
1872  20.021  9.802  7.879 0.0000000000
2299  20.319  9.895  7.854 0.0000000000
1425  19.117  9.083  7.953 0.0000000000
1858  19.230  9.203  7.956 0.0000000000
1874  19.264  9.564  7.692 0.0000000000
1436  19.100  9.159  7.869 0.0000000000
2293  22.963  9.802  7.582 0.0000000000
1888  23.270  9.700  7.195 0.0000000000
2300  20.044  9.889  7.579 0.0000000000
1890  19.807  9.814  7.301 0.0000000000
1437  18.852  9.189  7.600 0.0000000000
1875  19.034  9.611  7.385 0.0000000000
1891  19.326  9.716  7.102 0.0000000000
1892  18.854  9.562  7.094 0.0000000000
2307  23.011  9.719  7.241 0.0000000000
1889  22.950  9.673  6.949 0.0000000000
2308  22.788  9.785  7.182 0.0000000000
2319  22.769  9.681  6.841 0.0000000000
2314  20.189  9.954  7.356 0.0000000000
1911  19.802  9.764  6.752 0.0000000000
2325  20.050  9.848  7.054 0.0000000000
1912  19.165  9.713  6.651 0.0000000000
1449  18.399  9.006  7.123 0.0000000000
1913  18.567  9.450  6.709 0.0000000000
1909  22.377  9.688  6.484 0.0000000000
2320  22.432  9.795  6.818 0.0000000000
2331  22.030  9.770  6.558 0.0000000000
1910  20.197  9.791  6.610 0.0000000000
1933  19.998  9.710  6.239 0.0000000000
2324  20.349  9.933  6.972 0.0000000000
1934  19.502  9.700  6.194 0.0000000000
1935  18.926  9.674  6.184 0.0000000000
1465  18.382  9.165  6.939 0.0000000000
1466  18.190  9.092  6.743 0.0000000000
1914  18.272  9.346  6.500 0.0000000000
1936  18.391  9.482  6.239 0.0000000000
1486  18.028  9.184  6.294 0.0000000000
2332  21.632  9.847  6.589 0.0000000000
2333  21.155  9.929  6.624 0.0000000000
1931  20.903  9.742  6.256 0.0000000000
2334  20.708  9.900  6.650 0.0000000000
1932  20.488  9.748  6.295 0.0000000000
2335  20.427  9.854  6.657 0.0000000000
1952  19.822  9.584  5.758 0.0000000000
1953  19.262  9.597  5.635 0.0000000000
1954  18.640  9.586  5.771 0.0000000000
1955  18.122  9.306  5.952 0.0000000000
1973  18.881  9.512  5.243 0.0000000000
1974  18.365  9.491  5.401 0.0000000000
1510  17.880  9.121  6.059 0.0000000000
1956  18.041  9.257  5.912 0.0000000000
1975  18.165  9.538  5.598 0.0000000000
1511  17.655  9.023  5.739 0.0000000000
1537  17.727  9.261  5.232 0.0000000000
1990  18.088  9.385  5.044 0.0000000000
2223  24.015  10.200  10.645 0.0000000000
2631  24.313  10.354  10.983 0.0000000000
2632  23.857  10.402  10.845 0.0000000000
2633  23.342  10.428  10.781 0.0000000000
2634  22.788  10.470  10.760 0.0000000000
2227  22.071  10.009  10.722 0.0000000000
2635  22.285  10.478  10.799 0.0000000000
1777  21.917  9.557  10.734 0.0000000000
2228  21.722  9.996  10.783 0.0000000000
2636  21.898  10.436  10.834 0.0000000000
1778  21.470  9.541  10.837 0.0000000000
2229  21.499  10.023  10.850 0.0000000000
2637  21.618  10.300  10.877 0.0000000000
2210  21.340  10.124  11.090 0.0000000000
2294  22.470  9.898  7.613 0.0000000000
2295  22.033  10.024  7.618 0.0000000000
2296  21.716  10.099  7.711 0.0000000000
2297  21.275  10.129  7.825 0.0000000000
2298  20.846  10.089  7.845 0.0000000000
2309  22.266  9.955  7.267 0.0000000000
2310  21.833  10.106  7.341 0.0000000000
2311  21.386  10.177  7.416 0.0000000000
2312  20.999  10.180  7.523 0.0000000000
2313  20.587  10.109  7.440 0.0000000000
2321  21.993  10.003  6.931 0.0000000000
2322  21.505  10.134  6.991 0.0000000000
2323  20.946  10.129  7.077 0.0000000000
2581  24.848  10.813  12.475 0.0000000000
2596  24.436  10.817  12.076 0.0000000000
2613  24.570  10.618  11.470 0.0000000000
2582  24.590  10.949  12.355 0.0000000000
2980  24.374  11.200  12.424 0.0000000000
2994  24.140  11.031  12.061 0.0000000000
2597  24.196  10.790  11.715 0.0000000000
2995  24.051  11.058  11.932 0.0000000000
2614  23.988  10.686  11.293 0.0000000000
3007  23.891  10.927  11.682 0.0000000000
2615  23.449  10.723  11.049 0.0000000000
3008  23.525  11.007  11.393 0.0000000000
2616  22.936  10.732  11.051 0.0000000000
3009  23.041  10.937  11.256 0.0000000000
2617  22.452  10.837  11.175 0.0000000000
3010  22.744  10.928  11.224 0.0000000000
2599  22.153  10.877  11.530 0.0000000000
2598  22.283  11.029  11.499 0.0000000000
2618  22.061  10.755  11.247 0.0000000000
2998  22.602  11.227  11.494 0.0000000000
3011  21.969  10.935  11.661 0.0000000000
2619  21.760  10.670  11.179 0.0000000000
3012  21.994  10.950  11.513 0.0000000000
2600  21.348  10.600  11.474 0.0000000000
3000  21.662  11.000  11.647 0.0000000000
2981  23.945  11.265  12.149 0.0000000000
2982  23.658  11.243  12.030 0.0000000000
2996  23.549  11.192  11.789 0.0000000000
3410  23.327  11.399  12.003 0.0000000000
2997  23.124  11.260  11.601 0.0000000000
3411  23.165  11.469  11.870 0.0000000000
3412  22.840  11.625  11.878 0.0000000000
2999  22.024  11.273  11.752 0.0000000000
3413  22.413  11.621  11.864 0.0000000000
2984  21.453  11.140  12.136 0.0000000000
2983  21.794  11.528  12.115 0.0000000000
3400  22.114  11.805  12.192 0.0000000000
2583  21.254  10.579  12.012 0.0000000000
3384  21.799  11.681  12.630 0.0000000000
3794  21.996  12.036  12.563 0.0000000000
3809  22.173  12.056  12.438 0.0000000000
3399  22.559  11.832  12.137 0.0000000000
3808  22.359  12.019  12.354 0.0000000000
3397  23.480  11.553  12.236 0.0000000000
3398  23.004  11.762  12.076 0.0000000000
3442  26.822  11.999  9.856 0.0000000000
3850  26.970  12.169  9.555 0.0000000000
3860  26.873  12.159  9.049 0.0000000000
3870  26.998  11.996  8.720 0.0000000000
3882  26.707  12.375  8.107 0.0000000000
3475  26.643  12.073  7.913 0.0000000000
3477  22.063  11.885  7.586 0.0000000000
3892  26.615  12.278  7.941 0.0000000000
3893  26.306  12.363  7.731 0.0000000000
3906  26.183  12.110  7.352 0.0000000000
3901  22.392  12.167  7.467 0.0000000000
3489  21.922  11.797  6.925 0.0000000000
3488  22.262  11.909  7.012 0.0000000000
3486  25.983  12.033  6.972 0.0000000000
3907  25.982  12.218  7.198 0.0000000000
3920  25.816  12.123  6.947 0.0000000000
3914  22.576  12.085  7.077 0.0000000000
3504  22.383  11.840  6.521 0.0000000000
3487  22.587  11.984  6.792 0.0000000000
3498  25.191  11.927  6.535 0.0000000000
3921  25.377  12.165  6.819 0.0000000000
3499  24.639  11.970  6.426 0.0000000000
3922  24.834  12.168  6.772 0.0000000000
3513  24.439  11.817  6.074 0.0000000000
3500  24.109  11.956  6.361 0.0000000000
3923  24.309  12.159  6.708 0.0000000000
3514  23.952  11.831  6.045 0.0000000000
3501  23.645  11.975  6.340 0.0000000000
3924  23.804  12.137  6.647 0.0000000000
3515  23.489  11.828  6.052 0.0000000000
3502  23.222  11.964  6.348 0.0000000000
3925  23.347  12.122  6.602 0.0000000000
3516  23.036  11.824  6.072 0.0000000000
3503  22.819  11.946  6.464 0.0000000000
3926  23.065  12.072  6.557 0.0000000000
3913  22.954  12.186  6.868 0.0000000000
3780  21.959  12.075  12.974 0.0000000000
3793  22.322  12.170  12.661 0.0000000000
3807  22.683  12.068  12.362 0.0000000000
3859  27.175  12.507  9.303 0.0000000000
3869  27.094  12.513  8.800 0.0000000000
4249  22.543  12.794  9.283 0.0000000000
4259  22.495  12.715  8.954 0.0000000000
4246  27.228  12.823  9.128 0.0000000000
4255  27.130  12.869  8.796 0.0000000000
3881  26.970  12.443  8.361 0.0000000000
4266  27.085  12.716  8.528 0.0000000000
3871  22.598  12.351  8.238 0.0000000000
4258  22.845  12.690  8.552 0.0000000000
4267  26.869  12.781  8.380 0.0000000000
3883  26.465  12.614  7.999 0.0000000000
4268  26.479  12.818  8.156 0.0000000000
4280  26.086  12.909  7.874 0.0000000000
3885  22.686  12.310  7.845 0.0000000000
3894  25.687  12.446  7.545 0.0000000000
4281  25.908  12.750  7.955 0.0000000000
3908  25.487  12.304  7.110 0.0000000000
3895  25.124  12.454  7.465 0.0000000000
4282  25.369  12.740  7.894 0.0000000000
3909  24.980  12.303  7.111 0.0000000000
3896  24.656  12.493  7.495 0.0000000000
4283  24.882  12.735  7.856 0.0000000000
3910  24.490  12.315  7.101 0.0000000000
3897  24.159  12.515  7.474 0.0000000000
4284  24.339  12.823  7.865 0.0000000000
3911  23.999  12.316  7.014 0.0000000000
3898  23.673  12.427  7.409 0.0000000000
4285  23.801  12.866  7.831 0.0000000000
3912  23.477  12.259  6.946 0.0000000000
3899  23.206  12.336  7.350 0.0000000000
4286  23.409  12.581  7.719 0.0000000000
3884  23.071  12.443  7.807 0.0000000000
3900  22.796  12.270  7.394 0.0000000000
4248  23.032  12.840  8.907 0.0000000000
4668  23.026  12.993  9.144 0.0000000000
4247  23.131  12.919  8.804 0.0000000000
4674  27.144  12.863  8.826 0.0000000000
4256  27.002  12.898  8.624 0.0000000000
4675  26.979  13.193  8.790 0.0000000000
4275  22.961  12.553  8.128 0.0000000000
4257  23.163  12.892  8.510 0.0000000000
4274  23.353  12.823  8.162 0.0000000000
4688  26.667  13.032  8.409 0.0000000000
4689  26.297  13.151  8.324 0.0000000000
4269  26.035  12.918  8.155 0.0000000000
4690  25.944  13.104  8.260 0.0000000000
4270  25.611  12.947  8.154 0.0000000000
4691  25.312  13.230  8.405 0.0000000000
4271  25.100  12.959  8.157 0.0000000000
4692  24.740  13.202  8.419 0.0000000000
4272  24.648  12.934  8.146 0.0000000000
4693  24.175  13.167  8.216 0.0000000000
4682  23.346  13.091  8.492 0.0000000000
4695  23.446  13.012  8.278 0.0000000000
4273  23.669  12.984  8.021 0.0000000000
4694  23.675  13.077  8.190 0.0000000000
4701  24.058  13.088  7.898 0.0000000000
4702  23.894  13.128  7.999 0.0000000000
4627  21.828  13.255  10.635 0.0000000000
4615  21.764  13.296  11.015 0.0000000000
4616  21.399  13.157  10.832 0.0000000000
4617  20.871  13.336  11.196 0.0000000000
4618  20.271  13.544  11.328 0.0000000000
4619  19.837  13.687  11.167 0.0000000000
5097  19.419  13.895  10.978 0.0000000000
5112  19.648  13.612  10.521 0.0000000000
4641  23.433  13.406  10.098 0.0000000000
4624  23.104  13.384  10.439 0.0000000000
4625  22.756  13.292  10.535 0.0000000000
4656  23.372  13.267  9.584 0.0000000000
4626  22.281  13.262  10.593 0.0000000000
5113  19.083  13.828  10.130 0.0000000000
4655  23.902  13.372  9.714 0.0000000000
4666  23.823  13.273  9.190 0.0000000000
4667  23.314  13.149  9.039 0.0000000000
5122  19.159  13.613  9.605 0.0000000000
4665  24.369  13.423  9.327 0.0000000000
4680  24.295  13.282  8.784 0.0000000000
4681  23.748  13.231  8.640 0.0000000000
5130  19.084  13.494  9.294 0.0000000000
4670  18.998  13.335  9.109 0.0000000000
5131  18.775  13.696  9.185 0.0000000000
4679  24.935  13.584  8.866 0.0000000000
5141  18.597  13.674  8.609 0.0000000000
4696  18.468  13.223  8.320 0.0000000000
5145  18.619  13.494  8.374 0.0000000000
4676  26.571  13.390  8.647 0.0000000000
4677  26.125  13.461  8.635 0.0000000000
4678  25.609  13.496  8.680 0.0000000000
5146  18.268  13.706  8.219 0.0000000000
5150  18.138  13.590  7.888 0.0000000000
4704  17.832  13.479  7.445 0.0000000000
5151  17.915  13.747  7.712 0.0000000000
5153  17.781  13.769  7.327 0.0000000000
5155  17.733  13.739  6.945 0.0000000000
5098  19.084  14.090  10.630 0.0000000000
5114  18.941  14.017  10.134 0.0000000000
5123  18.922  13.851  9.791 0.0000000000
5099  18.910  14.148  10.423 0.0000000000
5552  18.799  14.332  10.205 0.0000000000
5555  18.787  14.131  9.903 0.0000000000
5559  18.800  13.931  9.553 0.0000000000
5142  18.270  13.936  8.622 0.0000000000
5132  18.418  13.916  9.049 0.0000000000
5560  18.699  13.884  9.318 0.0000000000
5564  18.308  14.148  8.956 0.0000000000
5147  17.996  13.942  8.036 0.0000000000
5143  18.157  14.027  8.072 0.0000000000
5565  18.114  14.254  8.506 0.0000000000
5567  17.913  14.185  8.025 0.0000000000
5570  17.807  14.192  7.595 0.0000000000
6015  18.740  14.571  10.220 0.0000000000
5556  18.725  14.149  9.789 0.0000000000
6016  18.400  14.802  9.805 0.0000000000
6021  18.338  14.498  9.302 0.0000000000
6025  18.523  14.151  8.842 0.0000000000
6010  18.635  14.720  10.226 0.0000000000
4664  24.833  13.684  9.467 0.0000000000
5129  25.013  13.752  9.158 0.0000000000
5140  25.056  13.820  9.099 0.0000000000
5139  25.476  13.753  8.974 0.0000000000
5138  25.986  13.726  8.938 0.0000000000
5137  26.472  13.709  8.931 0.0000000000
5136  26.765  13.545  8.920 0.0000000000
4654  24.382  13.597  9.803 0.0000000000
4640  23.801  13.500  9.935 0.0000000000
5096  23.289  13.603  10.610 0.0000000000
5111  23.650  13.684  10.392 0.0000000000
4614  21.982  13.258  10.916 0.0000000000
4613  22.589  13.372  10.954 0.0000000000
4612  23.001  13.430  10.878 0.0000000000
3806  23.156  12.040  12.377 0.0000000000
3792  22.802  12.235  12.765 0.0000000000
3805  23.649  11.929  12.515 0.0000000000
3791  23.308  12.221  12.799 0.0000000000
3779  22.417  12.247  13.162 0.0000000000
3778  22.958  12.451  13.272 0.0000000000
3369  21.780  11.686  13.219 0.0000000000
3764  21.972  12.104  13.583 0.0000000000
3763  22.537  12.367  13.659 0.0000000000
3354  21.793  11.760  13.592 0.0000000000
3338  21.821  11.772  13.903 0.0000000000
3750  21.965  12.035  13.943 0.0000000000
3749  22.212  12.206  14.100 0.0000000000
3337  21.996  11.961  14.134 0.0000000000
3396  23.963  11.580  12.409 0.0000000000
2967  21.611  11.310  12.479 0.0000000000
2953  21.520  11.225  12.972 0.0000000000
2940  21.741  11.293  13.537 0.0000000000
2924  21.711  11.279  14.142 0.0000000000
3321  21.875  11.723  14.275 0.0000000000
3320  22.155  11.887  14.550 0.0000000000
2910  21.798  11.387  14.706 0.0000000000
2567  21.182  10.651  12.682 0.0000000000
2968  21.349  11.082  12.637 0.0000000000
2954  21.277  11.204  13.014 0.0000000000
2553  21.326  10.838  13.106 0.0000000000
2552  21.571  11.005  13.281 0.0000000000
2537  21.699  11.025  13.510 0.0000000000
2522  21.675  10.930  13.849 0.0000000000
2925  21.555  10.883  14.256 0.0000000000
2911  21.538  11.088  14.523 0.0000000000
2513  21.359  10.754  14.742 0.0000000000
2512  21.595  11.015  14.787 0.0000000000
2501  21.577  10.954  15.035 0.0000000000
2892  21.657  11.233  15.282 0.0000000000
2891  22.172  11.534  14.984 0.0000000000
2909  22.062  11.604  14.747 0.0000000000
2197  21.052  9.956  11.724 0.0000000000
2186  21.229  9.993  11.789 0.0000000000
2584  21.022  10.315  12.411 0.0000000000
2172  21.225  10.210  13.230 0.0000000000
2161  21.240  10.363  13.209 0.0000000000
2568  21.101  10.308  12.694 0.0000000000
2538  21.474  10.708  13.513 0.0000000000
2149  21.232  10.212  13.721 0.0000000000
2523  21.338  10.565  14.066 0.0000000000
2132  21.100  10.023  14.204 0.0000000000
2118  21.039  10.296  14.559 0.0000000000
2104  20.992  10.510  15.066 0.0000000000
2502  21.243  10.922  15.194 0.0000000000
2503  20.844  10.875  15.232 0.0000000000
2893  21.180  11.194  15.373 0.0000000000
1762  21.254  9.588  11.211 0.0000000000
2211  21.066  10.016  11.108 0.0000000000
2198  21.045  9.943  11.393 0.0000000000
1751  21.080  9.933  11.454 0.0000000000
1750  21.177  9.725  11.551 0.0000000000
1737  21.241  9.526  11.897 0.0000000000
1738  21.072  9.571  12.230 0.0000000000
2187  20.987  9.869  12.272 0.0000000000
1723  21.217  9.912  13.037 0.0000000000
1724  21.070  9.858  12.729 0.0000000000
2173  21.047  9.895  12.596 0.0000000000
1712  21.202  9.950  13.389 0.0000000000
1702  21.117  9.879  13.704 0.0000000000
1686  21.075  9.866  13.991 0.0000000000
1687  20.673  9.874  14.101 0.0000000000
2133  20.592  10.093  14.365 0.0000000000
2119  20.556  10.270  14.749 0.0000000000
2105  20.494  10.490  15.149 0.0000000000
1362  21.423  9.011  10.783 0.0000000000
1348  21.245  8.980  11.094 0.0000000000
1361  21.746  9.113  10.613 0.0000000000
1360  22.005  9.240  10.481 0.0000000000
1332  21.167  9.143  11.667 0.0000000000
1763  21.242  10.054  11.140 0.0000000000
1320  20.945  9.165  12.027 0.0000000000
1308  20.866  9.373  12.666 0.0000000000
1319  21.144  9.206  11.953 0.0000000000
1307  21.150  9.619  12.859 0.0000000000
1296  21.161  9.610  13.089 0.0000000000
1713  21.051  9.721  13.429 0.0000000000
1703  20.780  9.683  13.692 0.0000000000
1704  20.414  9.826  14.094 0.0000000000
1688  20.161  9.863  14.193 0.0000000000
1157  16.714  8.425  4.927 0.0000000000
1142  16.890  8.432  5.167 0.0000000000
1539  16.974  8.902  5.008 0.0000000000
1538  17.290  9.088  5.159 0.0000000000
1124  17.205  8.757  5.340 0.0000000000
1513  17.003  8.926  5.046 0.0000000000
1512  17.485  9.203  5.481 0.0000000000
1123  17.451  8.573  5.861 0.0000000000
1122  17.680  8.792  6.022 0.0000000000
1487  17.791  8.930  6.170 0.0000000000
1107  17.622  8.486  6.173 0.0000000000
1092  17.805  8.667  6.430 0.0000000000
1467  17.898  8.977  6.507 0.0000000000
1091  18.028  8.616  6.716 0.0000000000
1450  18.210  8.778  6.893 0.0000000000
1075  18.253  8.414  7.094 0.0000000000
1074  18.344  8.622  7.185 0.0000000000
1059  18.546  8.572  7.540 0.0000000000
1045  18.957  8.809  7.937 0.0000000000
1426  19.027  9.005  7.895 0.0000000000
1044  19.214  8.787  8.146 0.0000000000
1043  19.782  8.727  8.434 0.0000000000
1042  20.135  8.711  8.633 0.0000000000
1025  20.327  8.485  8.954 0.0000000000
1024  20.862  8.712  9.011 0.0000000000
1023  21.280  8.773  8.970 0.0000000000
1022  21.671  8.863  8.994 0.0000000000
1003  21.989  8.871  9.342 0.0000000000
1398  22.052  8.952  9.243 0.0000000000
1397  22.245  9.022  9.350 0.0000000000
1396  22.643  9.206  9.333 0.0000000000
1002  22.244  8.935  9.709 0.0000000000
985  22.432  8.873  9.998 0.0000000000
969  22.175  8.944  10.059 0.0000000000
970  21.723  8.819  10.279 0.0000000000
1373  22.092  9.100  10.212 0.0000000000
954  21.232  8.604  10.686 0.0000000000
953  21.569  8.895  10.623 0.0000000000
938  20.863  8.578  11.111 0.0000000000
925  21.081  8.780  11.357 0.0000000000
926  20.935  8.835  11.747 0.0000000000
1333  21.001  9.017  11.976 0.0000000000
912  21.010  8.997  12.039 0.0000000000
897  20.687  8.923  12.612 0.0000000000
886  20.668  9.102  12.993 0.0000000000
1297  20.954  9.422  13.206 0.0000000000
1282  20.698  9.267  13.348 0.0000000000
877  20.684  8.995  13.008 0.0000000000
878  20.612  9.071  13.369 0.0000000000
1283  20.239  9.421  13.740 0.0000000000
801  14.948  8.186  3.174 0.0000000000
789  14.916  8.066  3.511 0.0000000000
1184  14.786  8.157  3.719 0.0000000000
1183  15.371  8.437  3.589 0.0000000000
800  15.722  8.368  3.631 0.0000000000
799  16.210  8.378  3.295 0.0000000000
787  15.958  8.308  3.893 0.0000000000
788  15.400  8.207  3.859 0.0000000000
776  16.087  8.275  4.372 0.0000000000
1171  16.424  8.624  4.233 0.0000000000
1158  16.416  8.445  4.645 0.0000000000
767  16.335  7.988  5.043 0.0000000000
766  16.710  8.171  5.089 0.0000000000
762  16.769  8.014  5.186 0.0000000000
761  17.047  8.042  5.252 0.0000000000
1141  17.262  8.362  5.462 0.0000000000
758  17.513  8.002  5.734 0.0000000000
751  17.655  8.146  5.946 0.0000000000
1108  17.655  8.225  5.995 0.0000000000
750  17.717  7.939  6.012 0.0000000000
742  17.797  8.128  6.521 0.0000000000
741  18.000  8.209  6.885 0.0000000000
729  18.015  7.965  7.143 0.0000000000
718  18.360  8.001  7.495 0.0000000000
1060  18.480  8.220  7.377 0.0000000000
717  18.677  8.172  7.776 0.0000000000
709  18.973  8.347  8.109 0.0000000000
708  19.343  8.328  8.414 0.0000000000
1027  19.562  8.491  8.561 0.0000000000
1026  20.035  8.345  8.840 0.0000000000
699  19.694  8.010  8.804 0.0000000000
698  20.011  8.071  9.065 0.0000000000
697  20.203  8.218  9.081 0.0000000000
1006  20.409  8.275  9.224 0.0000000000
1005  20.748  8.419  9.371 0.0000000000
1004  21.274  8.670  9.345 0.0000000000
687  20.328  8.003  9.420 0.0000000000
686  20.580  8.198  9.452 0.0000000000
675  20.756  8.123  9.836 0.0000000000
988  21.025  8.462  9.820 0.0000000000
987  21.501  8.696  9.830 0.0000000000
986  22.027  8.789  9.904 0.0000000000
972  20.871  8.195  10.103 0.0000000000
971  21.169  8.448  10.213 0.0000000000
667  20.881  8.154  10.289 0.0000000000
666  21.060  8.335  10.804 0.0000000000
658  21.045  8.276  11.072 0.0000000000
955  21.019  8.478  11.024 0.0000000000
939  20.839  8.481  11.216 0.0000000000
644  20.668  8.343  11.766 0.0000000000
631  20.676  8.463  12.086 0.0000000000
913  20.559  8.654  12.357 0.0000000000
898  20.293  8.719  12.686 0.0000000000
887  20.164  8.980  13.192 0.0000000000
816  14.900  8.131  2.936 0.0000000000
802  14.851  8.097  3.074 0.0000000000
545  14.738  7.808  3.021 0.0000000000
790  14.792  7.967  3.221 0.0000000000
542  14.768  7.678  3.374 0.0000000000
541  14.994  7.634  3.726 0.0000000000
778  15.224  7.927  3.880 0.0000000000
777  15.596  8.029  4.215 0.0000000000
538  15.276  7.617  4.018 0.0000000000
537  15.615  7.529  4.353 0.0000000000
768  15.990  7.959  4.713 0.0000000000
534  15.866  7.513  4.935 0.0000000000
533  16.119  7.759  4.962 0.0000000000
529  16.252  7.563  5.172 0.0000000000
763  16.523  7.861  5.206 0.0000000000
528  16.694  7.651  5.239 0.0000000000
527  17.062  7.892  5.256 0.0000000000
523  17.244  7.615  5.465 0.0000000000
522  17.553  7.520  5.770 0.0000000000
757  17.813  7.912  6.012 0.0000000000
518  17.730  7.621  6.172 0.0000000000
514  17.792  7.495  6.697 0.0000000000
730  17.863  7.894  6.934 0.0000000000
509  17.933  7.473  7.097 0.0000000000
508  18.206  7.492  7.360 0.0000000000
500  18.481  7.539  7.687 0.0000000000
499  18.773  7.880  7.921 0.0000000000
491  18.927  7.796  8.168 0.0000000000
490  19.283  7.962  8.452 0.0000000000
481  19.526  7.686  8.907 0.0000000000
480  19.987  8.112  9.031 0.0000000000
688  20.037  7.852  9.263 0.0000000000
472  19.850  7.516  9.443 0.0000000000
471  20.131  7.739  9.471 0.0000000000
464  20.274  7.613  9.843 0.0000000000
676  20.563  7.916  9.766 0.0000000000
463  20.701  7.911  9.789 0.0000000000
458  20.629  7.796  10.333 0.0000000000
659  20.840  8.119  10.783 0.0000000000
451  20.639  7.799  10.898 0.0000000000
653  20.673  8.049  11.250 0.0000000000
439  20.417  7.768  11.171 0.0000000000
654  20.381  7.970  11.544 0.0000000000
632  20.277  8.232  12.180 0.0000000000
645  20.380  8.077  11.860 0.0000000000
417  20.162  7.950  12.053 0.0000000000
418  19.972  7.898  12.105 0.0000000000
633  19.783  8.261  12.340 0.0000000000
427  20.163  7.880  11.848 0.0000000000
621  19.803  8.279  12.655 0.0000000000
622  19.877  8.419  12.541 0.0000000000
899  19.839  8.681  12.727 0.0000000000
330  14.575  7.240  3.183 0.0000000000
327  14.793  7.253  3.622 0.0000000000
326  15.032  7.301  3.933 0.0000000000
322  15.208  7.295  4.186 0.0000000000
321  15.424  7.335  4.331 0.0000000000
315  15.509  7.163  4.608 0.0000000000
311  15.870  7.111  5.046 0.0000000000
530  15.987  7.289  5.138 0.0000000000
310  16.016  6.984  5.248 0.0000000000
309  16.507  7.251  5.357 0.0000000000
308  16.829  7.279  5.334 0.0000000000
302  17.071  7.185  5.787 0.0000000000
301  17.383  7.260  6.028 0.0000000000
296  17.568  7.247  6.354 0.0000000000
293  17.573  6.860  6.859 0.0000000000
290  17.830  7.094  7.064 0.0000000000
289  17.986  7.056  7.205 0.0000000000
285  18.302  7.095  7.639 0.0000000000
284  18.703  7.375  7.982 0.0000000000
279  18.825  7.255  8.370 0.0000000000
482  19.121  7.596  8.547 0.0000000000
275  19.138  7.234  8.768 0.0000000000
274  19.191  7.285  8.795 0.0000000000
473  19.537  7.378  9.221 0.0000000000
268  19.301  6.822  9.506 0.0000000000
267  19.626  7.231  9.494 0.0000000000
261  19.635  7.153  9.899 0.0000000000
465  20.048  7.274  10.147 0.0000000000
260  19.960  7.200  10.087 0.0000000000
459  20.226  7.407  10.250 0.0000000000
251  19.979  7.258  10.364 0.0000000000
452  20.230  7.507  10.762 0.0000000000
240  19.876  7.250  10.739 0.0000000000
453  19.940  7.338  10.979 0.0000000000
440  20.071  7.685  11.338 0.0000000000
428  19.707  7.768  11.749 0.0000000000
441  19.663  7.548  11.314 0.0000000000
419  19.524  7.955  12.144 0.0000000000
429  19.071  7.989  11.917 0.0000000000
442  19.422  7.678  11.570 0.0000000000
634  19.167  8.311  12.332 0.0000000000
188  13.876  7.005  2.263 0.0000000000
187  14.217  7.058  2.176 0.0000000000
183  13.994  6.868  2.480 0.0000000000
335  14.168  6.968  2.652 0.0000000000
179  13.998  6.805  2.940 0.0000000000
331  14.239  6.998  3.233 0.0000000000
178  14.268  6.890  3.244 0.0000000000
173  14.538  6.766  3.609 0.0000000000
323  14.822  7.094  4.013 0.0000000000
170  14.777  6.764  4.040 0.0000000000
317  14.866  7.013  4.109 0.0000000000
316  14.927  7.000  4.312 0.0000000000
166  14.930  6.968  4.118 0.0000000000
165  15.094  6.647  4.322 0.0000000000
164  15.436  6.568  4.668 0.0000000000
160  15.773  6.758  5.006 0.0000000000
159  16.048  6.931  5.176 0.0000000000
155  16.282  6.701  5.454 0.0000000000
304  16.362  6.993  5.450 0.0000000000
303  16.659  6.975  5.671 0.0000000000
154  16.635  6.540  5.817 0.0000000000
298  16.986  6.926  6.071 0.0000000000
297  17.219  7.147  6.104 0.0000000000
150  16.841  6.520  6.303 0.0000000000
149  17.121  6.687  6.594 0.0000000000
294  17.353  6.820  6.700 0.0000000000
145  17.298  6.544  6.904 0.0000000000
144  17.524  6.756  6.902 0.0000000000
139  17.629  6.629  7.192 0.0000000000
138  18.052  6.846  7.404 0.0000000000
132  18.212  6.819  7.842 0.0000000000
280  18.503  7.056  8.056 0.0000000000
126  18.415  6.743  8.258 0.0000000000
125  18.837  7.166  8.213 0.0000000000
120  18.760  6.716  8.771 0.0000000000
119  19.191  6.913  9.103 0.0000000000
113  19.208  6.861  9.514 0.0000000000
262  19.311  6.935  9.894 0.0000000000
106  19.110  6.797  9.829 0.0000000000
99  19.037  6.814  10.355 0.0000000000
253  19.390  7.028  10.382 0.0000000000
252  19.741  7.164  10.374 0.0000000000
242  19.050  7.050  10.832 0.0000000000
241  19.542  7.180  10.887 0.0000000000
94  19.050  6.958  10.798 0.0000000000
243  18.942  7.002  10.909 0.0000000000
231  19.211  7.390  11.374 0.0000000000
232  18.667  6.955  11.033 0.0000000000
230  19.600  7.308  11.108 0.0000000000
91  18.597  6.875  10.986 0.0000000000
92  18.396  6.818  10.984 0.0000000000
233  18.205  6.976  11.136 0.0000000000
95  18.700  6.838  10.758 0.0000000000
226  18.622  7.209  11.440 0.0000000000
227  18.253  7.117  11.211 0.0000000000
225  18.886  7.829  11.794 0.0000000000
431  18.022  7.435  11.608 0.0000000000
228  17.959  7.199  11.263 0.0000000000
430  18.680  7.841  11.909 0.0000000000
189  13.500  6.814  2.248 0.0000000000
184  13.644  6.807  2.616 0.0000000000
180  13.230  6.698  3.155 0.0000000000
185  12.965  6.722  2.782 0.0000000000
174  14.057  6.725  3.496 0.0000000000
175  13.553  6.692  3.409 0.0000000000
88  14.168  6.304  3.729 0.0000000000
87  14.212  6.497  3.748 0.0000000000
82  14.396  6.276  4.100 0.0000000000
81  14.886  6.416  4.238 0.0000000000
169  14.979  6.780  4.099 0.0000000000
75  15.184  6.250  4.763 0.0000000000
74  15.392  6.248  4.961 0.0000000000
68  15.580  6.193  5.122 0.0000000000
67  15.880  6.389  5.184 0.0000000000
62  16.192  6.190  5.712 0.0000000000
61  16.547  6.238  6.063 0.0000000000
57  16.577  6.248  6.341 0.0000000000
52  16.606  6.243  6.768 0.0000000000
146  16.975  6.438  6.724 0.0000000000
51  16.979  6.079  7.214 0.0000000000
140  17.283  6.378  7.127 0.0000000000
46  17.265  6.284  7.449 0.0000000000
45  17.611  6.367  7.552 0.0000000000
133  17.890  6.591  7.748 0.0000000000
40  17.528  6.295  7.829 0.0000000000
36  17.731  6.336  8.135 0.0000000000
127  17.984  6.642  7.901 0.0000000000
35  18.195  6.440  8.400 0.0000000000
121  18.441  6.549  8.569 0.0000000000
30  18.378  6.371  8.856 0.0000000000
29  18.740  6.381  9.141 0.0000000000
23  18.560  6.364  9.242 0.0000000000
114  19.109  6.778  9.327 0.0000000000
18  18.609  6.493  9.678 0.0000000000
107  19.041  6.811  9.975 0.0000000000
108  18.368  6.526  9.966 0.0000000000
100  18.526  6.742  10.274 0.0000000000
96  18.229  6.791  10.570 0.0000000000
101  17.966  6.395  10.054 0.0000000000
93  18.017  6.832  10.910 0.0000000000
97  17.723  6.854  10.489 0.0000000000
234  17.836  6.985  10.964 0.0000000000
76  14.653  6.077  4.942 0.0000000000
77  14.180  6.155  4.852 0.0000000000
83  14.110  6.167  4.149 0.0000000000
70  14.721  6.140  5.099 0.0000000000
69  14.997  6.049  5.368 0.0000000000
64  15.206  5.902  5.623 0.0000000000
12  15.153  5.915  5.713 0.0000000000
15  15.330  5.913  5.496 0.0000000000
14  15.423  5.949  5.354 0.0000000000
65  14.902  6.010  5.703 0.0000000000
11  15.691  5.913  5.616 0.0000000000
63  15.867  6.167  5.434 0.0000000000
10  16.102  5.900  5.923 0.0000000000
58  16.311  6.024  6.257 0.0000000000
6  16.138  5.865  6.134 0.0000000000
2  16.079  5.836  6.350 0.0000000000
53  16.060  6.001  6.769 0.0000000000
3  15.719  5.790  6.523 0.0000000000
54  15.966  5.924  7.063 0.0000000000
48  16.259  6.199  7.292 0.0000000000
49  15.669  6.088  7.256 0.0000000000
47  16.796  6.238  7.459 0.0000000000
43  16.417  6.255  7.823 0.0000000000
44  15.998  6.262  7.660 0.0000000000
42  16.842  6.234  7.944 0.0000000000
41  17.165  6.253  7.887 0.0000000000
38  16.666  6.245  8.232 0.0000000000
37  17.138  6.241  8.249 0.0000000000
32  17.460  6.266  8.592 0.0000000000
33  16.924  6.255  8.645 0.0000000000
31  17.838  6.127  8.738 0.0000000000
26  17.246  6.281  8.958 0.0000000000
25  17.684  6.287  8.971 0.0000000000
24  17.976  6.278  9.089 0.0000000000
20  17.545  6.317  9.508 0.0000000000
19  18.141  6.337  9.684 0.0000000000
17  17.892  6.361  9.862 0.0000000000
16  17.861  6.210  9.970 0.0000000000
102  17.538  6.678  9.943 0.0000000000
8  15.399  5.801  6.080 0.0000000000
9  14.967  5.836  6.043 0.0000000000
13  14.980  5.914  5.829 0.0000000000
7  15.928  5.792  6.044 0.0000000000
5  14.820  5.767  6.180 0.0000000000
56  14.888  5.868  6.400 0.0000000000
60  14.773  6.014  6.300 0.0000000000
4  15.271  5.794  6.578 0.0000000000
55  15.005  5.903  6.705 0.0000000000
1  15.196  5.893  6.849 0.0000000000
0  15.448  5.794  6.918 0.0000000000
50  15.236  6.011  7.051 0.0000000000
59  14.842  5.939  6.550 0.0000000000
646  19.032  8.170  12.105 0.0000000000
647  18.836  7.960  11.960 0.0000000000
421  18.298  7.853  12.027 0.0000000000
420  18.528  7.910  12.064 0.0000000000
635  18.604  8.091  12.175 0.0000000000
914  19.826  8.428  12.539 0.0000000000
915  19.594  8.504  12.506 0.0000000000
624  18.724  8.465  12.639 0.0000000000
623  18.759  8.901  12.642 0.0000000000
900  19.307  8.730  12.754 0.0000000000
1298  19.808  9.249  13.396 0.0000000000
888  19.598  8.949  13.113 0.0000000000
1299  19.378  9.122  13.390 0.0000000000
889  19.105  8.871  13.209 0.0000000000
901  18.847  8.767  12.894 0.0000000000
1270  19.871  9.520  14.125 0.0000000000
1269  20.134  9.612  14.075 0.0000000000
1284  19.615  9.323  13.722 0.0000000000
1271  19.363  9.433  14.123 0.0000000000
1285  19.095  9.150  13.691 0.0000000000
1300  19.221  8.971  13.449 0.0000000000
879  19.080  8.915  13.509 0.0000000000
1689  19.571  9.866  14.275 0.0000000000
2134  20.212  10.177  14.506 0.0000000000
2135  19.809  10.156  14.501 0.0000000000
2120  20.123  10.278  14.857 0.0000000000
2106  19.987  10.493  15.171 0.0000000000
2504  20.365  10.865  15.256 0.0000000000
2121  19.622  10.269  14.852 0.0000000000
2136  19.328  10.066  14.597 0.0000000000
2894  20.873  11.097  15.273 0.0000000000
