#!ascii label  , from subject  vox2ras=TkReg
2022
3197  13.537  11.126  1.257 0.0000000000
3193  13.547  11.305  1.670 0.0000000000
2798  13.591  10.875  1.053 0.0000000000
3200  13.673  10.959  1.105 0.0000000000
3194  13.348  11.408  1.519 0.0000000000
3198  13.151  11.399  0.966 0.0000000000
2801  13.548  10.647  0.690 0.0000000000
3203  13.710  10.926  0.628 0.0000000000
3201  13.374  11.246  1.107 0.0000000000
2805  13.557  10.791  0.106 0.0000000000
3207  13.491  11.157  0.027 0.0000000000
3204  13.304  11.471  0.441 0.0000000000
3562  13.574  11.814  1.562 0.0000000000
3563  13.155  11.747  1.183 0.0000000000
3190  13.834  11.162  2.177 0.0000000000
2795  13.639  10.797  1.738 0.0000000000
3560  13.798  11.915  2.069 0.0000000000
3187  13.892  11.345  2.610 0.0000000000
2792  13.730  11.084  2.087 0.0000000000
3557  13.860  11.676  2.274 0.0000000000
3184  13.927  11.096  2.997 0.0000000000
2789  13.882  10.928  2.903 0.0000000000
3186  14.161  11.501  2.775 0.0000000000
3183  14.092  11.211  3.006 0.0000000000
3556  14.251  11.898  2.588 0.0000000000
3553  14.344  11.591  2.984 0.0000000000
2784  13.976  10.997  3.114 0.0000000000
3179  14.315  11.161  3.418 0.0000000000
2783  14.135  10.690  3.188 0.0000000000
3549  14.325  11.364  3.151 0.0000000000
3178  14.662  11.219  3.815 0.0000000000
2773  14.437  10.742  3.873 0.0000000000
3548  14.514  11.716  3.481 0.0000000000
3175  14.866  11.100  4.093 0.0000000000
2772  14.750  10.962  3.984 0.0000000000
3545  14.766  11.587  4.040 0.0000000000
3174  15.033  10.935  4.323 0.0000000000
2757  14.836  10.777  4.132 0.0000000000
3544  15.040  11.299  4.347 0.0000000000
3164  15.265  11.006  4.635 0.0000000000
2738  15.091  10.623  4.619 0.0000000000
2756  14.915  10.802  4.342 0.0000000000
3151  15.365  11.042  5.103 0.0000000000
2725  15.319  10.558  5.072 0.0000000000
3541  15.216  11.493  4.742 0.0000000000
3150  15.487  10.924  5.411 0.0000000000
2724  15.656  10.641  5.375 0.0000000000
3133  15.393  11.208  5.460 0.0000000000
3537  15.283  11.540  5.195 0.0000000000
3132  15.690  11.130  5.815 0.0000000000
3534  15.341  11.615  5.681 0.0000000000
3131  15.862  10.938  6.064 0.0000000000
2714  15.837  10.632  5.801 0.0000000000
3113  15.762  11.442  6.118 0.0000000000
3112  15.959  11.300  6.315 0.0000000000
3533  15.625  11.574  5.983 0.0000000000
2713  15.955  10.731  6.150 0.0000000000
3523  15.723  11.752  6.303 0.0000000000
3098  16.223  11.291  6.811 0.0000000000
2710  16.287  10.681  6.524 0.0000000000
3508  15.999  11.838  6.731 0.0000000000
3522  15.902  11.649  6.455 0.0000000000
3087  16.321  11.207  7.161 0.0000000000
2706  16.350  10.866  7.005 0.0000000000
3495  16.322  11.751  7.297 0.0000000000
3086  16.661  11.204  7.370 0.0000000000
2701  16.288  11.202  7.184 0.0000000000
3494  16.544  11.466  7.335 0.0000000000
3085  16.936  10.974  7.510 0.0000000000
2700  16.677  10.829  7.220 0.0000000000
3076  16.854  11.258  7.626 0.0000000000
3483  16.737  11.636  7.749 0.0000000000
3075  17.061  11.169  7.799 0.0000000000
2694  17.200  10.747  7.671 0.0000000000
2699  16.989  10.498  7.274 0.0000000000
3067  17.272  11.073  8.117 0.0000000000
2686  17.257  10.912  7.966 0.0000000000
3482  17.053  11.437  7.980 0.0000000000
3066  17.621  10.956  8.394 0.0000000000
2685  17.551  10.732  8.095 0.0000000000
3057  17.459  11.213  8.461 0.0000000000
3473  17.169  11.488  8.268 0.0000000000
3056  17.818  11.202  8.816 0.0000000000
2678  17.800  10.672  8.535 0.0000000000
3465  17.341  11.616  8.707 0.0000000000
3055  18.008  11.109  8.850 0.0000000000
2677  18.178  10.739  8.818 0.0000000000
3047  17.887  11.460  9.132 0.0000000000
3464  17.574  11.729  9.000 0.0000000000
3046  18.136  11.441  9.299 0.0000000000
2669  18.437  10.823  9.286 0.0000000000
3455  17.752  11.806  9.310 0.0000000000
3039  18.404  11.381  9.760 0.0000000000
3454  18.066  11.754  9.527 0.0000000000
3038  18.998  11.008  9.976 0.0000000000
2658  18.621  10.991  9.638 0.0000000000
3030  18.541  11.509  10.151 0.0000000000
3029  18.950  11.174  10.203 0.0000000000
3441  18.393  11.883  10.085 0.0000000000
3446  18.169  12.153  9.927 0.0000000000
3037  18.931  10.887  9.771 0.0000000000
2657  18.845  10.726  9.620 0.0000000000
3028  18.983  11.213  9.907 0.0000000000
2656  18.989  10.793  9.827 0.0000000000
3440  18.734  11.825  10.351 0.0000000000
3021  19.059  11.053  10.533 0.0000000000
2647  19.331  10.589  9.778 0.0000000000
2646  19.059  10.780  9.943 0.0000000000
3433  18.949  11.591  10.608 0.0000000000
3020  19.332  11.012  10.918 0.0000000000
2639  19.150  10.577  10.579 0.0000000000
3432  19.240  11.542  10.871 0.0000000000
3014  19.503  11.109  10.993 0.0000000000
2621  19.387  10.727  11.242 0.0000000000
2638  19.295  10.634  10.851 0.0000000000
3424  19.483  11.487  11.329 0.0000000000
3013  19.846  10.942  11.594 0.0000000000
2620  19.643  10.736  11.388 0.0000000000
3423  19.653  11.213  11.435 0.0000000000
3001  19.754  10.980  11.912 0.0000000000
2601  19.774  10.844  11.829 0.0000000000
3414  19.656  11.422  11.790 0.0000000000
2985  19.821  11.072  12.016 0.0000000000
2986  19.584  11.032  12.235 0.0000000000
2585  19.930  11.004  12.005 0.0000000000
3401  19.614  11.418  12.270 0.0000000000
2443  13.516  10.502  0.339 0.0000000000
2447  13.355  10.429  0.114 0.0000000000
2806  13.350  10.575  -0.098 0.0000000000
2809  13.587  10.868  -0.232 0.0000000000
2444  13.385  10.227  0.516 0.0000000000
2802  13.396  10.430  0.755 0.0000000000
2799  13.355  10.451  0.866 0.0000000000
2441  13.321  10.100  0.764 0.0000000000
2440  13.523  10.252  1.400 0.0000000000
2436  13.405  10.256  1.950 0.0000000000
2425  13.582  10.459  2.456 0.0000000000
2788  14.047  10.642  3.022 0.0000000000
2408  13.631  10.332  2.900 0.0000000000
2407  14.027  10.306  3.217 0.0000000000
2370  14.175  10.192  3.677 0.0000000000
2388  13.928  10.289  3.395 0.0000000000
2758  14.626  10.510  4.182 0.0000000000
2356  14.414  10.202  4.110 0.0000000000
2355  14.768  10.199  4.287 0.0000000000
2739  14.837  10.565  4.414 0.0000000000
2350  14.965  10.186  4.645 0.0000000000
2349  15.280  10.147  4.960 0.0000000000
2345  15.559  10.098  5.187 0.0000000000
2344  15.830  10.152  5.491 0.0000000000
2341  15.987  10.223  5.846 0.0000000000
2340  16.158  10.335  6.128 0.0000000000
2709  16.478  10.200  6.715 0.0000000000
2337  16.229  10.116  6.406 0.0000000000
2705  16.704  10.382  6.920 0.0000000000
2327  16.633  9.822  6.825 0.0000000000
2336  16.535  9.949  6.887 0.0000000000
2704  17.018  9.840  7.195 0.0000000000
2326  16.825  9.973  7.073 0.0000000000
2316  17.090  9.981  7.295 0.0000000000
2302  17.202  10.406  7.435 0.0000000000
2693  17.376  10.726  7.920 0.0000000000
2301  17.474  10.348  7.683 0.0000000000
2286  17.783  10.251  8.178 0.0000000000
2273  17.999  10.211  8.637 0.0000000000
2272  18.349  10.205  8.985 0.0000000000
2668  18.710  10.531  9.352 0.0000000000
2264  18.633  10.293  9.244 0.0000000000
2263  18.832  10.320  9.452 0.0000000000
2254  19.006  10.648  9.811 0.0000000000
2255  19.038  10.154  9.653 0.0000000000
2244  19.127  10.571  9.898 0.0000000000
2231  19.155  10.104  10.325 0.0000000000
2245  19.257  9.826  9.953 0.0000000000
2230  19.302  10.204  10.865 0.0000000000
2213  19.482  10.074  10.965 0.0000000000
2212  19.652  10.442  11.630 0.0000000000
2188  19.886  10.688  12.241 0.0000000000
2199  19.801  10.247  11.976 0.0000000000
2586  19.588  10.719  12.318 0.0000000000
2448  13.319  10.163  -0.066 0.0000000000
2065  13.271  9.751  0.650 0.0000000000
2067  13.294  9.788  0.178 0.0000000000
2062  13.311  9.756  1.056 0.0000000000
2061  13.550  9.824  1.539 0.0000000000
2050  13.148  9.980  2.231 0.0000000000
2049  13.382  9.877  2.041 0.0000000000
2437  13.149  10.104  2.095 0.0000000000
2426  13.167  10.301  2.561 0.0000000000
2389  13.639  10.279  3.440 0.0000000000
2390  13.117  10.250  3.404 0.0000000000
2409  12.925  10.319  2.968 0.0000000000
2372  13.292  10.083  3.734 0.0000000000
2373  12.815  10.280  4.062 0.0000000000
2391  12.637  10.267  3.305 0.0000000000
2371  13.833  10.030  3.657 0.0000000000
2357  13.092  10.020  4.021 0.0000000000
2358  12.606  10.107  4.043 0.0000000000
2374  12.396  10.165  3.651 0.0000000000
2013  13.696  10.150  3.884 0.0000000000
2012  14.006  9.865  3.887 0.0000000000
2011  14.207  9.915  3.951 0.0000000000
2007  12.861  9.664  4.282 0.0000000000
2008  12.392  9.921  4.101 0.0000000000
2359  12.322  10.104  3.970 0.0000000000
2006  13.524  9.756  4.211 0.0000000000
2004  14.437  9.865  4.205 0.0000000000
1992  14.912  9.810  4.573 0.0000000000
2003  14.713  9.952  4.388 0.0000000000
1991  15.173  9.897  4.747 0.0000000000
1977  15.356  9.791  4.982 0.0000000000
1976  15.650  9.657  5.227 0.0000000000
1958  15.886  9.727  5.610 0.0000000000
1957  16.179  9.828  5.919 0.0000000000
2328  16.262  9.895  6.537 0.0000000000
1937  16.239  9.783  6.192 0.0000000000
1916  16.285  9.547  6.499 0.0000000000
2317  16.889  9.713  7.102 0.0000000000
1895  16.834  9.353  7.048 0.0000000000
1915  16.616  9.289  6.775 0.0000000000
1894  17.088  9.521  7.230 0.0000000000
2315  17.478  9.958  7.409 0.0000000000
1893  17.376  9.753  7.367 0.0000000000
1876  17.722  9.796  7.780 0.0000000000
1859  17.852  9.680  8.403 0.0000000000
1840  18.214  9.755  8.738 0.0000000000
1820  18.546  10.086  9.081 0.0000000000
1839  18.250  9.725  8.785 0.0000000000
1819  18.744  10.045  9.383 0.0000000000
1808  19.067  10.063  9.932 0.0000000000
1794  18.906  9.685  10.206 0.0000000000
1780  19.145  9.773  10.669 0.0000000000
1764  19.562  10.033  11.000 0.0000000000
1779  19.306  9.846  10.964 0.0000000000
2200  19.694  10.200  11.642 0.0000000000
1752  19.346  9.918  11.503 0.0000000000
2189  19.454  10.233  11.995 0.0000000000
2190  19.035  9.947  12.289 0.0000000000
1739  19.173  9.659  12.008 0.0000000000
2174  19.306  10.380  12.560 0.0000000000
2175  18.826  10.153  12.820 0.0000000000
2571  19.176  10.498  12.907 0.0000000000
2570  19.688  10.623  12.914 0.0000000000
1654  13.357  9.216  0.409 0.0000000000
1657  13.237  9.291  -0.049 0.0000000000
2070  13.337  9.999  -0.112 0.0000000000
1650  13.309  9.234  0.840 0.0000000000
1637  13.391  9.350  1.259 0.0000000000
1638  13.330  9.111  1.018 0.0000000000
1626  13.598  9.414  1.704 0.0000000000
2036  12.975  9.930  2.291 0.0000000000
2035  13.258  9.817  2.180 0.0000000000
1621  13.438  9.372  2.287 0.0000000000
2024  13.009  9.732  2.736 0.0000000000
1622  13.163  9.639  2.451 0.0000000000
2037  12.808  9.899  2.609 0.0000000000
2427  12.772  10.124  2.650 0.0000000000
2018  12.977  9.550  3.009 0.0000000000
1618  13.289  9.364  2.871 0.0000000000
2025  12.680  9.832  2.871 0.0000000000
2019  12.780  9.630  3.291 0.0000000000
1608  13.055  9.175  3.304 0.0000000000
2005  14.201  9.787  4.146 0.0000000000
2014  12.617  9.664  3.824 0.0000000000
2015  12.263  9.995  3.811 0.0000000000
1996  13.266  9.500  4.636 0.0000000000
1569  12.984  9.232  4.681 0.0000000000
1585  12.825  9.029  4.065 0.0000000000
1598  12.846  9.219  3.975 0.0000000000
1995  13.791  9.306  4.961 0.0000000000
1994  14.239  9.504  4.639 0.0000000000
1993  14.657  9.631  4.553 0.0000000000
1979  13.134  9.236  5.050 0.0000000000
1568  13.752  9.133  5.233 0.0000000000
1545  13.432  9.231  5.390 0.0000000000
1978  13.275  9.230  5.121 0.0000000000
1567  14.060  9.143  5.075 0.0000000000
1566  14.513  9.214  4.860 0.0000000000
1565  14.900  9.370  4.763 0.0000000000
1564  15.123  9.615  4.776 0.0000000000
1546  12.883  9.310  5.225 0.0000000000
1541  15.229  9.338  5.063 0.0000000000
1515  15.739  9.274  5.397 0.0000000000
1540  15.528  9.315  5.215 0.0000000000
1514  15.983  9.244  5.742 0.0000000000
1488  16.232  9.295  6.073 0.0000000000
1469  16.292  8.803  6.337 0.0000000000
1453  16.980  9.126  7.048 0.0000000000
1468  16.549  8.963  6.725 0.0000000000
1452  16.999  9.182  7.152 0.0000000000
1451  17.416  9.205  7.520 0.0000000000
1438  17.703  9.269  8.025 0.0000000000
1417  18.043  9.258  8.805 0.0000000000
1427  17.841  9.245  8.399 0.0000000000
1416  18.321  9.504  8.913 0.0000000000
1400  18.455  9.338  9.244 0.0000000000
1399  18.778  9.710  9.397 0.0000000000
1387  18.789  9.375  9.749 0.0000000000
1364  18.973  9.366  10.782 0.0000000000
1374  18.706  9.082  10.276 0.0000000000
1363  19.202  9.621  10.888 0.0000000000
1349  19.262  9.621  11.149 0.0000000000
1334  19.122  9.436  11.631 0.0000000000
1322  18.825  9.251  12.036 0.0000000000
1321  18.882  9.191  12.029 0.0000000000
1740  18.898  9.790  12.412 0.0000000000
1253  13.322  8.802  -0.164 0.0000000000
1256  13.276  8.902  -0.503 0.0000000000
1660  13.297  9.413  -0.574 0.0000000000
1653  13.410  8.997  0.545 0.0000000000
1246  13.343  8.758  0.541 0.0000000000
1649  13.327  9.134  0.630 0.0000000000
1236  13.345  9.192  0.845 0.0000000000
1245  13.361  9.158  0.706 0.0000000000
1226  13.350  8.891  1.175 0.0000000000
1237  13.287  8.905  1.103 0.0000000000
1225  13.455  9.048  1.383 0.0000000000
1221  13.632  8.988  1.906 0.0000000000
1617  13.555  9.006  2.763 0.0000000000
1217  13.463  8.762  2.348 0.0000000000
1607  13.498  8.876  3.202 0.0000000000
1208  13.314  8.572  2.836 0.0000000000
1597  13.179  9.076  3.924 0.0000000000
1596  13.454  9.154  3.906 0.0000000000
1609  12.907  9.298  3.697 0.0000000000
1185  13.610  8.439  3.595 0.0000000000
1195  13.286  8.244  3.115 0.0000000000
1584  13.133  9.227  3.984 0.0000000000
1583  13.433  8.965  4.153 0.0000000000
1172  13.639  8.551  4.353 0.0000000000
1174  13.121  9.085  4.345 0.0000000000
1173  13.305  8.932  4.426 0.0000000000
1149  12.593  9.026  5.193 0.0000000000
1161  12.860  9.119  4.806 0.0000000000
1544  13.881  8.982  5.637 0.0000000000
1543  14.343  8.908  5.270 0.0000000000
1542  14.826  9.112  5.154 0.0000000000
1547  12.498  9.257  5.308 0.0000000000
1518  13.014  9.374  5.739 0.0000000000
1519  12.346  9.399  5.675 0.0000000000
1517  13.600  9.254  5.913 0.0000000000
1147  13.936  8.882  5.910 0.0000000000
1130  13.924  8.955  6.076 0.0000000000
1516  13.860  9.019  6.052 0.0000000000
1146  14.186  8.772  5.715 0.0000000000
1145  14.661  8.699  5.465 0.0000000000
1144  15.138  8.854  5.301 0.0000000000
1143  15.394  9.101  5.337 0.0000000000
1520  11.756  9.300  5.789 0.0000000000
1133  12.107  8.997  5.700 0.0000000000
1150  12.329  9.179  5.415 0.0000000000
1492  12.645  9.428  6.184 0.0000000000
1493  12.197  9.569  6.223 0.0000000000
1959  11.897  9.567  6.013 0.0000000000
1491  13.206  9.340  6.231 0.0000000000
1490  13.769  9.227  6.320 0.0000000000
1126  15.596  8.808  5.646 0.0000000000
1109  15.983  8.958  5.872 0.0000000000
1125  15.910  8.892  5.863 0.0000000000
1474  12.309  9.531  6.679 0.0000000000
1917  12.145  9.858  6.739 0.0000000000
1938  12.130  9.830  6.400 0.0000000000
1473  12.844  9.344  6.686 0.0000000000
1472  13.346  9.282  6.702 0.0000000000
1114  14.053  9.061  6.269 0.0000000000
1489  14.090  9.127  6.605 0.0000000000
1471  13.874  9.127  6.872 0.0000000000
1113  14.310  8.821  6.404 0.0000000000
1097  14.156  8.904  6.849 0.0000000000
1470  14.124  8.987  6.867 0.0000000000
1094  16.242  8.801  6.533 0.0000000000
1457  12.367  9.428  7.212 0.0000000000
1458  12.051  9.508  6.998 0.0000000000
1475  12.019  9.580  6.845 0.0000000000
1456  12.988  9.307  7.093 0.0000000000
1455  13.455  9.246  7.152 0.0000000000
1098  14.070  9.022  7.045 0.0000000000
1082  14.003  9.012  7.194 0.0000000000
1454  13.770  9.114  7.202 0.0000000000
1093  16.567  8.786  6.887 0.0000000000
1897  11.740  9.684  7.217 0.0000000000
1443  12.762  9.302  7.641 0.0000000000
1444  12.330  9.491  7.788 0.0000000000
1896  12.060  9.693  7.605 0.0000000000
1442  13.199  9.260  7.502 0.0000000000
1441  13.750  9.153  7.605 0.0000000000
1078  16.755  8.636  7.188 0.0000000000
1077  17.207  8.669  7.447 0.0000000000
1061  17.373  8.989  7.894 0.0000000000
1076  17.364  8.848  7.686 0.0000000000
1432  12.603  9.438  8.175 0.0000000000
1433  12.280  9.613  8.041 0.0000000000
1877  12.142  9.723  8.052 0.0000000000
1431  13.175  9.269  8.093 0.0000000000
1066  14.015  8.913  7.364 0.0000000000
1065  14.397  9.166  7.862 0.0000000000
1440  14.047  9.183  7.949 0.0000000000
1430  13.783  9.206  8.226 0.0000000000
1050  14.131  9.026  8.250 0.0000000000
1429  13.964  9.361  7.781 0.0000000000
1439  17.467  8.997  8.075 0.0000000000
1428  17.700  9.088  8.232 0.0000000000
1860  12.371  9.615  8.232 0.0000000000
1861  12.143  9.713  8.262 0.0000000000
1420  12.872  9.389  8.671 0.0000000000
1841  12.501  9.722  8.586 0.0000000000
1419  13.338  9.271  8.732 0.0000000000
1051  13.961  9.032  8.415 0.0000000000
1418  13.811  9.094  8.713 0.0000000000
1046  17.834  8.965  8.538 0.0000000000
1047  17.519  8.779  8.275 0.0000000000
1405  13.000  9.369  8.994 0.0000000000
1823  12.811  9.687  9.181 0.0000000000
1403  13.761  9.289  9.273 0.0000000000
1404  13.061  9.394  9.056 0.0000000000
1034  13.975  8.981  8.731 0.0000000000
1014  14.100  8.951  9.139 0.0000000000
1401  17.954  9.141  8.876 0.0000000000
1008  17.878  8.817  9.127 0.0000000000
1028  17.835  8.914  8.819 0.0000000000
1822  13.296  9.695  9.418 0.0000000000
1013  14.041  8.976  8.998 0.0000000000
1402  14.116  9.127  9.399 0.0000000000
1390  14.179  9.202  9.765 0.0000000000
1391  13.849  9.349  9.873 0.0000000000
1821  13.657  9.603  9.718 0.0000000000
995  14.370  8.935  9.528 0.0000000000
1007  18.146  8.988  9.297 0.0000000000
1388  18.516  9.188  9.722 0.0000000000
989  18.339  8.895  9.675 0.0000000000
1379  13.993  9.289  10.157 0.0000000000
1795  13.709  9.503  10.088 0.0000000000
1809  13.831  9.665  10.005 0.0000000000
1389  14.598  9.068  9.903 0.0000000000
1378  14.351  9.271  10.225 0.0000000000
994  14.800  8.818  9.684 0.0000000000
1377  14.865  9.072  10.259 0.0000000000
1375  18.661  8.957  10.127 0.0000000000
1368  14.080  9.279  10.624 0.0000000000
1782  13.734  9.638  10.619 0.0000000000
1367  14.463  9.314  10.704 0.0000000000
979  15.078  8.758  10.078 0.0000000000
978  15.321  8.783  10.259 0.0000000000
1376  15.130  9.128  10.620 0.0000000000
1366  14.934  9.237  10.807 0.0000000000
963  15.265  9.025  10.820 0.0000000000
1365  15.139  9.214  10.887 0.0000000000
974  18.313  8.712  10.196 0.0000000000
956  18.657  8.838  10.648 0.0000000000
973  18.580  8.842  10.399 0.0000000000
1781  14.159  9.591  10.847 0.0000000000
1355  14.609  9.367  11.124 0.0000000000
1356  14.306  9.509  11.004 0.0000000000
1354  15.164  9.281  11.199 0.0000000000
1350  18.960  9.093  11.131 0.0000000000
940  18.804  9.136  11.091 0.0000000000
1767  14.282  9.752  11.280 0.0000000000
1766  14.747  9.684  11.409 0.0000000000
947  15.535  8.991  10.966 0.0000000000
1353  15.797  9.107  11.299 0.0000000000
1341  15.554  9.365  11.629 0.0000000000
1342  15.255  9.519  11.534 0.0000000000
1765  15.088  9.677  11.524 0.0000000000
946  15.854  8.912  10.899 0.0000000000
1352  16.333  9.059  11.288 0.0000000000
1340  16.153  9.315  11.691 0.0000000000
945  16.484  8.778  11.013 0.0000000000
1351  16.677  8.903  11.287 0.0000000000
1339  16.760  9.063  11.590 0.0000000000
944  16.934  8.736  11.108 0.0000000000
931  16.895  8.844  11.448 0.0000000000
1335  18.878  9.251  11.495 0.0000000000
1755  15.312  9.818  11.877 0.0000000000
1754  15.884  9.637  11.875 0.0000000000
1327  16.579  9.275  11.943 0.0000000000
1744  16.249  9.592  12.125 0.0000000000
1753  16.075  9.538  11.850 0.0000000000
930  17.110  8.752  11.464 0.0000000000
1338  17.268  8.956  11.754 0.0000000000
1326  16.780  9.252  11.938 0.0000000000
929  17.610  8.686  11.529 0.0000000000
1337  17.764  9.003  11.827 0.0000000000
1325  17.447  9.214  11.988 0.0000000000
928  18.155  8.749  11.576 0.0000000000
1336  18.244  9.057  11.896 0.0000000000
1324  17.838  9.179  12.099 0.0000000000
917  18.419  8.933  11.824 0.0000000000
1323  18.146  9.101  11.970 0.0000000000
916  18.719  9.062  11.707 0.0000000000
927  18.638  8.895  11.460 0.0000000000
1743  16.769  9.508  12.254 0.0000000000
1742  17.225  9.483  12.251 0.0000000000
1741  17.552  9.342  12.223 0.0000000000
1311  18.015  9.236  12.287 0.0000000000
1727  17.712  9.497  12.583 0.0000000000
1310  18.321  9.245  12.528 0.0000000000
1309  18.657  9.632  12.546 0.0000000000
1726  18.325  9.782  12.899 0.0000000000
1725  18.725  10.005  12.735 0.0000000000
863  13.233  8.334  -0.495 0.0000000000
866  13.273  8.671  -0.938 0.0000000000
1259  13.283  9.062  -0.917 0.0000000000
854  13.237  8.229  0.262 0.0000000000
861  13.276  8.058  -0.242 0.0000000000
849  13.226  8.274  0.745 0.0000000000
845  13.320  8.402  1.303 0.0000000000
844  13.568  8.697  1.547 0.0000000000
839  13.601  8.647  1.953 0.0000000000
1218  13.363  8.455  2.271 0.0000000000
832  13.495  8.469  2.097 0.0000000000
1209  13.274  8.293  2.617 0.0000000000
1196  13.319  8.009  2.907 0.0000000000
804  13.254  7.891  3.009 0.0000000000
817  13.149  7.947  2.629 0.0000000000
833  13.281  8.171  2.176 0.0000000000
803  13.439  7.952  3.374 0.0000000000
791  13.659  8.047  3.880 0.0000000000
1160  13.265  8.566  4.900 0.0000000000
1159  13.462  8.251  5.120 0.0000000000
769  13.765  7.973  4.972 0.0000000000
779  13.762  7.845  4.199 0.0000000000
1148  12.971  8.744  5.284 0.0000000000
765  13.287  8.336  5.351 0.0000000000
770  13.190  8.189  5.079 0.0000000000
1132  12.521  8.747  5.732 0.0000000000
1131  13.057  8.672  5.788 0.0000000000
1129  14.006  8.866  5.825 0.0000000000
1128  14.511  8.679  5.943 0.0000000000
1127  15.023  8.647  5.766 0.0000000000
1117  12.211  8.766  6.234 0.0000000000
1118  11.741  8.832  6.242 0.0000000000
1134  11.755  9.005  5.866 0.0000000000
1116  12.705  8.739  6.277 0.0000000000
1115  13.102  8.617  6.321 0.0000000000
760  13.237  8.332  6.006 0.0000000000
1112  15.038  8.388  6.111 0.0000000000
1111  15.352  8.558  6.135 0.0000000000
1110  15.929  8.734  6.174 0.0000000000
1102  11.452  8.755  6.840 0.0000000000
1101  12.016  8.753  6.942 0.0000000000
1119  11.242  8.816  6.371 0.0000000000
1494  11.416  8.857  5.888 0.0000000000
1100  12.425  8.738  6.846 0.0000000000
1099  12.905  8.651  6.923 0.0000000000
749  13.060  8.543  7.041 0.0000000000
756  12.804  8.038  6.578 0.0000000000
1096  14.595  8.678  6.838 0.0000000000
754  15.172  8.204  6.454 0.0000000000
746  14.777  8.171  7.049 0.0000000000
753  15.573  8.259  6.423 0.0000000000
1095  15.813  8.459  6.540 0.0000000000
744  15.775  8.255  6.730 0.0000000000
752  15.980  8.501  6.353 0.0000000000
1086  11.635  8.729  7.379 0.0000000000
1087  10.935  8.670  7.146 0.0000000000
1103  10.970  8.719  6.847 0.0000000000
1085  12.149  8.730  7.454 0.0000000000
1084  12.664  8.624  7.305 0.0000000000
1083  12.916  8.465  7.259 0.0000000000
739  13.238  8.300  7.361 0.0000000000
1081  14.394  9.191  7.178 0.0000000000
1080  14.907  8.789  7.321 0.0000000000
743  15.966  8.164  6.845 0.0000000000
1079  16.392  8.574  6.991 0.0000000000
1070  11.325  8.674  7.830 0.0000000000
1071  10.859  8.658  7.775 0.0000000000
1088  10.665  8.667  7.291 0.0000000000
1069  11.752  8.706  7.896 0.0000000000
1068  12.194  8.728  8.119 0.0000000000
1067  12.588  8.607  7.815 0.0000000000
740  12.851  8.385  7.492 0.0000000000
736  15.075  8.221  7.272 0.0000000000
1064  15.155  8.598  7.812 0.0000000000
733  16.358  8.160  7.359 0.0000000000
732  16.887  8.303  7.594 0.0000000000
1062  17.345  8.636  7.856 0.0000000000
731  17.140  8.454  7.667 0.0000000000
1056  10.593  8.710  8.196 0.0000000000
1055  11.053  8.641  8.268 0.0000000000
1072  10.380  8.713  7.726 0.0000000000
1054  11.494  8.662  8.330 0.0000000000
1053  11.911  8.685  8.376 0.0000000000
1052  12.411  8.642  8.391 0.0000000000
716  12.780  8.400  8.185 0.0000000000
728  12.970  8.297  7.823 0.0000000000
1049  14.606  8.788  8.221 0.0000000000
724  15.232  8.222  7.488 0.0000000000
723  15.415  8.021  7.735 0.0000000000
1063  15.187  8.402  7.970 0.0000000000
1048  14.982  8.806  8.025 0.0000000000
712  15.230  8.256  8.303 0.0000000000
710  17.215  8.299  8.260 0.0000000000
719  17.135  8.302  7.854 0.0000000000
1039  10.811  8.683  8.648 0.0000000000
1040  10.341  8.827  8.599 0.0000000000
1057  10.092  8.863  8.161 0.0000000000
1038  11.233  8.654  8.770 0.0000000000
1037  11.692  8.663  8.788 0.0000000000
1036  12.148  8.657  8.804 0.0000000000
1035  12.506  8.611  8.778 0.0000000000
707  12.789  8.372  8.681 0.0000000000
1033  14.355  8.824  8.688 0.0000000000
1032  14.841  8.755  8.686 0.0000000000
1031  15.268  8.594  8.675 0.0000000000
1029  17.524  8.646  8.782 0.0000000000
1020  10.160  8.804  8.991 0.0000000000
1019  10.583  8.735  8.972 0.0000000000
1041  10.005  8.950  8.769 0.0000000000
1421  10.145  9.052  8.508 0.0000000000
1018  11.012  8.686  9.113 0.0000000000
1017  11.474  8.664  9.222 0.0000000000
1016  11.958  8.654  9.209 0.0000000000
1015  12.565  8.558  9.195 0.0000000000
1012  14.572  8.788  9.144 0.0000000000
1011  15.031  8.737  9.142 0.0000000000
703  15.383  8.298  8.691 0.0000000000
1030  15.523  8.439  8.816 0.0000000000
1010  15.624  8.562  9.143 0.0000000000
702  15.738  8.086  9.032 0.0000000000
1009  17.623  8.600  9.095 0.0000000000
690  17.420  8.405  9.162 0.0000000000
700  17.169  8.284  8.773 0.0000000000
1406  10.433  8.871  9.248 0.0000000000
1407  10.077  9.160  9.310 0.0000000000
1021  9.900  8.900  9.018 0.0000000000
1001  10.766  8.790  9.342 0.0000000000
1000  11.172  8.792  9.738 0.0000000000
999  11.790  8.712  9.746 0.0000000000
998  12.319  8.673  9.707 0.0000000000
997  12.793  8.518  9.731 0.0000000000
685  12.855  8.359  9.480 0.0000000000
696  12.991  8.290  9.204 0.0000000000
993  15.244  8.720  9.656 0.0000000000
693  15.812  8.018  9.206 0.0000000000
682  15.832  8.273  9.413 0.0000000000
992  15.764  8.596  9.708 0.0000000000
689  17.704  8.530  9.221 0.0000000000
990  18.096  8.678  9.467 0.0000000000
678  17.804  8.439  9.498 0.0000000000
1393  10.610  9.015  9.655 0.0000000000
984  11.299  8.883  10.143 0.0000000000
983  11.674  8.838  10.363 0.0000000000
1381  10.951  9.022  10.012 0.0000000000
1392  10.911  8.941  9.877 0.0000000000
982  12.165  8.746  10.271 0.0000000000
981  12.642  8.710  10.176 0.0000000000
996  12.989  8.487  9.820 0.0000000000
684  13.152  8.351  9.737 0.0000000000
980  13.010  8.600  9.995 0.0000000000
681  16.192  8.072  9.610 0.0000000000
991  16.058  8.642  9.941 0.0000000000
977  15.891  8.715  10.164 0.0000000000
672  16.281  8.354  10.129 0.0000000000
976  16.131  8.618  10.121 0.0000000000
677  18.105  8.509  9.867 0.0000000000
1380  11.344  8.986  10.402 0.0000000000
968  11.944  8.812  10.935 0.0000000000
967  12.045  8.785  10.830 0.0000000000
1369  11.594  9.002  10.791 0.0000000000
966  12.495  8.773  10.762 0.0000000000
965  13.067  8.712  10.620 0.0000000000
674  13.209  8.490  10.175 0.0000000000
962  15.681  8.742  10.676 0.0000000000
961  16.203  8.569  10.559 0.0000000000
669  17.870  8.254  10.067 0.0000000000
668  18.104  8.450  10.048 0.0000000000
975  18.185  8.661  10.325 0.0000000000
957  18.189  8.626  10.684 0.0000000000
952  11.863  8.906  11.071 0.0000000000
951  12.217  8.921  11.328 0.0000000000
950  12.852  8.801  11.245 0.0000000000
964  13.627  8.497  10.851 0.0000000000
665  13.396  8.383  10.536 0.0000000000
949  13.384  8.759  11.181 0.0000000000
948  13.735  8.482  11.142 0.0000000000
657  13.914  8.183  11.184 0.0000000000
664  13.728  8.151  10.665 0.0000000000
663  16.532  8.245  10.474 0.0000000000
960  16.726  8.483  10.777 0.0000000000
662  16.771  8.143  10.553 0.0000000000
959  17.211  8.440  10.814 0.0000000000
661  17.501  8.159  10.503 0.0000000000
958  17.702  8.497  10.711 0.0000000000
943  17.419  8.664  11.109 0.0000000000
660  17.765  8.325  10.427 0.0000000000
942  17.950  8.627  11.095 0.0000000000
941  18.462  8.673  11.100 0.0000000000
1358  11.607  9.282  11.290 0.0000000000
937  12.392  9.060  11.682 0.0000000000
936  12.755  8.909  11.754 0.0000000000
1346  12.107  9.306  11.697 0.0000000000
1357  12.053  9.020  11.339 0.0000000000
935  13.172  8.867  11.681 0.0000000000
934  13.708  8.780  11.597 0.0000000000
1345  12.500  9.147  11.826 0.0000000000
924  12.939  8.858  12.048 0.0000000000
923  13.074  8.920  12.008 0.0000000000
1330  12.774  9.082  12.042 0.0000000000
1344  12.853  8.959  12.000 0.0000000000
1343  13.301  9.041  11.863 0.0000000000
933  14.127  8.767  11.801 0.0000000000
652  13.996  8.453  11.631 0.0000000000
922  14.203  8.925  12.030 0.0000000000
1328  13.623  9.220  12.084 0.0000000000
932  14.472  8.753  11.826 0.0000000000
651  14.307  8.426  11.594 0.0000000000
921  14.256  8.867  12.133 0.0000000000
920  14.681  8.811  12.159 0.0000000000
650  14.883  8.338  11.735 0.0000000000
1329  13.132  9.072  12.114 0.0000000000
911  13.813  9.060  12.403 0.0000000000
910  14.326  8.948  12.557 0.0000000000
919  15.046  8.780  12.354 0.0000000000
643  15.143  8.459  12.026 0.0000000000
909  14.791  8.991  12.641 0.0000000000
918  15.591  8.702  12.430 0.0000000000
642  15.271  8.420  12.086 0.0000000000
908  15.213  8.917  12.783 0.0000000000
907  15.950  8.828  12.965 0.0000000000
630  15.973  8.442  12.590 0.0000000000
641  15.870  8.200  12.130 0.0000000000
1316  13.853  9.373  12.770 0.0000000000
1315  14.521  9.318  12.908 0.0000000000
1314  15.037  9.275  12.942 0.0000000000
1313  15.489  8.969  13.056 0.0000000000
906  16.597  8.744  13.003 0.0000000000
629  16.353  8.476  12.656 0.0000000000
896  16.016  8.922  13.184 0.0000000000
895  16.344  8.899  13.423 0.0000000000
1312  15.856  8.954  13.093 0.0000000000
905  17.047  8.653  12.870 0.0000000000
628  16.811  8.384  12.594 0.0000000000
894  16.934  8.789  13.286 0.0000000000
904  17.454  8.529  12.767 0.0000000000
627  17.231  8.293  12.497 0.0000000000
893  17.366  8.750  13.148 0.0000000000
903  17.888  8.563  12.802 0.0000000000
626  17.684  8.269  12.492 0.0000000000
892  17.702  8.719  13.040 0.0000000000
902  18.363  8.699  12.876 0.0000000000
625  18.206  8.342  12.550 0.0000000000
891  18.039  8.759  13.130 0.0000000000
1302  15.845  8.864  13.352 0.0000000000
885  16.506  8.898  13.825 0.0000000000
884  16.861  8.934  13.668 0.0000000000
1291  16.209  9.111  13.827 0.0000000000
1301  16.014  9.118  13.614 0.0000000000
883  17.271  8.852  13.595 0.0000000000
882  17.738  8.789  13.487 0.0000000000
881  18.244  8.831  13.535 0.0000000000
890  18.550  8.813  13.194 0.0000000000
1290  16.695  8.970  13.972 0.0000000000
1289  17.064  9.068  13.882 0.0000000000
1288  17.559  8.984  13.940 0.0000000000
1287  18.039  8.972  13.906 0.0000000000
880  18.788  8.860  13.534 0.0000000000
1286  18.601  9.078  13.822 0.0000000000
612  13.348  7.911  -1.028 0.0000000000
870  13.040  8.504  -1.205 0.0000000000
871  13.157  8.856  -1.139 0.0000000000
867  13.237  8.978  -1.077 0.0000000000
606  13.046  7.714  -0.393 0.0000000000
601  13.134  8.110  -0.060 0.0000000000
594  13.099  8.178  0.290 0.0000000000
583  13.050  7.989  1.130 0.0000000000
588  13.002  7.848  0.934 0.0000000000
840  13.424  8.363  1.806 0.0000000000
577  13.083  8.056  1.792 0.0000000000
563  13.077  7.942  2.212 0.0000000000
547  13.088  7.436  3.042 0.0000000000
550  12.926  7.626  2.555 0.0000000000
546  13.283  7.639  3.353 0.0000000000
543  13.400  7.717  3.853 0.0000000000
539  13.678  7.604  4.462 0.0000000000
764  13.378  8.223  5.312 0.0000000000
536  13.802  7.854  5.025 0.0000000000
759  13.357  8.129  5.845 0.0000000000
526  13.860  7.925  5.897 0.0000000000
532  13.814  8.172  5.285 0.0000000000
755  13.482  8.212  6.279 0.0000000000
521  13.712  8.052  6.104 0.0000000000
748  13.650  8.239  6.832 0.0000000000
517  13.803  7.955  6.469 0.0000000000
745  15.329  8.159  6.843 0.0000000000
747  14.012  7.901  6.781 0.0000000000
516  14.093  8.018  6.907 0.0000000000
738  13.802  8.188  7.251 0.0000000000
737  14.015  8.031  7.089 0.0000000000
735  15.456  8.148  7.214 0.0000000000
734  15.882  8.138  7.289 0.0000000000
727  13.319  8.236  7.905 0.0000000000
726  13.672  8.139  7.791 0.0000000000
725  13.877  7.831  7.537 0.0000000000
513  14.217  7.907  7.228 0.0000000000
511  16.005  7.914  7.448 0.0000000000
722  15.814  7.959  7.546 0.0000000000
721  16.558  7.993  7.905 0.0000000000
502  16.363  7.955  7.799 0.0000000000
510  16.127  7.960  7.582 0.0000000000
720  16.911  8.114  7.980 0.0000000000
715  13.053  8.221  8.189 0.0000000000
714  13.486  7.957  8.207 0.0000000000
498  13.774  8.011  8.108 0.0000000000
507  13.826  7.875  8.208 0.0000000000
506  14.217  7.724  7.738 0.0000000000
504  15.601  7.721  7.978 0.0000000000
495  15.540  8.080  8.208 0.0000000000
503  15.917  7.783  7.770 0.0000000000
501  16.654  8.084  7.953 0.0000000000
711  16.884  8.157  8.080 0.0000000000
492  16.665  8.015  8.113 0.0000000000
706  13.049  8.040  8.787 0.0000000000
713  13.758  7.815  8.474 0.0000000000
497  13.962  7.897  8.281 0.0000000000
705  13.631  7.817  8.950 0.0000000000
704  13.886  7.958  8.686 0.0000000000
486  15.398  8.032  8.649 0.0000000000
701  16.911  8.094  8.481 0.0000000000
695  13.434  8.232  9.297 0.0000000000
694  13.737  8.003  9.415 0.0000000000
489  13.833  7.884  9.188 0.0000000000
488  14.037  7.774  8.994 0.0000000000
485  15.878  7.998  8.874 0.0000000000
691  16.994  8.077  8.976 0.0000000000
483  16.624  7.774  8.636 0.0000000000
683  13.635  8.161  9.766 0.0000000000
470  13.855  7.878  9.845 0.0000000000
479  13.945  7.801  9.482 0.0000000000
476  15.965  7.736  9.081 0.0000000000
692  16.085  7.833  9.274 0.0000000000
475  16.363  7.681  9.073 0.0000000000
467  16.311  7.816  9.307 0.0000000000
680  16.869  8.053  9.574 0.0000000000
466  16.656  7.798  9.274 0.0000000000
474  16.711  7.829  8.962 0.0000000000
679  17.399  8.145  9.544 0.0000000000
673  13.514  8.264  10.163 0.0000000000
462  13.791  7.972  10.217 0.0000000000
671  16.701  8.221  10.045 0.0000000000
670  17.229  8.147  10.051 0.0000000000
457  13.940  7.870  10.696 0.0000000000
656  14.456  8.157  11.260 0.0000000000
450  14.133  7.848  11.005 0.0000000000
655  14.825  8.008  11.396 0.0000000000
449  14.626  7.861  11.053 0.0000000000
438  14.830  8.023  11.552 0.0000000000
448  15.100  7.852  11.234 0.0000000000
649  15.553  8.084  11.936 0.0000000000
437  15.308  7.972  11.596 0.0000000000
648  16.116  7.982  12.083 0.0000000000
436  15.774  7.963  11.678 0.0000000000
426  15.965  7.911  12.003 0.0000000000
640  16.213  8.249  12.324 0.0000000000
425  16.288  7.867  12.094 0.0000000000
639  16.591  8.163  12.277 0.0000000000
638  17.067  7.986  12.222 0.0000000000
424  16.837  7.843  11.955 0.0000000000
637  17.491  7.967  12.218 0.0000000000
423  17.291  7.829  12.017 0.0000000000
636  18.014  8.005  12.221 0.0000000000
422  17.823  7.811  12.006 0.0000000000
602  12.881  7.594  0.042 0.0000000000
595  12.878  7.670  0.540 0.0000000000
589  12.905  7.731  0.882 0.0000000000
578  12.847  7.585  1.581 0.0000000000
584  12.822  7.594  1.128 0.0000000000
564  13.002  7.709  2.052 0.0000000000
551  12.819  7.484  2.362 0.0000000000
344  12.903  7.232  2.141 0.0000000000
337  12.835  7.215  2.705 0.0000000000
336  12.932  7.360  2.822 0.0000000000
544  13.167  7.306  3.630 0.0000000000
328  12.868  7.103  3.400 0.0000000000
332  12.887  7.194  3.001 0.0000000000
540  13.236  7.271  4.003 0.0000000000
325  12.982  7.001  4.084 0.0000000000
324  13.231  6.997  4.377 0.0000000000
319  13.669  7.311  5.063 0.0000000000
535  14.030  7.918  5.214 0.0000000000
318  13.986  7.595  5.080 0.0000000000
531  13.894  7.719  5.269 0.0000000000
525  14.146  7.624  5.808 0.0000000000
312  13.940  7.307  5.513 0.0000000000
520  14.035  8.059  6.358 0.0000000000
524  14.292  7.258  6.012 0.0000000000
306  14.057  7.092  5.813 0.0000000000
519  14.476  7.541  6.351 0.0000000000
299  14.387  7.010  6.216 0.0000000000
305  14.204  7.020  6.002 0.0000000000
515  14.541  7.571  7.000 0.0000000000
295  14.698  7.003  6.732 0.0000000000
512  14.548  7.590  7.484 0.0000000000
292  14.897  7.131  7.349 0.0000000000
505  14.452  7.525  7.673 0.0000000000
287  14.596  7.306  7.799 0.0000000000
288  14.095  7.695  7.790 0.0000000000
494  16.083  7.874  8.206 0.0000000000
493  16.275  7.738  8.189 0.0000000000
496  14.264  7.776  8.453 0.0000000000
283  14.135  7.737  8.158 0.0000000000
487  14.455  7.557  8.696 0.0000000000
282  14.563  7.402  8.270 0.0000000000
484  16.110  7.732  8.690 0.0000000000
478  14.325  7.730  9.529 0.0000000000
273  14.443  7.445  9.170 0.0000000000
278  14.648  7.331  8.964 0.0000000000
277  14.713  7.322  8.847 0.0000000000
469  14.121  7.749  9.950 0.0000000000
477  14.415  7.669  9.740 0.0000000000
272  14.743  7.439  9.481 0.0000000000
468  14.551  7.705  9.834 0.0000000000
461  14.099  7.797  10.253 0.0000000000
460  14.671  7.661  10.233 0.0000000000
266  14.877  7.371  9.950 0.0000000000
456  14.404  7.814  10.664 0.0000000000
455  14.964  7.671  10.747 0.0000000000
250  15.030  7.351  10.418 0.0000000000
259  14.972  7.332  10.161 0.0000000000
454  15.317  7.615  11.006 0.0000000000
249  15.466  7.358  10.672 0.0000000000
447  15.570  7.753  11.258 0.0000000000
239  15.547  7.462  11.065 0.0000000000
446  15.952  7.829  11.369 0.0000000000
238  15.927  7.480  11.073 0.0000000000
445  16.322  7.765  11.272 0.0000000000
435  16.010  7.887  11.860 0.0000000000
444  16.795  7.643  11.169 0.0000000000
237  16.443  7.410  10.979 0.0000000000
434  16.612  7.868  11.589 0.0000000000
443  17.020  7.393  11.018 0.0000000000
236  16.842  7.371  10.941 0.0000000000
433  17.176  7.717  11.408 0.0000000000
235  17.296  7.362  10.920 0.0000000000
432  17.687  7.544  11.656 0.0000000000
229  17.604  7.349  11.289 0.0000000000
333  12.813  7.085  2.971 0.0000000000
182  12.823  6.912  3.047 0.0000000000
186  12.881  6.874  2.639 0.0000000000
329  12.791  7.052  3.139 0.0000000000
177  12.818  6.936  3.295 0.0000000000
176  13.059  6.714  3.587 0.0000000000
320  13.215  7.055  4.959 0.0000000000
171  12.921  6.560  4.336 0.0000000000
314  13.613  6.766  5.286 0.0000000000
163  13.483  6.596  5.163 0.0000000000
167  13.046  6.602  4.929 0.0000000000
313  13.893  6.771  5.669 0.0000000000
162  13.932  6.636  5.376 0.0000000000
307  14.022  7.025  5.770 0.0000000000
158  13.971  6.821  5.627 0.0000000000
157  14.155  6.709  5.706 0.0000000000
300  14.145  7.079  5.868 0.0000000000
153  14.369  6.778  6.014 0.0000000000
152  14.758  6.531  6.259 0.0000000000
143  14.916  6.754  7.072 0.0000000000
148  15.052  6.517  6.798 0.0000000000
291  15.090  6.932  7.614 0.0000000000
142  15.217  6.497  7.309 0.0000000000
286  14.906  7.037  7.723 0.0000000000
136  14.977  6.826  7.849 0.0000000000
137  14.788  6.974  7.769 0.0000000000
281  14.855  6.892  8.488 0.0000000000
131  14.860  6.937  8.176 0.0000000000
276  15.100  7.110  8.923 0.0000000000
130  15.271  6.826  8.358 0.0000000000
271  15.247  7.180  9.337 0.0000000000
118  15.274  6.986  9.045 0.0000000000
124  15.322  6.930  8.841 0.0000000000
265  15.111  7.288  9.769 0.0000000000
270  15.766  7.120  9.372 0.0000000000
117  15.542  6.779  9.012 0.0000000000
264  15.511  7.281  9.769 0.0000000000
269  16.204  6.981  9.661 0.0000000000
116  16.091  6.689  9.032 0.0000000000
263  15.952  7.147  9.809 0.0000000000
112  16.349  6.898  9.637 0.0000000000
258  15.255  7.308  10.131 0.0000000000
257  15.737  7.308  10.161 0.0000000000
256  16.238  7.248  10.040 0.0000000000
248  16.044  7.369  10.570 0.0000000000
255  16.723  7.090  10.180 0.0000000000
105  16.453  6.957  10.029 0.0000000000
247  16.542  7.368  10.504 0.0000000000
254  16.958  6.931  10.117 0.0000000000
104  16.655  6.928  10.074 0.0000000000
246  16.971  7.356  10.529 0.0000000000
245  17.246  7.125  10.402 0.0000000000
234  17.836  6.985  10.964 0.0000000000
244  17.602  7.132  10.729 0.0000000000
172  12.892  6.365  4.441 0.0000000000
85  13.109  6.283  4.396 0.0000000000
90  13.135  6.314  4.083 0.0000000000
168  12.900  6.414  4.595 0.0000000000
80  12.832  6.381  4.771 0.0000000000
86  12.933  6.299  4.519 0.0000000000
73  13.253  6.141  4.808 0.0000000000
79  13.468  6.236  4.772 0.0000000000
72  13.777  6.306  5.108 0.0000000000
161  14.104  6.545  5.413 0.0000000000
71  14.252  6.321  5.291 0.0000000000
156  14.499  6.502  5.865 0.0000000000
66  14.432  6.367  5.647 0.0000000000
65  14.902  6.010  5.703 0.0000000000
151  14.951  6.045  6.720 0.0000000000
60  14.773  6.014  6.300 0.0000000000
147  15.120  6.143  6.926 0.0000000000
55  15.005  5.903  6.705 0.0000000000
59  14.842  5.939  6.550 0.0000000000
50  15.236  6.011  7.051 0.0000000000
141  15.480  6.242  7.425 0.0000000000
49  15.669  6.088  7.256 0.0000000000
135  15.567  6.467  7.749 0.0000000000
134  16.022  6.387  7.970 0.0000000000
44  15.998  6.262  7.660 0.0000000000
129  15.744  6.588  8.241 0.0000000000
123  15.552  6.721  8.617 0.0000000000
122  15.884  6.616  8.586 0.0000000000
128  16.051  6.437  8.248 0.0000000000
84  13.611  6.051  4.206 0.0000000000
78  14.069  6.056  4.724 0.0000000000
1260  13.159  9.010  -0.912 0.0000000000
1264  13.152  8.800  -1.390 0.0000000000
876  12.952  8.630  -1.486 0.0000000000
1408  9.829  9.154  8.921 0.0000000000
1422  9.960  9.153  8.575 0.0000000000
1434  10.007  9.057  8.362 0.0000000000
1073  9.939  8.830  7.656 0.0000000000
1058  9.806  8.979  7.928 0.0000000000
1435  9.846  9.198  8.202 0.0000000000
1445  9.752  9.261  7.617 0.0000000000
1089  10.187  8.724  7.249 0.0000000000
1090  9.815  8.922  7.214 0.0000000000
1104  10.477  8.697  6.836 0.0000000000
1105  9.982  8.819  6.764 0.0000000000
1459  9.712  9.226  7.047 0.0000000000
1106  9.763  8.989  6.914 0.0000000000
1120  10.768  8.771  6.428 0.0000000000
1121  10.343  8.775  6.471 0.0000000000
1477  9.774  9.107  6.639 0.0000000000
1476  9.892  8.944  6.565 0.0000000000
1497  10.013  8.980  6.300 0.0000000000
1495  10.958  9.038  6.001 0.0000000000
1496  10.567  8.940  6.136 0.0000000000
1662  13.316  9.453  -1.017 0.0000000000
1263  13.268  9.078  -1.254 0.0000000000
1665  13.295  9.459  -1.474 0.0000000000
1267  13.203  9.107  -1.792 0.0000000000
1268  12.918  8.827  -1.670 0.0000000000
1285  19.095  9.150  13.691 0.0000000000
1272  18.855  9.371  14.091 0.0000000000
1273  18.350  9.296  14.101 0.0000000000
1274  17.972  9.238  14.025 0.0000000000
1275  17.423  9.291  14.116 0.0000000000
1276  16.977  9.304  14.071 0.0000000000
1277  16.484  9.316  14.069 0.0000000000
1278  15.990  9.326  14.108 0.0000000000
1292  15.646  9.037  13.926 0.0000000000
1279  15.531  9.287  14.072 0.0000000000
1293  15.047  9.287  13.820 0.0000000000
1303  15.128  9.100  13.413 0.0000000000
1280  15.040  9.480  14.138 0.0000000000
1294  14.575  9.380  13.857 0.0000000000
1304  14.776  9.342  13.376 0.0000000000
1281  14.583  9.677  14.109 0.0000000000
1295  14.282  9.726  13.906 0.0000000000
1305  14.215  9.658  13.390 0.0000000000
1700  14.237  9.945  14.049 0.0000000000
1709  14.081  9.864  13.784 0.0000000000
1720  13.977  9.875  13.565 0.0000000000
1306  13.878  9.649  13.121 0.0000000000
1721  13.775  9.828  13.327 0.0000000000
1732  13.665  9.728  13.009 0.0000000000
1317  13.241  9.355  12.505 0.0000000000
1733  13.295  9.763  12.821 0.0000000000
1318  12.886  9.300  12.341 0.0000000000
1734  12.716  9.719  12.577 0.0000000000
1747  12.559  9.451  12.225 0.0000000000
1331  12.381  9.341  11.992 0.0000000000
1748  12.135  9.682  12.177 0.0000000000
1758  11.981  9.628  11.920 0.0000000000
1347  11.843  9.499  11.735 0.0000000000
1759  11.600  9.777  11.862 0.0000000000
1770  11.302  9.630  11.490 0.0000000000
1370  11.118  9.219  10.676 0.0000000000
1359  11.150  9.364  11.004 0.0000000000
1771  11.026  9.593  11.197 0.0000000000
1785  10.901  9.478  10.904 0.0000000000
1371  10.793  9.209  10.318 0.0000000000
1786  10.552  9.565  10.625 0.0000000000
1382  10.759  9.087  9.993 0.0000000000
1798  10.483  9.315  10.245 0.0000000000
1383  10.395  9.242  9.977 0.0000000000
1394  10.219  9.354  9.735 0.0000000000
1799  10.038  9.751  10.181 0.0000000000
1812  9.988  9.579  9.563 0.0000000000
1826  9.955  9.442  9.357 0.0000000000
1827  9.834  9.608  9.200 0.0000000000
1845  9.775  9.463  8.622 0.0000000000
1865  9.820  9.744  8.087 0.0000000000
1882  9.829  9.692  7.560 0.0000000000
1901  9.732  9.531  7.216 0.0000000000
1922  9.745  9.562  6.664 0.0000000000
1918  11.925  9.833  6.875 0.0000000000
1498  9.516  9.299  6.197 0.0000000000
1521  11.253  9.322  5.770 0.0000000000
1522  10.826  9.244  5.780 0.0000000000
1523  10.335  9.107  5.823 0.0000000000
1524  9.850  9.156  5.798 0.0000000000
1943  9.467  9.695  6.133 0.0000000000
1525  9.283  9.325  5.712 0.0000000000
1499  9.290  9.460  5.913 0.0000000000
1944  9.283  9.519  6.042 0.0000000000
1965  9.162  9.595  5.730 0.0000000000
1960  11.419  9.682  5.923 0.0000000000
1961  11.004  9.733  6.006 0.0000000000
1962  10.505  9.684  5.682 0.0000000000
1548  10.543  9.353  5.396 0.0000000000
1549  9.942  9.209  5.268 0.0000000000
1550  9.545  9.243  5.208 0.0000000000
1551  9.105  9.379  5.279 0.0000000000
1526  8.952  9.416  5.618 0.0000000000
1552  8.842  9.469  5.471 0.0000000000
1966  8.881  9.555  5.602 0.0000000000
1980  10.436  9.553  5.452 0.0000000000
1981  10.237  9.559  5.358 0.0000000000
1982  9.774  9.547  5.173 0.0000000000
1571  9.362  9.291  5.013 0.0000000000
1570  9.474  9.244  4.975 0.0000000000
1997  9.467  9.351  4.858 0.0000000000
1984  8.903  9.608  5.414 0.0000000000
1983  9.245  9.625  5.202 0.0000000000
1998  9.239  9.403  4.992 0.0000000000
2073  13.324  9.985  -0.769 0.0000000000
2076  13.330  9.880  -1.175 0.0000000000
1669  13.306  9.487  -2.015 0.0000000000
2079  13.300  9.929  -1.696 0.0000000000
1699  14.905  9.932  14.352 0.0000000000
2145  14.496  10.085  14.140 0.0000000000
1710  13.792  9.993  13.725 0.0000000000
1701  14.033  9.878  13.921 0.0000000000
2146  13.960  10.265  14.078 0.0000000000
2158  13.739  10.251  13.850 0.0000000000
1711  13.434  9.947  13.410 0.0000000000
2159  13.274  10.319  13.637 0.0000000000
1722  13.446  9.864  13.127 0.0000000000
2168  13.129  10.125  13.091 0.0000000000
1714  18.038  9.889  13.042 0.0000000000
1715  17.895  9.834  13.040 0.0000000000
2163  18.147  9.930  13.298 0.0000000000
2176  18.428  10.138  13.023 0.0000000000
1716  17.291  9.751  13.007 0.0000000000
1728  17.035  9.733  12.627 0.0000000000
1717  16.782  9.738  13.031 0.0000000000
1729  16.536  9.725  12.637 0.0000000000
1718  16.293  9.796  13.052 0.0000000000
1730  16.064  9.715  12.694 0.0000000000
1719  16.108  9.957  13.109 0.0000000000
1731  15.950  10.068  12.637 0.0000000000
1745  15.789  9.888  12.147 0.0000000000
2166  15.784  10.025  13.037 0.0000000000
2177  15.681  10.032  12.575 0.0000000000
2191  15.776  10.004  12.322 0.0000000000
2181  12.959  9.975  12.826 0.0000000000
2182  12.637  10.139  12.848 0.0000000000
1735  12.184  9.947  12.657 0.0000000000
2183  12.169  10.265  12.889 0.0000000000
1749  11.762  9.993  12.382 0.0000000000
1736  11.922  10.130  12.700 0.0000000000
2184  11.683  10.427  12.736 0.0000000000
1746  15.283  9.928  11.990 0.0000000000
2192  15.281  10.020  12.018 0.0000000000
2201  15.195  10.016  12.014 0.0000000000
2195  11.564  10.195  12.348 0.0000000000
2206  11.493  9.999  12.027 0.0000000000
1756  14.919  10.000  11.719 0.0000000000
2202  14.982  10.170  11.892 0.0000000000
1757  14.495  9.897  11.663 0.0000000000
2203  14.370  10.132  11.756 0.0000000000
1760  10.949  9.890  11.680 0.0000000000
2207  11.156  10.198  11.953 0.0000000000
1761  10.783  9.825  11.364 0.0000000000
2208  10.773  10.118  11.668 0.0000000000
1772  10.694  9.747  11.018 0.0000000000
2218  10.557  10.007  11.209 0.0000000000
2214  14.081  9.996  11.320 0.0000000000
1768  13.901  9.781  11.087 0.0000000000
2215  13.711  10.050  11.254 0.0000000000
1769  13.510  9.836  11.042 0.0000000000
1783  13.217  9.956  10.751 0.0000000000
2216  13.202  10.320  11.197 0.0000000000
2235  10.355  9.974  10.869 0.0000000000
1796  13.313  9.826  10.298 0.0000000000
2232  13.013  10.135  10.915 0.0000000000
1797  13.019  9.940  10.422 0.0000000000
1784  12.981  10.069  10.670 0.0000000000
2233  12.792  10.376  10.838 0.0000000000
2247  12.876  10.186  10.273 0.0000000000
1787  10.220  9.928  10.606 0.0000000000
2236  10.185  10.357  10.599 0.0000000000
1810  13.372  9.820  9.877 0.0000000000
2246  13.096  10.010  10.250 0.0000000000
2256  13.153  10.050  10.086 0.0000000000
2249  9.880  10.355  10.213 0.0000000000
1813  9.769  9.964  9.702 0.0000000000
1800  9.774  10.092  10.030 0.0000000000
2250  9.765  10.332  9.882 0.0000000000
1811  13.025  9.810  9.581 0.0000000000
2257  12.876  10.096  9.735 0.0000000000
2260  9.759  10.290  9.640 0.0000000000
2269  9.780  10.191  9.323 0.0000000000
2265  12.540  10.028  9.307 0.0000000000
1824  12.305  9.823  9.024 0.0000000000
1842  12.008  9.788  8.646 0.0000000000
2266  12.017  9.999  9.111 0.0000000000
1825  11.938  9.933  8.986 0.0000000000
1843  11.621  10.027  8.703 0.0000000000
2267  11.961  10.111  9.087 0.0000000000
2276  9.815  10.042  8.719 0.0000000000
1862  11.810  9.786  8.281 0.0000000000
2274  11.516  10.248  8.913 0.0000000000
1863  11.414  9.919  8.233 0.0000000000
1844  11.330  10.162  8.479 0.0000000000
2275  11.280  10.442  8.748 0.0000000000
2287  11.059  10.369  8.193 0.0000000000
1878  11.701  9.757  7.847 0.0000000000
1879  11.196  9.885  7.754 0.0000000000
2290  9.870  10.172  8.268 0.0000000000
1881  10.169  9.979  7.718 0.0000000000
1864  9.967  10.032  8.041 0.0000000000
2303  10.894  10.148  7.825 0.0000000000
1898  10.903  9.768  7.121 0.0000000000
1880  10.698  9.922  7.637 0.0000000000
1899  10.459  9.792  7.197 0.0000000000
2304  10.585  10.363  7.800 0.0000000000
2289  9.845  10.086  8.037 0.0000000000
2305  10.257  10.254  7.878 0.0000000000
1900  9.986  9.774  7.170 0.0000000000
1919  11.277  9.911  6.907 0.0000000000
1920  10.755  9.758  6.718 0.0000000000
1921  10.244  9.750  6.687 0.0000000000
1939  11.606  9.965  6.342 0.0000000000
1940  11.035  9.763  6.277 0.0000000000
1941  10.567  9.762  6.234 0.0000000000
1942  10.017  9.810  6.093 0.0000000000
1963  9.998  9.700  5.579 0.0000000000
1964  9.580  9.771  5.631 0.0000000000
2020  12.205  10.053  3.374 0.0000000000
2026  12.710  10.002  3.037 0.0000000000
2392  12.309  10.126  3.142 0.0000000000
2411  12.417  9.903  2.933 0.0000000000
2410  12.519  10.181  2.873 0.0000000000
2451  13.321  10.229  -0.581 0.0000000000
2454  13.312  10.100  -0.837 0.0000000000
2457  13.339  10.298  -1.403 0.0000000000
2084  13.225  9.995  -2.040 0.0000000000
2460  13.335  10.280  -1.768 0.0000000000
2463  13.369  10.172  -2.027 0.0000000000
2144  14.907  10.040  14.242 0.0000000000
2130  14.210  10.418  14.742 0.0000000000
2129  14.939  10.169  14.881 0.0000000000
2131  14.025  10.472  14.341 0.0000000000
2533  13.777  10.670  14.230 0.0000000000
2147  13.508  10.469  14.036 0.0000000000
2534  13.221  11.040  14.377 0.0000000000
2148  13.050  10.569  14.051 0.0000000000
2160  12.866  10.601  13.782 0.0000000000
2535  12.868  10.939  14.194 0.0000000000
2169  12.611  10.512  13.284 0.0000000000
2546  12.619  10.815  13.713 0.0000000000
2164  17.983  10.030  13.249 0.0000000000
2162  18.632  10.211  13.432 0.0000000000
2151  18.190  10.224  13.801 0.0000000000
2152  17.785  10.149  13.610 0.0000000000
1705  17.795  9.992  13.237 0.0000000000
2165  16.067  10.145  12.968 0.0000000000
2155  16.230  10.086  13.494 0.0000000000
2156  15.798  10.325  13.645 0.0000000000
2167  15.340  10.325  13.148 0.0000000000
2178  15.219  10.274  12.640 0.0000000000
2157  15.235  10.580  13.670 0.0000000000
2557  14.848  10.828  13.244 0.0000000000
2572  15.150  10.805  12.904 0.0000000000
2559  12.430  10.798  13.485 0.0000000000
2170  11.995  10.467  13.128 0.0000000000
2560  12.188  10.772  13.371 0.0000000000
2171  11.806  10.620  13.029 0.0000000000
2561  11.835  10.832  13.245 0.0000000000
2576  11.656  10.777  13.039 0.0000000000
2556  18.910  10.602  13.123 0.0000000000
2193  15.042  10.217  12.112 0.0000000000
2179  14.628  10.282  12.444 0.0000000000
2573  14.751  10.720  12.750 0.0000000000
2194  14.584  10.248  12.084 0.0000000000
2180  14.346  10.388  12.265 0.0000000000
2574  14.198  10.702  12.544 0.0000000000
2587  14.184  10.547  12.080 0.0000000000
2196  11.335  10.346  12.323 0.0000000000
2185  11.308  10.606  12.583 0.0000000000
2577  11.304  10.971  12.963 0.0000000000
2590  10.995  10.755  12.255 0.0000000000
2602  14.105  10.477  11.821 0.0000000000
2204  14.166  10.172  11.570 0.0000000000
2603  13.784  10.676  11.867 0.0000000000
2205  13.560  10.374  11.575 0.0000000000
2604  13.278  10.795  11.729 0.0000000000
2606  10.907  10.462  11.944 0.0000000000
2607  10.589  10.715  11.714 0.0000000000
2209  10.435  10.280  11.396 0.0000000000
2219  10.302  10.317  11.020 0.0000000000
2608  10.297  10.610  11.257 0.0000000000
2622  12.782  10.889  11.379 0.0000000000
2217  12.871  10.638  11.174 0.0000000000
2623  12.745  10.800  11.169 0.0000000000
2640  12.696  10.718  11.037 0.0000000000
2626  10.248  10.705  10.980 0.0000000000
2248  12.630  10.276  10.528 0.0000000000
2234  12.510  10.518  10.640 0.0000000000
2641  12.401  10.847  10.802 0.0000000000
2649  12.332  10.695  10.228 0.0000000000
2643  10.296  10.840  10.744 0.0000000000
2652  10.243  10.875  10.203 0.0000000000
2648  12.824  10.445  10.113 0.0000000000
2653  9.850  10.603  10.010 0.0000000000
2665  9.904  10.653  9.622 0.0000000000
2659  12.663  10.352  9.786 0.0000000000
2258  12.467  10.270  9.543 0.0000000000
2660  12.402  10.523  9.786 0.0000000000
2259  12.106  10.311  9.546 0.0000000000
2661  11.866  10.655  9.754 0.0000000000
2670  11.519  10.583  9.298 0.0000000000
2268  11.404  10.394  9.010 0.0000000000
2671  11.144  10.710  9.128 0.0000000000
2674  9.851  10.572  9.017 0.0000000000
2679  11.053  10.777  9.221 0.0000000000
2687  10.992  10.724  8.666 0.0000000000
2682  9.817  10.517  8.480 0.0000000000
2288  10.999  10.693  7.804 0.0000000000
2688  10.631  10.726  8.392 0.0000000000
2695  10.458  10.668  7.991 0.0000000000
2690  9.946  10.388  8.251 0.0000000000
2689  9.973  10.535  8.060 0.0000000000
2696  10.265  10.438  7.945 0.0000000000
2810  13.373  10.609  -0.461 0.0000000000
2813  13.497  10.700  -0.938 0.0000000000
2817  13.563  10.726  -1.287 0.0000000000
2821  13.553  10.721  -1.684 0.0000000000
2825  13.546  10.819  -2.181 0.0000000000
2466  13.336  10.144  -2.486 0.0000000000
2831  13.392  10.608  -2.285 0.0000000000
2519  13.863  10.834  14.899 0.0000000000
2520  13.178  11.104  14.695 0.0000000000
2521  12.932  11.102  14.667 0.0000000000
2935  12.784  11.279  14.496 0.0000000000
2536  12.481  10.922  13.998 0.0000000000
2936  12.437  11.248  14.176 0.0000000000
2547  12.270  10.950  13.706 0.0000000000
2947  12.252  11.169  13.939 0.0000000000
2548  11.953  10.968  13.567 0.0000000000
2948  11.942  11.315  13.854 0.0000000000
2961  11.662  11.271  13.410 0.0000000000
2541  18.935  10.720  13.774 0.0000000000
2555  19.432  10.706  13.300 0.0000000000
2544  14.973  10.741  13.919 0.0000000000
2545  14.778  10.834  13.765 0.0000000000
2558  14.842  10.918  13.332 0.0000000000
2957  15.025  11.028  13.136 0.0000000000
2971  15.147  11.015  13.042 0.0000000000
2945  14.631  11.155  13.630 0.0000000000
2958  14.750  11.121  13.170 0.0000000000
2562  11.531  11.007  13.191 0.0000000000
2962  11.300  11.364  13.092 0.0000000000
2569  19.733  10.871  13.165 0.0000000000
2969  19.850  11.001  12.973 0.0000000000
2970  19.708  11.056  12.827 0.0000000000
2972  14.953  11.073  12.873 0.0000000000
2973  14.512  11.080  12.846 0.0000000000
2588  13.774  10.836  12.238 0.0000000000
2575  13.891  10.885  12.560 0.0000000000
2974  14.016  11.130  12.833 0.0000000000
2987  13.721  11.046  12.474 0.0000000000
2976  11.106  11.237  12.683 0.0000000000
2589  13.466  10.853  12.017 0.0000000000
2988  13.311  11.183  12.145 0.0000000000
2990  10.862  11.092  12.342 0.0000000000
2591  10.742  10.901  11.985 0.0000000000
2991  10.724  10.984  11.992 0.0000000000
3004  10.678  11.073  11.823 0.0000000000
3002  13.084  11.144  11.829 0.0000000000
2605  12.841  11.104  11.652 0.0000000000
3003  12.783  11.367  11.674 0.0000000000
2625  10.359  10.912  11.227 0.0000000000
3017  10.555  11.174  11.348 0.0000000000
3015  12.459  11.392  11.239 0.0000000000
2624  12.308  11.194  10.969 0.0000000000
3016  12.199  11.455  11.003 0.0000000000
3022  12.064  11.305  10.747 0.0000000000
3018  10.207  10.935  11.037 0.0000000000
3031  12.168  11.040  10.487 0.0000000000
3026  10.375  11.124  10.903 0.0000000000
2642  10.476  11.010  10.608 0.0000000000
2650  11.964  10.818  10.075 0.0000000000
3032  11.858  11.053  10.250 0.0000000000
3040  11.825  10.858  10.017 0.0000000000
2651  10.565  11.103  10.401 0.0000000000
3034  10.750  11.214  10.185 0.0000000000
3035  10.483  11.175  9.952 0.0000000000
2664  10.515  10.961  9.692 0.0000000000
2662  11.381  10.767  9.535 0.0000000000
3041  11.486  11.033  9.825 0.0000000000
2663  10.817  10.992  9.694 0.0000000000
2672  10.744  10.774  9.275 0.0000000000
3042  10.941  11.125  9.860 0.0000000000
3043  10.666  11.163  9.892 0.0000000000
2673  10.300  10.763  9.222 0.0000000000
2680  10.734  10.822  9.038 0.0000000000
2681  10.206  10.729  8.713 0.0000000000
2812  13.666  10.951  -0.735 0.0000000000
2816  13.856  10.844  -1.258 0.0000000000
2820  13.848  10.971  -1.767 0.0000000000
2824  13.816  11.020  -1.765 0.0000000000
2830  13.778  10.957  -2.438 0.0000000000
2838  13.553  10.649  -2.816 0.0000000000
2922  12.959  11.464  15.028 0.0000000000
2923  12.502  11.486  14.598 0.0000000000
3346  12.223  11.611  14.360 0.0000000000
2937  12.011  11.396  14.031 0.0000000000
3347  11.915  11.830  14.344 0.0000000000
2934  14.868  11.143  13.839 0.0000000000
3356  14.699  11.257  13.928 0.0000000000
2959  14.288  11.304  13.277 0.0000000000
2946  14.371  11.404  13.619 0.0000000000
3357  14.470  11.567  13.822 0.0000000000
3372  14.211  11.609  13.600 0.0000000000
3360  11.493  11.825  13.699 0.0000000000
2960  13.957  11.307  13.107 0.0000000000
3373  13.931  11.634  13.326 0.0000000000
3387  13.714  11.440  12.990 0.0000000000
3375  11.391  11.574  13.325 0.0000000000
3376  11.124  11.823  13.177 0.0000000000
3390  11.009  11.654  12.941 0.0000000000
2955  19.701  11.085  13.380 0.0000000000
3370  19.790  11.632  13.090 0.0000000000
3385  19.701  11.800  12.887 0.0000000000
3386  19.682  11.389  12.953 0.0000000000
3402  19.518  11.215  12.562 0.0000000000
2975  13.616  11.298  12.628 0.0000000000
3388  13.273  11.697  12.648 0.0000000000
3406  10.972  11.491  12.604 0.0000000000
3403  12.993  11.650  12.229 0.0000000000
2989  12.970  11.413  11.999 0.0000000000
3404  12.630  11.898  12.078 0.0000000000
3407  10.835  11.489  12.298 0.0000000000
3419  10.772  11.558  11.838 0.0000000000
3416  12.534  11.749  11.692 0.0000000000
3425  12.566  11.608  11.435 0.0000000000
3426  12.130  11.811  11.292 0.0000000000
3434  12.068  11.601  10.976 0.0000000000
3429  10.837  11.634  11.322 0.0000000000
3025  10.700  11.303  10.781 0.0000000000
3023  11.581  11.370  10.648 0.0000000000
3435  11.849  11.689  10.982 0.0000000000
3033  11.281  11.234  10.186 0.0000000000
3024  11.106  11.388  10.619 0.0000000000
3436  11.396  11.721  10.970 0.0000000000
3437  10.991  11.708  10.971 0.0000000000
3330  12.356  11.885  14.850 0.0000000000
3331  12.044  12.045  14.743 0.0000000000
3743  11.856  12.331  14.776 0.0000000000
3756  11.563  12.317  14.212 0.0000000000
3343  14.810  11.477  14.172 0.0000000000
3344  14.255  11.817  14.232 0.0000000000
3358  13.943  11.793  13.789 0.0000000000
3345  13.988  11.982  13.962 0.0000000000
3767  13.782  11.847  13.830 0.0000000000
3359  13.709  11.837  13.468 0.0000000000
3768  13.482  12.147  13.594 0.0000000000
3374  13.546  11.823  13.091 0.0000000000
3770  11.389  11.979  14.052 0.0000000000
3361  11.107  11.782  13.399 0.0000000000
3771  11.310  12.317  13.565 0.0000000000
3785  11.051  12.191  13.063 0.0000000000
3371  19.612  11.682  13.308 0.0000000000
3781  19.855  12.043  13.375 0.0000000000
3795  19.721  12.120  12.763 0.0000000000
3355  19.389  11.925  13.882 0.0000000000
2956  19.476  11.307  13.626 0.0000000000
3782  19.679  11.853  13.274 0.0000000000
3783  13.225  12.103  12.992 0.0000000000
3377  10.845  11.939  13.058 0.0000000000
3786  10.842  11.980  13.043 0.0000000000
3391  10.856  11.796  12.684 0.0000000000
3802  10.824  12.036  12.770 0.0000000000
3810  19.812  12.124  12.156 0.0000000000
3797  12.983  12.116  12.723 0.0000000000
3389  12.868  11.942  12.468 0.0000000000
3798  12.577  12.402  12.557 0.0000000000
3816  10.813  11.990  12.289 0.0000000000
3812  12.501  12.194  12.234 0.0000000000
3417  12.249  12.172  11.872 0.0000000000
3405  12.346  12.050  11.941 0.0000000000
3813  12.229  12.219  12.088 0.0000000000
3822  12.162  12.108  11.764 0.0000000000
3819  19.660  11.796  11.855 0.0000000000
3415  19.589  11.704  11.691 0.0000000000
3820  19.386  11.992  11.712 0.0000000000
3832  12.164  12.043  11.557 0.0000000000
3825  10.932  12.047  11.860 0.0000000000
3418  11.053  11.947  11.663 0.0000000000
3829  19.126  11.941  11.069 0.0000000000
3427  11.704  11.927  11.234 0.0000000000
3833  11.980  12.128  11.442 0.0000000000
3428  11.256  11.909  11.330 0.0000000000
3834  11.626  12.132  11.441 0.0000000000
3824  11.335  12.154  11.691 0.0000000000
3838  19.128  11.841  10.824 0.0000000000
3839  18.926  12.004  10.799 0.0000000000
3847  18.709  12.121  10.605 0.0000000000
3848  18.421  12.298  10.375 0.0000000000
3857  18.208  12.314  9.987 0.0000000000
3447  17.851  12.005  9.600 0.0000000000
3858  17.931  12.333  9.752 0.0000000000
3867  17.578  12.326  9.396 0.0000000000
3878  17.379  12.009  9.104 0.0000000000
3879  17.106  12.160  8.779 0.0000000000
3890  17.065  11.867  8.435 0.0000000000
3474  16.936  11.725  8.143 0.0000000000
3891  16.756  12.131  8.253 0.0000000000
3904  16.576  12.080  7.890 0.0000000000
3484  16.476  11.942  7.742 0.0000000000
3905  16.320  12.197  7.663 0.0000000000
3918  16.086  12.272  7.220 0.0000000000
3929  15.970  12.175  6.915 0.0000000000
3509  15.811  11.939  6.577 0.0000000000
3930  15.700  12.274  6.738 0.0000000000
3935  15.737  11.793  6.505 0.0000000000
3524  15.377  11.814  6.005 0.0000000000
3936  15.264  12.111  6.015 0.0000000000
3939  15.260  12.181  5.764 0.0000000000
3942  15.221  12.041  5.250 0.0000000000
3946  15.215  11.829  4.965 0.0000000000
3542  14.948  11.660  4.426 0.0000000000
3947  15.028  11.902  4.763 0.0000000000
3949  14.745  12.021  4.368 0.0000000000
3953  14.719  12.015  3.935 0.0000000000
3552  14.535  11.970  3.039 0.0000000000
3956  14.436  12.348  3.451 0.0000000000
3555  14.651  11.968  2.981 0.0000000000
3959  14.525  12.323  2.857 0.0000000000
3960  14.216  12.390  2.425 0.0000000000
3559  14.036  12.136  2.263 0.0000000000
3962  13.946  12.394  2.175 0.0000000000
3963  13.715  12.171  2.135 0.0000000000
3742  12.121  12.139  14.890 0.0000000000
3730  11.897  12.468  15.103 0.0000000000
3729  12.242  12.245  15.144 0.0000000000
4145  11.762  12.909  15.114 0.0000000000
4156  11.646  12.907  14.468 0.0000000000
4167  11.490  12.892  14.006 0.0000000000
3757  11.378  12.447  13.957 0.0000000000
4168  11.387  12.695  13.767 0.0000000000
3754  13.895  12.038  14.251 0.0000000000
3755  13.685  12.205  14.009 0.0000000000
4166  13.383  12.756  14.067 0.0000000000
4178  13.193  12.731  13.523 0.0000000000
3769  13.117  12.406  13.285 0.0000000000
3784  12.906  12.409  12.996 0.0000000000
4179  12.973  12.709  13.237 0.0000000000
4181  11.413  12.743  13.483 0.0000000000
4194  11.367  12.597  13.161 0.0000000000
3765  19.813  12.337  13.928 0.0000000000
3766  19.766  12.068  13.783 0.0000000000
4188  19.763  12.636  13.464 0.0000000000
4196  19.691  12.491  13.048 0.0000000000
4192  12.762  12.817  13.058 0.0000000000
3801  11.018  12.233  12.543 0.0000000000
4202  11.317  12.415  12.809 0.0000000000
3811  19.496  12.188  12.221 0.0000000000
3796  19.449  12.314  12.571 0.0000000000
4197  19.440  12.627  12.805 0.0000000000
4204  19.300  12.606  12.378 0.0000000000
4199  12.500  12.887  12.812 0.0000000000
3799  11.989  12.530  12.415 0.0000000000
4200  12.185  12.798  12.734 0.0000000000
3814  11.674  12.297  12.022 0.0000000000
3800  11.472  12.392  12.434 0.0000000000
4201  11.749  12.771  12.861 0.0000000000
3815  11.142  12.238  12.068 0.0000000000
4207  19.242  12.527  11.936 0.0000000000
3823  11.851  12.210  11.723 0.0000000000
3830  18.921  12.323  11.302 0.0000000000
3821  19.109  12.400  11.663 0.0000000000
4208  18.859  12.749  11.704 0.0000000000
4212  18.657  12.671  11.354 0.0000000000
3840  18.529  12.348  10.906 0.0000000000
3831  18.592  12.516  11.201 0.0000000000
4213  18.357  12.810  11.139 0.0000000000
4221  18.121  12.860  10.628 0.0000000000
4234  18.083  12.648  10.141 0.0000000000
4243  17.997  12.548  9.945 0.0000000000
4244  17.699  12.771  9.755 0.0000000000
4252  17.492  12.606  9.497 0.0000000000
3868  17.219  12.315  9.084 0.0000000000
4253  17.229  12.724  9.339 0.0000000000
4264  17.072  12.492  9.001 0.0000000000
3880  16.770  12.423  8.584 0.0000000000
4265  16.798  12.746  8.903 0.0000000000
4278  16.545  12.689  8.354 0.0000000000
4288  16.449  12.439  7.965 0.0000000000
4289  16.185  12.699  7.656 0.0000000000
4292  15.908  12.734  7.294 0.0000000000
3919  15.831  12.439  7.068 0.0000000000
4293  15.771  12.930  7.057 0.0000000000
4296  15.434  12.817  6.426 0.0000000000
3931  15.355  12.345  6.399 0.0000000000
4297  15.376  12.598  6.123 0.0000000000
4301  15.360  12.867  6.079 0.0000000000
4304  15.236  12.605  5.463 0.0000000000
4306  14.909  12.403  5.168 0.0000000000
3943  15.069  11.999  4.876 0.0000000000
4307  15.073  11.773  5.008 0.0000000000
4311  14.977  12.215  4.896 0.0000000000
4315  14.753  12.731  4.544 0.0000000000
3950  14.508  12.406  4.161 0.0000000000
3954  14.135  12.405  4.092 0.0000000000
4316  14.367  12.883  4.121 0.0000000000
4320  14.140  12.980  4.091 0.0000000000
3957  14.280  12.362  4.048 0.0000000000
4324  14.301  12.694  3.667 0.0000000000
4323  14.436  12.845  3.256 0.0000000000
4327  14.799  12.825  2.779 0.0000000000
4328  14.337  12.794  2.646 0.0000000000
4564  11.809  13.616  14.553 0.0000000000
4571  11.804  13.290  14.002 0.0000000000
4165  13.704  12.451  14.305 0.0000000000
4154  13.582  13.096  14.773 0.0000000000
4155  13.331  13.123  14.440 0.0000000000
4568  12.963  13.411  14.013 0.0000000000
4576  13.063  13.197  13.688 0.0000000000
4180  11.401  13.013  13.962 0.0000000000
4579  11.782  13.127  13.506 0.0000000000
4191  13.035  12.987  13.311 0.0000000000
4193  11.739  13.172  13.162 0.0000000000
4584  12.838  13.120  13.320 0.0000000000
4585  12.519  13.176  13.069 0.0000000000
4587  11.846  13.043  13.076 0.0000000000
4189  19.589  12.778  13.011 0.0000000000
4190  19.024  12.958  13.025 0.0000000000
4198  18.956  12.825  12.710 0.0000000000
4583  18.893  13.222  13.060 0.0000000000
4590  18.791  13.237  12.562 0.0000000000
4205  18.962  12.854  12.208 0.0000000000
4591  12.260  13.039  12.872 0.0000000000
4592  11.985  13.032  12.885 0.0000000000
4593  12.044  13.070  12.785 0.0000000000
4600  18.748  13.076  12.085 0.0000000000
4608  18.575  13.190  11.727 0.0000000000
4209  18.479  12.883  11.511 0.0000000000
4609  18.310  13.248  11.391 0.0000000000
4620  18.017  13.258  10.972 0.0000000000
4632  18.160  12.960  10.748 0.0000000000
4235  17.867  12.893  10.240 0.0000000000
4222  17.852  12.964  10.537 0.0000000000
4633  17.796  13.290  10.682 0.0000000000
4648  17.751  13.123  10.370 0.0000000000
4659  17.704  13.095  10.037 0.0000000000
4245  17.356  13.016  9.637 0.0000000000
4660  17.394  13.330  9.817 0.0000000000
4671  17.150  13.317  9.370 0.0000000000
4254  16.929  13.044  9.221 0.0000000000
4672  16.635  13.419  9.151 0.0000000000
4686  16.422  13.138  8.643 0.0000000000
4698  16.271  13.035  8.280 0.0000000000
4279  16.289  12.801  8.034 0.0000000000
4699  16.027  13.207  8.029 0.0000000000
4705  15.939  12.825  7.708 0.0000000000
4709  15.811  12.973  7.250 0.0000000000
4710  15.807  13.275  7.172 0.0000000000
4713  15.539  13.359  6.633 0.0000000000
4300  15.289  13.216  6.016 0.0000000000
4717  15.389  13.077  6.259 0.0000000000
4718  15.119  13.307  6.052 0.0000000000
4722  15.181  13.112  5.658 0.0000000000
4725  15.003  12.921  5.254 0.0000000000
4310  14.937  12.758  5.148 0.0000000000
4728  14.863  12.893  5.063 0.0000000000
4314  14.888  12.980  5.007 0.0000000000
4731  14.818  12.947  5.002 0.0000000000
4732  14.801  13.170  4.854 0.0000000000
4733  14.569  13.278  4.315 0.0000000000
4736  14.297  13.323  3.912 0.0000000000
4740  14.329  13.174  3.394 0.0000000000
4739  14.533  13.011  3.182 0.0000000000
4743  14.580  13.154  2.976 0.0000000000
4561  13.297  13.467  14.719 0.0000000000
4562  12.863  13.753  14.371 0.0000000000
4569  12.725  13.549  13.999 0.0000000000
4563  12.329  13.860  14.211 0.0000000000
4570  12.213  13.555  13.919 0.0000000000
4577  12.606  13.319  13.584 0.0000000000
4578  12.163  13.293  13.503 0.0000000000
4586  12.048  13.181  13.052 0.0000000000
5035  18.839  13.667  12.995 0.0000000000
5044  18.639  13.814  12.578 0.0000000000
5058  18.735  13.545  12.241 0.0000000000
5071  18.612  13.507  11.976 0.0000000000
5072  18.305  13.673  11.744 0.0000000000
5086  18.103  13.627  11.357 0.0000000000
4621  17.843  13.531  10.903 0.0000000000
5087  17.799  13.739  11.220 0.0000000000
5100  17.627  13.746  10.895 0.0000000000
4649  17.416  13.393  10.385 0.0000000000
4634  17.530  13.600  10.692 0.0000000000
5101  17.255  14.196  10.684 0.0000000000
5115  17.322  13.985  10.015 0.0000000000
5124  17.135  13.781  9.515 0.0000000000
5133  16.916  13.794  9.292 0.0000000000
5134  16.689  13.933  9.163 0.0000000000
4673  16.327  13.568  8.774 0.0000000000
5135  16.388  13.910  9.031 0.0000000000
4687  16.251  13.437  8.378 0.0000000000
5144  16.359  13.895  8.501 0.0000000000
5148  16.097  13.776  8.208 0.0000000000
4706  15.826  13.423  7.632 0.0000000000
4700  15.770  13.507  7.962 0.0000000000
5149  15.884  13.745  8.053 0.0000000000
5152  15.805  13.847  7.690 0.0000000000
5154  15.838  13.746  7.251 0.0000000000
5156  15.703  13.814  6.970 0.0000000000
4714  15.146  13.549  6.219 0.0000000000
5157  15.459  13.912  6.646 0.0000000000
5160  15.159  13.921  6.174 0.0000000000
4723  14.889  13.402  5.845 0.0000000000
4719  14.891  13.581  6.075 0.0000000000
5161  14.969  13.748  6.116 0.0000000000
5164  14.805  13.752  5.955 0.0000000000
4726  14.924  13.233  5.470 0.0000000000
5167  14.765  13.589  5.542 0.0000000000
4729  14.856  13.215  5.190 0.0000000000
5170  14.781  13.602  5.071 0.0000000000
5172  14.718  13.670  4.572 0.0000000000
5495  18.732  13.993  12.991 0.0000000000
5059  18.365  13.835  12.188 0.0000000000
5045  18.349  13.999  12.476 0.0000000000
5496  18.385  14.183  12.731 0.0000000000
5510  18.196  14.158  12.354 0.0000000000
5060  18.000  13.912  12.117 0.0000000000
5073  17.895  13.884  11.747 0.0000000000
5511  17.877  14.287  12.211 0.0000000000
5521  17.683  14.144  11.860 0.0000000000
5074  17.585  13.923  11.611 0.0000000000
5088  17.396  13.939  11.240 0.0000000000
5522  17.421  14.319  11.681 0.0000000000
5533  17.371  14.417  11.077 0.0000000000
5544  17.020  14.411  10.494 0.0000000000
5553  17.045  14.355  9.976 0.0000000000
5557  16.970  14.144  9.589 0.0000000000
5561  16.982  14.003  9.279 0.0000000000
5562  16.786  14.082  9.019 0.0000000000
5563  16.318  14.261  8.913 0.0000000000
5566  16.306  14.325  8.713 0.0000000000
5568  16.133  14.284  8.297 0.0000000000
5569  15.891  14.169  8.078 0.0000000000
5571  15.803  14.025  7.802 0.0000000000
5574  15.787  14.197  7.084 0.0000000000
5577  15.928  13.969  6.998 0.0000000000
5578  15.536  14.189  6.909 0.0000000000
5581  15.280  14.228  6.432 0.0000000000
5582  15.042  13.784  6.168 0.0000000000
5584  14.792  13.976  5.779 0.0000000000
5586  14.751  14.014  5.407 0.0000000000
5497  18.054  14.344  12.626 0.0000000000
5977  17.330  14.902  11.464 0.0000000000
5990  17.103  14.836  10.893 0.0000000000
6001  16.997  14.707  10.641 0.0000000000
5554  16.982  14.394  10.149 0.0000000000
5545  16.920  14.508  10.272 0.0000000000
6002  16.858  14.816  10.527 0.0000000000
6013  16.890  14.591  10.034 0.0000000000
6012  17.049  14.593  10.161 0.0000000000
6018  17.147  14.386  9.974 0.0000000000
5558  16.850  14.244  9.461 0.0000000000
6019  16.852  14.454  9.634 0.0000000000
6023  16.779  14.363  9.399 0.0000000000
6024  16.523  14.608  9.312 0.0000000000
6027  16.245  14.706  8.937 0.0000000000
6029  16.022  14.733  8.530 0.0000000000
6030  15.774  14.713  8.181 0.0000000000
6032  15.605  14.640  7.904 0.0000000000
5575  15.787  14.061  7.047 0.0000000000
5572  15.783  14.035  7.563 0.0000000000
6033  15.660  14.564  7.832 0.0000000000
6036  15.314  14.613  7.379 0.0000000000
6039  15.209  14.673  7.052 0.0000000000
6042  15.192  14.620  6.655 0.0000000000
6043  14.991  14.486  6.266 0.0000000000
6046  14.769  14.381  5.819 0.0000000000
6512  17.005  14.973  11.208 0.0000000000
5991  16.887  14.994  10.911 0.0000000000
6513  16.973  15.139  11.022 0.0000000000
6518  16.966  15.161  10.857 0.0000000000
6014  16.665  14.911  10.147 0.0000000000
6003  16.698  14.953  10.382 0.0000000000
6519  16.706  15.005  10.541 0.0000000000
6524  16.574  15.269  10.330 0.0000000000
6020  16.644  14.812  9.702 0.0000000000
6527  16.370  15.170  9.856 0.0000000000
6529  16.332  14.892  9.279 0.0000000000
6531  16.158  15.051  8.994 0.0000000000
6534  15.972  15.007  8.742 0.0000000000
6535  15.620  15.314  8.423 0.0000000000
6537  15.404  15.092  8.092 0.0000000000
6035  15.296  14.776  7.611 0.0000000000
6540  15.147  15.210  7.828 0.0000000000
6038  15.214  14.769  7.121 0.0000000000
6543  15.142  14.979  7.123 0.0000000000
6544  15.053  15.076  6.918 0.0000000000
7064  16.639  15.710  11.140 0.0000000000
7077  16.686  15.934  11.081 0.0000000000
6523  17.096  15.466  10.640 0.0000000000
7091  16.431  15.821  10.374 0.0000000000
7092  16.182  15.758  10.046 0.0000000000
7105  16.130  15.532  9.526 0.0000000000
7119  16.141  15.233  8.943 0.0000000000
7134  15.912  15.323  8.909 0.0000000000
6532  15.859  15.273  8.773 0.0000000000
7135  15.547  15.747  8.806 0.0000000000
7147  15.386  16.002  8.399 0.0000000000
7154  15.198  16.121  8.194 0.0000000000
6538  15.108  15.324  7.731 0.0000000000
7155  14.986  15.799  8.079 0.0000000000
6541  15.022  15.094  7.218 0.0000000000
7065  16.317  15.949  10.992 0.0000000000
7078  16.233  15.979  10.546 0.0000000000
7729  15.894  16.095  10.476 0.0000000000
7742  16.028  15.881  10.018 0.0000000000
7106  15.803  15.816  9.795 0.0000000000
7093  16.094  15.992  9.981 0.0000000000
7743  15.751  15.924  10.145 0.0000000000
7120  15.674  15.741  9.283 0.0000000000
7755  15.789  15.910  10.011 0.0000000000
7121  15.289  15.866  9.518 0.0000000000
7107  15.400  16.005  10.005 0.0000000000
7756  15.288  15.968  9.869 0.0000000000
7136  15.133  15.830  9.047 0.0000000000
7770  15.075  15.935  9.546 0.0000000000
7137  14.998  15.899  9.280 0.0000000000
7122  15.033  15.850  9.472 0.0000000000
7771  14.956  15.993  9.485 0.0000000000
7787  15.074  16.331  8.932 0.0000000000
7786  15.698  16.554  8.846 0.0000000000
7802  15.751  16.165  8.399 0.0000000000
7788  14.763  16.051  8.883 0.0000000000
3741  13.869  12.380  14.634 0.0000000000
3727  13.804  12.749  15.200 0.0000000000
4143  13.913  12.925  15.185 0.0000000000
4560  13.589  13.188  14.838 0.0000000000
3752  19.579  12.041  13.770 0.0000000000
3753  14.153  12.057  14.415 0.0000000000
3740  14.115  12.178  14.581 0.0000000000
3328  14.275  11.974  14.695 0.0000000000
3726  14.194  12.145  15.030 0.0000000000
4144  12.015  12.597  15.346 0.0000000000
3728  12.700  12.089  15.454 0.0000000000
3314  12.595  11.960  15.195 0.0000000000
3714  12.370  12.383  15.610 0.0000000000
3340  19.412  11.684  14.370 0.0000000000
2942  19.197  11.210  14.033 0.0000000000
3327  14.650  11.749  14.666 0.0000000000
3342  15.031  11.063  14.122 0.0000000000
3326  15.174  11.586  14.515 0.0000000000
2933  15.219  10.991  14.284 0.0000000000
3329  12.789  11.795  15.110 0.0000000000
3313  12.941  11.861  15.383 0.0000000000
2908  13.081  11.631  15.182 0.0000000000
3311  14.471  12.011  15.142 0.0000000000
3310  14.883  11.900  15.042 0.0000000000
2919  15.574  11.249  14.567 0.0000000000
3325  15.595  11.498  14.875 0.0000000000
3309  15.289  11.711  15.179 0.0000000000
2918  15.966  11.240  14.793 0.0000000000
3308  15.872  11.524  15.296 0.0000000000
3312  13.001  11.923  15.674 0.0000000000
2907  13.378  11.591  15.478 0.0000000000
3299  12.821  12.147  15.732 0.0000000000
3725  14.606  11.958  15.197 0.0000000000
2941  19.585  10.994  13.761 0.0000000000
2539  19.737  10.947  13.748 0.0000000000
2554  19.669  10.941  13.499 0.0000000000
2540  19.498  10.989  13.684 0.0000000000
2943  18.752  11.160  14.070 0.0000000000
2926  19.093  11.303  14.220 0.0000000000
2927  18.851  11.384  14.443 0.0000000000
2532  14.917  10.960  14.014 0.0000000000
2531  15.124  10.964  14.077 0.0000000000
2530  15.764  10.842  14.007 0.0000000000
2932  15.956  11.113  14.275 0.0000000000
2529  16.224  10.819  14.195 0.0000000000
2931  16.347  11.168  14.461 0.0000000000
2528  16.745  10.777  14.452 0.0000000000
2930  16.651  11.110  14.625 0.0000000000
2917  16.372  11.201  14.840 0.0000000000
2516  17.137  10.969  14.534 0.0000000000
2916  16.802  11.178  14.864 0.0000000000
2912  18.953  11.545  15.183 0.0000000000
2913  18.370  11.257  14.890 0.0000000000
2928  18.342  11.165  14.418 0.0000000000
3341  19.076  11.643  14.733 0.0000000000
2921  13.445  11.205  14.825 0.0000000000
2920  13.761  11.204  14.940 0.0000000000
2906  13.989  11.162  15.147 0.0000000000
2903  15.833  11.238  15.088 0.0000000000
2902  16.509  11.061  15.097 0.0000000000
2515  17.020  10.951  14.708 0.0000000000
2915  17.240  11.155  14.876 0.0000000000
2901  17.043  11.206  15.159 0.0000000000
2514  17.263  11.118  14.592 0.0000000000
2914  17.804  11.173  14.740 0.0000000000
2900  17.497  11.297  15.168 0.0000000000
2526  17.636  10.986  14.210 0.0000000000
2929  17.957  11.132  14.393 0.0000000000
2899  17.991  11.304  15.190 0.0000000000
2898  18.462  11.352  15.317 0.0000000000
2543  15.371  10.627  14.039 0.0000000000
2524  18.379  10.814  13.867 0.0000000000
2150  18.567  10.301  13.988 0.0000000000
2542  18.552  11.001  13.867 0.0000000000
2143  16.133  10.299  14.131 0.0000000000
2142  16.511  10.326  14.073 0.0000000000
2141  16.966  10.370  14.029 0.0000000000
2527  17.254  10.704  14.389 0.0000000000
2140  17.399  10.445  13.898 0.0000000000
2139  17.957  10.466  13.941 0.0000000000
2525  18.152  10.925  14.189 0.0000000000
2138  18.116  10.599  14.091 0.0000000000
2944  18.302  11.095  13.829 0.0000000000
2137  18.216  10.163  13.841 0.0000000000
2518  14.547  10.819  14.802 0.0000000000
2511  13.975  10.991  15.023 0.0000000000
2510  14.165  11.006  15.124 0.0000000000
2517  14.934  10.551  15.176 0.0000000000
2509  14.818  10.848  15.191 0.0000000000
2117  15.045  10.355  14.861 0.0000000000
2905  13.808  11.135  15.216 0.0000000000
2904  14.467  10.961  15.131 0.0000000000
2508  15.208  10.702  15.274 0.0000000000
2116  15.113  10.469  15.172 0.0000000000
2500  14.861  10.927  15.663 0.0000000000
2499  14.920  10.914  15.822 0.0000000000
2886  14.624  11.102  15.517 0.0000000000
2103  14.923  10.669  15.246 0.0000000000
2490  14.869  10.994  15.962 0.0000000000
2498  15.450  10.814  16.069 0.0000000000
2102  15.359  10.529  15.577 0.0000000000
2489  15.017  10.811  16.042 0.0000000000
2497  15.860  10.702  15.962 0.0000000000
2101  15.944  10.475  15.737 0.0000000000
2488  15.556  10.765  16.193 0.0000000000
2487  15.778  10.813  16.278 0.0000000000
1708  16.605  9.884  13.315 0.0000000000
2154  16.782  10.054  13.701 0.0000000000
1707  17.073  9.965  13.245 0.0000000000
2153  17.274  10.077  13.722 0.0000000000
1706  17.505  9.995  13.248 0.0000000000
2128  15.345  10.042  14.823 0.0000000000
1685  15.146  10.062  14.822 0.0000000000
2127  15.824  10.055  14.932 0.0000000000
1684  15.398  9.888  14.774 0.0000000000
2115  15.636  10.295  15.232 0.0000000000
2126  15.914  10.024  14.913 0.0000000000
1683  15.769  9.950  14.646 0.0000000000
2114  16.088  10.200  15.049 0.0000000000
1682  16.074  9.967  14.737 0.0000000000
2113  16.507  9.991  15.225 0.0000000000
1675  16.354  9.905  15.014 0.0000000000
2100  16.515  10.239  15.597 0.0000000000
2112  16.939  10.071  15.329 0.0000000000
1674  16.764  9.837  15.091 0.0000000000
2111  17.485  10.004  15.303 0.0000000000
1673  17.209  9.815  15.134 0.0000000000
2099  17.116  10.280  15.849 0.0000000000
1672  17.441  9.815  15.126 0.0000000000
1679  17.581  9.766  14.887 0.0000000000
2125  17.800  9.960  15.074 0.0000000000
2098  17.724  10.348  15.703 0.0000000000
2110  17.971  10.171  15.313 0.0000000000
2097  18.277  10.377  15.693 0.0000000000
2109  18.480  10.223  15.311 0.0000000000
2124  18.089  9.967  15.168 0.0000000000
2096  18.605  10.416  15.630 0.0000000000
2507  18.793  10.477  15.483 0.0000000000
2108  18.947  10.306  15.150 0.0000000000
2123  18.567  10.138  14.920 0.0000000000
2107  19.425  10.439  15.167 0.0000000000
2122  19.076  10.176  14.876 0.0000000000
2506  19.128  10.701  15.464 0.0000000000
2095  16.303  10.342  16.065 0.0000000000
2094  16.757  10.303  16.063 0.0000000000
2093  17.160  10.187  15.951 0.0000000000
2485  17.075  10.540  16.234 0.0000000000
2496  17.209  10.429  16.065 0.0000000000
2495  17.425  10.580  16.023 0.0000000000
2494  18.006  10.679  16.035 0.0000000000
2493  18.689  10.695  15.956 0.0000000000
2486  16.498  10.676  16.433 0.0000000000
1698  15.450  9.746  14.295 0.0000000000
1697  15.871  9.667  14.301 0.0000000000
1696  16.269  9.648  14.355 0.0000000000
1695  16.745  9.616  14.369 0.0000000000
1681  16.519  9.776  14.781 0.0000000000
1694  17.238  9.593  14.393 0.0000000000
1680  16.928  9.776  14.911 0.0000000000
1693  17.745  9.568  14.355 0.0000000000
1692  18.152  9.507  14.298 0.0000000000
1678  18.191  9.806  14.645 0.0000000000
1691  18.559  9.629  14.369 0.0000000000
1690  19.051  9.757  14.441 0.0000000000
1677  18.741  9.960  14.714 0.0000000000
1689  19.571  9.866  14.275 0.0000000000
1271  19.363  9.433  14.123 0.0000000000
1676  19.112  10.004  14.854 0.0000000000
2136  19.328  10.066  14.597 0.0000000000
2121  19.622  10.269  14.852 0.0000000000
