#!ascii label  , from subject  vox2ras=TkReg
1879
22653  29.013  22.874  18.050 0.0000000000
21206  29.454  22.753  17.803 0.0000000000
22652  29.507  22.913  18.146 0.0000000000
21220  29.101  22.626  17.557 0.0000000000
22662  28.697  22.760  17.808 0.0000000000
22639  29.199  23.150  18.546 0.0000000000
22640  28.606  23.006  18.514 0.0000000000
22654  28.433  22.858  18.110 0.0000000000
22641  28.058  22.931  18.494 0.0000000000
22655  28.007  22.833  18.157 0.0000000000
22663  28.308  22.749  17.879 0.0000000000
21208  27.613  22.755  18.119 0.0000000000
21207  28.033  22.771  18.025 0.0000000000
22656  27.705  22.869  18.259 0.0000000000
22664  28.050  22.824  18.008 0.0000000000
22642  27.607  22.855  18.537 0.0000000000
21193  27.547  22.837  18.359 0.0000000000
21221  28.605  22.539  17.569 0.0000000000
21222  28.040  22.568  17.727 0.0000000000
21205  29.886  22.558  18.009 0.0000000000
22638  29.866  23.042  18.495 0.0000000000
21194  27.143  22.804  18.512 0.0000000000
22643  27.300  22.842  18.771 0.0000000000
22627  27.722  22.916  18.943 0.0000000000
22628  27.359  22.889  18.972 0.0000000000
22626  28.198  23.049  18.960 0.0000000000
22625  28.765  23.204  18.975 0.0000000000
22624  29.101  23.221  18.834 0.0000000000
24080  29.239  23.238  18.785 0.0000000000
24079  29.444  23.258  18.744 0.0000000000
21192  30.271  22.711  18.329 0.0000000000
22637  30.509  23.090  18.700 0.0000000000
22623  30.200  23.177  18.920 0.0000000000
24071  29.713  23.295  18.983 0.0000000000
21191  30.552  22.443  18.616 0.0000000000
22636  30.744  22.846  18.908 0.0000000000
22622  30.554  23.004  18.992 0.0000000000
21190  30.854  22.568  19.038 0.0000000000
22621  30.798  22.914  18.999 0.0000000000
22615  27.374  22.919  19.282 0.0000000000
21162  27.167  22.887  19.190 0.0000000000
21181  27.046  22.853  18.960 0.0000000000
22614  27.832  23.016  19.412 0.0000000000
22613  28.254  23.235  19.399 0.0000000000
22612  28.668  23.343  19.172 0.0000000000
24073  28.892  23.394  19.104 0.0000000000
24072  29.183  23.287  19.037 0.0000000000
22611  30.438  23.284  19.208 0.0000000000
24061  30.073  23.527  19.338 0.0000000000
22610  30.738  23.165  19.335 0.0000000000
21179  30.814  22.335  19.323 0.0000000000
22609  30.932  22.771  19.703 0.0000000000
22601  27.453  22.872  19.779 0.0000000000
21142  27.127  22.847  19.523 0.0000000000
22600  27.924  23.158  19.991 0.0000000000
22599  28.171  23.231  19.860 0.0000000000
24064  28.392  23.306  19.723 0.0000000000
24063  28.856  23.404  19.534 0.0000000000
24060  30.564  23.545  19.486 0.0000000000
24059  30.911  23.406  19.717 0.0000000000
21161  30.861  22.280  19.742 0.0000000000
21141  30.871  22.251  20.136 0.0000000000
22598  30.983  22.707  20.339 0.0000000000
24049  31.008  23.161  20.114 0.0000000000
22602  27.131  22.788  19.745 0.0000000000
22583  27.404  22.812  20.186 0.0000000000
22584  27.113  22.738  19.936 0.0000000000
22582  27.718  23.082  20.575 0.0000000000
24052  28.049  23.306  20.385 0.0000000000
24051  28.470  23.433  20.076 0.0000000000
21118  30.904  22.292  20.649 0.0000000000
22580  31.004  22.649  20.792 0.0000000000
24038  31.056  23.149  20.666 0.0000000000
21121  26.794  22.622  20.257 0.0000000000
21143  26.800  22.728  19.685 0.0000000000
21120  27.257  22.774  20.567 0.0000000000
22570  27.542  22.983  20.958 0.0000000000
21119  27.425  22.860  20.734 0.0000000000
22581  27.996  23.432  20.759 0.0000000000
22569  27.821  23.331  20.886 0.0000000000
24041  28.009  23.354  20.597 0.0000000000
24029  28.014  23.746  21.077 0.0000000000
24040  28.305  23.645  20.531 0.0000000000
21101  30.936  22.357  21.123 0.0000000000
22568  31.041  22.788  21.176 0.0000000000
22571  27.268  22.879  21.221 0.0000000000
21102  27.271  22.796  20.852 0.0000000000
24030  27.775  23.428  21.131 0.0000000000
24031  27.509  23.213  21.343 0.0000000000
21084  30.932  22.448  21.698 0.0000000000
22555  31.067  22.921  21.546 0.0000000000
24027  31.099  23.260  21.198 0.0000000000
22539  31.042  22.858  22.001 0.0000000000
24017  31.107  23.297  21.621 0.0000000000
21068  30.983  22.593  21.977 0.0000000000
21069  30.903  22.517  22.194 0.0000000000
22540  30.998  22.758  22.249 0.0000000000
22521  30.980  22.941  22.508 0.0000000000
22520  31.074  23.081  22.196 0.0000000000
24004  31.114  23.343  21.993 0.0000000000
21046  30.587  22.510  22.625 0.0000000000
22505  30.610  22.919  22.960 0.0000000000
23975  30.906  23.395  23.014 0.0000000000
23989  31.028  23.310  22.691 0.0000000000
23988  31.087  23.389  22.409 0.0000000000
21027  30.373  22.433  23.068 0.0000000000
22489  30.354  22.816  23.349 0.0000000000
23954  30.543  23.205  23.241 0.0000000000
21009  30.253  22.305  23.532 0.0000000000
22490  30.019  22.755  23.706 0.0000000000
23955  30.280  23.225  23.570 0.0000000000
21223  27.419  22.425  17.685 0.0000000000
21234  28.411  22.255  17.231 0.0000000000
21235  27.819  22.212  17.229 0.0000000000
21233  28.992  22.264  17.146 0.0000000000
21219  29.555  22.425  17.577 0.0000000000
21232  29.297  22.303  17.297 0.0000000000
19854  29.800  22.004  17.689 0.0000000000
19861  29.561  22.109  17.336 0.0000000000
21209  27.011  22.669  18.049 0.0000000000
19846  29.963  21.955  18.007 0.0000000000
21204  30.249  22.365  18.268 0.0000000000
19845  30.352  22.009  18.382 0.0000000000
21182  26.530  22.819  18.869 0.0000000000
21195  26.509  22.726  18.394 0.0000000000
19838  30.461  21.933  18.805 0.0000000000
21180  30.808  22.218  19.136 0.0000000000
21163  26.848  22.817  19.267 0.0000000000
21164  26.373  22.781  19.328 0.0000000000
21183  26.027  22.894  19.055 0.0000000000
22630  26.088  22.827  18.751 0.0000000000
22629  26.264  22.777  18.571 0.0000000000
19830  30.517  21.744  19.268 0.0000000000
19829  30.787  22.020  19.612 0.0000000000
21144  26.270  22.622  19.774 0.0000000000
21165  25.897  22.761  19.417 0.0000000000
19816  30.824  21.931  20.057 0.0000000000
21122  26.108  22.424  20.246 0.0000000000
21145  25.808  22.579  20.078 0.0000000000
19800  30.733  21.858  20.123 0.0000000000
19790  30.736  21.876  20.496 0.0000000000
21104  26.524  22.357  20.963 0.0000000000
21105  25.845  22.301  20.682 0.0000000000
21123  25.521  22.477  20.201 0.0000000000
21103  27.015  22.657  20.822 0.0000000000
19775  30.820  21.965  20.995 0.0000000000
19778  25.950  22.173  21.105 0.0000000000
19779  25.592  22.228  21.061 0.0000000000
21106  25.307  22.337  20.571 0.0000000000
21087  26.518  22.464  21.714 0.0000000000
19777  26.283  22.317  21.382 0.0000000000
22557  26.786  22.587  21.376 0.0000000000
22572  26.982  22.652  21.181 0.0000000000
19755  30.841  22.039  21.395 0.0000000000
21088  26.111  22.253  21.846 0.0000000000
19757  26.119  22.242  21.607 0.0000000000
21086  26.931  22.925  22.024 0.0000000000
21071  26.636  22.775  22.101 0.0000000000
21072  26.078  22.387  22.307 0.0000000000
22556  27.040  22.894  21.704 0.0000000000
21070  27.092  22.986  21.895 0.0000000000
22541  26.873  23.103  22.153 0.0000000000
19756  30.614  21.880  21.790 0.0000000000
21085  30.763  22.201  21.999 0.0000000000
21073  25.456  22.070  22.250 0.0000000000
19739  25.624  21.986  21.898 0.0000000000
19758  25.858  22.125  21.622 0.0000000000
21047  25.924  22.514  22.670 0.0000000000
21048  25.679  22.411  22.781 0.0000000000
22524  25.975  22.762  22.859 0.0000000000
22543  25.929  22.734  22.847 0.0000000000
22542  26.458  22.868  22.498 0.0000000000
19738  30.483  22.053  22.298 0.0000000000
21028  25.628  22.676  23.147 0.0000000000
21029  25.286  22.382  23.153 0.0000000000
21049  25.048  21.937  22.588 0.0000000000
22525  25.794  22.738  23.028 0.0000000000
19721  30.341  22.022  22.817 0.0000000000
21013  25.405  22.763  23.410 0.0000000000
21014  24.930  22.566  23.660 0.0000000000
21030  24.843  22.262  22.943 0.0000000000
21012  25.647  22.859  23.269 0.0000000000
22508  25.815  22.904  23.142 0.0000000000
19710  30.293  21.922  23.260 0.0000000000
19698  24.378  22.141  23.691 0.0000000000
19697  24.726  22.234  23.473 0.0000000000
21015  24.560  22.336  23.933 0.0000000000
20992  24.633  22.736  24.049 0.0000000000
22495  24.839  23.086  23.872 0.0000000000
22494  25.166  23.047  23.690 0.0000000000
22493  25.661  23.128  23.390 0.0000000000
19694  30.126  21.817  23.639 0.0000000000
21010  29.911  22.199  23.749 0.0000000000
20975  24.358  22.830  24.308 0.0000000000
20993  24.211  22.394  24.163 0.0000000000
22476  24.616  23.063  24.003 0.0000000000
20976  23.937  22.615  24.518 0.0000000000
22462  24.111  22.758  24.531 0.0000000000
22461  24.539  22.923  24.275 0.0000000000
19855  29.607  21.783  17.331 0.0000000000
19862  29.239  21.911  17.031 0.0000000000
18546  29.662  21.428  17.651 0.0000000000
18553  29.455  21.435  17.148 0.0000000000
18545  29.906  21.835  17.826 0.0000000000
18535  30.110  21.582  18.245 0.0000000000
18534  30.326  21.632  18.606 0.0000000000
18526  30.325  21.482  18.954 0.0000000000
18518  30.303  21.351  19.114 0.0000000000
19831  30.271  21.384  19.274 0.0000000000
19817  30.626  21.748  19.813 0.0000000000
19818  30.269  21.406  19.688 0.0000000000
18506  29.966  21.148  19.828 0.0000000000
19802  30.124  21.215  20.092 0.0000000000
18519  30.054  21.219  19.281 0.0000000000
19801  30.404  21.479  20.253 0.0000000000
18489  29.939  21.083  20.276 0.0000000000
18488  30.126  21.198  20.306 0.0000000000
18480  30.193  21.110  20.716 0.0000000000
19791  30.488  21.563  20.833 0.0000000000
18474  30.346  21.235  21.220 0.0000000000
19776  30.581  21.669  21.316 0.0000000000
19759  25.393  22.020  21.419 0.0000000000
19780  25.144  22.265  20.952 0.0000000000
18465  30.345  21.363  21.671 0.0000000000
19740  25.227  21.884  21.799 0.0000000000
19760  25.001  22.073  21.322 0.0000000000
18456  30.317  21.427  22.145 0.0000000000
19741  24.891  21.885  21.703 0.0000000000
21074  25.094  21.836  22.087 0.0000000000
18448  30.297  21.563  22.607 0.0000000000
18440  30.268  21.561  23.039 0.0000000000
18431  30.246  21.519  23.410 0.0000000000
19680  24.183  22.055  24.235 0.0000000000
19681  23.973  22.101  23.981 0.0000000000
19699  23.828  21.947  23.747 0.0000000000
19711  24.413  22.166  23.286 0.0000000000
19712  24.059  22.056  23.310 0.0000000000
18432  29.974  21.392  23.628 0.0000000000
19695  29.800  21.747  23.783 0.0000000000
20994  23.648  22.169  24.209 0.0000000000
19682  23.448  21.937  23.999 0.0000000000
17201  29.328  21.066  16.964 0.0000000000
17192  29.356  20.988  17.404 0.0000000000
18562  29.204  21.406  16.705 0.0000000000
17181  29.379  20.928  17.965 0.0000000000
18536  29.754  21.295  18.152 0.0000000000
17172  29.534  20.966  18.575 0.0000000000
18528  29.885  21.224  18.489 0.0000000000
18527  30.081  21.276  18.759 0.0000000000
17171  29.799  20.959  18.940 0.0000000000
17156  29.784  20.991  19.053 0.0000000000
17137  29.702  20.873  19.782 0.0000000000
17118  29.737  20.840  20.513 0.0000000000
18481  30.222  21.011  20.641 0.0000000000
17109  29.936  20.780  21.016 0.0000000000
17108  30.189  20.905  21.214 0.0000000000
17097  30.227  20.960  21.589 0.0000000000
17081  30.264  21.021  21.978 0.0000000000
17064  30.274  21.064  22.205 0.0000000000
17050  30.267  21.124  22.453 0.0000000000
18449  30.127  21.231  22.815 0.0000000000
18441  30.034  21.283  23.213 0.0000000000
17020  29.760  21.046  23.416 0.0000000000
18433  29.569  21.323  23.824 0.0000000000
15761  29.252  20.570  17.055 0.0000000000
17210  29.237  20.910  16.602 0.0000000000
15751  29.197  20.432  17.678 0.0000000000
15741  29.218  20.562  18.026 0.0000000000
17182  29.202  20.713  18.270 0.0000000000
17157  29.404  20.757  19.181 0.0000000000
17173  29.076  20.713  18.682 0.0000000000
17138  29.209  20.694  19.776 0.0000000000
17158  28.928  20.645  19.237 0.0000000000
17119  29.359  20.704  20.369 0.0000000000
17120  28.775  20.590  20.188 0.0000000000
17139  28.762  20.632  19.801 0.0000000000
17111  28.792  20.562  20.983 0.0000000000
17112  28.956  20.709  20.968 0.0000000000
17121  28.694  20.660  20.093 0.0000000000
17110  29.452  20.717  20.951 0.0000000000
17101  28.608  20.536  21.405 0.0000000000
17102  27.907  20.668  21.620 0.0000000000
17113  28.154  20.403  20.764 0.0000000000
17100  29.080  20.632  21.402 0.0000000000
17099  29.542  20.723  21.441 0.0000000000
17098  29.945  20.772  21.515 0.0000000000
15676  27.768  20.290  20.999 0.0000000000
15677  27.364  20.236  21.246 0.0000000000
17103  27.246  20.464  21.867 0.0000000000
17086  28.174  20.492  21.902 0.0000000000
17087  27.470  20.433  21.984 0.0000000000
17085  28.726  20.550  21.862 0.0000000000
17084  29.197  20.666  21.860 0.0000000000
17083  29.640  20.744  21.880 0.0000000000
17082  30.022  20.801  21.916 0.0000000000
15667  27.017  20.348  21.801 0.0000000000
15668  26.939  20.226  21.831 0.0000000000
17088  27.132  20.377  22.135 0.0000000000
17070  27.891  20.462  22.406 0.0000000000
17071  27.293  20.437  22.474 0.0000000000
17069  28.449  20.456  22.335 0.0000000000
17068  28.934  20.569  22.305 0.0000000000
17067  29.383  20.704  22.283 0.0000000000
17066  29.810  20.764  22.266 0.0000000000
17065  30.145  20.877  22.243 0.0000000000
15659  26.893  20.239  22.240 0.0000000000
15651  26.872  20.266  22.601 0.0000000000
17057  27.190  20.295  22.939 0.0000000000
17056  27.738  20.295  22.855 0.0000000000
17055  28.264  20.407  22.800 0.0000000000
17054  28.756  20.484  22.757 0.0000000000
17053  29.195  20.645  22.721 0.0000000000
17052  29.624  20.774  22.659 0.0000000000
17051  30.023  20.880  22.601 0.0000000000
15652  26.692  20.209  22.856 0.0000000000
17058  26.882  20.359  23.111 0.0000000000
17040  27.218  20.362  23.369 0.0000000000
17039  27.644  20.293  23.303 0.0000000000
17038  28.143  20.352  23.255 0.0000000000
17037  28.655  20.416  23.213 0.0000000000
17036  29.087  20.591  23.186 0.0000000000
17035  29.503  20.764  23.100 0.0000000000
17034  29.815  21.039  22.950 0.0000000000
17026  27.122  20.371  23.745 0.0000000000
17025  27.560  20.336  23.718 0.0000000000
17041  26.888  20.376  23.432 0.0000000000
17024  28.034  20.315  23.701 0.0000000000
17023  28.560  20.346  23.707 0.0000000000
17022  29.017  20.582  23.686 0.0000000000
17021  29.424  20.800  23.590 0.0000000000
17008  27.073  20.401  23.988 0.0000000000
17007  27.432  20.309  24.123 0.0000000000
17027  26.685  20.303  23.773 0.0000000000
17006  27.886  20.272  24.101 0.0000000000
17005  28.417  20.265  24.185 0.0000000000
17004  28.945  20.557  24.260 0.0000000000
17003  29.315  21.047  23.968 0.0000000000
16990  27.072  20.366  24.546 0.0000000000
16989  27.288  20.281  24.639 0.0000000000
17009  26.734  20.347  24.032 0.0000000000
16988  27.738  20.247  24.542 0.0000000000
16987  28.109  20.238  24.487 0.0000000000
15589  28.530  20.251  24.767 0.0000000000
15612  28.710  20.333  24.451 0.0000000000
15611  28.819  20.413  24.666 0.0000000000
16986  28.979  20.602  24.816 0.0000000000
16985  29.235  21.009  24.774 0.0000000000
18424  29.321  21.473  24.375 0.0000000000
16971  26.966  20.233  25.051 0.0000000000
16972  26.619  20.209  24.891 0.0000000000
16991  26.546  20.232  24.643 0.0000000000
16970  27.337  20.231  25.025 0.0000000000
15591  27.632  20.221  24.988 0.0000000000
15590  28.031  20.222  24.943 0.0000000000
15588  28.849  20.257  25.086 0.0000000000
16969  28.943  20.755  25.320 0.0000000000
16968  29.136  21.135  25.211 0.0000000000
18402  29.180  21.426  25.101 0.0000000000
18413  29.252  21.485  24.842 0.0000000000
15567  26.392  20.077  25.119 0.0000000000
15592  26.190  20.077  25.026 0.0000000000
15566  26.831  20.041  25.509 0.0000000000
15565  27.411  20.190  25.396 0.0000000000
15562  28.717  20.370  25.175 0.0000000000
15537  28.694  20.392  25.571 0.0000000000
16951  28.831  20.719  25.926 0.0000000000
18389  28.950  20.949  25.858 0.0000000000
18403  28.853  21.398  25.438 0.0000000000
15515  28.651  20.374  26.009 0.0000000000
16931  28.959  20.802  26.323 0.0000000000
18374  28.882  20.969  26.296 0.0000000000
15504  28.619  20.329  26.404 0.0000000000
16910  28.760  20.486  26.711 0.0000000000
18352  28.899  20.933  26.746 0.0000000000
14421  29.156  20.196  17.583 0.0000000000
14422  29.014  19.999  17.674 0.0000000000
15752  29.058  20.264  17.835 0.0000000000
14433  29.195  20.159  17.376 0.0000000000
15742  28.941  20.344  18.147 0.0000000000
14411  28.668  19.817  18.080 0.0000000000
14401  28.665  19.989  18.494 0.0000000000
15729  28.753  20.380  18.742 0.0000000000
14388  28.654  20.026  18.858 0.0000000000
15712  28.640  20.284  19.142 0.0000000000
14389  28.508  19.978  19.104 0.0000000000
15713  28.151  20.243  19.346 0.0000000000
17159  28.515  20.536  19.459 0.0000000000
14364  27.080  19.996  21.214 0.0000000000
15678  26.987  20.161  21.432 0.0000000000
14370  27.232  19.843  20.873 0.0000000000
15683  27.622  20.109  20.897 0.0000000000
15682  27.909  20.080  20.792 0.0000000000
14353  26.662  19.820  21.963 0.0000000000
14365  26.799  19.766  21.378 0.0000000000
14341  26.784  20.225  22.558 0.0000000000
14325  26.420  19.764  22.707 0.0000000000
15639  26.407  20.111  23.275 0.0000000000
14324  26.697  20.051  22.666 0.0000000000
14305  26.318  19.364  22.885 0.0000000000
14290  26.203  19.527  23.568 0.0000000000
15629  26.238  20.059  23.880 0.0000000000
14291  26.064  19.699  23.835 0.0000000000
15630  26.055  20.165  24.093 0.0000000000
15614  26.037  19.912  24.198 0.0000000000
15613  26.279  20.138  24.425 0.0000000000
14273  25.888  19.646  24.025 0.0000000000
14258  25.797  19.514  24.514 0.0000000000
15593  26.050  19.956  24.681 0.0000000000
14244  25.991  19.783  24.994 0.0000000000
15568  26.169  20.006  24.999 0.0000000000
15564  27.935  20.202  25.364 0.0000000000
15563  28.379  20.242  25.260 0.0000000000
14243  26.304  19.823  25.366 0.0000000000
14242  26.598  19.834  25.713 0.0000000000
15541  27.156  20.061  26.042 0.0000000000
15540  27.295  19.933  25.861 0.0000000000
15539  27.839  20.070  25.870 0.0000000000
15538  28.292  20.220  25.712 0.0000000000
14231  26.638  19.845  25.871 0.0000000000
15542  26.766  19.943  25.884 0.0000000000
15519  26.792  19.815  26.132 0.0000000000
15518  27.079  19.929  26.083 0.0000000000
14218  27.386  19.773  26.394 0.0000000000
14230  27.618  19.859  25.993 0.0000000000
14229  27.800  19.957  26.198 0.0000000000
15517  27.873  19.982  26.394 0.0000000000
15516  28.171  20.116  26.094 0.0000000000
14219  26.852  19.671  26.549 0.0000000000
14220  26.431  19.556  26.398 0.0000000000
15520  26.561  19.775  26.070 0.0000000000
14217  27.845  19.935  26.633 0.0000000000
15506  27.943  19.960  26.925 0.0000000000
15505  28.374  20.224  26.721 0.0000000000
14204  27.886  19.922  26.904 0.0000000000
15507  27.952  19.905  27.067 0.0000000000
15495  27.971  19.897  27.294 0.0000000000
15494  28.358  19.983  27.119 0.0000000000
16911  28.763  20.494  26.859 0.0000000000
14192  27.872  19.778  27.663 0.0000000000
15483  28.149  19.955  27.717 0.0000000000
14193  27.512  19.655  27.453 0.0000000000
15496  27.777  19.817  27.156 0.0000000000
13274  28.640  19.583  18.041 0.0000000000
13275  28.465  19.437  18.173 0.0000000000
14412  28.512  19.755  18.360 0.0000000000
13283  28.679  19.464  17.797 0.0000000000
14402  28.266  19.795  18.713 0.0000000000
13240  26.958  19.273  20.568 0.0000000000
14371  26.731  19.549  21.187 0.0000000000
14375  27.249  19.527  20.336 0.0000000000
14369  27.996  20.059  21.026 0.0000000000
14374  27.743  19.856  20.608 0.0000000000
14368  28.047  20.018  20.895 0.0000000000
14373  27.949  20.035  20.829 0.0000000000
15681  28.034  19.969  20.727 0.0000000000
13237  26.739  19.165  21.219 0.0000000000
13224  26.654  19.234  21.782 0.0000000000
14354  26.443  19.411  21.968 0.0000000000
14342  26.470  19.668  22.261 0.0000000000
13208  26.376  19.175  22.327 0.0000000000
13189  26.275  19.162  22.876 0.0000000000
13175  26.284  18.891  23.138 0.0000000000
13162  25.939  19.281  23.846 0.0000000000
13161  26.090  18.834  23.637 0.0000000000
13148  25.770  19.082  24.190 0.0000000000
13138  25.716  18.990  24.515 0.0000000000
13128  25.755  19.017  24.961 0.0000000000
13120  25.768  19.359  25.413 0.0000000000
14233  26.000  19.819  25.008 0.0000000000
14232  26.316  19.673  25.810 0.0000000000
13119  25.773  19.531  25.495 0.0000000000
13105  26.012  19.227  26.079 0.0000000000
13093  26.295  18.996  26.922 0.0000000000
14207  26.535  19.217  26.978 0.0000000000
14206  26.904  19.480  26.961 0.0000000000
14205  27.552  19.754  26.970 0.0000000000
13092  26.613  19.242  27.058 0.0000000000
13081  26.711  19.213  27.349 0.0000000000
14194  27.061  19.494  27.200 0.0000000000
13080  27.055  19.294  27.572 0.0000000000
13066  27.218  19.291  28.052 0.0000000000
14180  27.624  19.427  28.065 0.0000000000
14179  27.949  19.786  28.008 0.0000000000
14170  27.623  19.583  28.083 0.0000000000
12195  28.285  18.868  18.051 0.0000000000
13265  28.174  19.085  18.544 0.0000000000
13284  28.480  19.110  17.841 0.0000000000
12180  28.214  18.609  18.495 0.0000000000
12181  27.798  18.538  18.929 0.0000000000
13266  27.804  19.245  18.814 0.0000000000
13245  26.839  19.015  20.412 0.0000000000
13241  26.763  19.020  20.745 0.0000000000
13244  27.103  18.988  20.114 0.0000000000
12151  26.756  18.759  21.007 0.0000000000
12135  26.745  18.736  21.497 0.0000000000
12122  26.682  18.771  22.117 0.0000000000
13207  26.575  18.801  22.025 0.0000000000
13225  26.529  18.955  21.929 0.0000000000
12123  26.419  18.845  22.432 0.0000000000
12110  26.357  18.793  22.740 0.0000000000
12096  26.293  18.622  23.194 0.0000000000
12081  26.175  18.788  23.622 0.0000000000
12082  25.900  18.679  23.934 0.0000000000
12067  25.802  18.589  24.348 0.0000000000
12068  25.730  19.092  23.996 0.0000000000
13149  25.653  19.028  24.253 0.0000000000
12056  25.776  18.533  24.722 0.0000000000
12057  25.748  18.796  24.443 0.0000000000
13139  25.603  18.947  24.388 0.0000000000
12043  25.795  18.172  25.187 0.0000000000
12044  25.693  18.611  25.349 0.0000000000
13129  25.707  19.034  25.299 0.0000000000
13106  25.780  19.131  25.906 0.0000000000
13121  25.695  19.066  25.613 0.0000000000
12016  25.803  19.065  26.000 0.0000000000
12015  25.877  19.023  26.164 0.0000000000
13107  25.665  19.063  25.994 0.0000000000
12005  25.981  18.697  26.574 0.0000000000
11997  26.253  18.595  27.103 0.0000000000
13082  26.371  18.941  27.349 0.0000000000
11989  26.299  18.652  27.614 0.0000000000
13068  26.571  19.008  27.779 0.0000000000
13067  26.913  19.181  27.875 0.0000000000
11981  26.500  18.757  28.160 0.0000000000
13056  26.800  19.024  28.074 0.0000000000
13055  27.062  19.128  28.135 0.0000000000
13054  27.481  19.284  28.363 0.0000000000
11980  26.949  18.899  28.285 0.0000000000
11979  27.166  19.034  28.303 0.0000000000
11140  27.884  17.989  18.898 0.0000000000
11134  27.798  18.007  19.319 0.0000000000
12169  27.682  18.348  19.575 0.0000000000
11139  28.062  18.249  18.625 0.0000000000
12170  27.528  18.743  19.388 0.0000000000
12182  27.546  18.850  18.958 0.0000000000
12167  27.256  18.493  19.836 0.0000000000
13247  27.270  19.029  19.643 0.0000000000
13253  27.334  18.972  19.057 0.0000000000
11128  27.626  18.010  19.775 0.0000000000
12166  27.735  18.326  19.874 0.0000000000
11129  27.335  17.983  20.175 0.0000000000
12168  27.077  18.276  20.247 0.0000000000
12164  26.850  18.693  20.360 0.0000000000
12163  27.062  18.880  19.849 0.0000000000
11123  27.026  18.250  20.584 0.0000000000
11110  26.832  18.435  20.808 0.0000000000
12161  26.773  18.758  20.746 0.0000000000
11097  26.906  18.330  21.203 0.0000000000
11084  26.895  18.203  21.758 0.0000000000
12109  26.647  18.564  22.577 0.0000000000
11072  26.796  18.190  22.294 0.0000000000
11057  26.490  18.208  22.904 0.0000000000
11056  26.711  18.221  22.651 0.0000000000
11036  26.477  18.203  23.095 0.0000000000
11020  26.230  18.255  23.753 0.0000000000
11021  26.059  18.309  24.057 0.0000000000
11009  26.023  18.288  24.315 0.0000000000
11000  26.096  17.867  24.824 0.0000000000
10989  25.791  18.047  25.098 0.0000000000
10990  25.728  18.213  25.441 0.0000000000
10982  25.671  18.409  25.721 0.0000000000
12030  25.648  18.816  25.775 0.0000000000
10976  25.647  18.691  25.983 0.0000000000
12017  25.652  18.997  26.014 0.0000000000
10975  25.707  18.272  26.134 0.0000000000
12006  25.772  18.500  26.450 0.0000000000
10966  25.775  18.084  26.879 0.0000000000
10965  26.014  18.272  27.020 0.0000000000
10955  26.059  18.280  27.422 0.0000000000
10945  26.107  18.319  27.924 0.0000000000
10934  26.195  18.371  28.344 0.0000000000
11972  26.418  18.606  28.485 0.0000000000
11971  26.794  18.689  28.684 0.0000000000
11970  27.222  18.956  28.580 0.0000000000
10923  26.326  18.347  28.742 0.0000000000
10146  28.015  17.865  19.032 0.0000000000
10135  27.979  17.680  19.648 0.0000000000
10136  27.680  17.657  19.987 0.0000000000
10122  27.520  17.546  20.519 0.0000000000
11122  27.248  18.035  20.569 0.0000000000
11130  27.136  18.102  20.388 0.0000000000
11109  27.223  18.060  20.934 0.0000000000
10107  27.478  17.475  21.082 0.0000000000
11096  27.211  18.032  21.390 0.0000000000
10096  27.314  17.565  21.544 0.0000000000
11083  27.093  17.970  21.702 0.0000000000
10083  26.900  17.932  22.025 0.0000000000
10082  27.133  17.700  22.004 0.0000000000
10066  26.989  17.811  22.317 0.0000000000
10048  26.802  17.869  22.710 0.0000000000
10049  26.669  17.883  22.935 0.0000000000
10030  26.636  17.824  23.135 0.0000000000
10020  26.545  17.753  23.569 0.0000000000
11008  26.219  18.070  24.224 0.0000000000
10007  26.341  17.694  24.027 0.0000000000
10999  26.174  18.007  24.597 0.0000000000
9997  26.266  17.654  24.490 0.0000000000
9998  25.974  17.603  24.894 0.0000000000
10981  25.743  17.974  25.629 0.0000000000
9989  25.745  17.558  25.438 0.0000000000
9980  25.685  17.752  25.920 0.0000000000
9968  25.752  18.148  26.183 0.0000000000
9956  25.701  18.017  26.810 0.0000000000
10967  25.658  17.975  26.891 0.0000000000
10956  25.753  18.087  27.193 0.0000000000
10957  25.689  18.098  26.823 0.0000000000
9948  25.503  17.887  27.173 0.0000000000
9957  25.556  17.689  26.719 0.0000000000
9947  25.779  17.885  27.286 0.0000000000
10946  25.793  18.039  27.734 0.0000000000
9939  25.535  17.391  28.084 0.0000000000
9930  25.690  17.890  28.014 0.0000000000
10935  25.869  18.121  28.193 0.0000000000
9920  25.632  17.831  28.499 0.0000000000
10924  25.921  18.141  28.632 0.0000000000
9911  25.703  17.863  29.038 0.0000000000
10914  25.991  18.150  28.975 0.0000000000
10913  26.280  18.214  29.198 0.0000000000
10922  26.642  18.415  28.994 0.0000000000
9910  25.985  18.029  29.145 0.0000000000
9102  27.784  17.388  20.165 0.0000000000
9101  27.958  17.329  20.001 0.0000000000
10134  28.233  17.542  19.388 0.0000000000
9100  28.180  17.215  19.798 0.0000000000
9090  27.874  17.158  20.381 0.0000000000
9077  27.769  17.104  20.836 0.0000000000
9068  27.639  17.073  21.282 0.0000000000
9056  27.373  17.073  21.856 0.0000000000
9045  27.254  17.269  22.399 0.0000000000
10065  27.168  17.619  22.345 0.0000000000
10047  27.110  17.576  22.620 0.0000000000
10029  26.780  17.599  23.048 0.0000000000
9034  26.934  17.448  22.903 0.0000000000
9033  27.148  17.196  22.878 0.0000000000
10019  26.766  17.459  23.459 0.0000000000
9023  26.966  17.129  23.296 0.0000000000
9009  26.575  17.244  23.850 0.0000000000
9008  26.780  16.927  23.759 0.0000000000
8997  26.335  17.241  24.276 0.0000000000
8987  26.075  17.271  25.017 0.0000000000
8974  25.904  17.190  25.242 0.0000000000
8986  26.199  17.218  24.771 0.0000000000
9990  25.669  17.202  25.532 0.0000000000
9981  25.590  17.329  25.815 0.0000000000
8963  25.502  16.987  25.735 0.0000000000
8955  25.325  16.957  25.840 0.0000000000
9969  25.537  17.608  25.948 0.0000000000
8950  25.322  17.142  26.563 0.0000000000
8946  25.248  17.102  27.118 0.0000000000
8945  25.523  17.031  27.221 0.0000000000
8940  25.260  17.085  27.675 0.0000000000
8941  25.092  17.081  27.771 0.0000000000
9940  25.314  17.494  28.186 0.0000000000
9931  25.304  17.550  28.267 0.0000000000
9921  25.262  17.504  28.800 0.0000000000
9902  25.717  17.781  29.584 0.0000000000
9901  26.020  17.919  29.311 0.0000000000
9912  25.195  17.564  29.217 0.0000000000
9089  28.119  17.038  20.184 0.0000000000
9076  27.907  16.876  20.579 0.0000000000
8232  28.111  16.625  20.292 0.0000000000
9088  28.213  16.928  20.088 0.0000000000
8231  28.213  16.877  20.062 0.0000000000
9067  27.813  16.849  20.957 0.0000000000
8223  27.908  16.549  20.793 0.0000000000
8214  27.614  16.824  21.562 0.0000000000
8213  27.771  16.560  21.323 0.0000000000
8204  27.536  16.544  21.819 0.0000000000
8194  27.316  16.759  22.276 0.0000000000
8183  27.243  16.899  22.698 0.0000000000
8167  27.199  16.933  23.004 0.0000000000
9022  27.131  17.024  23.135 0.0000000000
8168  27.009  16.803  23.245 0.0000000000
8151  26.687  16.893  23.687 0.0000000000
8152  26.416  16.949  24.040 0.0000000000
8138  26.155  16.809  24.465 0.0000000000
8973  26.118  17.106  25.080 0.0000000000
8127  26.120  16.900  25.016 0.0000000000
8117  26.051  16.997  25.204 0.0000000000
8118  25.840  16.913  25.249 0.0000000000
8975  25.669  16.995  25.449 0.0000000000
8113  25.169  16.801  25.981 0.0000000000
8119  25.377  16.775  25.451 0.0000000000
8109  25.128  16.810  26.444 0.0000000000
8105  25.129  16.850  26.878 0.0000000000
8101  25.121  16.885  27.082 0.0000000000
8102  24.903  16.838  27.218 0.0000000000
8947  24.985  16.974  27.418 0.0000000000
8942  24.810  16.994  27.598 0.0000000000
8933  24.966  17.142  28.087 0.0000000000
8934  24.680  17.151  28.001 0.0000000000
8926  24.973  17.262  28.395 0.0000000000
8927  24.674  17.260  28.500 0.0000000000
8922  24.938  17.231  28.899 0.0000000000
8923  24.754  17.296  28.983 0.0000000000
7456  27.801  16.245  20.913 0.0000000000
7469  27.881  16.178  20.555 0.0000000000
7441  27.571  16.058  21.264 0.0000000000
7429  27.570  16.279  21.627 0.0000000000
8203  27.696  16.470  21.612 0.0000000000
7430  27.348  16.094  21.889 0.0000000000
7418  27.298  16.302  22.224 0.0000000000
7400  27.216  16.481  22.641 0.0000000000
8184  27.155  16.709  22.925 0.0000000000
7383  26.728  16.489  23.511 0.0000000000
7401  27.236  16.520  22.966 0.0000000000
7371  26.362  16.617  23.912 0.0000000000
7370  26.606  16.695  23.725 0.0000000000
7365  26.188  16.640  24.199 0.0000000000
7366  26.041  16.509  24.221 0.0000000000
8139  25.701  16.645  24.551 0.0000000000
8128  25.786  16.766  25.000 0.0000000000
8129  25.301  16.658  24.955 0.0000000000
8114  24.940  16.618  25.927 0.0000000000
8120  24.828  16.634  25.291 0.0000000000
8110  24.779  16.695  26.299 0.0000000000
8111  24.369  16.688  26.112 0.0000000000
8115  24.362  16.684  25.607 0.0000000000
8107  24.371  16.706  26.595 0.0000000000
8108  23.980  16.801  26.375 0.0000000000
8112  23.975  16.800  25.896 0.0000000000
8106  24.795  16.728  26.773 0.0000000000
8104  23.964  16.829  26.834 0.0000000000
8951  23.781  17.151  26.583 0.0000000000
8956  23.778  16.887  25.992 0.0000000000
8103  24.410  16.760  27.105 0.0000000000
8948  24.009  16.897  27.163 0.0000000000
8949  23.809  17.265  27.088 0.0000000000
8100  24.655  16.840  27.413 0.0000000000
8943  24.274  16.963  27.566 0.0000000000
8099  24.803  16.910  27.411 0.0000000000
6779  27.750  15.841  20.824 0.0000000000
6763  27.591  15.583  21.156 0.0000000000
6764  27.257  15.787  21.450 0.0000000000
7442  27.383  16.046  21.649 0.0000000000
6750  27.175  15.935  22.110 0.0000000000
6734  27.163  16.075  22.543 0.0000000000
6722  26.846  16.076  22.769 0.0000000000
6719  26.600  16.110  23.092 0.0000000000
6721  27.055  16.262  22.737 0.0000000000
7384  26.266  16.304  23.330 0.0000000000
7372  25.963  16.353  23.798 0.0000000000
7367  25.617  16.409  24.145 0.0000000000
6207  27.528  15.413  21.118 0.0000000000
6218  27.519  15.221  21.043 0.0000000000
6780  27.037  15.405  21.168 0.0000000000
6751  26.909  15.784  21.942 0.0000000000
6765  26.835  15.680  21.476 0.0000000000
6206  27.034  15.167  20.879 0.0000000000
6217  27.666  15.425  20.995 0.0000000000
6735  26.838  15.854  22.418 0.0000000000
6736  26.428  15.834  22.226 0.0000000000
6752  26.458  15.769  21.807 0.0000000000
6723  26.331  15.931  22.716 0.0000000000
6724  25.988  15.889  22.370 0.0000000000
6737  26.080  15.884  22.212 0.0000000000
7403  25.702  16.211  22.684 0.0000000000
7419  25.645  16.079  22.098 0.0000000000
6720  26.310  16.103  22.997 0.0000000000
7402  25.892  16.113  22.948 0.0000000000
6753  26.087  15.755  21.607 0.0000000000
7431  25.699  15.892  21.585 0.0000000000
6766  26.392  15.643  21.363 0.0000000000
6767  25.946  15.663  21.247 0.0000000000
6781  26.724  15.454  21.060 0.0000000000
6782  26.283  15.436  20.989 0.0000000000
7443  25.637  15.784  21.270 0.0000000000
6783  26.050  15.495  21.142 0.0000000000
6768  25.562  15.635  20.832 0.0000000000
6784  25.463  15.557  20.789 0.0000000000
7444  25.337  15.949  21.187 0.0000000000
7373  25.514  16.348  23.702 0.0000000000
8140  25.239  16.529  24.460 0.0000000000
7368  25.184  16.374  24.046 0.0000000000
7374  25.070  16.415  23.729 0.0000000000
8141  24.854  16.474  24.314 0.0000000000
7369  24.911  16.365  23.987 0.0000000000
7375  25.008  16.235  23.602 0.0000000000
8142  24.423  16.474  24.045 0.0000000000
7385  25.850  16.346  23.234 0.0000000000
7386  25.358  16.346  23.201 0.0000000000
7387  25.043  16.366  23.024 0.0000000000
8154  24.407  16.674  23.523 0.0000000000
7388  24.970  16.631  23.155 0.0000000000
7404  25.052  16.441  22.750 0.0000000000
7405  24.891  16.509  22.922 0.0000000000
8169  24.662  16.908  23.134 0.0000000000
8186  24.773  16.785  22.849 0.0000000000
8170  24.525  16.833  23.347 0.0000000000
7420  25.109  16.379  22.249 0.0000000000
8185  24.892  16.648  22.620 0.0000000000
8195  24.975  16.581  22.502 0.0000000000
7432  25.292  16.199  21.705 0.0000000000
7433  24.868  16.469  21.768 0.0000000000
7421  24.798  16.659  21.790 0.0000000000
8196  24.787  16.829  22.388 0.0000000000
8205  24.757  16.929  21.896 0.0000000000
7445  24.993  16.292  21.380 0.0000000000
8215  24.800  16.782  21.317 0.0000000000
7457  25.191  15.965  20.748 0.0000000000
7458  24.950  16.282  20.889 0.0000000000
8224  24.789  16.730  20.702 0.0000000000
7470  25.053  16.058  20.492 0.0000000000
7471  24.830  16.335  20.323 0.0000000000
8116  23.979  16.864  25.399 0.0000000000
8964  23.779  17.160  25.673 0.0000000000
8121  24.319  16.786  25.052 0.0000000000
8122  23.982  17.068  25.039 0.0000000000
8977  23.885  17.220  25.180 0.0000000000
8130  24.827  16.620  24.783 0.0000000000
8131  24.473  16.737  24.558 0.0000000000
8976  24.109  17.089  24.981 0.0000000000
8988  24.198  16.991  24.746 0.0000000000
8998  24.213  16.997  24.336 0.0000000000
9011  24.268  17.079  23.743 0.0000000000
8153  24.420  16.964  23.481 0.0000000000
9024  24.409  17.119  23.258 0.0000000000
9035  24.455  17.210  22.770 0.0000000000
9046  24.452  17.427  22.221 0.0000000000
9057  24.652  17.388  21.705 0.0000000000
9069  24.723  17.236  21.271 0.0000000000
9078  24.700  17.112  20.906 0.0000000000
8233  24.604  16.844  20.223 0.0000000000
9091  24.694  17.029  20.503 0.0000000000
9913  24.790  17.552  29.377 0.0000000000
8928  24.283  17.343  28.644 0.0000000000
8924  24.368  17.353  29.089 0.0000000000
9914  24.343  17.691  29.471 0.0000000000
8929  24.005  17.440  29.176 0.0000000000
8925  24.113  17.522  29.227 0.0000000000
8935  24.209  17.230  28.075 0.0000000000
9923  23.949  17.612  28.639 0.0000000000
9922  24.024  17.389  28.267 0.0000000000
9932  23.916  17.128  28.006 0.0000000000
8944  23.920  17.275  27.694 0.0000000000
8936  23.859  17.225  27.884 0.0000000000
9933  23.806  17.508  28.027 0.0000000000
9941  23.767  17.645  27.461 0.0000000000
9949  23.739  17.985  26.801 0.0000000000
9958  23.761  17.610  26.696 0.0000000000
9970  23.770  17.454  26.340 0.0000000000
9982  23.772  17.536  25.955 0.0000000000
9991  23.783  17.615  25.482 0.0000000000
8989  23.945  17.252  24.710 0.0000000000
9999  23.786  17.639  25.000 0.0000000000
8999  23.920  17.300  24.191 0.0000000000
10008  23.788  17.652  24.516 0.0000000000
9012  23.930  17.364  23.766 0.0000000000
10021  23.785  17.739  24.004 0.0000000000
9010  23.842  17.119  23.672 0.0000000000
9025  24.118  17.419  23.254 0.0000000000
9026  23.818  17.691  23.525 0.0000000000
9036  24.255  17.648  22.717 0.0000000000
10031  24.069  17.931  23.192 0.0000000000
10032  23.803  17.956  23.613 0.0000000000
10050  24.237  18.000  22.652 0.0000000000
9047  24.295  17.784  22.381 0.0000000000
10068  24.298  17.916  22.094 0.0000000000
10067  24.429  17.676  21.988 0.0000000000
10084  24.386  17.787  21.807 0.0000000000
10097  24.542  17.629  21.402 0.0000000000
10108  24.642  17.483  21.105 0.0000000000
9092  24.407  17.172  20.260 0.0000000000
9079  24.443  17.432  20.661 0.0000000000
10109  24.420  17.668  20.870 0.0000000000
10123  24.192  17.720  20.368 0.0000000000
8234  24.413  17.184  20.114 0.0000000000
9103  24.231  17.097  19.880 0.0000000000
10137  24.211  17.498  19.875 0.0000000000
9903  25.190  17.716  29.749 0.0000000000
10936  23.787  17.974  28.360 0.0000000000
10947  23.765  17.989  27.758 0.0000000000
10958  23.693  17.761  27.092 0.0000000000
10968  23.760  18.211  26.916 0.0000000000
10977  23.767  17.909  26.302 0.0000000000
10983  23.778  17.897  25.873 0.0000000000
10991  23.785  18.136  25.287 0.0000000000
11001  23.786  18.053  24.794 0.0000000000
11010  23.790  18.059  24.328 0.0000000000
11022  23.788  18.105  23.884 0.0000000000
11038  23.812  18.118  23.438 0.0000000000
11037  24.065  18.263  23.108 0.0000000000
11059  24.174  18.249  22.778 0.0000000000
11074  24.287  17.942  22.160 0.0000000000
10085  24.295  17.957  21.585 0.0000000000
11085  24.191  18.223  21.808 0.0000000000
10098  24.359  17.837  21.135 0.0000000000
11098  24.180  18.118  21.263 0.0000000000
11111  24.120  18.050  20.681 0.0000000000
11124  24.221  17.908  20.155 0.0000000000
10124  23.786  17.764  20.052 0.0000000000
10138  23.802  17.484  19.774 0.0000000000
11125  23.739  17.980  20.274 0.0000000000
10139  23.419  17.639  19.807 0.0000000000
10125  23.270  17.904  20.220 0.0000000000
10111  23.086  18.022  20.635 0.0000000000
10110  23.134  17.968  20.497 0.0000000000
10126  22.786  17.829  20.247 0.0000000000
11113  23.054  18.111  20.643 0.0000000000
11126  23.492  18.008  20.305 0.0000000000
10140  22.942  17.704  19.912 0.0000000000
10112  22.504  17.925  20.552 0.0000000000
10127  22.340  17.696  20.166 0.0000000000
10141  22.633  17.716  20.014 0.0000000000
11990  23.757  18.406  27.432 0.0000000000
11998  23.756  18.381  26.927 0.0000000000
12007  23.760  18.394  26.470 0.0000000000
12018  23.777  18.227  25.863 0.0000000000
12031  23.797  18.390  25.875 0.0000000000
12045  23.796  18.664  25.300 0.0000000000
12058  23.800  18.552  24.996 0.0000000000
12069  23.793  18.503  24.575 0.0000000000
12083  23.791  18.488  24.080 0.0000000000
12098  23.803  18.448  23.489 0.0000000000
12097  23.995  18.692  23.093 0.0000000000
12112  24.115  18.589  22.843 0.0000000000
11073  24.194  17.915  22.595 0.0000000000
11058  24.066  17.896  22.952 0.0000000000
12111  24.169  18.321  22.700 0.0000000000
12124  24.201  18.056  22.306 0.0000000000
12125  24.096  18.596  22.213 0.0000000000
12136  24.061  18.388  21.747 0.0000000000
11086  24.051  18.263  21.458 0.0000000000
11099  23.924  18.283  21.033 0.0000000000
12137  23.796  18.516  21.519 0.0000000000
12152  23.725  18.373  21.130 0.0000000000
11112  23.680  18.216  20.559 0.0000000000
11100  23.415  18.331  20.933 0.0000000000
12153  23.367  18.513  21.172 0.0000000000
11101  22.955  18.346  20.937 0.0000000000
11114  22.688  18.181  20.716 0.0000000000
12154  22.895  18.560  21.174 0.0000000000
11102  22.503  18.376  20.994 0.0000000000
11115  22.207  18.211  20.793 0.0000000000
12155  22.408  18.646  21.228 0.0000000000
11103  21.938  18.528  21.256 0.0000000000
10113  21.984  17.849  20.574 0.0000000000
11116  21.729  18.138  20.928 0.0000000000
13084  23.760  18.724  27.122 0.0000000000
13095  23.760  18.762  26.654 0.0000000000
13109  23.780  18.965  26.077 0.0000000000
13122  23.793  19.087  25.516 0.0000000000
13130  23.852  19.061  24.809 0.0000000000
13140  23.737  19.133  24.806 0.0000000000
13151  23.790  18.977  24.293 0.0000000000
13164  23.772  18.968  23.866 0.0000000000
13177  23.814  19.024  23.224 0.0000000000
13176  23.805  18.778  23.059 0.0000000000
13190  23.954  19.220  22.963 0.0000000000
13209  23.971  18.881  22.617 0.0000000000
12126  23.502  18.782  22.000 0.0000000000
13210  23.667  18.911  22.315 0.0000000000
12138  23.305  18.838  21.574 0.0000000000
12127  23.292  18.995  21.913 0.0000000000
13211  23.196  19.017  22.083 0.0000000000
13226  23.202  19.042  21.878 0.0000000000
12139  22.818  18.823  21.440 0.0000000000
13227  23.090  19.008  21.779 0.0000000000
12140  22.301  18.864  21.599 0.0000000000
13228  22.382  18.955  21.640 0.0000000000
12141  21.981  18.776  21.795 0.0000000000
12128  22.130  18.865  22.069 0.0000000000
12156  22.097  18.767  21.427 0.0000000000
13267  27.530  19.055  18.863 0.0000000000
14234  23.749  19.644  25.724 0.0000000000
14245  23.731  19.833  24.984 0.0000000000
14259  23.754  19.634  24.796 0.0000000000
14275  23.712  19.505  24.536 0.0000000000
13163  23.773  19.081  24.080 0.0000000000
13150  23.784  19.067  24.141 0.0000000000
14274  23.745  19.229  24.151 0.0000000000
14292  23.707  19.200  23.985 0.0000000000
14293  23.575  19.571  23.864 0.0000000000
14306  23.594  19.462  23.196 0.0000000000
13191  23.779  19.140  22.817 0.0000000000
14326  23.538  19.613  22.891 0.0000000000
13192  23.350  19.427  22.433 0.0000000000
14327  23.088  19.861  22.947 0.0000000000
13193  22.791  19.503  22.460 0.0000000000
13212  22.918  19.377  22.174 0.0000000000
14328  22.919  19.740  22.905 0.0000000000
13194  22.618  19.430  22.642 0.0000000000
14343  22.995  19.447  21.994 0.0000000000
14355  23.155  19.168  21.972 0.0000000000
13213  22.461  19.330  22.125 0.0000000000
14344  22.977  18.965  22.162 0.0000000000
14345  22.926  19.373  21.951 0.0000000000
14356  23.112  19.198  21.900 0.0000000000
14357  22.693  19.080  21.681 0.0000000000
14379  27.279  19.520  19.942 0.0000000000
14391  27.399  19.526  19.380 0.0000000000
13252  27.565  19.133  18.867 0.0000000000
14390  27.748  19.639  19.041 0.0000000000
14403  27.925  19.776  18.835 0.0000000000
15569  23.595  20.024  25.453 0.0000000000
15594  23.511  20.028  24.948 0.0000000000
15615  23.339  19.988  24.478 0.0000000000
15631  23.190  20.075  24.084 0.0000000000
14307  23.179  19.740  23.374 0.0000000000
14294  23.020  19.967  23.768 0.0000000000
14308  23.099  19.931  23.408 0.0000000000
15687  28.047  19.920  20.653 0.0000000000
15688  28.072  19.970  20.368 0.0000000000
14378  27.621  19.835  20.185 0.0000000000
15698  27.828  20.172  19.900 0.0000000000
15699  27.649  19.996  19.963 0.0000000000
15715  27.169  19.882  19.994 0.0000000000
15714  27.683  20.072  19.404 0.0000000000
15731  27.850  19.965  18.967 0.0000000000
15730  27.978  20.102  18.951 0.0000000000
17122  28.154  20.234  20.349 0.0000000000
17141  27.927  20.151  20.157 0.0000000000
15697  28.145  20.413  19.705 0.0000000000
17140  28.176  20.439  19.889 0.0000000000
18375  28.871  21.059  26.174 0.0000000000
18390  28.547  21.349  25.837 0.0000000000
19662  29.033  21.855  24.906 0.0000000000
19661  29.156  21.658  24.966 0.0000000000
18404  28.311  21.663  25.673 0.0000000000
19663  28.602  21.949  25.268 0.0000000000
19669  29.160  21.856  24.752 0.0000000000
19679  29.339  21.921  24.357 0.0000000000
19696  29.590  21.760  23.984 0.0000000000
17211  29.021  21.145  16.335 0.0000000000
18563  28.819  21.471  16.471 0.0000000000
19871  28.979  21.749  16.691 0.0000000000
17212  28.814  21.031  16.042 0.0000000000
18564  28.300  21.492  16.379 0.0000000000
19872  28.589  21.741  16.626 0.0000000000
19670  28.997  21.969  24.866 0.0000000000
20961  28.793  22.309  24.960 0.0000000000
20974  28.998  22.223  24.794 0.0000000000
20973  29.198  22.373  24.590 0.0000000000
20991  29.401  22.204  24.069 0.0000000000
19700  23.214  21.913  23.738 0.0000000000
20995  23.145  22.150  24.275 0.0000000000
19683  22.990  21.962  24.028 0.0000000000
19701  22.932  22.135  23.785 0.0000000000
20996  22.883  22.223  24.380 0.0000000000
19684  22.639  22.040  24.090 0.0000000000
19702  22.197  22.056  23.965 0.0000000000
20997  22.441  22.284  24.518 0.0000000000
19685  22.127  22.105  24.028 0.0000000000
19703  21.999  22.084  24.113 0.0000000000
20998  21.925  22.331  24.442 0.0000000000
21011  29.728  22.059  23.880 0.0000000000
19713  23.524  21.961  23.367 0.0000000000
19714  22.940  22.084  23.462 0.0000000000
19715  22.981  22.534  23.459 0.0000000000
21017  22.611  22.189  23.617 0.0000000000
21016  23.011  22.585  23.630 0.0000000000
21018  21.931  22.307  23.900 0.0000000000
21031  24.102  22.256  22.785 0.0000000000
21032  24.008  22.112  23.208 0.0000000000
21033  23.303  22.151  23.148 0.0000000000
21034  22.809  22.289  23.256 0.0000000000
19722  24.976  21.860  21.946 0.0000000000
19742  24.485  21.928  21.697 0.0000000000
19761  24.599  22.168  21.268 0.0000000000
19723  24.510  21.817  22.208 0.0000000000
19743  24.049  22.025  21.799 0.0000000000
19762  24.018  22.321  21.245 0.0000000000
19724  24.076  21.841  22.343 0.0000000000
19744  23.749  22.115  21.898 0.0000000000
19763  24.149  22.592  21.258 0.0000000000
19725  23.736  21.883  22.428 0.0000000000
19745  23.246  22.206  22.034 0.0000000000
19764  23.399  22.477  21.524 0.0000000000
19726  23.319  22.050  22.393 0.0000000000
19746  23.110  22.385  21.935 0.0000000000
19765  23.038  22.623  21.767 0.0000000000
19727  23.043  22.229  22.269 0.0000000000
19747  22.860  22.144  22.100 0.0000000000
21075  22.855  22.558  21.854 0.0000000000
21091  22.796  22.770  21.552 0.0000000000
19728  23.026  22.351  22.126 0.0000000000
21076  22.540  22.646  22.035 0.0000000000
19781  24.729  22.327  20.871 0.0000000000
19782  24.222  22.461  20.908 0.0000000000
19783  24.008  22.745  20.960 0.0000000000
21089  23.671  22.978  21.030 0.0000000000
21110  23.662  22.797  20.942 0.0000000000
21090  23.028  23.139  21.352 0.0000000000
21107  24.826  22.433  20.525 0.0000000000
21108  24.386  22.598  20.588 0.0000000000
21109  23.955  22.710  20.729 0.0000000000
19863  28.752  22.002  16.901 0.0000000000
19864  28.207  22.143  16.978 0.0000000000
18555  28.227  21.794  16.583 0.0000000000
18554  28.207  21.734  16.571 0.0000000000
19865  27.655  21.991  16.841 0.0000000000
19873  28.340  21.731  16.585 0.0000000000
22459  28.837  22.759  24.811 0.0000000000
22458  29.084  22.837  24.676 0.0000000000
22475  29.272  22.715  24.342 0.0000000000
20977  23.335  22.448  24.647 0.0000000000
22463  23.634  22.847  24.783 0.0000000000
20965  23.240  22.794  24.973 0.0000000000
20978  23.026  22.583  25.122 0.0000000000
20966  22.949  22.789  25.093 0.0000000000
20979  22.668  22.701  25.213 0.0000000000
20967  22.494  22.822  25.137 0.0000000000
20980  22.189  22.665  24.939 0.0000000000
20968  22.042  22.854  25.075 0.0000000000
20981  21.642  22.752  24.789 0.0000000000
20969  21.832  22.887  25.040 0.0000000000
22464  21.622  23.020  25.113 0.0000000000
20999  21.325  22.623  24.246 0.0000000000
20982  21.099  22.924  24.581 0.0000000000
22465  21.184  23.018  24.760 0.0000000000
22477  20.980  22.886  24.354 0.0000000000
22491  29.569  22.620  23.850 0.0000000000
21019  21.332  22.533  23.804 0.0000000000
21000  21.048  22.744  24.003 0.0000000000
22478  20.853  22.868  24.091 0.0000000000
21020  20.956  22.755  23.844 0.0000000000
21035  22.242  22.469  23.331 0.0000000000
21036  21.758  22.561  23.347 0.0000000000
21037  21.156  22.638  23.458 0.0000000000
22496  20.758  22.901  23.818 0.0000000000
21038  20.823  22.772  23.637 0.0000000000
21050  24.422  21.984  22.706 0.0000000000
21051  23.898  22.090  22.885 0.0000000000
21052  23.697  22.164  22.849 0.0000000000
21053  23.188  22.196  22.835 0.0000000000
21054  23.089  22.144  22.833 0.0000000000
22510  22.124  22.691  23.211 0.0000000000
22509  22.696  22.385  22.948 0.0000000000
22511  21.809  22.818  23.078 0.0000000000
22512  21.465  22.730  23.085 0.0000000000
22513  20.751  22.830  23.221 0.0000000000
21055  22.451  22.581  22.647 0.0000000000
22526  22.380  22.476  22.867 0.0000000000
22527  22.116  22.689  22.838 0.0000000000
21056  22.022  22.672  22.524 0.0000000000
21077  21.919  22.825  22.058 0.0000000000
22528  21.763  22.731  22.841 0.0000000000
21057  21.590  22.763  22.504 0.0000000000
21078  21.415  22.892  22.140 0.0000000000
22529  21.263  22.789  22.794 0.0000000000
21058  21.191  22.847  22.457 0.0000000000
21079  21.064  22.983  22.190 0.0000000000
22530  20.851  22.974  22.582 0.0000000000
21092  22.296  22.851  21.652 0.0000000000
21093  21.944  22.913  21.688 0.0000000000
22544  21.641  22.923  21.855 0.0000000000
22545  21.415  22.975  21.960 0.0000000000
21094  21.258  23.009  22.012 0.0000000000
22546  21.078  23.129  21.978 0.0000000000
21095  21.121  23.080  21.972 0.0000000000
21111  23.142  22.892  21.197 0.0000000000
21112  23.182  23.003  20.939 0.0000000000
22558  22.472  22.986  21.288 0.0000000000
22573  22.753  23.057  21.082 0.0000000000
22559  21.881  23.022  21.433 0.0000000000
22560  21.774  23.028  21.485 0.0000000000
22561  21.345  23.042  21.702 0.0000000000
22562  21.010  23.150  21.713 0.0000000000
21124  25.008  22.601  20.195 0.0000000000
21125  24.533  22.729  20.235 0.0000000000
21126  24.075  22.819  20.324 0.0000000000
21127  23.673  22.899  20.452 0.0000000000
21128  23.319  22.973  20.522 0.0000000000
21129  23.195  22.987  20.462 0.0000000000
22585  23.101  22.960  20.840 0.0000000000
21146  25.152  22.711  20.118 0.0000000000
21147  24.722  22.803  19.862 0.0000000000
21148  24.205  22.872  19.893 0.0000000000
21149  23.828  22.954  19.789 0.0000000000
21150  23.331  22.950  20.105 0.0000000000
21151  23.002  22.982  20.119 0.0000000000
21152  22.606  22.797  20.168 0.0000000000
21130  22.386  22.922  20.491 0.0000000000
22586  22.600  23.030  20.807 0.0000000000
21153  22.117  22.619  20.195 0.0000000000
21131  21.890  22.804  20.488 0.0000000000
22587  22.154  23.041  20.793 0.0000000000
21154  21.618  22.473  20.226 0.0000000000
21132  21.375  22.717  20.489 0.0000000000
22588  21.701  23.123  20.936 0.0000000000
21155  21.119  22.389  20.247 0.0000000000
21133  20.877  22.705  20.461 0.0000000000
22589  21.061  23.030  20.906 0.0000000000
21156  20.561  22.430  20.233 0.0000000000
21134  20.596  22.715  20.414 0.0000000000
22590  20.759  23.124  20.807 0.0000000000
22603  20.391  22.743  20.395 0.0000000000
21166  25.443  22.768  19.484 0.0000000000
21167  24.961  22.810  19.491 0.0000000000
21168  24.409  22.809  19.471 0.0000000000
21169  23.741  22.637  19.438 0.0000000000
21170  23.299  22.798  19.726 0.0000000000
21171  22.973  22.959  20.015 0.0000000000
19803  22.802  22.617  19.909 0.0000000000
19804  22.398  22.361  19.960 0.0000000000
19805  21.956  22.021  19.934 0.0000000000
19806  21.398  21.920  20.003 0.0000000000
19807  20.947  21.967  20.074 0.0000000000
19808  20.511  21.944  20.045 0.0000000000
21157  20.056  22.253  20.098 0.0000000000
22604  20.100  22.676  20.278 0.0000000000
19809  20.069  21.869  19.986 0.0000000000
19822  20.070  21.864  20.027 0.0000000000
21172  20.008  21.933  19.941 0.0000000000
21158  19.835  22.244  20.030 0.0000000000
22605  19.670  22.701  20.135 0.0000000000
21173  19.490  22.245  19.837 0.0000000000
21184  25.654  22.817  19.152 0.0000000000
21185  25.247  22.782  19.116 0.0000000000
21186  24.747  22.729  19.107 0.0000000000
21187  24.173  22.429  19.095 0.0000000000
19820  23.260  22.276  19.403 0.0000000000
19819  23.484  21.938  19.088 0.0000000000
21188  23.857  22.205  19.098 0.0000000000
19821  23.001  22.462  19.636 0.0000000000
19823  19.610  21.847  19.773 0.0000000000
19824  19.052  21.856  19.482 0.0000000000
21174  18.833  22.407  19.566 0.0000000000
22616  19.076  22.817  19.836 0.0000000000
19825  18.893  22.023  19.397 0.0000000000
21175  18.821  22.380  19.469 0.0000000000
22617  18.960  22.800  19.764 0.0000000000
19836  18.725  21.891  19.129 0.0000000000
21189  18.537  22.426  19.172 0.0000000000
22618  18.692  22.842  19.543 0.0000000000
22631  25.858  22.917  19.009 0.0000000000
22632  25.461  22.948  19.038 0.0000000000
21198  25.213  22.627  18.729 0.0000000000
22647  25.309  23.013  19.027 0.0000000000
21199  24.625  22.400  18.723 0.0000000000
19834  23.888  22.197  19.052 0.0000000000
19833  23.868  22.042  18.966 0.0000000000
21200  24.250  22.504  18.771 0.0000000000
19842  18.379  21.921  18.748 0.0000000000
21201  18.336  22.382  19.109 0.0000000000
22633  18.282  22.941  19.208 0.0000000000
22644  26.131  22.846  18.440 0.0000000000
21210  26.488  22.553  18.015 0.0000000000
21196  26.164  22.715  18.339 0.0000000000
21211  26.027  22.405  18.044 0.0000000000
22645  25.991  22.841  18.632 0.0000000000
21197  25.812  22.663  18.483 0.0000000000
21212  25.419  22.119  18.057 0.0000000000
22646  25.673  22.909  18.927 0.0000000000
21213  25.228  22.294  18.259 0.0000000000
19841  24.372  22.290  18.754 0.0000000000
19840  24.587  22.003  18.475 0.0000000000
21214  24.789  22.183  18.428 0.0000000000
19843  18.220  21.966  18.682 0.0000000000
21202  18.078  22.515  18.545 0.0000000000
22648  18.123  22.868  19.191 0.0000000000
19851  17.967  22.026  18.143 0.0000000000
21216  17.958  22.603  18.032 0.0000000000
22649  17.959  22.948  18.695 0.0000000000
21224  26.854  22.354  17.640 0.0000000000
21225  26.330  22.196  17.578 0.0000000000
21226  25.848  22.118  17.769 0.0000000000
19848  25.041  21.882  18.138 0.0000000000
19847  25.352  21.883  18.009 0.0000000000
21227  25.569  22.034  17.907 0.0000000000
19849  25.005  22.243  18.305 0.0000000000
19859  17.853  21.941  17.620 0.0000000000
21229  18.065  22.315  17.452 0.0000000000
22658  17.959  23.077  18.353 0.0000000000
21215  18.016  22.929  17.769 0.0000000000
21228  18.083  22.697  17.675 0.0000000000
22657  18.118  22.942  17.882 0.0000000000
21236  27.215  22.130  17.204 0.0000000000
21237  26.680  22.063  17.265 0.0000000000
19857  26.077  21.803  17.362 0.0000000000
19856  26.310  21.964  17.348 0.0000000000
21238  26.416  22.039  17.328 0.0000000000
19858  25.683  21.853  17.686 0.0000000000
22665  17.950  22.849  17.443 0.0000000000
21239  18.088  22.596  17.308 0.0000000000
19866  26.991  21.756  16.772 0.0000000000
19867  26.411  21.789  17.147 0.0000000000
23925  28.943  23.362  24.705 0.0000000000
23924  29.145  22.983  24.597 0.0000000000
23927  24.341  23.420  24.623 0.0000000000
23941  24.747  23.222  24.138 0.0000000000
22446  23.963  23.150  24.801 0.0000000000
22447  23.663  23.078  24.950 0.0000000000
23928  24.029  23.184  24.691 0.0000000000
22451  21.969  23.011  25.036 0.0000000000
22452  21.593  23.132  25.113 0.0000000000
23914  21.209  23.441  25.175 0.0000000000
23929  21.138  23.124  24.829 0.0000000000
22466  20.920  22.973  24.381 0.0000000000
23930  20.721  23.439  24.761 0.0000000000
22467  20.691  23.119  24.265 0.0000000000
22479  20.630  22.965  24.179 0.0000000000
23931  20.301  23.531  24.503 0.0000000000
23939  29.323  23.225  24.229 0.0000000000
23960  24.766  23.523  23.981 0.0000000000
23942  20.195  23.308  24.081 0.0000000000
22497  20.356  23.089  23.687 0.0000000000
23956  29.812  23.316  23.815 0.0000000000
22507  26.005  23.209  23.125 0.0000000000
22492  25.894  23.351  23.248 0.0000000000
23957  25.749  23.521  23.417 0.0000000000
23958  25.407  23.520  23.672 0.0000000000
23959  24.985  23.515  23.779 0.0000000000
23961  19.972  23.348  23.713 0.0000000000
22514  20.216  23.156  23.263 0.0000000000
23977  25.972  23.614  23.248 0.0000000000
22523  26.205  23.147  22.893 0.0000000000
22506  26.118  23.278  23.055 0.0000000000
23976  26.179  23.552  23.087 0.0000000000
22531  20.282  23.095  22.764 0.0000000000
23978  19.820  23.425  23.008 0.0000000000
23992  19.964  23.219  23.094 0.0000000000
23991  26.480  23.636  22.806 0.0000000000
22522  26.621  23.278  22.572 0.0000000000
22547  20.509  23.128  22.214 0.0000000000
22548  20.063  23.208  22.253 0.0000000000
22532  19.783  23.195  22.771 0.0000000000
23993  19.812  23.269  22.807 0.0000000000
24006  19.891  23.225  22.480 0.0000000000
23990  26.905  23.661  22.430 0.0000000000
24005  27.145  23.514  22.150 0.0000000000
22563  20.672  23.224  21.735 0.0000000000
22564  20.020  23.323  22.035 0.0000000000
22565  20.008  23.251  21.880 0.0000000000
22549  19.906  23.253  21.994 0.0000000000
24007  19.617  23.320  22.209 0.0000000000
24022  19.869  23.122  21.481 0.0000000000
24020  27.357  23.384  21.767 0.0000000000
22574  22.359  23.077  21.037 0.0000000000
22575  21.766  23.250  21.061 0.0000000000
22576  21.498  23.067  21.178 0.0000000000
22577  21.083  23.130  21.250 0.0000000000
22578  21.190  23.297  21.178 0.0000000000
22579  20.491  23.305  21.316 0.0000000000
24021  19.782  23.348  21.527 0.0000000000
24034  19.793  23.471  20.945 0.0000000000
24032  21.040  23.256  20.920 0.0000000000
24042  20.983  23.053  20.990 0.0000000000
24033  20.742  23.347  20.810 0.0000000000
24043  20.740  23.149  20.915 0.0000000000
22591  20.160  22.911  20.484 0.0000000000
24044  20.322  23.150  20.768 0.0000000000
22592  19.809  22.921  20.112 0.0000000000
24045  19.809  23.137  20.537 0.0000000000
24053  19.383  23.108  20.244 0.0000000000
22606  19.074  23.095  20.010 0.0000000000
24054  19.118  23.031  20.061 0.0000000000
24065  18.986  23.035  19.923 0.0000000000
24066  18.525  23.204  19.681 0.0000000000
24074  18.169  23.264  19.308 0.0000000000
22634  17.941  23.087  18.933 0.0000000000
24075  17.983  23.505  19.300 0.0000000000
22635  18.005  23.246  18.982 0.0000000000
22650  17.948  23.254  18.864 0.0000000000
24076  17.848  23.453  18.874 0.0000000000
24081  17.777  23.585  18.872 0.0000000000
22659  17.828  23.320  18.675 0.0000000000
24083  18.030  23.221  17.973 0.0000000000
24082  18.083  23.150  17.807 0.0000000000
24085  18.034  23.058  17.781 0.0000000000
24084  17.746  23.493  18.418 0.0000000000
22670  18.451  22.657  17.083 0.0000000000
22671  17.910  22.922  17.008 0.0000000000
22666  17.847  23.126  17.271 0.0000000000
24086  17.864  23.219  17.645 0.0000000000
24093  17.880  23.534  17.218 0.0000000000
23898  21.702  23.444  25.333 0.0000000000
25417  21.390  23.961  25.478 0.0000000000
25428  21.029  23.911  25.256 0.0000000000
23915  20.913  23.564  25.074 0.0000000000
25429  20.781  23.873  25.142 0.0000000000
23910  24.069  23.853  24.976 0.0000000000
23911  23.992  23.461  24.914 0.0000000000
25439  24.337  23.970  24.723 0.0000000000
25452  24.674  23.832  24.304 0.0000000000
25440  20.515  23.823  24.987 0.0000000000
25441  20.003  24.116  24.756 0.0000000000
23932  19.936  23.737  24.351 0.0000000000
23943  19.823  23.658  24.105 0.0000000000
25442  19.740  23.999  24.361 0.0000000000
23940  29.348  23.712  24.411 0.0000000000
25450  29.601  23.832  24.239 0.0000000000
25438  29.266  23.946  24.645 0.0000000000
25451  29.538  23.969  24.408 0.0000000000
25453  19.665  23.820  24.204 0.0000000000
23962  19.731  23.507  23.755 0.0000000000
23944  19.581  23.738  24.017 0.0000000000
23963  19.271  23.758  23.641 0.0000000000
25454  18.983  24.146  24.004 0.0000000000
25465  30.574  23.650  23.353 0.0000000000
25466  30.201  23.686  23.685 0.0000000000
25467  29.897  23.821  23.848 0.0000000000
25468  25.695  23.942  23.522 0.0000000000
25469  25.174  23.985  23.714 0.0000000000
25470  24.894  23.944  23.833 0.0000000000
25471  24.776  23.976  23.974 0.0000000000
23979  19.480  23.457  23.270 0.0000000000
25472  19.020  23.895  23.620 0.0000000000
23980  19.076  23.760  23.174 0.0000000000
23964  18.970  23.856  23.403 0.0000000000
25484  30.877  23.853  23.144 0.0000000000
23974  31.047  23.557  22.755 0.0000000000
25483  31.021  23.870  22.944 0.0000000000
25486  26.033  23.991  23.240 0.0000000000
25485  26.307  24.040  23.026 0.0000000000
23994  19.200  23.555  22.732 0.0000000000
23981  18.881  23.857  23.248 0.0000000000
25487  18.870  23.817  23.058 0.0000000000
25500  19.050  23.787  23.211 0.0000000000
25496  31.085  23.826  22.569 0.0000000000
25511  31.110  23.792  22.137 0.0000000000
25499  26.672  24.102  22.730 0.0000000000
25498  27.071  24.138  22.388 0.0000000000
24008  19.057  23.517  22.123 0.0000000000
23995  18.857  23.678  22.375 0.0000000000
25501  18.837  23.761  22.806 0.0000000000
24009  19.140  23.959  21.986 0.0000000000
23996  18.671  23.848  21.912 0.0000000000
25502  18.403  23.854  22.532 0.0000000000
25514  18.492  23.746  21.796 0.0000000000
25520  31.110  23.774  21.680 0.0000000000
25513  27.332  23.913  22.102 0.0000000000
24023  19.211  23.421  21.686 0.0000000000
24024  19.147  23.488  21.702 0.0000000000
25524  18.748  23.692  21.803 0.0000000000
25530  31.103  23.676  21.310 0.0000000000
25523  27.545  23.825  21.863 0.0000000000
24019  27.656  23.594  21.515 0.0000000000
24035  19.730  23.245  20.925 0.0000000000
24036  19.109  23.280  20.883 0.0000000000
24037  19.141  23.452  21.304 0.0000000000
25534  18.762  23.658  21.318 0.0000000000
25538  31.067  23.739  20.852 0.0000000000
24018  27.908  23.789  21.277 0.0000000000
25521  28.153  24.127  21.316 0.0000000000
25532  28.344  24.153  21.019 0.0000000000
24028  28.463  23.940  20.728 0.0000000000
24046  19.178  23.362  20.637 0.0000000000
25533  18.961  23.544  20.959 0.0000000000
25543  18.984  23.552  20.905 0.0000000000
25546  31.001  23.721  20.218 0.0000000000
24039  28.602  23.863  20.492 0.0000000000
25542  28.691  23.817  20.343 0.0000000000
25550  28.598  23.701  20.265 0.0000000000
24047  18.763  23.462  20.342 0.0000000000
25544  18.694  23.649  20.842 0.0000000000
24055  18.844  23.280  20.124 0.0000000000
24048  18.454  23.470  20.085 0.0000000000
25545  18.298  23.774  20.495 0.0000000000
24056  18.481  23.630  20.125 0.0000000000
24050  28.841  23.625  19.874 0.0000000000
25549  29.039  23.791  19.987 0.0000000000
25551  17.937  23.933  20.123 0.0000000000
24067  18.174  23.594  19.669 0.0000000000
25553  30.802  23.896  19.716 0.0000000000
25554  30.317  23.921  19.608 0.0000000000
25555  29.763  23.967  19.685 0.0000000000
24062  29.469  23.552  19.388 0.0000000000
25556  29.246  23.751  19.755 0.0000000000
25557  29.024  23.697  19.809 0.0000000000
25558  17.937  23.830  19.782 0.0000000000
25562  17.829  23.766  19.432 0.0000000000
25563  17.691  23.920  19.265 0.0000000000
25566  17.572  23.939  18.739 0.0000000000
25570  17.631  23.912  18.092 0.0000000000
25569  17.967  23.406  17.916 0.0000000000
25571  17.759  23.747  17.738 0.0000000000
24111  18.024  23.467  16.896 0.0000000000
25576  17.874  24.072  17.372 0.0000000000
25599  17.878  24.140  17.092 0.0000000000
25416  21.799  24.172  25.731 0.0000000000
26949  21.624  24.371  25.651 0.0000000000
26950  21.088  24.371  25.486 0.0000000000
26965  20.939  24.053  25.241 0.0000000000
26966  20.816  24.022  25.254 0.0000000000
25430  20.568  23.991  25.130 0.0000000000
26967  20.180  24.550  25.049 0.0000000000
25425  24.055  24.086  25.107 0.0000000000
26962  24.231  24.291  24.897 0.0000000000
26979  24.621  24.315  24.562 0.0000000000
26980  20.158  24.166  24.737 0.0000000000
26981  19.672  24.602  24.653 0.0000000000
25443  19.368  24.366  24.337 0.0000000000
26982  19.273  24.708  24.426 0.0000000000
26995  18.793  24.684  24.168 0.0000000000
25437  29.452  24.051  24.454 0.0000000000
26993  29.676  24.289  24.352 0.0000000000
27009  29.847  24.218  23.968 0.0000000000
26994  24.734  24.309  24.068 0.0000000000
27007  30.406  24.111  23.516 0.0000000000
27027  30.894  24.079  23.140 0.0000000000
27008  30.101  24.139  23.783 0.0000000000
27011  25.488  24.481  23.646 0.0000000000
27010  25.818  24.321  23.368 0.0000000000
27012  25.028  24.378  23.730 0.0000000000
27013  24.864  24.347  23.862 0.0000000000
27026  30.997  24.212  22.974 0.0000000000
27040  31.057  24.145  22.708 0.0000000000
27029  26.096  24.503  23.182 0.0000000000
27028  26.406  24.536  22.918 0.0000000000
27052  31.090  24.205  22.332 0.0000000000
25497  27.368  24.418  22.184 0.0000000000
27042  27.118  24.697  22.370 0.0000000000
27043  26.809  24.592  22.639 0.0000000000
27062  31.089  24.260  21.840 0.0000000000
25512  27.650  24.170  21.939 0.0000000000
25515  17.870  24.034  22.117 0.0000000000
25525  18.371  23.795  21.703 0.0000000000
27071  31.040  24.285  21.207 0.0000000000
25522  27.835  23.964  21.587 0.0000000000
27065  27.964  24.306  21.655 0.0000000000
27064  28.288  24.653  21.494 0.0000000000
27075  28.377  24.380  21.209 0.0000000000
25526  17.936  23.967  21.730 0.0000000000
25535  18.154  23.827  21.229 0.0000000000
25531  28.664  24.197  20.814 0.0000000000
27074  28.740  24.621  21.079 0.0000000000
25536  17.803  24.066  21.500 0.0000000000
27077  17.624  24.193  21.179 0.0000000000
27076  17.952  23.886  20.937 0.0000000000
27081  30.948  24.255  20.573 0.0000000000
25541  28.973  24.047  20.394 0.0000000000
27086  17.847  23.990  20.615 0.0000000000
27089  30.791  24.265  20.082 0.0000000000
25548  29.383  23.979  20.031 0.0000000000
27092  17.820  24.019  20.231 0.0000000000
27094  30.492  24.175  19.821 0.0000000000
27095  30.102  24.207  19.856 0.0000000000
25547  29.752  24.187  19.971 0.0000000000
27096  29.904  24.234  19.914 0.0000000000
27097  17.843  24.110  20.199 0.0000000000
25559  17.786  23.953  19.697 0.0000000000
27098  17.499  24.091  19.946 0.0000000000
27099  17.455  24.374  19.189 0.0000000000
27102  17.449  24.356  18.574 0.0000000000
27108  17.611  24.236  18.121 0.0000000000
25572  17.505  23.859  17.925 0.0000000000
27115  17.718  24.315  17.842 0.0000000000
27116  17.549  23.973  17.901 0.0000000000
27126  17.975  24.602  17.474 0.0000000000
27150  17.960  24.084  17.143 0.0000000000
25598  18.408  23.878  16.839 0.0000000000
27149  18.429  24.262  16.945 0.0000000000
25426  23.983  23.886  25.063 0.0000000000
26963  24.028  24.279  25.155 0.0000000000
28537  24.156  24.789  25.109 0.0000000000
28536  24.451  24.802  24.780 0.0000000000
25427  24.042  24.077  25.100 0.0000000000
26964  23.781  24.247  25.307 0.0000000000
28538  23.784  24.733  25.383 0.0000000000
26945  23.494  24.401  25.587 0.0000000000
25412  23.576  24.020  25.372 0.0000000000
26951  20.689  24.678  25.345 0.0000000000
26952  20.552  24.841  25.173 0.0000000000
28539  20.157  24.977  25.157 0.0000000000
26968  19.872  24.831  24.776 0.0000000000
28540  19.968  24.872  24.977 0.0000000000
28556  19.824  25.002  24.514 0.0000000000
28555  24.726  24.785  24.359 0.0000000000
28557  19.396  25.043  24.705 0.0000000000
28570  18.857  25.014  24.392 0.0000000000
26977  29.431  24.321  24.698 0.0000000000
28567  29.726  24.695  24.599 0.0000000000
28583  30.020  24.748  23.953 0.0000000000
28569  24.813  24.836  23.935 0.0000000000
28581  30.298  24.490  23.683 0.0000000000
28598  30.611  24.636  23.322 0.0000000000
28582  29.884  24.815  23.974 0.0000000000
27030  25.796  24.680  23.362 0.0000000000
28585  25.184  24.874  23.680 0.0000000000
28584  25.604  24.985  23.465 0.0000000000
28586  24.993  24.752  23.713 0.0000000000
28597  30.924  24.635  22.971 0.0000000000
28615  31.037  24.595  22.575 0.0000000000
28601  26.262  24.984  23.076 0.0000000000
28600  26.554  25.000  22.801 0.0000000000
28602  25.960  24.801  23.229 0.0000000000
27041  27.319  24.885  22.280 0.0000000000
28617  27.084  25.065  22.318 0.0000000000
28618  26.954  24.994  22.482 0.0000000000
28630  31.065  24.615  22.095 0.0000000000
28644  30.993  24.850  21.592 0.0000000000
27053  28.181  24.871  21.755 0.0000000000
27054  27.828  24.703  21.942 0.0000000000
28647  28.298  24.944  21.660 0.0000000000
27063  28.587  24.854  21.365 0.0000000000
28646  28.479  25.102  21.590 0.0000000000
28655  30.874  24.864  21.116 0.0000000000
27072  30.826  24.662  20.805 0.0000000000
27082  30.456  24.537  20.502 0.0000000000
28656  30.363  24.954  20.963 0.0000000000
27085  28.913  24.333  20.740 0.0000000000
28659  28.906  25.105  21.299 0.0000000000
27084  29.218  24.539  20.673 0.0000000000
27073  29.086  24.814  20.985 0.0000000000
28658  29.189  24.799  20.950 0.0000000000
28664  30.005  24.774  20.677 0.0000000000
27090  30.269  24.335  20.108 0.0000000000
27083  29.857  24.474  20.379 0.0000000000
25540  29.490  24.260  20.201 0.0000000000
25539  29.951  24.196  19.970 0.0000000000
27091  29.962  24.394  20.027 0.0000000000
28665  29.542  24.835  20.692 0.0000000000
28666  29.159  24.908  21.009 0.0000000000
27087  17.407  24.359  20.679 0.0000000000
27093  17.564  24.280  20.189 0.0000000000
28667  17.282  24.536  20.418 0.0000000000
28672  17.233  24.665  20.129 0.0000000000
28676  17.254  24.811  19.719 0.0000000000
28679  17.604  24.812  19.083 0.0000000000
28683  17.625  24.656  18.409 0.0000000000
28691  17.702  24.458  18.080 0.0000000000
27107  17.535  24.287  17.959 0.0000000000
28690  17.758  24.808  18.072 0.0000000000
28708  17.983  24.976  17.808 0.0000000000
28731  18.055  24.893  17.684 0.0000000000
27125  18.211  24.488  17.217 0.0000000000
28730  18.264  24.909  17.504 0.0000000000
30106  24.323  25.224  25.038 0.0000000000
30127  24.685  25.380  24.704 0.0000000000
30107  24.069  25.341  25.333 0.0000000000
28511  23.278  24.924  25.732 0.0000000000
30108  23.668  25.182  25.603 0.0000000000
28554  24.832  25.136  24.204 0.0000000000
28541  19.763  25.422  24.766 0.0000000000
30128  19.362  25.659  24.525 0.0000000000
28571  18.894  24.989  24.426 0.0000000000
28558  19.058  25.201  24.651 0.0000000000
30129  19.067  25.590  24.786 0.0000000000
30143  18.877  25.410  24.675 0.0000000000
28553  29.666  24.710  24.799 0.0000000000
28552  29.940  25.134  24.937 0.0000000000
28566  29.883  24.827  24.270 0.0000000000
28568  24.775  24.919  23.918 0.0000000000
30141  25.046  25.276  23.994 0.0000000000
30142  25.075  24.997  23.685 0.0000000000
28599  30.350  24.875  23.566 0.0000000000
30155  29.934  25.313  24.029 0.0000000000
30169  30.270  25.286  23.581 0.0000000000
30158  25.403  25.226  23.665 0.0000000000
30157  25.968  25.485  23.324 0.0000000000
30159  25.002  24.994  23.283 0.0000000000
30167  30.806  24.949  23.020 0.0000000000
30181  30.839  25.185  22.709 0.0000000000
30168  30.593  25.227  23.160 0.0000000000
30171  26.403  25.540  23.032 0.0000000000
30170  26.785  25.423  22.656 0.0000000000
30172  26.181  25.278  23.176 0.0000000000
30195  31.058  25.006  21.888 0.0000000000
28616  27.231  25.280  22.384 0.0000000000
30185  27.099  25.534  22.286 0.0000000000
30186  27.051  25.317  22.362 0.0000000000
30209  30.702  25.360  21.635 0.0000000000
28645  30.646  25.122  21.304 0.0000000000
30210  30.188  25.423  21.323 0.0000000000
28631  28.238  25.236  21.514 0.0000000000
28632  28.207  25.167  21.834 0.0000000000
30197  28.481  25.563  21.769 0.0000000000
30213  28.886  25.467  21.576 0.0000000000
30221  29.948  25.150  20.983 0.0000000000
28657  29.819  25.036  20.895 0.0000000000
30222  29.726  25.308  21.111 0.0000000000
30223  29.329  25.393  21.259 0.0000000000
30224  29.115  25.429  21.427 0.0000000000
30242  17.299  24.938  19.582 0.0000000000
30249  17.566  25.156  19.283 0.0000000000
28678  17.740  25.175  18.841 0.0000000000
28682  17.758  25.136  18.795 0.0000000000
30248  17.746  25.323  18.931 0.0000000000
30257  17.790  25.265  18.462 0.0000000000
30271  17.939  25.159  18.026 0.0000000000
30293  18.083  25.140  17.813 0.0000000000
28707  17.956  25.149  17.881 0.0000000000
28752  18.497  24.633  17.131 0.0000000000
30292  18.396  25.300  17.734 0.0000000000
30313  18.568  25.073  17.366 0.0000000000
28729  18.989  24.976  17.273 0.0000000000
28751  18.823  24.610  16.973 0.0000000000
31730  24.427  25.754  25.157 0.0000000000
30126  25.015  25.478  24.373 0.0000000000
31751  24.649  25.994  25.016 0.0000000000
31750  25.028  26.127  24.766 0.0000000000
31767  25.241  25.800  24.238 0.0000000000
31782  25.364  25.644  23.920 0.0000000000
30144  18.518  25.367  24.457 0.0000000000
30130  18.740  25.688  24.711 0.0000000000
30140  30.120  25.402  24.609 0.0000000000
31765  30.086  25.824  24.292 0.0000000000
31778  30.166  25.737  23.674 0.0000000000
30156  26.343  25.841  23.127 0.0000000000
31780  26.275  26.045  23.234 0.0000000000
31781  25.760  25.889  23.690 0.0000000000
30182  30.662  25.402  22.869 0.0000000000
31793  30.420  25.875  23.065 0.0000000000
31792  30.606  25.565  22.970 0.0000000000
31795  26.714  26.047  22.806 0.0000000000
31815  27.012  25.701  22.437 0.0000000000
31796  26.278  26.210  22.966 0.0000000000
31809  30.660  25.656  22.631 0.0000000000
31808  30.798  25.465  22.576 0.0000000000
31825  30.820  25.514  22.360 0.0000000000
30184  27.483  25.733  22.365 0.0000000000
31814  27.189  26.120  22.371 0.0000000000
31842  30.837  25.623  22.053 0.0000000000
30198  28.106  25.620  22.109 0.0000000000
30196  28.985  25.881  21.644 0.0000000000
31829  28.779  26.147  21.940 0.0000000000
31830  28.342  25.966  22.050 0.0000000000
28633  27.700  25.272  22.204 0.0000000000
30199  27.824  25.654  22.241 0.0000000000
30183  28.009  25.960  22.250 0.0000000000
31843  30.415  25.779  21.682 0.0000000000
30211  29.696  25.662  21.330 0.0000000000
31844  29.942  25.879  21.479 0.0000000000
30212  29.297  25.743  21.453 0.0000000000
31845  29.686  26.145  21.410 0.0000000000
31828  29.430  26.107  21.644 0.0000000000
31942  17.891  25.639  18.805 0.0000000000
31961  17.949  25.486  18.334 0.0000000000
30270  18.095  25.282  18.024 0.0000000000
31960  18.304  25.677  18.184 0.0000000000
31976  18.712  25.780  17.999 0.0000000000
30291  18.906  25.468  17.716 0.0000000000
30312  18.851  25.148  17.402 0.0000000000
30311  19.189  25.198  17.426 0.0000000000
28728  19.081  24.884  17.178 0.0000000000
33436  24.887  26.179  24.835 0.0000000000
33435  25.142  26.236  24.496 0.0000000000
31764  30.116  25.716  24.709 0.0000000000
31748  30.332  25.870  24.773 0.0000000000
31749  30.141  26.123  24.817 0.0000000000
33448  29.997  26.356  24.167 0.0000000000
33462  30.170  26.380  23.480 0.0000000000
33451  25.378  26.065  24.247 0.0000000000
31766  25.451  25.931  24.025 0.0000000000
31779  26.482  26.269  23.065 0.0000000000
33464  26.443  26.506  23.228 0.0000000000
33465  26.126  26.402  23.557 0.0000000000
33450  25.699  26.202  24.049 0.0000000000
33466  25.900  26.259  23.768 0.0000000000
33476  29.947  26.690  22.553 0.0000000000
31810  30.337  26.205  22.368 0.0000000000
33482  26.663  26.433  22.958 0.0000000000
31794  27.025  26.368  22.469 0.0000000000
33481  27.005  26.622  22.629 0.0000000000
31826  30.570  25.881  22.125 0.0000000000
33494  29.915  26.489  22.136 0.0000000000
31827  30.067  26.176  21.860 0.0000000000
31813  27.742  26.271  22.224 0.0000000000
33499  27.163  26.570  22.324 0.0000000000
33498  27.546  26.596  22.279 0.0000000000
33513  29.605  26.414  21.933 0.0000000000
33514  29.136  26.424  21.948 0.0000000000
31811  28.683  26.399  22.018 0.0000000000
31812  28.348  26.322  22.111 0.0000000000
33515  28.827  26.434  21.994 0.0000000000
31941  18.131  25.766  18.690 0.0000000000
33625  18.442  26.055  18.448 0.0000000000
33642  18.708  25.929  18.186 0.0000000000
31975  19.076  25.849  17.980 0.0000000000
33641  19.030  25.971  18.129 0.0000000000
35197  30.014  26.924  23.631 0.0000000000
35219  29.978  27.123  22.991 0.0000000000
33463  26.775  26.681  23.031 0.0000000000
35201  26.699  26.900  23.367 0.0000000000
35202  26.365  26.715  23.523 0.0000000000
33449  26.034  26.508  23.920 0.0000000000
35175  26.268  26.800  23.825 0.0000000000
33495  29.448  26.653  22.103 0.0000000000
33477  29.204  26.995  22.217 0.0000000000
35220  29.551  27.331  22.476 0.0000000000
33496  28.779  26.616  22.100 0.0000000000
33478  28.527  27.024  22.188 0.0000000000
35221  28.909  27.396  22.316 0.0000000000
33497  28.128  26.652  22.144 0.0000000000
33479  27.928  26.948  22.323 0.0000000000
35222  28.237  27.392  22.371 0.0000000000
33480  27.364  26.855  22.329 0.0000000000
35223  27.668  27.166  22.467 0.0000000000
35224  27.322  26.979  22.594 0.0000000000
35200  27.115  27.026  22.970 0.0000000000
33640  19.416  25.962  18.096 0.0000000000
33624  18.883  26.152  18.369 0.0000000000
33623  19.328  26.148  18.317 0.0000000000
35199  27.468  27.330  22.789 0.0000000000
36966  27.347  27.520  23.140 0.0000000000
36967  27.107  27.264  23.306 0.0000000000
35174  26.399  27.042  23.810 0.0000000000
36944  26.790  27.325  23.713 0.0000000000
36978  30.006  27.501  23.253 0.0000000000
36979  29.759  27.701  22.781 0.0000000000
36980  29.236  27.762  22.500 0.0000000000
36981  28.728  27.763  22.507 0.0000000000
35198  27.831  27.479  22.644 0.0000000000
36964  28.180  27.820  22.708 0.0000000000
36965  27.676  27.744  23.009 0.0000000000
33639  19.706  25.859  18.070 0.0000000000
31974  19.518  25.813  17.945 0.0000000000
33622  19.849  25.999  18.253 0.0000000000
30290  19.298  25.542  17.753 0.0000000000
30139  30.170  25.726  24.851 0.0000000000
30124  30.426  25.947  25.012 0.0000000000
30125  29.962  25.570  24.897 0.0000000000
31752  18.855  25.843  24.824 0.0000000000
31753  18.522  25.907  24.761 0.0000000000
30131  18.285  25.775  24.557 0.0000000000
25413  23.196  24.073  25.585 0.0000000000
26946  23.061  24.499  25.680 0.0000000000
23893  23.625  23.814  25.257 0.0000000000
23912  23.626  23.517  25.161 0.0000000000
23897  22.040  23.512  25.446 0.0000000000
25415  22.200  24.002  25.652 0.0000000000
26948  22.064  24.410  25.608 0.0000000000
23896  22.515  23.560  25.514 0.0000000000
25414  22.876  24.097  25.673 0.0000000000
26947  22.620  24.580  25.735 0.0000000000
23895  23.104  23.777  25.535 0.0000000000
23894  23.330  23.718  25.356 0.0000000000
22448  23.177  23.097  25.173 0.0000000000
23913  23.286  23.392  25.249 0.0000000000
22435  21.834  23.108  25.176 0.0000000000
22434  21.907  23.040  25.178 0.0000000000
22433  22.352  23.171  25.275 0.0000000000
22432  22.797  23.277  25.313 0.0000000000
22431  22.832  23.163  25.345 0.0000000000
22450  22.251  22.962  25.168 0.0000000000
22449  22.695  22.990  25.197 0.0000000000
18541  18.086  21.623  18.089 0.0000000000
19850  18.163  21.840  18.341 0.0000000000
18550  17.952  21.534  17.778 0.0000000000
18540  18.312  21.388  18.344 0.0000000000
19839  24.887  21.832  18.271 0.0000000000
18529  25.005  21.726  18.193 0.0000000000
18538  25.105  21.489  18.063 0.0000000000
18537  25.428  21.580  17.774 0.0000000000
18532  18.631  21.345  18.754 0.0000000000
19832  24.202  21.956  18.845 0.0000000000
18520  24.351  21.649  18.632 0.0000000000
18530  24.728  21.483  18.314 0.0000000000
18525  18.819  21.479  19.074 0.0000000000
19835  18.883  21.724  19.252 0.0000000000
18524  18.987  21.350  19.215 0.0000000000
18507  23.494  21.884  19.241 0.0000000000
18522  23.736  21.583  19.109 0.0000000000
18521  24.062  21.616  18.856 0.0000000000
18513  19.349  21.368  19.527 0.0000000000
18512  19.857  21.398  19.776 0.0000000000
18511  19.917  21.735  19.893 0.0000000000
18490  22.710  22.197  19.744 0.0000000000
18509  23.050  21.871  19.494 0.0000000000
18508  23.314  21.651  19.281 0.0000000000
18496  20.046  21.382  19.857 0.0000000000
18495  20.485  21.465  19.907 0.0000000000
18494  21.006  21.738  19.619 0.0000000000
18493  21.183  21.620  19.970 0.0000000000
18492  21.704  21.647  19.957 0.0000000000
18491  22.310  21.686  19.778 0.0000000000
18531  18.845  21.117  18.983 0.0000000000
17165  19.109  20.822  19.072 0.0000000000
17149  19.228  21.046  19.270 0.0000000000
17162  23.598  21.016  18.998 0.0000000000
17161  23.958  21.095  18.790 0.0000000000
18523  23.440  21.304  19.198 0.0000000000
17160  24.165  21.069  18.654 0.0000000000
17148  19.629  20.861  19.501 0.0000000000
17129  19.932  21.103  19.795 0.0000000000
18497  19.934  21.096  19.888 0.0000000000
17143  22.789  21.097  19.497 0.0000000000
17142  22.993  20.900  19.351 0.0000000000
18510  22.623  21.418  19.646 0.0000000000
17163  23.190  21.028  19.156 0.0000000000
17128  19.995  21.127  19.800 0.0000000000
17127  20.949  21.149  19.385 0.0000000000
17126  21.007  21.271  19.802 0.0000000000
17125  21.475  21.248  19.887 0.0000000000
17124  22.005  21.172  19.765 0.0000000000
17123  22.206  21.296  19.750 0.0000000000
17144  22.334  21.085  19.693 0.0000000000
28512  22.872  24.843  25.770 0.0000000000
