#!ascii label  , from subject  vox2ras=TkReg
2034
4856  15.520  13.825  20.124 0.0000000000
4855  16.096  13.909  20.236 0.0000000000
4864  15.902  13.640  19.880 0.0000000000
5295  15.663  14.217  20.345 0.0000000000
4865  15.307  13.535  19.677 0.0000000000
4857  15.047  13.778  20.052 0.0000000000
5296  15.075  14.011  20.215 0.0000000000
4866  14.748  13.759  19.704 0.0000000000
4858  14.888  13.874  20.107 0.0000000000
5297  14.856  14.023  20.155 0.0000000000
5302  14.755  13.968  20.080 0.0000000000
4863  16.409  13.680  19.918 0.0000000000
4417  16.195  13.349  19.616 0.0000000000
4418  15.727  13.272  19.530 0.0000000000
4419  15.362  13.235  19.365 0.0000000000
4872  15.175  13.352  19.330 0.0000000000
4873  14.950  13.456  19.270 0.0000000000
4874  14.366  13.476  19.177 0.0000000000
4867  14.172  13.772  19.565 0.0000000000
5303  14.365  13.984  19.849 0.0000000000
4875  13.985  13.726  19.259 0.0000000000
4868  13.945  13.850  19.563 0.0000000000
5304  13.963  14.049  19.759 0.0000000000
5315  13.713  14.048  19.476 0.0000000000
4427  15.083  13.109  19.021 0.0000000000
4428  14.611  13.265  18.942 0.0000000000
4429  14.276  13.308  18.943 0.0000000000
4880  14.157  13.452  18.977 0.0000000000
4881  13.906  13.657  18.957 0.0000000000
4876  13.642  13.832  19.166 0.0000000000
4882  13.399  13.798  18.888 0.0000000000
5316  13.261  14.094  18.996 0.0000000000
4435  14.214  13.284  18.724 0.0000000000
4436  13.906  13.404  18.674 0.0000000000
4901  13.678  13.573  18.610 0.0000000000
5335  13.022  14.119  18.734 0.0000000000
4902  13.223  13.702  18.288 0.0000000000
4445  13.768  13.185  18.232 0.0000000000
4446  13.318  13.365  17.969 0.0000000000
4926  13.009  13.582  17.871 0.0000000000
5361  12.879  13.997  18.281 0.0000000000
4903  12.778  13.868  18.036 0.0000000000
4927  12.486  13.906  17.798 0.0000000000
5362  12.450  14.173  18.004 0.0000000000
4457  13.300  13.148  17.708 0.0000000000
4458  12.764  13.395  17.662 0.0000000000
4459  12.394  13.677  17.621 0.0000000000
4928  12.230  13.887  17.481 0.0000000000
5379  12.344  14.099  17.817 0.0000000000
5380  12.187  14.185  17.705 0.0000000000
4480  12.392  13.302  17.318 0.0000000000
4956  12.008  13.792  17.109 0.0000000000
5393  12.015  14.074  17.371 0.0000000000
4504  12.233  13.260  16.752 0.0000000000
4976  12.022  13.665  16.785 0.0000000000
4977  11.815  13.893  16.787 0.0000000000
4957  11.766  14.009  17.003 0.0000000000
5394  11.819  14.189  17.182 0.0000000000
5402  11.743  14.313  16.733 0.0000000000
4990  11.976  13.571  16.451 0.0000000000
4991  11.771  13.929  16.268 0.0000000000
4525  12.110  13.171  16.188 0.0000000000
4999  11.854  13.438  15.991 0.0000000000
5412  11.864  14.557  16.009 0.0000000000
5000  11.773  13.836  15.654 0.0000000000
4539  12.020  13.043  16.003 0.0000000000
4540  11.805  13.280  15.687 0.0000000000
4551  11.747  13.451  15.259 0.0000000000
5006  11.765  14.000  14.999 0.0000000000
5421  11.873  14.275  15.390 0.0000000000
4564  11.809  13.616  14.553 0.0000000000
5015  11.882  14.025  14.786 0.0000000000
5429  11.880  14.153  15.005 0.0000000000
5014  12.177  14.134  14.572 0.0000000000
5443  12.021  14.211  14.839 0.0000000000
5294  16.005  14.147  20.354 0.0000000000
5289  15.883  14.365  20.567 0.0000000000
5742  15.655  14.574  20.634 0.0000000000
5743  15.308  14.589  20.479 0.0000000000
5744  14.870  14.469  20.310 0.0000000000
5298  14.647  13.947  20.015 0.0000000000
5745  14.359  14.359  20.034 0.0000000000
5759  14.025  14.311  19.889 0.0000000000
5760  13.728  14.614  19.755 0.0000000000
5779  13.404  14.457  19.338 0.0000000000
5780  12.976  14.560  19.023 0.0000000000
5804  12.918  14.364  18.870 0.0000000000
5336  12.873  14.205  18.438 0.0000000000
5805  12.696  14.510  18.702 0.0000000000
5825  12.560  14.354  18.350 0.0000000000
5363  12.174  14.381  17.933 0.0000000000
5826  12.146  14.673  18.257 0.0000000000
5840  12.022  14.488  17.846 0.0000000000
5851  11.899  14.381  17.536 0.0000000000
5852  11.707  14.689  17.274 0.0000000000
5860  11.845  14.937  16.538 0.0000000000
5867  11.920  14.894  16.152 0.0000000000
5420  12.129  14.758  15.583 0.0000000000
5411  11.986  14.849  15.863 0.0000000000
5866  12.122  15.073  16.040 0.0000000000
5879  12.051  15.003  15.849 0.0000000000
5427  12.491  14.559  15.093 0.0000000000
5419  12.707  14.764  15.456 0.0000000000
5428  12.003  14.340  15.033 0.0000000000
5878  12.437  15.030  15.720 0.0000000000
5426  13.024  14.364  15.049 0.0000000000
5441  12.765  14.291  14.822 0.0000000000
5442  12.370  14.340  14.815 0.0000000000
5013  12.649  14.177  14.525 0.0000000000
5012  13.028  14.016  14.702 0.0000000000
5440  13.052  14.215  14.886 0.0000000000
5454  12.702  14.246  14.708 0.0000000000
5455  12.631  14.299  14.747 0.0000000000
5022  12.513  14.297  14.649 0.0000000000
5021  12.654  14.247  14.674 0.0000000000
5734  16.023  14.747  20.960 0.0000000000
5735  15.423  14.765  20.976 0.0000000000
5736  14.890  14.768  20.917 0.0000000000
6240  14.454  14.850  20.506 0.0000000000
6241  14.054  14.938  20.346 0.0000000000
5746  14.024  14.728  20.064 0.0000000000
6242  13.661  15.054  20.192 0.0000000000
6262  13.297  14.964  19.936 0.0000000000
5761  13.148  14.747  19.569 0.0000000000
6263  12.962  14.978  19.745 0.0000000000
5762  12.802  14.830  19.385 0.0000000000
5781  12.491  14.810  19.090 0.0000000000
6264  12.565  15.143  19.456 0.0000000000
6282  12.305  15.006  19.154 0.0000000000
5806  12.233  14.914  18.782 0.0000000000
5782  12.121  14.862  19.191 0.0000000000
6283  11.930  15.176  19.056 0.0000000000
6305  11.989  14.954  18.981 0.0000000000
6320  12.029  15.025  18.622 0.0000000000
5841  11.804  14.717  17.832 0.0000000000
5827  11.769  14.912  18.137 0.0000000000
6321  11.688  15.117  18.529 0.0000000000
6329  11.116  14.976  17.996 0.0000000000
6335  11.315  15.117  16.868 0.0000000000
6344  11.789  15.486  16.857 0.0000000000
5859  11.939  15.056  16.259 0.0000000000
6343  11.998  15.325  16.485 0.0000000000
6359  12.271  15.605  16.425 0.0000000000
5865  12.867  15.009  15.880 0.0000000000
6358  12.692  15.463  16.173 0.0000000000
5877  12.953  14.968  15.851 0.0000000000
6226  14.458  14.821  20.854 0.0000000000
6227  14.114  14.926  20.752 0.0000000000
6228  13.815  15.086  20.856 0.0000000000
6229  13.328  15.387  20.602 0.0000000000
6243  13.173  15.200  20.065 0.0000000000
6792  13.008  15.446  20.280 0.0000000000
6808  13.187  15.166  20.061 0.0000000000
6244  12.895  15.099  19.891 0.0000000000
6809  12.711  15.324  20.081 0.0000000000
6245  12.480  15.286  19.856 0.0000000000
6265  12.196  15.346  19.761 0.0000000000
6810  12.189  15.653  20.080 0.0000000000
6832  11.798  15.747  19.912 0.0000000000
6284  11.663  15.339  19.250 0.0000000000
6266  11.718  15.565  19.530 0.0000000000
6833  11.700  15.836  19.823 0.0000000000
6851  11.412  15.641  19.359 0.0000000000
6306  11.669  15.146  18.978 0.0000000000
6869  11.185  15.237  18.987 0.0000000000
6877  10.914  15.341  18.559 0.0000000000
6885  11.237  15.677  17.764 0.0000000000
6893  11.644  15.747  17.021 0.0000000000
6907  12.047  15.844  16.976 0.0000000000
6908  11.994  15.870  16.788 0.0000000000
6342  12.971  15.150  16.069 0.0000000000
6357  13.047  15.554  16.313 0.0000000000
6924  13.009  15.724  16.148 0.0000000000
6925  12.656  15.759  16.490 0.0000000000
6926  12.273  16.007  16.874 0.0000000000
6230  12.971  15.548  20.722 0.0000000000
6793  12.697  15.709  20.443 0.0000000000
6777  12.737  15.823  21.068 0.0000000000
6794  12.288  15.902  20.725 0.0000000000
6778  12.475  15.947  21.039 0.0000000000
7454  12.343  16.211  21.145 0.0000000000
7467  12.133  16.117  20.853 0.0000000000
6811  11.842  15.929  20.386 0.0000000000
6795  12.043  16.038  20.686 0.0000000000
7468  12.025  16.001  20.830 0.0000000000
7481  11.671  16.057  20.217 0.0000000000
7499  11.632  16.133  19.985 0.0000000000
6834  11.260  16.016  19.544 0.0000000000
7500  11.248  16.329  19.844 0.0000000000
6852  11.056  15.843  19.071 0.0000000000
7514  11.200  16.199  19.428 0.0000000000
6870  11.146  15.582  18.836 0.0000000000
7526  11.235  15.999  18.937 0.0000000000
6878  11.064  15.861  18.712 0.0000000000
7533  11.325  16.030  18.259 0.0000000000
7534  11.251  15.989  18.662 0.0000000000
7540  11.604  15.917  18.222 0.0000000000
6884  11.831  15.842  17.697 0.0000000000
6892  12.045  15.885  17.336 0.0000000000
6906  12.605  15.777  17.041 0.0000000000
6891  12.497  15.978  17.316 0.0000000000
6905  13.046  15.759  16.681 0.0000000000
7453  12.585  16.026  21.177 0.0000000000
7440  12.516  16.460  21.610 0.0000000000
7439  12.783  16.279  21.539 0.0000000000
8211  12.278  16.705  21.588 0.0000000000
8221  12.055  16.496  21.244 0.0000000000
7455  12.040  16.286  21.011 0.0000000000
8222  11.805  16.612  21.068 0.0000000000
8229  11.551  16.710  20.584 0.0000000000
8239  11.276  16.686  20.159 0.0000000000
7482  11.299  16.444  19.977 0.0000000000
8240  11.184  16.734  20.033 0.0000000000
8255  11.255  16.595  19.948 0.0000000000
8269  11.221  16.681  19.654 0.0000000000
8277  11.311  16.587  19.046 0.0000000000
8285  11.316  16.387  18.562 0.0000000000
8284  11.612  16.229  18.703 0.0000000000
8300  11.818  15.939  18.168 0.0000000000
7539  12.079  15.681  17.787 0.0000000000
8210  12.757  16.842  21.871 0.0000000000
9065  12.441  17.084  21.896 0.0000000000
8212  11.939  16.789  21.431 0.0000000000
9066  11.977  17.120  21.796 0.0000000000
9074  11.655  17.069  21.260 0.0000000000
9085  11.629  16.892  20.962 0.0000000000
8230  11.078  17.056  20.093 0.0000000000
9086  11.362  17.106  20.803 0.0000000000
9098  11.389  17.237  20.490 0.0000000000
9111  11.580  16.622  20.009 0.0000000000
9120  11.665  16.718  19.601 0.0000000000
8268  11.690  16.980  19.307 0.0000000000
8276  11.872  16.633  18.824 0.0000000000
8283  12.192  16.141  18.540 0.0000000000
8275  11.886  15.873  18.970 0.0000000000
8299  11.899  15.734  18.060 0.0000000000
9064  12.674  16.966  22.016 0.0000000000
9054  12.264  17.378  22.380 0.0000000000
9053  12.693  17.081  22.216 0.0000000000
9055  11.962  17.350  22.092 0.0000000000
10094  11.795  17.520  22.230 0.0000000000
10105  11.641  17.370  21.612 0.0000000000
9075  11.398  17.253  21.047 0.0000000000
10106  11.366  17.464  21.280 0.0000000000
10120  11.440  17.501  20.953 0.0000000000
9099  11.214  17.230  20.635 0.0000000000
9087  11.256  17.263  20.849 0.0000000000
10121  11.276  17.304  20.939 0.0000000000
10133  11.217  17.452  20.948 0.0000000000
10132  11.798  17.278  20.636 0.0000000000
10144  12.316  17.131  19.957 0.0000000000
9119  11.990  16.329  19.670 0.0000000000
9125  11.768  16.579  18.997 0.0000000000
9124  12.047  15.976  19.306 0.0000000000
9118  12.568  16.281  19.432 0.0000000000
90115  12.882  16.764  19.683 0.0000000000
8267  12.147  16.238  19.166 0.0000000000
10080  11.928  17.626  22.390 0.0000000000
10081  11.411  17.802  22.251 0.0000000000
10095  11.370  17.710  21.677 0.0000000000
11094  10.986  18.065  21.741 0.0000000000
11108  11.185  18.054  21.014 0.0000000000
11121  11.582  18.159  20.806 0.0000000000
10119  12.185  17.599  20.670 0.0000000000
11120  11.924  18.049  20.598 0.0000000000
10131  12.787  17.354  20.474 0.0000000000
90113  13.047  17.030  19.894 0.0000000000
7466  13.369  16.920  20.282 0.0000000000
11081  11.008  18.193  22.363 0.0000000000
11082  10.606  18.388  22.044 0.0000000000
11095  10.621  18.415  21.622 0.0000000000
12148  10.988  18.571  21.305 0.0000000000
12133  10.314  18.658  21.805 0.0000000000
12149  10.461  18.752  21.533 0.0000000000
12160  11.328  18.471  21.076 0.0000000000
11107  11.842  18.236  21.010 0.0000000000
12159  11.677  18.432  20.910 0.0000000000
11119  12.540  17.889  20.693 0.0000000000
11106  12.240  18.313  20.705 0.0000000000
12147  11.503  18.735  21.212 0.0000000000
13234  11.274  19.046  21.583 0.0000000000
13235  10.746  19.067  21.628 0.0000000000
12158  12.136  18.467  20.918 0.0000000000
12146  11.991  18.804  21.014 0.0000000000
13233  11.748  19.138  21.368 0.0000000000
14362  11.474  19.556  21.702 0.0000000000
14363  10.987  19.599  21.788 0.0000000000
14361  11.917  19.600  21.512 0.0000000000
15673  11.622  20.061  21.756 0.0000000000
15674  11.100  20.050  21.862 0.0000000000
15672  12.077  19.990  21.661 0.0000000000
17093  11.810  20.541  21.788 0.0000000000
17094  11.305  20.630  21.954 0.0000000000
7480  13.549  16.793  20.024 0.0000000000
8254  12.986  16.064  20.125 0.0000000000
14360  12.373  19.664  21.545 0.0000000000
15671  12.395  20.045  21.762 0.0000000000
17092  12.093  20.504  21.923 0.0000000000
14359  12.743  19.732  21.877 0.0000000000
15663  12.722  20.026  22.138 0.0000000000
17091  12.401  20.338  22.034 0.0000000000
14349  12.815  19.825  22.342 0.0000000000
15654  12.823  20.073  22.683 0.0000000000
17075  12.647  20.512  22.396 0.0000000000
14334  12.976  19.817  22.704 0.0000000000
15645  13.008  20.118  22.956 0.0000000000
17061  12.761  20.440  22.902 0.0000000000
14317  13.009  19.999  23.041 0.0000000000
15644  13.156  20.139  23.136 0.0000000000
17047  12.878  20.588  23.135 0.0000000000
14316  13.308  19.698  23.120 0.0000000000
15643  13.618  20.040  23.404 0.0000000000
17046  13.373  20.641  23.368 0.0000000000
14315  13.664  19.622  23.371 0.0000000000
14301  14.019  19.799  23.939 0.0000000000
15636  13.777  20.272  23.947 0.0000000000
17045  13.714  20.339  23.607 0.0000000000
14285  13.982  20.022  24.095 0.0000000000
15624  13.998  20.292  24.188 0.0000000000
17014  13.670  20.768  24.070 0.0000000000
17030  13.628  20.608  23.816 0.0000000000
14284  14.306  19.782  24.140 0.0000000000
15623  14.291  20.168  24.275 0.0000000000
15607  14.216  20.451  24.328 0.0000000000
16998  13.988  20.730  24.292 0.0000000000
14269  14.468  20.021  24.290 0.0000000000
15606  14.538  20.330  24.443 0.0000000000
16997  14.336  20.754  24.492 0.0000000000
14268  14.755  19.852  24.329 0.0000000000
15605  15.013  20.358  24.631 0.0000000000
16996  14.788  20.795  24.654 0.0000000000
14267  15.227  19.939  24.565 0.0000000000
15604  15.500  20.416  24.688 0.0000000000
16995  15.288  20.888  24.652 0.0000000000
14266  15.705  19.901  24.890 0.0000000000
15603  15.686  20.418  25.055 0.0000000000
16994  15.658  20.919  24.950 0.0000000000
14251  15.784  20.108  25.159 0.0000000000
15578  16.012  20.403  25.331 0.0000000000
16979  15.892  20.967  25.281 0.0000000000
14250  16.058  20.028  25.259 0.0000000000
15577  16.361  20.260  25.756 0.0000000000
16978  16.179  20.802  25.668 0.0000000000
14249  16.627  19.861  25.322 0.0000000000
15576  16.907  20.214  25.804 0.0000000000
15549  16.750  20.492  26.070 0.0000000000
15550  16.373  20.645  26.068 0.0000000000
14248  16.954  20.039  25.299 0.0000000000
15575  17.265  20.391  25.396 0.0000000000
15548  17.104  20.564  26.010 0.0000000000
14263  17.135  19.838  24.884 0.0000000000
15600  17.344  20.466  24.620 0.0000000000
16958  17.339  20.940  25.750 0.0000000000
16977  17.322  21.105  25.108 0.0000000000
15526  16.643  20.758  26.287 0.0000000000
15527  16.383  20.845  26.176 0.0000000000
16959  16.249  20.937  26.006 0.0000000000
15525  16.965  20.702  26.339 0.0000000000
16939  17.226  20.976  26.351 0.0000000000
16941  16.503  21.041  26.315 0.0000000000
16940  16.910  21.020  26.624 0.0000000000
13232  12.248  19.206  21.216 0.0000000000
13231  12.846  19.269  21.599 0.0000000000
13219  12.911  19.531  22.207 0.0000000000
13200  13.068  19.487  22.541 0.0000000000
14333  13.156  19.720  22.839 0.0000000000
13199  13.270  19.266  22.753 0.0000000000
13184  13.528  19.248  23.119 0.0000000000
13183  14.025  19.165  23.472 0.0000000000
13173  14.103  19.418  23.730 0.0000000000
14300  14.190  19.594  23.911 0.0000000000
13172  14.425  19.269  23.851 0.0000000000
13160  14.633  19.387  24.076 0.0000000000
14283  14.635  19.566  24.198 0.0000000000
13159  14.903  19.379  24.133 0.0000000000
13147  15.034  19.545  24.292 0.0000000000
13146  15.443  19.562  24.431 0.0000000000
13145  15.807  19.501  24.528 0.0000000000
13144  15.753  19.680  24.902 0.0000000000
14265  16.190  19.619  25.014 0.0000000000
14282  16.292  19.688  24.616 0.0000000000
14264  16.740  19.689  24.959 0.0000000000
15601  16.401  19.823  25.187 0.0000000000
15602  16.429  19.584  24.803 0.0000000000
13143  16.888  19.667  25.011 0.0000000000
13135  16.837  19.723  25.035 0.0000000000
13142  16.959  19.721  25.013 0.0000000000
14281  16.731  19.687  24.430 0.0000000000
15621  16.755  19.722  24.750 0.0000000000
13134  16.912  19.789  25.075 0.0000000000
14280  17.189  19.719  24.159 0.0000000000
12145  12.671  18.724  21.012 0.0000000000
12144  13.058  18.740  21.550 0.0000000000
13230  13.131  19.018  21.761 0.0000000000
13218  13.174  19.161  22.142 0.0000000000
12132  13.274  18.711  21.968 0.0000000000
12117  13.424  18.744  22.524 0.0000000000
12105  13.475  19.007  22.867 0.0000000000
12104  13.724  18.821  22.990 0.0000000000
12103  14.117  19.008  23.357 0.0000000000
13182  14.177  19.168  23.541 0.0000000000
12091  14.236  19.164  23.666 0.0000000000
12090  14.789  19.142  23.808 0.0000000000
13171  14.933  19.209  23.894 0.0000000000
12089  15.326  19.038  23.785 0.0000000000
13170  15.189  19.205  23.944 0.0000000000
13169  15.564  19.183  23.931 0.0000000000
13158  15.255  19.292  24.102 0.0000000000
12088  15.870  19.025  23.809 0.0000000000
13168  16.012  19.142  23.965 0.0000000000
13157  15.710  19.284  24.173 0.0000000000
12087  16.292  18.965  23.753 0.0000000000
13167  16.767  19.104  23.764 0.0000000000
13156  16.206  19.172  23.872 0.0000000000
12086  16.656  18.880  23.679 0.0000000000
12101  16.897  18.796  23.284 0.0000000000
13181  16.962  19.353  23.284 0.0000000000
13166  17.152  19.383  23.886 0.0000000000
13155  16.958  19.248  24.009 0.0000000000
13180  17.211  19.457  23.550 0.0000000000
13154  17.100  19.308  24.046 0.0000000000
14299  17.257  19.827  23.747 0.0000000000
12157  12.493  18.454  20.797 0.0000000000
11105  12.999  18.041  20.825 0.0000000000
11093  13.139  18.288  21.236 0.0000000000
11092  13.428  18.210  21.757 0.0000000000
11080  13.596  18.314  22.165 0.0000000000
11067  13.698  18.387  22.473 0.0000000000
12116  13.678  18.576  22.687 0.0000000000
11066  13.930  18.367  22.706 0.0000000000
11049  14.038  18.558  23.052 0.0000000000
11048  14.455  18.445  23.173 0.0000000000
12102  14.638  18.642  23.427 0.0000000000
11047  15.115  18.022  23.192 0.0000000000
11030  14.864  18.623  23.578 0.0000000000
11026  16.530  18.567  23.622 0.0000000000
11043  16.729  18.272  23.200 0.0000000000
11042  17.099  18.512  23.055 0.0000000000
12100  17.023  18.679  22.984 0.0000000000
12115  16.958  18.765  22.941 0.0000000000
13198  16.862  19.043  22.820 0.0000000000
12114  17.208  18.629  22.680 0.0000000000
11029  15.151  18.639  23.680 0.0000000000
11028  15.635  18.674  23.705 0.0000000000
11027  16.057  18.609  23.721 0.0000000000
10118  12.871  17.495  20.707 0.0000000000
11118  13.016  17.601  20.626 0.0000000000
7465  13.668  17.151  20.991 0.0000000000
10104  13.100  17.854  20.951 0.0000000000
90111  13.252  17.571  20.919 0.0000000000
10093  13.388  17.879  21.479 0.0000000000
10092  13.874  17.646  21.730 0.0000000000
11091  13.978  17.973  21.999 0.0000000000
10091  14.564  17.641  21.992 0.0000000000
11079  13.828  17.999  22.036 0.0000000000
11069  10.534  18.449  22.612 0.0000000000
12118  10.231  18.700  22.221 0.0000000000
11068  11.031  18.245  22.848 0.0000000000
10064  11.285  18.046  22.740 0.0000000000
10078  13.939  17.984  22.190 0.0000000000
11078  14.195  18.121  22.519 0.0000000000
10077  14.491  18.001  22.624 0.0000000000
11065  14.396  18.224  22.869 0.0000000000
10060  14.730  18.074  22.990 0.0000000000
10059  14.937  18.028  22.957 0.0000000000
11064  14.779  18.145  23.020 0.0000000000
10040  14.995  17.857  23.029 0.0000000000
10039  15.142  17.996  23.162 0.0000000000
11046  15.393  18.259  23.432 0.0000000000
10038  15.606  18.006  23.159 0.0000000000
11045  15.854  18.249  23.433 0.0000000000
10037  16.012  17.983  23.165 0.0000000000
11044  16.241  18.232  23.366 0.0000000000
10036  16.372  17.904  23.121 0.0000000000
11063  16.702  18.076  23.005 0.0000000000
11062  17.007  18.177  22.819 0.0000000000
10103  13.558  17.561  21.326 0.0000000000
9063  13.877  17.341  21.469 0.0000000000
9062  14.469  17.179  21.674 0.0000000000
10090  14.533  17.756  22.278 0.0000000000
7452  15.959  16.952  22.039 0.0000000000
9060  14.811  17.313  22.046 0.0000000000
9061  14.827  17.596  22.222 0.0000000000
10089  14.784  17.712  22.453 0.0000000000
9052  14.987  17.578  22.349 0.0000000000
10076  14.890  17.820  22.744 0.0000000000
10063  11.716  17.780  22.795 0.0000000000
10079  12.106  17.628  22.534 0.0000000000
10062  12.216  17.689  22.856 0.0000000000
9051  15.081  17.649  22.457 0.0000000000
10075  14.901  17.887  22.977 0.0000000000
9041  15.107  17.872  22.915 0.0000000000
10058  15.175  17.941  22.973 0.0000000000
10046  11.251  18.071  23.000 0.0000000000
10045  11.510  17.912  23.128 0.0000000000
10044  12.073  17.911  23.316 0.0000000000
10061  12.597  17.597  23.010 0.0000000000
9044  12.472  17.579  22.816 0.0000000000
10043  12.710  17.637  23.246 0.0000000000
9043  12.784  17.279  22.768 0.0000000000
10057  15.667  17.816  22.999 0.0000000000
9040  15.587  17.395  22.598 0.0000000000
10056  15.959  17.771  22.997 0.0000000000
9039  16.191  17.319  22.613 0.0000000000
10055  16.419  17.574  22.753 0.0000000000
9038  16.102  17.421  22.674 0.0000000000
9049  16.286  17.227  22.419 0.0000000000
10074  16.502  17.345  22.577 0.0000000000
10073  16.756  17.401  22.407 0.0000000000
10054  16.900  17.842  22.677 0.0000000000
11077  17.240  17.802  22.319 0.0000000000
10042  13.199  17.504  23.331 0.0000000000
9032  12.878  17.319  22.925 0.0000000000
10027  12.536  17.789  23.773 0.0000000000
10026  13.076  17.725  23.807 0.0000000000
10041  13.450  17.386  23.314 0.0000000000
9031  13.265  17.187  23.038 0.0000000000
10025  13.664  17.560  23.693 0.0000000000
9030  13.683  17.235  23.307 0.0000000000
8266  12.547  16.342  19.072 0.0000000000
7498  13.206  16.468  19.474 0.0000000000
8265  12.802  15.977  18.992 0.0000000000
7464  15.038  16.717  21.428 0.0000000000
8202  13.003  16.847  22.437 0.0000000000
9050  16.245  17.123  22.371 0.0000000000
90110  15.984  17.163  22.259 0.0000000000
90112  16.578  16.973  22.149 0.0000000000
9042  13.104  17.141  22.831 0.0000000000
8193  13.114  17.056  22.731 0.0000000000
8192  13.377  16.905  22.836 0.0000000000
8182  13.478  16.971  23.117 0.0000000000
9029  14.061  17.189  23.405 0.0000000000
8181  13.797  16.974  23.163 0.0000000000
9021  14.178  17.357  23.738 0.0000000000
9020  14.317  17.232  23.774 0.0000000000
8180  14.314  16.936  23.391 0.0000000000
10024  14.128  17.481  23.905 0.0000000000
9019  14.758  16.942  23.781 0.0000000000
8166  14.530  17.092  23.764 0.0000000000
9007  14.584  17.281  24.053 0.0000000000
10014  14.175  17.568  24.162 0.0000000000
9018  15.043  17.051  23.896 0.0000000000
8165  14.790  16.942  23.682 0.0000000000
9006  14.931  17.241  24.061 0.0000000000
9017  15.532  17.160  24.023 0.0000000000
8164  15.290  16.848  23.624 0.0000000000
9005  15.274  17.212  24.081 0.0000000000
9016  16.011  16.981  24.078 0.0000000000
8163  15.886  16.640  23.682 0.0000000000
9004  15.675  17.195  24.294 0.0000000000
9003  16.101  17.123  24.535 0.0000000000
8150  16.348  16.860  24.343 0.0000000000
8162  16.495  16.726  23.947 0.0000000000
7538  12.227  15.222  17.994 0.0000000000
8298  12.168  15.357  18.121 0.0000000000
8282  12.723  15.926  18.169 0.0000000000
7532  12.481  15.193  18.010 0.0000000000
8274  12.632  16.105  18.713 0.0000000000
7531  12.790  15.448  18.215 0.0000000000
8281  13.045  15.896  18.269 0.0000000000
8273  12.973  16.130  18.553 0.0000000000
7524  13.165  15.841  18.861 0.0000000000
7525  12.947  16.130  18.610 0.0000000000
7513  12.728  16.363  18.744 0.0000000000
7512  13.073  16.284  18.977 0.0000000000
7497  13.353  16.277  19.347 0.0000000000
8253  13.416  16.645  19.820 0.0000000000
7496  14.001  16.302  19.598 0.0000000000
8209  13.117  16.729  21.940 0.0000000000
8201  13.526  16.722  22.305 0.0000000000
7428  13.406  16.474  22.015 0.0000000000
7438  13.320  16.314  21.714 0.0000000000
8200  14.030  16.647  22.345 0.0000000000
7427  13.769  16.273  22.010 0.0000000000
8191  13.898  16.827  22.829 0.0000000000
8199  14.224  16.573  22.418 0.0000000000
7426  14.322  16.298  22.244 0.0000000000
8190  14.397  16.739  22.866 0.0000000000
7417  14.400  16.501  22.570 0.0000000000
8189  14.794  16.558  23.009 0.0000000000
7416  14.814  16.397  22.721 0.0000000000
8179  14.912  16.697  23.249 0.0000000000
7399  14.947  16.444  23.048 0.0000000000
8178  15.497  16.603  23.285 0.0000000000
7398  15.151  16.327  23.054 0.0000000000
8177  15.795  16.441  23.373 0.0000000000
7397  15.789  16.226  22.916 0.0000000000
7382  15.858  16.269  23.301 0.0000000000
7381  16.403  16.369  23.563 0.0000000000
8161  17.176  16.786  24.122 0.0000000000
7380  16.938  16.430  23.674 0.0000000000
8149  16.754  16.779  24.399 0.0000000000
8160  17.505  16.733  24.055 0.0000000000
7379  17.419  16.500  23.734 0.0000000000
8148  17.226  16.777  24.446 0.0000000000
8159  17.929  16.738  23.952 0.0000000000
7378  17.696  16.639  23.790 0.0000000000
8147  17.711  16.781  24.444 0.0000000000
7393  17.891  16.466  23.426 0.0000000000
8176  18.118  16.656  23.609 0.0000000000
8146  18.272  16.786  24.370 0.0000000000
8158  18.332  16.742  23.901 0.0000000000
8157  18.820  16.767  23.942 0.0000000000
8175  18.578  16.606  23.578 0.0000000000
6883  12.293  15.649  17.724 0.0000000000
6876  12.665  15.699  18.107 0.0000000000
6875  13.199  15.757  18.197 0.0000000000
6868  13.405  15.840  18.611 0.0000000000
7523  13.422  16.037  18.779 0.0000000000
7511  13.570  16.142  19.008 0.0000000000
6867  13.933  15.878  19.032 0.0000000000
6850  13.873  15.915  19.099 0.0000000000
7510  14.103  15.993  19.139 0.0000000000
6849  14.150  15.926  19.328 0.0000000000
6831  14.231  16.119  19.643 0.0000000000
7495  14.125  16.391  19.821 0.0000000000
6830  14.546  16.104  19.832 0.0000000000
7494  14.450  16.287  20.083 0.0000000000
7479  14.004  16.701  20.077 0.0000000000
6829  14.946  16.078  19.836 0.0000000000
7493  14.927  16.244  20.306 0.0000000000
7478  14.197  16.569  20.450 0.0000000000
6828  15.588  16.051  19.931 0.0000000000
6807  15.532  16.220  20.612 0.0000000000
7477  14.792  16.410  20.876 0.0000000000
6791  15.579  16.347  21.174 0.0000000000
6774  15.856  16.587  21.589 0.0000000000
7451  16.446  16.735  21.750 0.0000000000
10072  16.933  16.995  22.086 0.0000000000
8220  16.641  16.910  22.007 0.0000000000
11089  17.070  17.029  22.038 0.0000000000
6773  16.278  16.410  21.342 0.0000000000
7450  17.076  16.737  21.427 0.0000000000
8219  16.882  16.848  21.914 0.0000000000
6772  16.667  16.113  21.088 0.0000000000
7449  17.181  16.202  20.984 0.0000000000
8218  17.617  16.630  21.058 0.0000000000
9073  17.625  17.106  21.202 0.0000000000
11090  17.722  17.819  21.258 0.0000000000
6771  16.864  16.013  20.923 0.0000000000
6788  16.933  15.846  20.689 0.0000000000
7463  17.266  16.034  20.519 0.0000000000
7462  17.534  16.319  20.753 0.0000000000
7448  17.428  16.351  20.986 0.0000000000
6762  12.994  15.950  21.524 0.0000000000
7437  13.644  16.149  21.723 0.0000000000
6761  13.392  15.977  21.570 0.0000000000
6760  13.899  15.872  21.724 0.0000000000
6749  14.060  16.029  22.152 0.0000000000
7425  14.940  16.104  22.262 0.0000000000
6748  14.473  15.919  22.049 0.0000000000
7424  15.269  15.970  22.388 0.0000000000
6746  15.248  15.772  22.134 0.0000000000
6747  14.864  15.844  22.025 0.0000000000
7415  15.349  15.987  22.764 0.0000000000
6733  15.497  15.836  22.448 0.0000000000
7414  16.028  16.075  22.876 0.0000000000
6732  15.902  15.870  22.568 0.0000000000
7413  16.648  16.090  22.964 0.0000000000
6731  16.428  15.886  22.635 0.0000000000
7396  16.161  16.193  23.009 0.0000000000
7412  17.121  16.123  22.940 0.0000000000
6730  16.935  15.887  22.692 0.0000000000
7395  16.803  16.254  23.258 0.0000000000
7411  17.530  16.091  22.907 0.0000000000
6729  17.384  15.868  22.700 0.0000000000
7394  17.379  16.251  23.291 0.0000000000
7410  17.888  16.170  22.979 0.0000000000
6728  17.823  15.880  22.706 0.0000000000
7409  18.348  16.202  22.990 0.0000000000
6727  18.268  15.923  22.726 0.0000000000
7408  18.779  16.204  22.997 0.0000000000
6726  18.701  15.998  22.766 0.0000000000
7392  18.250  16.324  22.931 0.0000000000
7407  19.111  16.204  22.972 0.0000000000
6725  18.960  16.094  22.832 0.0000000000
7391  18.859  16.283  23.359 0.0000000000
6738  19.007  15.875  22.651 0.0000000000
7423  19.316  16.120  22.574 0.0000000000
7390  19.270  16.407  23.442 0.0000000000
7406  19.716  16.325  23.216 0.0000000000
7389  19.690  16.571  23.213 0.0000000000
8188  20.039  16.617  22.791 0.0000000000
7422  19.657  16.362  22.469 0.0000000000
8198  19.923  16.620  22.799 0.0000000000
7377  18.954  16.342  23.626 0.0000000000
8174  18.825  16.460  23.620 0.0000000000
7376  19.115  16.556  24.127 0.0000000000
8156  19.121  16.784  24.060 0.0000000000
8173  19.603  16.741  23.499 0.0000000000
8172  19.924  16.864  23.278 0.0000000000
6890  13.008  15.826  17.078 0.0000000000
6341  13.328  15.466  16.618 0.0000000000
6904  13.343  15.716  16.854 0.0000000000
6889  13.400  15.922  17.109 0.0000000000
6340  13.500  15.748  16.974 0.0000000000
6882  12.965  15.859  17.638 0.0000000000
6334  13.478  15.660  17.162 0.0000000000
6333  13.417  15.763  16.937 0.0000000000
6328  13.498  15.345  17.709 0.0000000000
6319  13.672  15.231  18.079 0.0000000000
6874  13.683  15.474  18.420 0.0000000000
6318  13.992  15.025  18.251 0.0000000000
6304  14.215  15.329  18.645 0.0000000000
6303  14.269  15.301  18.854 0.0000000000
6866  14.075  15.786  18.989 0.0000000000
6281  14.257  15.596  19.150 0.0000000000
6280  14.660  15.438  19.369 0.0000000000
6848  14.474  15.932  19.692 0.0000000000
6261  14.868  15.850  19.706 0.0000000000
6260  15.188  15.448  19.732 0.0000000000
6259  15.764  15.450  19.786 0.0000000000
6827  16.069  15.704  20.002 0.0000000000
6806  15.985  15.779  20.492 0.0000000000
6258  16.259  15.376  19.773 0.0000000000
6826  16.625  15.688  19.927 0.0000000000
6805  16.532  15.748  20.360 0.0000000000
6257  16.750  15.347  19.744 0.0000000000
6825  17.058  15.714  19.978 0.0000000000
6804  17.071  15.784  20.274 0.0000000000
6256  16.924  15.208  19.825 0.0000000000
6824  17.744  15.615  19.662 0.0000000000
6803  17.543  15.852  20.123 0.0000000000
6255  17.591  15.255  19.381 0.0000000000
6847  18.117  15.462  19.164 0.0000000000
6823  18.281  15.926  19.611 0.0000000000
6802  18.005  15.996  20.025 0.0000000000
6846  18.240  15.618  19.206 0.0000000000
7492  18.313  16.243  20.064 0.0000000000
6845  18.652  15.961  19.193 0.0000000000
6822  18.670  15.899  19.614 0.0000000000
7491  18.644  16.438  19.532 0.0000000000
7509  18.763  16.172  19.047 0.0000000000
6790  16.014  15.988  20.967 0.0000000000
6789  16.513  15.854  20.803 0.0000000000
7476  17.404  15.971  20.287 0.0000000000
7475  17.763  16.258  20.314 0.0000000000
7474  18.074  16.320  20.120 0.0000000000
6776  13.083  15.755  21.227 0.0000000000
6216  12.993  15.489  21.041 0.0000000000
6775  13.577  15.761  21.305 0.0000000000
6215  13.338  15.364  20.936 0.0000000000
6214  13.961  15.354  21.329 0.0000000000
6759  14.249  15.808  21.825 0.0000000000
6205  14.133  15.693  21.675 0.0000000000
6758  14.657  15.709  21.792 0.0000000000
6204  14.370  15.462  21.598 0.0000000000
6757  15.061  15.647  21.824 0.0000000000
6203  14.866  15.351  21.461 0.0000000000
6193  15.238  15.521  21.883 0.0000000000
6202  15.259  15.235  21.575 0.0000000000
6745  15.729  15.647  22.240 0.0000000000
6192  15.486  15.372  21.984 0.0000000000
6744  16.216  15.641  22.280 0.0000000000
6191  15.988  15.344  21.984 0.0000000000
6743  16.698  15.632  22.321 0.0000000000
6190  16.454  15.316  21.994 0.0000000000
6742  17.174  15.623  22.362 0.0000000000
6189  16.920  15.294  22.018 0.0000000000
6741  17.635  15.612  22.376 0.0000000000
6188  17.408  15.299  22.097 0.0000000000
6740  18.086  15.611  22.367 0.0000000000
6187  17.841  15.286  22.094 0.0000000000
6739  18.613  15.670  22.374 0.0000000000
6186  18.269  15.290  22.066 0.0000000000
6756  18.700  15.390  21.965 0.0000000000
6755  19.166  15.839  22.029 0.0000000000
5858  13.058  14.898  16.209 0.0000000000
5857  13.400  14.998  16.683 0.0000000000
5850  13.604  15.052  17.268 0.0000000000
5839  13.750  14.898  17.659 0.0000000000
6327  13.792  14.981  17.914 0.0000000000
5838  14.074  14.633  17.811 0.0000000000
5824  14.113  14.837  18.063 0.0000000000
5823  14.429  14.778  18.431 0.0000000000
6317  14.236  15.055  18.529 0.0000000000
5803  14.392  15.052  18.710 0.0000000000
5802  14.822  14.922  18.940 0.0000000000
6302  14.740  15.062  19.040 0.0000000000
5778  14.991  15.090  19.149 0.0000000000
6279  15.012  15.148  19.352 0.0000000000
5777  15.205  15.001  19.327 0.0000000000
5758  15.550  15.096  19.619 0.0000000000
5757  15.991  15.042  19.653 0.0000000000
5756  16.447  15.017  19.660 0.0000000000
5755  16.927  15.003  19.616 0.0000000000
5754  17.091  15.007  19.533 0.0000000000
5773  17.158  14.823  19.279 0.0000000000
6278  17.405  15.074  19.331 0.0000000000
6277  17.653  15.006  19.107 0.0000000000
5727  13.942  14.970  21.024 0.0000000000
5738  13.971  14.921  20.974 0.0000000000
5737  14.278  14.963  21.213 0.0000000000
6213  14.427  15.068  21.228 0.0000000000
5726  14.175  14.986  21.131 0.0000000000
6212  14.962  15.027  21.194 0.0000000000
5725  14.667  14.918  21.076 0.0000000000
6211  15.169  15.079  21.301 0.0000000000
5724  15.199  14.923  21.208 0.0000000000
5716  15.266  15.040  21.394 0.0000000000
6201  15.731  15.155  21.734 0.0000000000
5715  15.470  14.927  21.531 0.0000000000
6200  16.213  15.147  21.753 0.0000000000
5714  15.960  14.897  21.574 0.0000000000
6199  16.702  15.130  21.759 0.0000000000
5713  16.469  14.884  21.588 0.0000000000
6198  17.185  15.089  21.817 0.0000000000
5712  16.954  14.852  21.603 0.0000000000
6197  17.638  15.076  21.833 0.0000000000
5711  17.416  14.834  21.602 0.0000000000
6196  18.012  15.087  21.815 0.0000000000
5710  17.847  14.811  21.582 0.0000000000
6210  18.232  14.930  21.469 0.0000000000
6195  18.438  15.196  21.696 0.0000000000
6194  18.903  15.317  21.595 0.0000000000
6209  18.616  15.110  21.288 0.0000000000
6208  18.984  15.274  21.132 0.0000000000
6770  19.254  15.577  21.335 0.0000000000
5418  13.181  14.497  15.637 0.0000000000
5864  13.061  14.941  16.054 0.0000000000
5410  13.445  14.524  16.182 0.0000000000
5401  13.657  14.473  16.602 0.0000000000
5856  13.690  14.687  16.969 0.0000000000
5400  13.940  14.132  16.904 0.0000000000
5849  13.818  14.581  17.356 0.0000000000
5392  14.122  14.196  17.359 0.0000000000
5378  14.274  14.294  17.695 0.0000000000
5377  14.560  14.277  17.986 0.0000000000
5837  14.311  14.600  18.095 0.0000000000
5360  14.533  14.499  18.192 0.0000000000
5359  14.866  14.420  18.236 0.0000000000
5822  14.997  14.723  18.702 0.0000000000
5358  15.360  14.474  18.628 0.0000000000
5821  15.232  14.703  18.896 0.0000000000
5801  15.272  14.773  19.069 0.0000000000
5334  15.440  14.673  18.989 0.0000000000
5800  15.568  14.737  19.099 0.0000000000
5776  15.690  14.791  19.304 0.0000000000
5333  15.761  14.575  18.959 0.0000000000
5314  16.023  14.569  19.135 0.0000000000
5775  16.175  14.797  19.376 0.0000000000
5313  16.407  14.542  19.142 0.0000000000
5774  16.646  14.770  19.393 0.0000000000
5312  16.835  14.569  19.133 0.0000000000
5311  17.041  14.601  19.125 0.0000000000
5330  17.111  14.451  18.920 0.0000000000
5799  17.312  14.705  19.056 0.0000000000
5772  17.436  14.801  19.083 0.0000000000
5798  17.558  14.720  18.894 0.0000000000
5723  15.694  14.819  21.261 0.0000000000
5733  16.499  14.592  20.892 0.0000000000
5288  16.224  14.252  20.646 0.0000000000
5722  16.224  14.776  21.253 0.0000000000
5732  17.138  14.676  21.008 0.0000000000
5287  16.708  14.180  20.779 0.0000000000
5721  16.723  14.741  21.250 0.0000000000
5731  17.317  14.563  20.868 0.0000000000
5286  17.141  14.210  20.745 0.0000000000
5720  17.155  14.725  21.239 0.0000000000
5730  17.736  14.561  20.853 0.0000000000
5285  17.533  14.284  20.600 0.0000000000
5719  17.582  14.721  21.209 0.0000000000
5729  18.072  14.664  20.860 0.0000000000
5284  17.931  14.315  20.558 0.0000000000
5718  17.984  14.728  21.191 0.0000000000
5741  18.291  14.526  20.489 0.0000000000
5717  18.385  14.818  21.109 0.0000000000
5728  18.469  14.758  20.778 0.0000000000
6225  18.778  15.072  20.763 0.0000000000
5740  18.757  14.878  20.241 0.0000000000
5005  13.278  14.047  15.081 0.0000000000
4998  13.453  14.043  15.571 0.0000000000
5417  13.585  14.239  15.902 0.0000000000
4997  13.783  13.892  15.953 0.0000000000
5409  13.858  14.133  16.261 0.0000000000
4989  13.986  13.903  16.190 0.0000000000
5408  14.125  14.079  16.459 0.0000000000
4988  14.305  13.783  16.422 0.0000000000
5399  14.137  13.971  16.760 0.0000000000
4975  13.811  14.095  16.929 0.0000000000
4974  14.251  13.708  16.996 0.0000000000
4955  14.081  14.074  17.215 0.0000000000
4954  14.465  13.881  17.463 0.0000000000
5391  14.386  14.131  17.647 0.0000000000
4925  14.590  14.091  17.770 0.0000000000
4924  14.865  14.051  18.020 0.0000000000
5376  14.835  14.170  18.099 0.0000000000
4900  15.166  14.188  18.241 0.0000000000
4899  15.553  14.095  18.302 0.0000000000
5357  15.882  14.278  18.614 0.0000000000
4898  16.011  14.020  18.300 0.0000000000
5356  16.322  14.242  18.547 0.0000000000
5332  16.180  14.368  18.895 0.0000000000
4897  16.407  14.004  18.300 0.0000000000
5355  16.738  14.218  18.486 0.0000000000
5331  16.615  14.343  18.875 0.0000000000
4896  16.840  13.815  18.173 0.0000000000
5354  17.167  14.123  18.384 0.0000000000
4895  17.398  13.911  18.133 0.0000000000
5353  17.637  13.989  18.269 0.0000000000
5329  17.553  14.319  18.624 0.0000000000
4894  17.854  13.811  18.073 0.0000000000
5352  17.993  14.081  18.120 0.0000000000
5328  17.831  14.215  18.420 0.0000000000
4893  18.060  13.878  18.112 0.0000000000
4917  18.077  13.801  17.851 0.0000000000
5375  18.180  13.907  17.778 0.0000000000
5797  18.051  14.563  18.660 0.0000000000
5820  18.262  14.672  18.167 0.0000000000
5351  18.434  14.438  17.844 0.0000000000
5374  18.665  14.277  17.658 0.0000000000
5819  18.786  14.856  18.032 0.0000000000
5836  18.911  14.664  17.786 0.0000000000
4850  15.983  13.959  20.265 0.0000000000
4849  16.425  13.904  20.574 0.0000000000
4848  16.932  13.854  20.597 0.0000000000
5293  17.343  14.014  20.413 0.0000000000
5292  17.779  14.059  20.273 0.0000000000
5291  18.212  14.237  20.127 0.0000000000
4563  12.329  13.860  14.211 0.0000000000
4562  12.863  13.753  14.371 0.0000000000
4561  13.297  13.467  14.719 0.0000000000
4550  13.411  13.637  15.066 0.0000000000
4538  13.404  13.845  15.276 0.0000000000
4537  13.600  13.535  15.467 0.0000000000
4536  13.974  13.572  15.793 0.0000000000
4996  14.019  13.752  16.045 0.0000000000
4524  14.245  13.269  15.834 0.0000000000
4523  14.827  13.128  16.251 0.0000000000
4987  14.490  13.555  16.796 0.0000000000
4502  14.712  13.359  16.960 0.0000000000
4973  14.231  13.437  16.913 0.0000000000
4503  14.531  13.581  17.183 0.0000000000
4477  14.949  13.434  17.321 0.0000000000
4953  15.091  13.803  17.798 0.0000000000
4476  15.043  13.440  17.220 0.0000000000
4952  15.333  13.713  17.577 0.0000000000
4923  15.207  13.946  17.961 0.0000000000
4475  15.478  13.320  17.182 0.0000000000
4951  15.844  13.647  17.444 0.0000000000
4922  15.748  13.758  18.001 0.0000000000
4474  15.912  13.062  17.272 0.0000000000
4950  16.141  13.558  17.401 0.0000000000
4921  15.960  13.550  18.059 0.0000000000
4473  16.332  13.119  17.255 0.0000000000
4949  16.619  13.355  17.352 0.0000000000
4920  16.487  13.508  17.958 0.0000000000
4472  16.943  13.085  17.006 0.0000000000
4948  17.052  13.214  17.108 0.0000000000
4919  17.086  13.826  17.629 0.0000000000
4471  17.185  13.118  16.969 0.0000000000
4452  17.077  13.241  17.260 0.0000000000
4455  16.029  13.733  18.136 0.0000000000
4442  16.003  13.870  18.184 0.0000000000
4454  16.239  13.628  18.142 0.0000000000
4440  16.417  13.716  18.193 0.0000000000
4453  16.393  13.585  18.128 0.0000000000
4451  17.271  13.301  17.355 0.0000000000
4918  17.613  13.530  17.717 0.0000000000
4470  17.600  13.287  17.296 0.0000000000
4947  17.955  13.637  17.415 0.0000000000
4946  18.275  13.790  17.348 0.0000000000
5390  18.391  14.066  17.438 0.0000000000
4441  16.152  13.836  18.221 0.0000000000
4862  16.891  13.681  19.936 0.0000000000
4416  16.674  13.388  19.662 0.0000000000
4854  16.656  13.773  20.272 0.0000000000
4861  17.293  13.668  19.907 0.0000000000
4415  17.114  13.416  19.672 0.0000000000
4853  17.125  13.787  20.223 0.0000000000
4860  17.687  13.634  19.694 0.0000000000
4414  17.412  13.458  19.706 0.0000000000
4852  17.557  13.828  20.081 0.0000000000
4422  17.523  13.236  19.371 0.0000000000
4871  17.894  13.498  19.337 0.0000000000
4851  18.052  13.953  20.023 0.0000000000
4859  18.066  13.826  19.480 0.0000000000
5301  18.308  14.158  19.595 0.0000000000
4870  18.257  13.640  19.210 0.0000000000
5310  18.380  13.969  19.271 0.0000000000
4134  11.770  13.122  15.483 0.0000000000
4145  11.762  12.909  15.114 0.0000000000
4549  13.590  13.315  14.998 0.0000000000
4133  12.049  12.878  15.777 0.0000000000
4132  13.735  13.111  15.219 0.0000000000
4131  13.958  13.043  15.697 0.0000000000
4116  12.409  12.780  16.358 0.0000000000
4114  14.355  12.973  16.177 0.0000000000
4113  14.744  12.854  16.181 0.0000000000
4522  14.939  12.970  16.337 0.0000000000
4501  15.167  13.133  16.703 0.0000000000
4112  15.141  12.706  16.237 0.0000000000
4076  12.378  12.964  17.031 0.0000000000
4093  12.498  12.800  16.771 0.0000000000
4091  15.468  12.772  16.641 0.0000000000
4500  15.708  13.131  17.080 0.0000000000
4090  15.925  12.525  16.744 0.0000000000
4072  16.001  12.929  17.016 0.0000000000
4479  12.932  13.079  17.319 0.0000000000
4075  12.739  12.764  17.095 0.0000000000
4478  13.103  12.994  17.340 0.0000000000
4074  13.190  12.754  17.268 0.0000000000
4064  13.302  12.922  17.477 0.0000000000
4071  16.140  12.981  17.018 0.0000000000
4070  16.634  12.808  16.934 0.0000000000
4499  16.905  13.046  16.903 0.0000000000
4498  17.209  13.109  16.924 0.0000000000
4497  17.762  13.338  16.886 0.0000000000
4456  13.759  13.099  18.083 0.0000000000
4063  13.699  12.765  17.653 0.0000000000
4058  13.811  12.925  18.010 0.0000000000
4444  14.347  13.015  18.304 0.0000000000
4057  13.879  12.833  17.973 0.0000000000
4443  14.664  12.947  18.223 0.0000000000
4056  14.567  12.799  18.089 0.0000000000
4434  14.691  13.044  18.561 0.0000000000
4433  15.127  13.036  18.826 0.0000000000
4047  14.860  12.853  18.467 0.0000000000
4046  15.197  12.845  18.672 0.0000000000
4426  15.589  12.981  19.238 0.0000000000
4038  15.485  12.812  18.999 0.0000000000
4425  16.039  13.040  19.278 0.0000000000
4037  15.911  12.834  19.064 0.0000000000
4424  16.499  13.150  19.324 0.0000000000
4036  16.357  12.901  19.113 0.0000000000
4423  16.980  13.182  19.337 0.0000000000
4035  16.819  12.909  19.103 0.0000000000
4034  17.288  12.830  19.073 0.0000000000
4421  18.123  12.980  19.038 0.0000000000
4033  17.765  12.880  19.050 0.0000000000
4032  18.010  12.880  19.030 0.0000000000
4040  18.143  12.887  18.795 0.0000000000
4432  18.106  12.758  18.971 0.0000000000
4420  18.559  13.530  19.090 0.0000000000
4431  18.537  13.209  18.715 0.0000000000
4869  18.664  14.107  19.138 0.0000000000
4879  18.906  13.971  18.739 0.0000000000
3693  12.450  12.410  16.035 0.0000000000
3714  12.370  12.383  15.610 0.0000000000
4144  12.015  12.597  15.346 0.0000000000
3710  13.984  12.478  15.486 0.0000000000
4130  14.433  12.692  15.869 0.0000000000
3711  13.838  12.926  15.197 0.0000000000
3709  14.618  12.190  15.529 0.0000000000
4129  14.896  12.629  15.902 0.0000000000
3708  15.135  12.304  15.801 0.0000000000
4115  12.674  12.665  16.556 0.0000000000
3692  12.917  12.400  16.377 0.0000000000
4092  12.759  12.596  16.739 0.0000000000
3689  15.372  12.136  15.970 0.0000000000
4111  15.571  12.464  16.400 0.0000000000
3688  16.001  12.089  16.150 0.0000000000
3673  12.962  12.400  16.879 0.0000000000
3670  15.934  11.989  16.404 0.0000000000
3669  16.093  12.206  16.659 0.0000000000
4089  16.365  12.555  16.650 0.0000000000
3687  16.318  12.157  16.211 0.0000000000
4110  16.377  12.216  16.405 0.0000000000
4088  16.936  12.894  16.772 0.0000000000
4109  16.656  12.458  16.342 0.0000000000
4108  17.096  12.630  16.390 0.0000000000
4087  17.119  12.965  16.735 0.0000000000
4107  17.662  12.846  16.489 0.0000000000
4086  17.443  13.059  16.807 0.0000000000
3661  13.000  12.509  17.156 0.0000000000
4073  13.531  12.553  17.239 0.0000000000
3660  13.222  12.301  16.921 0.0000000000
3659  13.876  12.252  17.140 0.0000000000
4062  14.041  12.761  17.905 0.0000000000
3647  13.960  12.456  17.657 0.0000000000
4061  14.384  12.688  17.801 0.0000000000
3646  14.205  12.411  17.554 0.0000000000
3645  14.676  12.410  17.607 0.0000000000
4055  15.002  12.515  18.192 0.0000000000
3636  14.808  12.514  17.962 0.0000000000
4054  15.587  12.612  18.283 0.0000000000
3634  15.490  12.287  18.025 0.0000000000
3635  15.013  12.318  17.827 0.0000000000
4053  15.966  12.589  18.359 0.0000000000
3633  16.001  12.359  17.907 0.0000000000
4045  15.758  12.778  18.736 0.0000000000
4044  16.211  12.743  18.778 0.0000000000
3627  16.247  12.420  18.378 0.0000000000
4043  16.755  12.846  19.036 0.0000000000
3626  16.604  12.492  18.631 0.0000000000
4042  17.148  12.697  18.737 0.0000000000
3625  16.971  12.726  18.838 0.0000000000
3631  17.108  12.381  18.301 0.0000000000
4052  17.355  12.497  18.287 0.0000000000
4041  17.628  12.818  18.739 0.0000000000
4051  17.604  12.676  18.333 0.0000000000
4050  18.057  12.717  18.411 0.0000000000
4039  18.569  13.030  18.825 0.0000000000
4049  18.622  12.807  18.358 0.0000000000
3295  15.412  11.796  15.684 0.0000000000
3707  15.588  12.045  15.950 0.0000000000
3296  15.100  12.036  15.408 0.0000000000
3294  15.933  11.718  15.932 0.0000000000
3713  12.895  12.237  15.839 0.0000000000
3672  13.401  12.351  16.703 0.0000000000
3691  13.491  12.253  16.287 0.0000000000
3712  13.211  12.229  16.063 0.0000000000
3690  13.722  12.161  16.313 0.0000000000
3280  13.786  11.954  16.224 0.0000000000
3281  13.426  12.114  16.108 0.0000000000
3671  13.778  12.201  16.562 0.0000000000
3278  16.131  11.976  15.969 0.0000000000
3277  16.215  11.886  16.014 0.0000000000
3276  16.718  11.890  16.104 0.0000000000
3686  16.979  12.158  16.274 0.0000000000
3275  17.113  12.130  15.839 0.0000000000
3685  17.456  12.267  16.083 0.0000000000
3291  17.463  11.920  15.785 0.0000000000
3706  17.546  12.135  15.866 0.0000000000
3705  17.746  12.144  15.882 0.0000000000
3684  17.934  12.373  16.191 0.0000000000
3704  18.142  12.192  15.927 0.0000000000
3683  18.226  12.623  15.986 0.0000000000
4106  18.107  12.890  16.190 0.0000000000
3703  18.718  12.367  15.926 0.0000000000
3682  18.610  12.832  15.977 0.0000000000
4105  18.490  12.943  16.086 0.0000000000
4128  18.801  12.908  15.999 0.0000000000
3265  14.000  11.910  16.870 0.0000000000
3658  14.398  12.183  17.193 0.0000000000
3254  14.167  11.992  17.100 0.0000000000
3657  14.898  12.009  17.135 0.0000000000
3253  14.493  11.941  17.004 0.0000000000
3656  15.214  11.995  17.192 0.0000000000
3252  14.920  11.987  17.141 0.0000000000
3644  14.985  12.138  17.360 0.0000000000
3655  15.551  11.958  17.270 0.0000000000
3251  15.363  11.638  17.119 0.0000000000
3643  15.460  12.075  17.706 0.0000000000
3244  15.895  11.898  17.568 0.0000000000
3250  15.851  11.689  17.280 0.0000000000
3642  15.982  12.183  17.908 0.0000000000
3243  15.771  12.134  17.794 0.0000000000
3249  16.322  11.925  17.414 0.0000000000
3654  16.423  12.064  17.816 0.0000000000
3641  16.481  12.137  17.911 0.0000000000
3632  16.537  12.345  18.134 0.0000000000
3640  17.217  12.243  17.692 0.0000000000
3653  16.739  12.012  17.562 0.0000000000
3639  17.487  12.251  17.845 0.0000000000
3241  17.319  12.037  17.577 0.0000000000
3242  17.200  11.933  17.331 0.0000000000
3652  17.115  11.890  17.232 0.0000000000
3246  17.691  11.974  17.366 0.0000000000
3651  17.821  12.219  17.689 0.0000000000
3630  17.572  12.595  18.072 0.0000000000
3638  17.887  12.306  18.012 0.0000000000
3629  17.861  12.537  17.855 0.0000000000
3637  18.440  12.424  18.017 0.0000000000
3650  18.051  12.203  17.473 0.0000000000
3628  18.270  12.575  18.226 0.0000000000
4060  18.950  12.769  18.037 0.0000000000
3649  18.600  12.343  17.306 0.0000000000
4069  18.927  12.713  17.635 0.0000000000
3298  13.254  11.990  15.934 0.0000000000
3279  13.938  11.806  16.208 0.0000000000
2871  13.936  11.670  16.080 0.0000000000
2888  14.062  11.476  15.890 0.0000000000
3297  13.587  11.875  16.003 0.0000000000
3264  14.439  11.666  16.613 0.0000000000
2857  14.434  11.398  16.195 0.0000000000
2870  14.010  11.333  16.078 0.0000000000
3293  16.430  11.672  16.006 0.0000000000
3292  17.009  11.709  15.940 0.0000000000
3263  14.869  11.450  16.840 0.0000000000
2856  14.891  11.293  16.316 0.0000000000
3262  15.103  11.269  17.006 0.0000000000
2855  15.190  10.955  16.662 0.0000000000
2848  15.398  11.134  17.061 0.0000000000
2847  15.802  11.313  17.087 0.0000000000
2846  16.194  11.353  17.051 0.0000000000
3248  16.866  11.780  17.220 0.0000000000
2845  16.732  11.433  17.116 0.0000000000
3247  17.268  11.725  17.108 0.0000000000
2844  17.060  11.505  17.145 0.0000000000
2851  17.187  11.216  17.042 0.0000000000
3261  17.509  11.510  17.111 0.0000000000
3260  17.839  11.815  17.131 0.0000000000
3245  18.026  11.982  17.190 0.0000000000
3259  18.163  11.890  16.937 0.0000000000
3668  18.173  11.994  17.093 0.0000000000
2869  14.654  10.931  16.108 0.0000000000
2868  15.113  10.886  16.147 0.0000000000
2854  15.784  10.934  16.884 0.0000000000
2479  15.680  10.807  16.531 0.0000000000
2480  15.295  10.859  16.343 0.0000000000
2853  16.086  11.025  16.962 0.0000000000
2478  15.947  10.924  16.734 0.0000000000
2852  16.524  11.190  16.938 0.0000000000
2477  16.155  11.086  16.855 0.0000000000
2486  16.498  10.676  16.433 0.0000000000
2867  16.802  10.838  16.437 0.0000000000
2866  17.030  10.785  16.428 0.0000000000
2850  17.838  11.408  16.923 0.0000000000
2865  17.790  11.019  16.591 0.0000000000
2849  17.992  11.690  16.808 0.0000000000
2864  18.266  11.514  16.534 0.0000000000
2488  15.556  10.765  16.193 0.0000000000
2489  15.017  10.811  16.042 0.0000000000
2487  15.778  10.813  16.278 0.0000000000
2863  18.886  11.482  16.264 0.0000000000
2482  18.764  10.946  16.109 0.0000000000
2483  18.173  10.999  16.262 0.0000000000
3274  18.416  11.872  16.709 0.0000000000
3273  18.675  11.875  16.550 0.0000000000
2484  17.577  10.848  16.227 0.0000000000
2485  17.075  10.540  16.234 0.0000000000
3258  18.598  12.213  16.956 0.0000000000
3667  18.584  12.050  17.010 0.0000000000
3272  19.157  11.893  16.290 0.0000000000
3257  18.873  12.057  16.856 0.0000000000
2889  13.499  11.836  15.882 0.0000000000
3648  18.911  12.337  17.038 0.0000000000
4068  19.061  12.677  17.247 0.0000000000
3666  18.905  12.136  16.970 0.0000000000
3289  18.289  11.966  15.734 0.0000000000
3288  18.733  11.985  15.583 0.0000000000
3724  18.822  12.149  15.376 0.0000000000
3702  19.135  12.395  15.613 0.0000000000
4127  19.029  12.924  15.807 0.0000000000
3290  17.908  11.903  15.746 0.0000000000
3306  19.046  11.927  15.197 0.0000000000
3723  19.205  12.205  15.176 0.0000000000
4439  18.912  13.035  18.234 0.0000000000
4048  19.091  12.862  18.042 0.0000000000
4438  19.150  13.157  18.134 0.0000000000
4059  19.098  12.897  17.646 0.0000000000
4085  19.058  12.449  16.977 0.0000000000
4469  19.287  13.020  17.344 0.0000000000
4067  19.435  12.826  17.073 0.0000000000
3681  18.928  12.135  16.521 0.0000000000
4104  19.357  12.561  16.466 0.0000000000
4084  19.498  12.783  16.728 0.0000000000
4103  19.831  12.853  16.315 0.0000000000
3680  19.636  12.165  16.264 0.0000000000
4519  18.607  13.157  16.260 0.0000000000
4520  17.937  13.138  16.346 0.0000000000
4521  17.844  13.150  16.533 0.0000000000
4142  19.405  12.645  15.388 0.0000000000
4126  19.122  12.919  15.986 0.0000000000
4533  19.348  13.252  16.036 0.0000000000
4534  18.947  13.176  15.905 0.0000000000
4535  18.864  13.029  15.888 0.0000000000
3722  19.644  12.307  15.063 0.0000000000
4141  19.717  12.880  15.115 0.0000000000
4430  19.168  13.477  18.486 0.0000000000
4450  19.235  13.118  17.749 0.0000000000
4892  19.488  13.525  18.226 0.0000000000
4437  19.568  13.409  17.912 0.0000000000
4449  19.556  13.346  17.487 0.0000000000
4468  19.730  13.257  17.111 0.0000000000
4972  18.069  13.685  17.139 0.0000000000
4496  18.017  13.627  16.798 0.0000000000
4971  18.305  13.788  17.071 0.0000000000
4518  18.989  13.322  16.215 0.0000000000
4985  18.728  13.864  16.553 0.0000000000
4986  18.296  13.597  16.624 0.0000000000
4548  19.809  13.195  15.219 0.0000000000
4995  19.055  13.470  16.102 0.0000000000
4994  19.449  13.854  15.968 0.0000000000
5004  19.791  13.567  15.316 0.0000000000
4559  19.828  13.173  14.841 0.0000000000
4547  19.871  13.232  15.032 0.0000000000
4153  19.748  12.783  14.534 0.0000000000
4567  19.811  13.168  14.340 0.0000000000
4558  20.084  13.134  14.794 0.0000000000
5009  19.803  13.349  15.058 0.0000000000
5010  19.713  13.668  14.697 0.0000000000
5309  18.743  14.225  19.170 0.0000000000
4878  19.489  13.836  18.463 0.0000000000
5327  19.109  14.033  19.089 0.0000000000
5326  19.167  14.054  18.947 0.0000000000
4891  19.881  13.855  18.060 0.0000000000
4945  18.674  13.886  17.159 0.0000000000
4970  18.751  14.019  16.997 0.0000000000
4984  19.117  13.873  16.253 0.0000000000
5398  18.890  14.093  16.873 0.0000000000
5407  18.924  14.120  16.695 0.0000000000
5406  19.199  14.233  16.423 0.0000000000
4983  19.313  13.986  16.150 0.0000000000
5405  19.427  13.970  16.206 0.0000000000
5415  19.726  13.949  15.956 0.0000000000
5003  19.877  13.393  15.029 0.0000000000
5424  19.639  13.983  15.232 0.0000000000
5019  19.647  13.509  14.120 0.0000000000
5437  19.501  14.087  14.857 0.0000000000
5020  19.362  13.935  14.256 0.0000000000
5011  19.363  13.964  14.646 0.0000000000
5438  19.166  14.364  14.647 0.0000000000
5452  19.154  14.211  14.179 0.0000000000
5026  19.340  13.660  13.708 0.0000000000
5465  19.156  14.003  13.830 0.0000000000
5290  18.510  14.494  20.190 0.0000000000
5300  18.730  14.552  19.821 0.0000000000
5753  18.898  14.816  19.961 0.0000000000
5299  18.973  14.740  19.782 0.0000000000
5308  19.034  14.443  19.495 0.0000000000
5752  19.109  14.923  19.775 0.0000000000
5771  19.151  14.528  19.114 0.0000000000
5325  19.889  14.117  18.382 0.0000000000
5795  18.985  14.116  19.031 0.0000000000
5794  19.594  14.333  18.918 0.0000000000
5389  18.907  14.239  17.204 0.0000000000
5848  18.870  14.510  17.429 0.0000000000
5397  19.216  14.329  17.008 0.0000000000
5388  19.155  14.384  17.194 0.0000000000
5847  19.165  14.631  17.332 0.0000000000
5855  19.330  14.737  16.824 0.0000000000
5862  19.244  14.757  16.175 0.0000000000
5416  19.408  14.319  15.717 0.0000000000
5875  19.154  14.657  15.589 0.0000000000
5425  19.386  14.385  15.154 0.0000000000
5888  19.057  14.790  14.988 0.0000000000
5901  19.066  14.638  14.813 0.0000000000
5453  18.920  14.398  14.268 0.0000000000
5439  18.850  14.524  14.525 0.0000000000
5902  18.885  14.754  14.751 0.0000000000
5913  18.713  14.804  14.291 0.0000000000
5466  18.994  14.200  13.944 0.0000000000
5926  18.799  14.529  13.984 0.0000000000
5479  18.999  14.071  13.498 0.0000000000
5480  18.926  14.044  13.410 0.0000000000
5941  18.848  14.195  13.784 0.0000000000
6239  18.846  15.068  20.398 0.0000000000
5739  19.022  14.959  20.095 0.0000000000
6238  19.056  15.166  20.257 0.0000000000
6254  19.182  15.135  19.967 0.0000000000
5751  19.436  15.097  19.613 0.0000000000
5770  19.618  14.992  19.268 0.0000000000
6253  19.536  15.373  19.813 0.0000000000
6275  19.675  15.278  19.416 0.0000000000
5769  19.960  14.993  19.088 0.0000000000
5793  20.030  14.822  18.671 0.0000000000
6274  19.955  15.384  19.278 0.0000000000
5324  20.145  14.474  18.354 0.0000000000
5817  20.326  14.744  18.185 0.0000000000
6297  20.186  15.315  18.767 0.0000000000
6314  20.395  15.224  18.273 0.0000000000
5796  18.561  15.108  18.517 0.0000000000
6300  18.168  15.086  18.804 0.0000000000
6301  17.851  14.993  18.895 0.0000000000
5349  20.181  14.194  18.026 0.0000000000
5816  20.863  14.899  17.968 0.0000000000
5348  20.592  14.680  18.092 0.0000000000
6316  18.917  15.088  18.311 0.0000000000
5818  19.051  15.026  17.986 0.0000000000
5835  19.196  14.921  17.690 0.0000000000
6331  19.265  15.182  17.281 0.0000000000
6338  19.242  15.128  16.652 0.0000000000
6355  19.070  15.101  16.274 0.0000000000
5863  18.899  14.844  16.010 0.0000000000
5876  18.886  14.914  15.595 0.0000000000
6356  18.829  15.323  16.125 0.0000000000
6377  18.626  15.307  15.617 0.0000000000
5889  18.838  14.961  15.158 0.0000000000
6394  18.648  15.229  15.112 0.0000000000
6410  18.739  15.095  14.781 0.0000000000
6425  18.746  14.963  14.541 0.0000000000
5927  18.360  14.746  13.908 0.0000000000
5914  18.240  14.932  14.147 0.0000000000
6426  18.528  15.156  14.400 0.0000000000
5928  18.008  14.780  13.874 0.0000000000
5915  17.976  14.878  14.059 0.0000000000
6427  18.028  15.218  14.339 0.0000000000
6441  17.832  14.987  13.826 0.0000000000
5942  18.684  14.450  13.545 0.0000000000
5943  18.017  14.749  13.391 0.0000000000
5481  18.536  14.340  13.121 0.0000000000
5482  18.051  14.407  13.024 0.0000000000
5955  17.801  14.625  12.770 0.0000000000
6456  17.722  15.101  13.373 0.0000000000
5944  17.569  14.895  13.102 0.0000000000
5956  17.414  14.885  12.671 0.0000000000
6457  17.308  15.286  13.134 0.0000000000
6471  17.325  15.486  12.561 0.0000000000
5965  17.677  14.648  12.328 0.0000000000
5966  17.415  14.851  12.104 0.0000000000
6224  19.200  15.429  20.889 0.0000000000
6787  19.314  15.624  21.080 0.0000000000
6223  19.405  15.612  20.823 0.0000000000
6237  19.512  15.441  20.558 0.0000000000
6786  19.598  15.816  20.945 0.0000000000
6801  19.801  15.769  20.346 0.0000000000
6821  19.940  15.815  19.981 0.0000000000
6252  19.953  15.682  19.660 0.0000000000
6844  20.272  15.796  19.416 0.0000000000
6273  20.485  15.577  19.052 0.0000000000
6276  18.178  15.269  18.936 0.0000000000
6296  20.661  15.483  18.596 0.0000000000
6299  18.676  15.241  18.669 0.0000000000
6865  18.312  15.343  18.913 0.0000000000
6313  21.020  15.326  18.109 0.0000000000
6315  19.180  15.332  18.198 0.0000000000
6298  19.042  15.426  18.504 0.0000000000
6326  19.257  15.271  17.829 0.0000000000
6880  19.198  15.647  17.644 0.0000000000
6887  19.037  15.592  17.318 0.0000000000
6332  19.006  15.337  17.000 0.0000000000
6339  19.098  15.182  16.692 0.0000000000
6888  18.839  15.716  17.090 0.0000000000
6903  18.778  15.713  16.601 0.0000000000
6922  18.632  15.856  16.208 0.0000000000
6940  18.657  15.567  16.039 0.0000000000
6395  18.190  15.398  15.255 0.0000000000
6378  18.307  15.553  15.574 0.0000000000
6941  18.314  15.828  15.841 0.0000000000
6955  18.105  15.709  15.494 0.0000000000
6411  18.371  15.302  14.790 0.0000000000
6412  17.975  15.101  14.827 0.0000000000
6396  17.834  15.461  15.083 0.0000000000
6956  17.856  15.723  15.235 0.0000000000
6971  17.764  15.636  14.710 0.0000000000
6985  17.690  15.467  14.280 0.0000000000
6428  17.689  15.257  14.088 0.0000000000
6442  17.539  15.323  13.688 0.0000000000
6986  17.562  15.758  13.979 0.0000000000
6998  17.364  15.781  13.558 0.0000000000
7010  17.106  15.828  13.217 0.0000000000
6458  16.881  15.521  12.949 0.0000000000
6472  17.113  15.654  12.773 0.0000000000
7011  16.919  15.927  13.065 0.0000000000
7026  16.975  15.856  12.699 0.0000000000
6485  17.273  15.313  11.966 0.0000000000
7025  17.177  15.777  12.397 0.0000000000
7037  17.201  15.638  12.203 0.0000000000
7436  19.434  16.185  22.235 0.0000000000
6754  19.247  15.972  21.767 0.0000000000
6769  19.583  15.916  21.604 0.0000000000
7435  19.674  16.296  21.948 0.0000000000
7447  19.843  16.156  21.499 0.0000000000
7461  19.817  16.089  21.205 0.0000000000
6785  20.048  15.920  20.550 0.0000000000
7460  20.143  16.233  20.855 0.0000000000
6800  20.101  15.937  20.165 0.0000000000
6820  20.160  15.935  19.806 0.0000000000
6843  20.807  15.885  19.248 0.0000000000
6819  20.517  16.021  19.661 0.0000000000
6864  18.830  15.787  18.800 0.0000000000
7522  18.875  16.232  18.731 0.0000000000
6863  19.167  15.733  18.381 0.0000000000
7521  19.125  16.107  18.456 0.0000000000
6872  19.185  15.665  18.030 0.0000000000
6873  18.947  15.908  17.921 0.0000000000
6881  19.014  15.795  17.568 0.0000000000
7529  18.737  16.238  18.106 0.0000000000
7536  18.714  16.070  17.442 0.0000000000
7551  18.759  15.955  16.934 0.0000000000
7567  18.736  15.961  16.544 0.0000000000
7582  18.530  16.195  16.190 0.0000000000
6923  18.151  16.131  15.912 0.0000000000
7583  18.295  16.182  16.291 0.0000000000
7598  18.149  16.180  15.991 0.0000000000
6942  17.890  16.082  15.762 0.0000000000
7599  17.903  16.270  15.796 0.0000000000
7611  17.771  16.059  15.382 0.0000000000
7624  17.776  16.035  15.025 0.0000000000
6972  17.446  15.755  14.250 0.0000000000
7625  17.372  16.068  14.539 0.0000000000
7637  17.340  16.139  13.945 0.0000000000
7652  17.289  16.112  13.466 0.0000000000
7669  17.079  16.159  13.240 0.0000000000
7670  16.894  16.123  13.024 0.0000000000
7038  16.997  15.876  12.105 0.0000000000
7683  16.897  16.228  12.916 0.0000000000
7695  16.782  16.240  12.486 0.0000000000
7051  17.082  15.586  11.915 0.0000000000
7052  16.853  15.722  11.690 0.0000000000
7039  16.793  15.880  12.119 0.0000000000
7696  16.699  16.094  12.108 0.0000000000
7053  16.782  15.877  11.849 0.0000000000
7708  16.399  15.870  11.810 0.0000000000
7707  16.736  16.090  11.915 0.0000000000
8208  19.904  16.647  22.292 0.0000000000
7434  20.073  16.358  21.577 0.0000000000
8207  20.271  16.851  21.881 0.0000000000
7446  19.938  16.173  21.117 0.0000000000
7473  20.262  16.077  20.311 0.0000000000
8217  20.270  16.503  21.268 0.0000000000
8226  20.276  16.441  20.997 0.0000000000
7459  20.366  16.361  20.769 0.0000000000
7472  20.511  16.319  20.529 0.0000000000
8225  20.510  16.617  20.893 0.0000000000
8228  17.894  16.710  20.547 0.0000000000
8236  20.936  16.695  20.271 0.0000000000
7489  20.658  16.313  19.948 0.0000000000
7490  20.289  16.114  19.961 0.0000000000
8237  18.151  16.693  20.192 0.0000000000
8238  17.972  16.542  20.328 0.0000000000
7488  21.128  16.289  19.642 0.0000000000
6818  20.923  16.000  19.601 0.0000000000
8250  20.999  16.523  19.914 0.0000000000
8251  18.420  16.708  19.600 0.0000000000
8263  18.566  16.677  19.249 0.0000000000
8252  18.230  16.995  19.900 0.0000000000
8271  18.687  16.602  18.841 0.0000000000
7528  18.971  15.919  18.190 0.0000000000
8279  18.761  16.508  18.516 0.0000000000
7537  18.332  16.452  17.683 0.0000000000
7530  18.330  16.565  18.078 0.0000000000
8280  18.435  16.797  18.456 0.0000000000
8297  18.221  16.986  17.997 0.0000000000
7552  18.309  16.332  17.148 0.0000000000
8315  18.126  17.039  17.272 0.0000000000
7568  18.533  16.256  16.647 0.0000000000
7569  17.905  16.344  16.794 0.0000000000
7553  18.029  16.699  17.030 0.0000000000
8316  18.118  16.830  16.916 0.0000000000
8332  17.824  16.868  16.603 0.0000000000
7584  17.869  16.372  16.276 0.0000000000
8346  17.768  16.780  16.061 0.0000000000
8363  17.722  16.758  15.686 0.0000000000
8377  17.743  16.581  15.347 0.0000000000
8394  17.772  16.305  15.176 0.0000000000
8395  17.536  16.626  14.931 0.0000000000
7638  17.124  16.083  14.156 0.0000000000
7626  17.228  16.229  14.372 0.0000000000
8396  17.124  16.451  14.631 0.0000000000
8413  17.127  16.439  14.101 0.0000000000
8412  17.250  16.365  13.909 0.0000000000
8428  17.152  16.356  13.651 0.0000000000
8440  17.067  16.281  13.228 0.0000000000
8441  16.559  16.704  13.144 0.0000000000
8446  16.573  16.852  12.974 0.0000000000
8457  16.392  16.617  12.342 0.0000000000
8458  16.013  16.719  12.061 0.0000000000
7719  16.660  15.963  11.529 0.0000000000
8466  16.105  16.498  11.816 0.0000000000
7720  16.159  16.179  11.171 0.0000000000
8155  19.745  16.994  23.815 0.0000000000
9028  19.885  17.231  23.510 0.0000000000
8171  20.096  16.828  23.029 0.0000000000
9027  20.129  17.038  23.189 0.0000000000
8187  20.093  16.796  22.765 0.0000000000
8197  20.096  16.795  22.420 0.0000000000
9048  20.298  17.083  22.371 0.0000000000
9059  20.379  17.077  21.956 0.0000000000
8206  20.627  17.038  21.855 0.0000000000
8216  20.589  16.823  21.502 0.0000000000
9058  20.647  17.140  21.728 0.0000000000
9070  20.799  17.050  21.206 0.0000000000
9084  17.846  17.001  20.824 0.0000000000
9072  17.771  17.057  21.032 0.0000000000
9082  20.950  17.023  20.729 0.0000000000
8227  18.218  16.941  20.432 0.0000000000
9083  18.161  17.178  20.632 0.0000000000
9096  21.180  16.980  20.388 0.0000000000
8235  21.279  16.889  20.135 0.0000000000
8249  21.338  16.692  19.806 0.0000000000
9097  18.242  17.165  20.221 0.0000000000
9110  18.246  17.095  19.909 0.0000000000
8264  18.156  17.207  19.356 0.0000000000
9116  18.223  17.195  19.450 0.0000000000
8272  18.280  16.950  19.004 0.0000000000
9122  18.151  17.141  18.895 0.0000000000
9134  18.097  17.184  18.388 0.0000000000
9150  17.996  17.283  17.808 0.0000000000
9164  17.995  17.260  17.220 0.0000000000
8331  18.087  17.116  16.941 0.0000000000
9182  18.002  17.250  16.998 0.0000000000
9183  17.769  17.360  16.863 0.0000000000
9197  17.540  17.287  16.205 0.0000000000
9217  17.617  17.056  15.799 0.0000000000
9232  17.459  16.934  15.487 0.0000000000
8378  17.469  16.834  15.217 0.0000000000
9233  17.274  16.997  15.217 0.0000000000
9248  17.042  16.897  14.807 0.0000000000
9249  17.004  16.503  14.610 0.0000000000
9264  16.790  16.711  14.108 0.0000000000
8429  16.835  16.570  13.672 0.0000000000
9279  16.419  16.836  13.782 0.0000000000
9293  16.310  16.805  13.344 0.0000000000
8442  16.168  16.882  12.963 0.0000000000
9294  16.043  16.905  13.151 0.0000000000
8447  16.095  16.759  12.557 0.0000000000
9037  20.255  17.074  22.927 0.0000000000
10034  20.237  17.579  23.257 0.0000000000
10053  20.405  17.582  22.756 0.0000000000
10071  20.608  17.592  22.317 0.0000000000
10088  20.441  17.214  21.900 0.0000000000
10087  20.871  17.627  21.894 0.0000000000
10100  20.957  17.494  21.362 0.0000000000
10115  20.923  17.339  21.153 0.0000000000
9071  18.003  17.358  21.019 0.0000000000
10102  17.806  17.328  21.136 0.0000000000
9081  21.284  17.242  20.633 0.0000000000
10116  18.147  17.583  20.795 0.0000000000
10129  18.128  17.634  20.396 0.0000000000
10142  18.219  17.497  19.829 0.0000000000
10147  18.182  17.491  19.447 0.0000000000
9117  18.057  17.382  19.220 0.0000000000
9123  17.853  17.380  18.870 0.0000000000
10148  17.909  17.731  19.408 0.0000000000
10155  17.736  17.834  18.801 0.0000000000
9135  17.765  17.462  18.355 0.0000000000
10167  17.705  17.863  18.269 0.0000000000
9151  17.815  17.527  18.078 0.0000000000
9165  17.721  17.583  17.438 0.0000000000
10178  17.608  17.895  17.807 0.0000000000
10188  17.374  17.920  17.384 0.0000000000
10207  17.425  17.760  16.993 0.0000000000
10223  17.354  17.625  16.603 0.0000000000
9218  17.319  17.225  15.667 0.0000000000
9198  17.228  17.422  15.996 0.0000000000
10224  17.078  17.656  16.301 0.0000000000
10242  16.990  17.509  15.820 0.0000000000
10259  16.960  17.222  15.198 0.0000000000
10277  16.661  17.052  14.672 0.0000000000
9263  16.685  16.833  14.330 0.0000000000
10293  16.510  16.915  14.206 0.0000000000
9278  16.607  16.862  14.021 0.0000000000
10304  16.463  16.879  13.982 0.0000000000
10305  16.037  17.059  13.868 0.0000000000
9280  15.878  17.009  13.668 0.0000000000
10033  20.721  17.994  23.103 0.0000000000
10052  20.849  17.814  22.646 0.0000000000
10070  21.029  17.776  22.248 0.0000000000
11076  17.016  17.312  22.214 0.0000000000
10086  21.239  17.992  21.987 0.0000000000
10099  21.252  17.934  21.517 0.0000000000
11088  21.594  18.508  21.729 0.0000000000
11104  21.544  18.164  21.216 0.0000000000
10114  21.384  17.791  20.955 0.0000000000
10101  17.995  17.692  21.000 0.0000000000
10117  17.889  17.766  20.761 0.0000000000
10130  17.809  17.912  20.534 0.0000000000
10143  17.836  17.849  20.053 0.0000000000
11127  17.677  18.123  20.429 0.0000000000
11131  17.611  18.155  19.838 0.0000000000
11135  17.637  18.117  19.229 0.0000000000
11150  17.645  18.130  18.881 0.0000000000
11165  17.602  18.154  18.564 0.0000000000
11180  17.503  18.170  18.097 0.0000000000
11191  17.357  18.117  17.698 0.0000000000
10189  17.064  18.032  16.899 0.0000000000
11192  17.066  18.214  17.329 0.0000000000
10208  17.125  17.845  16.719 0.0000000000
11211  16.855  18.004  16.712 0.0000000000
11230  16.793  17.742  16.177 0.0000000000
11248  16.821  17.649  15.959 0.0000000000
10260  16.515  17.533  15.368 0.0000000000
10243  16.738  17.610  15.757 0.0000000000
11249  16.465  17.723  15.851 0.0000000000
10278  16.403  17.308  14.947 0.0000000000
11263  16.232  17.625  15.501 0.0000000000
10279  16.092  17.399  14.999 0.0000000000
10261  16.009  17.521  15.239 0.0000000000
11264  15.998  17.667  15.676 0.0000000000
10280  15.714  17.438  14.929 0.0000000000
10262  15.648  17.644  15.369 0.0000000000
10263  14.973  17.640  15.377 0.0000000000
10244  15.464  17.807  15.985 0.0000000000
11265  15.859  17.776  15.931 0.0000000000
10281  15.297  17.283  14.986 0.0000000000
10294  16.282  17.125  14.469 0.0000000000
10295  16.046  17.483  14.754 0.0000000000
10296  15.853  17.322  14.695 0.0000000000
10306  16.006  17.053  14.087 0.0000000000
12131  17.286  18.466  21.852 0.0000000000
11075  21.287  18.388  22.224 0.0000000000
12130  21.763  18.785  22.150 0.0000000000
12142  21.884  18.777  21.982 0.0000000000
11087  21.815  18.694  21.646 0.0000000000
11103  21.938  18.528  21.256 0.0000000000
12141  21.981  18.776  21.795 0.0000000000
12143  17.296  18.457  21.116 0.0000000000
90114  17.486  18.257  20.891 0.0000000000
11132  17.094  18.290  20.422 0.0000000000
11117  21.520  18.032  21.021 0.0000000000
11116  21.729  18.138  20.928 0.0000000000
11136  17.190  18.238  19.488 0.0000000000
11137  16.511  18.326  19.566 0.0000000000
11133  16.239  18.402  20.144 0.0000000000
13238  16.978  18.960  20.750 0.0000000000
13242  16.484  18.594  20.585 0.0000000000
11138  16.074  18.334  19.749 0.0000000000
14377  16.009  18.792  19.633 0.0000000000
12165  16.126  18.734  20.155 0.0000000000
12162  16.277  18.660  20.334 0.0000000000
11151  17.388  18.243  18.923 0.0000000000
11152  16.904  18.274  18.919 0.0000000000
12194  16.622  18.503  19.056 0.0000000000
12179  16.300  18.509  19.185 0.0000000000
11166  17.207  18.262  18.430 0.0000000000
11167  16.909  18.337  18.494 0.0000000000
12202  16.747  18.573  18.595 0.0000000000
11181  17.197  18.335  17.887 0.0000000000
12201  16.959  18.489  18.184 0.0000000000
12214  16.881  18.467  17.676 0.0000000000
12228  16.799  18.343  17.357 0.0000000000
11193  16.734  18.238  17.111 0.0000000000
11212  16.425  18.210  16.831 0.0000000000
12229  16.502  18.464  17.370 0.0000000000
11231  16.472  17.968  16.326 0.0000000000
12245  16.246  18.323  17.091 0.0000000000
11232  16.086  18.101  16.448 0.0000000000
11213  16.011  18.273  16.885 0.0000000000
12246  16.061  18.500  17.275 0.0000000000
11233  15.650  18.190  16.529 0.0000000000
11214  15.593  18.421  17.180 0.0000000000
11195  15.330  18.755  17.608 0.0000000000
11194  15.780  18.880  17.709 0.0000000000
11215  15.118  18.367  17.184 0.0000000000
12247  16.028  18.832  17.646 0.0000000000
11234  15.153  18.228  16.769 0.0000000000
11196  14.832  18.553  17.827 0.0000000000
11216  14.925  18.219  17.071 0.0000000000
12249  15.010  18.227  17.014 0.0000000000
12248  15.061  18.252  16.938 0.0000000000
11250  16.109  17.840  16.089 0.0000000000
11251  15.794  17.932  16.229 0.0000000000
10225  15.544  17.979  16.273 0.0000000000
10226  15.293  18.022  16.329 0.0000000000
10227  14.821  17.992  16.511 0.0000000000
11235  14.961  18.204  16.781 0.0000000000
12263  15.025  18.236  16.872 0.0000000000
12264  14.984  18.232  16.873 0.0000000000
13197  17.173  18.948  22.638 0.0000000000
13216  17.204  19.135  22.257 0.0000000000
12113  21.363  18.873  22.469 0.0000000000
13215  21.766  18.991  22.284 0.0000000000
12129  22.043  18.925  22.093 0.0000000000
13229  17.275  19.004  21.482 0.0000000000
12156  22.097  18.767  21.427 0.0000000000
12128  22.130  18.865  22.069 0.0000000000
12140  22.301  18.864  21.599 0.0000000000
13243  16.449  18.947  20.332 0.0000000000
13246  16.143  18.913  20.076 0.0000000000
14428  16.684  18.845  19.025 0.0000000000
12215  16.658  18.776  18.082 0.0000000000
13292  16.709  18.838  18.548 0.0000000000
12230  16.189  18.778  17.746 0.0000000000
12216  16.303  19.071  18.295 0.0000000000
13293  16.626  19.050  18.553 0.0000000000
12231  15.778  19.070  18.094 0.0000000000
12217  16.135  19.260  18.532 0.0000000000
13294  16.430  19.303  18.949 0.0000000000
13304  16.032  19.545  18.876 0.0000000000
12232  15.154  19.105  18.105 0.0000000000
13305  15.414  19.591  18.753 0.0000000000
12233  14.831  18.961  18.252 0.0000000000
13306  14.919  19.262  18.515 0.0000000000
14312  16.999  19.939  23.356 0.0000000000
14313  16.714  19.768  23.078 0.0000000000
14331  16.751  19.581  22.712 0.0000000000
13217  16.963  19.298  22.530 0.0000000000
14347  16.944  19.636  22.266 0.0000000000
14346  17.211  19.620  22.040 0.0000000000
14358  17.237  19.467  21.712 0.0000000000
14366  17.071  19.435  21.259 0.0000000000
13239  16.690  19.204  20.567 0.0000000000
14367  16.724  19.461  20.863 0.0000000000
14372  16.528  19.402  20.369 0.0000000000
14376  16.223  19.162  20.077 0.0000000000
15693  16.307  19.683  19.812 0.0000000000
15709  15.882  19.946  19.394 0.0000000000
15722  15.537  19.909  19.212 0.0000000000
15724  14.719  19.656  18.973 0.0000000000
15723  15.228  19.878  19.149 0.0000000000
15620  17.326  20.254  24.027 0.0000000000
15622  16.519  19.760  24.644 0.0000000000
15635  17.249  20.220  23.630 0.0000000000
15640  17.137  20.316  23.410 0.0000000000
15641  16.838  20.220  23.266 0.0000000000
14314  16.307  19.830  23.117 0.0000000000
15642  16.360  19.981  23.079 0.0000000000
14332  16.543  19.782  22.532 0.0000000000
15653  16.278  19.988  22.847 0.0000000000
14348  16.832  19.919  22.219 0.0000000000
15662  16.429  20.008  22.325 0.0000000000
15660  17.136  19.901  22.042 0.0000000000
15669  17.172  19.826  21.731 0.0000000000
15661  17.080  20.072  21.945 0.0000000000
15679  17.169  19.696  21.481 0.0000000000
15680  16.908  19.948  21.284 0.0000000000
15684  16.689  19.909  20.597 0.0000000000
16992  16.892  21.174  24.632 0.0000000000
17010  17.179  20.773  24.180 0.0000000000
17028  17.250  20.558  23.823 0.0000000000
17042  17.231  20.440  23.588 0.0000000000
17043  17.068  20.659  23.535 0.0000000000
17044  16.631  20.517  23.241 0.0000000000
17059  16.262  20.439  22.813 0.0000000000
15670  17.032  20.125  21.801 0.0000000000
17073  16.695  20.257  22.024 0.0000000000
17072  16.988  20.184  21.906 0.0000000000
17089  16.698  20.478  21.642 0.0000000000
17104  16.626  20.467  21.045 0.0000000000
17114  16.414  20.316  20.498 0.0000000000
17130  16.228  20.265  20.089 0.0000000000
15694  16.163  20.083  19.771 0.0000000000
17131  16.200  20.320  20.045 0.0000000000
17150  15.659  20.198  19.644 0.0000000000
17166  15.669  20.026  19.375 0.0000000000
17167  15.418  20.111  19.393 0.0000000000
17168  14.801  20.117  19.257 0.0000000000
16919  17.236  21.117  26.501 0.0000000000
16920  17.180  21.148  26.599 0.0000000000
18360  17.290  21.355  26.504 0.0000000000
18377  17.287  21.358  26.068 0.0000000000
18361  17.082  21.436  26.781 0.0000000000
18378  16.697  21.425  26.507 0.0000000000
18379  16.279  21.311  26.179 0.0000000000
18392  17.352  21.479  25.510 0.0000000000
18393  16.122  21.125  25.820 0.0000000000
18406  16.997  21.561  25.163 0.0000000000
18414  16.872  21.455  25.030 0.0000000000
18407  15.972  21.047  25.404 0.0000000000
90105  15.926  21.296  25.299 0.0000000000
22436  15.874  21.688  25.191 0.0000000000
17011  16.768  21.161  24.125 0.0000000000
16993  16.743  21.680  24.314 0.0000000000
23900  16.711  21.980  24.786 0.0000000000
21039  16.312  21.614  23.978 0.0000000000
90090  16.673  21.999  24.268 0.0000000000
17013  15.643  20.808  24.734 0.0000000000
17012  15.900  21.093  24.854 0.0000000000
18416  14.956  21.275  24.619 0.0000000000
18415  15.222  21.388  24.484 0.0000000000
18425  15.574  21.152  24.431 0.0000000000
18417  14.530  21.192  24.673 0.0000000000
18418  14.091  21.118  24.477 0.0000000000
18426  13.707  21.137  24.274 0.0000000000
17029  16.955  20.832  23.976 0.0000000000
18434  16.749  21.142  23.785 0.0000000000
90095  15.998  21.482  24.327 0.0000000000
18442  16.898  20.955  23.876 0.0000000000
18443  16.773  20.920  23.474 0.0000000000
18450  16.348  20.833  23.124 0.0000000000
17074  16.150  20.669  22.525 0.0000000000
17060  16.032  20.840  22.820 0.0000000000
18451  16.089  20.915  22.878 0.0000000000
18458  15.931  20.911  22.666 0.0000000000
17090  16.303  20.784  21.866 0.0000000000
18457  16.056  20.844  22.227 0.0000000000
18466  16.287  20.773  21.460 0.0000000000
18467  16.123  21.006  21.854 0.0000000000
17076  12.331  20.713  22.027 0.0000000000
18475  16.220  20.727  21.006 0.0000000000
18482  16.162  20.595  20.482 0.0000000000
18498  16.051  20.436  20.178 0.0000000000
18499  15.908  20.650  20.292 0.0000000000
17132  15.617  20.551  20.001 0.0000000000
17151  15.300  20.366  19.727 0.0000000000
18500  15.540  20.983  20.433 0.0000000000
17133  15.232  20.715  20.046 0.0000000000
19621  17.234  21.859  26.675 0.0000000000
19640  17.340  21.802  26.249 0.0000000000
19622  16.939  21.912  26.893 0.0000000000
19654  17.259  21.884  25.818 0.0000000000
19641  16.370  21.858  26.243 0.0000000000
90108  16.126  21.408  25.958 0.0000000000
19665  17.012  21.814  25.403 0.0000000000
90103  16.933  21.739  24.950 0.0000000000
19671  14.953  21.701  24.374 0.0000000000
19687  15.305  21.802  24.280 0.0000000000
19672  14.796  21.745  24.536 0.0000000000
19673  14.294  21.577  24.672 0.0000000000
19674  13.990  21.740  24.593 0.0000000000
19716  16.461  21.235  23.378 0.0000000000
19729  16.130  21.124  22.817 0.0000000000
19730  15.998  21.082  22.782 0.0000000000
19749  15.851  20.953  22.536 0.0000000000
19748  15.961  20.957  22.315 0.0000000000
18476  16.093  21.011  21.373 0.0000000000
19766  16.013  21.223  21.860 0.0000000000
18483  15.923  20.911  20.826 0.0000000000
19784  15.855  21.200  21.134 0.0000000000
19792  15.827  21.093  20.910 0.0000000000
18484  15.734  21.053  20.753 0.0000000000
19793  15.537  21.279  20.804 0.0000000000
18501  15.013  20.932  20.239 0.0000000000
19810  15.439  21.155  20.623 0.0000000000
19811  15.251  21.247  20.596 0.0000000000
19605  17.106  22.016  26.865 0.0000000000
20925  17.129  22.094  26.716 0.0000000000
20935  17.240  22.261  26.330 0.0000000000
19606  17.076  22.075  27.024 0.0000000000
20936  17.147  22.119  26.514 0.0000000000
90109  17.370  22.013  25.774 0.0000000000
23916  16.808  22.211  25.687 0.0000000000
90106  17.204  22.162  25.933 0.0000000000
19688  15.173  21.887  24.209 0.0000000000
20983  14.479  21.970  24.666 0.0000000000
21002  14.671  22.202  24.376 0.0000000000
20984  13.878  22.049  24.810 0.0000000000
21001  15.051  22.309  24.199 0.0000000000
90088  15.400  22.297  24.164 0.0000000000
19686  15.749  22.031  24.263 0.0000000000
21059  16.211  21.680  23.145 0.0000000000
21080  16.155  21.274  22.633 0.0000000000
21096  15.621  21.650  21.853 0.0000000000
21113  15.798  21.687  21.047 0.0000000000
19785  15.548  21.679  20.814 0.0000000000
21114  15.385  21.984  21.466 0.0000000000
19794  15.143  21.781  20.876 0.0000000000
19786  15.063  21.986  20.933 0.0000000000
21115  15.033  22.203  21.567 0.0000000000
21135  14.994  22.068  21.030 0.0000000000
19812  14.871  21.381  20.582 0.0000000000
19795  14.732  21.902  20.818 0.0000000000
20926  17.046  22.090  27.204 0.0000000000
22407  17.097  22.171  26.647 0.0000000000
22408  16.998  22.206  27.084 0.0000000000
22416  16.961  22.293  27.021 0.0000000000
22415  17.090  22.285  26.518 0.0000000000
21003  14.169  22.049  24.738 0.0000000000
22481  14.799  22.629  24.154 0.0000000000
22480  14.975  22.648  24.156 0.0000000000
22498  15.163  22.555  24.096 0.0000000000
22482  14.286  22.606  24.372 0.0000000000
21040  16.127  22.116  23.464 0.0000000000
23965  15.627  22.588  23.876 0.0000000000
21060  16.115  22.056  23.140 0.0000000000
22534  15.863  22.284  23.208 0.0000000000
22533  16.007  21.994  22.791 0.0000000000
22550  15.741  21.832  22.240 0.0000000000
22566  15.756  22.003  21.997 0.0000000000
21097  15.232  22.022  22.015 0.0000000000
21082  15.034  21.898  22.384 0.0000000000
21081  15.074  22.069  22.150 0.0000000000
21098  14.950  21.827  22.196 0.0000000000
22551  15.564  22.231  22.569 0.0000000000
22567  15.711  21.952  22.111 0.0000000000
19767  14.927  21.845  21.922 0.0000000000
19750  14.874  21.698  22.210 0.0000000000
21136  14.640  22.492  21.326 0.0000000000
19768  14.499  21.905  22.026 0.0000000000
23899  16.360  22.230  25.172 0.0000000000
22499  15.042  22.672  23.960 0.0000000000
23945  14.361  23.187  24.160 0.0000000000
23966  14.734  22.962  23.992 0.0000000000
23997  15.611  22.645  23.166 0.0000000000
90081  15.744  22.508  23.410 0.0000000000
22552  15.197  22.297  22.743 0.0000000000
24010  15.472  22.605  22.844 0.0000000000
22535  15.034  21.962  22.292 0.0000000000
24011  15.256  22.846  22.938 0.0000000000
23946  14.219  22.803  24.126 0.0000000000
90075  14.970  22.974  23.683 0.0000000000
25491  15.079  23.406  23.379 0.0000000000
25504  15.469  22.991  23.246 0.0000000000
25505  15.127  23.060  23.121 0.0000000000
23967  14.257  23.491  23.966 0.0000000000
25476  14.430  23.693  23.427 0.0000000000
23998  15.060  22.889  22.852 0.0000000000
90065  14.766  22.405  22.711 0.0000000000
27057  14.307  22.596  22.667 0.0000000000
90069  14.847  22.950  22.991 0.0000000000
27047  14.977  23.005  23.048 0.0000000000
28636  14.846  22.912  22.913 0.0000000000
28622  14.679  23.567  23.117 0.0000000000
21062  14.748  22.061  22.552 0.0000000000
21061  15.029  21.990  22.643 0.0000000000
19731  14.902  21.830  22.514 0.0000000000
19732  14.821  21.893  22.529 0.0000000000
19751  14.769  21.851  22.398 0.0000000000
22593  14.185  22.304  21.868 0.0000000000
10069  21.215  17.984  22.199 0.0000000000
10051  21.180  17.977  22.522 0.0000000000
11060  21.099  18.257  22.834 0.0000000000
10245  15.113  17.793  16.049 0.0000000000
11061  20.942  18.091  22.877 0.0000000000
6842  21.300  15.992  19.224 0.0000000000
7508  21.485  16.322  19.337 0.0000000000
6862  20.933  15.927  18.915 0.0000000000
6861  21.247  15.854  18.901 0.0000000000
6841  21.640  16.023  19.109 0.0000000000
6860  21.781  15.922  18.847 0.0000000000
6312  21.384  15.315  18.169 0.0000000000
5815  21.142  15.049  18.074 0.0000000000
6295  21.116  15.531  18.564 0.0000000000
6294  21.575  15.494  18.588 0.0000000000
5834  21.051  14.941  17.796 0.0000000000
4890  20.101  13.904  17.931 0.0000000000
5350  20.038  14.024  18.137 0.0000000000
4915  20.118  13.943  17.653 0.0000000000
5373  20.357  14.267  17.608 0.0000000000
5372  20.706  14.426  17.397 0.0000000000
4877  20.013  13.933  18.091 0.0000000000
4916  19.840  13.733  17.576 0.0000000000
4943  20.149  13.711  17.139 0.0000000000
5387  20.445  14.064  17.235 0.0000000000
4495  19.879  13.043  16.837 0.0000000000
4944  19.874  13.537  17.262 0.0000000000
4467  20.069  13.298  17.063 0.0000000000
4494  20.215  13.453  16.758 0.0000000000
3739  19.765  12.302  14.739 0.0000000000
4102  20.299  12.705  16.070 0.0000000000
3679  20.032  12.244  16.135 0.0000000000
4517  20.089  13.109  16.663 0.0000000000
4516  19.989  13.146  16.422 0.0000000000
3701  20.244  12.186  15.913 0.0000000000
4125  20.381  12.434  15.824 0.0000000000
4101  20.807  12.819  16.053 0.0000000000
4124  20.602  12.587  15.864 0.0000000000
4515  20.556  13.300  16.316 0.0000000000
3305  19.419  12.094  14.832 0.0000000000
3304  19.675  12.028  15.171 0.0000000000
3286  20.066  11.912  16.011 0.0000000000
3270  20.096  12.164  16.090 0.0000000000
3700  20.630  12.337  15.734 0.0000000000
3285  20.412  11.970  15.696 0.0000000000
3271  19.775  11.836  16.118 0.0000000000
2877  20.175  11.574  15.688 0.0000000000
2878  19.854  11.473  15.895 0.0000000000
3287  20.020  11.759  16.007 0.0000000000
2862  19.483  11.414  16.143 0.0000000000
2861  19.965  11.543  15.927 0.0000000000
2491  19.695  10.942  15.828 0.0000000000
2879  19.579  10.965  15.971 0.0000000000
2896  19.944  10.974  15.667 0.0000000000
2481  19.113  11.155  16.157 0.0000000000
2492  19.280  11.029  15.897 0.0000000000
2493  18.689  10.695  15.956 0.0000000000
2505  19.738  10.921  15.440 0.0000000000
2506  19.128  10.701  15.464 0.0000000000
2494  18.006  10.679  16.035 0.0000000000
2495  17.425  10.580  16.023 0.0000000000
2895  20.274  11.199  15.394 0.0000000000
4969  20.489  13.867  17.012 0.0000000000
4493  20.565  13.649  16.669 0.0000000000
4514  21.027  13.067  16.069 0.0000000000
4968  20.888  13.731  16.667 0.0000000000
4982  20.894  13.423  16.318 0.0000000000
4942  20.736  13.790  16.885 0.0000000000
5386  20.920  14.092  17.163 0.0000000000
5846  21.053  14.416  17.219 0.0000000000
10246  14.927  17.729  15.998 0.0000000000
10264  14.874  17.721  15.748 0.0000000000
