#!ascii label  , from subject  vox2ras=TkReg
722
6138  14.065  14.787  -0.302 0.0000000000
6131  14.338  15.057  0.077 0.0000000000
6132  13.892  14.984  0.098 0.0000000000
6139  14.016  14.788  -0.330 0.0000000000
6662  14.117  14.995  -0.153 0.0000000000
6671  14.061  15.120  -0.081 0.0000000000
6144  15.018  14.926  -1.062 0.0000000000
6137  14.938  14.930  -0.494 0.0000000000
6145  14.346  14.665  -0.755 0.0000000000
6670  14.209  14.841  -0.307 0.0000000000
5645  13.769  14.486  0.115 0.0000000000
5659  13.790  14.575  -0.421 0.0000000000
6146  14.177  14.830  -1.233 0.0000000000
6143  15.282  14.819  -0.867 0.0000000000
6155  15.100  14.587  -1.138 0.0000000000
6156  14.649  14.524  -1.113 0.0000000000
5662  14.177  14.292  -0.963 0.0000000000
6157  14.268  14.544  -0.888 0.0000000000
5663  13.989  14.490  -0.805 0.0000000000
5668  15.436  14.288  -1.411 0.0000000000
6154  15.631  14.721  -1.115 0.0000000000
5669  14.897  14.181  -1.476 0.0000000000
5670  14.437  14.220  -1.102 0.0000000000
6661  14.448  14.806  -0.026 0.0000000000
6669  15.053  15.252  -0.240 0.0000000000
6136  15.495  14.935  -0.679 0.0000000000
6668  15.792  15.276  -0.574 0.0000000000
6660  14.982  15.301  0.121 0.0000000000
7323  14.998  15.771  -0.143 0.0000000000
7322  15.398  15.766  -0.158 0.0000000000
6135  15.788  14.990  -0.787 0.0000000000
6142  15.847  14.950  -0.884 0.0000000000
6682  15.916  15.097  -0.820 0.0000000000
6681  16.108  15.174  -0.834 0.0000000000
6667  16.233  15.513  -0.471 0.0000000000
7321  15.977  15.917  -0.319 0.0000000000
6680  16.551  15.443  -0.647 0.0000000000
6666  16.443  15.595  -0.440 0.0000000000
7320  16.500  15.878  -0.344 0.0000000000
6130  14.796  15.020  0.223 0.0000000000
6659  15.429  14.850  0.653 0.0000000000
6129  15.225  14.991  0.181 0.0000000000
6655  15.078  15.309  0.782 0.0000000000
7307  15.016  16.077  0.337 0.0000000000
6654  15.783  15.287  0.971 0.0000000000
6118  15.903  14.969  0.867 0.0000000000
6128  15.556  14.832  0.375 0.0000000000
7295  15.158  15.929  1.095 0.0000000000
6653  15.999  15.373  0.806 0.0000000000
6117  15.989  15.082  0.841 0.0000000000
7294  15.859  15.829  1.041 0.0000000000
6648  16.144  15.025  0.997 0.0000000000
6104  15.993  14.952  0.905 0.0000000000
6652  16.192  15.420  0.855 0.0000000000
7293  16.034  15.815  0.832 0.0000000000
6647  16.420  15.289  1.002 0.0000000000
7292  16.323  15.727  0.958 0.0000000000
6642  16.008  15.090  1.638 0.0000000000
6090  15.987  14.890  1.380 0.0000000000
6641  16.602  15.572  1.717 0.0000000000
7288  16.558  15.923  1.322 0.0000000000
6643  15.819  14.983  1.771 0.0000000000
6627  16.370  15.283  1.769 0.0000000000
6628  15.773  15.164  2.105 0.0000000000
6626  16.795  15.759  1.990 0.0000000000
7284  16.881  15.975  1.844 0.0000000000
6077  15.197  14.722  2.134 0.0000000000
6076  15.615  14.875  1.949 0.0000000000
6629  15.301  15.025  2.359 0.0000000000
6609  15.538  15.301  2.523 0.0000000000
7280  15.839  15.402  2.292 0.0000000000
7279  16.171  15.673  2.292 0.0000000000
7278  16.716  15.822  2.075 0.0000000000
6590  15.257  15.364  2.886 0.0000000000
6610  15.050  15.136  2.732 0.0000000000
7252  15.671  15.580  2.994 0.0000000000
7269  15.829  15.597  2.517 0.0000000000
5667  15.970  14.481  -1.357 0.0000000000
6153  16.216  14.892  -1.176 0.0000000000
5666  16.147  14.640  -1.356 0.0000000000
5677  16.308  14.511  -1.682 0.0000000000
6165  16.330  14.703  -1.427 0.0000000000
6141  16.041  14.970  -0.942 0.0000000000
6692  16.391  15.241  -0.990 0.0000000000
6164  16.607  14.746  -1.541 0.0000000000
6152  16.878  15.000  -1.299 0.0000000000
6691  16.707  15.272  -1.025 0.0000000000
6163  17.165  14.742  -1.740 0.0000000000
6151  17.394  15.058  -1.364 0.0000000000
6690  16.904  15.430  -0.934 0.0000000000
6162  17.668  14.906  -1.650 0.0000000000
6150  17.797  15.121  -1.345 0.0000000000
6689  17.696  15.290  -1.095 0.0000000000
6161  18.159  15.113  -1.348 0.0000000000
6149  18.231  14.983  -1.403 0.0000000000
6688  17.948  15.222  -1.183 0.0000000000
5644  13.937  14.451  0.264 0.0000000000
5643  14.689  14.614  0.242 0.0000000000
5642  14.975  14.620  0.223 0.0000000000
5641  15.072  14.352  0.110 0.0000000000
5628  15.677  14.367  0.603 0.0000000000
6105  15.995  14.817  1.019 0.0000000000
5619  15.565  14.433  1.182 0.0000000000
6091  15.634  14.684  1.577 0.0000000000
5613  15.192  14.338  1.660 0.0000000000
5612  15.481  14.480  1.491 0.0000000000
6092  15.404  14.676  1.846 0.0000000000
5607  14.753  14.474  2.149 0.0000000000
5606  14.938  14.441  2.156 0.0000000000
6078  14.897  14.649  2.250 0.0000000000
6068  15.054  14.863  2.427 0.0000000000
6069  14.709  14.788  2.442 0.0000000000
5602  14.255  14.422  2.479 0.0000000000
5601  14.547  14.596  2.309 0.0000000000
6070  14.170  14.974  2.721 0.0000000000
6611  14.563  15.353  2.757 0.0000000000
5678  15.800  14.128  -1.882 0.0000000000
5687  16.757  14.299  -2.198 0.0000000000
5676  16.864  14.537  -1.844 0.0000000000
5688  16.213  14.097  -2.275 0.0000000000
5686  17.260  14.562  -2.105 0.0000000000
5675  16.925  14.470  -1.970 0.0000000000
5243  14.089  14.249  -0.876 0.0000000000
5254  14.374  13.867  -1.138 0.0000000000
5253  14.815  13.826  -1.505 0.0000000000
5680  15.107  13.856  -1.884 0.0000000000
5679  15.172  13.963  -1.727 0.0000000000
5658  13.933  14.530  -0.611 0.0000000000
5230  13.934  14.335  -0.603 0.0000000000
5231  13.646  14.116  -0.344 0.0000000000
5660  13.465  14.284  -0.058 0.0000000000
5215  14.155  13.943  0.369 0.0000000000
5216  13.821  13.931  0.308 0.0000000000
5646  13.556  14.211  0.148 0.0000000000
5214  14.593  13.997  0.293 0.0000000000
5213  14.948  14.171  0.273 0.0000000000
5212  15.040  14.193  0.193 0.0000000000
5202  15.263  14.007  0.411 0.0000000000
5629  15.308  14.067  0.863 0.0000000000
5620  15.206  14.037  1.080 0.0000000000
5614  14.593  14.208  1.841 0.0000000000
5189  14.831  13.941  1.508 0.0000000000
5195  15.019  13.909  1.141 0.0000000000
5608  14.270  14.008  2.037 0.0000000000
5599  14.237  14.303  3.080 0.0000000000
5181  14.147  13.780  2.667 0.0000000000
5185  13.956  14.023  2.027 0.0000000000
6063  14.009  14.768  3.048 0.0000000000
4794  14.033  13.509  -1.156 0.0000000000
4793  14.649  13.428  -1.306 0.0000000000
5255  13.927  13.910  -0.894 0.0000000000
5244  13.999  13.860  -0.692 0.0000000000
5262  15.159  13.621  -1.785 0.0000000000
4773  13.628  13.729  -0.320 0.0000000000
4783  14.051  13.633  -0.916 0.0000000000
4774  13.151  13.996  -0.004 0.0000000000
5232  13.096  14.129  0.079 0.0000000000
5206  13.918  13.700  0.798 0.0000000000
4766  13.534  13.551  0.260 0.0000000000
5217  13.238  13.795  0.133 0.0000000000
5205  14.195  13.852  0.854 0.0000000000
5204  14.683  13.812  0.841 0.0000000000
5203  15.033  13.845  0.705 0.0000000000
5198  13.885  13.630  1.225 0.0000000000
4761  13.858  13.330  0.773 0.0000000000
5197  14.191  13.776  1.216 0.0000000000
5196  14.603  13.806  1.172 0.0000000000
5192  13.834  13.551  1.674 0.0000000000
4756  13.870  13.194  1.221 0.0000000000
5191  14.108  13.801  1.677 0.0000000000
5190  14.452  13.867  1.559 0.0000000000
5186  13.789  13.465  2.039 0.0000000000
4752  13.794  13.097  1.733 0.0000000000
5615  14.326  13.968  1.828 0.0000000000
5182  13.832  13.552  2.375 0.0000000000
4749  13.896  13.169  2.233 0.0000000000
4745  13.998  13.352  2.586 0.0000000000
5178  14.264  13.751  3.215 0.0000000000
4744  14.345  13.245  2.867 0.0000000000
4782  13.948  13.375  -0.879 0.0000000000
4781  14.202  12.935  -0.852 0.0000000000
4795  13.937  13.588  -1.055 0.0000000000
4372  14.672  12.809  -1.048 0.0000000000
4378  14.827  12.941  -1.660 0.0000000000
4807  15.036  13.289  -1.719 0.0000000000
4772  14.042  13.094  -0.347 0.0000000000
4771  14.206  12.928  -0.351 0.0000000000
4366  14.473  12.805  -0.546 0.0000000000
4767  13.267  13.859  0.022 0.0000000000
4765  14.068  13.089  -0.180 0.0000000000
4360  14.300  12.814  -0.166 0.0000000000
4359  14.358  12.872  -0.266 0.0000000000
4764  14.412  12.973  0.547 0.0000000000
4353  14.231  12.790  0.255 0.0000000000
4760  14.094  13.094  1.192 0.0000000000
4759  14.213  12.887  0.905 0.0000000000
4352  14.251  12.795  0.722 0.0000000000
4755  14.064  13.012  0.958 0.0000000000
4346  14.061  12.763  0.871 0.0000000000
4345  14.172  12.836  1.232 0.0000000000
4340  13.741  12.740  1.177 0.0000000000
4339  14.024  12.942  0.853 0.0000000000
4332  13.819  12.749  2.054 0.0000000000
4335  13.753  12.663  1.709 0.0000000000
4748  14.224  12.895  2.593 0.0000000000
4331  14.003  12.871  2.225 0.0000000000
4373  14.288  12.611  -1.314 0.0000000000
4379  14.479  12.621  -1.786 0.0000000000
4386  14.863  12.657  -2.081 0.0000000000
4377  15.111  13.007  -2.015 0.0000000000
4806  15.232  13.317  -1.817 0.0000000000
4387  14.716  12.652  -1.909 0.0000000000
4385  15.177  12.961  -2.026 0.0000000000
4818  15.381  13.172  -1.888 0.0000000000
4374  13.945  12.393  -1.218 0.0000000000
3988  14.001  12.254  -1.458 0.0000000000
3994  14.246  12.304  -1.697 0.0000000000
4367  14.188  12.809  -0.902 0.0000000000
4368  13.837  12.509  -1.010 0.0000000000
4361  13.863  12.627  -0.584 0.0000000000
3978  13.367  12.273  -0.765 0.0000000000
3982  13.518  12.214  -0.901 0.0000000000
3989  13.773  12.154  -1.219 0.0000000000
4362  13.492  12.238  -0.408 0.0000000000
4354  14.053  12.715  -0.122 0.0000000000
4355  14.014  12.461  0.087 0.0000000000
3975  13.885  12.694  -0.081 0.0000000000
3976  13.383  12.207  0.001 0.0000000000
3974  14.251  12.642  0.025 0.0000000000
3970  14.092  12.419  0.458 0.0000000000
4347  13.668  12.604  0.837 0.0000000000
3965  13.690  12.252  1.452 0.0000000000
3967  13.380  12.214  1.157 0.0000000000
4341  13.226  12.374  1.181 0.0000000000
3995  13.977  12.120  -1.774 0.0000000000
4001  14.392  12.304  -2.088 0.0000000000
3990  13.410  12.053  -1.003 0.0000000000
3584  13.384  11.985  -0.942 0.0000000000
3589  13.793  11.871  -1.535 0.0000000000
3983  13.247  12.017  -0.848 0.0000000000
3979  13.322  12.074  -0.380 0.0000000000
3972  13.296  12.064  0.552 0.0000000000
3573  13.261  11.919  0.249 0.0000000000
3577  13.233  12.034  -0.185 0.0000000000
3971  13.617  12.292  0.453 0.0000000000
3968  13.206  12.016  1.005 0.0000000000
3570  13.250  11.812  0.775 0.0000000000
4348  13.344  12.264  0.829 0.0000000000
3216  13.556  11.354  -1.055 0.0000000000
3220  13.902  11.313  -1.725 0.0000000000
3594  13.862  12.021  -1.898 0.0000000000
3217  13.278  11.858  -0.853 0.0000000000
3585  13.184  12.009  -0.878 0.0000000000
3208  13.222  11.731  -0.109 0.0000000000
3576  13.454  11.452  -0.158 0.0000000000
3581  13.478  11.761  -0.465 0.0000000000
3207  13.491  11.157  0.027 0.0000000000
3211  13.676  11.280  -0.429 0.0000000000
3580  13.598  11.437  -0.295 0.0000000000
3204  13.304  11.471  0.441 0.0000000000
2816  13.856  10.844  -1.258 0.0000000000
2820  13.848  10.971  -1.767 0.0000000000
3224  13.890  11.530  -1.792 0.0000000000
3212  13.438  11.605  -0.811 0.0000000000
2812  13.666  10.951  -0.735 0.0000000000
2809  13.587  10.868  -0.232 0.0000000000
2824  13.816  11.020  -1.765 0.0000000000
3229  14.002  11.198  -2.451 0.0000000000
3223  14.278  11.439  -2.448 0.0000000000
3593  14.239  11.888  -2.252 0.0000000000
2830  13.778  10.957  -2.438 0.0000000000
3235  13.914  11.121  -2.825 0.0000000000
3228  14.264  11.204  -2.972 0.0000000000
2837  13.804  10.952  -3.064 0.0000000000
2836  14.007  11.023  -3.046 0.0000000000
3234  13.981  11.104  -3.168 0.0000000000
3605  14.631  11.781  -2.719 0.0000000000
4014  14.503  12.116  -2.421 0.0000000000
4002  14.025  12.099  -2.020 0.0000000000
3615  14.454  11.525  -3.079 0.0000000000
3614  15.106  11.814  -3.059 0.0000000000
3604  14.966  12.005  -2.884 0.0000000000
4013  14.840  12.340  -2.493 0.0000000000
3233  14.694  11.263  -3.287 0.0000000000
3232  15.135  11.478  -3.365 0.0000000000
3613  15.249  11.855  -3.139 0.0000000000
4000  14.703  12.421  -2.230 0.0000000000
4012  15.292  12.198  -2.816 0.0000000000
4395  15.024  12.740  -2.218 0.0000000000
4394  15.300  12.721  -2.632 0.0000000000
4827  15.405  13.107  -2.657 0.0000000000
4393  15.520  12.582  -2.850 0.0000000000
4401  15.434  12.992  -3.234 0.0000000000
4835  15.456  13.022  -3.055 0.0000000000
4400  15.663  12.873  -3.182 0.0000000000
4805  15.623  13.620  -1.953 0.0000000000
5261  15.465  13.742  -1.817 0.0000000000
4817  16.154  13.628  -2.032 0.0000000000
4826  16.008  13.500  -2.506 0.0000000000
5266  15.962  14.005  -2.157 0.0000000000
5271  15.973  13.899  -2.296 0.0000000000
4833  16.403  13.240  -3.179 0.0000000000
4825  16.428  13.680  -2.891 0.0000000000
4834  15.809  13.189  -3.038 0.0000000000
5270  16.250  13.878  -2.544 0.0000000000
4832  16.706  13.671  -3.085 0.0000000000
4841  16.799  13.562  -3.361 0.0000000000
4842  16.167  13.216  -3.322 0.0000000000
4843  15.839  13.073  -3.337 0.0000000000
4407  16.406  13.025  -3.689 0.0000000000
4406  17.023  12.986  -3.657 0.0000000000
4840  17.353  13.509  -3.683 0.0000000000
5277  16.881  13.978  -3.148 0.0000000000
5283  16.896  14.033  -3.123 0.0000000000
5282  17.120  13.950  -3.294 0.0000000000
4408  15.925  12.985  -3.594 0.0000000000
4409  16.027  13.033  -3.132 0.0000000000
5260  15.707  13.893  -1.988 0.0000000000
5689  15.971  14.065  -2.134 0.0000000000
5265  16.114  13.957  -2.327 0.0000000000
5269  16.643  13.762  -2.921 0.0000000000
5696  16.315  14.028  -2.563 0.0000000000
5695  16.668  14.080  -2.741 0.0000000000
5703  16.885  14.090  -3.019 0.0000000000
5276  17.038  14.044  -3.166 0.0000000000
5702  17.167  14.153  -3.088 0.0000000000
5281  17.707  13.984  -3.633 0.0000000000
5709  17.357  14.086  -3.373 0.0000000000
6171  17.044  14.592  -2.110 0.0000000000
5693  17.738  14.456  -2.495 0.0000000000
5685  17.804  14.695  -2.191 0.0000000000
5694  17.233  14.294  -2.596 0.0000000000
6170  17.540  14.776  -1.964 0.0000000000
5692  18.058  14.662  -2.399 0.0000000000
5700  18.106  14.512  -2.828 0.0000000000
5701  17.817  14.352  -2.920 0.0000000000
6175  18.278  14.843  -2.709 0.0000000000
6178  18.110  14.834  -3.010 0.0000000000
6179  18.105  14.704  -3.012 0.0000000000
5708  17.809  14.390  -3.347 0.0000000000
5707  18.179  14.333  -3.768 0.0000000000
6185  18.023  14.827  -3.117 0.0000000000
6184  18.132  14.702  -3.456 0.0000000000
6698  18.442  15.251  -1.583 0.0000000000
6169  18.187  14.953  -2.056 0.0000000000
5684  18.031  14.754  -2.185 0.0000000000
6703  18.585  15.275  -1.951 0.0000000000
6174  18.573  15.012  -2.460 0.0000000000
6168  18.460  14.971  -2.220 0.0000000000
6702  18.774  15.336  -2.228 0.0000000000
6708  18.804  15.402  -2.844 0.0000000000
6709  18.427  15.097  -2.866 0.0000000000
6713  18.356  15.090  -3.009 0.0000000000
6718  18.334  14.950  -3.300 0.0000000000
6183  18.695  14.745  -4.120 0.0000000000
6591  14.930  15.436  2.924 0.0000000000
7334  16.874  15.734  -0.481 0.0000000000
6679  17.072  15.506  -0.771 0.0000000000
6687  18.903  15.609  -0.981 0.0000000000
6676  18.728  15.520  -0.909 0.0000000000
6677  18.151  15.464  -0.873 0.0000000000
6678  17.625  15.459  -0.863 0.0000000000
6697  18.888  15.588  -1.816 0.0000000000
7346  18.940  15.689  -2.031 0.0000000000
7351  19.099  15.595  -2.290 0.0000000000
6701  19.212  15.319  -2.960 0.0000000000
6707  19.048  15.772  -2.766 0.0000000000
7355  19.081  16.029  -3.129 0.0000000000
7356  19.054  15.677  -3.097 0.0000000000
6712  18.661  15.318  -3.227 0.0000000000
7360  18.873  15.529  -3.567 0.0000000000
6717  18.796  15.080  -3.683 0.0000000000
6182  18.918  14.814  -3.873 0.0000000000
6716  19.162  14.949  -3.872 0.0000000000
7364  18.990  15.097  -3.929 0.0000000000
7268  16.081  15.776  2.835 0.0000000000
7283  17.025  16.036  1.991 0.0000000000
7277  17.024  16.036  2.008 0.0000000000
7961  16.851  16.137  1.958 0.0000000000
7962  16.690  16.190  2.215 0.0000000000
7963  16.357  15.959  2.641 0.0000000000
7974  16.832  16.106  1.841 0.0000000000
7975  16.463  16.294  1.611 0.0000000000
7990  16.291  16.100  1.166 0.0000000000
7289  16.233  15.964  1.001 0.0000000000
7991  16.238  16.104  0.984 0.0000000000
8008  15.792  15.979  0.910 0.0000000000
8009  15.415  16.014  0.939 0.0000000000
8010  14.808  16.174  1.044 0.0000000000
7308  14.785  16.073  0.681 0.0000000000
7296  15.024  16.023  1.038 0.0000000000
8011  14.715  16.434  0.912 0.0000000000
7306  14.903  15.816  -0.154 0.0000000000
8027  14.996  16.023  -0.101 0.0000000000
8028  14.623  16.371  0.181 0.0000000000
7319  16.980  16.006  -0.254 0.0000000000
8038  16.666  16.393  -0.192 0.0000000000
8039  16.168  16.338  -0.259 0.0000000000
8040  15.541  16.255  -0.169 0.0000000000
8026  15.233  16.072  -0.218 0.0000000000
7333  17.200  15.796  -0.441 0.0000000000
7359  18.979  15.845  -3.176 0.0000000000
7363  19.417  15.272  -4.021 0.0000000000
7953  16.694  16.159  2.734 0.0000000000
8731  16.558  16.793  2.250 0.0000000000
8745  16.332  16.592  1.940 0.0000000000
7954  16.271  15.888  2.982 0.0000000000
7976  15.985  16.451  1.312 0.0000000000
8746  16.081  16.833  1.745 0.0000000000
8758  15.885  16.496  1.180 0.0000000000
7992  15.663  16.149  1.071 0.0000000000
8759  15.659  16.640  1.365 0.0000000000
7993  15.220  16.329  1.142 0.0000000000
8760  15.285  16.914  1.422 0.0000000000
7994  14.953  16.496  1.193 0.0000000000
8761  14.893  16.916  1.199 0.0000000000
8770  14.655  17.051  0.894 0.0000000000
8012  14.350  16.670  0.581 0.0000000000
8029  14.429  16.941  0.083 0.0000000000
8771  14.331  17.069  0.478 0.0000000000
8041  15.023  16.439  -0.154 0.0000000000
8042  14.869  16.655  -0.076 0.0000000000
8780  14.892  16.900  0.087 0.0000000000
8781  14.684  17.006  0.150 0.0000000000
8037  17.100  16.270  -0.087 0.0000000000
8025  16.874  16.509  0.076 0.0000000000
8776  16.603  16.863  0.130 0.0000000000
8786  16.305  16.693  -0.133 0.0000000000
8787  15.919  16.716  -0.083 0.0000000000
8788  15.468  16.730  -0.074 0.0000000000
8789  15.080  16.749  -0.072 0.0000000000
8790  14.945  17.057  -0.001 0.0000000000
8716  16.837  16.912  2.875 0.0000000000
9605  16.622  17.161  2.675 0.0000000000
9617  16.241  17.060  2.184 0.0000000000
8732  16.195  17.033  2.034 0.0000000000
9618  16.035  17.316  2.194 0.0000000000
9627  16.131  17.070  2.033 0.0000000000
8747  15.811  16.980  1.763 0.0000000000
9628  15.691  17.330  1.939 0.0000000000
8748  15.601  17.082  1.752 0.0000000000
9629  15.339  17.344  1.709 0.0000000000
9638  14.812  17.397  1.245 0.0000000000
9639  14.802  17.394  1.212 0.0000000000
9647  14.583  17.557  1.020 0.0000000000
9648  14.389  17.480  0.716 0.0000000000
9656  14.399  17.439  0.284 0.0000000000
8775  16.885  16.753  0.255 0.0000000000
8769  16.888  16.990  0.453 0.0000000000
9646  16.740  17.305  0.413 0.0000000000
9651  16.329  17.301  0.210 0.0000000000
8777  16.106  16.944  0.093 0.0000000000
9652  15.896  17.342  0.173 0.0000000000
8778  15.708  17.005  0.045 0.0000000000
9653  15.454  17.329  0.168 0.0000000000
8779  15.260  17.002  0.047 0.0000000000
9654  15.019  17.348  0.124 0.0000000000
9655  14.781  17.312  -0.048 0.0000000000
9591  16.771  17.152  3.067 0.0000000000
9592  16.686  17.682  2.761 0.0000000000
9606  16.304  17.422  2.518 0.0000000000
10574  16.233  17.818  2.650 0.0000000000
10583  15.972  17.770  2.352 0.0000000000
9619  15.838  17.440  2.153 0.0000000000
10584  15.725  17.756  2.184 0.0000000000
10590  15.412  17.748  1.927 0.0000000000
10591  15.022  17.802  1.680 0.0000000000
10600  14.895  17.622  1.396 0.0000000000
10601  14.674  17.951  1.345 0.0000000000
9645  17.125  17.345  0.737 0.0000000000
10608  16.797  17.795  0.732 0.0000000000
10615  16.539  17.571  0.333 0.0000000000
10610  14.346  18.046  1.008 0.0000000000
10611  14.281  17.876  0.440 0.0000000000
10616  16.168  17.771  0.265 0.0000000000
10617  15.700  17.720  0.183 0.0000000000
10618  15.215  17.764  0.125 0.0000000000
10619  14.810  17.827  0.103 0.0000000000
10620  14.488  17.814  0.158 0.0000000000
11585  16.012  18.170  2.590 0.0000000000
11597  15.875  17.804  2.340 0.0000000000
11598  15.373  18.066  1.986 0.0000000000
11606  15.129  17.936  1.860 0.0000000000
11607  14.904  18.161  1.808 0.0000000000
10592  14.960  17.968  1.769 0.0000000000
11608  14.810  18.421  1.627 0.0000000000
11616  14.578  18.529  1.311 0.0000000000
11624  14.341  18.415  1.023 0.0000000000
10607  17.080  17.673  0.858 0.0000000000
10598  17.234  17.802  1.114 0.0000000000
10599  16.934  17.981  0.997 0.0000000000
11622  16.885  18.077  1.024 0.0000000000
10609  16.407  17.788  0.574 0.0000000000
11623  16.548  18.101  0.693 0.0000000000
11629  16.125  18.109  0.250 0.0000000000
11625  14.237  18.331  0.576 0.0000000000
11633  14.449  18.207  0.099 0.0000000000
11630  15.934  18.072  0.224 0.0000000000
11631  15.508  18.090  0.139 0.0000000000
11632  14.955  18.148  -0.012 0.0000000000
11586  15.803  18.406  2.545 0.0000000000
12622  15.678  18.683  2.432 0.0000000000
11599  15.244  18.520  2.010 0.0000000000
12623  15.212  18.813  1.947 0.0000000000
12633  15.204  18.768  1.950 0.0000000000
12634  14.785  18.780  1.726 0.0000000000
12643  14.734  18.910  1.500 0.0000000000
12651  14.388  19.018  1.060 0.0000000000
11615  17.146  18.183  1.190 0.0000000000
12641  16.887  18.616  1.091 0.0000000000
12648  16.739  18.327  0.869 0.0000000000
12649  16.280  18.684  0.499 0.0000000000
12652  14.254  18.856  0.782 0.0000000000
12661  14.076  18.800  0.229 0.0000000000
12657  15.993  18.361  0.212 0.0000000000
12658  15.775  18.597  0.195 0.0000000000
12659  15.221  18.564  0.016 0.0000000000
12660  14.661  18.637  -0.251 0.0000000000
13696  16.047  19.062  2.205 0.0000000000
13697  15.353  19.039  2.075 0.0000000000
13709  15.201  19.180  1.924 0.0000000000
13710  14.949  19.285  1.701 0.0000000000
13720  14.697  19.317  1.352 0.0000000000
12642  16.716  18.920  1.055 0.0000000000
13725  16.532  19.007  0.947 0.0000000000
12650  15.917  18.944  0.284 0.0000000000
13726  16.017  19.220  0.248 0.0000000000
13734  15.989  19.048  0.114 0.0000000000
13727  14.419  19.312  1.023 0.0000000000
13728  14.200  19.278  0.696 0.0000000000
13735  15.522  19.060  0.019 0.0000000000
13736  15.148  18.922  -0.275 0.0000000000
12669  14.005  19.063  -0.379 0.0000000000
12668  14.516  18.947  -0.598 0.0000000000
13743  15.129  18.871  -0.386 0.0000000000
13737  14.025  19.312  0.512 0.0000000000
12670  13.891  18.852  -0.079 0.0000000000
12662  13.829  18.933  0.063 0.0000000000
13738  13.848  19.240  0.245 0.0000000000
13745  13.811  19.040  -0.152 0.0000000000
13744  14.421  19.117  -0.556 0.0000000000
13733  16.331  19.166  0.490 0.0000000000
14967  14.688  19.719  1.258 0.0000000000
14973  14.408  19.796  0.918 0.0000000000
14974  14.151  19.655  0.666 0.0000000000
14975  16.228  19.600  0.337 0.0000000000
14976  15.900  19.556  0.102 0.0000000000
14977  15.691  19.387  -0.113 0.0000000000
13742  15.395  19.150  -0.353 0.0000000000
14979  13.977  19.806  0.491 0.0000000000
14982  15.470  19.587  -0.356 0.0000000000
14983  14.947  19.384  -0.674 0.0000000000
14984  14.541  19.457  -0.713 0.0000000000
13747  14.160  19.285  -0.655 0.0000000000
14978  14.234  20.021  0.714 0.0000000000
16276  16.128  20.030  0.082 0.0000000000
16277  16.053  19.989  0.037 0.0000000000
14981  15.858  19.726  -0.043 0.0000000000
16281  15.860  20.023  -0.217 0.0000000000
16282  15.459  19.966  -0.554 0.0000000000
14987  15.185  19.794  -0.681 0.0000000000
14988  14.858  19.782  -0.796 0.0000000000
16286  15.264  20.113  -0.787 0.0000000000
16285  15.660  19.838  -0.432 0.0000000000
9637  17.252  17.542  0.913 0.0000000000
8768  17.195  16.942  0.604 0.0000000000
9644  17.459  17.171  0.812 0.0000000000
9636  17.679  17.306  1.102 0.0000000000
8767  17.781  16.970  0.883 0.0000000000
8024  17.166  16.459  0.192 0.0000000000
8007  17.542  16.595  0.593 0.0000000000
8715  17.131  16.797  3.145 0.0000000000
7952  17.012  16.040  3.224 0.0000000000
8700  16.976  16.918  2.990 0.0000000000
8699  17.010  16.929  3.218 0.0000000000
8714  17.350  16.594  3.134 0.0000000000
7951  17.180  16.455  3.174 0.0000000000
8698  17.319  16.637  3.215 0.0000000000
7941  17.193  16.199  3.123 0.0000000000
7318  17.522  16.038  -0.217 0.0000000000
8036  17.466  16.236  -0.017 0.0000000000
7305  17.772  16.128  -0.021 0.0000000000
8023  17.774  16.255  0.248 0.0000000000
7304  17.973  16.013  0.029 0.0000000000
8022  18.214  16.213  0.335 0.0000000000
8006  18.010  16.536  0.694 0.0000000000
7267  16.225  16.008  3.039 0.0000000000
7266  16.716  15.923  3.060 0.0000000000
7942  16.944  16.189  3.405 0.0000000000
7249  16.784  16.092  3.382 0.0000000000
7332  17.578  15.737  -0.534 0.0000000000
7331  18.100  15.703  -0.610 0.0000000000
7317  17.998  15.858  -0.230 0.0000000000
7330  18.676  15.670  -0.676 0.0000000000
7316  18.659  15.953  -0.088 0.0000000000
7303  18.367  15.975  0.041 0.0000000000
7251  16.068  15.809  3.193 0.0000000000
7250  16.406  15.905  3.336 0.0000000000
6181  19.391  14.869  -3.681 0.0000000000
6715  19.697  15.078  -3.865 0.0000000000
5706  18.833  14.289  -3.869 0.0000000000
5705  19.110  14.315  -3.636 0.0000000000
5280  18.482  13.943  -3.896 0.0000000000
5279  18.936  14.051  -3.612 0.0000000000
5278  19.187  14.042  -3.419 0.0000000000
5699  19.221  13.937  -3.372 0.0000000000
5704  19.472  14.370  -3.559 0.0000000000
4839  18.207  13.585  -3.839 0.0000000000
4838  18.388  13.601  -3.669 0.0000000000
4837  18.735  13.369  -3.497 0.0000000000
5275  19.120  13.834  -3.388 0.0000000000
5274  19.300  13.771  -3.237 0.0000000000
4831  19.062  13.455  -3.224 0.0000000000
4824  16.928  13.390  -2.882 0.0000000000
4847  17.379  12.888  -3.977 0.0000000000
4846  17.819  13.142  -4.030 0.0000000000
4845  18.003  13.166  -3.948 0.0000000000
4844  18.206  13.078  -3.921 0.0000000000
4403  18.576  13.045  -4.112 0.0000000000
4402  18.992  13.209  -3.694 0.0000000000
4836  19.111  13.130  -3.339 0.0000000000
4027  15.852  12.363  -3.497 0.0000000000
4026  16.206  12.553  -3.723 0.0000000000
4025  16.742  12.466  -3.790 0.0000000000
4024  16.900  12.457  -3.768 0.0000000000
4405  17.303  12.890  -3.992 0.0000000000
4413  17.151  13.038  -3.930 0.0000000000
4023  17.624  12.207  -3.607 0.0000000000
4404  18.024  12.890  -4.071 0.0000000000
4412  17.589  12.997  -4.127 0.0000000000
4022  18.108  12.216  -3.448 0.0000000000
4399  18.088  12.463  -3.630 0.0000000000
4398  18.362  12.630  -3.494 0.0000000000
4411  18.032  13.041  -4.114 0.0000000000
4397  19.185  12.871  -3.363 0.0000000000
4410  18.114  13.047  -4.050 0.0000000000
4020  15.723  12.313  -3.120 0.0000000000
4018  18.117  12.193  -3.287 0.0000000000
4017  18.631  12.250  -3.227 0.0000000000
4011  15.485  12.094  -3.144 0.0000000000
3621  15.548  11.705  -3.629 0.0000000000
3620  16.115  11.990  -3.807 0.0000000000
4028  15.556  12.037  -3.605 0.0000000000
4031  15.943  12.170  -3.932 0.0000000000
4021  15.414  12.114  -3.169 0.0000000000
4030  16.084  12.258  -3.872 0.0000000000
4029  16.390  12.281  -3.911 0.0000000000
3618  16.987  11.901  -3.591 0.0000000000
3622  16.770  12.093  -3.947 0.0000000000
3617  17.299  11.952  -3.353 0.0000000000
3616  17.605  12.101  -3.036 0.0000000000
4019  17.856  12.058  -3.130 0.0000000000
3603  15.218  11.832  -3.093 0.0000000000
3609  17.876  11.974  -2.825 0.0000000000
3608  18.202  11.887  -3.044 0.0000000000
3619  16.466  11.702  -3.776 0.0000000000
3623  16.222  11.985  -4.044 0.0000000000
3239  15.482  11.086  -3.434 0.0000000000
3238  15.873  11.214  -3.547 0.0000000000
3237  16.234  11.419  -3.338 0.0000000000
3624  16.038  11.996  -4.042 0.0000000000
3236  16.613  11.655  -3.425 0.0000000000
3230  16.653  11.674  -3.135 0.0000000000
3611  16.958  11.846  -3.015 0.0000000000
3610  17.260  12.033  -3.032 0.0000000000
3612  16.389  11.769  -3.038 0.0000000000
3600  17.000  12.011  -2.838 0.0000000000
3601  16.345  12.010  -2.729 0.0000000000
3599  17.379  12.244  -2.840 0.0000000000
3598  17.870  12.279  -2.766 0.0000000000
4009  16.988  12.294  -2.582 0.0000000000
4010  16.672  12.190  -2.722 0.0000000000
4008  17.513  12.446  -2.392 0.0000000000
2841  15.304  10.782  -3.560 0.0000000000
2840  15.706  10.802  -3.313 0.0000000000
3240  14.976  10.916  -3.558 0.0000000000
2839  16.082  10.994  -3.309 0.0000000000
2832  16.072  10.956  -2.977 0.0000000000
3231  16.105  11.385  -2.983 0.0000000000
2835  14.387  11.036  -3.247 0.0000000000
2842  14.970  10.981  -3.589 0.0000000000
3225  16.043  11.497  -2.874 0.0000000000
2826  16.069  10.939  -2.899 0.0000000000
3226  15.944  11.295  -2.393 0.0000000000
3602  15.975  11.795  -2.553 0.0000000000
2475  14.656  10.485  -3.513 0.0000000000
2474  15.102  10.442  -3.474 0.0000000000
2843  14.461  10.874  -3.271 0.0000000000
2473  15.410  10.551  -3.303 0.0000000000
2467  15.388  10.744  -3.102 0.0000000000
2833  15.601  10.881  -2.942 0.0000000000
2471  13.910  10.342  -3.063 0.0000000000
2470  13.974  10.335  -3.002 0.0000000000
2838  13.553  10.649  -2.816 0.0000000000
2476  14.229  10.537  -3.170 0.0000000000
2834  15.273  10.782  -2.895 0.0000000000
2827  15.868  10.944  -3.031 0.0000000000
2828  15.213  10.999  -2.585 0.0000000000
3227  15.729  11.059  -2.430 0.0000000000
2469  14.619  10.375  -3.042 0.0000000000
2468  15.120  10.575  -2.948 0.0000000000
2091  13.986  9.925  -3.127 0.0000000000
2090  14.146  9.999  -3.044 0.0000000000
2472  13.644  9.967  -3.012 0.0000000000
2089  14.314  10.005  -3.113 0.0000000000
2085  14.571  9.969  -2.896 0.0000000000
2465  14.670  10.543  -2.565 0.0000000000
2464  14.975  10.764  -2.643 0.0000000000
2081  14.601  9.822  -2.152 0.0000000000
2462  14.645  10.579  -2.032 0.0000000000
2823  14.995  10.844  -2.158 0.0000000000
2829  14.959  10.835  -2.410 0.0000000000
2087  14.005  9.978  -2.813 0.0000000000
2086  14.203  9.719  -2.681 0.0000000000
2092  13.867  9.985  -2.976 0.0000000000
2083  13.681  9.637  -2.398 0.0000000000
1671  13.938  9.494  -2.520 0.0000000000
2088  13.615  10.052  -2.757 0.0000000000
1670  14.079  9.312  -2.366 0.0000000000
2082  14.256  9.466  -2.261 0.0000000000
2084  13.225  9.995  -2.040 0.0000000000
2466  13.336  10.144  -2.486 0.0000000000
