#!ascii label  , from subject  vox2ras=TkReg
1349
1512  17.485  9.203  5.481 0.0000000000
1123  17.451  8.573  5.861 0.0000000000
1511  17.655  9.023  5.739 0.0000000000
1124  17.205  8.757  5.340 0.0000000000
1513  17.003  8.926  5.046 0.0000000000
1538  17.290  9.088  5.159 0.0000000000
1539  16.974  8.902  5.008 0.0000000000
1537  17.727  9.261  5.232 0.0000000000
1562  17.349  9.175  4.709 0.0000000000
1563  16.962  8.924  4.886 0.0000000000
1142  16.890  8.432  5.167 0.0000000000
1561  17.788  9.246  4.647 0.0000000000
1581  17.470  9.205  4.185 0.0000000000
1582  16.968  9.073  4.248 0.0000000000
1157  16.714  8.425  4.927 0.0000000000
1170  16.739  8.818  4.559 0.0000000000
1580  17.949  9.221  4.200 0.0000000000
1592  17.678  9.186  3.747 0.0000000000
1593  17.184  9.183  3.778 0.0000000000
1181  16.754  8.930  4.045 0.0000000000
1594  16.825  9.056  3.853 0.0000000000
1591  18.190  9.138  3.817 0.0000000000
1603  17.901  8.969  3.314 0.0000000000
1604  17.375  9.125  3.339 0.0000000000
1605  16.912  9.157  3.437 0.0000000000
1595  16.675  8.887  3.924 0.0000000000
1606  16.542  8.974  3.654 0.0000000000
1182  16.339  8.626  3.949 0.0000000000
1602  18.444  8.931  3.541 0.0000000000
1190  18.294  8.738  3.166 0.0000000000
1191  17.987  8.764  3.070 0.0000000000
1613  17.811  8.762  2.991 0.0000000000
1614  17.477  8.864  2.977 0.0000000000
1615  16.883  9.091  3.125 0.0000000000
1616  16.608  9.015  3.211 0.0000000000
1192  16.225  8.652  3.402 0.0000000000
1202  18.075  8.565  2.834 0.0000000000
1203  17.589  8.530  2.766 0.0000000000
1204  17.068  8.551  2.754 0.0000000000
1205  16.465  8.972  2.990 0.0000000000
1601  18.718  8.833  3.696 0.0000000000
1189  18.703  8.546  3.412 0.0000000000
1590  18.744  9.028  3.917 0.0000000000
1180  18.907  8.657  3.741 0.0000000000
1579  18.448  9.251  4.313 0.0000000000
1589  18.816  9.129  4.022 0.0000000000
1179  19.145  8.736  3.969 0.0000000000
1578  18.913  9.186  4.393 0.0000000000
1577  19.320  9.015  4.313 0.0000000000
1560  18.151  9.286  4.618 0.0000000000
1989  18.554  9.417  4.825 0.0000000000
2002  18.683  9.296  4.540 0.0000000000
1559  19.003  9.278  4.692 0.0000000000
1558  19.226  9.254  4.764 0.0000000000
2001  18.832  9.309  4.676 0.0000000000
1576  19.794  8.825  4.365 0.0000000000
1169  19.525  8.505  4.220 0.0000000000
1557  19.690  9.122  4.658 0.0000000000
1575  20.094  8.719  4.354 0.0000000000
1168  20.187  8.361  4.268 0.0000000000
1556  20.159  8.908  4.683 0.0000000000
1167  20.430  8.552  4.294 0.0000000000
1990  18.088  9.385  5.044 0.0000000000
1988  18.990  9.394  4.911 0.0000000000
1536  19.579  9.239  4.993 0.0000000000
1972  19.243  9.380  5.130 0.0000000000
1987  19.107  9.366  4.954 0.0000000000
1535  19.970  9.185  4.985 0.0000000000
1534  20.229  8.926  5.001 0.0000000000
1140  20.369  8.861  4.970 0.0000000000
1156  20.476  8.765  4.753 0.0000000000
1956  18.041  9.257  5.912 0.0000000000
1975  18.165  9.538  5.598 0.0000000000
1971  19.663  9.373  5.310 0.0000000000
1970  19.875  9.278  5.234 0.0000000000
1533  20.887  9.038  5.292 0.0000000000
1139  20.657  8.802  5.028 0.0000000000
1509  20.087  9.180  5.261 0.0000000000
1508  20.644  9.267  5.555 0.0000000000
1532  21.383  9.027  5.305 0.0000000000
1138  21.095  8.778  5.006 0.0000000000
1507  21.172  9.302  5.726 0.0000000000
1531  21.866  8.976  5.274 0.0000000000
1137  21.562  8.762  4.989 0.0000000000
1506  21.710  9.209  5.602 0.0000000000
1530  22.364  8.930  5.218 0.0000000000
1136  21.834  8.716  5.131 0.0000000000
1505  22.176  9.190  5.538 0.0000000000
1529  22.967  9.029  4.929 0.0000000000
1135  22.523  8.784  4.808 0.0000000000
1504  22.640  9.183  5.502 0.0000000000
1555  22.871  8.954  4.550 0.0000000000
1503  23.102  9.212  5.508 0.0000000000
1528  23.305  9.095  5.151 0.0000000000
1554  23.214  9.158  4.589 0.0000000000
1502  23.689  9.300  5.498 0.0000000000
1527  23.838  9.472  5.010 0.0000000000
1553  23.664  9.373  4.652 0.0000000000
1948  24.002  9.572  5.275 0.0000000000
1969  24.009  9.663  4.984 0.0000000000
1986  23.987  9.774  4.718 0.0000000000
1122  17.680  8.792  6.022 0.0000000000
1487  17.791  8.930  6.170 0.0000000000
1510  17.880  9.121  6.059 0.0000000000
1486  18.028  9.184  6.294 0.0000000000
1955  18.122  9.306  5.952 0.0000000000
1951  20.308  9.496  5.792 0.0000000000
1950  20.808  9.562  5.901 0.0000000000
1485  21.603  9.275  5.977 0.0000000000
1930  21.315  9.580  6.198 0.0000000000
1949  21.141  9.643  6.107 0.0000000000
1484  21.933  9.281  6.020 0.0000000000
1483  22.435  9.244  5.885 0.0000000000
1482  22.846  9.243  5.949 0.0000000000
1481  23.334  9.249  5.946 0.0000000000
1480  23.967  9.270  6.034 0.0000000000
1501  24.053  9.310  5.930 0.0000000000
1479  24.625  9.648  6.031 0.0000000000
1500  24.578  9.515  6.076 0.0000000000
1947  24.382  9.738  5.513 0.0000000000
1478  24.934  9.703  6.227 0.0000000000
1946  24.891  9.965  5.800 0.0000000000
1107  17.622  8.486  6.173 0.0000000000
1092  17.805  8.667  6.430 0.0000000000
1467  17.898  8.977  6.507 0.0000000000
1466  18.190  9.092  6.743 0.0000000000
1914  18.272  9.346  6.500 0.0000000000
1936  18.391  9.482  6.239 0.0000000000
1929  21.809  9.512  6.255 0.0000000000
1928  22.285  9.461  6.242 0.0000000000
1927  22.588  9.322  6.138 0.0000000000
1464  23.086  9.262  6.220 0.0000000000
1908  22.742  9.455  6.482 0.0000000000
1463  23.492  9.267  6.296 0.0000000000
1462  23.839  9.316  6.665 0.0000000000
1461  24.283  9.435  6.668 0.0000000000
1905  24.498  9.631  6.680 0.0000000000
1926  24.775  9.906  6.432 0.0000000000
1925  24.978  9.886  6.298 0.0000000000
1091  18.028  8.616  6.716 0.0000000000
1450  18.210  8.778  6.893 0.0000000000
1449  18.399  9.006  7.123 0.0000000000
1465  18.382  9.165  6.939 0.0000000000
1913  18.567  9.450  6.709 0.0000000000
1907  23.299  9.397  6.683 0.0000000000
1448  23.813  9.040  7.052 0.0000000000
1447  24.181  9.350  7.065 0.0000000000
1906  23.676  9.475  6.954 0.0000000000
1446  24.569  9.455  7.083 0.0000000000
1460  24.737  9.596  6.923 0.0000000000
1904  24.969  9.800  6.872 0.0000000000
1075  18.253  8.414  7.094 0.0000000000
1074  18.344  8.622  7.185 0.0000000000
1059  18.546  8.572  7.540 0.0000000000
1437  18.852  9.189  7.600 0.0000000000
1892  18.854  9.562  7.094 0.0000000000
1887  23.857  9.597  7.329 0.0000000000
1886  24.376  9.693  7.521 0.0000000000
1885  24.905  9.766  7.346 0.0000000000
1045  18.957  8.809  7.937 0.0000000000
1426  19.027  9.005  7.895 0.0000000000
1436  19.100  9.159  7.869 0.0000000000
1874  19.264  9.564  7.692 0.0000000000
1875  19.034  9.611  7.385 0.0000000000
1425  19.117  9.083  7.953 0.0000000000
1858  19.230  9.203  7.956 0.0000000000
1044  19.214  8.787  8.146 0.0000000000
1424  19.635  9.058  8.214 0.0000000000
1857  19.478  9.376  8.080 0.0000000000
1043  19.782  8.727  8.434 0.0000000000
1423  20.134  8.991  8.362 0.0000000000
1856  20.080  9.530  8.215 0.0000000000
1042  20.135  8.711  8.633 0.0000000000
1415  20.527  8.920  8.730 0.0000000000
1838  20.424  9.250  8.515 0.0000000000
1025  20.327  8.485  8.954 0.0000000000
1024  20.862  8.712  9.011 0.0000000000
1414  21.074  8.942  8.787 0.0000000000
1837  20.953  9.135  8.722 0.0000000000
1023  21.280  8.773  8.970 0.0000000000
1413  21.547  8.969  8.822 0.0000000000
1836  21.328  9.284  8.688 0.0000000000
1022  21.671  8.863  8.994 0.0000000000
1412  21.941  9.034  9.085 0.0000000000
1835  21.876  9.329  8.761 0.0000000000
1003  21.989  8.871  9.342 0.0000000000
1398  22.052  8.952  9.243 0.0000000000
1397  22.245  9.022  9.350 0.0000000000
1411  22.249  9.146  8.956 0.0000000000
1396  22.643  9.206  9.333 0.0000000000
1410  22.718  9.147  8.767 0.0000000000
1834  22.411  9.428  8.718 0.0000000000
1395  23.109  9.334  9.209 0.0000000000
1409  23.046  9.335  8.947 0.0000000000
1833  22.874  9.488  8.696 0.0000000000
1832  23.313  9.580  8.811 0.0000000000
1206  16.101  8.835  3.013 0.0000000000
1213  16.624  8.457  2.436 0.0000000000
1214  15.941  8.752  2.553 0.0000000000
813  17.301  8.241  2.484 0.0000000000
814  16.956  8.204  2.384 0.0000000000
812  17.954  8.123  2.428 0.0000000000
1201  18.610  8.442  2.971 0.0000000000
811  18.379  8.259  2.606 0.0000000000
1200  18.941  8.313  3.124 0.0000000000
810  19.021  8.202  2.861 0.0000000000
798  19.098  8.284  3.420 0.0000000000
799  16.210  8.378  3.295 0.0000000000
787  15.958  8.308  3.893 0.0000000000
1193  15.686  8.577  3.341 0.0000000000
776  16.087  8.275  4.372 0.0000000000
1171  16.424  8.624  4.233 0.0000000000
786  19.106  8.459  3.770 0.0000000000
785  19.426  8.284  3.798 0.0000000000
1158  16.416  8.445  4.645 0.0000000000
775  19.822  8.263  4.010 0.0000000000
774  20.115  8.270  4.010 0.0000000000
1166  20.994  8.422  4.232 0.0000000000
772  21.002  8.291  4.159 0.0000000000
773  20.427  8.249  3.947 0.0000000000
1155  20.823  8.719  4.621 0.0000000000
1165  21.435  8.515  3.999 0.0000000000
771  21.109  8.310  3.983 0.0000000000
1154  21.271  8.686  4.539 0.0000000000
781  21.269  8.270  3.650 0.0000000000
1178  21.504  8.351  3.803 0.0000000000
1153  21.746  8.689  4.503 0.0000000000
1164  22.000  8.647  4.024 0.0000000000
1177  21.788  8.463  3.574 0.0000000000
1152  22.226  8.721  4.482 0.0000000000
1163  22.495  8.738  4.099 0.0000000000
1176  22.390  8.889  3.574 0.0000000000
1151  22.601  8.782  4.444 0.0000000000
1162  22.968  8.953  4.023 0.0000000000
1175  22.750  8.982  3.901 0.0000000000
1574  23.017  9.172  4.122 0.0000000000
767  16.335  7.988  5.043 0.0000000000
766  16.710  8.171  5.089 0.0000000000
762  16.769  8.014  5.186 0.0000000000
761  17.047  8.042  5.252 0.0000000000
1141  17.262  8.362  5.462 0.0000000000
758  17.513  8.002  5.734 0.0000000000
751  17.655  8.146  5.946 0.0000000000
1108  17.655  8.225  5.995 0.0000000000
750  17.717  7.939  6.012 0.0000000000
742  17.797  8.128  6.521 0.0000000000
741  18.000  8.209  6.885 0.0000000000
729  18.015  7.965  7.143 0.0000000000
718  18.360  8.001  7.495 0.0000000000
1060  18.480  8.220  7.377 0.0000000000
717  18.677  8.172  7.776 0.0000000000
709  18.973  8.347  8.109 0.0000000000
708  19.343  8.328  8.414 0.0000000000
1027  19.562  8.491  8.561 0.0000000000
1026  20.035  8.345  8.840 0.0000000000
699  19.694  8.010  8.804 0.0000000000
698  20.011  8.071  9.065 0.0000000000
697  20.203  8.218  9.081 0.0000000000
1006  20.409  8.275  9.224 0.0000000000
1005  20.748  8.419  9.371 0.0000000000
1004  21.274  8.670  9.345 0.0000000000
687  20.328  8.003  9.420 0.0000000000
686  20.580  8.198  9.452 0.0000000000
675  20.756  8.123  9.836 0.0000000000
988  21.025  8.462  9.820 0.0000000000
987  21.501  8.696  9.830 0.0000000000
986  22.027  8.789  9.904 0.0000000000
1002  22.244  8.935  9.709 0.0000000000
972  20.871  8.195  10.103 0.0000000000
971  21.169  8.448  10.213 0.0000000000
970  21.723  8.819  10.279 0.0000000000
667  20.881  8.154  10.289 0.0000000000
666  21.060  8.335  10.804 0.0000000000
954  21.232  8.604  10.686 0.0000000000
826  17.109  7.886  2.179 0.0000000000
827  16.685  8.021  2.242 0.0000000000
825  17.489  7.982  2.254 0.0000000000
824  18.042  7.969  2.279 0.0000000000
823  18.624  7.998  2.354 0.0000000000
797  19.530  8.213  3.296 0.0000000000
809  19.595  8.112  2.829 0.0000000000
822  19.187  7.954  2.433 0.0000000000
796  19.804  8.122  3.094 0.0000000000
808  20.052  8.090  2.801 0.0000000000
821  19.739  7.965  2.340 0.0000000000
795  20.317  8.182  3.200 0.0000000000
807  20.522  8.181  2.770 0.0000000000
820  20.388  8.294  2.183 0.0000000000
794  20.714  8.207  3.101 0.0000000000
806  20.874  8.216  2.860 0.0000000000
819  20.820  8.281  2.441 0.0000000000
793  21.077  8.230  3.148 0.0000000000
805  21.050  8.248  2.922 0.0000000000
818  21.025  8.253  2.674 0.0000000000
1199  21.301  8.375  2.799 0.0000000000
800  15.722  8.368  3.631 0.0000000000
784  19.871  8.230  3.692 0.0000000000
783  20.196  8.217  3.639 0.0000000000
782  20.677  8.219  3.540 0.0000000000
792  21.400  8.297  3.238 0.0000000000
1188  21.347  8.300  3.026 0.0000000000
780  21.576  8.323  3.375 0.0000000000
1187  21.647  8.512  3.084 0.0000000000
777  15.596  8.029  4.215 0.0000000000
788  15.400  8.207  3.859 0.0000000000
537  15.615  7.529  4.353 0.0000000000
768  15.990  7.959  4.713 0.0000000000
538  15.276  7.617  4.018 0.0000000000
778  15.224  7.927  3.880 0.0000000000
534  15.866  7.513  4.935 0.0000000000
533  16.119  7.759  4.962 0.0000000000
529  16.252  7.563  5.172 0.0000000000
763  16.523  7.861  5.206 0.0000000000
528  16.694  7.651  5.239 0.0000000000
527  17.062  7.892  5.256 0.0000000000
523  17.244  7.615  5.465 0.0000000000
522  17.553  7.520  5.770 0.0000000000
757  17.813  7.912  6.012 0.0000000000
518  17.730  7.621  6.172 0.0000000000
514  17.792  7.495  6.697 0.0000000000
730  17.863  7.894  6.934 0.0000000000
509  17.933  7.473  7.097 0.0000000000
508  18.206  7.492  7.360 0.0000000000
500  18.481  7.539  7.687 0.0000000000
499  18.773  7.880  7.921 0.0000000000
491  18.927  7.796  8.168 0.0000000000
490  19.283  7.962  8.452 0.0000000000
481  19.526  7.686  8.907 0.0000000000
480  19.987  8.112  9.031 0.0000000000
688  20.037  7.852  9.263 0.0000000000
472  19.850  7.516  9.443 0.0000000000
471  20.131  7.739  9.471 0.0000000000
464  20.274  7.613  9.843 0.0000000000
676  20.563  7.916  9.766 0.0000000000
463  20.701  7.911  9.789 0.0000000000
458  20.629  7.796  10.333 0.0000000000
659  20.840  8.119  10.783 0.0000000000
658  21.045  8.276  11.072 0.0000000000
451  20.639  7.799  10.898 0.0000000000
653  20.673  8.049  11.250 0.0000000000
939  20.839  8.481  11.216 0.0000000000
955  21.019  8.478  11.024 0.0000000000
439  20.417  7.768  11.171 0.0000000000
654  20.381  7.970  11.544 0.0000000000
644  20.668  8.343  11.766 0.0000000000
322  15.208  7.295  4.186 0.0000000000
326  15.032  7.301  3.933 0.0000000000
541  14.994  7.634  3.726 0.0000000000
321  15.424  7.335  4.331 0.0000000000
315  15.509  7.163  4.608 0.0000000000
311  15.870  7.111  5.046 0.0000000000
530  15.987  7.289  5.138 0.0000000000
310  16.016  6.984  5.248 0.0000000000
309  16.507  7.251  5.357 0.0000000000
308  16.829  7.279  5.334 0.0000000000
302  17.071  7.185  5.787 0.0000000000
301  17.383  7.260  6.028 0.0000000000
296  17.568  7.247  6.354 0.0000000000
293  17.573  6.860  6.859 0.0000000000
290  17.830  7.094  7.064 0.0000000000
289  17.986  7.056  7.205 0.0000000000
285  18.302  7.095  7.639 0.0000000000
284  18.703  7.375  7.982 0.0000000000
279  18.825  7.255  8.370 0.0000000000
482  19.121  7.596  8.547 0.0000000000
275  19.138  7.234  8.768 0.0000000000
274  19.191  7.285  8.795 0.0000000000
473  19.537  7.378  9.221 0.0000000000
268  19.301  6.822  9.506 0.0000000000
267  19.626  7.231  9.494 0.0000000000
261  19.635  7.153  9.899 0.0000000000
465  20.048  7.274  10.147 0.0000000000
260  19.960  7.200  10.087 0.0000000000
459  20.226  7.407  10.250 0.0000000000
251  19.979  7.258  10.364 0.0000000000
452  20.230  7.507  10.762 0.0000000000
240  19.876  7.250  10.739 0.0000000000
453  19.940  7.338  10.979 0.0000000000
440  20.071  7.685  11.338 0.0000000000
428  19.707  7.768  11.749 0.0000000000
427  20.163  7.880  11.848 0.0000000000
441  19.663  7.548  11.314 0.0000000000
418  19.972  7.898  12.105 0.0000000000
419  19.524  7.955  12.144 0.0000000000
429  19.071  7.989  11.917 0.0000000000
442  19.422  7.678  11.570 0.0000000000
417  20.162  7.950  12.053 0.0000000000
632  20.277  8.232  12.180 0.0000000000
645  20.380  8.077  11.860 0.0000000000
633  19.783  8.261  12.340 0.0000000000
634  19.167  8.311  12.332 0.0000000000
323  14.822  7.094  4.013 0.0000000000
327  14.793  7.253  3.622 0.0000000000
170  14.777  6.764  4.040 0.0000000000
317  14.866  7.013  4.109 0.0000000000
173  14.538  6.766  3.609 0.0000000000
316  14.927  7.000  4.312 0.0000000000
166  14.930  6.968  4.118 0.0000000000
165  15.094  6.647  4.322 0.0000000000
164  15.436  6.568  4.668 0.0000000000
160  15.773  6.758  5.006 0.0000000000
159  16.048  6.931  5.176 0.0000000000
155  16.282  6.701  5.454 0.0000000000
304  16.362  6.993  5.450 0.0000000000
303  16.659  6.975  5.671 0.0000000000
154  16.635  6.540  5.817 0.0000000000
298  16.986  6.926  6.071 0.0000000000
297  17.219  7.147  6.104 0.0000000000
150  16.841  6.520  6.303 0.0000000000
149  17.121  6.687  6.594 0.0000000000
294  17.353  6.820  6.700 0.0000000000
145  17.298  6.544  6.904 0.0000000000
144  17.524  6.756  6.902 0.0000000000
139  17.629  6.629  7.192 0.0000000000
138  18.052  6.846  7.404 0.0000000000
132  18.212  6.819  7.842 0.0000000000
280  18.503  7.056  8.056 0.0000000000
126  18.415  6.743  8.258 0.0000000000
125  18.837  7.166  8.213 0.0000000000
120  18.760  6.716  8.771 0.0000000000
119  19.191  6.913  9.103 0.0000000000
113  19.208  6.861  9.514 0.0000000000
262  19.311  6.935  9.894 0.0000000000
106  19.110  6.797  9.829 0.0000000000
99  19.037  6.814  10.355 0.0000000000
253  19.390  7.028  10.382 0.0000000000
252  19.741  7.164  10.374 0.0000000000
242  19.050  7.050  10.832 0.0000000000
241  19.542  7.180  10.887 0.0000000000
94  19.050  6.958  10.798 0.0000000000
243  18.942  7.002  10.909 0.0000000000
231  19.211  7.390  11.374 0.0000000000
232  18.667  6.955  11.033 0.0000000000
230  19.600  7.308  11.108 0.0000000000
226  18.622  7.209  11.440 0.0000000000
225  18.886  7.829  11.794 0.0000000000
430  18.680  7.841  11.909 0.0000000000
87  14.212  6.497  3.748 0.0000000000
82  14.396  6.276  4.100 0.0000000000
174  14.057  6.725  3.496 0.0000000000
178  14.268  6.890  3.244 0.0000000000
330  14.575  7.240  3.183 0.0000000000
81  14.886  6.416  4.238 0.0000000000
169  14.979  6.780  4.099 0.0000000000
75  15.184  6.250  4.763 0.0000000000
74  15.392  6.248  4.961 0.0000000000
68  15.580  6.193  5.122 0.0000000000
67  15.880  6.389  5.184 0.0000000000
62  16.192  6.190  5.712 0.0000000000
61  16.547  6.238  6.063 0.0000000000
57  16.577  6.248  6.341 0.0000000000
52  16.606  6.243  6.768 0.0000000000
146  16.975  6.438  6.724 0.0000000000
51  16.979  6.079  7.214 0.0000000000
140  17.283  6.378  7.127 0.0000000000
46  17.265  6.284  7.449 0.0000000000
45  17.611  6.367  7.552 0.0000000000
133  17.890  6.591  7.748 0.0000000000
40  17.528  6.295  7.829 0.0000000000
36  17.731  6.336  8.135 0.0000000000
127  17.984  6.642  7.901 0.0000000000
35  18.195  6.440  8.400 0.0000000000
121  18.441  6.549  8.569 0.0000000000
30  18.378  6.371  8.856 0.0000000000
29  18.740  6.381  9.141 0.0000000000
23  18.560  6.364  9.242 0.0000000000
114  19.109  6.778  9.327 0.0000000000
18  18.609  6.493  9.678 0.0000000000
107  19.041  6.811  9.975 0.0000000000
108  18.368  6.526  9.966 0.0000000000
100  18.526  6.742  10.274 0.0000000000
95  18.700  6.838  10.758 0.0000000000
96  18.229  6.791  10.570 0.0000000000
101  17.966  6.395  10.054 0.0000000000
92  18.396  6.818  10.984 0.0000000000
91  18.597  6.875  10.986 0.0000000000
76  14.653  6.077  4.942 0.0000000000
69  14.997  6.049  5.368 0.0000000000
14  15.423  5.949  5.354 0.0000000000
11  15.691  5.913  5.616 0.0000000000
63  15.867  6.167  5.434 0.0000000000
10  16.102  5.900  5.923 0.0000000000
58  16.311  6.024  6.257 0.0000000000
6  16.138  5.865  6.134 0.0000000000
2  16.079  5.836  6.350 0.0000000000
53  16.060  6.001  6.769 0.0000000000
3  15.719  5.790  6.523 0.0000000000
54  15.966  5.924  7.063 0.0000000000
48  16.259  6.199  7.292 0.0000000000
49  15.669  6.088  7.256 0.0000000000
47  16.796  6.238  7.459 0.0000000000
43  16.417  6.255  7.823 0.0000000000
44  15.998  6.262  7.660 0.0000000000
42  16.842  6.234  7.944 0.0000000000
41  17.165  6.253  7.887 0.0000000000
134  16.022  6.387  7.970 0.0000000000
135  15.567  6.467  7.749 0.0000000000
39  16.284  6.315  8.146 0.0000000000
38  16.666  6.245  8.232 0.0000000000
37  17.138  6.241  8.249 0.0000000000
34  16.323  6.322  8.547 0.0000000000
128  16.051  6.437  8.248 0.0000000000
33  16.924  6.255  8.645 0.0000000000
32  17.460  6.266  8.592 0.0000000000
31  17.838  6.127  8.738 0.0000000000
27  16.959  6.215  8.893 0.0000000000
26  17.246  6.281  8.958 0.0000000000
28  16.561  6.290  8.885 0.0000000000
25  17.684  6.287  8.971 0.0000000000
24  17.976  6.278  9.089 0.0000000000
21  17.076  6.301  9.264 0.0000000000
20  17.545  6.317  9.508 0.0000000000
19  18.141  6.337  9.684 0.0000000000
17  17.892  6.361  9.862 0.0000000000
102  17.538  6.678  9.943 0.0000000000
109  17.352  6.622  9.796 0.0000000000
110  17.154  6.513  9.702 0.0000000000
16  17.861  6.210  9.970 0.0000000000
15  15.330  5.913  5.496 0.0000000000
7  15.928  5.792  6.044 0.0000000000
8  15.399  5.801  6.080 0.0000000000
12  15.153  5.915  5.713 0.0000000000
4  15.271  5.794  6.578 0.0000000000
5  14.820  5.767  6.180 0.0000000000
9  14.967  5.836  6.043 0.0000000000
0  15.448  5.794  6.918 0.0000000000
129  15.744  6.588  8.241 0.0000000000
179  13.998  6.805  2.940 0.0000000000
331  14.239  6.998  3.233 0.0000000000
542  14.768  7.678  3.374 0.0000000000
545  14.738  7.808  3.021 0.0000000000
334  14.568  7.368  2.616 0.0000000000
335  14.168  6.968  2.652 0.0000000000
549  14.915  7.984  2.775 0.0000000000
341  14.021  7.191  2.213 0.0000000000
340  14.544  7.335  2.047 0.0000000000
562  14.988  8.027  2.227 0.0000000000
183  13.994  6.868  2.480 0.0000000000
356  14.298  7.295  1.701 0.0000000000
355  14.828  7.417  1.713 0.0000000000
187  14.217  7.058  2.176 0.0000000000
188  13.876  7.005  2.263 0.0000000000
342  13.939  7.044  1.842 0.0000000000
357  13.920  7.122  1.893 0.0000000000
576  15.099  7.956  1.817 0.0000000000
354  15.023  7.240  1.443 0.0000000000
369  14.968  7.263  1.106 0.0000000000
370  14.557  7.269  1.219 0.0000000000
371  13.997  7.168  1.184 0.0000000000
368  15.406  7.230  0.977 0.0000000000
382  15.250  7.217  0.728 0.0000000000
383  14.793  7.225  0.776 0.0000000000
384  14.293  7.154  0.770 0.0000000000
372  13.875  7.127  1.312 0.0000000000
385  13.878  7.092  0.876 0.0000000000
381  15.717  7.184  0.659 0.0000000000
393  15.480  7.043  0.371 0.0000000000
394  15.050  7.109  0.389 0.0000000000
395  14.581  7.137  0.446 0.0000000000
195  14.228  6.977  0.579 0.0000000000
196  14.124  6.928  0.598 0.0000000000
396  14.329  7.049  0.527 0.0000000000
392  15.896  6.970  0.322 0.0000000000
199  15.668  6.809  0.097 0.0000000000
200  15.259  6.841  0.135 0.0000000000
201  14.800  6.894  0.178 0.0000000000
202  14.307  6.903  0.310 0.0000000000
646  19.032  8.170  12.105 0.0000000000
647  18.836  7.960  11.960 0.0000000000
789  14.916  8.066  3.511 0.0000000000
790  14.792  7.967  3.221 0.0000000000
802  14.851  8.097  3.074 0.0000000000
816  14.900  8.131  2.936 0.0000000000
548  14.963  7.947  2.622 0.0000000000
561  14.989  8.003  2.503 0.0000000000
815  15.078  8.232  2.903 0.0000000000
830  15.283  8.262  2.346 0.0000000000
831  14.947  8.171  2.036 0.0000000000
575  15.471  7.762  1.731 0.0000000000
838  15.268  8.125  1.854 0.0000000000
624  18.724  8.465  12.639 0.0000000000
623  18.759  8.901  12.642 0.0000000000
635  18.604  8.091  12.175 0.0000000000
900  19.307  8.730  12.754 0.0000000000
915  19.594  8.504  12.506 0.0000000000
1184  14.786  8.157  3.719 0.0000000000
1183  15.371  8.437  3.589 0.0000000000
801  14.948  8.186  3.174 0.0000000000
1194  15.165  8.315  3.252 0.0000000000
1207  15.434  8.595  2.963 0.0000000000
1216  15.321  8.474  2.715 0.0000000000
1210  21.126  8.535  2.329 0.0000000000
1211  20.885  8.723  2.140 0.0000000000
1212  20.681  8.706  1.998 0.0000000000
835  20.057  8.066  1.972 0.0000000000
834  20.186  8.218  1.603 0.0000000000
1220  20.453  8.766  1.753 0.0000000000
552  19.632  7.817  2.013 0.0000000000
553  19.290  7.758  2.108 0.0000000000
554  18.805  7.735  2.113 0.0000000000
555  18.241  7.604  2.136 0.0000000000
556  17.724  7.580  2.063 0.0000000000
557  17.224  7.754  2.018 0.0000000000
558  16.793  7.781  2.027 0.0000000000
559  16.406  7.833  2.086 0.0000000000
828  16.299  8.166  2.246 0.0000000000
560  16.137  7.918  2.153 0.0000000000
829  15.878  8.164  2.193 0.0000000000
574  15.960  7.757  1.957 0.0000000000
836  15.909  8.002  2.129 0.0000000000
1215  15.609  8.647  2.531 0.0000000000
837  15.663  8.056  1.930 0.0000000000
565  20.006  7.896  1.589 0.0000000000
579  20.041  8.005  1.411 0.0000000000
841  19.961  8.211  1.325 0.0000000000
1222  20.054  8.652  1.287 0.0000000000
566  19.684  7.762  1.724 0.0000000000
580  19.754  7.940  1.360 0.0000000000
842  19.646  8.389  1.230 0.0000000000
581  19.279  8.031  1.137 0.0000000000
843  19.368  8.510  1.045 0.0000000000
1223  19.623  8.861  0.925 0.0000000000
846  19.209  8.392  0.899 0.0000000000
1224  19.346  8.658  0.898 0.0000000000
585  19.075  8.010  0.853 0.0000000000
847  18.977  8.344  0.692 0.0000000000
1228  19.204  8.804  0.767 0.0000000000
586  18.657  7.827  0.747 0.0000000000
848  18.512  8.283  0.489 0.0000000000
1229  18.757  8.780  0.613 0.0000000000
587  18.269  7.868  0.415 0.0000000000
850  18.131  8.191  0.292 0.0000000000
1230  18.122  8.653  0.390 0.0000000000
590  18.227  8.006  0.222 0.0000000000
851  17.930  8.042  0.176 0.0000000000
1238  17.992  8.308  0.259 0.0000000000
591  17.712  7.858  0.210 0.0000000000
852  17.400  8.117  0.147 0.0000000000
1239  17.673  8.418  0.237 0.0000000000
592  17.270  7.738  0.174 0.0000000000
853  16.813  8.022  0.047 0.0000000000
1240  17.132  8.608  -0.023 0.0000000000
855  17.084  8.219  -0.027 0.0000000000
593  17.158  7.744  0.138 0.0000000000
856  16.837  8.044  -0.049 0.0000000000
1247  16.965  8.336  -0.134 0.0000000000
596  16.619  7.543  -0.167 0.0000000000
857  16.434  8.089  -0.198 0.0000000000
1248  16.755  8.417  -0.182 0.0000000000
597  16.166  7.676  -0.237 0.0000000000
858  15.897  8.278  -0.178 0.0000000000
1249  16.323  8.574  -0.137 0.0000000000
598  15.685  7.747  -0.304 0.0000000000
859  15.350  8.236  -0.191 0.0000000000
1250  15.928  8.724  0.071 0.0000000000
1251  15.436  8.788  -0.017 0.0000000000
599  15.188  7.982  -0.268 0.0000000000
600  15.107  7.763  -0.269 0.0000000000
860  14.875  8.293  -0.295 0.0000000000
1252  15.101  8.614  -0.211 0.0000000000
605  14.754  7.887  -0.620 0.0000000000
862  14.630  8.328  -0.728 0.0000000000
1255  14.846  8.768  -0.502 0.0000000000
609  14.557  7.783  -1.120 0.0000000000
864  14.578  8.254  -1.022 0.0000000000
1257  14.605  8.839  -0.856 0.0000000000
613  14.250  7.895  -1.419 0.0000000000
868  14.201  8.173  -1.879 0.0000000000
869  14.149  8.596  -1.592 0.0000000000
865  14.460  8.974  -1.120 0.0000000000
1258  14.547  8.883  -1.059 0.0000000000
1262  14.202  8.824  -1.666 0.0000000000
617  14.140  7.926  -1.962 0.0000000000
872  13.999  7.786  -2.080 0.0000000000
873  14.076  8.336  -2.037 0.0000000000
1265  14.132  8.818  -1.934 0.0000000000
618  13.973  7.934  -1.994 0.0000000000
874  13.687  8.394  -2.062 0.0000000000
1266  14.119  8.973  -2.197 0.0000000000
619  13.511  7.916  -2.053 0.0000000000
875  13.216  8.369  -1.865 0.0000000000
1267  13.203  9.107  -1.792 0.0000000000
870  13.040  8.504  -1.205 0.0000000000
616  12.978  8.120  -1.399 0.0000000000
620  13.059  7.895  -1.866 0.0000000000
876  12.952  8.630  -1.486 0.0000000000
1268  12.918  8.827  -1.670 0.0000000000
871  13.157  8.856  -1.139 0.0000000000
1264  13.152  8.800  -1.390 0.0000000000
1587  22.938  9.361  3.552 0.0000000000
1588  22.586  9.178  3.368 0.0000000000
1186  22.106  8.765  3.022 0.0000000000
1600  22.394  9.177  3.053 0.0000000000
1198  21.776  8.737  2.772 0.0000000000
1197  22.039  8.917  2.734 0.0000000000
1610  22.112  9.172  2.703 0.0000000000
1611  21.865  9.069  2.562 0.0000000000
1612  21.501  8.799  2.450 0.0000000000
1619  21.224  9.016  2.189 0.0000000000
1620  20.960  9.230  2.043 0.0000000000
1219  20.807  8.964  1.956 0.0000000000
1623  20.657  9.279  1.790 0.0000000000
1624  20.223  9.247  1.498 0.0000000000
1627  20.006  9.003  1.075 0.0000000000
1628  19.682  9.372  1.037 0.0000000000
1227  19.404  9.021  0.775 0.0000000000
1639  19.476  9.191  0.845 0.0000000000
1640  19.212  9.167  0.819 0.0000000000
1641  18.866  9.118  0.764 0.0000000000
1642  18.380  9.077  0.686 0.0000000000
1231  17.485  8.807  0.478 0.0000000000
1643  17.829  9.065  0.683 0.0000000000
1232  16.954  8.896  0.525 0.0000000000
1644  17.316  9.117  0.729 0.0000000000
1241  16.747  8.739  0.039 0.0000000000
1233  16.600  8.873  0.486 0.0000000000
1645  16.840  9.145  0.741 0.0000000000
1242  16.286  8.785  0.203 0.0000000000
1234  16.183  8.949  0.557 0.0000000000
1646  16.424  9.141  0.720 0.0000000000
1243  15.890  8.909  0.371 0.0000000000
1235  15.973  9.037  0.572 0.0000000000
1647  15.963  9.350  0.774 0.0000000000
1651  15.830  9.115  0.526 0.0000000000
1244  15.676  8.893  0.216 0.0000000000
1652  15.499  9.266  0.388 0.0000000000
1655  15.055  9.342  -0.151 0.0000000000
1254  15.114  8.896  -0.282 0.0000000000
1658  15.144  8.879  -0.440 0.0000000000
1659  14.667  9.300  -0.580 0.0000000000
1661  14.587  9.268  -1.071 0.0000000000
1261  14.582  9.062  -1.147 0.0000000000
1663  14.426  9.276  -1.736 0.0000000000
1664  14.137  8.992  -1.982 0.0000000000
1260  13.159  9.010  -0.912 0.0000000000
1263  13.268  9.078  -1.254 0.0000000000
1667  13.991  9.010  -2.058 0.0000000000
1668  13.818  9.028  -2.170 0.0000000000
1665  13.295  9.459  -1.474 0.0000000000
1669  13.306  9.487  -2.015 0.0000000000
1573  23.503  9.446  4.253 0.0000000000
1572  23.774  9.589  4.474 0.0000000000
1999  23.903  9.993  4.193 0.0000000000
2000  23.522  9.871  4.021 0.0000000000
1586  23.290  9.506  3.895 0.0000000000
2009  23.308  9.835  3.644 0.0000000000
2010  23.036  9.927  3.406 0.0000000000
1599  22.668  9.414  3.227 0.0000000000
2016  22.772  9.776  3.257 0.0000000000
2017  22.466  9.671  3.056 0.0000000000
2021  22.190  9.611  2.731 0.0000000000
2022  21.746  9.584  2.456 0.0000000000
2023  21.541  9.217  2.343 0.0000000000
2028  21.234  9.611  2.183 0.0000000000
2029  20.658  9.805  1.960 0.0000000000
2038  20.410  9.589  1.731 0.0000000000
2039  20.099  9.815  1.733 0.0000000000
1625  19.942  9.485  1.287 0.0000000000
2040  19.694  9.736  1.569 0.0000000000
2051  19.392  9.652  1.290 0.0000000000
1629  19.297  9.415  1.008 0.0000000000
2052  19.163  9.574  1.169 0.0000000000
1630  18.952  9.373  1.005 0.0000000000
2053  18.670  9.637  1.318 0.0000000000
1631  18.542  9.327  0.996 0.0000000000
2054  18.256  9.607  1.287 0.0000000000
1632  18.070  9.309  0.983 0.0000000000
2055  17.824  9.607  1.277 0.0000000000
1633  17.590  9.342  0.996 0.0000000000
2056  17.389  9.637  1.287 0.0000000000
1634  16.933  9.314  0.882 0.0000000000
2057  16.933  9.671  1.306 0.0000000000
1635  16.566  9.460  0.979 0.0000000000
2058  16.499  9.730  1.356 0.0000000000
1636  16.201  9.636  1.110 0.0000000000
2059  16.080  9.855  1.431 0.0000000000
2063  15.919  9.717  1.097 0.0000000000
1648  15.579  9.566  0.691 0.0000000000
2064  15.628  9.804  0.953 0.0000000000
2066  15.355  9.822  0.618 0.0000000000
2068  15.181  9.854  0.181 0.0000000000
1656  14.733  9.621  -0.302 0.0000000000
2069  14.889  10.007  -0.164 0.0000000000
2072  14.643  9.915  -0.638 0.0000000000
2075  14.600  9.726  -0.992 0.0000000000
2078  14.593  9.742  -1.466 0.0000000000
1666  14.373  9.309  -1.941 0.0000000000
2081  14.601  9.822  -2.152 0.0000000000
2082  14.256  9.466  -2.261 0.0000000000
1670  14.079  9.312  -2.366 0.0000000000
1671  13.938  9.494  -2.520 0.0000000000
2083  13.681  9.637  -2.398 0.0000000000
2086  14.203  9.719  -2.681 0.0000000000
2087  14.005  9.978  -2.813 0.0000000000
1850  23.086  9.714  8.297 0.0000000000
1851  22.540  9.712  8.360 0.0000000000
1852  22.023  9.703  8.401 0.0000000000
1853  21.526  9.672  8.447 0.0000000000
1854  21.047  9.622  8.467 0.0000000000
1855  20.599  9.559  8.410 0.0000000000
1849  23.644  9.706  8.354 0.0000000000
1871  23.416  9.734  7.819 0.0000000000
2280  22.704  9.809  7.963 0.0000000000
2279  23.029  9.757  7.943 0.0000000000
2281  22.114  9.945  7.971 0.0000000000
2282  21.647  9.966  8.084 0.0000000000
2283  21.188  9.931  8.147 0.0000000000
2284  20.755  9.855  8.161 0.0000000000
2285  20.434  9.744  8.183 0.0000000000
1873  19.866  9.736  7.819 0.0000000000
1872  20.021  9.802  7.879 0.0000000000
2299  20.319  9.895  7.854 0.0000000000
1870  23.988  9.705  7.929 0.0000000000
2293  22.963  9.802  7.582 0.0000000000
1888  23.270  9.700  7.195 0.0000000000
2300  20.044  9.889  7.579 0.0000000000
1890  19.807  9.814  7.301 0.0000000000
1891  19.326  9.716  7.102 0.0000000000
2307  23.011  9.719  7.241 0.0000000000
1889  22.950  9.673  6.949 0.0000000000
2308  22.788  9.785  7.182 0.0000000000
2319  22.769  9.681  6.841 0.0000000000
2314  20.189  9.954  7.356 0.0000000000
1911  19.802  9.764  6.752 0.0000000000
2325  20.050  9.848  7.054 0.0000000000
1912  19.165  9.713  6.651 0.0000000000
1903  25.138  9.817  6.850 0.0000000000
1909  22.377  9.688  6.484 0.0000000000
2320  22.432  9.795  6.818 0.0000000000
2331  22.030  9.770  6.558 0.0000000000
1910  20.197  9.791  6.610 0.0000000000
1933  19.998  9.710  6.239 0.0000000000
2324  20.349  9.933  6.972 0.0000000000
1934  19.502  9.700  6.194 0.0000000000
1935  18.926  9.674  6.184 0.0000000000
1924  25.267  9.957  6.327 0.0000000000
2332  21.632  9.847  6.589 0.0000000000
2333  21.155  9.929  6.624 0.0000000000
1931  20.903  9.742  6.256 0.0000000000
2334  20.708  9.900  6.650 0.0000000000
1932  20.488  9.748  6.295 0.0000000000
2335  20.427  9.854  6.657 0.0000000000
1952  19.822  9.584  5.758 0.0000000000
1953  19.262  9.597  5.635 0.0000000000
1954  18.640  9.586  5.771 0.0000000000
1945  25.145  9.869  6.040 0.0000000000
2338  25.119  10.396  5.853 0.0000000000
2339  24.930  10.456  5.598 0.0000000000
1967  24.587  9.964  5.317 0.0000000000
2342  24.741  10.364  5.263 0.0000000000
1968  24.130  9.846  4.865 0.0000000000
1973  18.881  9.512  5.243 0.0000000000
1974  18.365  9.491  5.401 0.0000000000
2343  24.591  10.143  4.810 0.0000000000
1985  24.156  9.917  4.789 0.0000000000
2347  24.218  10.163  4.646 0.0000000000
2348  23.988  9.991  4.476 0.0000000000
2352  23.812  10.234  4.236 0.0000000000
2353  23.299  10.315  3.859 0.0000000000
2360  23.184  10.120  3.539 0.0000000000
2361  22.868  10.348  3.474 0.0000000000
2375  22.822  10.057  3.308 0.0000000000
2376  22.496  10.091  3.196 0.0000000000
2393  22.247  9.970  2.896 0.0000000000
2394  21.872  10.077  2.655 0.0000000000
2027  21.462  9.835  2.269 0.0000000000
2412  21.590  10.037  2.344 0.0000000000
2413  21.227  10.071  2.280 0.0000000000
2414  20.871  10.039  2.182 0.0000000000
2030  20.316  10.040  1.911 0.0000000000
2415  20.341  10.167  2.140 0.0000000000
2428  20.160  10.097  1.886 0.0000000000
2429  19.922  10.111  1.877 0.0000000000
2031  19.506  10.016  1.991 0.0000000000
2041  19.160  9.890  1.782 0.0000000000
2032  19.049  9.980  2.067 0.0000000000
2042  18.828  9.805  1.755 0.0000000000
2033  18.611  9.897  2.049 0.0000000000
2043  18.407  9.809  1.705 0.0000000000
2034  18.148  10.039  2.135 0.0000000000
2430  17.952  10.083  1.971 0.0000000000
2044  18.186  9.911  1.721 0.0000000000
2431  17.915  10.077  1.810 0.0000000000
2045  17.643  9.826  1.599 0.0000000000
2432  17.509  10.100  1.827 0.0000000000
2046  17.226  9.841  1.617 0.0000000000
2433  17.098  10.111  1.843 0.0000000000
2047  16.810  9.876  1.641 0.0000000000
2434  16.693  10.151  1.884 0.0000000000
2048  16.436  9.939  1.661 0.0000000000
2435  16.131  10.269  1.843 0.0000000000
2438  15.826  10.153  1.447 0.0000000000
2060  15.782  9.927  1.241 0.0000000000
2439  15.604  10.177  1.200 0.0000000000
2442  15.378  10.070  0.982 0.0000000000
2445  15.181  10.300  0.434 0.0000000000
2449  14.998  10.257  0.129 0.0000000000
2450  14.732  10.521  0.051 0.0000000000
2453  14.613  10.427  -0.529 0.0000000000
2071  14.500  9.938  -0.994 0.0000000000
2452  14.578  9.973  -0.896 0.0000000000
2074  14.519  10.179  -1.047 0.0000000000
2077  14.688  9.996  -1.677 0.0000000000
2080  14.901  10.183  -1.997 0.0000000000
2462  14.645  10.579  -2.032 0.0000000000
2085  14.571  9.969  -2.896 0.0000000000
2465  14.670  10.543  -2.565 0.0000000000
2084  13.225  9.995  -2.040 0.0000000000
2088  13.615  10.052  -2.757 0.0000000000
2090  14.146  9.999  -3.044 0.0000000000
2091  13.986  9.925  -3.127 0.0000000000
2092  13.867  9.985  -2.976 0.0000000000
2466  13.336  10.144  -2.486 0.0000000000
2472  13.644  9.967  -3.012 0.0000000000
2471  13.910  10.342  -3.063 0.0000000000
2294  22.470  9.898  7.613 0.0000000000
2295  22.033  10.024  7.618 0.0000000000
2296  21.716  10.099  7.711 0.0000000000
2297  21.275  10.129  7.825 0.0000000000
2298  20.846  10.089  7.845 0.0000000000
2309  22.266  9.955  7.267 0.0000000000
2310  21.833  10.106  7.341 0.0000000000
2311  21.386  10.177  7.416 0.0000000000
2312  20.999  10.180  7.523 0.0000000000
2313  20.587  10.109  7.440 0.0000000000
2321  21.993  10.003  6.931 0.0000000000
2322  21.505  10.134  6.991 0.0000000000
2323  20.946  10.129  7.077 0.0000000000
2711  25.048  10.769  5.687 0.0000000000
2712  24.824  10.788  5.398 0.0000000000
2715  24.561  10.811  5.070 0.0000000000
2346  24.579  10.353  4.913 0.0000000000
2726  24.667  10.571  4.980 0.0000000000
2727  24.386  10.662  4.745 0.0000000000
2351  24.034  10.391  4.324 0.0000000000
2740  24.148  10.587  4.426 0.0000000000
2741  23.847  10.656  4.311 0.0000000000
2742  23.465  10.672  4.220 0.0000000000
2354  23.007  10.567  3.798 0.0000000000
2743  22.968  10.820  4.122 0.0000000000
2759  22.894  10.766  3.963 0.0000000000
2362  22.487  10.372  3.340 0.0000000000
2760  22.339  10.690  3.572 0.0000000000
2774  22.257  10.398  3.244 0.0000000000
2377  21.933  10.178  2.860 0.0000000000
2775  21.911  10.582  3.277 0.0000000000
2378  21.597  10.385  3.015 0.0000000000
2395  21.352  10.284  2.624 0.0000000000
2776  21.424  10.708  3.361 0.0000000000
2379  21.015  10.554  3.067 0.0000000000
2363  20.598  10.792  3.429 0.0000000000
2380  20.398  10.584  3.009 0.0000000000
2777  21.013  10.799  3.472 0.0000000000
2396  20.758  10.277  2.565 0.0000000000
2364  20.099  10.747  3.463 0.0000000000
2381  19.838  10.540  3.060 0.0000000000
2397  20.117  10.329  2.624 0.0000000000
2365  19.604  10.678  3.529 0.0000000000
2382  19.269  10.443  3.174 0.0000000000
2398  19.560  10.326  2.684 0.0000000000
2366  19.212  10.634  3.633 0.0000000000
2367  18.850  10.487  3.526 0.0000000000
2383  18.733  10.310  3.075 0.0000000000
2399  19.034  10.278  2.688 0.0000000000
2368  18.370  10.359  3.364 0.0000000000
2384  18.271  10.260  3.000 0.0000000000
2400  18.534  10.238  2.626 0.0000000000
2369  18.066  10.307  3.186 0.0000000000
2385  17.877  10.273  3.024 0.0000000000
2401  18.072  10.233  2.584 0.0000000000
2769  17.818  10.543  3.489 0.0000000000
2778  17.650  10.377  3.182 0.0000000000
2402  17.648  10.239  2.574 0.0000000000
2386  17.475  10.275  2.959 0.0000000000
2403  17.239  10.251  2.614 0.0000000000
2779  17.346  10.521  3.236 0.0000000000
2387  17.103  10.357  3.031 0.0000000000
2404  16.860  10.383  2.816 0.0000000000
2780  16.755  10.787  3.280 0.0000000000
2416  19.793  10.237  2.255 0.0000000000
2417  19.292  10.190  2.323 0.0000000000
2418  18.804  10.137  2.302 0.0000000000
2419  18.287  10.118  2.142 0.0000000000
2420  17.812  10.233  2.148 0.0000000000
2421  17.378  10.228  2.163 0.0000000000
2422  17.003  10.245  2.190 0.0000000000
2785  16.632  10.673  2.977 0.0000000000
2423  16.574  10.303  2.328 0.0000000000
2405  16.445  10.587  2.715 0.0000000000
2786  16.293  10.831  2.954 0.0000000000
2424  16.124  10.601  2.287 0.0000000000
2406  16.067  10.802  2.609 0.0000000000
2787  15.904  11.043  2.661 0.0000000000
2791  16.124  11.057  2.157 0.0000000000
2794  16.041  10.973  1.780 0.0000000000
2796  15.688  10.632  1.394 0.0000000000
2797  15.405  10.498  1.110 0.0000000000
2800  15.242  10.632  0.759 0.0000000000
2803  15.127  10.819  0.308 0.0000000000
2446  14.942  10.571  0.218 0.0000000000
2804  15.081  10.946  0.026 0.0000000000
2808  14.836  10.922  -0.181 0.0000000000
2455  14.633  10.174  -1.025 0.0000000000
2811  14.612  10.967  -0.676 0.0000000000
2456  14.580  10.618  -1.073 0.0000000000
2458  14.614  10.246  -1.423 0.0000000000
2815  14.754  10.799  -1.233 0.0000000000
2459  14.632  10.635  -1.590 0.0000000000
2461  14.538  10.219  -1.833 0.0000000000
2819  14.986  10.881  -1.752 0.0000000000
2823  14.995  10.844  -2.158 0.0000000000
2838  13.553  10.649  -2.816 0.0000000000
3115  24.904  11.168  5.653 0.0000000000
3134  24.608  11.049  5.273 0.0000000000
2716  24.131  10.971  4.909 0.0000000000
3135  24.253  11.100  5.143 0.0000000000
2728  23.971  10.900  4.574 0.0000000000
2717  23.742  11.074  4.807 0.0000000000
3136  23.859  11.223  5.105 0.0000000000
2729  23.563  10.944  4.525 0.0000000000
2718  23.484  11.118  4.756 0.0000000000
3137  23.415  11.289  5.037 0.0000000000
3152  23.219  11.182  4.703 0.0000000000
2730  23.200  10.995  4.402 0.0000000000
3153  22.725  11.242  4.549 0.0000000000
3165  22.639  11.071  4.247 0.0000000000
2744  22.513  10.909  4.040 0.0000000000
3166  22.306  11.165  4.311 0.0000000000
2745  22.041  11.005  4.007 0.0000000000
2761  21.752  10.851  3.663 0.0000000000
3167  21.810  11.218  4.375 0.0000000000
2746  21.535  11.092  4.038 0.0000000000
2762  21.258  10.913  3.742 0.0000000000
3168  21.311  11.229  4.433 0.0000000000
2747  21.045  11.113  4.094 0.0000000000
2763  20.796  10.923  3.800 0.0000000000
3169  20.827  11.232  4.488 0.0000000000
2748  20.558  11.120  4.169 0.0000000000
2764  20.326  10.890  3.872 0.0000000000
3170  20.380  11.244  4.555 0.0000000000
2749  20.007  11.138  4.330 0.0000000000
2731  19.886  11.211  4.658 0.0000000000
2732  19.588  11.132  4.707 0.0000000000
2750  19.513  10.875  4.337 0.0000000000
3171  20.077  11.240  4.666 0.0000000000
2765  19.852  10.819  3.938 0.0000000000
2733  19.136  10.910  4.681 0.0000000000
2751  19.023  10.793  4.309 0.0000000000
2766  19.364  10.759  3.955 0.0000000000
2734  18.650  10.820  4.665 0.0000000000
2752  18.520  10.760  4.257 0.0000000000
2767  18.940  10.727  3.959 0.0000000000
2735  18.100  10.833  4.677 0.0000000000
2753  17.949  10.748  4.141 0.0000000000
2768  18.421  10.632  3.784 0.0000000000
2736  17.517  10.954  4.603 0.0000000000
2754  17.316  10.813  4.047 0.0000000000
2737  17.063  11.080  4.404 0.0000000000
2755  16.848  10.941  3.947 0.0000000000
2770  17.247  10.749  3.585 0.0000000000
2771  16.919  10.910  3.827 0.0000000000
3162  16.615  11.455  4.453 0.0000000000
3172  16.431  11.253  3.863 0.0000000000
3176  16.621  11.211  3.800 0.0000000000
3180  16.816  10.928  3.509 0.0000000000
2781  16.142  10.993  2.989 0.0000000000
3181  16.282  11.366  3.436 0.0000000000
2782  15.889  11.266  2.899 0.0000000000
3182  15.869  11.513  3.056 0.0000000000
3185  15.789  11.463  2.607 0.0000000000
3189  15.902  11.269  2.154 0.0000000000
2790  16.113  11.095  1.923 0.0000000000
3188  15.920  11.038  1.808 0.0000000000
2793  16.022  11.147  1.899 0.0000000000
3192  15.822  11.361  1.828 0.0000000000
3195  15.394  11.469  1.060 0.0000000000
3196  15.117  11.012  0.861 0.0000000000
3199  15.192  11.086  0.636 0.0000000000
3202  15.149  11.220  0.261 0.0000000000
2807  15.093  11.076  -0.073 0.0000000000
3205  15.090  11.266  -0.113 0.0000000000
3206  14.784  11.193  -0.409 0.0000000000
3210  14.811  11.318  -0.833 0.0000000000
3116  24.469  11.332  5.475 0.0000000000
3117  24.022  11.422  5.402 0.0000000000
3118  23.587  11.514  5.389 0.0000000000
3119  23.117  11.584  5.418 0.0000000000
3138  22.906  11.399  5.063 0.0000000000
3120  22.601  11.617  5.586 0.0000000000
3139  22.376  11.406  5.117 0.0000000000
3121  22.101  11.490  5.579 0.0000000000
3140  21.849  11.355  5.197 0.0000000000
3154  22.103  11.307  4.718 0.0000000000
3122  21.612  11.370  5.657 0.0000000000
3141  21.339  11.299  5.272 0.0000000000
3155  21.579  11.287  4.807 0.0000000000
3123  21.100  11.292  5.756 0.0000000000
3142  20.821  11.264  5.328 0.0000000000
3156  21.079  11.261  4.865 0.0000000000
3124  20.549  11.258  5.880 0.0000000000
3143  20.268  11.251  5.308 0.0000000000
3157  20.601  11.252  4.896 0.0000000000
3125  19.998  11.248  5.831 0.0000000000
3144  19.757  11.246  5.394 0.0000000000
3158  20.242  11.246  4.870 0.0000000000
3159  19.905  11.238  4.952 0.0000000000
3126  19.493  11.242  5.805 0.0000000000
3145  19.330  11.229  5.386 0.0000000000
3160  19.548  11.232  5.080 0.0000000000
3146  18.947  11.176  5.350 0.0000000000
2719  19.211  11.112  5.009 0.0000000000
3127  19.037  11.254  5.786 0.0000000000
2720  18.796  10.962  5.027 0.0000000000
3147  18.473  11.171  5.354 0.0000000000
3128  18.633  11.276  5.813 0.0000000000
2721  18.321  10.933  5.033 0.0000000000
3148  18.021  11.184  5.307 0.0000000000
3129  18.137  11.355  5.788 0.0000000000
2722  17.940  11.000  5.041 0.0000000000
3149  17.494  11.315  5.150 0.0000000000
3130  17.773  11.407  5.606 0.0000000000
2723  17.778  10.997  4.885 0.0000000000
3161  17.092  11.410  4.747 0.0000000000
3532  17.455  11.769  5.751 0.0000000000
3535  17.164  11.909  5.324 0.0000000000
3538  17.150  11.789  5.180 0.0000000000
3539  16.770  11.904  4.910 0.0000000000
3173  16.157  11.649  3.899 0.0000000000
3163  16.156  11.775  4.113 0.0000000000
3540  16.419  11.965  4.552 0.0000000000
3543  16.231  11.912  4.088 0.0000000000
3177  16.291  11.526  3.831 0.0000000000
3546  16.092  12.061  3.969 0.0000000000
3550  16.111  11.800  3.601 0.0000000000
3551  15.826  12.035  3.230 0.0000000000
3554  15.762  11.925  2.680 0.0000000000
3558  15.751  11.786  2.106 0.0000000000
3191  16.043  11.201  1.966 0.0000000000
3561  15.728  11.888  1.471 0.0000000000
3564  15.427  11.726  0.976 0.0000000000
3565  15.226  11.335  0.835 0.0000000000
3569  15.211  11.520  0.569 0.0000000000
3572  15.232  11.676  0.173 0.0000000000
3575  15.269  11.788  -0.299 0.0000000000
3209  15.059  11.494  -0.610 0.0000000000
3531  17.816  11.625  5.960 0.0000000000
3521  17.675  11.924  6.120 0.0000000000
3934  17.424  12.233  6.112 0.0000000000
3937  17.162  12.305  5.704 0.0000000000
3940  16.982  12.221  5.363 0.0000000000
3536  16.920  12.023  5.165 0.0000000000
3941  16.793  12.392  5.163 0.0000000000
3944  16.580  12.401  4.762 0.0000000000
3945  16.306  12.343  4.369 0.0000000000
3948  16.221  11.883  4.142 0.0000000000
3951  16.127  12.372  3.737 0.0000000000
3547  15.980  12.123  3.588 0.0000000000
3952  15.972  12.511  3.400 0.0000000000
3955  15.982  12.638  3.039 0.0000000000
3958  15.806  12.414  2.725 0.0000000000
3961  15.770  12.275  2.270 0.0000000000
3964  15.752  12.247  1.752 0.0000000000
3966  15.729  12.246  1.215 0.0000000000
3568  15.557  11.909  0.450 0.0000000000
3969  15.696  12.299  0.711 0.0000000000
3933  17.741  12.282  6.341 0.0000000000
4298  17.529  12.536  6.275 0.0000000000
4299  17.306  12.781  6.139 0.0000000000
4302  17.004  12.791  5.714 0.0000000000
3938  16.871  12.480  5.507 0.0000000000
4303  16.782  12.840  5.361 0.0000000000
4305  16.766  12.929  5.007 0.0000000000
4308  16.604  12.795  4.394 0.0000000000
4309  16.313  12.536  4.189 0.0000000000
4313  16.354  12.654  3.977 0.0000000000
4318  16.214  12.834  3.504 0.0000000000
4319  16.189  12.760  3.247 0.0000000000
4294  17.604  12.811  6.598 0.0000000000
4295  17.410  13.129  6.456 0.0000000000
4716  17.395  13.341  6.282 0.0000000000
4720  17.176  13.062  6.029 0.0000000000
4721  16.848  13.203  5.565 0.0000000000
4724  16.754  13.273  5.136 0.0000000000
4727  16.745  13.259  4.660 0.0000000000
4312  16.634  12.971  3.984 0.0000000000
4730  16.739  13.178  4.251 0.0000000000
4712  17.492  13.266  6.425 0.0000000000
4711  17.644  13.353  6.565 0.0000000000
4715  17.614  13.557  6.386 0.0000000000
5159  17.518  13.776  6.294 0.0000000000
5162  17.222  13.694  5.966 0.0000000000
5163  16.994  13.510  5.685 0.0000000000
5166  16.874  13.615  5.317 0.0000000000
5158  17.711  13.772  6.585 0.0000000000
4708  17.784  13.273  7.091 0.0000000000
5155  17.733  13.739  6.945 0.0000000000
4291  17.833  12.770  7.024 0.0000000000
4707  17.965  13.012  7.231 0.0000000000
4703  18.079  13.252  7.548 0.0000000000
4704  17.832  13.479  7.445 0.0000000000
5153  17.781  13.769  7.327 0.0000000000
4290  18.128  12.737  7.324 0.0000000000
5151  17.915  13.747  7.712 0.0000000000
4287  18.283  12.898  7.823 0.0000000000
4697  18.299  13.217  8.040 0.0000000000
5150  18.138  13.590  7.888 0.0000000000
3928  17.862  12.401  6.726 0.0000000000
3917  17.988  12.402  7.046 0.0000000000
3916  18.379  12.177  7.237 0.0000000000
3903  18.360  12.488  7.703 0.0000000000
3889  18.377  12.673  7.993 0.0000000000
4277  18.432  12.888  8.258 0.0000000000
3520  17.997  11.772  6.179 0.0000000000
3932  18.042  12.164  6.438 0.0000000000
3519  18.168  11.911  6.360 0.0000000000
3927  18.194  12.133  6.791 0.0000000000
3507  18.059  12.015  6.733 0.0000000000
3493  18.470  11.861  7.031 0.0000000000
3492  18.783  11.791  7.212 0.0000000000
3915  18.707  12.008  7.390 0.0000000000
3902  18.695  12.176  7.641 0.0000000000
3481  18.888  11.912  7.595 0.0000000000
3888  18.657  12.426  8.142 0.0000000000
3472  18.904  12.045  7.945 0.0000000000
3111  18.315  11.394  6.039 0.0000000000
3110  18.615  11.411  6.150 0.0000000000
3097  18.329  11.624  6.448 0.0000000000
3084  18.328  11.830  6.858 0.0000000000
3083  18.776  11.649  6.953 0.0000000000
3082  19.117  11.521  7.050 0.0000000000
3491  19.173  11.578  7.062 0.0000000000
3480  18.865  11.826  7.450 0.0000000000
3471  19.153  11.891  8.016 0.0000000000
3074  19.433  11.569  7.489 0.0000000000
3887  19.043  11.836  7.978 0.0000000000
3109  19.177  11.276  6.207 0.0000000000
3108  19.675  11.249  6.237 0.0000000000
3107  20.154  11.251  6.280 0.0000000000
3105  20.929  11.299  6.273 0.0000000000
3106  20.548  11.263  6.374 0.0000000000
3104  21.359  11.372  6.122 0.0000000000
3103  21.893  11.551  6.023 0.0000000000
3102  22.244  11.650  5.875 0.0000000000
3096  18.922  11.413  6.622 0.0000000000
3095  19.390  11.308  6.640 0.0000000000
3094  19.858  11.261  6.655 0.0000000000
3093  20.315  11.257  6.699 0.0000000000
3092  20.770  11.304  6.744 0.0000000000
3091  21.202  11.442  6.728 0.0000000000
3090  21.611  11.544  6.463 0.0000000000
3081  19.613  11.340  7.071 0.0000000000
3080  20.146  11.227  6.997 0.0000000000
3079  20.532  11.289  7.132 0.0000000000
3078  20.997  11.381  7.175 0.0000000000
3073  19.845  11.414  7.532 0.0000000000
3072  20.265  11.352  7.568 0.0000000000
3071  20.731  11.378  7.567 0.0000000000
3065  19.662  11.627  7.862 0.0000000000
901  18.847  8.767  12.894 0.0000000000
615  13.649  7.840  -1.555 0.0000000000
614  13.965  7.852  -1.512 0.0000000000
612  13.348  7.911  -1.028 0.0000000000
611  13.852  7.618  -1.198 0.0000000000
610  14.133  7.691  -1.206 0.0000000000
415  13.739  7.175  -0.901 0.0000000000
414  14.206  6.959  -0.931 0.0000000000
413  14.825  7.102  -0.984 0.0000000000
608  14.876  7.612  -0.994 0.0000000000
412  15.134  7.266  -1.025 0.0000000000
604  15.021  7.664  -0.653 0.0000000000
407  15.315  7.392  -0.799 0.0000000000
603  15.386  7.628  -0.565 0.0000000000
406  15.655  7.240  -0.652 0.0000000000
402  15.802  7.229  -0.445 0.0000000000
401  16.264  7.161  -0.330 0.0000000000
400  16.569  7.095  -0.180 0.0000000000
391  16.829  7.192  0.078 0.0000000000
390  16.930  7.225  0.361 0.0000000000
389  17.538  7.356  0.347 0.0000000000
388  17.878  7.456  0.217 0.0000000000
376  18.299  7.469  0.707 0.0000000000
375  18.532  7.543  0.817 0.0000000000
362  18.615  7.412  1.002 0.0000000000
582  19.096  7.803  1.050 0.0000000000
361  18.927  7.566  1.148 0.0000000000
360  19.453  7.578  1.360 0.0000000000
353  15.714  7.339  1.518 0.0000000000
573  16.543  7.562  1.786 0.0000000000
352  16.252  7.293  1.489 0.0000000000
572  17.011  7.516  1.750 0.0000000000
351  16.778  7.253  1.425 0.0000000000
571  17.472  7.499  1.799 0.0000000000
350  17.269  7.240  1.486 0.0000000000
570  17.701  7.413  1.905 0.0000000000
349  17.790  7.287  1.671 0.0000000000
345  19.421  7.521  1.676 0.0000000000
567  19.342  7.652  1.827 0.0000000000
339  17.921  7.367  2.033 0.0000000000
338  18.118  7.320  1.923 0.0000000000
569  18.513  7.497  1.834 0.0000000000
568  19.052  7.582  1.909 0.0000000000
408  13.651  7.017  -0.683 0.0000000000
218  13.779  6.894  -0.601 0.0000000000
224  13.867  6.981  -0.849 0.0000000000
223  14.021  6.907  -0.911 0.0000000000
409  13.317  7.053  -0.476 0.0000000000
416  13.316  7.428  -0.764 0.0000000000
222  14.495  6.899  -0.928 0.0000000000
221  14.994  6.888  -0.980 0.0000000000
220  15.489  6.899  -1.006 0.0000000000
411  15.450  7.172  -0.985 0.0000000000
214  15.761  6.862  -0.532 0.0000000000
405  16.073  6.953  -0.626 0.0000000000
213  16.103  6.913  -0.503 0.0000000000
206  16.140  6.869  -0.264 0.0000000000
205  16.387  6.952  -0.231 0.0000000000
197  16.471  6.830  0.035 0.0000000000
380  16.201  7.048  0.582 0.0000000000
194  16.207  6.857  0.273 0.0000000000
198  16.045  6.798  0.046 0.0000000000
379  16.743  6.982  0.528 0.0000000000
378  17.246  7.136  0.851 0.0000000000
377  17.870  7.213  0.825 0.0000000000
367  15.979  7.124  0.868 0.0000000000
193  16.410  6.831  0.369 0.0000000000
366  16.492  7.206  0.992 0.0000000000
365  17.048  7.168  0.993 0.0000000000
364  17.544  7.215  1.121 0.0000000000
363  17.986  7.227  1.002 0.0000000000
348  18.312  7.257  1.508 0.0000000000
347  18.762  7.322  1.491 0.0000000000
346  18.986  7.290  1.489 0.0000000000
217  14.273  6.840  -0.560 0.0000000000
216  14.774  6.814  -0.567 0.0000000000
215  15.261  6.806  -0.580 0.0000000000
211  14.050  6.824  -0.131 0.0000000000
212  13.598  6.843  -0.157 0.0000000000
219  13.540  6.861  -0.438 0.0000000000
210  14.542  6.817  -0.151 0.0000000000
209  15.034  6.779  -0.177 0.0000000000
208  15.477  6.766  -0.204 0.0000000000
207  15.832  6.786  -0.177 0.0000000000
204  13.484  6.905  0.215 0.0000000000
203  13.855  6.837  0.332 0.0000000000
403  13.336  7.040  0.022 0.0000000000
397  13.552  7.043  0.512 0.0000000000
5570  17.807  14.192  7.595 0.0000000000
5573  17.753  14.159  7.187 0.0000000000
5576  17.708  14.061  6.885 0.0000000000
