#!ascii label  , from subject  vox2ras=TkReg
1655
804  -12.860  8.413  1.412 0.0000000000
566  -12.710  8.171  1.805 0.0000000000
795  -12.837  8.289  1.921 0.0000000000
573  -13.013  7.909  1.081 0.0000000000
813  -13.112  8.002  1.180 0.0000000000
1121  -12.966  8.810  1.856 0.0000000000
1133  -12.905  9.160  1.584 0.0000000000
803  -12.577  8.877  0.912 0.0000000000
812  -12.787  8.327  0.905 0.0000000000
1132  -12.644  9.176  1.158 0.0000000000
1140  -12.380  8.895  1.051 0.0000000000
811  -12.401  8.534  0.644 0.0000000000
819  -12.801  8.232  0.370 0.0000000000
820  -13.063  7.864  0.639 0.0000000000
579  -13.196  7.843  0.679 0.0000000000
818  -12.252  8.479  -0.036 0.0000000000
823  -12.771  8.169  -0.174 0.0000000000
824  -13.085  8.103  -0.106 0.0000000000
821  -13.635  8.232  0.307 0.0000000000
825  -13.356  8.259  -0.009 0.0000000000
822  -12.454  8.380  -0.177 0.0000000000
827  -12.959  8.200  -0.668 0.0000000000
828  -13.237  8.332  -0.681 0.0000000000
1151  -13.548  8.678  0.074 0.0000000000
829  -13.611  8.408  -0.423 0.0000000000
1155  -13.692  8.538  -0.100 0.0000000000
826  -12.403  8.579  -0.361 0.0000000000
1152  -12.439  8.846  -0.563 0.0000000000
1153  -13.066  8.883  -0.718 0.0000000000
830  -13.048  8.634  -1.012 0.0000000000
831  -13.089  8.662  -0.985 0.0000000000
1154  -13.252  8.883  -0.465 0.0000000000
1157  -13.154  8.749  -0.818 0.0000000000
1156  -13.146  8.793  -0.837 0.0000000000
1110  -13.130  8.872  2.322 0.0000000000
1504  -13.082  9.365  2.012 0.0000000000
1120  -12.859  9.114  1.655 0.0000000000
1512  -12.726  9.335  1.228 0.0000000000
1131  -12.394  9.042  1.028 0.0000000000
1139  -12.223  9.132  0.821 0.0000000000
1149  -12.060  8.883  -0.105 0.0000000000
1525  -12.239  9.244  -0.224 0.0000000000
1528  -12.623  9.402  -0.804 0.0000000000
1529  -13.090  9.268  -0.944 0.0000000000
1150  -13.477  9.223  0.069 0.0000000000
1526  -13.558  9.304  -0.182 0.0000000000
1530  -13.545  9.392  -0.788 0.0000000000
1493  -13.106  9.370  2.368 0.0000000000
1503  -12.859  9.364  1.663 0.0000000000
1921  -13.064  9.913  2.353 0.0000000000
1925  -13.142  9.994  1.870 0.0000000000
1924  -12.934  9.666  1.592 0.0000000000
1511  -12.406  8.973  1.203 0.0000000000
1928  -13.003  9.801  1.205 0.0000000000
1516  -12.443  9.441  0.683 0.0000000000
1517  -12.993  9.695  1.211 0.0000000000
1145  -12.102  8.993  0.210 0.0000000000
1521  -12.269  9.341  0.102 0.0000000000
1932  -12.823  9.885  0.660 0.0000000000
1937  -12.668  9.784  0.288 0.0000000000
1933  -13.102  9.785  1.062 0.0000000000
1520  -11.992  9.016  -0.099 0.0000000000
1941  -12.434  9.789  -0.104 0.0000000000
1524  -12.161  8.957  -0.003 0.0000000000
1945  -12.505  9.714  -0.372 0.0000000000
1534  -12.886  9.685  -1.044 0.0000000000
1533  -12.762  9.823  -1.022 0.0000000000
1949  -12.780  9.955  -0.745 0.0000000000
1535  -13.238  9.722  -1.107 0.0000000000
1531  -13.868  9.776  -0.407 0.0000000000
1536  -13.708  9.971  -0.884 0.0000000000
1950  -12.838  10.112  -0.757 0.0000000000
1951  -12.892  9.976  -1.087 0.0000000000
1539  -13.735  10.005  -1.064 0.0000000000
1538  -13.474  9.716  -1.312 0.0000000000
1954  -13.197  10.121  -1.067 0.0000000000
1537  -14.029  9.900  -1.086 0.0000000000
1540  -13.997  10.001  -1.209 0.0000000000
1532  -14.110  9.972  -0.586 0.0000000000
1952  -14.044  10.193  -0.802 0.0000000000
1956  -14.037  10.073  -1.226 0.0000000000
1955  -13.811  10.006  -1.236 0.0000000000
1482  -12.985  9.357  2.736 0.0000000000
1915  -12.723  9.872  2.743 0.0000000000
2274  -12.862  10.376  2.696 0.0000000000
2276  -13.040  10.405  2.270 0.0000000000
2278  -13.104  10.461  2.020 0.0000000000
1929  -13.177  10.039  1.384 0.0000000000
2280  -13.133  10.482  1.561 0.0000000000
1934  -13.185  10.047  1.126 0.0000000000
2284  -13.183  10.418  1.017 0.0000000000
1938  -12.881  10.114  0.498 0.0000000000
2283  -13.202  9.875  1.186 0.0000000000
2286  -13.111  10.249  0.699 0.0000000000
1942  -12.827  10.071  0.112 0.0000000000
2289  -13.072  10.330  0.275 0.0000000000
1946  -12.763  10.063  -0.251 0.0000000000
2293  -13.042  10.367  -0.183 0.0000000000
2297  -13.082  10.642  -0.669 0.0000000000
1953  -12.936  10.249  -0.963 0.0000000000
2302  -12.940  10.442  -1.187 0.0000000000
2303  -12.995  10.834  -1.384 0.0000000000
1957  -13.444  10.196  -1.542 0.0000000000
1958  -13.980  10.212  -1.618 0.0000000000
2305  -13.997  10.188  -1.083 0.0000000000
1959  -14.022  10.106  -1.745 0.0000000000
2310  -14.349  10.289  -1.933 0.0000000000
2308  -13.524  10.738  -1.989 0.0000000000
2309  -13.923  10.641  -1.953 0.0000000000
2273  -12.368  10.092  3.011 0.0000000000
2262  -12.609  10.393  3.297 0.0000000000
2263  -13.056  10.579  3.205 0.0000000000
2604  -13.045  10.818  2.683 0.0000000000
2607  -13.048  10.758  2.217 0.0000000000
2611  -12.993  10.960  1.741 0.0000000000
2614  -13.017  10.953  1.167 0.0000000000
2617  -13.172  11.237  0.636 0.0000000000
2287  -13.229  10.585  0.507 0.0000000000
2619  -13.209  11.090  0.118 0.0000000000
2290  -13.191  10.862  0.007 0.0000000000
2622  -13.192  10.801  -0.010 0.0000000000
2294  -13.096  10.781  -0.224 0.0000000000
2625  -13.275  11.132  -0.323 0.0000000000
2298  -12.918  10.787  -0.596 0.0000000000
2628  -13.147  10.898  -0.853 0.0000000000
2627  -13.023  10.819  -0.972 0.0000000000
2631  -13.028  10.938  -0.989 0.0000000000
2632  -13.171  11.062  -1.150 0.0000000000
2304  -13.494  11.014  -1.827 0.0000000000
2633  -13.666  11.098  -1.888 0.0000000000
2636  -13.765  11.096  -2.020 0.0000000000
2637  -14.054  10.931  -2.138 0.0000000000
2599  -13.323  10.917  3.191 0.0000000000
2993  -13.069  11.238  2.718 0.0000000000
2998  -12.936  11.146  2.170 0.0000000000
3002  -12.997  11.045  2.226 0.0000000000
2610  -12.747  11.098  1.217 0.0000000000
3001  -12.719  11.390  1.501 0.0000000000
2613  -12.795  10.802  0.933 0.0000000000
3006  -12.941  11.214  0.761 0.0000000000
3011  -12.952  11.401  0.816 0.0000000000
3014  -13.193  11.393  0.491 0.0000000000
3018  -13.228  11.336  0.070 0.0000000000
3021  -13.280  11.295  -0.358 0.0000000000
3024  -13.285  11.264  -0.839 0.0000000000
3029  -13.338  11.405  -1.323 0.0000000000
3030  -13.604  11.444  -1.754 0.0000000000
3035  -13.843  11.373  -2.086 0.0000000000
2986  -13.278  11.189  3.095 0.0000000000
3388  -13.205  11.613  2.858 0.0000000000
2992  -12.539  11.366  2.641 0.0000000000
3387  -12.885  11.781  2.657 0.0000000000
2997  -12.388  11.371  2.335 0.0000000000
3392  -12.649  11.288  2.238 0.0000000000
3395  -12.861  11.216  2.073 0.0000000000
3005  -12.772  11.383  1.077 0.0000000000
3394  -12.758  11.858  2.006 0.0000000000
3398  -12.867  11.883  1.221 0.0000000000
3010  -12.817  11.573  0.960 0.0000000000
3403  -12.938  11.898  1.033 0.0000000000
3404  -13.124  11.910  0.785 0.0000000000
3407  -13.226  11.815  0.260 0.0000000000
3411  -13.339  11.967  -0.100 0.0000000000
3415  -13.411  11.870  -0.653 0.0000000000
3419  -13.364  11.853  -1.050 0.0000000000
3424  -13.525  11.782  -1.385 0.0000000000
3425  -13.738  11.844  -1.686 0.0000000000
3386  -12.357  11.600  2.566 0.0000000000
3391  -12.547  11.665  2.340 0.0000000000
3760  -13.154  12.091  2.823 0.0000000000
3759  -12.925  11.878  2.726 0.0000000000
3763  -12.821  12.080  2.467 0.0000000000
3382  -13.387  11.729  3.160 0.0000000000
2996  -12.155  11.565  2.449 0.0000000000
3390  -12.059  11.663  2.382 0.0000000000
3767  -12.799  12.087  2.076 0.0000000000
3772  -12.790  12.213  1.647 0.0000000000
3399  -12.670  12.181  0.771 0.0000000000
3773  -12.950  12.314  1.199 0.0000000000
3778  -12.919  12.424  0.723 0.0000000000
3781  -13.054  12.190  0.364 0.0000000000
3786  -13.085  11.987  -0.153 0.0000000000
3791  -13.360  12.068  -0.663 0.0000000000
3798  -13.504  12.108  -1.099 0.0000000000
3420  -13.651  11.962  -1.265 0.0000000000
3799  -13.786  12.113  -1.333 0.0000000000
3764  -13.029  12.209  2.534 0.0000000000
3755  -13.342  12.237  3.081 0.0000000000
4160  -13.303  12.539  2.868 0.0000000000
4164  -13.273  12.510  2.441 0.0000000000
3768  -12.922  12.141  1.979 0.0000000000
4168  -13.072  12.340  2.155 0.0000000000
4169  -13.113  12.479  2.012 0.0000000000
4173  -12.886  12.559  1.575 0.0000000000
3780  -12.816  12.462  0.429 0.0000000000
4188  -12.946  12.492  0.287 0.0000000000
4189  -13.157  12.514  0.260 0.0000000000
3782  -13.315  12.278  0.122 0.0000000000
3787  -13.518  12.277  -0.302 0.0000000000
3792  -13.682  12.265  -0.850 0.0000000000
4156  -13.420  12.915  3.019 0.0000000000
4157  -13.626  12.615  3.232 0.0000000000
4161  -13.861  13.110  2.685 0.0000000000
4180  -12.929  12.645  0.441 0.0000000000
3756  -13.685  12.092  3.361 0.0000000000
3752  -13.845  12.367  3.604 0.0000000000
4153  -13.807  12.568  3.514 0.0000000000
4154  -14.062  12.686  3.628 0.0000000000
4158  -13.973  12.930  3.284 0.0000000000
4573  -13.796  12.994  3.024 0.0000000000
3753  -14.090  12.264  3.798 0.0000000000
3749  -14.169  12.358  3.921 0.0000000000
4150  -14.242  12.838  4.029 0.0000000000
4565  -14.308  13.142  3.945 0.0000000000
4569  -14.248  13.336  3.526 0.0000000000
3748  -13.983  12.376  4.260 0.0000000000
4149  -14.054  12.684  4.541 0.0000000000
4147  -14.279  12.821  4.977 0.0000000000
4562  -14.358  12.908  4.576 0.0000000000
3745  -13.860  12.441  4.590 0.0000000000
4146  -13.972  13.091  4.717 0.0000000000
3746  -14.081  12.284  4.967 0.0000000000
3741  -14.323  12.219  5.159 0.0000000000
4144  -14.311  12.660  5.492 0.0000000000
4559  -14.326  13.046  5.076 0.0000000000
3737  -14.431  12.152  5.602 0.0000000000
4141  -14.533  12.717  5.989 0.0000000000
4556  -14.610  13.090  5.976 0.0000000000
3731  -14.485  12.207  6.195 0.0000000000
4136  -14.478  12.839  5.991 0.0000000000
4137  -14.826  12.693  6.425 0.0000000000
4142  -14.732  12.973  6.054 0.0000000000
3732  -14.860  12.196  6.462 0.0000000000
4138  -14.959  12.372  6.643 0.0000000000
4134  -15.090  12.716  6.779 0.0000000000
4133  -14.985  12.854  6.700 0.0000000000
4550  -15.084  13.097  6.804 0.0000000000
4553  -14.781  13.126  6.468 0.0000000000
3728  -15.126  12.187  6.828 0.0000000000
4130  -15.186  12.630  6.792 0.0000000000
4547  -15.285  13.037  6.966 0.0000000000
4551  -15.184  12.945  6.844 0.0000000000
3723  -15.246  12.088  7.225 0.0000000000
4128  -15.264  12.598  7.484 0.0000000000
3715  -15.262  12.213  7.733 0.0000000000
4124  -15.178  12.646  7.835 0.0000000000
4542  -15.298  13.184  7.789 0.0000000000
3704  -15.277  12.042  8.229 0.0000000000
3705  -15.576  11.878  8.138 0.0000000000
4125  -15.628  12.485  8.356 0.0000000000
4118  -15.517  12.756  8.553 0.0000000000
4536  -15.295  12.949  8.461 0.0000000000
4119  -15.731  12.377  8.709 0.0000000000
4530  -15.464  13.016  8.827 0.0000000000
4529  -15.360  13.110  8.927 0.0000000000
3777  -12.802  12.550  0.546 0.0000000000
3383  -13.728  11.726  3.446 0.0000000000
3379  -13.978  11.960  3.830 0.0000000000
3380  -14.141  12.123  3.878 0.0000000000
3376  -14.127  11.935  3.870 0.0000000000
3375  -13.881  11.968  4.380 0.0000000000
3372  -13.994  11.869  4.854 0.0000000000
3371  -14.133  12.229  4.854 0.0000000000
3367  -14.313  11.931  4.870 0.0000000000
3368  -14.661  11.994  5.136 0.0000000000
3742  -14.430  12.042  5.263 0.0000000000
3362  -14.421  11.625  5.725 0.0000000000
3363  -14.412  11.923  5.362 0.0000000000
3738  -15.166  11.891  5.454 0.0000000000
3356  -14.862  12.146  6.431 0.0000000000
3357  -15.148  12.090  6.746 0.0000000000
3733  -15.122  11.904  6.841 0.0000000000
3355  -14.464  11.667  6.186 0.0000000000
3350  -15.274  11.605  6.916 0.0000000000
3335  -15.303  11.586  7.042 0.0000000000
3323  -15.238  11.976  7.515 0.0000000000
3309  -15.290  11.920  8.053 0.0000000000
3310  -15.722  11.679  8.417 0.0000000000
3692  -15.710  12.025  8.888 0.0000000000
3296  -15.773  11.538  8.957 0.0000000000
3677  -15.862  11.915  9.139 0.0000000000
3281  -15.963  11.480  9.160 0.0000000000
3282  -16.354  11.672  9.369 0.0000000000
3678  -16.146  12.007  9.369 0.0000000000
3662  -15.995  12.190  9.365 0.0000000000
4107  -15.821  12.332  9.215 0.0000000000
3663  -16.205  12.121  9.751 0.0000000000
4096  -15.889  12.636  9.734 0.0000000000
2991  -12.117  11.558  2.527 0.0000000000
2987  -13.603  11.347  3.324 0.0000000000
2983  -13.771  11.501  3.682 0.0000000000
2976  -13.908  11.414  4.165 0.0000000000
2967  -14.127  11.686  4.580 0.0000000000
2968  -14.260  11.215  4.677 0.0000000000
2954  -14.312  11.157  5.212 0.0000000000
2937  -14.254  10.907  5.818 0.0000000000
2918  -14.335  11.159  5.933 0.0000000000
2920  -15.085  11.920  6.482 0.0000000000
2901  -15.152  11.366  6.700 0.0000000000
2919  -14.725  11.370  6.289 0.0000000000
2902  -15.456  11.053  6.959 0.0000000000
3351  -15.403  11.145  7.046 0.0000000000
2883  -15.351  11.411  7.534 0.0000000000
2884  -15.623  11.061  7.208 0.0000000000
3336  -15.869  11.177  7.065 0.0000000000
2872  -15.280  11.818  8.085 0.0000000000
2860  -15.845  11.286  8.222 0.0000000000
2848  -15.945  11.293  8.605 0.0000000000
2859  -15.483  11.503  8.191 0.0000000000
2837  -15.872  11.214  8.851 0.0000000000
2838  -16.284  11.256  9.044 0.0000000000
2839  -16.643  11.144  9.171 0.0000000000
3283  -16.929  11.416  9.645 0.0000000000
3270  -16.866  11.710  10.035 0.0000000000
3269  -16.434  12.009  9.988 0.0000000000
2833  -16.925  11.066  9.761 0.0000000000
2834  -17.041  11.192  9.956 0.0000000000
3271  -17.056  11.391  10.074 0.0000000000
3263  -16.735  11.700  10.207 0.0000000000
3262  -16.367  11.870  10.049 0.0000000000
3256  -16.794  11.750  10.539 0.0000000000
3255  -16.450  11.846  10.543 0.0000000000
3264  -17.036  11.540  10.314 0.0000000000
3649  -16.206  12.231  10.375 0.0000000000
3636  -16.820  11.979  10.862 0.0000000000
3257  -17.058  11.697  10.682 0.0000000000
3635  -16.388  12.304  10.989 0.0000000000
2600  -13.473  11.069  3.260 0.0000000000
2594  -13.726  11.032  3.574 0.0000000000
2582  -13.981  11.051  4.117 0.0000000000
2977  -14.045  11.034  4.123 0.0000000000
2566  -14.114  10.807  4.641 0.0000000000
2551  -14.185  10.625  5.169 0.0000000000
2583  -14.109  10.767  4.283 0.0000000000
2540  -14.343  10.688  5.718 0.0000000000
2541  -14.533  10.895  6.036 0.0000000000
2938  -14.548  10.906  5.918 0.0000000000
2900  -15.105  11.446  6.664 0.0000000000
2535  -14.681  10.876  6.236 0.0000000000
2529  -14.767  11.124  6.698 0.0000000000
2531  -15.524  10.681  6.977 0.0000000000
2530  -15.320  10.840  6.862 0.0000000000
2526  -15.760  10.734  7.464 0.0000000000
2873  -15.821  11.085  7.778 0.0000000000
2523  -16.118  10.845  7.996 0.0000000000
2874  -15.999  11.080  7.960 0.0000000000
2861  -16.116  11.125  8.245 0.0000000000
2849  -16.301  11.062  8.691 0.0000000000
2510  -16.772  10.697  9.444 0.0000000000
2515  -16.637  10.849  9.005 0.0000000000
2850  -16.522  10.940  8.778 0.0000000000
2504  -17.135  10.864  9.967 0.0000000000
2829  -17.143  11.205  10.216 0.0000000000
2503  -17.077  10.919  10.003 0.0000000000
2495  -17.201  10.874  10.173 0.0000000000
2486  -17.244  10.883  10.502 0.0000000000
2822  -17.225  11.298  10.735 0.0000000000
2469  -17.146  10.930  10.789 0.0000000000
2813  -17.278  11.126  10.896 0.0000000000
3250  -17.169  11.743  11.068 0.0000000000
2814  -17.579  10.791  11.338 0.0000000000
3251  -17.366  11.429  11.305 0.0000000000
2249  -13.461  10.653  3.621 0.0000000000
2593  -13.532  10.842  3.435 0.0000000000
2250  -13.727  10.817  3.862 0.0000000000
2231  -13.704  10.646  4.118 0.0000000000
2565  -13.944  10.587  4.568 0.0000000000
2550  -13.911  10.453  4.945 0.0000000000
2216  -13.671  10.195  4.619 0.0000000000
2209  -13.993  10.087  5.007 0.0000000000
2210  -14.171  10.146  5.210 0.0000000000
2205  -14.390  10.124  5.624 0.0000000000
2534  -14.424  10.672  6.070 0.0000000000
2200  -14.446  10.306  5.923 0.0000000000
2201  -14.666  10.265  6.186 0.0000000000
2195  -14.782  10.496  6.517 0.0000000000
2197  -15.389  10.269  6.860 0.0000000000
2191  -15.619  10.181  7.180 0.0000000000
2196  -15.138  10.354  6.683 0.0000000000
2185  -15.767  10.473  7.758 0.0000000000
2519  -15.872  10.659  8.041 0.0000000000
2520  -16.124  10.752  8.228 0.0000000000
2524  -16.122  11.012  8.043 0.0000000000
2177  -16.216  10.260  8.426 0.0000000000
2514  -16.358  10.647  8.652 0.0000000000
2176  -15.870  10.347  8.123 0.0000000000
2165  -16.726  10.456  9.143 0.0000000000
2164  -16.572  10.352  8.840 0.0000000000
2154  -16.767  10.275  9.353 0.0000000000
2144  -16.906  10.308  9.694 0.0000000000
2145  -17.139  10.443  9.898 0.0000000000
2129  -17.251  10.506  10.263 0.0000000000
2112  -17.279  10.471  10.722 0.0000000000
2093  -17.242  10.088  10.981 0.0000000000
2470  -17.564  10.516  11.384 0.0000000000
1914  -12.439  9.806  2.989 0.0000000000
2272  -12.292  10.030  3.058 0.0000000000
2261  -12.296  10.142  3.305 0.0000000000
1913  -12.260  10.028  3.146 0.0000000000
2248  -12.979  10.341  3.758 0.0000000000
2247  -12.381  10.177  3.848 0.0000000000
1898  -12.277  9.931  3.543 0.0000000000
2230  -13.311  10.291  4.102 0.0000000000
2229  -12.831  10.147  4.338 0.0000000000
1886  -12.381  9.562  3.801 0.0000000000
1876  -12.057  9.828  4.000 0.0000000000
2228  -12.454  10.081  4.197 0.0000000000
2215  -13.109  10.018  4.680 0.0000000000
1877  -12.578  9.935  4.424 0.0000000000
1871  -13.070  9.782  4.944 0.0000000000
2214  -12.945  10.000  4.842 0.0000000000
1873  -13.483  9.905  4.947 0.0000000000
1865  -13.944  9.895  4.998 0.0000000000
1872  -13.099  9.896  4.843 0.0000000000
1866  -14.214  9.665  5.384 0.0000000000
1857  -14.458  9.756  5.673 0.0000000000
1858  -14.679  9.874  5.952 0.0000000000
2206  -14.708  9.979  6.051 0.0000000000
1833  -14.823  9.809  6.289 0.0000000000
2202  -14.914  10.094  6.461 0.0000000000
1807  -15.532  10.218  6.965 0.0000000000
1806  -15.186  9.875  6.740 0.0000000000
1778  -15.461  9.872  7.220 0.0000000000
1751  -15.712  9.899  7.776 0.0000000000
1725  -16.193  9.993  8.326 0.0000000000
1701  -16.440  9.894  8.824 0.0000000000
1724  -15.986  9.995  8.240 0.0000000000
1702  -16.648  9.941  8.890 0.0000000000
1686  -16.741  9.882  9.404 0.0000000000
1672  -17.091  10.085  9.861 0.0000000000
1657  -17.216  10.050  10.099 0.0000000000
1671  -17.082  10.095  9.847 0.0000000000
1642  -17.252  9.932  10.688 0.0000000000
1632  -17.243  9.784  11.238 0.0000000000
2080  -17.280  9.951  11.542 0.0000000000
2094  -17.159  9.955  11.247 0.0000000000
1624  -17.228  9.744  11.526 0.0000000000
1615  -17.199  9.706  11.815 0.0000000000
2069  -17.172  9.782  12.056 0.0000000000
2081  -17.447  10.238  11.714 0.0000000000
1601  -17.035  9.651  12.306 0.0000000000
2058  -17.055  10.068  12.764 0.0000000000
2059  -17.439  10.264  12.305 0.0000000000
2070  -17.600  10.328  12.002 0.0000000000
2422  -17.478  10.593  12.705 0.0000000000
2423  -17.693  10.622  12.258 0.0000000000
1600  -16.654  9.772  12.854 0.0000000000
2057  -16.873  10.085  12.920 0.0000000000
2046  -17.038  10.287  13.204 0.0000000000
2409  -17.297  10.762  13.158 0.0000000000
2045  -16.716  10.025  13.266 0.0000000000
2032  -16.817  10.259  13.671 0.0000000000
2396  -17.175  10.577  13.684 0.0000000000
1587  -16.332  9.796  13.304 0.0000000000
2031  -16.366  10.032  13.716 0.0000000000
2018  -16.515  10.327  14.149 0.0000000000
2019  -17.027  10.376  13.786 0.0000000000
1578  -16.083  9.821  13.571 0.0000000000
2030  -15.995  9.943  13.873 0.0000000000
2017  -15.875  10.096  13.943 0.0000000000
1577  -15.766  9.975  13.502 0.0000000000
2029  -15.520  10.211  13.603 0.0000000000
2016  -15.584  10.244  14.049 0.0000000000
1576  -15.608  10.086  13.417 0.0000000000
1585  -15.481  9.995  13.253 0.0000000000
2044  -15.319  10.159  13.398 0.0000000000
2028  -15.161  10.242  13.667 0.0000000000
2015  -15.153  10.283  13.963 0.0000000000
2027  -14.916  10.235  13.860 0.0000000000
2014  -14.821  10.630  13.892 0.0000000000
2043  -15.140  10.043  13.360 0.0000000000
2026  -14.376  10.414  13.785 0.0000000000
2013  -14.645  10.667  14.088 0.0000000000
2042  -14.677  10.089  13.331 0.0000000000
2382  -14.217  10.895  14.194 0.0000000000
2395  -13.996  10.694  13.906 0.0000000000
2041  -14.135  10.191  13.139 0.0000000000
2408  -14.170  10.380  13.632 0.0000000000
2385  -17.013  10.693  14.207 0.0000000000
2006  -16.205  10.244  14.538 0.0000000000
2007  -16.452  10.490  14.562 0.0000000000
2384  -16.733  10.628  14.442 0.0000000000
2005  -15.815  10.247  14.649 0.0000000000
2004  -15.173  10.384  14.358 0.0000000000
2003  -14.808  10.576  14.049 0.0000000000
2371  -14.817  10.728  14.460 0.0000000000
2383  -14.695  10.732  14.227 0.0000000000
2374  -16.089  10.754  15.002 0.0000000000
2375  -16.616  10.954  15.001 0.0000000000
2373  -15.905  10.956  14.789 0.0000000000
2372  -15.300  10.794  14.805 0.0000000000
1481  -12.722  9.600  2.907 0.0000000000
1468  -12.809  9.404  3.282 0.0000000000
1899  -12.502  9.731  3.423 0.0000000000
1887  -12.681  9.417  3.667 0.0000000000
1462  -12.941  9.231  3.947 0.0000000000
1461  -12.498  9.254  3.966 0.0000000000
1870  -12.437  9.646  4.617 0.0000000000
1454  -12.225  9.136  4.289 0.0000000000
1864  -13.321  9.598  5.281 0.0000000000
1863  -12.784  9.668  5.316 0.0000000000
1448  -12.726  9.244  4.693 0.0000000000
1431  -12.751  9.200  4.986 0.0000000000
1447  -12.080  9.391  4.623 0.0000000000
1434  -14.141  9.327  5.609 0.0000000000
1412  -14.457  9.383  5.791 0.0000000000
1433  -14.005  9.176  5.529 0.0000000000
1432  -13.628  9.405  5.387 0.0000000000
1856  -13.028  9.684  5.655 0.0000000000
1410  -13.444  9.374  5.799 0.0000000000
1430  -12.357  9.251  5.387 0.0000000000
1862  -12.303  9.625  5.633 0.0000000000
1855  -12.547  9.770  5.831 0.0000000000
1409  -11.986  9.350  5.886 0.0000000000
1854  -12.008  9.872  6.015 0.0000000000
1413  -14.735  9.554  5.993 0.0000000000
1832  -12.971  9.732  6.137 0.0000000000
1831  -12.189  9.896  5.987 0.0000000000
1853  -11.812  9.713  6.026 0.0000000000
1830  -11.996  10.172  6.217 0.0000000000
1408  -11.694  9.525  6.077 0.0000000000
1829  -11.555  9.684  6.363 0.0000000000
1386  -14.740  9.150  6.346 0.0000000000
1368  -14.892  9.637  6.592 0.0000000000
1805  -15.001  9.929  6.563 0.0000000000
1834  -15.016  10.042  6.468 0.0000000000
1804  -12.945  9.719  6.564 0.0000000000
1366  -13.266  9.470  6.550 0.0000000000
1383  -13.287  9.281  6.175 0.0000000000
1803  -12.671  9.754  6.602 0.0000000000
1802  -12.210  9.764  6.630 0.0000000000
1801  -11.750  9.820  6.699 0.0000000000
1381  -11.670  9.308  6.340 0.0000000000
1380  -11.204  9.350  6.403 0.0000000000
1828  -10.989  9.699  6.467 0.0000000000
1800  -11.171  10.192  6.728 0.0000000000
1379  -10.735  9.373  6.378 0.0000000000
1827  -10.495  9.707  6.397 0.0000000000
1799  -10.771  10.166  6.761 0.0000000000
1378  -10.205  9.365  6.156 0.0000000000
1826  -10.079  9.919  6.184 0.0000000000
1798  -10.109  10.160  6.713 0.0000000000
1852  -9.992  9.629  5.865 0.0000000000
1825  -9.452  9.939  6.163 0.0000000000
1797  -9.806  9.977  6.707 0.0000000000
1851  -9.651  9.700  5.855 0.0000000000
1824  -9.092  10.120  5.987 0.0000000000
1796  -9.215  9.998  6.606 0.0000000000
1850  -9.167  9.728  5.818 0.0000000000
1823  -8.534  9.696  6.282 0.0000000000
1795  -8.717  9.832  6.655 0.0000000000
1849  -8.761  9.616  5.976 0.0000000000
1375  -8.655  9.356  6.252 0.0000000000
1374  -8.345  9.507  6.411 0.0000000000
1822  -8.267  9.802  6.273 0.0000000000
1794  -8.384  9.645  6.522 0.0000000000
1369  -15.009  9.348  6.863 0.0000000000
1777  -15.261  9.597  7.214 0.0000000000
1365  -12.830  9.644  6.831 0.0000000000
1775  -12.597  9.680  7.042 0.0000000000
1774  -11.985  9.734  7.085 0.0000000000
1773  -11.516  9.735  7.122 0.0000000000
1772  -10.980  9.770  7.095 0.0000000000
1771  -10.514  9.909  7.126 0.0000000000
1770  -10.015  9.888  7.117 0.0000000000
1769  -9.528  9.938  7.066 0.0000000000
1768  -9.034  10.001  7.046 0.0000000000
1357  -8.478  9.474  6.761 0.0000000000
1767  -8.737  9.804  7.291 0.0000000000
1356  -8.117  9.324  6.783 0.0000000000
1750  -15.478  9.742  7.498 0.0000000000
1351  -15.002  9.184  7.239 0.0000000000
1335  -15.371  9.377  7.751 0.0000000000
1348  -13.063  9.401  7.192 0.0000000000
1347  -12.820  9.906  6.765 0.0000000000
1776  -12.865  9.644  7.329 0.0000000000
1747  -12.187  9.713  7.520 0.0000000000
1748  -12.620  9.705  7.558 0.0000000000
1746  -11.802  9.729  7.607 0.0000000000
1745  -11.333  9.766  7.649 0.0000000000
1744  -10.806  9.891  7.669 0.0000000000
1743  -10.280  9.877  7.626 0.0000000000
1742  -9.762  9.983  7.618 0.0000000000
1741  -9.315  10.088  7.391 0.0000000000
2190  -8.946  10.185  7.475 0.0000000000
1340  -8.739  9.370  7.198 0.0000000000
1328  -8.746  9.484  7.721 0.0000000000
1740  -8.443  10.017  7.856 0.0000000000
2189  -8.717  10.080  7.632 0.0000000000
1336  -15.711  9.531  7.970 0.0000000000
1321  -15.935  9.503  8.256 0.0000000000
1330  -12.167  9.589  8.071 0.0000000000
1331  -12.658  9.309  8.112 0.0000000000
1749  -12.975  9.865  7.755 0.0000000000
1723  -11.836  9.797  7.869 0.0000000000
1722  -11.740  9.731  8.183 0.0000000000
1721  -11.126  9.781  8.110 0.0000000000
1720  -10.569  9.909  8.089 0.0000000000
1719  -10.123  9.997  7.976 0.0000000000
1718  -9.909  10.092  7.989 0.0000000000
2184  -9.716  10.142  7.910 0.0000000000
2183  -9.364  10.201  7.808 0.0000000000
1717  -8.531  9.755  8.159 0.0000000000
1716  -8.322  9.998  8.326 0.0000000000
1739  -8.398  10.129  8.190 0.0000000000
2181  -8.554  10.216  8.147 0.0000000000
2182  -8.844  10.226  7.925 0.0000000000
2170  -8.475  10.187  8.443 0.0000000000
1322  -16.180  9.747  8.421 0.0000000000
1316  -12.273  9.514  8.157 0.0000000000
1700  -11.715  9.679  8.676 0.0000000000
1298  -11.836  9.625  8.560 0.0000000000
1315  -11.965  9.624  8.343 0.0000000000
1699  -11.406  9.762  8.601 0.0000000000
1698  -10.901  9.890  8.603 0.0000000000
2163  -10.481  10.163  8.377 0.0000000000
2175  -10.321  10.047  8.143 0.0000000000
2174  -10.116  10.135  8.190 0.0000000000
2173  -9.737  10.220  8.180 0.0000000000
1313  -8.742  9.522  8.211 0.0000000000
1696  -8.679  9.819  8.684 0.0000000000
1695  -8.390  10.037  8.576 0.0000000000
1305  -16.180  9.384  8.745 0.0000000000
1287  -16.432  9.454  9.239 0.0000000000
1685  -16.650  9.847  9.081 0.0000000000
1684  -11.610  9.738  8.999 0.0000000000
1281  -11.887  9.609  8.980 0.0000000000
1683  -11.305  9.831  9.033 0.0000000000
1682  -10.986  9.975  9.030 0.0000000000
2153  -10.596  10.267  8.984 0.0000000000
1295  -8.863  9.375  8.470 0.0000000000
1697  -8.993  9.439  8.816 0.0000000000
1681  -8.982  9.638  9.203 0.0000000000
1680  -8.826  9.888  9.250 0.0000000000
2149  -8.825  10.074  9.122 0.0000000000
2159  -8.786  10.155  8.749 0.0000000000
2158  -8.519  10.075  8.658 0.0000000000
1288  -16.704  9.409  9.638 0.0000000000
1273  -16.886  9.697  10.000 0.0000000000
1669  -11.765  9.793  9.473 0.0000000000
1668  -11.307  10.028  9.436 0.0000000000
1667  -11.085  10.076  9.275 0.0000000000
1279  -9.254  9.202  9.211 0.0000000000
1666  -9.090  9.506  9.715 0.0000000000
1665  -8.886  9.784  9.601 0.0000000000
2138  -8.844  10.104  9.650 0.0000000000
1656  -17.049  9.813  10.026 0.0000000000
1269  -12.229  9.494  9.458 0.0000000000
1268  -11.993  9.595  9.219 0.0000000000
1670  -12.085  9.763  9.855 0.0000000000
1651  -12.049  10.007  10.253 0.0000000000
2143  -11.678  10.160  9.882 0.0000000000
2142  -11.252  10.412  9.769 0.0000000000
2141  -10.777  10.478  9.580 0.0000000000
1266  -9.313  9.140  9.851 0.0000000000
1650  -9.182  9.419  10.250 0.0000000000
1649  -8.893  9.841  10.203 0.0000000000
1262  -17.136  9.718  10.338 0.0000000000
1261  -16.916  9.422  10.317 0.0000000000
1637  -12.187  10.091  10.605 0.0000000000
1638  -12.265  10.066  10.915 0.0000000000
1652  -12.376  9.749  10.239 0.0000000000
2110  -12.128  10.253  10.730 0.0000000000
2128  -11.881  10.293  10.334 0.0000000000
1253  -9.336  9.040  10.342 0.0000000000
1243  -9.275  9.214  10.644 0.0000000000
1636  -9.072  9.662  10.744 0.0000000000
1635  -8.906  9.912  10.796 0.0000000000
2108  -8.914  10.224  10.636 0.0000000000
2125  -8.971  10.254  10.184 0.0000000000
1249  -17.113  9.446  10.694 0.0000000000
1240  -17.160  9.485  11.109 0.0000000000
1629  -12.557  9.987  11.314 0.0000000000
1630  -12.778  9.821  11.230 0.0000000000
1639  -12.751  9.780  10.701 0.0000000000
2092  -12.288  10.317  11.228 0.0000000000
2111  -12.248  10.176  10.937 0.0000000000
1233  -9.341  9.176  10.965 0.0000000000
1627  -9.170  9.828  11.123 0.0000000000
1626  -8.927  9.911  10.987 0.0000000000
2089  -8.877  10.072  11.025 0.0000000000
1230  -17.169  9.535  11.511 0.0000000000
1621  -12.843  9.926  11.601 0.0000000000
1622  -13.307  9.764  11.741 0.0000000000
1631  -13.004  9.742  11.145 0.0000000000
1620  -12.648  10.124  11.592 0.0000000000
1234  -9.591  9.448  11.220 0.0000000000
1628  -9.505  9.750  11.337 0.0000000000
1617  -9.421  9.905  11.513 0.0000000000
2076  -9.185  10.176  11.508 0.0000000000
2090  -8.903  9.808  11.097 0.0000000000
1224  -13.878  9.331  11.777 0.0000000000
1223  -13.580  9.416  11.532 0.0000000000
1623  -13.618  9.610  11.919 0.0000000000
1235  -13.252  9.578  11.200 0.0000000000
1608  -13.329  9.750  11.922 0.0000000000
2079  -13.210  10.002  11.905 0.0000000000
2078  -13.005  10.179  11.943 0.0000000000
2077  -12.546  10.396  11.693 0.0000000000
1618  -9.802  9.678  11.600 0.0000000000
1603  -9.460  9.848  11.873 0.0000000000
1218  -17.014  9.412  11.864 0.0000000000
1609  -13.790  9.625  12.048 0.0000000000
2068  -13.214  9.103  12.604 0.0000000000
2067  -13.431  10.125  12.389 0.0000000000
1604  -9.918  9.857  12.071 0.0000000000
2064  -9.729  10.272  12.220 0.0000000000
2063  -9.331  10.291  11.916 0.0000000000
1204  -16.896  9.387  12.090 0.0000000000
1203  -16.609  9.406  12.433 0.0000000000
1202  -16.245  9.653  12.665 0.0000000000
1599  -16.094  9.723  13.005 0.0000000000
1614  -16.006  9.745  12.821 0.0000000000
1598  -15.638  9.702  12.787 0.0000000000
1586  -15.904  9.791  13.291 0.0000000000
1597  -15.281  9.754  12.931 0.0000000000
1613  -15.607  9.719  12.565 0.0000000000
1596  -14.873  9.774  12.924 0.0000000000
1584  -14.981  9.876  13.159 0.0000000000
1612  -15.151  9.682  12.442 0.0000000000
1595  -14.296  10.041  13.020 0.0000000000
1583  -14.452  9.867  13.086 0.0000000000
1611  -14.853  9.773  12.505 0.0000000000
1582  -14.151  10.083  13.110 0.0000000000
2056  -14.063  10.102  12.893 0.0000000000
1610  -14.196  9.607  12.310 0.0000000000
1594  -13.918  9.778  12.543 0.0000000000
2055  -13.794  10.104  12.745 0.0000000000
1148  -11.968  8.966  -0.071 0.0000000000
1144  -11.983  9.111  -0.008 0.0000000000
1107  -13.168  8.710  2.885 0.0000000000
1469  -13.128  9.115  3.133 0.0000000000
1103  -13.217  8.822  3.314 0.0000000000
1463  -13.137  9.094  3.565 0.0000000000
1098  -13.272  8.678  3.768 0.0000000000
1456  -13.184  9.018  4.017 0.0000000000
1455  -12.902  8.965  4.058 0.0000000000
1086  -13.307  8.761  4.172 0.0000000000
1071  -13.167  8.872  4.661 0.0000000000
1449  -13.155  8.866  4.327 0.0000000000
1070  -12.802  8.954  5.008 0.0000000000
1411  -13.992  9.170  5.920 0.0000000000
1054  -12.543  8.918  5.315 0.0000000000
1053  -12.366  8.998  5.390 0.0000000000
1042  -12.298  8.973  5.642 0.0000000000
1385  -14.057  9.034  6.184 0.0000000000
1384  -13.714  9.136  6.214 0.0000000000
1031  -12.300  8.931  6.287 0.0000000000
1382  -12.030  8.801  6.280 0.0000000000
1036  -14.415  8.727  6.494 0.0000000000
1037  -14.795  8.928  6.759 0.0000000000
1387  -15.150  9.011  6.966 0.0000000000
1035  -14.019  8.905  6.417 0.0000000000
1367  -13.801  9.025  6.688 0.0000000000
1034  -13.934  8.958  6.489 0.0000000000
1364  -11.922  9.136  6.765 0.0000000000
1363  -11.412  8.827  6.869 0.0000000000
1362  -11.037  8.795  6.755 0.0000000000
1361  -10.442  8.757  6.604 0.0000000000
1360  -9.986  9.017  6.659 0.0000000000
1377  -9.666  9.133  6.169 0.0000000000
1407  -9.821  9.399  5.843 0.0000000000
1359  -9.422  9.002  6.611 0.0000000000
1376  -9.045  9.043  6.216 0.0000000000
1406  -9.388  9.357  5.835 0.0000000000
1358  -9.093  8.991  6.949 0.0000000000
1405  -8.917  9.388  5.901 0.0000000000
1404  -8.754  9.444  5.993 0.0000000000
1028  -14.908  8.984  7.018 0.0000000000
1349  -13.470  9.260  7.060 0.0000000000
1012  -13.943  8.942  7.170 0.0000000000
1025  -13.957  8.872  6.853 0.0000000000
1022  -12.193  8.968  6.923 0.0000000000
1346  -11.957  8.986  7.166 0.0000000000
1345  -11.579  8.947  7.249 0.0000000000
1344  -11.056  9.058  7.174 0.0000000000
1343  -10.560  9.093  7.055 0.0000000000
1342  -10.277  8.981  6.895 0.0000000000
1005  -10.130  8.783  7.216 0.0000000000
1021  -9.679  8.793  6.930 0.0000000000
1020  -9.298  8.853  6.993 0.0000000000
1019  -9.098  8.968  7.088 0.0000000000
1341  -8.983  9.087  7.348 0.0000000000
1015  -15.113  8.954  6.977 0.0000000000
1350  -14.878  8.996  7.242 0.0000000000
1334  -14.915  9.063  7.602 0.0000000000
1014  -15.202  8.727  7.225 0.0000000000
1333  -13.629  9.152  7.600 0.0000000000
1332  -13.178  9.480  7.586 0.0000000000
1009  -12.057  8.706  7.523 0.0000000000
1008  -11.581  8.760  7.664 0.0000000000
1007  -11.172  8.777  7.563 0.0000000000
1006  -10.680  8.807  7.449 0.0000000000
1003  -9.215  8.866  7.268 0.0000000000
991  -9.269  8.849  7.687 0.0000000000
1329  -8.982  9.136  7.694 0.0000000000
1320  -15.644  9.311  8.083 0.0000000000
1001  -15.123  8.885  7.865 0.0000000000
988  -15.397  9.069  8.122 0.0000000000
1000  -15.005  8.707  7.808 0.0000000000
1319  -13.770  9.023  7.975 0.0000000000
998  -13.867  8.900  7.755 0.0000000000
1318  -13.360  9.226  7.995 0.0000000000
1317  -12.905  9.306  8.041 0.0000000000
1314  -9.012  9.183  8.044 0.0000000000
989  -15.736  9.095  8.380 0.0000000000
1304  -15.919  9.215  8.618 0.0000000000
986  -13.811  8.824  8.178 0.0000000000
1301  -13.179  9.392  8.386 0.0000000000
970  -13.028  9.189  8.059 0.0000000000
985  -13.306  9.078  7.854 0.0000000000
1300  -12.548  9.303  8.497 0.0000000000
1299  -12.052  9.457  8.582 0.0000000000
978  -9.275  8.910  8.116 0.0000000000
1296  -9.171  9.103  8.552 0.0000000000
974  -16.148  9.023  8.973 0.0000000000
973  -16.082  9.069  8.863 0.0000000000
971  -13.452  8.962  8.524 0.0000000000
1302  -13.398  9.160  8.775 0.0000000000
1283  -12.799  9.240  9.016 0.0000000000
1284  -13.003  9.240  9.212 0.0000000000
1282  -12.212  9.406  8.982 0.0000000000
963  -9.415  8.811  8.427 0.0000000000
1297  -9.474  8.918  8.864 0.0000000000
959  -16.368  8.832  9.573 0.0000000000
945  -16.693  9.178  10.049 0.0000000000
958  -16.279  8.904  9.414 0.0000000000
1270  -12.803  9.253  9.470 0.0000000000
1271  -13.242  9.234  9.522 0.0000000000
1285  -13.617  9.243  9.038 0.0000000000
949  -9.385  8.887  9.534 0.0000000000
1280  -9.657  8.915  8.950 0.0000000000
1257  -12.978  9.265  10.034 0.0000000000
927  -13.122  9.227  10.021 0.0000000000
941  -13.402  9.153  9.862 0.0000000000
1272  -13.611  9.192  9.369 0.0000000000
1256  -12.511  9.445  9.899 0.0000000000
1255  -12.242  9.648  9.850 0.0000000000
935  -9.396  9.016  9.846 0.0000000000
1267  -8.934  8.916  10.069 0.0000000000
1254  -9.488  9.069  10.013 0.0000000000
932  -16.667  8.987  10.426 0.0000000000
1248  -16.846  9.199  10.737 0.0000000000
928  -13.468  8.966  9.906 0.0000000000
1258  -13.510  9.410  10.294 0.0000000000
1653  -12.736  9.589  10.255 0.0000000000
1654  -13.001  9.687  10.451 0.0000000000
922  -9.747  8.830  10.282 0.0000000000
921  -9.495  8.868  10.386 0.0000000000
936  -9.544  8.905  9.801 0.0000000000
909  -9.572  8.845  10.826 0.0000000000
1239  -16.949  9.274  11.025 0.0000000000
919  -16.645  8.965  10.843 0.0000000000
907  -16.724  9.078  11.122 0.0000000000
1229  -16.883  9.252  11.454 0.0000000000
1236  -13.681  9.288  11.182 0.0000000000
1245  -13.300  9.543  10.891 0.0000000000
1244  -13.071  9.769  10.986 0.0000000000
1640  -13.008  9.745  10.870 0.0000000000
897  -9.711  8.934  11.154 0.0000000000
1221  -9.836  9.228  11.429 0.0000000000
896  -9.520  8.894  11.041 0.0000000000
894  -16.536  8.968  11.531 0.0000000000
1217  -16.578  9.167  11.946 0.0000000000
1211  -13.831  9.151  11.839 0.0000000000
1212  -14.027  9.241  11.927 0.0000000000
1225  -14.398  9.230  11.705 0.0000000000
1237  -14.236  9.122  11.143 0.0000000000
884  -9.961  8.896  11.401 0.0000000000
1222  -10.166  9.208  11.713 0.0000000000
881  -16.352  8.972  11.786 0.0000000000
880  -16.198  8.986  11.987 0.0000000000
1216  -16.027  9.372  12.281 0.0000000000
879  -15.947  9.021  12.079 0.0000000000
1215  -15.517  9.315  12.153 0.0000000000
1228  -15.613  9.096  11.897 0.0000000000
1227  -15.321  9.100  11.833 0.0000000000
1214  -14.952  9.256  12.005 0.0000000000
1226  -14.935  9.117  11.777 0.0000000000
1213  -14.546  9.293  12.003 0.0000000000
790  -12.958  8.351  2.513 0.0000000000
782  -13.042  8.066  2.981 0.0000000000
772  -13.195  8.392  3.340 0.0000000000
757  -13.216  8.131  3.782 0.0000000000
758  -13.335  8.394  4.022 0.0000000000
1099  -13.349  8.602  4.063 0.0000000000
1087  -13.405  8.465  4.376 0.0000000000
1055  -13.036  8.723  5.353 0.0000000000
1056  -13.230  8.642  5.012 0.0000000000
1072  -13.444  8.514  4.836 0.0000000000
730  -13.386  8.301  5.269 0.0000000000
729  -13.274  8.402  5.687 0.0000000000
1044  -13.120  8.618  5.969 0.0000000000
1043  -12.658  8.769  5.800 0.0000000000
725  -13.225  8.084  6.006 0.0000000000
1033  -13.120  8.388  6.294 0.0000000000
1032  -12.839  8.713  6.304 0.0000000000
1027  -14.642  8.710  6.964 0.0000000000
1026  -14.179  8.737  7.012 0.0000000000
722  -13.075  8.067  6.404 0.0000000000
1024  -13.090  8.480  6.631 0.0000000000
1023  -12.646  8.715  6.761 0.0000000000
719  -14.899  8.346  7.033 0.0000000000
718  -14.280  8.394  7.161 0.0000000000
1013  -13.763  8.863  7.409 0.0000000000
712  -13.903  8.453  7.608 0.0000000000
717  -13.041  8.061  6.825 0.0000000000
1011  -13.012  8.499  7.096 0.0000000000
1010  -12.483  8.567  7.215 0.0000000000
1004  -9.564  8.724  7.299 0.0000000000
713  -14.302  8.108  7.650 0.0000000000
705  -14.864  8.189  8.082 0.0000000000
999  -13.859  8.746  7.942 0.0000000000
711  -13.016  8.043  7.184 0.0000000000
710  -12.687  8.162  7.450 0.0000000000
709  -12.352  8.391  7.483 0.0000000000
702  -12.390  8.318  7.850 0.0000000000
997  -12.152  8.589  8.033 0.0000000000
996  -11.812  8.736  8.002 0.0000000000
995  -11.348  8.748  8.021 0.0000000000
994  -10.844  8.752  7.960 0.0000000000
993  -10.337  8.754  7.834 0.0000000000
992  -9.831  8.717  7.730 0.0000000000
706  -15.020  8.487  7.958 0.0000000000
699  -15.321  8.630  8.252 0.0000000000
987  -14.063  8.677  8.085 0.0000000000
704  -14.185  8.502  7.959 0.0000000000
694  -12.250  8.267  8.434 0.0000000000
984  -12.032  8.671  8.329 0.0000000000
983  -11.645  8.718  8.426 0.0000000000
982  -11.073  8.729  8.527 0.0000000000
981  -10.504  8.738  8.375 0.0000000000
980  -10.027  8.730  8.232 0.0000000000
979  -9.587  8.735  8.097 0.0000000000
700  -15.520  9.032  8.236 0.0000000000
691  -15.666  8.721  8.608 0.0000000000
697  -14.328  8.370  8.262 0.0000000000
687  -14.041  8.858  8.746 0.0000000000
696  -14.036  8.524  8.483 0.0000000000
969  -11.968  8.577  8.665 0.0000000000
968  -11.590  8.658  8.999 0.0000000000
967  -11.017  8.722  9.041 0.0000000000
966  -10.618  8.723  8.906 0.0000000000
965  -10.150  8.734  8.783 0.0000000000
964  -9.735  8.762  8.599 0.0000000000
957  -16.081  8.862  9.079 0.0000000000
955  -13.908  9.253  8.804 0.0000000000
972  -13.724  9.132  8.813 0.0000000000
953  -11.223  8.703  9.458 0.0000000000
952  -10.740  8.717  9.399 0.0000000000
951  -10.279  8.728  9.330 0.0000000000
950  -9.752  8.797  9.241 0.0000000000
944  -16.456  8.862  9.982 0.0000000000
681  -15.985  8.614  9.375 0.0000000000
670  -16.154  8.604  9.781 0.0000000000
680  -15.636  8.371  9.102 0.0000000000
942  -13.773  8.918  9.562 0.0000000000
676  -14.105  8.868  9.144 0.0000000000
956  -13.956  9.052  8.788 0.0000000000
938  -10.457  8.704  9.818 0.0000000000
939  -10.916  8.688  9.842 0.0000000000
937  -9.988  8.759  9.798 0.0000000000
661  -16.248  8.631  10.229 0.0000000000
931  -16.443  8.795  10.327 0.0000000000
943  -13.999  8.723  9.928 0.0000000000
667  -13.982  8.600  9.436 0.0000000000
929  -13.945  8.878  10.114 0.0000000000
924  -10.653  8.700  10.239 0.0000000000
923  -10.205  8.746  10.260 0.0000000000
918  -16.302  8.719  10.671 0.0000000000
915  -14.510  9.066  10.437 0.0000000000
658  -14.474  8.268  10.214 0.0000000000
930  -14.012  9.042  10.261 0.0000000000
1259  -13.957  8.985  10.224 0.0000000000
911  -10.422  8.762  10.660 0.0000000000
910  -9.975  8.789  10.740 0.0000000000
906  -16.383  8.829  11.152 0.0000000000
652  -16.101  8.454  10.497 0.0000000000
917  -15.992  8.552  10.717 0.0000000000
905  -15.794  8.609  11.065 0.0000000000
651  -15.805  8.270  10.603 0.0000000000
902  -14.349  9.040  10.949 0.0000000000
648  -14.524  8.565  10.745 0.0000000000
1246  -13.944  9.260  10.577 0.0000000000
916  -14.136  9.122  10.363 0.0000000000
898  -10.060  8.806  10.890 0.0000000000
893  -16.118  8.840  11.616 0.0000000000
641  -15.557  8.288  10.908 0.0000000000
640  -15.134  8.307  11.006 0.0000000000
904  -15.340  8.578  11.324 0.0000000000
892  -15.603  8.841  11.634 0.0000000000
631  -14.986  8.410  11.232 0.0000000000
891  -15.129  8.741  11.586 0.0000000000
903  -14.578  8.833  11.199 0.0000000000
638  -14.492  8.700  11.022 0.0000000000
885  -10.341  8.836  11.428 0.0000000000
899  -10.622  8.789  11.070 0.0000000000
630  -14.869  8.577  11.308 0.0000000000
890  -14.815  8.855  11.505 0.0000000000
1238  -14.636  9.055  11.442 0.0000000000
886  -10.755  8.823  11.520 0.0000000000
872  -10.477  8.869  11.765 0.0000000000
560  -12.709  7.801  2.004 0.0000000000
559  -12.457  7.999  2.066 0.0000000000
794  -12.765  8.112  2.303 0.0000000000
550  -12.729  8.202  2.465 0.0000000000
789  -12.856  8.099  2.680 0.0000000000
781  -12.858  7.905  2.883 0.0000000000
536  -12.964  8.173  3.041 0.0000000000
522  -13.019  8.077  3.401 0.0000000000
535  -12.575  8.032  2.959 0.0000000000
743  -13.264  8.020  4.196 0.0000000000
509  -12.984  8.019  3.995 0.0000000000
742  -12.954  7.945  4.074 0.0000000000
733  -12.977  7.846  4.572 0.0000000000
734  -13.326  8.053  4.766 0.0000000000
504  -12.843  7.554  4.252 0.0000000000
501  -13.209  7.690  4.984 0.0000000000
496  -13.353  7.822  5.237 0.0000000000
500  -12.980  7.356  4.802 0.0000000000
492  -13.481  7.957  5.485 0.0000000000
726  -13.374  8.094  5.667 0.0000000000
491  -13.291  7.656  5.725 0.0000000000
486  -13.362  7.811  6.377 0.0000000000
481  -13.313  7.978  6.907 0.0000000000
476  -13.101  7.731  7.485 0.0000000000
475  -12.802  7.932  7.655 0.0000000000
703  -12.751  7.987  7.932 0.0000000000
698  -14.916  8.266  8.229 0.0000000000
695  -12.556  8.084  8.176 0.0000000000
690  -15.286  8.298  8.688 0.0000000000
689  -14.854  8.153  8.775 0.0000000000
688  -14.313  8.337  8.726 0.0000000000
461  -15.148  8.006  8.991 0.0000000000
679  -15.317  8.167  9.019 0.0000000000
678  -14.735  8.039  8.972 0.0000000000
450  -14.964  7.882  9.199 0.0000000000
460  -15.087  7.916  9.012 0.0000000000
677  -14.188  8.393  9.131 0.0000000000
669  -15.829  8.303  9.647 0.0000000000
452  -15.593  8.155  9.401 0.0000000000
451  -15.313  8.006  9.250 0.0000000000
449  -14.517  7.987  9.432 0.0000000000
668  -14.264  8.296  9.655 0.0000000000
660  -15.995  8.358  10.126 0.0000000000
441  -15.537  7.994  9.686 0.0000000000
431  -15.717  8.132  10.153 0.0000000000
438  -14.672  8.202  9.850 0.0000000000
429  -14.980  7.860  10.033 0.0000000000
428  -14.859  8.046  10.042 0.0000000000
659  -14.889  7.791  10.296 0.0000000000
649  -14.962  8.041  10.695 0.0000000000
421  -15.561  7.891  10.442 0.0000000000
650  -15.365  8.054  10.727 0.0000000000
420  -15.154  7.833  10.419 0.0000000000
419  -15.001  7.789  10.347 0.0000000000
639  -14.729  8.492  11.042 0.0000000000
366  -13.338  7.166  0.435 0.0000000000
360  -12.909  7.227  0.971 0.0000000000
580  -13.702  7.660  0.310 0.0000000000
359  -12.650  7.428  1.240 0.0000000000
572  -12.687  7.754  1.366 0.0000000000
565  -12.324  7.582  1.620 0.0000000000
351  -12.526  7.189  1.746 0.0000000000
564  -12.212  7.228  1.921 0.0000000000
558  -12.264  7.343  2.047 0.0000000000
350  -12.234  7.045  1.946 0.0000000000
549  -12.377  7.626  2.522 0.0000000000
340  -12.449  7.068  2.087 0.0000000000
327  -12.389  7.113  2.541 0.0000000000
534  -12.351  7.290  2.983 0.0000000000
521  -12.745  8.069  3.494 0.0000000000
520  -12.339  7.465  3.448 0.0000000000
313  -12.558  6.794  3.046 0.0000000000
309  -12.405  7.045  3.049 0.0000000000
508  -12.677  7.365  3.790 0.0000000000
507  -12.508  7.006  3.659 0.0000000000
305  -12.848  6.999  3.899 0.0000000000
503  -12.768  7.063  4.090 0.0000000000
304  -12.233  6.976  3.717 0.0000000000
499  -12.786  7.207  4.416 0.0000000000
299  -12.837  6.995  4.225 0.0000000000
495  -13.176  7.407  5.252 0.0000000000
296  -12.875  7.119  5.244 0.0000000000
291  -12.889  7.137  5.179 0.0000000000
295  -12.801  7.053  4.671 0.0000000000
287  -12.969  7.044  5.677 0.0000000000
282  -13.184  7.032  5.980 0.0000000000
283  -13.580  7.434  6.415 0.0000000000
487  -13.516  7.649  6.479 0.0000000000
482  -13.693  7.515  6.736 0.0000000000
477  -13.611  7.438  7.122 0.0000000000
440  -15.170  7.800  9.666 0.0000000000
439  -14.971  7.959  9.702 0.0000000000
430  -15.377  7.848  10.071 0.0000000000
203  -13.599  6.864  0.524 0.0000000000
197  -13.449  6.830  0.887 0.0000000000
367  -13.866  7.100  0.488 0.0000000000
352  -13.085  6.839  1.261 0.0000000000
189  -13.409  6.789  1.423 0.0000000000
342  -13.241  6.881  1.862 0.0000000000
341  -12.875  7.120  1.981 0.0000000000
181  -13.673  6.749  1.806 0.0000000000
174  -13.499  6.816  2.339 0.0000000000
329  -12.933  6.985  2.248 0.0000000000
328  -12.700  7.141  2.458 0.0000000000
315  -13.307  7.106  2.809 0.0000000000
314  -12.758  6.999  2.943 0.0000000000
167  -13.571  6.955  2.708 0.0000000000
316  -13.714  7.286  2.947 0.0000000000
311  -13.342  6.900  3.037 0.0000000000
310  -13.059  6.783  3.254 0.0000000000
306  -13.143  7.021  3.788 0.0000000000
307  -13.791  6.912  3.774 0.0000000000
312  -13.822  7.007  3.313 0.0000000000
165  -13.164  6.926  3.923 0.0000000000
162  -13.136  6.891  4.063 0.0000000000
300  -12.964  7.006  3.969 0.0000000000
166  -13.352  6.864  3.937 0.0000000000
161  -13.219  6.941  4.092 0.0000000000
157  -12.927  6.787  4.589 0.0000000000
290  -12.825  6.919  4.982 0.0000000000
286  -12.806  6.882  5.342 0.0000000000
152  -12.887  6.602  5.206 0.0000000000
148  -12.918  6.887  6.161 0.0000000000
142  -12.932  6.636  6.079 0.0000000000
147  -12.816  6.676  5.664 0.0000000000
204  -13.739  6.873  0.661 0.0000000000
190  -13.838  6.742  1.320 0.0000000000
198  -14.040  6.834  0.825 0.0000000000
175  -13.988  6.756  2.140 0.0000000000
182  -14.082  6.766  1.728 0.0000000000
168  -13.822  6.886  2.608 0.0000000000
163  -13.691  6.843  4.257 0.0000000000
158  -13.357  6.736  4.645 0.0000000000
153  -13.045  6.699  4.854 0.0000000000
73  -12.940  6.054  4.925 0.0000000000
69  -12.937  6.302  5.648 0.0000000000
141  -12.796  6.525  5.956 0.0000000000
64  -12.886  6.357  6.016 0.0000000000
523  -13.992  7.187  3.395 0.0000000000
1247  -14.027  9.092  10.312 0.0000000000
1260  -14.025  8.987  10.255 0.0000000000
1286  -13.966  9.053  9.026 0.0000000000
1303  -13.690  9.194  8.947 0.0000000000
1207  -10.450  9.001  12.046 0.0000000000
1605  -10.396  9.560  12.114 0.0000000000
1619  -10.121  9.623  11.834 0.0000000000
1641  -13.083  9.828  10.973 0.0000000000
1655  -13.104  9.694  10.746 0.0000000000
1590  -10.053  9.889  12.424 0.0000000000
1589  -9.852  9.970  12.282 0.0000000000
2040  -13.496  10.449  13.130 0.0000000000
2407  -13.867  10.636  13.427 0.0000000000
2054  -13.158  10.451  12.770 0.0000000000
2430  -9.440  10.541  12.174 0.0000000000
2446  -9.194  10.641  11.661 0.0000000000
2049  -9.901  10.033  12.380 0.0000000000
2050  -10.181  10.414  12.616 0.0000000000
2065  -9.948  10.789  12.446 0.0000000000
2431  -9.698  10.781  12.173 0.0000000000
2418  -9.978  11.082  12.826 0.0000000000
2432  -9.559  11.025  12.887 0.0000000000
2066  -12.969  10.330  12.386 0.0000000000
2435  -17.914  10.763  12.150 0.0000000000
2451  -17.698  10.583  11.795 0.0000000000
2075  -8.943  10.231  11.257 0.0000000000
2445  -8.927  10.389  11.429 0.0000000000
2450  -12.587  10.534  11.846 0.0000000000
2449  -12.180  10.873  11.649 0.0000000000
2434  -12.641  10.655  12.095 0.0000000000
2463  -8.910  10.539  11.051 0.0000000000
2468  -12.000  10.716  11.156 0.0000000000
2091  -12.029  10.543  10.985 0.0000000000
2480  -9.010  10.504  10.700 0.0000000000
2109  -9.110  10.420  10.490 0.0000000000
2126  -9.201  10.532  10.223 0.0000000000
2481  -9.316  10.733  10.586 0.0000000000
2485  -11.851  10.621  10.704 0.0000000000
2139  -8.924  10.302  9.965 0.0000000000
2489  -9.424  10.782  10.177 0.0000000000
2498  -9.286  10.649  9.997 0.0000000000
2494  -11.686  10.590  10.337 0.0000000000
2127  -11.666  10.258  9.894 0.0000000000
2150  -9.133  10.352  9.275 0.0000000000
2507  -9.285  10.623  9.681 0.0000000000
2140  -10.401  10.577  9.403 0.0000000000
2501  -10.556  10.790  9.760 0.0000000000
2502  -11.015  10.781  9.985 0.0000000000
2493  -11.295  10.732  10.143 0.0000000000
2160  -9.201  10.294  8.712 0.0000000000
2151  -9.598  10.429  9.031 0.0000000000
2508  -9.551  10.710  9.398 0.0000000000
2161  -9.657  10.317  8.627 0.0000000000
2152  -9.978  10.457  8.997 0.0000000000
2509  -9.967  10.675  9.126 0.0000000000
2500  -10.218  10.909  9.528 0.0000000000
2162  -10.113  10.286  8.554 0.0000000000
2171  -8.829  10.240  8.370 0.0000000000
2172  -9.260  10.267  8.262 0.0000000000
2370  -14.516  10.936  14.586 0.0000000000
2709  -14.728  11.050  14.766 0.0000000000
2710  -15.029  11.063  14.807 0.0000000000
2362  -15.634  10.903  15.073 0.0000000000
2694  -15.246  11.209  15.132 0.0000000000
2363  -15.811  10.854  15.154 0.0000000000
2364  -16.434  11.025  15.007 0.0000000000
2365  -16.675  10.990  14.960 0.0000000000
2711  -16.810  11.051  14.836 0.0000000000
2376  -16.941  10.877  14.589 0.0000000000
2712  -17.110  11.068  14.623 0.0000000000
2708  -14.300  11.147  14.666 0.0000000000
2726  -14.045  11.080  14.342 0.0000000000
2394  -13.706  10.919  13.871 0.0000000000
2381  -13.971  10.823  14.133 0.0000000000
2725  -13.727  11.219  14.183 0.0000000000
2727  -17.249  10.929  14.240 0.0000000000
2386  -17.319  10.842  14.002 0.0000000000
2397  -17.547  10.919  13.602 0.0000000000
2728  -17.544  11.187  14.147 0.0000000000
2741  -13.606  11.154  13.947 0.0000000000
2406  -13.279  10.855  13.231 0.0000000000
2393  -13.313  10.977  13.521 0.0000000000
2740  -13.248  11.288  13.728 0.0000000000
2742  -17.709  11.298  13.758 0.0000000000
2410  -17.473  10.988  13.309 0.0000000000
2757  -17.613  11.249  13.188 0.0000000000
2039  -13.100  10.843  13.134 0.0000000000
2421  -12.980  10.807  12.922 0.0000000000
2755  -13.072  11.032  13.239 0.0000000000
2405  -12.900  10.936  13.004 0.0000000000
2756  -17.355  11.069  13.058 0.0000000000
2769  -17.299  10.959  12.946 0.0000000000
2402  -10.167  10.840  12.897 0.0000000000
2766  -9.947  11.089  13.021 0.0000000000
2417  -9.932  11.014  12.538 0.0000000000
2765  -9.870  11.379  12.682 0.0000000000
2420  -12.845  10.708  12.672 0.0000000000
2770  -17.628  11.070  12.668 0.0000000000
2781  -17.819  11.165  12.000 0.0000000000
2777  -9.892  11.374  12.118 0.0000000000
2447  -9.614  10.960  11.850 0.0000000000
2433  -12.318  11.048  12.131 0.0000000000
2419  -12.586  10.969  12.497 0.0000000000
2464  -9.519  11.147  11.032 0.0000000000
2792  -9.393  11.208  11.505 0.0000000000
2793  -9.686  11.262  11.617 0.0000000000
2780  -12.054  11.441  12.087 0.0000000000
2798  -11.975  11.301  11.823 0.0000000000
2467  -11.867  10.867  11.146 0.0000000000
2448  -11.903  10.991  11.406 0.0000000000
2797  -11.724  11.298  11.556 0.0000000000
2799  -17.694  10.900  11.661 0.0000000000
2807  -9.547  11.145  11.219 0.0000000000
2482  -9.695  11.114  10.694 0.0000000000
2465  -9.714  11.182  10.933 0.0000000000
2808  -9.882  11.347  11.239 0.0000000000
2818  -9.995  11.344  10.887 0.0000000000
2812  -11.766  11.050  11.273 0.0000000000
2466  -11.639  11.141  11.158 0.0000000000
2811  -11.451  11.216  11.083 0.0000000000
2490  -9.817  11.033  10.213 0.0000000000
2826  -10.035  11.298  10.582 0.0000000000
2484  -11.512  10.851  10.519 0.0000000000
2499  -9.552  10.815  9.844 0.0000000000
2491  -10.229  11.090  10.088 0.0000000000
2827  -10.365  11.230  10.391 0.0000000000
2492  -10.819  10.916  10.078 0.0000000000
2828  -10.701  11.102  10.281 0.0000000000
2483  -11.066  10.987  10.408 0.0000000000
2695  -15.711  11.325  15.250 0.0000000000
2693  -14.842  11.247  15.034 0.0000000000
3126  -14.894  11.603  15.337 0.0000000000
3127  -15.363  11.698  15.466 0.0000000000
2696  -15.995  11.215  15.172 0.0000000000
3128  -15.811  11.718  15.648 0.0000000000
2697  -16.736  11.179  15.078 0.0000000000
3129  -15.857  11.684  15.657 0.0000000000
3130  -16.530  11.641  15.394 0.0000000000
2698  -17.118  11.354  15.035 0.0000000000
3131  -17.091  11.559  15.252 0.0000000000
2713  -17.432  11.415  14.741 0.0000000000
2699  -17.352  11.559  15.061 0.0000000000
3132  -17.264  11.741  15.335 0.0000000000
3146  -17.600  11.771  14.982 0.0000000000
2692  -14.578  11.206  14.872 0.0000000000
3125  -14.308  11.505  15.102 0.0000000000
3145  -14.067  11.430  14.763 0.0000000000
2707  -14.093  11.226  14.601 0.0000000000
3162  -17.720  11.758  14.233 0.0000000000
3144  -13.651  11.706  14.643 0.0000000000
3161  -13.481  11.609  14.282 0.0000000000
2724  -13.317  11.557  14.098 0.0000000000
2729  -17.749  11.351  13.897 0.0000000000
3163  -17.716  11.400  13.975 0.0000000000
2743  -17.781  11.325  13.893 0.0000000000
3179  -12.940  11.849  13.925 0.0000000000
2754  -12.801  11.237  13.089 0.0000000000
2739  -12.935  11.424  13.509 0.0000000000
3178  -12.941  11.732  13.774 0.0000000000
3181  -17.727  11.504  13.907 0.0000000000
3180  -17.759  11.718  13.559 0.0000000000
2768  -12.728  11.050  12.796 0.0000000000
3196  -12.791  11.578  13.412 0.0000000000
2767  -12.472  11.352  12.632 0.0000000000
2753  -12.628  11.397  12.905 0.0000000000
3195  -12.560  11.728  13.067 0.0000000000
3197  -17.685  11.913  13.208 0.0000000000
3214  -17.722  11.637  12.809 0.0000000000
3209  -10.011  11.640  12.851 0.0000000000
3225  -10.037  11.725  12.452 0.0000000000
2751  -10.191  11.422  13.246 0.0000000000
3193  -10.093  11.719  12.973 0.0000000000
3210  -10.123  11.793  12.739 0.0000000000
3213  -12.038  11.960  12.560 0.0000000000
3231  -17.687  11.572  12.256 0.0000000000
2794  -10.147  11.555  11.660 0.0000000000
2778  -9.836  11.656  11.958 0.0000000000
3226  -10.241  11.811  12.186 0.0000000000
3239  -10.065  11.822  12.036 0.0000000000
3230  -11.855  11.730  12.210 0.0000000000
2779  -11.784  11.586  11.964 0.0000000000
3245  -17.748  11.249  11.894 0.0000000000
2809  -10.333  11.483  11.193 0.0000000000
2795  -10.694  11.634  11.502 0.0000000000
3240  -10.559  11.863  11.866 0.0000000000
2810  -11.048  11.389  10.993 0.0000000000
2796  -11.199  11.538  11.466 0.0000000000
3241  -11.236  11.978  11.686 0.0000000000
3242  -11.413  11.727  11.811 0.0000000000
2819  -10.427  11.371  10.798 0.0000000000
2820  -10.909  11.236  10.666 0.0000000000
2821  -11.328  11.058  10.717 0.0000000000
3124  -13.823  11.913  15.110 0.0000000000
3111  -14.123  11.798  15.550 0.0000000000
3112  -14.560  11.829  15.630 0.0000000000
3113  -15.007  11.992  15.755 0.0000000000
3114  -15.333  11.948  16.032 0.0000000000
3559  -13.563  12.104  14.880 0.0000000000
3160  -13.206  11.884  14.245 0.0000000000
3143  -13.265  11.939  14.438 0.0000000000
3558  -13.158  12.335  14.687 0.0000000000
3545  -17.686  12.212  15.348 0.0000000000
3560  -17.809  11.987  15.030 0.0000000000
3571  -13.090  12.092  14.310 0.0000000000
3159  -12.940  11.996  14.106 0.0000000000
3572  -17.820  12.184  14.315 0.0000000000
3585  -17.800  12.165  13.762 0.0000000000
3584  -12.790  12.090  13.954 0.0000000000
3177  -12.737  11.865  13.591 0.0000000000
3598  -17.741  12.034  13.145 0.0000000000
3175  -10.155  11.818  13.101 0.0000000000
3194  -10.246  11.961  12.948 0.0000000000
3176  -10.302  12.160  13.639 0.0000000000
3594  -10.484  12.544  13.138 0.0000000000
3211  -10.398  12.045  12.604 0.0000000000
3583  -12.585  12.185  13.550 0.0000000000
3597  -12.229  12.313  13.105 0.0000000000
3601  -10.712  12.227  12.476 0.0000000000
3227  -10.568  12.020  12.134 0.0000000000
3604  -12.001  12.312  12.863 0.0000000000
3229  -11.564  11.937  12.194 0.0000000000
3212  -11.715  12.110  12.474 0.0000000000
3603  -11.656  12.393  12.772 0.0000000000
3605  -17.684  11.947  12.616 0.0000000000
3609  -10.740  12.124  12.113 0.0000000000
3616  -10.739  12.074  11.973 0.0000000000
3611  -11.421  12.217  12.456 0.0000000000
3228  -11.200  12.019  11.917 0.0000000000
3610  -11.014  12.229  12.135 0.0000000000
3612  -17.592  11.976  11.772 0.0000000000
3620  -17.389  12.016  12.210 0.0000000000
3617  -10.902  12.071  11.878 0.0000000000
3244  -17.201  11.754  11.590 0.0000000000
3243  -16.893  11.905  11.435 0.0000000000
3249  -17.076  11.982  11.064 0.0000000000
3626  -17.071  11.957  11.011 0.0000000000
3637  -17.087  11.999  10.974 0.0000000000
3543  -13.160  12.624  14.960 0.0000000000
3544  -13.435  12.375  15.185 0.0000000000
3987  -13.027  12.791  14.904 0.0000000000
3570  -12.847  12.367  14.266 0.0000000000
3557  -12.858  12.588  14.538 0.0000000000
3986  -12.805  13.025  14.693 0.0000000000
3546  -17.898  12.507  15.051 0.0000000000
3561  -17.943  12.485  14.694 0.0000000000
3973  -17.773  12.919  15.199 0.0000000000
3989  -17.841  12.787  14.584 0.0000000000
3573  -17.932  12.508  14.298 0.0000000000
4000  -12.769  12.731  14.410 0.0000000000
3569  -12.663  12.420  13.951 0.0000000000
3999  -12.581  12.992  14.132 0.0000000000
3586  -17.842  12.200  13.884 0.0000000000
4002  -17.796  12.891  14.107 0.0000000000
4015  -17.926  12.554  13.758 0.0000000000
4013  -12.321  12.706  13.575 0.0000000000
4014  -17.796  12.767  13.866 0.0000000000
4027  -17.745  12.545  13.308 0.0000000000
3582  -10.352  12.505  13.802 0.0000000000
3581  -10.385  12.756  13.620 0.0000000000
3593  -10.405  12.806  13.513 0.0000000000
4023  -10.568  12.936  13.596 0.0000000000
3602  -11.072  12.480  12.762 0.0000000000
3595  -10.760  12.822  13.013 0.0000000000
4024  -11.007  12.905  13.202 0.0000000000
4031  -10.793  12.685  13.010 0.0000000000
4026  -12.011  12.697  13.229 0.0000000000
3596  -12.231  12.489  12.998 0.0000000000
4034  -17.668  12.380  12.912 0.0000000000
4032  -11.273  12.677  12.975 0.0000000000
4025  -11.592  12.790  13.135 0.0000000000
4040  -17.436  12.295  12.350 0.0000000000
3619  -17.065  12.224  11.779 0.0000000000
4050  -17.244  12.426  12.067 0.0000000000
4049  -17.062  12.674  11.912 0.0000000000
3625  -16.707  12.229  11.258 0.0000000000
3624  -16.342  12.558  11.167 0.0000000000
4059  -16.131  12.997  11.108 0.0000000000
4073  -15.933  12.943  10.833 0.0000000000
4085  -16.056  12.801  10.250 0.0000000000
4097  -16.225  12.468  10.004 0.0000000000
3972  -17.797  12.782  15.213 0.0000000000
3988  -17.829  12.972  15.004 0.0000000000
4001  -17.773  13.003  14.396 0.0000000000
3985  -12.635  13.173  14.391 0.0000000000
4404  -12.519  13.480  14.429 0.0000000000
4413  -12.037  13.594  14.052 0.0000000000
4421  -12.049  13.260  13.770 0.0000000000
4406  -17.778  13.356  14.642 0.0000000000
4415  -17.620  13.279  14.143 0.0000000000
4012  -12.122  13.059  13.513 0.0000000000
4423  -17.583  13.214  13.747 0.0000000000
4433  -17.675  13.041  13.301 0.0000000000
4022  -10.326  12.963  13.720 0.0000000000
4010  -10.321  12.997  13.770 0.0000000000
4011  -10.645  12.973  13.795 0.0000000000
4429  -10.718  13.136  13.746 0.0000000000
4430  -10.888  13.208  13.551 0.0000000000
4431  -11.324  13.180  13.394 0.0000000000
4443  -17.563  12.877  12.925 0.0000000000
4033  -17.381  12.774  12.583 0.0000000000
4039  -17.175  12.760  12.122 0.0000000000
4048  -16.947  12.545  11.811 0.0000000000
4467  -17.022  12.979  12.010 0.0000000000
4466  -16.793  13.180  11.996 0.0000000000
4060  -16.376  12.690  11.323 0.0000000000
4047  -16.283  13.087  11.395 0.0000000000
4465  -16.219  13.123  11.473 0.0000000000
4478  -16.165  13.263  11.052 0.0000000000
4490  -16.193  13.241  10.557 0.0000000000
4501  -16.005  13.173  10.100 0.0000000000
4084  -15.784  13.028  10.060 0.0000000000
4511  -15.821  13.152  9.871 0.0000000000
4520  -15.661  13.067  9.394 0.0000000000
4557  -14.629  13.400  5.776 0.0000000000
4805  -12.005  14.129  14.465 0.0000000000
4814  -11.848  13.920  14.280 0.0000000000
4412  -11.956  13.782  14.024 0.0000000000
4816  -17.586  13.768  14.277 0.0000000000
4414  -17.299  13.563  13.883 0.0000000000
4420  -11.554  13.396  13.695 0.0000000000
4422  -17.382  13.368  13.512 0.0000000000
4418  -10.782  13.185  13.884 0.0000000000
4419  -11.076  13.405  13.749 0.0000000000
4432  -17.529  13.099  13.043 0.0000000000
4442  -17.310  13.214  12.833 0.0000000000
4453  -17.117  13.074  12.252 0.0000000000
4835  -17.273  13.595  13.215 0.0000000000
4846  -17.198  13.591  12.891 0.0000000000
4441  -17.095  13.437  12.758 0.0000000000
4452  -16.943  13.315  12.520 0.0000000000
4845  -16.988  13.655  12.707 0.0000000000
4856  -16.748  13.623  12.371 0.0000000000
4866  -16.478  13.561  11.766 0.0000000000
4876  -16.281  13.652  11.328 0.0000000000
4867  -16.757  13.739  12.014 0.0000000000
4886  -16.328  13.696  10.802 0.0000000000
4898  -16.271  13.593  10.213 0.0000000000
4500  -15.897  13.007  9.873 0.0000000000
4512  -15.984  13.152  9.992 0.0000000000
4908  -16.112  13.370  9.879 0.0000000000
4907  -15.868  13.554  9.595 0.0000000000
4913  -15.702  13.722  8.849 0.0000000000
4918  -15.685  13.661  8.601 0.0000000000
4537  -15.607  13.277  8.316 0.0000000000
4923  -15.538  13.671  8.160 0.0000000000
4543  -15.559  13.376  8.092 0.0000000000
4541  -14.975  13.485  7.576 0.0000000000
4546  -15.012  13.192  7.036 0.0000000000
4928  -15.220  13.781  7.592 0.0000000000
4929  -15.519  13.592  7.861 0.0000000000
4927  -14.934  13.668  7.360 0.0000000000
4932  -14.961  13.751  7.142 0.0000000000
4936  -14.844  13.442  6.882 0.0000000000
4938  -14.802  13.723  6.366 0.0000000000
4942  -14.606  13.946  5.917 0.0000000000
4560  -14.495  13.571  5.171 0.0000000000
4945  -14.347  13.916  5.487 0.0000000000
4563  -14.453  13.532  4.689 0.0000000000
4947  -14.433  13.985  4.902 0.0000000000
4566  -14.407  13.524  4.225 0.0000000000
4950  -14.326  14.020  4.360 0.0000000000
4570  -14.344  13.570  3.903 0.0000000000
4953  -14.314  13.813  4.079 0.0000000000
4813  -11.478  14.006  14.263 0.0000000000
4804  -11.775  14.280  14.600 0.0000000000
4825  -17.260  13.782  13.633 0.0000000000
5294  -17.260  14.048  13.375 0.0000000000
5308  -17.249  13.962  12.933 0.0000000000
5307  -16.822  14.018  12.632 0.0000000000
5320  -16.790  13.967  12.189 0.0000000000
5330  -16.587  14.100  11.773 0.0000000000
5331  -16.731  13.959  11.999 0.0000000000
5339  -16.363  13.986  11.112 0.0000000000
5349  -16.397  13.937  10.800 0.0000000000
5360  -16.376  13.871  10.549 0.0000000000
4897  -16.034  13.727  9.926 0.0000000000
5359  -16.115  14.018  10.185 0.0000000000
5367  -15.890  14.202  9.635 0.0000000000
5372  -15.720  13.925  9.246 0.0000000000
4912  -15.340  13.998  8.838 0.0000000000
4917  -15.324  13.950  8.375 0.0000000000
4922  -15.396  14.038  8.170 0.0000000000
4933  -15.030  13.890  7.293 0.0000000000
5383  -15.182  14.293  7.758 0.0000000000
5388  -15.141  14.140  7.395 0.0000000000
5387  -14.914  14.331  7.247 0.0000000000
5392  -14.975  13.815  7.059 0.0000000000
5396  -14.678  14.255  6.372 0.0000000000
5401  -14.623  14.012  5.978 0.0000000000
4941  -14.380  14.003  5.943 0.0000000000
4944  -14.414  14.158  5.920 0.0000000000
5400  -14.488  14.314  6.075 0.0000000000
5403  -14.315  14.400  5.650 0.0000000000
5404  -14.304  14.447  5.083 0.0000000000
5407  -14.267  14.451  4.726 0.0000000000
5278  -17.200  14.083  13.761 0.0000000000
5277  -16.981  14.282  13.555 0.0000000000
5293  -16.966  14.282  13.078 0.0000000000
5292  -16.449  14.257  12.907 0.0000000000
5306  -16.418  14.289  12.700 0.0000000000
5319  -16.543  14.283  12.384 0.0000000000
5784  -16.298  14.710  12.757 0.0000000000
5797  -16.396  14.694  12.189 0.0000000000
5807  -16.250  14.704  11.633 0.0000000000
5329  -16.493  14.117  11.698 0.0000000000
5338  -16.304  14.154  11.397 0.0000000000
5806  -16.293  14.298  11.625 0.0000000000
5816  -15.920  14.521  11.331 0.0000000000
5348  -16.263  14.229  10.837 0.0000000000
5826  -15.902  14.554  10.973 0.0000000000
5834  -15.884  14.553  10.529 0.0000000000
5838  -15.887  14.271  9.930 0.0000000000
5842  -15.711  14.175  9.310 0.0000000000
5371  -15.305  14.267  9.007 0.0000000000
5380  -15.219  14.204  7.808 0.0000000000
5852  -14.910  14.796  8.005 0.0000000000
5858  -14.909  14.533  7.637 0.0000000000
5857  -14.720  14.847  7.418 0.0000000000
5863  -14.633  14.633  6.962 0.0000000000
5867  -14.516  14.661  6.595 0.0000000000
5395  -14.504  14.484  6.338 0.0000000000
5866  -14.280  14.953  6.248 0.0000000000
5871  -14.305  14.879  5.968 0.0000000000
5874  -14.208  15.089  5.197 0.0000000000
5875  -14.309  14.867  4.899 0.0000000000
5772  -16.044  14.661  13.014 0.0000000000
5783  -16.047  14.912  12.914 0.0000000000
6302  -16.182  15.000  12.847 0.0000000000
6303  -16.367  15.195  12.569 0.0000000000
6317  -16.340  15.158  11.922 0.0000000000
6327  -16.247  15.134  11.464 0.0000000000
5817  -16.164  14.979  11.118 0.0000000000
5827  -16.056  14.905  10.965 0.0000000000
6330  -16.155  15.257  11.202 0.0000000000
6332  -16.076  15.154  10.946 0.0000000000
5835  -15.938  14.793  10.894 0.0000000000
6336  -16.060  14.948  10.836 0.0000000000
6335  -15.860  14.885  10.365 0.0000000000
6340  -15.765  14.856  9.994 0.0000000000
6344  -15.762  14.792  9.641 0.0000000000
5841  -15.150  14.703  9.196 0.0000000000
5848  -15.054  14.701  8.329 0.0000000000
5851  -14.789  14.908  7.800 0.0000000000
89558  -14.950  14.963  8.307 0.0000000000
6998  -14.707  15.519  8.210 0.0000000000
6353  -14.948  15.115  8.162 0.0000000000
6357  -14.722  15.090  7.648 0.0000000000
5856  -14.269  14.999  6.917 0.0000000000
6356  -14.572  15.132  7.349 0.0000000000
5862  -14.307  15.011  6.951 0.0000000000
6362  -14.276  15.248  6.466 0.0000000000
6286  -16.046  15.181  13.052 0.0000000000
6287  -16.310  15.431  12.861 0.0000000000
6858  -16.239  15.723  12.616 0.0000000000
6879  -16.182  15.573  12.071 0.0000000000
6898  -16.108  15.474  11.546 0.0000000000
6913  -15.933  15.464  11.071 0.0000000000
6927  -15.875  15.196  10.694 0.0000000000
6942  -15.871  15.010  10.434 0.0000000000
6941  -15.678  15.118  10.176 0.0000000000
6958  -15.684  15.089  9.956 0.0000000000
6339  -15.566  15.102  9.771 0.0000000000
6343  -15.308  15.045  9.413 0.0000000000
6347  -15.130  14.979  8.990 0.0000000000
6957  -15.273  15.268  9.775 0.0000000000
6972  -15.045  15.251  9.446 0.0000000000
6342  -15.128  14.980  9.289 0.0000000000
6346  -15.101  14.996  9.090 0.0000000000
6971  -15.021  14.941  9.491 0.0000000000
6983  -14.996  14.884  9.066 0.0000000000
6350  -14.999  15.173  8.871 0.0000000000
5845  -15.137  14.730  8.733 0.0000000000
89555  -15.055  14.873  8.495 0.0000000000
89556  -14.657  15.420  8.980 0.0000000000
7002  -14.649  15.417  7.494 0.0000000000
6360  -14.344  15.276  7.100 0.0000000000
7547  -16.054  15.932  12.100 0.0000000000
7556  -15.841  15.775  11.686 0.0000000000
7563  -15.805  15.676  11.318 0.0000000000
6912  -15.683  15.698  11.077 0.0000000000
6926  -15.502  15.642  10.682 0.0000000000
6940  -15.019  15.652  10.018 0.0000000000
6956  -14.796  15.367  9.896 0.0000000000
6970  -14.530  15.231  9.437 0.0000000000
7555  -15.563  15.851  11.836 0.0000000000
7562  -15.391  15.947  11.185 0.0000000000
5376  -15.233  14.378  8.566 0.0000000000
5771  -15.983  14.876  13.028 0.0000000000
5276  -16.496  14.239  13.360 0.0000000000
5758  -16.086  14.582  13.622 0.0000000000
5757  -15.903  14.807  13.253 0.0000000000
4815  -17.211  14.075  14.062 0.0000000000
5259  -17.458  14.054  13.840 0.0000000000
5258  -17.092  14.262  13.996 0.0000000000
5759  -16.589  14.398  13.820 0.0000000000
4411  -11.247  13.682  14.002 0.0000000000
4812  -11.060  13.907  14.391 0.0000000000
4803  -11.254  14.199  14.667 0.0000000000
4410  -10.707  13.410  14.198 0.0000000000
4811  -11.049  14.026  14.481 0.0000000000
4802  -10.965  14.030  14.933 0.0000000000
4403  -10.661  13.474  14.716 0.0000000000
3998  -10.386  12.987  14.281 0.0000000000
4409  -10.341  12.991  14.276 0.0000000000
4402  -10.411  13.201  14.567 0.0000000000
3997  -10.185  12.873  14.517 0.0000000000
3618  -16.886  12.073  11.686 0.0000000000
3568  -10.478  12.638  14.232 0.0000000000
2736  -10.225  11.617  13.421 0.0000000000
3527  -13.838  12.119  15.653 0.0000000000
3529  -14.736  12.135  15.870 0.0000000000
3530  -15.055  12.169  15.966 0.0000000000
3528  -14.313  12.136  15.804 0.0000000000
2053  -13.019  10.465  12.666 0.0000000000
