#!ascii label /Volumes/mturk1/subjects/wooster/rois/IT-subdivisions/old_surf_labels/rh_post_IT.label , from subject  vox2ras=TkReg
2028
29432  -22.174  25.314  26.056 0.0000000000
27728  -22.237  24.953  25.993 0.0000000000
27727  -22.161  25.107  26.061 0.0000000000
29431  -22.102  25.527  26.073 0.0000000000
27744  -22.515  24.861  25.794 0.0000000000
29453  -22.750  25.489  25.559 0.0000000000
31147  -22.239  25.962  26.017 0.0000000000
31148  -22.574  25.909  25.712 0.0000000000
27745  -22.899  25.103  25.579 0.0000000000
29454  -23.069  25.483  25.330 0.0000000000
31162  -22.974  25.964  25.414 0.0000000000
27746  -23.144  25.079  25.310 0.0000000000
29455  -23.390  25.319  25.179 0.0000000000
31163  -23.114  26.039  25.104 0.0000000000
29464  -23.331  25.734  25.153 0.0000000000
27752  -23.705  25.119  25.027 0.0000000000
29465  -23.710  25.548  24.880 0.0000000000
31175  -23.257  26.005  25.203 0.0000000000
31176  -23.561  26.084  25.007 0.0000000000
27753  -23.877  25.030  24.901 0.0000000000
29466  -23.927  25.271  24.778 0.0000000000
29477  -24.101  25.527  24.563 0.0000000000
29476  -23.916  25.808  24.722 0.0000000000
31188  -23.798  26.079  24.836 0.0000000000
27761  -23.962  25.113  24.810 0.0000000000
31189  -24.066  25.964  24.576 0.0000000000
27762  -24.394  24.950  24.547 0.0000000000
29478  -24.269  25.173  24.451 0.0000000000
29485  -24.869  25.327  24.135 0.0000000000
29484  -24.233  26.021  24.320 0.0000000000
31206  -24.129  25.946  23.905 0.0000000000
27771  -24.617  25.015  24.018 0.0000000000
31207  -24.564  25.892  24.193 0.0000000000
27772  -25.118  24.921  24.122 0.0000000000
29486  -25.277  25.404  23.984 0.0000000000
31208  -25.120  26.087  24.141 0.0000000000
27781  -25.139  24.960  23.924 0.0000000000
29500  -25.424  25.194  23.846 0.0000000000
29501  -25.710  25.446  23.790 0.0000000000
29487  -25.504  25.676  23.920 0.0000000000
31209  -25.520  26.068  24.000 0.0000000000
31229  -25.665  25.958  23.901 0.0000000000
27782  -25.645  24.840  23.739 0.0000000000
27783  -26.113  25.039  23.591 0.0000000000
29502  -26.112  25.494  23.636 0.0000000000
31230  -26.088  26.018  23.753 0.0000000000
29518  -26.395  25.388  23.346 0.0000000000
31245  -26.290  25.730  23.585 0.0000000000
27793  -26.524  24.859  23.213 0.0000000000
29519  -26.928  25.351  23.089 0.0000000000
31246  -26.641  25.829  23.391 0.0000000000
27794  -26.966  24.929  22.797 0.0000000000
29537  -27.007  25.160  22.857 0.0000000000
29538  -27.257  25.380  22.850 0.0000000000
29520  -27.210  25.665  22.995 0.0000000000
31247  -27.115  25.892  23.135 0.0000000000
31265  -27.454  26.014  22.850 0.0000000000
27805  -27.103  25.083  22.782 0.0000000000
27806  -27.469  24.976  22.682 0.0000000000
29539  -27.754  25.503  22.701 0.0000000000
27807  -28.043  25.106  22.424 0.0000000000
29540  -28.377  25.493  22.571 0.0000000000
31266  -27.953  25.965  22.938 0.0000000000
27808  -28.481  25.062  22.197 0.0000000000
29556  -28.777  25.239  22.350 0.0000000000
31267  -28.573  26.006  22.810 0.0000000000
29541  -28.996  25.524  22.669 0.0000000000
29521  -29.207  25.715  23.108 0.0000000000
29522  -29.267  25.179  23.052 0.0000000000
29542  -29.235  25.046  22.536 0.0000000000
31268  -28.975  25.984  23.068 0.0000000000
29557  -29.063  25.089  22.320 0.0000000000
27809  -29.283  24.611  22.756 0.0000000000
27819  -29.233  24.754  22.356 0.0000000000
29558  -29.194  24.960  22.261 0.0000000000
27817  -28.860  24.897  22.106 0.0000000000
27818  -29.142  24.771  22.155 0.0000000000
31131  -22.121  26.041  26.174 0.0000000000
32925  -22.256  26.342  26.345 0.0000000000
32936  -22.235  26.160  26.076 0.0000000000
32937  -22.614  26.344  25.970 0.0000000000
32957  -22.749  26.109  25.674 0.0000000000
32958  -22.901  26.259  25.613 0.0000000000
32978  -23.157  26.106  25.297 0.0000000000
32979  -23.550  26.348  25.228 0.0000000000
32998  -23.705  26.111  25.032 0.0000000000
32999  -23.867  26.309  24.922 0.0000000000
33021  -24.193  26.050  24.144 0.0000000000
33022  -24.523  26.021  24.235 0.0000000000
33023  -24.987  26.041  24.179 0.0000000000
33024  -25.497  26.183  24.130 0.0000000000
33041  -25.823  26.177  23.925 0.0000000000
33042  -26.169  26.303  23.836 0.0000000000
31231  -26.310  26.023  23.693 0.0000000000
33043  -26.592  26.266  23.638 0.0000000000
33060  -26.919  26.222  23.305 0.0000000000
33061  -27.413  26.278  23.097 0.0000000000
33082  -27.630  26.142  22.935 0.0000000000
31248  -27.956  26.128  22.993 0.0000000000
31249  -28.176  26.131  23.005 0.0000000000
33062  -27.929  26.326  23.193 0.0000000000
33083  -27.731  26.167  22.997 0.0000000000
33063  -28.571  26.346  23.164 0.0000000000
33084  -28.788  26.120  22.997 0.0000000000
31250  -29.190  26.005  23.364 0.0000000000
33064  -29.002  26.344  23.414 0.0000000000
33085  -28.981  26.039  22.996 0.0000000000
32924  -22.005  26.164  26.364 0.0000000000
32905  -21.841  26.342  26.747 0.0000000000
32906  -21.960  26.510  26.897 0.0000000000
34711  -22.353  26.737  26.665 0.0000000000
32926  -22.596  26.543  26.199 0.0000000000
34712  -22.674  26.729  26.423 0.0000000000
34726  -22.992  26.849  25.868 0.0000000000
32938  -22.928  26.556  25.880 0.0000000000
34727  -23.060  26.773  26.035 0.0000000000
34746  -23.035  26.936  25.835 0.0000000000
32959  -23.280  26.464  25.516 0.0000000000
34747  -23.708  26.845  25.585 0.0000000000
34758  -23.913  26.681  25.261 0.0000000000
32980  -23.913  26.455  25.059 0.0000000000
34759  -24.157  26.750  25.120 0.0000000000
34776  -24.201  26.712  24.969 0.0000000000
33000  -24.422  26.283  24.519 0.0000000000
34777  -24.672  26.640  24.706 0.0000000000
33001  -24.774  26.324  24.414 0.0000000000
34778  -25.130  26.739  24.536 0.0000000000
34796  -25.329  26.443  24.283 0.0000000000
34797  -25.745  26.745  24.260 0.0000000000
33025  -25.912  26.424  24.052 0.0000000000
34798  -26.412  26.764  24.005 0.0000000000
34816  -26.453  26.507  23.787 0.0000000000
34817  -26.794  26.664  23.681 0.0000000000
34832  -26.809  26.461  23.452 0.0000000000
34833  -27.093  26.584  23.351 0.0000000000
34834  -27.519  26.615  23.340 0.0000000000
33044  -28.283  26.682  23.456 0.0000000000
34819  -27.891  26.829  23.603 0.0000000000
33045  -28.754  26.739  23.626 0.0000000000
31251  -29.101  26.221  23.480 0.0000000000
33065  -29.041  26.406  23.681 0.0000000000
33046  -29.075  26.707  23.924 0.0000000000
33047  -29.159  26.440  23.892 0.0000000000
31233  -29.216  26.163  23.660 0.0000000000
34699  -22.194  26.825  27.036 0.0000000000
34700  -22.695  27.010  26.818 0.0000000000
34701  -22.932  26.926  26.559 0.0000000000
34713  -23.033  26.893  26.301 0.0000000000
36381  -23.020  27.203  26.736 0.0000000000
36393  -23.244  27.113  26.302 0.0000000000
34714  -23.307  27.007  26.082 0.0000000000
34728  -23.516  27.025  25.952 0.0000000000
36394  -23.831  27.369  26.070 0.0000000000
36409  -23.920  27.147  25.738 0.0000000000
36430  -23.976  26.995  25.548 0.0000000000
34748  -24.014  26.882  25.397 0.0000000000
36431  -24.151  27.077  25.460 0.0000000000
36453  -24.389  27.044  25.201 0.0000000000
34760  -24.507  26.888  24.990 0.0000000000
36454  -24.718  27.177  25.115 0.0000000000
34761  -24.808  26.990  24.850 0.0000000000
36455  -25.040  27.251  24.969 0.0000000000
36474  -25.335  27.154  24.732 0.0000000000
34779  -25.565  27.010  24.485 0.0000000000
36475  -25.751  27.367  24.690 0.0000000000
36490  -25.928  27.130  24.374 0.0000000000
36491  -26.294  27.240  24.296 0.0000000000
34799  -27.091  27.006  23.950 0.0000000000
36492  -26.913  27.275  24.107 0.0000000000
34818  -27.316  26.844  23.660 0.0000000000
34800  -27.645  27.176  23.878 0.0000000000
36493  -27.410  27.444  24.176 0.0000000000
34801  -28.212  27.268  23.825 0.0000000000
36494  -27.969  27.581  24.125 0.0000000000
34820  -28.354  27.114  23.773 0.0000000000
34802  -28.727  27.214  23.937 0.0000000000
36495  -28.588  27.654  24.081 0.0000000000
34821  -28.854  26.899  23.947 0.0000000000
34803  -29.036  27.009  24.188 0.0000000000
36496  -28.930  27.317  24.257 0.0000000000
34780  -29.222  27.024  24.578 0.0000000000
33026  -29.352  26.868  24.335 0.0000000000
36380  -22.906  27.338  26.965 0.0000000000
38133  -23.279  27.714  27.108 0.0000000000
38148  -22.953  27.306  26.728 0.0000000000
38149  -23.627  27.646  26.661 0.0000000000
36410  -24.238  27.487  25.863 0.0000000000
36395  -24.121  27.580  26.141 0.0000000000
38150  -24.143  27.809  26.522 0.0000000000
38164  -24.248  27.690  26.154 0.0000000000
36432  -24.576  27.438  25.536 0.0000000000
36411  -24.504  27.660  25.818 0.0000000000
38165  -24.585  27.855  26.064 0.0000000000
38184  -24.643  27.710  25.782 0.0000000000
36433  -24.967  27.548  25.298 0.0000000000
38185  -24.860  27.767  25.657 0.0000000000
36434  -25.181  27.583  25.155 0.0000000000
38186  -25.314  27.904  25.353 0.0000000000
36456  -25.401  27.520  24.973 0.0000000000
38199  -25.878  27.827  24.932 0.0000000000
38206  -26.009  27.653  24.750 0.0000000000
36476  -26.071  27.413  24.549 0.0000000000
38207  -26.208  27.740  24.581 0.0000000000
38216  -26.640  27.745  24.286 0.0000000000
38217  -27.134  27.797  24.281 0.0000000000
38218  -27.654  28.045  24.371 0.0000000000
38219  -28.170  27.944  24.138 0.0000000000
36477  -28.782  27.926  24.077 0.0000000000
36478  -28.983  27.637  24.548 0.0000000000
38220  -28.580  27.937  24.171 0.0000000000
38132  -22.998  27.737  27.458 0.0000000000
38119  -23.133  27.955  27.756 0.0000000000
39825  -23.342  27.948  27.313 0.0000000000
39840  -23.449  27.830  26.824 0.0000000000
38134  -23.798  27.871  26.983 0.0000000000
39841  -23.542  27.980  27.207 0.0000000000
38135  -24.209  28.080  27.015 0.0000000000
39842  -23.941  28.145  27.203 0.0000000000
39853  -24.132  28.054  26.931 0.0000000000
38151  -24.477  28.004  26.389 0.0000000000
39854  -24.533  28.247  26.700 0.0000000000
39870  -24.706  28.159  26.336 0.0000000000
38166  -25.002  28.043  25.848 0.0000000000
39871  -25.038  28.331  26.193 0.0000000000
38167  -25.237  28.151  25.680 0.0000000000
39872  -25.289  28.397  25.932 0.0000000000
39889  -25.623  28.366  25.600 0.0000000000
39900  -25.828  28.149  25.231 0.0000000000
38200  -26.172  27.989  24.780 0.0000000000
39901  -26.245  28.292  25.057 0.0000000000
39911  -26.478  28.189  24.575 0.0000000000
39920  -26.894  28.112  24.387 0.0000000000
39921  -27.268  28.188  24.501 0.0000000000
38208  -27.832  28.347  24.519 0.0000000000
38209  -28.000  28.216  24.280 0.0000000000
39913  -27.495  28.560  24.675 0.0000000000
39922  -27.470  28.234  24.556 0.0000000000
38210  -28.635  28.176  24.396 0.0000000000
39826  -23.536  28.230  27.518 0.0000000000
38120  -23.458  28.145  27.841 0.0000000000
39809  -23.797  28.373  28.004 0.0000000000
39827  -23.993  28.390  27.701 0.0000000000
39810  -24.028  28.712  27.960 0.0000000000
41489  -24.107  28.681  28.008 0.0000000000
41498  -24.287  28.547  27.414 0.0000000000
39843  -24.196  28.216  26.839 0.0000000000
41499  -24.842  28.720  26.944 0.0000000000
41512  -24.886  28.631  26.758 0.0000000000
39855  -24.892  28.420  26.502 0.0000000000
41513  -25.142  28.790  26.573 0.0000000000
41533  -25.377  28.761  26.211 0.0000000000
41534  -25.641  28.780  25.958 0.0000000000
41549  -25.994  28.838  25.674 0.0000000000
39890  -26.019  28.469  25.353 0.0000000000
41550  -26.293  28.816  25.451 0.0000000000
41559  -26.574  28.709  25.201 0.0000000000
39902  -26.668  28.485  24.947 0.0000000000
39912  -27.013  28.443  24.724 0.0000000000
41560  -26.999  28.845  25.079 0.0000000000
41569  -27.263  28.750  24.857 0.0000000000
39914  -27.984  28.654  24.652 0.0000000000
39903  -27.536  28.794  24.807 0.0000000000
39904  -27.690  28.821  24.785 0.0000000000
41561  -27.469  28.950  24.995 0.0000000000
41570  -27.386  28.776  24.839 0.0000000000
39915  -28.408  28.601  24.632 0.0000000000
41562  -27.995  29.093  24.845 0.0000000000
41571  -28.322  28.956  24.807 0.0000000000
39916  -28.741  28.555  24.868 0.0000000000
41572  -28.630  28.899  24.953 0.0000000000
39905  -28.852  28.567  24.840 0.0000000000
38211  -28.924  28.048  24.876 0.0000000000
41564  -28.946  28.872  25.023 0.0000000000
41573  -28.902  28.869  24.968 0.0000000000
41471  -24.095  28.757  28.139 0.0000000000
41472  -24.400  29.009  28.098 0.0000000000
41490  -24.600  28.899  27.621 0.0000000000
43092  -24.831  29.351  27.975 0.0000000000
43110  -24.907  29.111  27.353 0.0000000000
43117  -24.975  28.991  27.061 0.0000000000
41500  -25.029  28.861  26.970 0.0000000000
43118  -25.210  29.184  26.971 0.0000000000
43131  -25.548  29.222  26.416 0.0000000000
43150  -25.608  29.000  26.149 0.0000000000
43151  -25.929  29.232  26.002 0.0000000000
43159  -26.076  29.102  25.706 0.0000000000
43160  -26.449  29.298  25.682 0.0000000000
41551  -26.710  29.057  25.378 0.0000000000
43161  -26.916  29.385  25.562 0.0000000000
41552  -27.090  28.966  25.080 0.0000000000
43162  -27.391  29.467  25.371 0.0000000000
43168  -27.845  29.258  25.047 0.0000000000
43169  -28.183  29.351  25.137 0.0000000000
41563  -28.527  29.122  25.100 0.0000000000
41553  -28.752  28.930  25.625 0.0000000000
41554  -28.790  28.771  25.219 0.0000000000
43164  -28.419  29.483  25.439 0.0000000000
43170  -28.384  29.316  25.212 0.0000000000
43091  -24.385  29.018  27.922 0.0000000000
43080  -24.417  29.210  28.543 0.0000000000
43081  -24.857  29.698  28.592 0.0000000000
44753  -25.041  29.714  28.241 0.0000000000
43111  -25.178  29.443  27.439 0.0000000000
43093  -25.191  29.624  27.738 0.0000000000
44754  -25.249  29.921  28.001 0.0000000000
44770  -25.512  29.846  27.465 0.0000000000
44780  -25.419  29.658  27.002 0.0000000000
44794  -25.499  29.462  26.731 0.0000000000
43132  -25.879  29.446  26.275 0.0000000000
44795  -25.908  29.735  26.546 0.0000000000
44812  -26.059  29.543  26.208 0.0000000000
43152  -26.198  29.339  25.864 0.0000000000
44813  -26.419  29.733  26.037 0.0000000000
44823  -26.713  29.582  25.745 0.0000000000
44824  -27.072  29.739  25.736 0.0000000000
44825  -27.509  29.920  25.689 0.0000000000
43163  -27.896  29.640  25.328 0.0000000000
44826  -28.049  29.883  25.664 0.0000000000
43153  -28.676  29.371  26.007 0.0000000000
44827  -28.371  29.758  25.877 0.0000000000
44740  -25.129  29.861  28.376 0.0000000000
44741  -25.195  30.139  28.634 0.0000000000
46441  -25.725  30.502  27.970 0.0000000000
46459  -25.594  30.140  27.726 0.0000000000
44781  -25.723  29.940  27.012 0.0000000000
44771  -25.759  29.889  27.109 0.0000000000
46460  -25.935  30.294  27.508 0.0000000000
46472  -25.920  30.174  27.005 0.0000000000
46484  -25.947  30.032  26.794 0.0000000000
44796  -26.260  29.934  26.394 0.0000000000
46485  -26.303  30.200  26.658 0.0000000000
46501  -26.406  30.024  26.325 0.0000000000
44814  -27.066  30.075  26.125 0.0000000000
46502  -26.735  30.107  26.272 0.0000000000
44815  -27.348  30.083  25.894 0.0000000000
46503  -27.341  30.234  26.112 0.0000000000
46516  -27.482  30.132  25.857 0.0000000000
46517  -27.757  30.150  25.868 0.0000000000
46518  -28.189  30.098  26.000 0.0000000000
44816  -28.470  29.896  26.238 0.0000000000
46428  -25.484  30.644  28.399 0.0000000000
48198  -25.870  30.841  28.049 0.0000000000
48211  -25.791  30.961  28.061 0.0000000000
46442  -25.926  30.591  27.819 0.0000000000
48212  -26.025  30.842  28.025 0.0000000000
48229  -26.033  30.625  27.758 0.0000000000
46473  -26.146  30.353  27.040 0.0000000000
46461  -26.193  30.462  27.316 0.0000000000
48230  -26.264  30.708  27.569 0.0000000000
48240  -26.343  30.618  27.133 0.0000000000
48252  -26.321  30.469  26.903 0.0000000000
46486  -26.951  30.372  26.575 0.0000000000
48253  -26.604  30.613  26.854 0.0000000000
46487  -27.509  30.534  26.502 0.0000000000
48254  -27.141  30.732  26.841 0.0000000000
46504  -27.882  30.310  26.211 0.0000000000
46488  -27.980  30.417  26.679 0.0000000000
48255  -27.678  30.707  26.919 0.0000000000
46474  -28.036  30.445  27.178 0.0000000000
46489  -28.251  30.138  26.987 0.0000000000
46505  -28.262  30.144  26.468 0.0000000000
46475  -28.217  30.145  27.472 0.0000000000
44782  -28.307  29.832  27.366 0.0000000000
44797  -28.425  29.899  26.944 0.0000000000
48199  -25.758  30.996  28.501 0.0000000000
46429  -25.328  30.456  28.888 0.0000000000
48188  -25.711  30.932  29.019 0.0000000000
48200  -25.889  31.143  28.846 0.0000000000
49921  -26.129  31.409  28.681 0.0000000000
49920  -26.006  31.191  28.341 0.0000000000
49930  -25.983  30.950  28.083 0.0000000000
48189  -25.999  31.274  28.982 0.0000000000
48213  -26.281  31.007  27.837 0.0000000000
49931  -26.264  31.449  28.027 0.0000000000
48231  -26.550  31.023  27.617 0.0000000000
48214  -26.461  31.163  27.735 0.0000000000
49932  -26.396  31.262  27.801 0.0000000000
49945  -26.755  31.424  27.717 0.0000000000
48241  -26.755  30.901  27.232 0.0000000000
49958  -26.785  31.129  27.483 0.0000000000
48242  -27.378  30.963  27.150 0.0000000000
49959  -27.107  31.186  27.412 0.0000000000
48232  -27.701  30.911  27.464 0.0000000000
48243  -27.808  30.737  27.371 0.0000000000
48233  -27.824  30.726  27.832 0.0000000000
46462  -28.056  30.359  27.715 0.0000000000
49912  -26.039  31.502  29.161 0.0000000000
51597  -26.389  31.919  28.910 0.0000000000
51607  -26.582  31.815  28.449 0.0000000000
49944  -26.707  31.717  27.936 0.0000000000
51614  -26.805  31.798  28.124 0.0000000000
51615  -26.839  31.993  28.067 0.0000000000
49946  -27.335  31.351  27.755 0.0000000000
51616  -27.173  31.619  27.955 0.0000000000
49947  -27.843  30.877  28.007 0.0000000000
49933  -27.420  31.398  28.176 0.0000000000
49934  -27.813  30.912  28.500 0.0000000000
48215  -27.772  30.755  28.284 0.0000000000
51588  -26.190  31.862  29.026 0.0000000000
51589  -26.717  32.207  28.970 0.0000000000
51598  -26.863  32.032  28.750 0.0000000000
51590  -27.104  32.065  29.004 0.0000000000
51599  -27.150  31.815  28.649 0.0000000000
51608  -26.856  32.032  28.266 0.0000000000
49913  -27.333  31.553  29.046 0.0000000000
49922  -27.387  31.442  28.591 0.0000000000
51609  -27.170  31.703  28.274 0.0000000000
51578  -27.249  31.898  29.340 0.0000000000
53131  -27.150  32.131  29.217 0.0000000000
53130  -26.977  32.230  29.180 0.0000000000
53129  -26.682  32.092  29.068 0.0000000000
49923  -27.729  31.033  28.949 0.0000000000
48201  -27.745  30.769  28.700 0.0000000000
49914  -27.622  31.160  29.276 0.0000000000
48190  -27.748  30.771  29.067 0.0000000000
49902  -27.592  31.119  29.548 0.0000000000
48177  -27.707  30.852  29.506 0.0000000000
49901  -27.340  31.363  29.607 0.0000000000
49911  -25.769  31.207  29.352 0.0000000000
49899  -25.779  31.523  29.640 0.0000000000
49900  -26.040  31.787  29.370 0.0000000000
48175  -25.500  30.933  29.616 0.0000000000
48176  -27.499  30.994  29.727 0.0000000000
46443  -27.908  30.393  28.134 0.0000000000
46430  -27.787  30.463  28.529 0.0000000000
46418  -27.788  30.361  28.921 0.0000000000
46406  -27.731  30.332  29.459 0.0000000000
46417  -25.311  30.528  29.254 0.0000000000
46405  -27.488  30.618  29.818 0.0000000000
48164  -27.289  30.963  30.072 0.0000000000
46404  -25.272  30.643  29.609 0.0000000000
48174  -25.283  30.772  29.839 0.0000000000
48162  -25.275  30.975  30.134 0.0000000000
48163  -25.445  31.188  29.916 0.0000000000
46403  -25.148  30.495  29.796 0.0000000000
46463  -28.187  30.130  27.744 0.0000000000
44773  -28.245  29.904  27.894 0.0000000000
44772  -28.171  30.127  27.876 0.0000000000
44755  -28.119  30.114  28.108 0.0000000000
44743  -27.963  30.066  28.587 0.0000000000
44742  -25.050  30.163  28.991 0.0000000000
44732  -25.126  30.216  28.934 0.0000000000
44733  -27.956  29.763  29.175 0.0000000000
44731  -25.076  30.181  29.244 0.0000000000
46416  -25.203  30.455  29.481 0.0000000000
46393  -27.613  30.203  29.950 0.0000000000
44722  -27.763  29.754  29.823 0.0000000000
46392  -27.339  30.414  30.277 0.0000000000
44721  -24.928  30.196  29.668 0.0000000000
46402  -24.949  30.330  29.918 0.0000000000
46391  -25.078  30.582  30.065 0.0000000000
44720  -24.614  29.975  30.066 0.0000000000
46390  -24.845  30.436  30.189 0.0000000000
44711  -27.612  29.889  30.308 0.0000000000
48161  -25.051  30.746  30.253 0.0000000000
44817  -28.828  29.706  26.230 0.0000000000
43120  -28.329  29.377  27.236 0.0000000000
43134  -28.578  29.175  26.792 0.0000000000
44798  -28.718  29.442  26.648 0.0000000000
43113  -28.284  29.439  27.754 0.0000000000
44756  -28.209  29.801  28.405 0.0000000000
43095  -28.261  29.445  28.230 0.0000000000
44744  -28.190  29.877  29.011 0.0000000000
43084  -28.277  29.484  28.714 0.0000000000
44734  -28.197  29.580  29.034 0.0000000000
43075  -28.273  29.537  28.976 0.0000000000
43082  -24.989  29.945  28.860 0.0000000000
43073  -25.113  29.986  28.787 0.0000000000
43074  -28.218  29.243  29.136 0.0000000000
43064  -28.025  29.204  29.711 0.0000000000
43072  -24.864  29.759  28.865 0.0000000000
44730  -24.833  30.003  29.496 0.0000000000
43063  -24.674  29.787  29.548 0.0000000000
43051  -27.825  29.262  30.356 0.0000000000
43062  -24.303  29.470  29.647 0.0000000000
44719  -24.306  29.737  30.183 0.0000000000
44709  -24.490  30.014  30.213 0.0000000000
43050  -24.240  29.644  30.059 0.0000000000
44708  -24.231  29.903  30.376 0.0000000000
41536  -28.967  29.004  25.882 0.0000000000
41535  -28.744  28.828  26.141 0.0000000000
43154  -28.857  29.380  26.030 0.0000000000
43133  -28.434  28.888  27.179 0.0000000000
41516  -28.539  28.751  26.584 0.0000000000
41517  -28.780  28.937  26.452 0.0000000000
43135  -28.783  29.220  26.459 0.0000000000
43119  -28.218  28.942  27.144 0.0000000000
41515  -28.016  28.668  26.998 0.0000000000
43112  -28.126  29.042  27.603 0.0000000000
41493  -28.024  28.941  27.521 0.0000000000
41502  -28.116  28.737  27.054 0.0000000000
43094  -28.088  28.930  27.930 0.0000000000
41475  -27.727  28.788  28.024 0.0000000000
43083  -28.157  29.099  28.637 0.0000000000
41464  -28.133  28.889  28.684 0.0000000000
41461  -24.071  28.838  28.540 0.0000000000
41454  -28.112  28.605  29.174 0.0000000000
43071  -24.450  29.327  29.012 0.0000000000
41451  -24.120  28.962  28.989 0.0000000000
41439  -28.245  28.663  29.641 0.0000000000
41438  -24.075  29.016  29.221 0.0000000000
41423  -28.200  28.696  30.187 0.0000000000
41437  -23.883  28.933  29.402 0.0000000000
43061  -23.652  29.169  29.862 0.0000000000
43049  -23.940  29.502  30.219 0.0000000000
41436  -22.996  28.842  30.026 0.0000000000
43060  -23.206  28.948  29.916 0.0000000000
43048  -23.422  29.198  30.089 0.0000000000
41422  -23.135  28.927  30.034 0.0000000000
43033  -23.431  29.371  30.515 0.0000000000
43034  -23.933  29.755  30.684 0.0000000000
44707  -23.993  29.822  30.608 0.0000000000
41406  -23.216  29.095  30.156 0.0000000000
39892  -28.814  28.394  25.501 0.0000000000
39891  -28.861  28.300  25.843 0.0000000000
39874  -28.515  28.302  26.202 0.0000000000
39859  -28.218  28.357  26.540 0.0000000000
41514  -27.795  28.381  26.959 0.0000000000
39858  -27.861  28.144  26.688 0.0000000000
41501  -27.598  28.443  27.242 0.0000000000
39857  -27.434  28.113  26.955 0.0000000000
41492  -27.351  28.491  27.720 0.0000000000
39845  -27.161  28.236  27.431 0.0000000000
41491  -26.994  28.386  28.193 0.0000000000
39830  -27.032  28.271  27.781 0.0000000000
41474  -27.234  28.413  28.156 0.0000000000
41473  -27.003  28.317  28.062 0.0000000000
39812  -26.941  28.247  28.222 0.0000000000
39829  -26.792  28.130  27.801 0.0000000000
41463  -27.599  28.454  28.614 0.0000000000
39805  -27.268  28.356  28.419 0.0000000000
39813  -26.930  28.183  28.218 0.0000000000
41470  -23.968  28.641  28.146 0.0000000000
41460  -24.027  28.738  28.257 0.0000000000
39802  -23.687  28.450  28.492 0.0000000000
41453  -27.924  28.402  29.001 0.0000000000
41462  -27.589  28.268  28.860 0.0000000000
39804  -27.243  28.245  28.652 0.0000000000
41452  -27.770  28.280  28.959 0.0000000000
39791  -27.612  28.186  29.035 0.0000000000
39803  -24.080  28.889  28.705 0.0000000000
39790  -24.042  28.914  28.996 0.0000000000
39774  -28.268  28.203  29.599 0.0000000000
39793  -28.147  28.256  29.403 0.0000000000
39792  -27.916  28.205  29.296 0.0000000000
39789  -23.805  28.705  28.944 0.0000000000
41450  -24.037  28.879  29.244 0.0000000000
39772  -23.877  28.779  29.106 0.0000000000
39751  -28.380  28.091  30.066 0.0000000000
39771  -23.407  28.483  29.298 0.0000000000
39770  -22.793  28.519  29.716 0.0000000000
41435  -22.962  28.775  29.994 0.0000000000
41421  -22.810  28.858  30.090 0.0000000000
39750  -22.777  28.763  29.993 0.0000000000
41407  -28.045  28.693  30.754 0.0000000000
39731  -28.351  28.262  30.549 0.0000000000
41405  -23.033  29.002  30.216 0.0000000000
39749  -22.468  28.711  30.011 0.0000000000
41420  -22.318  28.904  30.124 0.0000000000
43047  -22.562  29.081  30.244 0.0000000000
39748  -22.066  28.714  29.997 0.0000000000
41419  -21.902  28.961  30.118 0.0000000000
43046  -22.123  29.173  30.235 0.0000000000
39747  -21.609  28.754  29.883 0.0000000000
41418  -21.449  29.014  30.062 0.0000000000
43045  -21.661  29.392  30.210 0.0000000000
39746  -21.150  28.944  29.765 0.0000000000
41417  -21.006  29.308  29.822 0.0000000000
43044  -21.169  29.542  30.046 0.0000000000
41433  -20.895  28.936  29.522 0.0000000000
43043  -20.942  29.822  29.823 0.0000000000
43059  -20.603  29.463  29.542 0.0000000000
43032  -22.817  29.412  30.540 0.0000000000
38201  -28.860  27.972  25.329 0.0000000000
38188  -28.761  27.970  25.735 0.0000000000
38187  -28.678  27.901  26.178 0.0000000000
39873  -27.984  28.101  26.401 0.0000000000
38170  -28.414  27.796  26.153 0.0000000000
38155  -27.883  27.879  26.519 0.0000000000
38169  -27.998  27.571  26.356 0.0000000000
38154  -27.561  27.660  26.655 0.0000000000
39856  -27.042  27.863  26.960 0.0000000000
38153  -27.014  27.718  26.976 0.0000000000
39844  -26.936  28.063  27.411 0.0000000000
38138  -27.034  27.974  27.168 0.0000000000
38123  -26.718  27.902  27.489 0.0000000000
39828  -26.636  28.128  27.829 0.0000000000
38122  -26.324  27.739  27.766 0.0000000000
39811  -26.684  28.098  28.137 0.0000000000
38108  -26.485  27.886  28.290 0.0000000000
38101  -26.815  28.082  28.600 0.0000000000
38109  -26.739  28.091  28.324 0.0000000000
38107  -23.498  28.111  27.888 0.0000000000
38076  -27.027  28.003  29.127 0.0000000000
38099  -23.288  28.108  28.484 0.0000000000
39801  -23.319  28.192  28.675 0.0000000000
39788  -23.396  28.293  28.883 0.0000000000
38098  -23.092  28.005  28.736 0.0000000000
39773  -28.116  28.032  29.542 0.0000000000
38046  -27.760  27.764  29.512 0.0000000000
38077  -27.608  28.018  29.222 0.0000000000
38074  -22.876  28.054  29.194 0.0000000000
38047  -28.301  27.696  29.852 0.0000000000
38044  -22.845  28.222  29.273 0.0000000000
38043  -22.416  28.155  29.366 0.0000000000
39769  -22.173  28.433  29.751 0.0000000000
38042  -21.982  28.105  29.379 0.0000000000
39768  -21.750  28.423  29.676 0.0000000000
38041  -21.490  28.187  29.367 0.0000000000
39767  -21.214  28.583  29.452 0.0000000000
38040  -21.256  28.265  29.255 0.0000000000
38070  -21.163  28.137  29.200 0.0000000000
39787  -20.989  28.510  29.220 0.0000000000
39766  -20.819  28.993  29.583 0.0000000000
41434  -20.982  28.813  29.473 0.0000000000
41449  -20.914  28.699  29.328 0.0000000000
38021  -28.409  27.598  30.279 0.0000000000
38020  -28.415  27.774  30.055 0.0000000000
39752  -28.427  27.952  30.403 0.0000000000
36457  -28.988  27.527  25.181 0.0000000000
36436  -28.790  27.403  25.739 0.0000000000
36435  -28.648  27.694  25.947 0.0000000000
36414  -28.450  27.261  26.192 0.0000000000
38168  -27.742  27.351  26.474 0.0000000000
36413  -27.935  27.091  26.377 0.0000000000
36412  -27.491  27.144  26.578 0.0000000000
36398  -27.108  27.264  26.760 0.0000000000
38152  -26.750  27.455  26.999 0.0000000000
36397  -26.769  27.246  26.884 0.0000000000
38137  -26.576  27.590  27.239 0.0000000000
36396  -26.566  27.241  27.006 0.0000000000
38136  -26.181  27.421  27.453 0.0000000000
36383  -26.260  27.198  27.178 0.0000000000
38121  -25.942  27.298  27.751 0.0000000000
36382  -25.983  27.204  27.415 0.0000000000
36368  -22.760  27.561  27.650 0.0000000000
38118  -23.016  27.958  27.796 0.0000000000
36371  -26.155  27.581  28.124 0.0000000000
36370  -25.926  27.310  27.794 0.0000000000
36369  -23.100  27.870  27.926 0.0000000000
36357  -22.909  27.766  28.196 0.0000000000
38106  -23.129  27.938  28.307 0.0000000000
38100  -26.446  27.775  28.834 0.0000000000
36359  -26.187  27.619  28.452 0.0000000000
36339  -22.885  27.838  28.539 0.0000000000
38075  -26.578  27.699  29.171 0.0000000000
36313  -26.212  27.306  29.291 0.0000000000
36342  -25.966  27.302  28.901 0.0000000000
38097  -22.803  27.888  28.799 0.0000000000
36338  -22.460  27.571  28.532 0.0000000000
38073  -22.535  27.918  29.051 0.0000000000
38045  -27.322  27.633  29.510 0.0000000000
36292  -26.923  27.424  29.611 0.0000000000
36314  -26.686  27.609  29.313 0.0000000000
36310  -22.078  27.706  29.034 0.0000000000
38072  -22.096  27.914  29.172 0.0000000000
36309  -21.838  27.739  28.998 0.0000000000
38071  -21.680  27.937  29.192 0.0000000000
36308  -21.413  27.762  29.024 0.0000000000
36307  -21.008  27.820  29.026 0.0000000000
38069  -20.798  28.000  29.080 0.0000000000
39786  -20.869  28.175  28.957 0.0000000000
36306  -20.966  27.885  28.991 0.0000000000
38096  -20.880  27.849  29.010 0.0000000000
38095  -20.597  27.856  28.905 0.0000000000
38068  -20.260  28.243  28.840 0.0000000000
39785  -20.396  28.525  29.047 0.0000000000
38094  -19.967  27.973  28.578 0.0000000000
38067  -19.934  28.377  28.649 0.0000000000
39784  -19.968  28.687  28.766 0.0000000000
39800  -19.780  28.521  28.428 0.0000000000
36294  -28.009  27.255  29.880 0.0000000000
36295  -28.291  27.381  29.970 0.0000000000
38048  -28.358  27.444  30.039 0.0000000000
36293  -27.523  27.339  29.712 0.0000000000
38005  -28.446  27.477  30.840 0.0000000000
36263  -28.379  26.989  30.527 0.0000000000
36276  -28.314  27.235  30.122 0.0000000000
39732  -28.425  27.888  30.715 0.0000000000
34762  -29.170  27.061  25.040 0.0000000000
34749  -28.958  26.945  25.588 0.0000000000
36415  -28.857  26.893  26.001 0.0000000000
34734  -28.814  26.793  25.942 0.0000000000
34733  -28.581  26.741  26.213 0.0000000000
34732  -28.131  26.736  26.347 0.0000000000
34731  -27.598  26.722  26.547 0.0000000000
34718  -27.050  27.165  26.713 0.0000000000
34717  -26.862  26.912  26.776 0.0000000000
34716  -26.352  26.851  26.926 0.0000000000
34704  -26.078  27.004  27.189 0.0000000000
34703  -25.771  26.818  27.279 0.0000000000
36379  -22.327  27.059  27.112 0.0000000000
36367  -22.376  27.199  27.455 0.0000000000
34680  -22.086  26.943  27.442 0.0000000000
36358  -25.855  27.324  28.304 0.0000000000
34683  -25.584  26.963  27.935 0.0000000000
36356  -22.609  27.446  28.047 0.0000000000
36355  -22.375  27.281  27.816 0.0000000000
34652  -22.044  27.074  27.838 0.0000000000
36341  -25.678  27.231  28.770 0.0000000000
34656  -25.541  26.953  28.435 0.0000000000
34653  -22.092  27.166  27.925 0.0000000000
34626  -22.244  27.327  28.122 0.0000000000
36340  -25.394  27.051  28.855 0.0000000000
34629  -25.457  26.988  28.698 0.0000000000
36312  -25.544  27.113  29.144 0.0000000000
36311  -25.265  27.000  28.996 0.0000000000
34628  -25.151  26.790  28.718 0.0000000000
34625  -22.081  27.202  28.131 0.0000000000
36337  -22.097  27.363  28.870 0.0000000000
34624  -21.863  27.194  28.188 0.0000000000
36336  -21.622  27.457  28.691 0.0000000000
34623  -21.495  27.197  28.317 0.0000000000
36335  -21.183  27.545  28.758 0.0000000000
34622  -20.895  27.312  27.975 0.0000000000
36334  -20.905  27.643  28.801 0.0000000000
34621  -20.795  27.185  28.365 0.0000000000
36333  -20.439  27.486  28.644 0.0000000000
34620  -20.271  27.050  28.206 0.0000000000
36332  -19.986  27.401  28.368 0.0000000000
34647  -20.056  26.990  28.152 0.0000000000
36354  -19.852  27.275  28.119 0.0000000000
38105  -19.777  27.743  28.105 0.0000000000
36291  -26.541  27.169  29.666 0.0000000000
34585  -26.242  26.870  29.767 0.0000000000
34604  -26.097  26.954  29.471 0.0000000000
34603  -25.764  26.805  29.446 0.0000000000
34602  -25.272  26.821  29.211 0.0000000000
36275  -28.096  26.946  30.189 0.0000000000
34574  -27.739  26.887  29.980 0.0000000000
34588  -27.735  27.001  29.884 0.0000000000
34587  -27.351  27.020  29.793 0.0000000000
34586  -26.851  26.956  29.810 0.0000000000
36262  -28.156  26.734  30.381 0.0000000000
34559  -27.809  26.554  30.326 0.0000000000
36251  -28.442  27.069  31.112 0.0000000000
34548  -28.372  26.574  30.957 0.0000000000
34560  -28.180  26.506  30.580 0.0000000000
32981  -29.413  26.622  24.912 0.0000000000
33002  -29.698  26.899  24.860 0.0000000000
32960  -29.241  26.492  25.373 0.0000000000
32944  -28.946  26.354  25.816 0.0000000000
32943  -28.729  26.305  26.134 0.0000000000
32942  -28.370  26.300  26.358 0.0000000000
32941  -27.935  26.301  26.496 0.0000000000
34730  -27.136  26.617  26.697 0.0000000000
32940  -27.492  26.301  26.642 0.0000000000
34729  -26.778  26.588  26.768 0.0000000000
32939  -27.022  26.268  26.723 0.0000000000
32928  -26.553  26.306  26.793 0.0000000000
34715  -26.065  26.694  27.042 0.0000000000
32927  -26.053  26.399  26.919 0.0000000000
34702  -25.391  26.458  27.338 0.0000000000
32909  -25.601  26.240  27.144 0.0000000000
34682  -25.180  26.565  27.654 0.0000000000
32908  -25.139  26.129  27.426 0.0000000000
34698  -21.616  26.580  27.189 0.0000000000
34679  -21.772  26.838  27.536 0.0000000000
32904  -21.214  26.144  26.996 0.0000000000
34697  -21.168  26.385  27.015 0.0000000000
34678  -21.255  26.649  27.524 0.0000000000
32880  -21.035  26.291  27.125 0.0000000000
34655  -25.185  26.749  28.172 0.0000000000
34681  -24.928  26.334  27.749 0.0000000000
32883  -24.984  26.264  27.650 0.0000000000
34654  -24.875  26.440  27.979 0.0000000000
32882  -24.758  26.071  27.740 0.0000000000
34651  -21.921  27.105  28.060 0.0000000000
34650  -21.392  26.932  28.022 0.0000000000
32879  -20.922  26.231  27.318 0.0000000000
34677  -20.778  26.610  27.734 0.0000000000
34649  -21.017  26.883  28.031 0.0000000000
32878  -20.461  26.307  27.547 0.0000000000
34676  -20.287  26.718  27.889 0.0000000000
34648  -20.552  26.889  28.084 0.0000000000
32877  -20.047  26.425  27.666 0.0000000000
34675  -19.894  26.883  27.983 0.0000000000
32876  -19.958  26.634  27.807 0.0000000000
34674  -19.543  26.986  27.775 0.0000000000
36366  -19.684  27.360  27.912 0.0000000000
32875  -19.328  26.589  27.593 0.0000000000
34673  -18.997  26.922  27.599 0.0000000000
36365  -19.265  27.425  27.734 0.0000000000
32901  -19.011  26.386  27.291 0.0000000000
34696  -18.751  26.720  27.290 0.0000000000
34672  -18.725  27.013  27.379 0.0000000000
36364  -18.830  27.491  27.518 0.0000000000
34695  -18.465  26.921  27.148 0.0000000000
36363  -18.628  27.335  27.301 0.0000000000
32861  -25.007  26.449  28.369 0.0000000000
32860  -24.628  26.138  28.292 0.0000000000
34627  -24.856  26.556  28.812 0.0000000000
32847  -24.853  26.432  28.627 0.0000000000
34601  -24.887  26.663  29.065 0.0000000000
32846  -24.553  26.310  28.819 0.0000000000
34584  -25.636  26.597  29.922 0.0000000000
32821  -25.503  26.433  29.535 0.0000000000
32835  -25.446  26.608  29.366 0.0000000000
32834  -25.174  26.487  29.362 0.0000000000
32833  -24.676  26.363  29.402 0.0000000000
34573  -27.291  26.715  30.025 0.0000000000
34572  -26.735  26.622  30.103 0.0000000000
34571  -26.163  26.410  30.223 0.0000000000
34583  -25.291  26.335  30.080 0.0000000000
32820  -25.121  26.352  29.790 0.0000000000
34570  -25.658  26.333  30.222 0.0000000000
34569  -25.395  26.220  30.241 0.0000000000
32808  -25.086  26.056  30.243 0.0000000000
34558  -27.201  26.350  30.288 0.0000000000
34557  -26.655  26.252  30.308 0.0000000000
34556  -26.354  26.168  30.356 0.0000000000
32794  -26.056  26.013  30.441 0.0000000000
32810  -25.891  26.220  30.317 0.0000000000
32809  -25.603  26.133  30.340 0.0000000000
32784  -28.154  26.000  30.865 0.0000000000
32798  -27.981  26.253  30.567 0.0000000000
32797  -27.661  25.964  30.564 0.0000000000
32796  -26.983  25.976  30.504 0.0000000000
32795  -26.499  25.959  30.504 0.0000000000
33027  -29.341  26.504  24.167 0.0000000000
31211  -29.174  26.085  23.856 0.0000000000
33003  -29.424  26.544  24.713 0.0000000000
31191  -29.377  26.210  24.519 0.0000000000
32982  -29.816  26.452  25.102 0.0000000000
31178  -29.516  26.250  24.932 0.0000000000
31177  -29.362  26.018  24.937 0.0000000000
31164  -29.142  25.871  25.567 0.0000000000
31154  -28.841  25.829  25.996 0.0000000000
31153  -28.585  25.840  26.357 0.0000000000
31152  -28.208  25.879  26.560 0.0000000000
31151  -27.828  25.927  26.652 0.0000000000
31150  -27.450  25.758  26.717 0.0000000000
31149  -26.835  25.846  26.778 0.0000000000
31133  -26.327  25.887  26.803 0.0000000000
31132  -25.876  25.848  26.920 0.0000000000
31130  -21.812  25.915  26.405 0.0000000000
31111  -25.457  25.739  27.168 0.0000000000
32907  -24.954  25.948  27.538 0.0000000000
31110  -25.041  25.679  27.333 0.0000000000
31109  -24.954  25.856  27.406 0.0000000000
31108  -21.399  26.053  26.856 0.0000000000
31107  -21.220  25.809  26.934 0.0000000000
32903  -20.996  25.991  27.122 0.0000000000
31106  -20.667  25.830  27.100 0.0000000000
31102  -18.846  25.950  26.977 0.0000000000
32900  -18.687  26.371  27.066 0.0000000000
31103  -19.319  25.929  27.133 0.0000000000
32902  -19.413  26.287  27.412 0.0000000000
31101  -18.928  26.231  27.068 0.0000000000
31126  -18.814  25.880  26.859 0.0000000000
32923  -18.260  26.467  26.728 0.0000000000
32881  -24.428  25.833  28.018 0.0000000000
31086  -24.510  25.606  27.711 0.0000000000
32859  -24.415  25.875  28.204 0.0000000000
31067  -24.169  25.694  28.178 0.0000000000
31085  -24.241  25.456  27.887 0.0000000000
31084  -20.504  25.993  27.260 0.0000000000
31083  -19.877  26.033  27.364 0.0000000000
31082  -19.818  26.092  27.366 0.0000000000
31081  -19.622  26.164  27.376 0.0000000000
31057  -24.419  25.926  28.501 0.0000000000
31068  -24.414  25.889  28.304 0.0000000000
32845  -24.281  26.206  29.174 0.0000000000
31056  -24.137  25.935  28.736 0.0000000000
32832  -24.317  26.140  29.599 0.0000000000
31043  -24.077  25.965  29.359 0.0000000000
32819  -24.612  26.047  29.886 0.0000000000
32818  -24.355  25.997  29.775 0.0000000000
31031  -24.167  25.904  29.860 0.0000000000
32807  -24.782  26.017  30.114 0.0000000000
31020  -24.644  25.828  30.288 0.0000000000
31032  -24.388  25.852  30.024 0.0000000000
32793  -25.459  25.919  30.437 0.0000000000
32792  -25.122  25.970  30.297 0.0000000000
31003  -25.194  25.690  30.565 0.0000000000
31021  -24.945  25.811  30.400 0.0000000000
32783  -27.953  25.878  30.735 0.0000000000
30990  -27.868  25.612  30.847 0.0000000000
31008  -27.551  25.512  30.704 0.0000000000
31007  -27.162  25.592  30.642 0.0000000000
31006  -26.703  25.573  30.644 0.0000000000
31005  -26.230  25.572  30.644 0.0000000000
31004  -25.723  25.594  30.641 0.0000000000
31232  -29.263  25.899  23.559 0.0000000000
29503  -29.256  25.591  23.481 0.0000000000
31210  -29.276  25.848  23.818 0.0000000000
31190  -29.314  25.848  24.296 0.0000000000
29488  -29.259  25.463  23.977 0.0000000000
29479  -29.252  25.445  24.550 0.0000000000
29467  -29.156  25.246  25.222 0.0000000000
29456  -28.888  25.350  25.830 0.0000000000
29438  -28.710  25.288  26.343 0.0000000000
29437  -28.407  25.443  26.654 0.0000000000
29436  -28.025  25.505  26.761 0.0000000000
29435  -27.621  25.562  26.788 0.0000000000
29434  -27.180  25.566  26.803 0.0000000000
29411  -26.547  25.392  26.836 0.0000000000
29433  -26.881  25.515  26.818 0.0000000000
29410  -26.132  25.510  26.843 0.0000000000
29388  -25.800  25.315  27.079 0.0000000000
29409  -21.905  25.512  26.183 0.0000000000
29408  -21.509  25.433  26.468 0.0000000000
31129  -21.309  25.762  26.726 0.0000000000
29407  -21.236  25.431  26.822 0.0000000000
31127  -18.807  25.802  26.733 0.0000000000
31145  -18.310  25.871  26.309 0.0000000000
29387  -25.277  25.250  27.207 0.0000000000
29386  -24.791  25.202  27.393 0.0000000000
29366  -24.623  25.404  27.569 0.0000000000
29384  -20.678  25.610  26.914 0.0000000000
29383  -20.292  25.570  26.891 0.0000000000
31105  -20.269  25.715  27.095 0.0000000000
29382  -19.852  25.383  26.810 0.0000000000
31104  -19.874  25.726  27.118 0.0000000000
29381  -19.527  25.521  26.885 0.0000000000
29380  -18.987  25.894  26.989 0.0000000000
31128  -18.839  25.895  26.963 0.0000000000
29365  -24.418  25.103  27.653 0.0000000000
29355  -23.978  24.923  28.058 0.0000000000
31066  -24.006  25.636  28.279 0.0000000000
29354  -23.962  25.106  28.143 0.0000000000
31055  -23.794  25.718  28.564 0.0000000000
29345  -23.872  25.448  28.237 0.0000000000
31042  -23.769  25.859  29.105 0.0000000000
31054  -23.457  25.456  28.749 0.0000000000
29344  -23.517  25.160  28.430 0.0000000000
31041  -23.374  25.721  28.770 0.0000000000
29333  -23.135  25.231  29.043 0.0000000000
31030  -23.673  25.806  29.681 0.0000000000
31029  -23.360  25.707  29.306 0.0000000000
31019  -24.198  25.800  30.373 0.0000000000
31018  -23.697  25.758  30.308 0.0000000000
29324  -23.541  25.406  30.241 0.0000000000
29323  -23.170  25.467  29.681 0.0000000000
31002  -24.811  25.571  30.665 0.0000000000
31001  -24.385  25.498  30.816 0.0000000000
31000  -24.025  25.719  30.985 0.0000000000
31017  -23.231  25.763  30.483 0.0000000000
29314  -23.389  25.617  30.213 0.0000000000
30999  -23.431  25.710  30.898 0.0000000000
31016  -22.799  25.698  30.469 0.0000000000
29313  -23.039  25.458  30.053 0.0000000000
30998  -23.054  25.760  31.038 0.0000000000
31015  -22.380  25.463  30.405 0.0000000000
29312  -22.754  25.375  30.062 0.0000000000
30997  -22.418  25.626  30.851 0.0000000000
31014  -21.984  25.163  30.269 0.0000000000
29311  -22.228  25.086  29.990 0.0000000000
30996  -22.082  25.350  30.666 0.0000000000
29310  -21.947  25.113  30.401 0.0000000000
29304  -27.634  25.259  30.881 0.0000000000
29303  -27.286  25.183  30.812 0.0000000000
29302  -26.902  25.138  30.786 0.0000000000
29301  -26.407  25.160  30.799 0.0000000000
29300  -26.002  25.102  30.873 0.0000000000
29299  -25.439  25.248  30.839 0.0000000000
29298  -24.997  25.279  30.878 0.0000000000
29297  -24.693  25.306  30.905 0.0000000000
29282  -24.573  25.142  31.108 0.0000000000
30989  -24.263  25.313  31.089 0.0000000000
30988  -24.029  25.437  31.146 0.0000000000
30987  -23.587  25.477  31.213 0.0000000000
30986  -23.103  25.458  31.247 0.0000000000
30985  -22.532  25.360  31.369 0.0000000000
30984  -22.000  25.445  31.089 0.0000000000
29296  -21.702  25.163  30.893 0.0000000000
29281  -24.109  25.196  31.297 0.0000000000
29280  -23.713  25.241  31.427 0.0000000000
29279  -23.296  25.249  31.511 0.0000000000
29278  -22.934  25.265  31.576 0.0000000000
29260  -22.727  25.255  31.864 0.0000000000
30974  -22.296  25.354  31.850 0.0000000000
30973  -22.010  25.527  31.903 0.0000000000
29277  -21.693  25.286  31.363 0.0000000000
29504  -29.271  25.072  23.630 0.0000000000
27796  -29.375  24.887  23.106 0.0000000000
29489  -29.265  25.062  24.185 0.0000000000
27784  -29.255  24.671  23.889 0.0000000000
29480  -29.256  25.057  24.711 0.0000000000
27774  -29.255  24.737  24.416 0.0000000000
29468  -29.246  24.996  25.001 0.0000000000
27764  -29.296  24.981  24.994 0.0000000000
27755  -29.186  24.789  25.112 0.0000000000
27747  -28.868  24.972  25.730 0.0000000000
27754  -28.964  24.757  25.388 0.0000000000
27729  -28.777  24.857  26.131 0.0000000000
29416  -28.519  25.042  26.756 0.0000000000
27710  -28.673  24.732  26.598 0.0000000000
29415  -28.186  25.095  26.858 0.0000000000
29414  -27.817  25.180  26.880 0.0000000000
29413  -27.397  25.234  26.857 0.0000000000
29412  -26.985  25.266  26.837 0.0000000000
27704  -21.990  25.140  26.146 0.0000000000
27709  -28.359  24.628  26.984 0.0000000000
27708  -27.982  24.863  27.068 0.0000000000
27707  -27.648  25.105  26.910 0.0000000000
27706  -27.166  24.957  26.933 0.0000000000
27705  -26.756  24.982  26.889 0.0000000000
29389  -26.168  25.211  26.990 0.0000000000
27681  -26.354  24.939  27.028 0.0000000000
27703  -21.664  25.026  26.259 0.0000000000
27702  -21.158  24.956  26.448 0.0000000000
27701  -21.171  24.927  26.581 0.0000000000
29406  -20.516  25.261  26.763 0.0000000000
27700  -20.381  24.826  26.544 0.0000000000
29405  -20.094  24.985  26.484 0.0000000000
27699  -19.848  24.719  26.336 0.0000000000
29404  -19.609  25.145  26.634 0.0000000000
27698  -19.275  25.007  26.299 0.0000000000
29403  -19.037  25.434  26.606 0.0000000000
29430  -18.981  24.982  26.067 0.0000000000
29429  -18.552  25.278  25.973 0.0000000000
29402  -18.728  25.424  26.262 0.0000000000
31146  -18.534  25.559  26.193 0.0000000000
27680  -25.972  24.865  27.191 0.0000000000
27679  -25.532  24.806  27.209 0.0000000000
27678  -25.033  24.778  27.285 0.0000000000
29385  -24.635  25.010  27.550 0.0000000000
27677  -24.652  24.789  27.530 0.0000000000
27664  -24.103  24.878  27.751 0.0000000000
27655  -24.109  24.628  27.999 0.0000000000
29353  -23.659  24.870  28.186 0.0000000000
27654  -23.810  24.589  28.134 0.0000000000
27653  -23.412  24.602  28.255 0.0000000000
27645  -23.067  24.656  28.661 0.0000000000
29332  -23.074  25.057  29.151 0.0000000000
27633  -22.934  24.819  28.986 0.0000000000
29322  -22.681  25.123  29.570 0.0000000000
27632  -22.574  24.707  29.210 0.0000000000
29321  -22.369  25.030  29.826 0.0000000000
27623  -22.438  24.992  29.933 0.0000000000
27622  -22.257  24.930  29.985 0.0000000000
27614  -22.073  24.767  30.181 0.0000000000
27613  -21.749  24.841  30.522 0.0000000000
29288  -27.445  24.924  31.022 0.0000000000
29287  -27.005  24.840  30.953 0.0000000000
29286  -26.536  24.830  30.977 0.0000000000
29285  -25.869  25.032  30.946 0.0000000000
29284  -25.655  25.094  30.939 0.0000000000
29283  -25.140  25.037  31.091 0.0000000000
29295  -21.410  25.026  30.793 0.0000000000
27603  -21.508  24.829  30.868 0.0000000000
29276  -21.374  25.031  31.434 0.0000000000
27602  -21.490  24.835  31.014 0.0000000000
27587  -26.638  24.499  31.150 0.0000000000
27588  -27.130  24.536  31.146 0.0000000000
27586  -26.144  24.508  31.178 0.0000000000
27585  -25.686  24.582  31.181 0.0000000000
27584  -25.279  24.694  31.183 0.0000000000
27583  -24.859  24.767  31.247 0.0000000000
27582  -24.471  24.900  31.300 0.0000000000
29264  -24.060  25.201  31.283 0.0000000000
29263  -23.886  25.007  31.637 0.0000000000
29262  -23.460  25.118  31.775 0.0000000000
29261  -23.116  25.211  31.886 0.0000000000
29259  -21.525  25.258  31.705 0.0000000000
27564  -24.178  24.777  31.590 0.0000000000
27563  -23.821  24.667  31.849 0.0000000000
29239  -23.583  24.893  31.946 0.0000000000
29238  -23.286  25.010  32.158 0.0000000000
29237  -22.893  25.176  32.260 0.0000000000
29236  -22.796  25.246  31.995 0.0000000000
30955  -22.445  25.281  32.233 0.0000000000
27543  -23.590  24.641  32.356 0.0000000000
27542  -23.273  24.835  32.463 0.0000000000
29219  -22.980  25.066  32.540 0.0000000000
29218  -22.788  24.995  32.836 0.0000000000
30940  -22.691  25.136  32.686 0.0000000000
30956  -22.611  25.217  32.487 0.0000000000
27527  -23.239  24.608  32.869 0.0000000000
27526  -22.954  24.828  32.870 0.0000000000
26168  -29.290  24.279  22.220 0.0000000000
26167  -29.050  24.545  21.860 0.0000000000
26166  -28.552  24.597  21.820 0.0000000000
26146  -29.402  24.241  22.831 0.0000000000
26156  -29.312  24.094  22.746 0.0000000000
26155  -28.221  24.832  22.125 0.0000000000
26154  -27.850  24.753  22.271 0.0000000000
26153  -27.416  24.478  22.456 0.0000000000
27795  -27.226  24.765  22.689 0.0000000000
26137  -29.210  24.195  23.678 0.0000000000
26145  -27.107  24.598  22.703 0.0000000000
26144  -26.792  24.381  22.895 0.0000000000
26143  -26.283  24.306  23.205 0.0000000000
27792  -26.041  24.680  23.383 0.0000000000
26142  -25.805  24.257  23.460 0.0000000000
26130  -29.163  24.314  24.168 0.0000000000
26135  -25.611  24.316  23.923 0.0000000000
27773  -25.348  24.660  24.041 0.0000000000
26120  -29.209  24.474  24.660 0.0000000000
26128  -25.364  24.249  24.146 0.0000000000
26127  -25.101  24.435  24.254 0.0000000000
26118  -24.962  24.811  24.144 0.0000000000
27763  -24.908  25.001  24.093 0.0000000000
26110  -29.294  24.785  25.198 0.0000000000
26117  -24.755  24.581  24.465 0.0000000000
26116  -24.324  24.609  24.762 0.0000000000
26106  -23.995  24.679  25.042 0.0000000000
26109  -29.002  24.291  25.049 0.0000000000
26099  -28.797  24.431  25.796 0.0000000000
26105  -23.987  24.800  25.017 0.0000000000
26096  -23.488  24.663  25.341 0.0000000000
26095  -23.078  24.736  25.610 0.0000000000
26094  -22.796  24.730  25.751 0.0000000000
26082  -22.522  24.761  25.901 0.0000000000
26083  -28.744  24.375  26.320 0.0000000000
26081  -22.239  24.614  26.104 0.0000000000
26064  -22.062  24.878  26.133 0.0000000000
26068  -28.678  24.217  26.846 0.0000000000
27685  -28.299  24.350  27.180 0.0000000000
26067  -28.461  24.265  27.137 0.0000000000
27684  -28.092  24.450  27.251 0.0000000000
27683  -27.691  24.567  27.247 0.0000000000
27682  -27.259  24.666  27.172 0.0000000000
26066  -26.925  24.765  27.081 0.0000000000
26065  -26.601  24.713  27.101 0.0000000000
26063  -21.833  24.617  26.205 0.0000000000
26062  -21.277  24.692  26.350 0.0000000000
26061  -20.775  24.584  26.395 0.0000000000
26060  -20.319  24.396  26.247 0.0000000000
26059  -20.027  24.391  26.170 0.0000000000
26078  -19.878  24.232  25.934 0.0000000000
27726  -19.479  24.590  26.070 0.0000000000
27725  -19.115  24.740  25.808 0.0000000000
26050  -28.237  24.078  27.301 0.0000000000
26049  -27.821  24.134  27.380 0.0000000000
26048  -27.382  24.259  27.341 0.0000000000
26047  -26.852  24.404  27.265 0.0000000000
26046  -26.206  24.422  27.234 0.0000000000
26045  -25.764  24.373  27.264 0.0000000000
26044  -25.297  24.265  27.368 0.0000000000
26043  -24.872  24.365  27.508 0.0000000000
26042  -24.550  24.393  27.623 0.0000000000
26031  -24.298  24.159  27.810 0.0000000000
26024  -24.022  24.193  28.105 0.0000000000
26023  -23.606  24.168  28.182 0.0000000000
26022  -23.196  24.121  28.447 0.0000000000
27644  -22.728  24.455  28.864 0.0000000000
26015  -22.870  24.078  28.716 0.0000000000
27643  -22.517  24.226  29.054 0.0000000000
26014  -22.610  24.052  28.939 0.0000000000
27631  -22.476  24.406  29.137 0.0000000000
26005  -22.136  24.227  29.323 0.0000000000
26013  -22.114  24.108  29.019 0.0000000000
25999  -22.234  24.490  29.581 0.0000000000
26006  -22.358  24.491  29.257 0.0000000000
27615  -22.275  24.682  30.066 0.0000000000
25992  -22.391  24.414  30.002 0.0000000000
25991  -22.072  24.301  30.106 0.0000000000
25990  -21.890  24.328  30.298 0.0000000000
25979  -21.548  24.430  30.699 0.0000000000
25978  -21.312  24.467  30.782 0.0000000000
27580  -21.623  24.463  31.536 0.0000000000
25956  -21.756  24.198  31.014 0.0000000000
25962  -26.964  23.977  31.305 0.0000000000
25961  -26.212  24.078  31.406 0.0000000000
25960  -25.733  24.250  31.418 0.0000000000
25959  -25.314  24.336  31.355 0.0000000000
25958  -25.063  24.470  31.268 0.0000000000
25939  -25.007  24.022  31.716 0.0000000000
27565  -24.539  24.664  31.463 0.0000000000
25938  -24.305  24.430  31.750 0.0000000000
25937  -24.014  24.516  31.753 0.0000000000
25919  -24.090  24.194  31.951 0.0000000000
25910  -23.993  24.073  32.723 0.0000000000
27528  -23.560  24.404  32.712 0.0000000000
25909  -23.534  24.300  32.873 0.0000000000
26165  -28.096  24.504  21.969 0.0000000000
26164  -27.759  24.380  22.117 0.0000000000
24655  -27.204  24.065  22.367 0.0000000000
26152  -27.099  24.268  22.595 0.0000000000
24665  -27.462  24.033  22.127 0.0000000000
24654  -26.891  23.892  22.527 0.0000000000
24638  -29.246  23.691  23.413 0.0000000000
24648  -29.311  23.696  22.965 0.0000000000
24647  -26.424  23.805  22.909 0.0000000000
24646  -26.016  23.809  23.203 0.0000000000
24645  -25.764  23.789  23.448 0.0000000000
24636  -25.666  23.905  23.771 0.0000000000
26136  -29.035  23.883  23.936 0.0000000000
24637  -29.113  23.760  23.789 0.0000000000
26129  -28.943  23.947  24.195 0.0000000000
24631  -28.945  23.679  24.017 0.0000000000
24629  -25.491  23.897  24.074 0.0000000000
26119  -28.995  24.120  24.392 0.0000000000
24628  -25.194  23.861  24.188 0.0000000000
24627  -24.950  23.957  24.247 0.0000000000
26126  -25.002  24.143  24.246 0.0000000000
24620  -24.796  23.810  24.593 0.0000000000
24622  -28.815  23.883  24.588 0.0000000000
24619  -24.495  24.340  24.700 0.0000000000
24609  -24.206  24.170  24.994 0.0000000000
26108  -28.786  23.991  24.987 0.0000000000
24613  -28.784  23.980  24.880 0.0000000000
26098  -28.744  24.045  25.430 0.0000000000
26107  -28.732  23.894  24.974 0.0000000000
24612  -28.636  23.619  24.866 0.0000000000
26097  -28.673  23.848  25.190 0.0000000000
24611  -28.487  23.534  25.073 0.0000000000
24608  -24.062  24.456  25.103 0.0000000000
24598  -23.831  24.182  25.288 0.0000000000
24602  -28.750  24.154  26.118 0.0000000000
24601  -28.704  23.945  25.874 0.0000000000
24600  -28.469  23.616  25.464 0.0000000000
24597  -23.319  24.282  25.614 0.0000000000
24596  -22.991  24.351  25.730 0.0000000000
24585  -22.670  24.251  25.923 0.0000000000
24588  -28.730  23.939  26.368 0.0000000000
24584  -22.250  23.983  26.147 0.0000000000
26080  -22.057  24.282  26.185 0.0000000000
24583  -21.839  24.222  26.242 0.0000000000
24580  -20.365  23.987  26.002 0.0000000000
24579  -20.077  23.998  25.824 0.0000000000
26079  -20.130  24.202  26.063 0.0000000000
24594  -19.947  23.826  25.495 0.0000000000
26093  -19.663  24.135  25.531 0.0000000000
26077  -19.470  24.371  25.744 0.0000000000
26092  -19.316  24.340  25.305 0.0000000000
26051  -28.558  24.012  27.209 0.0000000000
24563  -28.655  23.786  27.115 0.0000000000
24573  -28.855  23.945  26.944 0.0000000000
24572  -21.467  24.321  26.255 0.0000000000
24571  -21.064  24.307  26.266 0.0000000000
24570  -20.646  24.244  26.204 0.0000000000
24569  -20.425  24.185  26.144 0.0000000000
24562  -28.342  23.684  27.308 0.0000000000
24561  -27.949  23.677  27.551 0.0000000000
24560  -27.394  24.090  27.702 0.0000000000
24559  -27.023  23.793  27.547 0.0000000000
24558  -26.535  23.979  27.395 0.0000000000
24557  -26.016  23.978  27.373 0.0000000000
24556  -25.634  23.960  27.396 0.0000000000
26033  -25.186  23.853  27.646 0.0000000000
24545  -25.337  23.737  27.672 0.0000000000
26032  -24.692  24.020  27.696 0.0000000000
24544  -24.904  23.676  27.759 0.0000000000
24543  -24.527  23.671  27.796 0.0000000000
24538  -24.213  23.735  28.031 0.0000000000
24537  -23.901  23.871  28.151 0.0000000000
24536  -23.398  23.684  28.340 0.0000000000
24533  -23.080  23.618  28.662 0.0000000000
24532  -22.782  23.587  28.886 0.0000000000
24531  -22.515  24.084  28.893 0.0000000000
24526  -22.286  23.664  29.311 0.0000000000
25998  -22.155  24.107  29.917 0.0000000000
24523  -22.096  23.797  29.915 0.0000000000
24521  -22.015  23.820  30.110 0.0000000000
24520  -21.844  23.907  30.253 0.0000000000
24511  -21.614  23.995  30.619 0.0000000000
24510  -21.371  24.057  30.875 0.0000000000
24496  -21.315  24.031  30.859 0.0000000000
25941  -25.726  24.000  31.680 0.0000000000
25940  -25.266  23.910  31.767 0.0000000000
24497  -21.629  23.965  31.241 0.0000000000
25957  -21.852  24.050  31.298 0.0000000000
27581  -21.996  24.045  31.375 0.0000000000
24482  -25.741  23.769  31.889 0.0000000000
24481  -25.335  23.841  31.854 0.0000000000
25942  -25.772  23.948  31.735 0.0000000000
24480  -25.041  23.937  31.776 0.0000000000
24462  -24.906  23.809  32.003 0.0000000000
25921  -24.703  24.003  31.969 0.0000000000
25920  -24.383  24.089  32.166 0.0000000000
24461  -24.610  24.040  31.958 0.0000000000
23206  -29.000  23.196  23.774 0.0000000000
23204  -25.617  23.522  23.672 0.0000000000
23193  -25.544  23.699  23.940 0.0000000000
24630  -28.881  23.294  24.034 0.0000000000
23195  -28.861  23.310  24.009 0.0000000000
24621  -28.744  23.412  24.393 0.0000000000
23194  -28.737  23.044  24.138 0.0000000000
23192  -25.322  23.395  23.950 0.0000000000
23191  -25.047  23.301  24.109 0.0000000000
23181  -24.599  23.449  24.639 0.0000000000
23183  -28.352  23.080  24.714 0.0000000000
23172  -24.419  23.743  24.822 0.0000000000
24610  -24.233  24.015  24.998 0.0000000000
23175  -28.343  23.297  24.946 0.0000000000
23174  -28.123  23.095  25.148 0.0000000000
23171  -24.201  23.562  25.078 0.0000000000
23159  -24.086  23.902  25.162 0.0000000000
24599  -24.029  24.011  25.198 0.0000000000
24587  -28.586  23.676  26.112 0.0000000000
23162  -28.206  23.361  25.993 0.0000000000
23161  -27.994  23.136  25.977 0.0000000000
23158  -23.867  23.775  25.288 0.0000000000
23157  -23.312  23.592  25.638 0.0000000000
24586  -23.115  23.847  25.851 0.0000000000
23151  -20.411  23.597  25.627 0.0000000000
23150  -20.182  23.595  25.289 0.0000000000
24595  -20.173  23.876  25.763 0.0000000000
23166  -20.042  23.622  25.044 0.0000000000
24607  -19.801  23.806  24.950 0.0000000000
24593  -19.674  24.008  25.223 0.0000000000
24606  -19.566  24.039  24.892 0.0000000000
23130  -28.720  23.509  26.584 0.0000000000
23145  -28.640  23.669  26.238 0.0000000000
23144  -28.353  23.346  26.294 0.0000000000
23142  -22.830  23.827  25.820 0.0000000000
23141  -22.434  23.717  26.025 0.0000000000
23140  -22.004  23.635  26.126 0.0000000000
23139  -21.571  23.645  26.103 0.0000000000
24582  -21.199  24.144  26.197 0.0000000000
23138  -20.944  23.812  25.994 0.0000000000
24581  -20.884  23.980  26.132 0.0000000000
23137  -20.731  23.742  25.913 0.0000000000
23136  -20.524  23.802  25.875 0.0000000000
23124  -28.685  23.503  26.992 0.0000000000
23123  -28.398  23.353  27.176 0.0000000000
23122  -28.087  23.183  27.441 0.0000000000
24550  -27.470  23.679  27.992 0.0000000000
23118  -27.815  23.199  27.851 0.0000000000
24549  -27.096  23.711  27.867 0.0000000000
24548  -26.776  23.658  27.704 0.0000000000
24547  -26.268  23.662  27.679 0.0000000000
24546  -25.804  23.663  27.677 0.0000000000
23117  -27.393  23.331  27.995 0.0000000000
23116  -26.987  23.338  27.967 0.0000000000
23115  -26.510  23.356  27.921 0.0000000000
23114  -26.020  23.342  27.954 0.0000000000
23113  -25.613  23.328  27.954 0.0000000000
23112  -25.165  23.319  27.924 0.0000000000
23111  -24.802  23.371  27.894 0.0000000000
23101  -24.536  23.269  28.066 0.0000000000
23100  -24.046  23.235  28.276 0.0000000000
23099  -23.657  23.355  28.366 0.0000000000
23096  -23.334  23.168  28.731 0.0000000000
23095  -23.021  23.147  28.971 0.0000000000
24527  -22.626  23.472  29.105 0.0000000000
23090  -22.934  23.010  29.160 0.0000000000
23089  -22.534  23.251  29.362 0.0000000000
23083  -22.267  23.304  29.771 0.0000000000
23075  -22.044  23.264  30.257 0.0000000000
23074  -21.965  23.549  30.216 0.0000000000
23063  -21.678  23.405  30.678 0.0000000000
23062  -21.464  23.814  30.805 0.0000000000
23055  -21.414  23.719  30.752 0.0000000000
24463  -25.358  23.641  32.199 0.0000000000
21849  -24.734  22.949  24.252 0.0000000000
21848  -24.343  22.953  24.568 0.0000000000
23180  -24.309  23.249  24.825 0.0000000000
21835  -24.054  23.084  24.993 0.0000000000
21834  -23.957  23.006  24.975 0.0000000000
23170  -23.712  23.353  25.307 0.0000000000
21833  -23.508  23.021  25.202 0.0000000000
23169  -23.408  23.228  25.399 0.0000000000
21823  -23.175  22.978  25.392 0.0000000000
23167  -20.400  23.314  25.070 0.0000000000
23179  -20.228  23.398  24.638 0.0000000000
23178  -19.958  23.665  24.559 0.0000000000
23143  -27.968  23.108  26.473 0.0000000000
21825  -27.810  22.956  26.049 0.0000000000
21824  -27.565  22.734  25.696 0.0000000000
23160  -27.911  22.988  25.391 0.0000000000
21822  -22.767  23.004  25.647 0.0000000000
23156  -22.593  23.409  25.839 0.0000000000
21821  -22.173  23.052  25.724 0.0000000000
23155  -22.067  23.341  25.915 0.0000000000
21820  -22.023  22.816  25.940 0.0000000000
23154  -21.754  23.350  25.945 0.0000000000
21819  -21.490  23.111  25.756 0.0000000000
23153  -21.342  23.329  25.855 0.0000000000
21818  -21.130  23.038  25.577 0.0000000000
23152  -20.910  23.282  25.671 0.0000000000
21830  -20.996  22.889  25.139 0.0000000000
23168  -20.699  23.184  25.280 0.0000000000
23129  -28.246  23.177  26.912 0.0000000000
23128  -28.095  22.890  26.920 0.0000000000
21813  -27.675  22.780  26.572 0.0000000000
21799  -28.111  22.543  27.376 0.0000000000
21806  -27.757  22.551  27.012 0.0000000000
21794  -28.093  22.793  27.760 0.0000000000
23108  -27.570  23.122  28.155 0.0000000000
21786  -27.932  22.891  28.032 0.0000000000
23107  -27.184  23.158  28.180 0.0000000000
23106  -26.755  23.165  28.160 0.0000000000
23105  -26.294  23.154  28.157 0.0000000000
23104  -26.193  23.228  28.156 0.0000000000
21793  -25.875  23.280  28.148 0.0000000000
23103  -25.976  23.275  28.155 0.0000000000
21792  -25.431  23.211  28.093 0.0000000000
23102  -24.769  22.949  28.055 0.0000000000
21780  -25.196  23.058  28.207 0.0000000000
21785  -27.373  23.106  28.199 0.0000000000
21784  -26.964  22.985  28.325 0.0000000000
21783  -26.538  22.935  28.333 0.0000000000
21782  -26.075  22.927  28.331 0.0000000000
21781  -25.661  23.080  28.239 0.0000000000
21779  -24.837  22.997  28.253 0.0000000000
21778  -24.401  22.953  28.341 0.0000000000
23097  -23.728  23.039  28.586 0.0000000000
21767  -24.033  22.683  28.708 0.0000000000
21766  -23.583  22.843  28.826 0.0000000000
23091  -23.090  23.071  29.074 0.0000000000
21761  -22.973  22.907  29.223 0.0000000000
21760  -22.919  22.942  29.317 0.0000000000
23084  -22.680  22.790  29.812 0.0000000000
21754  -22.813  22.696  29.646 0.0000000000
23076  -22.427  23.127  29.894 0.0000000000
21745  -22.616  22.762  30.009 0.0000000000
21744  -22.229  22.818  30.350 0.0000000000
23064  -21.958  23.068  30.664 0.0000000000
21737  -21.991  22.839  30.755 0.0000000000
21736  -21.864  22.947  30.854 0.0000000000
23056  -21.641  23.360  31.357 0.0000000000
21732  -21.784  22.858  31.224 0.0000000000
20571  -23.629  22.833  25.002 0.0000000000
20583  -23.835  22.841  24.808 0.0000000000
21847  -23.960  22.739  24.459 0.0000000000
20570  -23.265  22.758  25.075 0.0000000000
20565  -21.317  22.871  25.351 0.0000000000
21831  -21.499  22.740  24.944 0.0000000000
21841  -20.874  22.879  24.614 0.0000000000
21829  -20.744  22.952  24.901 0.0000000000
21842  -21.283  22.753  24.584 0.0000000000
21840  -20.657  23.051  24.931 0.0000000000
21812  -27.284  22.530  26.145 0.0000000000
20555  -23.048  22.764  25.200 0.0000000000
20554  -22.815  22.752  25.287 0.0000000000
20553  -22.386  22.728  25.407 0.0000000000
20552  -21.800  22.829  25.632 0.0000000000
20551  -21.590  22.903  25.601 0.0000000000
20550  -21.062  22.992  26.107 0.0000000000
21805  -27.326  22.452  26.659 0.0000000000
21811  -27.054  22.288  26.119 0.0000000000
20545  -27.020  22.253  25.994 0.0000000000
20559  -27.042  22.268  25.922 0.0000000000
21804  -27.006  22.346  26.354 0.0000000000
20544  -26.856  22.258  26.177 0.0000000000
20538  -27.760  22.274  27.239 0.0000000000
20537  -27.409  22.180  27.020 0.0000000000
20536  -26.963  22.027  26.762 0.0000000000
21800  -28.080  22.289  27.605 0.0000000000
20530  -27.855  22.118  27.550 0.0000000000
21795  -28.175  22.401  27.740 0.0000000000
21787  -28.183  22.538  27.976 0.0000000000
20523  -28.186  22.146  27.982 0.0000000000
20531  -28.084  22.159  27.749 0.0000000000
20515  -28.046  22.362  28.205 0.0000000000
20514  -27.661  22.413  28.416 0.0000000000
21774  -26.977  22.863  28.509 0.0000000000
20513  -27.319  22.639  28.519 0.0000000000
21773  -26.816  22.698  28.623 0.0000000000
21772  -26.365  22.646  28.664 0.0000000000
21771  -25.911  22.680  28.624 0.0000000000
21770  -25.462  22.725  28.569 0.0000000000
21769  -25.020  22.726  28.564 0.0000000000
21768  -24.567  22.713  28.599 0.0000000000
20504  -27.227  22.372  28.734 0.0000000000
20503  -26.732  22.274  28.914 0.0000000000
20502  -26.145  22.331  28.926 0.0000000000
20501  -25.751  22.350  28.865 0.0000000000
20500  -25.272  22.312  28.892 0.0000000000
20499  -24.774  22.414  28.843 0.0000000000
20498  -24.325  22.411  28.872 0.0000000000
21762  -23.714  22.605  29.002 0.0000000000
20484  -24.077  22.259  29.132 0.0000000000
20497  -24.215  22.262  28.903 0.0000000000
20483  -23.599  22.374  29.295 0.0000000000
21755  -22.948  22.666  29.604 0.0000000000
20471  -23.018  22.259  29.914 0.0000000000
20470  -22.967  22.360  29.795 0.0000000000
20459  -22.827  22.244  30.081 0.0000000000
20458  -22.386  22.457  30.302 0.0000000000
20452  -22.212  22.496  30.735 0.0000000000
21733  -21.966  22.723  31.044 0.0000000000
20445  -22.167  22.376  31.164 0.0000000000
20444  -21.976  22.484  31.314 0.0000000000
20582  -23.512  22.749  24.737 0.0000000000
20569  -23.144  22.537  24.913 0.0000000000
20581  -23.050  22.668  24.744 0.0000000000
20568  -22.518  22.532  25.059 0.0000000000
20580  -22.638  22.634  24.745 0.0000000000
20567  -22.064  22.541  25.067 0.0000000000
20579  -22.264  22.602  24.784 0.0000000000
20566  -21.723  22.727  25.207 0.0000000000
21832  -21.832  22.635  24.897 0.0000000000
21843  -21.862  22.674  24.617 0.0000000000
20529  -27.553  22.031  27.274 0.0000000000
19254  -27.297  21.937  27.165 0.0000000000
19253  -26.925  21.907  26.813 0.0000000000
19252  -26.499  21.902  26.814 0.0000000000
20535  -26.555  22.191  26.501 0.0000000000
20522  -28.020  21.976  27.811 0.0000000000
19243  -28.019  21.821  27.969 0.0000000000
19242  -27.475  21.786  27.472 0.0000000000
19228  -28.029  22.079  28.225 0.0000000000
19227  -28.082  21.841  28.015 0.0000000000
19211  -28.008  22.081  28.279 0.0000000000
20505  -27.567  22.146  28.668 0.0000000000
19210  -27.861  21.885  28.472 0.0000000000
19198  -27.447  21.836  28.903 0.0000000000
19197  -27.112  22.019  29.101 0.0000000000
20490  -26.726  22.093  29.076 0.0000000000
19196  -26.948  22.034  29.074 0.0000000000
20489  -26.424  22.159  29.127 0.0000000000
20488  -26.019  22.178  29.102 0.0000000000
19195  -25.668  22.127  29.076 0.0000000000
20487  -25.181  22.150  29.099 0.0000000000
19194  -25.406  22.073  29.089 0.0000000000
20486  -24.970  22.194  29.102 0.0000000000
20485  -24.543  22.202  29.108 0.0000000000
19175  -26.733  21.936  29.158 0.0000000000
19174  -26.194  21.960  29.266 0.0000000000
19173  -25.734  21.972  29.212 0.0000000000
19172  -25.255  21.912  29.261 0.0000000000
19171  -24.859  22.004  29.274 0.0000000000
19169  -24.293  22.032  29.296 0.0000000000
19170  -24.549  22.026  29.279 0.0000000000
20472  -23.750  22.074  29.528 0.0000000000
19149  -24.008  21.846  29.589 0.0000000000
19148  -23.611  21.950  29.765 0.0000000000
20460  -23.076  22.152  30.007 0.0000000000
19138  -23.349  21.843  30.081 0.0000000000
19137  -23.015  21.966  30.248 0.0000000000
20453  -22.553  21.974  30.839 0.0000000000
19122  -22.787  21.938  30.511 0.0000000000
20446  -22.467  22.285  30.800 0.0000000000
19106  -22.688  21.950  31.051 0.0000000000
19105  -22.401  22.095  31.221 0.0000000000
20438  -22.083  22.205  31.526 0.0000000000
19092  -22.384  21.812  31.604 0.0000000000
19241  -27.025  21.759  27.339 0.0000000000
19240  -26.579  21.748  27.237 0.0000000000
19226  -27.574  21.482  27.849 0.0000000000
19225  -27.118  21.527  27.704 0.0000000000
19224  -26.689  21.586  27.652 0.0000000000
19223  -26.144  21.591  27.586 0.0000000000
19239  -26.006  21.775  27.046 0.0000000000
17853  -27.736  21.522  28.471 0.0000000000
17875  -27.610  21.281  27.987 0.0000000000
17874  -27.141  21.173  27.922 0.0000000000
17873  -26.924  21.233  28.025 0.0000000000
17872  -26.419  21.297  27.897 0.0000000000
17871  -25.991  21.274  27.870 0.0000000000
17870  -25.570  21.348  27.604 0.0000000000
19222  -25.815  21.630  27.367 0.0000000000
17832  -27.702  21.969  28.775 0.0000000000
17831  -27.426  21.430  28.816 0.0000000000
19176  -26.995  21.728  29.155 0.0000000000
17811  -27.139  21.379  29.162 0.0000000000
17810  -27.028  21.494  29.191 0.0000000000
17809  -26.316  21.418  29.481 0.0000000000
17808  -25.860  21.589  29.419 0.0000000000
17807  -25.560  21.712  29.345 0.0000000000
19152  -25.029  21.770  29.477 0.0000000000
17793  -25.378  21.484  29.638 0.0000000000
19151  -24.704  21.803  29.469 0.0000000000
19150  -24.386  21.844  29.451 0.0000000000
17792  -24.929  21.614  29.687 0.0000000000
17791  -24.495  21.604  29.747 0.0000000000
19139  -23.774  21.745  29.899 0.0000000000
17790  -24.086  21.578  29.930 0.0000000000
17776  -23.852  21.493  30.191 0.0000000000
19123  -23.117  21.714  30.644 0.0000000000
17775  -23.414  21.551  30.458 0.0000000000
17763  -23.624  21.482  30.734 0.0000000000
17762  -23.376  21.604  30.648 0.0000000000
19124  -23.290  21.669  30.912 0.0000000000
19107  -23.031  21.680  31.108 0.0000000000
19093  -22.970  21.688  31.500 0.0000000000
19094  -23.610  21.831  31.206 0.0000000000
19108  -23.603  21.688  30.955 0.0000000000
17738  -23.353  21.281  31.706 0.0000000000
17739  -24.115  21.301  31.328 0.0000000000
19095  -23.844  21.502  31.078 0.0000000000
17737  -22.908  21.319  31.826 0.0000000000
17852  -27.317  21.170  28.335 0.0000000000
17851  -26.934  20.975  28.103 0.0000000000
17850  -26.612  20.996  28.066 0.0000000000
17849  -26.159  21.070  28.087 0.0000000000
17848  -25.722  21.090  28.053 0.0000000000
16371  -27.182  20.946  28.564 0.0000000000
16389  -27.048  20.818  28.228 0.0000000000
16388  -27.019  20.970  28.254 0.0000000000
16387  -26.457  20.846  28.350 0.0000000000
16386  -25.998  20.864  28.304 0.0000000000
16385  -25.441  20.663  28.359 0.0000000000
17847  -25.330  20.999  27.939 0.0000000000
16352  -27.185  20.970  28.979 0.0000000000
16351  -26.974  20.963  29.394 0.0000000000
16350  -26.514  21.042  29.723 0.0000000000
17795  -26.225  21.112  29.812 0.0000000000
17794  -25.936  21.195  29.841 0.0000000000
16341  -26.205  20.937  30.002 0.0000000000
17780  -25.832  21.055  30.079 0.0000000000
16340  -25.851  20.935  30.106 0.0000000000
17779  -25.519  21.194  30.072 0.0000000000
17778  -24.958  21.312  29.970 0.0000000000
17777  -24.380  21.312  30.120 0.0000000000
16328  -25.795  20.802  30.362 0.0000000000
16327  -25.113  21.068  30.301 0.0000000000
16326  -24.674  21.102  30.321 0.0000000000
17764  -24.097  21.240  30.498 0.0000000000
16325  -24.397  21.150  30.383 0.0000000000
17753  -24.073  21.177  30.913 0.0000000000
16311  -24.384  21.026  30.625 0.0000000000
17752  -23.925  21.326  31.016 0.0000000000
17740  -24.130  21.106  31.247 0.0000000000
16294  -24.357  20.890  31.012 0.0000000000
16276  -24.272  20.792  31.618 0.0000000000
16275  -23.712  20.893  31.826 0.0000000000
16274  -23.232  20.957  31.924 0.0000000000
16370  -26.745  20.675  28.760 0.0000000000
16369  -26.264  20.579  28.679 0.0000000000
16368  -25.811  20.376  28.801 0.0000000000
14958  -26.477  20.325  29.108 0.0000000000
14972  -26.401  20.373  28.850 0.0000000000
14971  -26.077  20.209  29.057 0.0000000000
14970  -25.836  20.047  29.023 0.0000000000
16367  -25.610  20.260  28.724 0.0000000000
14969  -25.613  20.000  28.766 0.0000000000
14983  -25.265  20.079  28.466 0.0000000000
16342  -26.625  20.740  29.994 0.0000000000
14948  -26.548  20.225  29.622 0.0000000000
16330  -26.518  20.434  30.057 0.0000000000
14939  -26.635  20.202  30.058 0.0000000000
16329  -26.295  20.599  30.202 0.0000000000
14938  -26.378  20.247  30.327 0.0000000000
14937  -26.138  20.407  30.507 0.0000000000
16314  -25.671  20.627  30.939 0.0000000000
14927  -25.984  20.367  30.831 0.0000000000
16313  -25.195  20.774  30.772 0.0000000000
16312  -24.734  20.858  30.663 0.0000000000
16297  -25.642  20.501  31.161 0.0000000000
14918  -25.897  20.242  31.189 0.0000000000
16296  -24.971  20.813  31.206 0.0000000000
16295  -24.753  20.742  31.170 0.0000000000
14917  -25.537  20.370  31.374 0.0000000000
16278  -24.955  20.423  31.735 0.0000000000
14907  -25.243  20.268  31.790 0.0000000000
16277  -24.767  20.598  31.665 0.0000000000
14906  -24.901  20.294  31.945 0.0000000000
14905  -24.503  20.358  31.926 0.0000000000
16259  -24.215  20.541  32.038 0.0000000000
16258  -24.003  20.630  32.134 0.0000000000
16257  -23.719  20.621  31.965 0.0000000000
14895  -24.249  20.195  32.421 0.0000000000
14894  -24.045  20.194  32.390 0.0000000000
14957  -26.156  20.024  29.327 0.0000000000
14956  -25.931  19.982  29.134 0.0000000000
13735  -25.977  19.797  29.356 0.0000000000
13746  -25.846  19.941  28.909 0.0000000000
13745  -25.420  19.774  28.702 0.0000000000
14947  -26.352  19.972  29.610 0.0000000000
13724  -26.231  19.741  29.734 0.0000000000
13736  -26.133  19.844  29.469 0.0000000000
13714  -26.554  19.907  29.882 0.0000000000
13725  -26.458  19.958  29.724 0.0000000000
13713  -26.241  19.764  30.310 0.0000000000
14928  -26.232  20.077  30.715 0.0000000000
14919  -26.155  20.052  31.060 0.0000000000
13705  -25.959  19.657  30.892 0.0000000000
13697  -25.927  19.853  31.379 0.0000000000
14908  -25.613  20.151  31.595 0.0000000000
13696  -25.969  19.810  31.723 0.0000000000
13686  -25.474  19.916  31.959 0.0000000000
14897  -25.088  20.141  32.095 0.0000000000
13685  -25.256  20.010  32.066 0.0000000000
14896  -24.770  20.131  32.218 0.0000000000
13675  -25.093  19.827  32.302 0.0000000000
13674  -24.640  19.841  32.489 0.0000000000
14885  -24.150  20.003  32.790 0.0000000000
13673  -24.310  19.917  32.721 0.0000000000
14884  -24.083  19.876  32.905 0.0000000000
13663  -24.268  19.737  32.962 0.0000000000
12636  -25.685  19.443  29.054 0.0000000000
12648  -25.579  19.571  28.822 0.0000000000
13723  -25.980  19.568  29.686 0.0000000000
12623  -25.690  19.310  29.620 0.0000000000
12611  -26.153  19.456  30.069 0.0000000000
12624  -26.016  19.385  29.869 0.0000000000
13712  -25.869  19.546  30.656 0.0000000000
12610  -25.765  19.248  30.259 0.0000000000
13704  -25.838  19.543  30.875 0.0000000000
12596  -25.702  19.326  30.899 0.0000000000
12584  -26.076  19.411  31.439 0.0000000000
12597  -25.853  19.340  31.105 0.0000000000
13687  -25.720  19.814  31.786 0.0000000000
12573  -25.927  19.630  31.698 0.0000000000
12572  -25.696  19.381  31.944 0.0000000000
13676  -25.348  19.775  32.169 0.0000000000
12562  -25.505  19.641  32.165 0.0000000000
12561  -25.336  19.384  32.242 0.0000000000
12560  -24.851  19.343  32.532 0.0000000000
13664  -24.567  19.669  32.751 0.0000000000
12549  -24.558  19.398  32.833 0.0000000000
11520  -25.604  18.981  29.875 0.0000000000
12622  -25.117  18.956  29.682 0.0000000000
12635  -25.252  19.098  29.144 0.0000000000
11519  -25.227  18.871  29.795 0.0000000000
12621  -24.974  19.002  29.524 0.0000000000
12634  -25.056  18.849  29.113 0.0000000000
12609  -25.284  18.940  30.305 0.0000000000
11505  -25.525  18.837  30.031 0.0000000000
12595  -25.327  19.092  30.727 0.0000000000
12608  -24.986  18.843  30.263 0.0000000000
11504  -25.024  18.727  30.098 0.0000000000
12594  -24.972  18.906  30.590 0.0000000000
11503  -24.669  18.773  30.241 0.0000000000
12583  -25.725  19.095  31.400 0.0000000000
12582  -25.393  18.953  31.169 0.0000000000
11491  -24.921  18.763  30.898 0.0000000000
11490  -24.596  18.762  30.861 0.0000000000
11462  -25.760  19.051  32.023 0.0000000000
11478  -25.478  18.789  31.541 0.0000000000
11477  -25.006  18.742  31.406 0.0000000000
12571  -25.409  19.189  32.040 0.0000000000
11461  -25.309  18.945  31.903 0.0000000000
11445  -25.284  19.096  32.107 0.0000000000
11444  -25.051  18.977  32.261 0.0000000000
12559  -24.509  19.097  32.757 0.0000000000
11443  -24.381  18.898  32.443 0.0000000000
11518  -24.755  18.795  29.715 0.0000000000
11502  -24.127  18.746  30.399 0.0000000000
11517  -24.246  18.734  29.890 0.0000000000
11489  -23.964  18.750  30.893 0.0000000000
11501  -23.571  18.751  30.443 0.0000000000
11516  -23.746  18.735  29.984 0.0000000000
11476  -24.351  18.746  31.391 0.0000000000
11475  -23.737  18.751  31.375 0.0000000000
11488  -23.390  18.752  30.896 0.0000000000
11460  -24.714  18.754  31.904 0.0000000000
11459  -24.060  18.749  31.892 0.0000000000
11458  -23.459  18.741  31.827 0.0000000000
11474  -23.176  18.744  31.338 0.0000000000
11442  -23.693  18.747  32.328 0.0000000000
21855  -20.699  23.100  24.160 0.0000000000
21854  -20.413  23.265  24.371 0.0000000000
23189  -20.195  23.592  24.098 0.0000000000
24618  -19.748  23.877  24.485 0.0000000000
23188  -19.916  23.785  24.238 0.0000000000
24625  -19.783  23.993  23.922 0.0000000000
26104  -19.222  24.355  24.794 0.0000000000
24617  -19.497  24.170  24.432 0.0000000000
26115  -19.158  24.515  24.353 0.0000000000
24624  -19.375  24.352  24.108 0.0000000000
26124  -19.025  24.746  24.004 0.0000000000
26125  -19.426  24.334  23.811 0.0000000000
27743  -19.010  24.675  25.387 0.0000000000
26091  -18.965  24.626  25.067 0.0000000000
26103  -18.932  24.637  24.620 0.0000000000
26114  -18.927  24.758  24.214 0.0000000000
26123  -18.995  24.989  24.115 0.0000000000
27770  -18.980  24.793  23.885 0.0000000000
26133  -19.161  24.625  23.435 0.0000000000
27780  -18.997  24.795  23.771 0.0000000000
27742  -18.718  24.951  25.447 0.0000000000
27724  -18.831  25.012  25.939 0.0000000000
27751  -18.639  24.742  25.118 0.0000000000
29452  -18.612  25.206  25.833 0.0000000000
27750  -18.516  24.988  25.046 0.0000000000
27741  -18.411  25.190  25.320 0.0000000000
29451  -18.241  25.530  25.748 0.0000000000
29463  -18.212  25.339  25.179 0.0000000000
27759  -18.369  24.938  24.905 0.0000000000
29475  -18.206  25.216  24.837 0.0000000000
27760  -18.688  24.810  24.444 0.0000000000
27768  -18.324  25.059  24.271 0.0000000000
27769  -18.781  24.834  24.008 0.0000000000
29483  -18.086  25.242  24.540 0.0000000000
27777  -18.154  25.136  23.882 0.0000000000
27767  -18.114  25.164  24.090 0.0000000000
27778  -18.472  24.914  23.714 0.0000000000
29482  -17.979  25.277  24.223 0.0000000000
27779  -18.876  24.771  23.528 0.0000000000
29499  -17.858  25.247  23.670 0.0000000000
27789  -18.178  25.034  23.330 0.0000000000
27790  -18.646  24.824  23.253 0.0000000000
26132  -19.071  24.829  23.067 0.0000000000
27791  -18.911  24.805  23.132 0.0000000000
27803  -18.569  24.882  23.202 0.0000000000
27804  -18.951  24.862  22.974 0.0000000000
26139  -19.102  24.735  23.142 0.0000000000
29428  -18.309  25.605  26.043 0.0000000000
31161  -18.069  25.917  26.015 0.0000000000
29462  -17.972  25.621  25.328 0.0000000000
29450  -17.931  25.902  25.747 0.0000000000
31160  -17.890  25.920  25.882 0.0000000000
31174  -17.676  25.953  25.368 0.0000000000
29474  -17.897  25.457  24.817 0.0000000000
29461  -17.739  25.745  25.111 0.0000000000
29473  -17.678  25.735  24.949 0.0000000000
31186  -17.546  25.737  24.652 0.0000000000
31187  -17.840  25.419  24.542 0.0000000000
31205  -17.708  25.479  24.309 0.0000000000
29481  -17.658  25.373  23.966 0.0000000000
32935  -17.999  26.310  26.287 0.0000000000
31144  -17.980  26.053  26.111 0.0000000000
32934  -17.791  26.443  26.063 0.0000000000
32956  -17.454  26.366  25.594 0.0000000000
31173  -17.209  26.022  24.910 0.0000000000
32977  -17.445  26.119  25.263 0.0000000000
31185  -17.040  25.927  24.396 0.0000000000
31172  -17.143  26.109  24.802 0.0000000000
31204  -17.289  25.652  24.047 0.0000000000
34710  -18.165  27.077  26.823 0.0000000000
32922  -17.947  26.698  26.463 0.0000000000
34725  -17.664  26.989  26.236 0.0000000000
34745  -17.560  26.713  25.911 0.0000000000
32976  -17.206  26.290  25.159 0.0000000000
32955  -17.061  26.667  25.315 0.0000000000
34744  -17.235  26.917  25.707 0.0000000000
32975  -16.841  26.514  24.993 0.0000000000
36377  -18.434  27.542  27.156 0.0000000000
34709  -17.851  27.115  26.604 0.0000000000
36392  -18.200  27.566  26.899 0.0000000000
36391  -17.957  27.399  26.669 0.0000000000
36408  -17.713  27.534  26.392 0.0000000000
34724  -17.409  27.130  26.022 0.0000000000
36407  -17.479  27.465  26.162 0.0000000000
34743  -16.951  26.977  25.420 0.0000000000
36429  -17.282  27.296  25.927 0.0000000000
36428  -17.068  27.410  25.742 0.0000000000
36378  -18.652  27.730  27.325 0.0000000000
38116  -19.055  27.922  27.678 0.0000000000
38115  -18.742  28.006  27.357 0.0000000000
38117  -19.506  27.797  27.772 0.0000000000
38131  -18.720  27.901  27.163 0.0000000000
38130  -18.360  27.972  27.095 0.0000000000
38147  -18.114  27.820  26.841 0.0000000000
38146  -17.970  27.912  26.685 0.0000000000
36406  -17.303  27.629  26.007 0.0000000000
38162  -17.747  28.052  26.120 0.0000000000
38163  -17.522  27.758  26.145 0.0000000000
36427  -16.853  27.344  25.510 0.0000000000
38161  -17.115  27.965  25.948 0.0000000000
38183  -16.963  27.786  25.737 0.0000000000
39808  -19.748  28.272  28.129 0.0000000000
39824  -19.652  28.081  27.888 0.0000000000
38114  -18.510  28.201  27.309 0.0000000000
39821  -18.597  28.590  27.367 0.0000000000
39822  -18.993  28.403  27.600 0.0000000000
39823  -19.338  28.236  27.737 0.0000000000
39839  -18.224  28.446  27.113 0.0000000000
39852  -18.102  28.150  26.897 0.0000000000
38145  -17.510  28.163  26.375 0.0000000000
39851  -17.779  28.523  26.810 0.0000000000
39869  -17.213  28.171  26.153 0.0000000000
39868  -16.845  28.541  26.107 0.0000000000
39888  -16.844  28.162  25.873 0.0000000000
38182  -16.692  27.905  25.653 0.0000000000
41447  -20.192  28.960  29.020 0.0000000000
41446  -20.076  28.991  28.959 0.0000000000
41459  -19.661  28.895  28.500 0.0000000000
41448  -20.621  28.820  29.193 0.0000000000
41469  -19.559  28.743  28.089 0.0000000000
41488  -19.574  28.454  27.834 0.0000000000
39820  -18.167  28.892  27.231 0.0000000000
41485  -18.353  29.081  27.316 0.0000000000
41486  -18.811  28.938  27.525 0.0000000000
41487  -19.202  28.760  27.768 0.0000000000
39838  -17.931  28.789  27.087 0.0000000000
39850  -17.239  28.579  26.370 0.0000000000
41497  -17.764  28.865  27.045 0.0000000000
41511  -17.700  28.779  26.972 0.0000000000
41510  -17.391  29.064  26.933 0.0000000000
39849  -16.883  29.013  26.296 0.0000000000
41509  -16.831  28.895  26.382 0.0000000000
41532  -16.702  28.757  26.183 0.0000000000
39887  -16.462  28.557  25.873 0.0000000000
39867  -16.588  28.656  26.028 0.0000000000
41531  -16.415  28.825  26.088 0.0000000000
38181  -16.327  28.141  25.534 0.0000000000
39886  -15.878  28.437  25.525 0.0000000000
41548  -16.102  28.845  25.984 0.0000000000
41547  -16.056  28.869  25.922 0.0000000000
43070  -20.410  29.158  29.219 0.0000000000
41445  -19.854  29.127  28.775 0.0000000000
43068  -19.835  29.417  28.988 0.0000000000
43069  -19.974  29.264  29.021 0.0000000000
41458  -19.455  29.080  28.212 0.0000000000
41468  -19.304  28.999  27.983 0.0000000000
41484  -18.168  28.917  27.205 0.0000000000
43106  -18.098  29.311  27.513 0.0000000000
43107  -18.694  29.227  27.729 0.0000000000
43108  -18.965  29.100  27.717 0.0000000000
43109  -19.128  29.115  27.868 0.0000000000
41496  -17.669  28.909  26.953 0.0000000000
41508  -16.286  29.064  26.208 0.0000000000
43128  -16.526  29.289  26.593 0.0000000000
43129  -16.994  29.237  26.860 0.0000000000
43130  -17.290  29.170  26.983 0.0000000000
41530  -15.965  29.003  25.979 0.0000000000
41546  -15.485  29.048  25.735 0.0000000000
43030  -21.935  29.549  30.376 0.0000000000
43031  -22.324  29.471  30.472 0.0000000000
44718  -20.427  29.788  29.506 0.0000000000
43058  -20.215  29.612  29.228 0.0000000000
43067  -19.687  29.592  29.050 0.0000000000
43057  -19.910  29.676  29.162 0.0000000000
44729  -19.666  29.703  29.047 0.0000000000
43105  -17.669  29.380  27.398 0.0000000000
44768  -17.934  29.785  27.977 0.0000000000
44769  -18.147  29.806  27.929 0.0000000000
43088  -18.813  29.401  27.931 0.0000000000
43089  -18.832  29.392  27.832 0.0000000000
43090  -19.019  29.292  27.906 0.0000000000
44751  -18.427  29.735  28.132 0.0000000000
44750  -17.777  29.961  28.019 0.0000000000
44752  -18.763  29.619  28.176 0.0000000000
44737  -18.478  29.803  28.359 0.0000000000
46440  -17.901  30.030  28.184 0.0000000000
43079  -19.286  29.362  28.358 0.0000000000
43078  -19.221  29.421  28.236 0.0000000000
44739  -19.113  29.680  28.552 0.0000000000
44738  -19.098  29.780  28.669 0.0000000000
41483  -17.854  29.007  27.107 0.0000000000
43116  -17.416  29.232  27.113 0.0000000000
38197  -16.148  27.908  25.251 0.0000000000
39899  -15.867  28.045  25.128 0.0000000000
39898  -15.421  28.364  25.085 0.0000000000
39885  -15.276  28.741  25.275 0.0000000000
39897  -15.035  28.709  25.041 0.0000000000
39884  -15.020  28.849  25.171 0.0000000000
41545  -14.946  28.968  25.255 0.0000000000
36452  -16.473  27.509  25.299 0.0000000000
36451  -16.129  27.484  25.074 0.0000000000
38198  -16.401  27.848  25.392 0.0000000000
38205  -15.915  27.768  25.037 0.0000000000
34742  -16.728  27.073  25.248 0.0000000000
34757  -16.389  27.123  25.016 0.0000000000
34756  -16.126  27.261  24.852 0.0000000000
36473  -15.943  27.415  24.837 0.0000000000
32953  -16.654  26.950  25.123 0.0000000000
32974  -16.616  26.856  25.022 0.0000000000
34775  -16.393  26.951  24.877 0.0000000000
34774  -16.057  27.021  24.605 0.0000000000
32954  -16.809  26.840  25.190 0.0000000000
32997  -16.812  26.194  24.525 0.0000000000
32996  -16.437  26.634  24.607 0.0000000000
31203  -16.952  25.835  24.074 0.0000000000
33020  -16.843  25.986  24.226 0.0000000000
31227  -16.903  25.771  23.719 0.0000000000
31202  -16.931  25.826  23.997 0.0000000000
33018  -16.207  26.583  24.221 0.0000000000
32995  -15.920  26.951  24.405 0.0000000000
33019  -16.586  26.221  24.211 0.0000000000
34795  -15.932  26.777  24.133 0.0000000000
33039  -16.155  26.383  23.861 0.0000000000
33040  -16.581  26.084  24.188 0.0000000000
31226  -16.483  26.028  23.645 0.0000000000
31225  -16.180  26.268  23.607 0.0000000000
33059  -16.050  26.228  23.488 0.0000000000
34815  -15.889  26.613  23.940 0.0000000000
34773  -15.806  27.012  24.223 0.0000000000
36472  -15.767  27.276  24.507 0.0000000000
34794  -15.739  26.931  23.974 0.0000000000
34831  -15.743  26.715  23.366 0.0000000000
34814  -15.620  26.967  23.602 0.0000000000
36489  -15.529  27.231  24.117 0.0000000000
38204  -15.603  27.760  24.726 0.0000000000
38215  -15.458  27.552  24.378 0.0000000000
36499  -15.414  27.297  23.418 0.0000000000
36498  -15.246  27.725  23.621 0.0000000000
36488  -15.156  27.826  24.140 0.0000000000
38214  -15.135  27.957  24.184 0.0000000000
38223  -15.042  28.045  23.744 0.0000000000
36501  -15.295  27.661  23.248 0.0000000000
38225  -15.139  28.028  23.339 0.0000000000
34830  -15.623  26.925  23.169 0.0000000000
36502  -15.228  27.263  23.105 0.0000000000
38226  -15.120  27.875  23.021 0.0000000000
38203  -15.307  28.036  24.621 0.0000000000
39909  -15.546  28.098  24.857 0.0000000000
39910  -15.782  27.932  24.966 0.0000000000
39908  -15.004  28.354  24.575 0.0000000000
39919  -14.978  28.136  24.124 0.0000000000
38222  -14.960  28.160  23.915 0.0000000000
38213  -14.964  27.946  24.177 0.0000000000
39918  -14.862  28.366  24.050 0.0000000000
39924  -14.868  28.424  23.601 0.0000000000
39925  -15.000  28.215  23.466 0.0000000000
39928  -15.007  28.459  23.183 0.0000000000
38228  -15.181  28.196  23.084 0.0000000000
38229  -15.323  28.022  22.952 0.0000000000
39930  -15.253  28.496  22.889 0.0000000000
41558  -14.849  28.766  24.870 0.0000000000
41568  -14.851  28.692  24.702 0.0000000000
39907  -14.872  28.548  24.367 0.0000000000
41567  -14.697  28.799  24.522 0.0000000000
41575  -14.457  28.879  24.075 0.0000000000
41577  -14.633  28.790  23.803 0.0000000000
39927  -14.906  28.623  23.325 0.0000000000
41579  -14.674  29.112  23.168 0.0000000000
41580  -14.900  28.811  23.088 0.0000000000
41586  -14.968  28.956  22.932 0.0000000000
39931  -15.661  28.380  22.601 0.0000000000
41587  -15.459  28.921  22.582 0.0000000000
41557  -14.610  29.178  25.079 0.0000000000
41566  -14.507  29.160  24.877 0.0000000000
43172  -14.352  29.279  24.619 0.0000000000
43173  -14.451  29.063  24.254 0.0000000000
43176  -14.128  29.022  23.761 0.0000000000
43179  -14.431  29.163  23.836 0.0000000000
43182  -14.597  29.366  23.272 0.0000000000
41585  -14.866  29.111  22.997 0.0000000000
43193  -14.805  29.420  22.962 0.0000000000
43194  -15.046  29.379  22.809 0.0000000000
41588  -15.770  28.697  22.426 0.0000000000
43195  -15.496  29.403  22.690 0.0000000000
41596  -15.996  28.842  22.306 0.0000000000
41595  -15.744  29.141  22.425 0.0000000000
43207  -15.773  29.300  22.489 0.0000000000
43208  -16.080  29.168  22.302 0.0000000000
43175  -14.192  29.526  24.250 0.0000000000
43178  -14.057  29.564  24.178 0.0000000000
43181  -14.267  29.607  23.772 0.0000000000
44843  -14.046  29.970  23.930 0.0000000000
44852  -14.165  29.797  23.510 0.0000000000
44853  -14.787  30.002  22.922 0.0000000000
44867  -14.860  29.816  22.929 0.0000000000
44868  -14.998  29.857  22.879 0.0000000000
44869  -15.487  29.834  22.754 0.0000000000
43196  -15.765  29.502  22.600 0.0000000000
44870  -15.949  29.782  22.674 0.0000000000
43209  -16.360  29.076  22.307 0.0000000000
44881  -16.247  29.463  22.446 0.0000000000
46547  -14.269  30.230  23.570 0.0000000000
46548  -14.769  30.253  23.176 0.0000000000
46563  -14.930  30.008  22.914 0.0000000000
46564  -15.119  30.105  22.900 0.0000000000
46565  -15.563  30.300  22.891 0.0000000000
46566  -15.811  30.151  22.813 0.0000000000
44871  -16.369  29.800  22.698 0.0000000000
44882  -16.606  29.417  22.488 0.0000000000
46567  -16.527  30.140  22.922 0.0000000000
44872  -16.815  29.813  22.758 0.0000000000
