#!ascii label  , from subject  vox2ras=TkReg
1643
5211  -17.683  14.188  16.185 0.0000000000
4784  -17.757  13.906  16.148 0.0000000000
5206  -17.735  14.057  16.542 0.0000000000
4791  -17.743  13.971  15.875 0.0000000000
5219  -17.579  14.357  16.068 0.0000000000
5670  -17.708  14.541  16.601 0.0000000000
5679  -17.492  14.730  16.091 0.0000000000
4799  -17.800  13.901  15.392 0.0000000000
5227  -17.629  14.231  15.245 0.0000000000
5695  -17.312  14.837  16.208 0.0000000000
5218  -17.275  14.763  16.094 0.0000000000
5226  -17.271  14.581  15.488 0.0000000000
5694  -17.217  14.969  15.830 0.0000000000
5711  -17.109  14.829  15.210 0.0000000000
5240  -17.215  14.595  15.144 0.0000000000
4800  -18.097  13.884  15.142 0.0000000000
5228  -17.957  14.134  15.077 0.0000000000
5241  -17.782  14.236  14.956 0.0000000000
5242  -18.029  14.102  15.057 0.0000000000
5729  -17.381  14.829  14.790 0.0000000000
5200  -17.640  14.045  17.039 0.0000000000
5662  -17.671  14.597  17.063 0.0000000000
5661  -17.241  15.026  16.817 0.0000000000
5669  -17.327  14.877  16.363 0.0000000000
5678  -17.251  15.012  16.068 0.0000000000
6191  -17.103  15.187  15.883 0.0000000000
6208  -17.128  15.097  15.474 0.0000000000
6226  -16.940  15.014  15.230 0.0000000000
5710  -16.821  14.909  15.025 0.0000000000
5728  -16.912  14.806  14.706 0.0000000000
6242  -16.580  15.094  14.671 0.0000000000
5744  -17.214  14.618  14.335 0.0000000000
5743  -16.753  14.613  14.215 0.0000000000
6257  -16.562  14.928  14.348 0.0000000000
5730  -17.644  14.427  14.812 0.0000000000
5745  -17.663  14.574  14.457 0.0000000000
6177  -17.116  15.155  16.443 0.0000000000
6190  -16.801  15.411  16.161 0.0000000000
6207  -16.870  15.293  15.508 0.0000000000
6770  -16.559  15.607  15.686 0.0000000000
6225  -16.627  15.164  15.113 0.0000000000
6782  -16.594  15.379  15.348 0.0000000000
6224  -16.379  15.275  14.822 0.0000000000
6781  -16.274  15.582  15.215 0.0000000000
6241  -16.361  15.265  14.556 0.0000000000
6256  -16.144  15.175  14.208 0.0000000000
5742  -16.298  14.786  14.068 0.0000000000
6273  -16.060  14.908  13.880 0.0000000000
6792  -16.287  15.559  14.520 0.0000000000
6805  -16.106  15.649  14.108 0.0000000000
6255  -15.613  15.166  14.082 0.0000000000
6272  -15.809  14.987  13.639 0.0000000000
6804  -15.849  15.595  14.071 0.0000000000
6755  -16.479  15.831  16.156 0.0000000000
6769  -16.196  15.943  15.867 0.0000000000
7473  -16.504  16.295  15.393 0.0000000000
7485  -16.320  16.067  14.716 0.0000000000
7496  -16.266  16.000  14.013 0.0000000000
6803  -15.436  15.574  14.176 0.0000000000
6819  -15.919  15.941  13.764 0.0000000000
6820  -16.031  15.827  13.612 0.0000000000
6818  -15.218  15.872  14.030 0.0000000000
6834  -15.180  15.840  13.063 0.0000000000
6835  -15.850  15.911  12.942 0.0000000000
7510  -16.104  16.014  13.394 0.0000000000
6836  -16.209  15.719  13.120 0.0000000000
6285  -15.414  15.352  13.317 0.0000000000
6857  -15.123  15.327  13.323 0.0000000000
6833  -14.867  15.555  13.532 0.0000000000
6856  -14.943  15.417  13.129 0.0000000000
6300  -15.005  15.046  12.997 0.0000000000
6284  -14.978  15.201  13.384 0.0000000000
6301  -15.187  14.940  12.988 0.0000000000
7460  -16.425  16.175  15.937 0.0000000000
7461  -16.962  16.343  15.868 0.0000000000
7474  -16.939  16.960  15.487 0.0000000000
8167  -16.388  16.989  15.190 0.0000000000
8182  -16.228  16.516  14.912 0.0000000000
8150  -16.914  16.760  15.933 0.0000000000
8168  -16.874  17.160  15.395 0.0000000000
8199  -15.934  16.527  14.299 0.0000000000
8217  -16.004  16.335  13.569 0.0000000000
7523  -16.127  15.989  12.978 0.0000000000
8230  -16.018  16.215  13.037 0.0000000000
7462  -17.206  16.552  16.049 0.0000000000
8151  -17.135  16.850  15.899 0.0000000000
8132  -17.076  16.755  16.344 0.0000000000
8131  -16.940  16.875  16.245 0.0000000000
8149  -16.540  16.980  15.645 0.0000000000
8133  -17.214  16.594  16.272 0.0000000000
8929  -16.163  16.938  15.330 0.0000000000
8945  -16.010  16.832  14.902 0.0000000000
8962  -15.771  16.804  14.620 0.0000000000
8198  -15.367  16.599  14.014 0.0000000000
8216  -15.512  16.544  13.617 0.0000000000
8961  -15.427  16.836  14.382 0.0000000000
8215  -15.006  16.683  13.634 0.0000000000
8228  -15.077  16.658  13.152 0.0000000000
8229  -15.641  16.460  13.126 0.0000000000
8227  -14.571  16.846  13.274 0.0000000000
8242  -15.095  16.642  12.987 0.0000000000
8243  -15.253  16.493  12.741 0.0000000000
8244  -15.784  16.240  12.723 0.0000000000
7539  -16.089  16.067  12.644 0.0000000000
8245  -16.010  16.196  12.799 0.0000000000
8991  -14.793  17.114  12.943 0.0000000000
8241  -14.798  16.679  12.431 0.0000000000
8250  -14.988  16.337  12.162 0.0000000000
8990  -14.803  16.924  12.705 0.0000000000
8251  -15.121  16.270  12.282 0.0000000000
8252  -15.452  16.232  12.297 0.0000000000
7538  -16.002  16.168  12.660 0.0000000000
7546  -15.908  16.095  12.323 0.0000000000
8914  -16.180  17.097  15.874 0.0000000000
8928  -15.972  16.970  15.173 0.0000000000
8944  -15.598  16.958  14.831 0.0000000000
8960  -15.107  16.875  14.309 0.0000000000
8197  -15.041  16.759  14.049 0.0000000000
8943  -15.050  17.020  14.649 0.0000000000
8998  -14.582  16.967  12.188 0.0000000000
8181  -15.218  16.908  14.221 0.0000000000
8927  -15.340  17.137  15.224 0.0000000000
8942  -14.518  17.026  14.917 0.0000000000
8180  -14.690  16.893  14.759 0.0000000000
9803  -14.937  17.128  14.985 0.0000000000
8941  -14.136  16.934  15.005 0.0000000000
8179  -13.928  16.816  15.094 0.0000000000
9802  -14.272  17.041  14.983 0.0000000000
8925  -13.984  16.950  15.181 0.0000000000
8166  -13.936  16.843  15.175 0.0000000000
9801  -14.028  16.987  14.793 0.0000000000
8913  -15.786  17.239  15.748 0.0000000000
8912  -15.362  17.407  15.965 0.0000000000
8926  -15.022  17.245  15.521 0.0000000000
9787  -14.979  17.193  15.068 0.0000000000
8911  -14.901  17.363  16.050 0.0000000000
9769  -14.798  17.338  15.768 0.0000000000
9786  -14.478  17.019  14.933 0.0000000000
8924  -13.768  17.079  15.463 0.0000000000
8165  -13.679  16.799  15.259 0.0000000000
9785  -13.956  17.104  15.247 0.0000000000
8910  -13.671  17.165  16.181 0.0000000000
8148  -13.799  16.850  15.889 0.0000000000
9784  -13.842  17.246  15.656 0.0000000000
8896  -16.222  17.175  16.551 0.0000000000
9754  -16.075  17.426  16.352 0.0000000000
9772  -15.999  17.329  16.007 0.0000000000
9771  -15.762  17.733  16.132 0.0000000000
8895  -14.963  17.567  15.971 0.0000000000
9752  -15.183  17.687  16.152 0.0000000000
9770  -15.526  17.873  16.095 0.0000000000
8894  -15.076  17.292  16.061 0.0000000000
9751  -14.806  17.540  16.114 0.0000000000
8909  -13.353  16.992  16.125 0.0000000000
8147  -13.280  16.696  15.849 0.0000000000
8893  -13.609  17.242  16.340 0.0000000000
9749  -13.969  17.635  16.172 0.0000000000
9767  -13.978  17.462  15.829 0.0000000000
8892  -13.275  16.947  16.371 0.0000000000
8111  -16.137  17.122  16.926 0.0000000000
8874  -16.191  17.361  17.017 0.0000000000
9734  -16.122  17.574  16.830 0.0000000000
8873  -13.468  17.260  16.704 0.0000000000
9730  -13.796  17.564  16.770 0.0000000000
8891  -13.042  16.796  16.480 0.0000000000
8130  -13.153  16.721  16.180 0.0000000000
8872  -13.006  17.051  16.948 0.0000000000
8890  -12.843  16.736  16.417 0.0000000000
8129  -13.025  16.523  16.086 0.0000000000
8871  -12.776  16.942  16.825 0.0000000000
8870  -12.521  16.879  16.603 0.0000000000
8128  -12.466  16.673  16.116 0.0000000000
8855  -16.175  17.300  17.327 0.0000000000
9713  -15.915  17.690  17.336 0.0000000000
9729  -13.436  17.494  17.005 0.0000000000
8854  -13.036  17.163  17.039 0.0000000000
8853  -12.678  17.145  17.064 0.0000000000
9708  -13.268  17.354  17.243 0.0000000000
8852  -12.242  17.041  16.869 0.0000000000
8110  -12.112  16.846  16.473 0.0000000000
8092  -16.236  16.980  17.606 0.0000000000
8832  -16.160  17.386  17.731 0.0000000000
8831  -13.071  17.273  17.335 0.0000000000
8830  -12.831  17.276  17.427 0.0000000000
8829  -12.262  17.217  17.525 0.0000000000
8851  -11.924  16.778  17.225 0.0000000000
8091  -11.878  16.771  16.869 0.0000000000
8828  -11.961  17.097  17.258 0.0000000000
8850  -11.359  17.040  17.031 0.0000000000
8090  -11.505  16.714  16.928 0.0000000000
8827  -11.490  16.879  17.427 0.0000000000
8089  -11.417  16.907  16.918 0.0000000000
8108  -11.435  16.916  16.753 0.0000000000
8869  -11.225  17.103  16.867 0.0000000000
9706  -11.293  17.754  17.079 0.0000000000
9726  -11.358  17.649  17.078 0.0000000000
8070  -16.233  17.008  18.023 0.0000000000
8813  -16.180  17.411  18.241 0.0000000000
9695  -16.013  17.789  18.213 0.0000000000
9691  -13.276  17.584  17.788 0.0000000000
9690  -12.580  17.529  17.818 0.0000000000
8812  -12.041  17.203  18.010 0.0000000000
8811  -12.119  17.033  18.059 0.0000000000
9689  -12.142  17.216  18.041 0.0000000000
8810  -11.766  17.232  17.969 0.0000000000
9688  -11.263  17.322  17.846 0.0000000000
8063  -16.253  17.021  18.312 0.0000000000
8058  -16.390  17.140  18.626 0.0000000000
8803  -16.397  17.643  18.736 0.0000000000
9673  -16.181  17.882  18.414 0.0000000000
9670  -12.222  17.549  18.112 0.0000000000
9669  -11.830  17.391  18.202 0.0000000000
9668  -11.454  17.613  18.116 0.0000000000
8804  -16.816  17.379  19.042 0.0000000000
9659  -16.673  17.848  19.060 0.0000000000
9658  -16.510  17.947  18.794 0.0000000000
8249  -14.616  16.511  12.027 0.0000000000
8214  -14.642  16.978  13.808 0.0000000000
8226  -14.325  16.944  13.617 0.0000000000
8977  -14.078  17.191  13.384 0.0000000000
8978  -14.138  17.061  12.904 0.0000000000
8213  -14.475  16.929  14.083 0.0000000000
8972  -14.213  17.054  13.838 0.0000000000
8196  -14.841  16.965  13.888 0.0000000000
8959  -14.610  16.989  13.897 0.0000000000
8973  -14.551  16.952  14.013 0.0000000000
8195  -14.254  16.937  14.308 0.0000000000
8958  -14.302  16.998  14.099 0.0000000000
8194  -13.792  16.868  14.428 0.0000000000
8957  -14.047  17.139  14.040 0.0000000000
8178  -13.495  16.809  14.859 0.0000000000
8193  -13.326  16.829  14.576 0.0000000000
8956  -13.492  16.981  14.351 0.0000000000
8177  -13.145  16.711  14.846 0.0000000000
8192  -13.042  16.779  14.648 0.0000000000
8955  -13.087  16.880  14.492 0.0000000000
8176  -13.119  16.845  14.903 0.0000000000
8939  -12.990  17.005  14.800 0.0000000000
8164  -13.124  16.552  15.189 0.0000000000
8163  -12.850  16.768  14.859 0.0000000000
8146  -12.660  16.645  15.493 0.0000000000
8923  -12.951  17.193  15.171 0.0000000000
8145  -12.399  16.988  16.077 0.0000000000
8908  -12.819  17.247  15.876 0.0000000000
8127  -11.907  16.890  15.998 0.0000000000
8144  -12.081  16.974  16.138 0.0000000000
8907  -12.250  17.212  15.940 0.0000000000
8906  -12.150  17.185  15.941 0.0000000000
7452  -17.129  16.306  16.283 0.0000000000
8113  -17.220  16.582  16.634 0.0000000000
8112  -16.882  16.749  16.843 0.0000000000
8109  -11.728  16.851  16.529 0.0000000000
8126  -11.378  17.035  16.023 0.0000000000
8889  -11.601  17.381  15.990 0.0000000000
8888  -11.411  17.366  16.427 0.0000000000
7434  -17.005  16.098  16.868 0.0000000000
8094  -17.149  16.645  17.228 0.0000000000
8093  -16.768  17.048  17.614 0.0000000000
7417  -17.157  16.021  17.351 0.0000000000
8095  -17.434  16.362  17.383 0.0000000000
8072  -17.037  16.882  17.928 0.0000000000
8073  -17.591  16.631  17.798 0.0000000000
8071  -16.567  16.770  17.982 0.0000000000
7401  -17.435  16.206  17.809 0.0000000000
7391  -17.593  16.204  18.233 0.0000000000
8066  -17.315  16.735  18.395 0.0000000000
8065  -16.866  16.793  18.371 0.0000000000
8064  -16.457  16.823  18.362 0.0000000000
7382  -17.679  16.435  18.787 0.0000000000
8061  -17.297  16.814  18.856 0.0000000000
8060  -17.058  17.021  18.744 0.0000000000
8059  -16.760  16.989  18.719 0.0000000000
7374  -17.610  16.538  19.202 0.0000000000
8053  -17.346  16.827  19.195 0.0000000000
8052  -17.207  17.055  19.082 0.0000000000
8805  -17.037  17.197  18.951 0.0000000000
7356  -17.451  16.635  19.460 0.0000000000
8045  -17.329  16.827  19.352 0.0000000000
8044  -17.281  16.906  19.511 0.0000000000
8800  -17.101  17.185  19.320 0.0000000000
7355  -17.258  16.397  19.832 0.0000000000
8026  -17.269  16.826  20.038 0.0000000000
8793  -17.145  17.157  19.784 0.0000000000
7334  -17.198  16.410  20.189 0.0000000000
8010  -17.205  16.815  20.474 0.0000000000
8781  -17.132  17.152  20.233 0.0000000000
7320  -17.019  16.412  20.607 0.0000000000
8009  -16.715  16.783  20.729 0.0000000000
8765  -16.992  17.120  20.654 0.0000000000
7319  -16.415  16.365  20.859 0.0000000000
8008  -16.308  16.829  20.780 0.0000000000
8764  -16.447  17.112  20.754 0.0000000000
7318  -16.256  16.511  20.959 0.0000000000
7994  -16.159  16.918  21.583 0.0000000000
8749  -16.248  17.136  21.377 0.0000000000
8763  -16.286  17.188  21.108 0.0000000000
7300  -16.101  16.140  21.169 0.0000000000
7282  -16.006  16.777  21.696 0.0000000000
7976  -15.929  17.033  21.801 0.0000000000
8732  -16.122  17.205  21.805 0.0000000000
7281  -15.857  16.548  21.723 0.0000000000
7975  -15.728  16.872  21.943 0.0000000000
8731  -16.110  17.128  22.188 0.0000000000
7280  -15.430  16.420  21.694 0.0000000000
7974  -15.206  16.695  22.005 0.0000000000
7962  -15.454  16.802  22.253 0.0000000000
8715  -15.832  17.107  22.108 0.0000000000
7279  -15.019  16.382  21.639 0.0000000000
7973  -14.737  16.673  21.815 0.0000000000
7961  -15.067  16.753  21.980 0.0000000000
7297  -14.755  16.261  21.345 0.0000000000
7993  -14.563  16.576  21.384 0.0000000000
7972  -14.302  16.881  21.915 0.0000000000
7960  -14.636  16.756  22.154 0.0000000000
7992  -14.189  16.954  21.414 0.0000000000
7959  -14.248  16.928  22.082 0.0000000000
8730  -14.086  17.141  21.823 0.0000000000
7944  -15.163  16.812  22.460 0.0000000000
8698  -15.638  17.162  22.670 0.0000000000
7943  -14.968  16.804  22.521 0.0000000000
7942  -14.626  16.835  22.477 0.0000000000
7958  -14.145  17.112  22.138 0.0000000000
7941  -13.951  17.029  22.530 0.0000000000
8714  -14.101  17.163  22.018 0.0000000000
7940  -14.029  17.161  22.369 0.0000000000
8713  -13.838  17.217  22.150 0.0000000000
8697  -15.041  17.092  22.786 0.0000000000
8696  -14.648  17.154  22.866 0.0000000000
8695  -13.854  16.957  22.978 0.0000000000
8694  -13.813  17.301  22.678 0.0000000000
7451  -16.577  16.068  15.913 0.0000000000
7450  -16.373  16.020  15.881 0.0000000000
7433  -16.720  15.962  16.700 0.0000000000
6754  -16.183  16.085  15.964 0.0000000000
6736  -16.735  15.650  16.677 0.0000000000
7416  -16.768  15.856  17.104 0.0000000000
7399  -16.848  15.773  17.398 0.0000000000
7400  -16.915  16.085  17.682 0.0000000000
7418  -17.241  16.140  17.435 0.0000000000
6724  -16.826  15.493  17.070 0.0000000000
6717  -16.931  15.695  17.326 0.0000000000
7390  -17.512  16.118  17.957 0.0000000000
6718  -17.214  15.538  17.483 0.0000000000
6709  -17.321  15.849  17.866 0.0000000000
6710  -17.580  16.078  18.251 0.0000000000
6702  -17.705  16.181  18.784 0.0000000000
6687  -17.409  15.986  19.250 0.0000000000
6666  -17.411  16.267  19.540 0.0000000000
6665  -17.202  16.044  19.842 0.0000000000
6648  -17.038  16.084  20.272 0.0000000000
6626  -16.793  16.093  20.610 0.0000000000
6625  -16.411  15.927  20.859 0.0000000000
6603  -16.362  16.034  21.009 0.0000000000
7301  -16.303  16.024  21.016 0.0000000000
6602  -16.073  15.981  21.076 0.0000000000
6601  -15.896  15.969  21.105 0.0000000000
7299  -15.631  16.155  21.369 0.0000000000
6600  -15.329  15.937  21.031 0.0000000000
7298  -15.150  16.106  21.315 0.0000000000
6599  -14.894  15.976  21.097 0.0000000000
6598  -14.408  16.027  21.067 0.0000000000
7296  -14.304  16.351  21.227 0.0000000000
7317  -14.181  16.146  21.015 0.0000000000
7295  -13.841  16.430  21.212 0.0000000000
7316  -13.688  16.171  20.879 0.0000000000
7294  -13.397  16.391  21.131 0.0000000000
7991  -13.582  16.841  21.260 0.0000000000
7315  -13.219  16.146  20.618 0.0000000000
7293  -12.765  16.522  20.953 0.0000000000
7990  -13.152  16.767  21.214 0.0000000000
7314  -12.714  16.493  20.651 0.0000000000
7989  -12.779  16.805  21.125 0.0000000000
8007  -12.738  16.669  20.950 0.0000000000
6270  -14.829  15.232  13.937 0.0000000000
6817  -14.802  15.713  14.201 0.0000000000
6802  -14.964  15.500  14.262 0.0000000000
6254  -15.155  15.198  14.140 0.0000000000
6253  -14.926  15.246  14.177 0.0000000000
6176  -17.052  15.137  16.983 0.0000000000
6167  -17.012  15.290  17.054 0.0000000000
6725  -17.035  15.388  17.182 0.0000000000
6159  -17.486  15.253  17.780 0.0000000000
6168  -17.253  15.143  17.140 0.0000000000
6701  -17.370  15.647  18.479 0.0000000000
6151  -17.269  15.216  18.213 0.0000000000
6138  -17.300  15.659  19.218 0.0000000000
6116  -17.400  15.793  19.046 0.0000000000
6137  -16.953  15.086  18.898 0.0000000000
6115  -17.124  15.484  19.135 0.0000000000
6686  -16.985  15.752  19.559 0.0000000000
6114  -16.619  15.287  19.448 0.0000000000
6685  -16.785  15.628  19.749 0.0000000000
6664  -16.944  15.824  19.999 0.0000000000
6095  -16.625  15.487  19.948 0.0000000000
6647  -16.651  15.791  20.351 0.0000000000
6079  -16.315  15.430  20.144 0.0000000000
6646  -16.108  15.674  20.472 0.0000000000
6078  -15.954  15.168  20.148 0.0000000000
6645  -15.918  15.097  20.949 0.0000000000
6624  -16.064  15.822  21.105 0.0000000000
6077  -15.542  15.163  20.216 0.0000000000
6644  -15.178  15.708  20.685 0.0000000000
6623  -15.525  15.868  21.093 0.0000000000
6076  -14.810  15.330  20.218 0.0000000000
6643  -14.895  15.725  20.474 0.0000000000
6622  -15.076  15.815  20.869 0.0000000000
6075  -14.644  15.344  20.166 0.0000000000
6642  -14.401  15.697  20.442 0.0000000000
6621  -14.598  15.853  21.022 0.0000000000
6074  -14.146  15.406  20.155 0.0000000000
6641  -13.842  15.686  20.317 0.0000000000
6620  -14.049  15.973  20.789 0.0000000000
6073  -14.065  15.371  19.987 0.0000000000
6663  -14.185  15.438  19.967 0.0000000000
6640  -13.265  15.901  20.302 0.0000000000
6619  -13.552  15.926  20.623 0.0000000000
6662  -13.507  15.705  19.960 0.0000000000
6618  -13.052  15.975  20.410 0.0000000000
7333  -12.841  16.051  20.373 0.0000000000
6661  -12.960  15.846  19.883 0.0000000000
6639  -13.048  15.920  20.139 0.0000000000
7332  -12.914  16.035  20.174 0.0000000000
6271  -15.239  15.050  13.786 0.0000000000
6169  -17.588  14.772  17.090 0.0000000000
6160  -17.800  15.133  17.629 0.0000000000
5655  -17.757  14.930  17.642 0.0000000000
5644  -17.619  14.805  18.156 0.0000000000
6152  -17.738  15.070  18.009 0.0000000000
5643  -17.276  14.755  18.128 0.0000000000
5642  -17.069  14.973  18.236 0.0000000000
6150  -16.948  15.164  18.444 0.0000000000
5622  -16.804  14.950  18.653 0.0000000000
6136  -16.914  15.164  18.602 0.0000000000
5623  -16.915  15.049  19.052 0.0000000000
5598  -16.862  15.043  19.061 0.0000000000
5597  -16.414  14.702  19.203 0.0000000000
6113  -16.214  14.890  19.447 0.0000000000
6094  -16.158  15.079  19.800 0.0000000000
5596  -15.892  14.653  19.299 0.0000000000
5577  -15.723  14.836  19.724 0.0000000000
5561  -16.102  14.910  19.935 0.0000000000
5560  -15.595  14.940  20.014 0.0000000000
5559  -15.152  14.981  20.017 0.0000000000
5558  -14.874  14.990  19.895 0.0000000000
6093  -14.612  15.122  19.909 0.0000000000
6092  -14.286  15.217  19.916 0.0000000000
6091  -13.872  15.287  19.837 0.0000000000
5189  -17.461  14.296  17.470 0.0000000000
5169  -17.454  14.494  17.956 0.0000000000
5168  -17.168  14.260  17.966 0.0000000000
5167  -16.835  14.405  18.301 0.0000000000
5139  -16.484  14.350  18.673 0.0000000000
5116  -16.057  14.335  18.886 0.0000000000
5115  -15.978  14.312  18.905 0.0000000000
5114  -15.568  14.298  18.962 0.0000000000
5595  -15.416  14.601  19.308 0.0000000000
5113  -14.789  14.308  19.127 0.0000000000
5594  -15.020  14.600  19.289 0.0000000000
5576  -15.288  14.811  19.684 0.0000000000
5112  -14.831  14.461  19.031 0.0000000000
5593  -14.695  14.707  19.247 0.0000000000
5575  -14.904  14.821  19.670 0.0000000000
5621  -14.705  14.548  18.979 0.0000000000
5592  -14.260  14.797  19.344 0.0000000000
5574  -14.590  14.906  19.671 0.0000000000
5620  -14.439  14.680  18.941 0.0000000000
5591  -13.949  14.933  19.507 0.0000000000
5573  -14.277  15.005  19.706 0.0000000000
5619  -13.862  14.784  18.893 0.0000000000
5572  -14.058  15.102  19.746 0.0000000000
6112  -13.741  15.075  19.307 0.0000000000
4778  -17.784  13.923  16.643 0.0000000000
4769  -17.524  13.827  16.928 0.0000000000
5199  -17.393  13.911  17.215 0.0000000000
5188  -17.200  13.972  17.583 0.0000000000
4768  -17.095  13.604  17.242 0.0000000000
4747  -16.996  13.895  17.775 0.0000000000
4720  -17.072  14.041  17.891 0.0000000000
4719  -16.984  13.951  17.913 0.0000000000
4718  -16.494  13.881  18.209 0.0000000000
5166  -16.271  14.125  18.335 0.0000000000
4717  -16.017  13.684  18.228 0.0000000000
5165  -15.817  13.993  18.274 0.0000000000
5138  -16.220  14.235  18.489 0.0000000000
4716  -15.480  13.522  18.210 0.0000000000
5164  -15.404  14.010  18.273 0.0000000000
5137  -15.753  14.181  18.555 0.0000000000
4715  -15.027  13.794  18.122 0.0000000000
5163  -14.892  14.108  18.348 0.0000000000
5136  -15.242  14.237  18.600 0.0000000000
4714  -14.572  13.854  18.198 0.0000000000
5162  -14.388  14.185  18.399 0.0000000000
5135  -14.710  14.348  18.743 0.0000000000
4713  -14.146  13.905  18.219 0.0000000000
5161  -13.809  14.315  18.364 0.0000000000
5134  -14.183  14.430  18.700 0.0000000000
4742  -13.879  13.814  17.969 0.0000000000
5187  -13.626  13.984  17.805 0.0000000000
5133  -13.934  14.481  18.678 0.0000000000
5641  -13.598  14.680  18.503 0.0000000000
5160  -13.284  14.322  18.023 0.0000000000
5640  -13.110  14.462  18.020 0.0000000000
5186  -13.237  14.208  17.739 0.0000000000
5159  -13.063  14.360  17.838 0.0000000000
5639  -12.920  14.666  18.026 0.0000000000
5185  -12.919  14.414  17.549 0.0000000000
4387  -17.746  13.418  15.870 0.0000000000
4375  -17.832  13.404  16.237 0.0000000000
4362  -17.387  13.319  16.708 0.0000000000
4777  -17.320  13.566  16.925 0.0000000000
4361  -17.109  13.100  16.961 0.0000000000
4342  -16.835  12.939  17.096 0.0000000000
4341  -16.655  13.170  17.312 0.0000000000
4767  -16.792  13.586  17.588 0.0000000000
4315  -16.548  13.388  17.795 0.0000000000
4746  -16.787  13.723  17.876 0.0000000000
4291  -16.613  13.665  18.049 0.0000000000
4743  -14.194  13.866  18.110 0.0000000000
4309  -14.028  13.417  17.640 0.0000000000
4766  -13.657  13.572  17.412 0.0000000000
4741  -13.429  13.967  17.647 0.0000000000
4765  -13.162  13.904  17.099 0.0000000000
5198  -13.124  14.167  17.410 0.0000000000
4290  -16.257  13.427  18.074 0.0000000000
4289  -15.795  13.281  18.003 0.0000000000
4288  -15.526  13.283  18.010 0.0000000000
4312  -15.366  13.211  17.845 0.0000000000
4745  -15.120  13.531  17.878 0.0000000000
4744  -14.718  13.638  17.856 0.0000000000
3939  -17.424  12.793  16.273 0.0000000000
3920  -17.309  12.993  16.563 0.0000000000
3919  -17.125  12.904  16.712 0.0000000000
3896  -16.963  13.105  17.181 0.0000000000
3895  -16.571  12.728  17.120 0.0000000000
4340  -16.286  12.901  17.361 0.0000000000
4314  -16.141  13.072  17.686 0.0000000000
3894  -16.106  12.647  17.269 0.0000000000
3874  -16.113  12.881  17.487 0.0000000000
3873  -16.189  12.860  17.734 0.0000000000
4313  -15.786  13.063  17.760 0.0000000000
3872  -15.436  12.852  17.574 0.0000000000
3871  -15.075  13.068  17.575 0.0000000000
4311  -14.834  13.207  17.683 0.0000000000
3891  -14.666  12.772  17.087 0.0000000000
4339  -14.583  13.159  17.443 0.0000000000
4310  -14.449  13.381  17.662 0.0000000000
4338  -14.277  13.160  17.338 0.0000000000
4337  -13.834  13.067  17.121 0.0000000000
3918  -16.947  12.836  16.832 0.0000000000
3938  -16.965  12.658  16.418 0.0000000000
3500  -16.586  12.430  16.787 0.0000000000
3937  -16.761  12.541  16.570 0.0000000000
3482  -16.276  12.410  17.001 0.0000000000
3481  -16.177  12.156  16.959 0.0000000000
3893  -15.652  12.600  17.255 0.0000000000
3480  -15.429  12.393  16.960 0.0000000000
3892  -15.150  12.703  17.054 0.0000000000
3479  -15.224  12.609  17.010 0.0000000000
3917  -14.843  12.779  16.938 0.0000000000
3916  -14.882  12.745  17.021 0.0000000000
3915  -14.350  12.605  16.676 0.0000000000
3890  -14.089  12.931  17.024 0.0000000000
3914  -13.766  12.868  16.716 0.0000000000
3889  -13.758  12.978  17.019 0.0000000000
3499  -16.190  12.271  16.678 0.0000000000
3498  -15.764  12.251  16.674 0.0000000000
3497  -15.285  12.331  16.717 0.0000000000
4360  -13.843  13.095  16.902 0.0000000000
3934  -13.376  12.827  15.991 0.0000000000
3913  -13.240  13.022  16.341 0.0000000000
3935  -13.976  12.712  16.141 0.0000000000
4359  -13.356  13.248  16.763 0.0000000000
3496  -14.870  12.362  16.634 0.0000000000
3495  -14.556  12.271  16.314 0.0000000000
3936  -14.306  12.448  16.030 0.0000000000
4336  -13.596  13.358  17.193 0.0000000000
4358  -13.106  13.385  16.257 0.0000000000
4776  -13.156  13.907  17.055 0.0000000000
4775  -13.038  13.831  16.447 0.0000000000
4764  -12.978  14.079  16.753 0.0000000000
5197  -12.863  14.391  16.998 0.0000000000
4373  -13.003  13.570  16.212 0.0000000000
4783  -12.998  13.931  16.033 0.0000000000
5205  -12.914  14.335  16.433 0.0000000000
5210  -13.013  14.145  16.011 0.0000000000
4385  -13.006  13.424  15.541 0.0000000000
4790  -12.903  13.876  15.450 0.0000000000
5654  -12.774  14.737  17.566 0.0000000000
5184  -12.765  14.693  17.206 0.0000000000
5196  -12.757  14.684  17.052 0.0000000000
5660  -12.759  14.702  16.848 0.0000000000
5668  -12.742  14.765  16.486 0.0000000000
5677  -12.798  14.790  16.183 0.0000000000
5217  -12.661  14.278  15.357 0.0000000000
5693  -12.730  14.468  15.695 0.0000000000
6135  -13.808  15.083  19.161 0.0000000000
5618  -13.363  15.154  18.821 0.0000000000
6134  -13.409  15.233  18.870 0.0000000000
5638  -12.711  15.079  17.750 0.0000000000
6148  -12.819  15.417  18.169 0.0000000000
6149  -13.171  15.052  18.414 0.0000000000
5653  -12.644  15.041  17.214 0.0000000000
5659  -12.632  14.947  16.787 0.0000000000
5667  -12.517  14.995  16.401 0.0000000000
5676  -12.306  14.995  16.043 0.0000000000
6175  -12.264  15.180  16.367 0.0000000000
6189  -12.186  15.129  16.158 0.0000000000
5691  -12.039  14.989  15.661 0.0000000000
5675  -11.724  15.040  15.954 0.0000000000
5692  -12.403  14.632  15.491 0.0000000000
6188  -11.973  15.187  16.147 0.0000000000
5690  -11.434  14.830  15.666 0.0000000000
5707  -11.723  14.780  15.329 0.0000000000
5708  -11.990  14.733  15.187 0.0000000000
5216  -12.477  14.428  15.296 0.0000000000
5224  -12.313  14.352  15.036 0.0000000000
5709  -12.108  14.646  15.115 0.0000000000
5222  -11.392  14.610  15.238 0.0000000000
5223  -11.819  14.533  15.002 0.0000000000
6090  -13.499  15.329  19.564 0.0000000000
6111  -13.525  15.253  19.124 0.0000000000
6684  -13.194  15.657  19.388 0.0000000000
6700  -13.123  15.667  18.989 0.0000000000
6133  -13.053  15.435  18.650 0.0000000000
6147  -12.657  15.471  17.765 0.0000000000
6699  -12.792  15.917  18.735 0.0000000000
6708  -12.752  16.036  18.035 0.0000000000
6707  -12.609  15.881  17.769 0.0000000000
6166  -12.274  15.382  16.801 0.0000000000
6174  -11.809  15.386  16.460 0.0000000000
6187  -11.494  15.175  16.236 0.0000000000
7354  -12.821  15.976  19.955 0.0000000000
6683  -12.889  15.840  19.317 0.0000000000
6660  -12.743  15.938  19.582 0.0000000000
7353  -12.652  16.196  19.785 0.0000000000
6682  -12.624  16.131  19.234 0.0000000000
6698  -12.773  16.159  19.181 0.0000000000
7381  -12.609  16.234  18.748 0.0000000000
7389  -12.525  16.323  18.440 0.0000000000
6158  -12.353  15.638  17.312 0.0000000000
6715  -12.112  15.882  17.822 0.0000000000
6716  -12.451  15.993  18.037 0.0000000000
7398  -12.143  16.099  18.052 0.0000000000
6714  -11.900  15.980  17.198 0.0000000000
6723  -11.602  15.831  17.530 0.0000000000
7397  -11.953  15.863  17.933 0.0000000000
7415  -11.881  16.011  17.770 0.0000000000
6722  -11.326  15.899  17.326 0.0000000000
7414  -11.161  15.859  17.669 0.0000000000
7331  -12.526  16.490  20.197 0.0000000000
7313  -12.385  16.841  20.554 0.0000000000
8006  -12.428  16.961  20.906 0.0000000000
8025  -12.305  16.940  20.341 0.0000000000
8043  -12.177  16.769  19.870 0.0000000000
7373  -12.388  16.618  19.360 0.0000000000
7380  -12.410  16.515  18.825 0.0000000000
8051  -12.005  16.868  19.264 0.0000000000
7372  -12.005  17.011  18.994 0.0000000000
7379  -11.558  16.613  19.018 0.0000000000
7388  -12.055  16.505  18.325 0.0000000000
7387  -11.500  16.487  18.239 0.0000000000
7396  -11.386  15.970  17.920 0.0000000000
7413  -11.065  15.843  17.580 0.0000000000
7395  -10.951  16.028  17.803 0.0000000000
7988  -12.606  16.818  21.030 0.0000000000
8744  -12.576  16.784  21.188 0.0000000000
8745  -12.861  17.108  21.347 0.0000000000
8746  -13.231  17.116  21.360 0.0000000000
8747  -13.690  17.203  21.448 0.0000000000
8748  -14.017  17.148  21.601 0.0000000000
8762  -12.256  17.323  20.642 0.0000000000
8779  -12.026  17.080  20.180 0.0000000000
8791  -11.629  16.802  19.918 0.0000000000
8042  -11.486  16.875  19.811 0.0000000000
8050  -11.299  16.811  18.848 0.0000000000
8676  -13.955  17.439  23.037 0.0000000000
9562  -13.633  17.639  22.910 0.0000000000
8693  -13.428  17.420  22.563 0.0000000000
8677  -14.383  17.442  23.168 0.0000000000
8678  -14.863  17.219  23.037 0.0000000000
8679  -15.292  17.348  23.056 0.0000000000
8680  -15.667  17.579  23.033 0.0000000000
9563  -15.843  17.620  22.931 0.0000000000
8716  -16.079  17.317  22.236 0.0000000000
8699  -16.095  17.420  22.560 0.0000000000
9564  -16.105  17.754  22.807 0.0000000000
9576  -16.271  17.688  22.333 0.0000000000
8712  -13.325  17.274  22.100 0.0000000000
8729  -13.736  17.227  21.786 0.0000000000
9588  -16.319  17.612  21.894 0.0000000000
8728  -13.286  17.229  21.712 0.0000000000
9605  -16.291  17.542  21.405 0.0000000000
9604  -12.302  17.124  21.818 0.0000000000
9603  -11.996  17.473  21.258 0.0000000000
8727  -13.023  17.184  21.665 0.0000000000
9587  -12.742  17.304  21.950 0.0000000000
9622  -11.919  17.173  20.410 0.0000000000
9623  -16.325  17.533  21.053 0.0000000000
9624  -16.637  17.680  20.759 0.0000000000
8780  -16.864  17.381  20.445 0.0000000000
9638  -12.006  17.448  20.221 0.0000000000
8790  -11.135  16.680  20.190 0.0000000000
8778  -11.497  16.871  19.992 0.0000000000
9637  -11.453  16.961  20.093 0.0000000000
9639  -16.736  17.770  20.202 0.0000000000
8792  -16.920  17.366  20.014 0.0000000000
8798  -11.068  16.374  19.626 0.0000000000
9645  -11.043  16.981  19.936 0.0000000000
8797  -10.918  16.738  19.691 0.0000000000
8789  -10.960  17.114  19.880 0.0000000000
9644  -10.933  17.160  20.013 0.0000000000
9646  -16.769  17.669  19.804 0.0000000000
8799  -16.912  17.351  19.573 0.0000000000
8049  -11.116  16.938  19.096 0.0000000000
8048  -10.585  16.812  19.187 0.0000000000
8796  -10.891  17.222  19.491 0.0000000000
9652  -16.757  17.682  19.396 0.0000000000
9746  -11.611  17.669  16.403 0.0000000000
9747  -11.985  17.850  16.151 0.0000000000
9763  -12.143  17.618  16.061 0.0000000000
9764  -12.560  17.766  15.958 0.0000000000
9765  -12.940  17.865  15.448 0.0000000000
9782  -13.203  17.718  15.099 0.0000000000
9798  -13.183  17.248  15.080 0.0000000000
8940  -13.208  17.044  14.723 0.0000000000
9799  -13.205  17.687  14.691 0.0000000000
9811  -13.291  17.407  14.443 0.0000000000
9812  -13.679  17.661  14.255 0.0000000000
8971  -14.067  17.387  13.973 0.0000000000
9819  -14.161  17.849  14.016 0.0000000000
8976  -14.146  17.660  13.632 0.0000000000
9822  -13.936  18.214  13.969 0.0000000000
9823  -14.210  18.066  13.295 0.0000000000
9824  -14.548  17.822  12.816 0.0000000000
9543  -13.918  17.800  23.195 0.0000000000
9561  -13.216  17.881  22.794 0.0000000000
9542  -13.394  17.972  23.131 0.0000000000
9547  -16.109  18.112  23.298 0.0000000000
9548  -16.153  18.013  23.106 0.0000000000
10591  -16.224  18.256  22.939 0.0000000000
10602  -16.311  18.155  22.355 0.0000000000
9577  -16.552  17.895  22.058 0.0000000000
9589  -16.880  17.805  21.616 0.0000000000
10603  -16.770  17.960  22.091 0.0000000000
9574  -12.701  17.765  22.235 0.0000000000
8711  -12.901  17.380  22.038 0.0000000000
9586  -12.462  17.860  22.022 0.0000000000
10618  -12.068  17.677  21.839 0.0000000000
10636  -12.075  17.013  22.081 0.0000000000
10620  -16.627  18.153  21.460 0.0000000000
9606  -16.660  17.873  21.175 0.0000000000
9621  -11.256  17.020  21.075 0.0000000000
9602  -11.511  17.384  21.603 0.0000000000
10634  -11.840  17.591  21.003 0.0000000000
10635  -11.813  17.328  21.811 0.0000000000
10638  -16.701  18.044  21.050 0.0000000000
10647  -11.442  17.357  21.139 0.0000000000
9636  -11.023  16.998  20.267 0.0000000000
9620  -11.052  17.317  20.803 0.0000000000
10646  -11.191  17.638  20.868 0.0000000000
10649  -16.700  18.024  20.699 0.0000000000
9635  -10.880  17.328  20.288 0.0000000000
10653  -16.662  18.121  20.315 0.0000000000
10661  -16.675  18.036  19.973 0.0000000000
9643  -10.652  17.084  19.850 0.0000000000
10671  -16.699  18.014  19.599 0.0000000000
10685  -16.674  18.007  19.230 0.0000000000
10684  -16.436  18.171  18.916 0.0000000000
10702  -16.230  18.075  18.576 0.0000000000
9654  -11.522  17.710  18.446 0.0000000000
10697  -11.312  17.934  18.164 0.0000000000
10716  -11.508  17.932  17.859 0.0000000000
9655  -11.923  17.737  18.538 0.0000000000
9656  -12.435  17.909  18.734 0.0000000000
9671  -12.844  17.813  18.357 0.0000000000
9657  -12.913  17.992  18.801 0.0000000000
10682  -12.966  18.074  18.772 0.0000000000
10699  -13.057  18.035  18.682 0.0000000000
9672  -13.164  17.777  18.211 0.0000000000
10700  -13.178  17.922  18.515 0.0000000000
10719  -13.403  17.841  18.184 0.0000000000
10725  -16.058  18.083  18.066 0.0000000000
9709  -13.789  17.641  17.352 0.0000000000
9692  -13.792  17.746  17.758 0.0000000000
10720  -13.857  17.816  18.067 0.0000000000
10739  -14.021  17.867  17.689 0.0000000000
9694  -15.671  17.942  18.095 0.0000000000
10735  -11.654  18.180  17.339 0.0000000000
9707  -11.699  17.980  16.898 0.0000000000
9727  -11.686  17.994  16.757 0.0000000000
10736  -12.115  18.159  17.184 0.0000000000
9710  -14.127  17.737  17.026 0.0000000000
10740  -14.227  18.017  17.354 0.0000000000
9731  -14.048  17.815  16.743 0.0000000000
10757  -14.394  17.974  16.904 0.0000000000
9712  -15.475  17.821  17.289 0.0000000000
9733  -15.845  17.786  17.042 0.0000000000
10754  -12.051  18.056  16.932 0.0000000000
9728  -12.045  17.962  16.643 0.0000000000
9748  -12.251  17.984  16.251 0.0000000000
10755  -12.485  18.238  16.695 0.0000000000
9750  -14.291  17.697  16.186 0.0000000000
9732  -14.488  17.809  16.522 0.0000000000
10758  -14.859  17.838  16.654 0.0000000000
10743  -15.350  17.884  17.207 0.0000000000
10760  -16.024  17.842  16.882 0.0000000000
9753  -15.864  17.851  16.767 0.0000000000
10772  -12.640  18.094  16.158 0.0000000000
9768  -14.430  17.460  15.743 0.0000000000
10775  -15.004  17.487  16.020 0.0000000000
10776  -15.395  17.811  16.389 0.0000000000
10777  -15.726  17.878  16.764 0.0000000000
10793  -16.103  17.950  16.205 0.0000000000
10788  -12.797  17.908  16.047 0.0000000000
10789  -12.924  17.947  16.221 0.0000000000
9783  -12.966  18.058  15.141 0.0000000000
9766  -13.151  18.077  15.318 0.0000000000
10790  -13.326  18.321  15.690 0.0000000000
10806  -13.383  18.123  15.210 0.0000000000
10792  -15.790  17.894  15.798 0.0000000000
10816  -13.093  17.954  14.784 0.0000000000
9800  -13.679  17.883  14.479 0.0000000000
10817  -13.963  18.079  14.875 0.0000000000
10822  -14.048  17.928  14.229 0.0000000000
10827  -14.037  18.030  14.082 0.0000000000
10834  -14.470  18.134  13.854 0.0000000000
10835  -14.786  18.096  13.228 0.0000000000
10581  -16.129  18.362  23.396 0.0000000000
11685  -16.060  18.700  23.182 0.0000000000
11699  -16.148  18.617  22.699 0.0000000000
11712  -16.165  18.624  22.232 0.0000000000
10619  -16.371  18.349  21.835 0.0000000000
10617  -12.457  18.081  21.517 0.0000000000
11729  -15.943  18.890  21.848 0.0000000000
10637  -16.372  18.362  21.209 0.0000000000
10616  -12.133  18.160  20.926 0.0000000000
11725  -12.013  18.424  20.955 0.0000000000
11738  -11.493  17.976  20.967 0.0000000000
10633  -11.335  17.600  20.973 0.0000000000
11737  -11.124  18.237  20.972 0.0000000000
11741  -15.891  18.822  21.168 0.0000000000
10648  -16.379  18.353  20.617 0.0000000000
11752  -16.065  18.757  20.887 0.0000000000
10645  -10.856  17.992  20.838 0.0000000000
11747  -11.125  18.239  20.909 0.0000000000
10652  -16.378  18.357  20.175 0.0000000000
11762  -16.165  18.737  20.399 0.0000000000
10660  -16.390  18.339  19.783 0.0000000000
11772  -16.171  18.791  19.955 0.0000000000
10670  -16.406  18.296  19.342 0.0000000000
11791  -16.153  18.721  19.500 0.0000000000
11815  -16.086  18.602  19.005 0.0000000000
10681  -12.813  18.099  18.933 0.0000000000
10668  -13.084  18.260  19.095 0.0000000000
10667  -12.771  18.048  19.207 0.0000000000
10683  -13.232  18.150  18.844 0.0000000000
10669  -13.320  18.290  19.089 0.0000000000
11812  -13.626  18.277  19.014 0.0000000000
11836  -13.515  18.091  18.670 0.0000000000
11842  -16.107  18.298  18.484 0.0000000000
10680  -11.338  17.984  18.696 0.0000000000
10679  -11.078  18.040  18.395 0.0000000000
10696  -11.100  18.078  18.149 0.0000000000
11833  -11.328  18.335  18.226 0.0000000000
10698  -11.519  18.233  18.037 0.0000000000
10717  -11.776  18.250  17.788 0.0000000000
11834  -12.098  18.735  18.199 0.0000000000
10701  -13.604  17.929  18.422 0.0000000000
11837  -14.129  18.017  18.671 0.0000000000
11856  -11.839  18.563  17.813 0.0000000000
10718  -12.007  18.161  17.846 0.0000000000
10737  -12.391  18.186  17.372 0.0000000000
11857  -12.197  18.847  17.873 0.0000000000
11859  -14.183  17.825  18.152 0.0000000000
10721  -14.237  17.905  17.815 0.0000000000
11860  -14.537  17.916  18.094 0.0000000000
10722  -14.558  18.180  17.630 0.0000000000
10741  -14.693  18.138  17.138 0.0000000000
11861  -14.832  18.330  17.916 0.0000000000
10723  -15.059  18.236  17.465 0.0000000000
9693  -15.089  18.021  17.742 0.0000000000
10724  -15.580  18.120  17.804 0.0000000000
9711  -15.027  17.998  17.107 0.0000000000
10742  -15.056  18.009  16.985 0.0000000000
11862  -15.323  18.291  17.942 0.0000000000
11863  -15.833  18.118  17.912 0.0000000000
11864  -16.063  18.272  18.214 0.0000000000
11873  -12.590  18.689  17.448 0.0000000000
10738  -12.733  18.525  17.096 0.0000000000
10756  -12.928  18.692  16.839 0.0000000000
11874  -12.954  19.010  17.196 0.0000000000
10759  -15.389  17.926  16.878 0.0000000000
10773  -12.982  18.420  16.300 0.0000000000
11888  -13.109  18.985  16.864 0.0000000000
11902  -13.041  18.897  16.672 0.0000000000
10774  -13.230  18.388  16.070 0.0000000000
11903  -13.344  18.743  16.330 0.0000000000
10823  -14.261  18.108  14.225 0.0000000000
11673  -15.992  18.879  23.721 0.0000000000
11672  -15.795  19.016  23.343 0.0000000000
11684  -15.898  18.849  23.097 0.0000000000
11698  -15.890  18.856  22.546 0.0000000000
11711  -15.870  18.867  22.132 0.0000000000
11726  -12.243  18.558  21.449 0.0000000000
11724  -11.276  18.611  20.918 0.0000000000
12810  -11.568  19.067  21.295 0.0000000000
12811  -11.982  18.862  21.640 0.0000000000
11710  -12.285  18.635  21.901 0.0000000000
11728  -15.728  18.816  21.873 0.0000000000
11736  -10.506  18.305  20.762 0.0000000000
11723  -10.588  18.714  21.086 0.0000000000
11746  -10.696  18.083  20.684 0.0000000000
11740  -15.094  18.737  21.601 0.0000000000
11751  -15.574  18.800  20.978 0.0000000000
10644  -10.159  17.999  20.718 0.0000000000
11745  -10.252  18.169  20.755 0.0000000000
11750  -14.875  18.957  21.247 0.0000000000
12825  -15.254  19.015  20.967 0.0000000000
12826  -15.638  18.904  21.009 0.0000000000
12827  -15.884  19.040  20.598 0.0000000000
12836  -16.087  19.090  20.099 0.0000000000
12848  -16.064  19.051  19.729 0.0000000000
12872  -15.988  18.988  19.413 0.0000000000
12900  -15.903  18.860  19.215 0.0000000000
11789  -13.502  18.529  19.436 0.0000000000
11790  -13.850  18.452  19.368 0.0000000000
11813  -14.016  18.307  19.123 0.0000000000
12867  -14.200  18.724  19.569 0.0000000000
12895  -14.248  18.309  19.138 0.0000000000
11814  -16.054  18.667  18.821 0.0000000000
12899  -15.559  18.991  18.968 0.0000000000
11832  -11.044  18.111  18.164 0.0000000000
11808  -11.182  18.373  18.456 0.0000000000
11809  -11.387  18.948  18.415 0.0000000000
11810  -12.012  19.085  18.639 0.0000000000
11835  -12.108  19.076  18.137 0.0000000000
11811  -12.086  19.093  18.492 0.0000000000
12914  -12.308  19.452  18.431 0.0000000000
12929  -12.213  19.406  18.171 0.0000000000
12916  -14.423  18.219  19.037 0.0000000000
11838  -14.692  18.328  18.388 0.0000000000
12917  -14.641  18.417  18.847 0.0000000000
11839  -14.909  18.544  18.048 0.0000000000
12918  -14.908  18.717  18.593 0.0000000000
11840  -15.550  18.440  18.211 0.0000000000
12919  -15.313  18.718  18.566 0.0000000000
11841  -16.042  18.377  18.170 0.0000000000
12920  -15.689  18.643  18.515 0.0000000000
11858  -12.604  18.985  17.577 0.0000000000
12930  -12.746  19.410  17.743 0.0000000000
12938  -13.089  19.259  17.328 0.0000000000
11875  -13.163  18.940  17.023 0.0000000000
11889  -13.294  18.992  16.866 0.0000000000
12809  -10.998  19.059  21.425 0.0000000000
13926  -11.232  19.551  21.742 0.0000000000
13927  -11.773  19.412  21.681 0.0000000000
12799  -12.203  19.120  22.110 0.0000000000
13921  -11.988  19.171  21.919 0.0000000000
13928  -12.185  19.081  21.694 0.0000000000
12816  -15.211  19.096  21.377 0.0000000000
12817  -15.373  19.340  21.214 0.0000000000
12818  -16.145  18.946  20.906 0.0000000000
13937  -15.849  19.190  20.846 0.0000000000
13946  -15.766  19.575  20.600 0.0000000000
13962  -15.943  19.502  20.218 0.0000000000
13985  -15.792  19.300  19.829 0.0000000000
14010  -15.853  19.139  19.519 0.0000000000
12866  -13.875  18.623  19.572 0.0000000000
12847  -14.066  19.079  20.155 0.0000000000
12846  -13.878  18.762  19.823 0.0000000000
14005  -13.919  19.268  19.974 0.0000000000
12896  -14.572  18.560  19.251 0.0000000000
12868  -14.393  19.104  19.066 0.0000000000
14006  -14.098  19.474  19.416 0.0000000000
12897  -14.706  18.905  18.852 0.0000000000
12869  -14.965  19.251  18.894 0.0000000000
14007  -14.587  19.585  19.285 0.0000000000
12898  -15.112  19.008  18.809 0.0000000000
12870  -15.311  19.216  19.031 0.0000000000
14008  -15.068  19.562  19.332 0.0000000000
12871  -15.686  18.916  18.946 0.0000000000
14009  -15.508  19.348  19.449 0.0000000000
12894  -12.081  19.239  18.838 0.0000000000
14026  -12.387  19.729  19.070 0.0000000000
14036  -12.615  19.966  18.509 0.0000000000
12915  -12.632  19.926  17.895 0.0000000000
13920  -11.939  19.620  22.084 0.0000000000
13925  -10.880  19.319  21.728 0.0000000000
13918  -10.783  19.514  22.002 0.0000000000
13919  -11.055  19.881  22.144 0.0000000000
15153  -11.116  20.150  22.014 0.0000000000
15154  -11.616  19.943  21.894 0.0000000000
13936  -15.492  19.783  20.866 0.0000000000
13945  -15.438  20.007  20.817 0.0000000000
13961  -15.391  19.830  20.235 0.0000000000
15185  -15.292  20.097  20.390 0.0000000000
15202  -15.161  20.028  20.178 0.0000000000
13984  -15.284  19.757  19.869 0.0000000000
15219  -15.021  19.948  19.763 0.0000000000
13983  -15.081  20.027  19.622 0.0000000000
15218  -15.019  20.030  19.988 0.0000000000
13980  -14.080  19.717  20.321 0.0000000000
13981  -13.991  19.905  19.849 0.0000000000
13982  -14.421  19.902  19.685 0.0000000000
12865  -12.128  19.407  19.334 0.0000000000
14003  -12.420  19.850  19.902 0.0000000000
15238  -12.466  20.018  19.539 0.0000000000
15249  -12.617  20.081  18.983 0.0000000000
15143  -11.330  20.268  22.265 0.0000000000
15144  -11.862  20.200  22.451 0.0000000000
15184  -15.236  20.259  20.711 0.0000000000
15201  -14.991  20.265  20.338 0.0000000000
15217  -14.733  20.185  19.994 0.0000000000
15216  -14.326  20.278  20.067 0.0000000000
15200  -14.691  20.538  20.460 0.0000000000
15215  -13.928  20.341  20.267 0.0000000000
15199  -14.275  20.650  20.400 0.0000000000
15214  -13.890  20.127  20.621 0.0000000000
15198  -14.013  20.709  20.428 0.0000000000
16599  -13.850  20.699  20.644 0.0000000000
16612  -13.709  20.385  20.517 0.0000000000
15197  -13.811  20.075  21.062 0.0000000000
13979  -14.033  19.777  20.829 0.0000000000
16611  -13.745  20.398  20.765 0.0000000000
15183  -15.002  20.725  20.980 0.0000000000
16589  -14.836  20.771  20.893 0.0000000000
16601  -14.578  20.895  20.809 0.0000000000
16600  -14.160  20.918  20.704 0.0000000000
13959  -13.509  19.615  20.781 0.0000000000
89662  -13.617  20.750  21.071 0.0000000000
89672  -13.350  20.084  21.226 0.0000000000
13944  -15.274  20.153  21.193 0.0000000000
13935  -15.313  20.024  21.214 0.0000000000
15167  -15.354  20.277  21.096 0.0000000000
16590  -15.028  20.821  21.049 0.0000000000
15168  -15.702  20.219  21.536 0.0000000000
16577  -15.472  20.655  21.400 0.0000000000
15136  -12.171  20.180  22.788 0.0000000000
13910  -12.161  19.830  22.491 0.0000000000
89689  -12.136  20.532  22.931 0.0000000000
16554  -11.549  20.939  22.815 0.0000000000
13909  -11.022  20.100  22.356 0.0000000000
15135  -11.029  20.381  22.547 0.0000000000
15137  -12.242  19.944  22.945 0.0000000000
16541  -12.312  20.256  23.181 0.0000000000
13908  -10.753  19.764  22.500 0.0000000000
15134  -10.668  20.278  22.726 0.0000000000
16540  -10.921  20.800  22.751 0.0000000000
13907  -10.340  19.767  22.849 0.0000000000
15133  -10.357  20.236  22.949 0.0000000000
16539  -10.608  20.684  22.844 0.0000000000
12845  -12.169  19.574  20.110 0.0000000000
13977  -12.333  19.673  20.433 0.0000000000
13978  -12.892  19.992  20.492 0.0000000000
14004  -12.550  20.044  20.306 0.0000000000
15230  -12.505  20.192  19.998 0.0000000000
15229  -12.192  19.907  19.962 0.0000000000
13960  -13.986  19.366  20.643 0.0000000000
13958  -12.879  19.853  20.810 0.0000000000
15196  -12.960  20.540  21.411 0.0000000000
15213  -12.767  20.437  20.534 0.0000000000
12832  -11.839  19.338  20.374 0.0000000000
13957  -12.185  19.574  20.751 0.0000000000
12835  -13.604  18.958  20.587 0.0000000000
12834  -13.104  19.205  20.451 0.0000000000
12833  -12.377  19.307  20.551 0.0000000000
13929  -15.737  19.735  21.678 0.0000000000
12813  -15.637  19.121  21.771 0.0000000000
13922  -15.758  19.740  21.843 0.0000000000
13930  -16.074  19.938  21.953 0.0000000000
15156  -16.105  20.061  21.975 0.0000000000
15155  -16.020  20.019  21.777 0.0000000000
12808  -10.535  19.089  21.722 0.0000000000
12800  -15.764  19.179  22.336 0.0000000000
13912  -15.830  19.570  22.582 0.0000000000
13923  -16.040  19.820  22.278 0.0000000000
12798  -12.191  19.594  22.193 0.0000000000
12797  -10.352  19.259  22.180 0.0000000000
12788  -15.778  19.168  22.873 0.0000000000
13898  -15.833  19.576  23.066 0.0000000000
13913  -16.096  19.817  22.735 0.0000000000
12787  -12.236  19.424  22.505 0.0000000000
12786  -12.181  19.667  22.366 0.0000000000
13911  -12.241  19.621  22.836 0.0000000000
12785  -10.218  19.331  22.574 0.0000000000
12773  -15.770  19.276  23.218 0.0000000000
13880  -15.864  19.621  23.372 0.0000000000
13899  -16.116  19.840  23.138 0.0000000000
12759  -15.856  19.326  23.607 0.0000000000
13881  -16.174  19.770  23.732 0.0000000000
12893  -12.177  18.885  18.999 0.0000000000
12864  -11.937  19.056  19.079 0.0000000000
11786  -11.893  18.999  18.945 0.0000000000
12844  -11.911  19.129  19.028 0.0000000000
12863  -11.380  18.917  18.934 0.0000000000
12843  -11.414  19.002  19.323 0.0000000000
11785  -11.468  18.978  18.874 0.0000000000
12862  -11.068  19.049  18.882 0.0000000000
11784  -10.956  18.709  18.964 0.0000000000
12861  -10.802  19.057  18.937 0.0000000000
14002  -10.859  19.063  19.426 0.0000000000
11783  -10.534  18.837  19.385 0.0000000000
11807  -10.290  18.974  19.123 0.0000000000
12892  -10.453  19.022  18.815 0.0000000000
14025  -10.561  19.425  19.136 0.0000000000
11771  -13.919  18.821  20.153 0.0000000000
11770  -13.435  18.752  19.950 0.0000000000
12831  -12.165  18.901  20.057 0.0000000000
12830  -11.434  18.883  19.784 0.0000000000
89902  -10.955  19.214  19.572 0.0000000000
12824  -13.185  18.984  20.471 0.0000000000
11749  -13.214  18.931  20.364 0.0000000000
11761  -13.474  18.793  20.263 0.0000000000
11760  -13.085  18.893  20.217 0.0000000000
12823  -13.202  18.961  20.322 0.0000000000
11759  -12.631  18.966  20.248 0.0000000000
11758  -11.988  18.985  20.293 0.0000000000
11757  -11.677  18.992  20.150 0.0000000000
11756  -11.311  19.068  20.127 0.0000000000
11755  -10.787  19.145  20.037 0.0000000000
11748  -13.117  18.927  20.336 0.0000000000
11739  -15.176  18.956  21.392 0.0000000000
11727  -15.113  18.952  21.932 0.0000000000
12812  -15.151  18.968  21.870 0.0000000000
11722  -10.116  18.732  21.539 0.0000000000
12807  -9.936  19.074  21.830 0.0000000000
11721  -9.468  18.703  21.673 0.0000000000
12806  -9.559  19.017  21.896 0.0000000000
12796  -9.691  19.185  22.137 0.0000000000
11708  -9.272  18.949  21.957 0.0000000000
12795  -9.504  19.059  21.969 0.0000000000
11696  -12.349  18.731  22.624 0.0000000000
11709  -9.321  19.122  22.127 0.0000000000
11695  -9.415  19.199  22.285 0.0000000000
12784  -9.686  19.386  22.702 0.0000000000
12771  -12.287  19.216  22.946 0.0000000000
12772  -12.542  19.166  23.244 0.0000000000
11681  -12.475  18.896  23.069 0.0000000000
13896  -12.353  19.587  23.140 0.0000000000
12760  -16.150  19.243  23.899 0.0000000000
10664  -11.197  18.077  18.808 0.0000000000
11806  -9.995  18.847  19.367 0.0000000000
11831  -9.947  18.969  18.883 0.0000000000
11782  -10.269  18.801  19.629 0.0000000000
12860  -10.096  18.788  19.896 0.0000000000
12891  -9.852  18.959  19.641 0.0000000000
11830  -9.896  19.104  19.175 0.0000000000
12912  -9.972  19.207  19.458 0.0000000000
11788  -13.213  18.482  19.685 0.0000000000
11787  -12.902  18.495  19.848 0.0000000000
11769  -13.057  18.716  20.077 0.0000000000
11768  -12.001  18.852  20.090 0.0000000000
10659  -12.669  18.382  19.817 0.0000000000
10656  -11.196  17.946  19.215 0.0000000000
11765  -10.871  18.655  19.743 0.0000000000
11764  -10.534  18.781  19.787 0.0000000000
11767  -11.956  18.785  19.918 0.0000000000
10658  -12.288  18.186  19.804 0.0000000000
11766  -11.309  18.288  20.065 0.0000000000
10657  -11.739  18.194  19.552 0.0000000000
89901  -10.921  19.189  19.827 0.0000000000
14024  -10.513  19.559  19.462 0.0000000000
15248  -10.138  19.637  19.991 0.0000000000
12890  -9.946  19.155  19.897 0.0000000000
10631  -9.893  18.196  20.947 0.0000000000
11735  -10.170  18.279  20.877 0.0000000000
10632  -10.230  18.449  20.963 0.0000000000
10615  -10.141  18.528  21.191 0.0000000000
10614  -9.741  18.351  21.343 0.0000000000
10613  -9.381  18.241  21.825 0.0000000000
11720  -9.234  18.382  21.868 0.0000000000
11707  -9.143  18.483  21.953 0.0000000000
10612  -9.212  18.334  22.028 0.0000000000
10600  -12.464  18.271  22.316 0.0000000000
11694  -8.942  19.048  22.384 0.0000000000
10599  -9.291  18.368  22.161 0.0000000000
10598  -9.141  18.365  22.018 0.0000000000
10589  -12.734  18.326  22.799 0.0000000000
10588  -12.532  18.398  22.617 0.0000000000
11697  -12.641  18.672  23.011 0.0000000000
11682  -12.788  18.823  23.359 0.0000000000
10567  -16.049  18.509  23.832 0.0000000000
10553  -16.130  18.816  24.016 0.0000000000
11659  -16.056  18.970  24.167 0.0000000000
10552  -15.852  18.618  24.108 0.0000000000
11658  -15.648  18.859  24.397 0.0000000000
12747  -15.907  19.112  24.420 0.0000000000
12748  -16.170  19.352  24.344 0.0000000000
10551  -15.386  18.439  24.133 0.0000000000
11657  -15.145  18.722  24.413 0.0000000000
11642  -15.329  19.001  24.698 0.0000000000
12735  -15.777  19.240  24.847 0.0000000000
10550  -14.913  18.363  24.119 0.0000000000
11656  -14.671  18.701  24.399 0.0000000000
11641  -14.882  19.012  24.722 0.0000000000
10549  -14.469  18.360  24.113 0.0000000000
11655  -14.190  18.697  24.387 0.0000000000
11640  -14.373  19.012  24.718 0.0000000000
10548  -13.997  18.390  24.108 0.0000000000
11654  -13.688  18.770  24.351 0.0000000000
11639  -13.865  19.032  24.669 0.0000000000
10547  -13.506  18.534  24.069 0.0000000000
11653  -12.999  18.996  24.094 0.0000000000
11638  -13.410  19.136  24.526 0.0000000000
11671  -13.192  18.735  23.929 0.0000000000
11637  -13.023  19.171  24.269 0.0000000000
12730  -13.091  19.491  24.500 0.0000000000
12746  -12.920  19.429  24.267 0.0000000000
11670  -12.900  18.971  23.896 0.0000000000
11652  -12.933  19.124  24.092 0.0000000000
12745  -12.810  19.399  24.043 0.0000000000
12734  -15.136  19.309  25.015 0.0000000000
12733  -14.554  19.371  25.018 0.0000000000
12732  -14.193  19.449  25.115 0.0000000000
12731  -13.529  19.459  24.752 0.0000000000
9649  -11.588  17.700  18.846 0.0000000000
10665  -11.486  17.872  18.984 0.0000000000
10666  -12.055  18.208  19.110 0.0000000000
9651  -12.291  18.156  18.882 0.0000000000
9650  -12.025  17.768  18.955 0.0000000000
9619  -10.434  17.608  20.902 0.0000000000
9618  -9.971  17.688  20.464 0.0000000000
10643  -9.791  17.984  20.731 0.0000000000
10630  -9.756  17.951  20.828 0.0000000000
9617  -9.722  17.611  20.626 0.0000000000
9601  -9.716  17.727  21.307 0.0000000000
9600  -9.680  17.545  20.954 0.0000000000
9573  -12.459  18.040  22.132 0.0000000000
9585  -9.699  17.880  21.874 0.0000000000
9584  -9.452  18.119  22.025 0.0000000000
10601  -12.676  18.065  22.444 0.0000000000
9571  -9.598  18.044  22.182 0.0000000000
9555  -9.700  18.062  22.536 0.0000000000
10586  -9.496  18.393  22.715 0.0000000000
10590  -13.084  18.134  22.919 0.0000000000
9560  -13.080  18.061  22.837 0.0000000000
10574  -12.810  18.536  23.121 0.0000000000
10575  -13.112  18.393  23.255 0.0000000000
10580  -15.898  18.229  23.613 0.0000000000
9531  -15.884  18.155  23.789 0.0000000000
10566  -15.632  18.224  23.862 0.0000000000
10576  -13.624  18.179  23.407 0.0000000000
10561  -13.364  18.433  23.707 0.0000000000
11683  -13.092  18.709  23.625 0.0000000000
9530  -15.589  18.020  23.611 0.0000000000
10565  -15.183  18.181  23.701 0.0000000000
9546  -15.365  17.785  23.358 0.0000000000
10579  -14.979  18.100  23.384 0.0000000000
10564  -14.720  18.234  23.722 0.0000000000
10563  -14.289  18.246  23.742 0.0000000000
10578  -14.572  18.122  23.384 0.0000000000
10562  -13.822  18.280  23.760 0.0000000000
10577  -14.102  18.134  23.412 0.0000000000
8788  -10.481  17.289  19.736 0.0000000000
9642  -10.278  16.961  19.781 0.0000000000
9634  -10.085  17.099  20.074 0.0000000000
8787  -10.130  17.154  19.825 0.0000000000
8777  -9.934  17.074  19.983 0.0000000000
9633  -9.852  17.374  20.252 0.0000000000
8776  -9.757  17.164  20.316 0.0000000000
8760  -9.801  17.124  20.731 0.0000000000
8743  -9.992  17.154  21.063 0.0000000000
8726  -9.868  17.374  21.669 0.0000000000
8742  -10.050  17.000  20.854 0.0000000000
8707  -10.082  17.418  22.124 0.0000000000
9572  -9.894  17.784  22.347 0.0000000000
9575  -13.196  17.769  22.580 0.0000000000
8688  -10.254  17.536  22.556 0.0000000000
9556  -10.019  17.956  22.815 0.0000000000
9557  -10.413  17.762  22.959 0.0000000000
9538  -10.170  18.085  23.109 0.0000000000
10587  -9.977  18.116  22.903 0.0000000000
9545  -15.104  17.847  23.289 0.0000000000
9529  -15.071  17.649  23.164 0.0000000000
9528  -14.892  17.887  23.256 0.0000000000
9544  -14.411  17.818  23.261 0.0000000000
8666  -14.486  17.642  23.243 0.0000000000
9539  -10.583  17.859  23.210 0.0000000000
10572  -10.230  18.103  23.220 0.0000000000
8667  -14.700  17.514  23.240 0.0000000000
8041  -10.541  17.075  19.470 0.0000000000
8040  -10.173  16.853  19.565 0.0000000000
8024  -9.989  17.011  19.833 0.0000000000
8023  -9.839  16.836  19.960 0.0000000000
8004  -9.751  16.802  20.383 0.0000000000
8005  -9.992  16.691  20.770 0.0000000000
8761  -10.006  16.911  20.855 0.0000000000
7985  -10.282  16.801  21.251 0.0000000000
7969  -10.244  17.073  21.829 0.0000000000
7952  -10.268  17.095  22.099 0.0000000000
8708  -10.540  16.939  22.127 0.0000000000
8689  -10.688  17.387  22.674 0.0000000000
8057  -11.052  16.905  18.800 0.0000000000
8056  -10.858  16.691  18.841 0.0000000000
7371  -10.360  16.180  19.095 0.0000000000
7370  -10.216  16.442  19.272 0.0000000000
8047  -9.957  17.042  19.072 0.0000000000
8055  -10.628  16.464  18.918 0.0000000000
7351  -10.013  16.301  19.659 0.0000000000
8039  -9.895  16.643  19.741 0.0000000000
7350  -9.829  16.463  19.850 0.0000000000
7329  -9.793  16.431  20.076 0.0000000000
7311  -10.092  16.149  20.420 0.0000000000
7289  -10.354  16.166  20.849 0.0000000000
7310  -9.787  16.476  20.418 0.0000000000
7986  -10.793  16.184  21.042 0.0000000000
7970  -10.778  16.885  21.762 0.0000000000
7953  -10.605  16.826  22.056 0.0000000000
7954  -11.151  16.640  22.028 0.0000000000
7971  -10.825  16.368  21.344 0.0000000000
7262  -11.209  16.265  21.811 0.0000000000
7263  -11.592  16.284  22.016 0.0000000000
7955  -11.725  16.617  22.320 0.0000000000
8709  -11.013  17.013  22.286 0.0000000000
8710  -11.460  16.996  22.451 0.0000000000
6721  -11.149  15.597  17.222 0.0000000000
6713  -10.975  15.593  17.519 0.0000000000
7386  -11.016  16.325  18.166 0.0000000000
6712  -10.779  15.607  17.802 0.0000000000
7394  -10.726  16.014  18.129 0.0000000000
7385  -10.769  16.211  18.004 0.0000000000
6706  -10.649  15.624  18.107 0.0000000000
7378  -10.957  16.698  18.664 0.0000000000
7377  -10.914  16.016  18.613 0.0000000000
6697  -10.521  15.764  18.574 0.0000000000
6681  -10.444  15.809  19.081 0.0000000000
6659  -10.244  15.971  19.573 0.0000000000
7352  -10.037  16.101  19.451 0.0000000000
6658  -10.074  16.098  19.981 0.0000000000
7330  -10.077  16.194  19.967 0.0000000000
6636  -10.162  16.076  20.064 0.0000000000
6615  -10.231  15.995  20.240 0.0000000000
6616  -10.482  15.782  20.517 0.0000000000
7312  -10.431  15.884  20.782 0.0000000000
7290  -10.767  15.995  20.979 0.0000000000
7277  -11.579  16.191  21.628 0.0000000000
7278  -12.226  16.062  21.923 0.0000000000
7264  -12.089  16.316  22.168 0.0000000000
7276  -11.209  16.179  21.363 0.0000000000
6165  -11.637  15.696  16.888 0.0000000000
6164  -11.053  15.219  16.893 0.0000000000
6157  -12.001  15.822  17.094 0.0000000000
6156  -10.818  15.282  17.488 0.0000000000
6155  -10.629  15.119  17.847 0.0000000000
6146  -10.598  15.178  18.178 0.0000000000
6131  -10.572  15.334  18.541 0.0000000000
6109  -10.752  15.313  18.959 0.0000000000
6088  -10.645  15.574  19.605 0.0000000000
6637  -10.364  15.811  20.018 0.0000000000
6070  -10.693  15.576  19.949 0.0000000000
6638  -10.734  15.644  20.214 0.0000000000
6617  -11.024  15.714  20.584 0.0000000000
6594  -10.868  15.870  21.024 0.0000000000
6595  -11.298  15.705  21.100 0.0000000000
7291  -11.041  15.950  21.214 0.0000000000
5674  -11.277  14.888  16.145 0.0000000000
5666  -11.243  15.021  16.421 0.0000000000
6173  -11.260  15.243  16.637 0.0000000000
5665  -11.031  14.973  16.680 0.0000000000
6172  -10.875  15.058  16.910 0.0000000000
5658  -10.735  14.689  17.158 0.0000000000
6163  -10.741  14.991  17.300 0.0000000000
5652  -10.694  14.669  17.671 0.0000000000
5636  -10.778  14.760  18.229 0.0000000000
5616  -10.688  14.771  18.642 0.0000000000
6132  -10.823  14.962  18.921 0.0000000000
6089  -11.046  15.179  19.464 0.0000000000
6110  -11.019  15.064  19.037 0.0000000000
5569  -11.273  14.943  19.548 0.0000000000
5554  -11.298  14.992  19.854 0.0000000000
6071  -11.074  15.305  20.110 0.0000000000
5589  -11.013  15.019  19.014 0.0000000000
6072  -11.468  14.910  20.169 0.0000000000
6063  -11.624  15.188  20.532 0.0000000000
6062  -11.328  15.436  20.746 0.0000000000
5546  -11.837  14.902  20.453 0.0000000000
5533  -11.887  14.932  20.913 0.0000000000
6052  -11.660  15.335  21.063 0.0000000000
6051  -11.189  15.407  20.910 0.0000000000
6053  -12.096  15.216  21.241 0.0000000000
6596  -11.817  15.555  21.256 0.0000000000
5215  -11.105  14.483  15.572 0.0000000000
5689  -11.095  14.684  15.875 0.0000000000
5214  -10.860  14.365  15.854 0.0000000000
5673  -10.914  14.661  16.150 0.0000000000
5209  -10.661  14.131  16.184 0.0000000000
5204  -10.612  14.304  16.519 0.0000000000
5195  -10.715  14.226  17.026 0.0000000000
5183  -10.749  14.279  17.529 0.0000000000
5156  -10.798  14.296  18.006 0.0000000000
5157  -11.219  14.424  18.395 0.0000000000
5637  -10.960  14.698  18.439 0.0000000000
5617  -10.991  14.820  18.683 0.0000000000
5131  -11.258  14.535  18.770 0.0000000000
5109  -11.402  14.401  18.996 0.0000000000
5590  -11.527  14.612  19.329 0.0000000000
5570  -11.501  14.917  19.978 0.0000000000
5555  -11.688  14.811  20.093 0.0000000000
5547  -12.250  14.810  20.715 0.0000000000
5556  -12.118  14.760  20.299 0.0000000000
5534  -12.394  14.902  21.089 0.0000000000
4795  -10.984  14.175  15.123 0.0000000000
4796  -11.433  14.437  14.888 0.0000000000
4789  -10.889  14.163  15.574 0.0000000000
4788  -10.755  13.924  15.844 0.0000000000
4782  -10.612  13.848  16.233 0.0000000000
5208  -10.311  13.842  16.240 0.0000000000
5203  -10.415  14.042  16.394 0.0000000000
4781  -10.335  13.916  16.460 0.0000000000
4774  -10.593  13.834  16.673 0.0000000000
4773  -10.405  14.048  16.563 0.0000000000
4762  -10.829  13.664  17.076 0.0000000000
4739  -10.879  13.889  17.515 0.0000000000
4709  -10.811  14.012  17.815 0.0000000000
4710  -11.110  13.885  18.063 0.0000000000
4711  -11.727  13.998  18.366 0.0000000000
5158  -11.550  14.251  18.462 0.0000000000
5132  -11.587  14.263  18.696 0.0000000000
4693  -12.006  13.968  19.122 0.0000000000
5110  -11.751  14.189  19.078 0.0000000000
4684  -11.981  13.814  18.973 0.0000000000
5111  -12.052  13.939  19.211 0.0000000000
5097  -11.849  14.417  19.517 0.0000000000
5098  -12.213  14.284  19.654 0.0000000000
5571  -12.040  14.764  20.117 0.0000000000
4794  -10.789  13.822  15.415 0.0000000000
4383  -10.794  13.283  15.801 0.0000000000
4371  -10.824  13.415  16.376 0.0000000000
4356  -10.888  13.394  16.813 0.0000000000
4333  -11.095  13.346  16.924 0.0000000000
4763  -11.126  13.590  17.300 0.0000000000
4740  -11.101  13.760  17.652 0.0000000000
4284  -11.491  13.550  18.101 0.0000000000
4285  -11.969  13.500  18.088 0.0000000000
4712  -11.959  13.777  18.327 0.0000000000
4694  -12.187  13.789  18.692 0.0000000000
4283  -10.993  13.860  17.936 0.0000000000
4306  -11.355  13.517  17.713 0.0000000000
4685  -12.211  13.981  19.272 0.0000000000
3912  -13.030  13.075  15.813 0.0000000000
3933  -13.123  13.053  15.791 0.0000000000
4374  -13.152  13.180  15.809 0.0000000000
4357  -11.107  13.189  16.600 0.0000000000
4334  -11.350  13.220  17.138 0.0000000000
4307  -11.930  13.325  17.785 0.0000000000
4335  -11.709  13.245  17.439 0.0000000000
6054  -12.607  15.103  21.322 0.0000000000
6038  -12.457  15.293  21.432 0.0000000000
6582  -12.373  15.619  21.698 0.0000000000
6597  -12.106  15.620  21.386 0.0000000000
6039  -12.759  15.266  21.679 0.0000000000
6583  -12.765  15.452  21.907 0.0000000000
6565  -12.914  15.686  22.201 0.0000000000
6564  -12.379  15.962  22.102 0.0000000000
6581  -12.153  16.072  21.807 0.0000000000
7292  -11.492  15.953  21.286 0.0000000000
7265  -12.732  16.291  22.478 0.0000000000
7956  -12.226  16.621  22.533 0.0000000000
7266  -13.376  16.099  22.563 0.0000000000
7245  -13.230  16.357  22.979 0.0000000000
7244  -12.889  16.474  22.826 0.0000000000
7957  -12.627  16.590  22.771 0.0000000000
7987  -10.967  16.014  21.193 0.0000000000
7936  -11.897  16.874  22.706 0.0000000000
7937  -12.349  16.775  22.924 0.0000000000
7938  -12.922  16.568  22.778 0.0000000000
8690  -11.149  17.309  22.704 0.0000000000
9558  -10.874  17.669  22.974 0.0000000000
8691  -11.648  17.217  22.926 0.0000000000
9559  -11.163  17.534  22.980 0.0000000000
8692  -12.035  17.039  22.965 0.0000000000
8674  -12.324  17.104  23.430 0.0000000000
8673  -11.871  17.313  23.545 0.0000000000
9541  -11.298  17.614  23.312 0.0000000000
7918  -12.543  16.861  23.262 0.0000000000
9540  -10.949  17.750  23.312 0.0000000000
9525  -10.804  17.909  23.559 0.0000000000
10573  -10.603  18.039  23.459 0.0000000000
10571  -9.803  18.301  23.086 0.0000000000
12758  -12.739  19.235  23.632 0.0000000000
12913  -10.189  19.340  19.183 0.0000000000
12729  -12.782  19.870  24.166 0.0000000000
13845  -12.796  20.166  24.508 0.0000000000
13846  -13.186  19.858  24.753 0.0000000000
12714  -13.504  19.868  25.019 0.0000000000
12715  -14.071  19.872  25.208 0.0000000000
12716  -14.803  19.870  25.049 0.0000000000
12717  -15.452  19.629  25.425 0.0000000000
12718  -16.003  19.672  25.215 0.0000000000
12736  -16.190  19.597  24.834 0.0000000000
12719  -16.177  19.787  25.065 0.0000000000
13849  -16.289  19.930  24.823 0.0000000000
13864  -16.261  19.826  24.371 0.0000000000
13863  -12.846  19.903  23.793 0.0000000000
13879  -12.729  19.649  23.707 0.0000000000
13897  -12.654  19.470  23.397 0.0000000000
12911  -9.848  19.089  19.639 0.0000000000
14034  -10.076  19.685  19.345 0.0000000000
14035  -10.324  19.800  19.083 0.0000000000
13824  -12.926  20.568  25.014 0.0000000000
13825  -13.043  20.386  24.721 0.0000000000
15065  -12.644  20.576  24.502 0.0000000000
15084  -12.344  20.791  23.647 0.0000000000
13830  -16.234  20.026  25.183 0.0000000000
15070  -16.372  20.203  25.204 0.0000000000
15087  -16.448  20.025  24.086 0.0000000000
89709  -12.714  19.989  23.596 0.0000000000
89720  -12.559  20.237  23.561 0.0000000000
15103  -16.367  20.041  23.908 0.0000000000
15129  -12.613  19.798  23.335 0.0000000000
15119  -16.256  20.435  23.689 0.0000000000
15130  -16.236  20.251  23.218 0.0000000000
15128  -12.370  19.981  23.020 0.0000000000
15138  -16.214  20.159  22.851 0.0000000000
15146  -16.221  20.115  22.453 0.0000000000
15066  -12.431  21.153  24.485 0.0000000000
15051  -16.307  20.524  25.161 0.0000000000
16465  -16.344  20.994  24.751 0.0000000000
16485  -16.439  20.851  24.156 0.0000000000
16501  -16.594  20.629  23.798 0.0000000000
16512  -16.286  20.732  23.837 0.0000000000
16520  -16.160  20.924  23.743 0.0000000000
16530  -16.011  20.770  23.392 0.0000000000
15118  -12.535  20.082  23.320 0.0000000000
16546  -15.985  20.722  23.087 0.0000000000
16559  -16.139  20.602  22.649 0.0000000000
16569  -16.106  20.410  22.274 0.0000000000
15169  -15.981  20.251  21.947 0.0000000000
16579  -15.965  20.413  22.041 0.0000000000
16578  -15.697  20.774  21.856 0.0000000000
16464  -16.266  20.951  24.951 0.0000000000
16446  -16.227  21.498  24.976 0.0000000000
89730  -16.369  21.232  23.958 0.0000000000
89750  -16.301  21.396  24.390 0.0000000000
16519  -16.047  21.250  23.771 0.0000000000
16529  -15.967  20.992  23.627 0.0000000000
17990  -14.989  21.251  23.187 0.0000000000
89704  -15.598  21.640  23.321 0.0000000000
17975  -15.687  21.416  22.974 0.0000000000
89767  -16.067  21.706  24.236 0.0000000000
89759  -15.647  21.742  23.804 0.0000000000
16545  -15.785  20.997  23.327 0.0000000000
17971  -10.713  20.978  22.986 0.0000000000
17963  -11.100  21.070  23.165 0.0000000000
16558  -15.810  20.934  22.859 0.0000000000
89690  -11.866  20.833  22.983 0.0000000000
89715  -11.776  21.401  23.169 0.0000000000
19298  -11.205  21.663  23.148 0.0000000000
17964  -11.124  21.056  23.309 0.0000000000
17981  -15.705  21.118  22.569 0.0000000000
16568  -15.818  20.816  22.323 0.0000000000
17991  -15.658  21.113  22.278 0.0000000000
18002  -15.429  21.219  21.985 0.0000000000
16591  -15.325  20.978  21.531 0.0000000000
18015  -15.380  21.084  21.731 0.0000000000
16602  -14.856  20.944  21.011 0.0000000000
18014  -15.040  21.256  21.503 0.0000000000
18025  -14.944  21.007  21.164 0.0000000000
18022  -13.976  21.283  20.931 0.0000000000
18023  -14.404  21.262  21.082 0.0000000000
18024  -14.757  21.116  21.142 0.0000000000
89711  -15.313  21.751  23.027 0.0000000000
19328  -15.286  21.591  22.536 0.0000000000
19329  -15.529  21.345  22.401 0.0000000000
17980  -14.248  21.073  22.806 0.0000000000
17979  -14.221  20.882  22.611 0.0000000000
89692  -15.010  21.768  22.257 0.0000000000
19342  -14.271  21.866  21.703 0.0000000000
89712  -14.853  21.492  23.881 0.0000000000
17966  -14.812  21.345  23.812 0.0000000000
17937  -14.881  21.329  24.083 0.0000000000
89723  -15.161  21.440  23.900 0.0000000000
16445  -15.626  21.126  24.141 0.0000000000
16567  -13.979  21.024  21.909 0.0000000000
19304  -14.229  21.341  23.005 0.0000000000
19299  -14.385  21.633  23.385 0.0000000000
17965  -14.686  21.481  23.597 0.0000000000
19344  -15.316  21.449  22.189 0.0000000000
18001  -15.169  21.343  21.795 0.0000000000
19343  -15.048  21.549  21.921 0.0000000000
19355  -14.766  21.571  21.642 0.0000000000
18013  -14.638  21.414  21.361 0.0000000000
19354  -14.694  21.560  21.509 0.0000000000
89675  -13.807  21.437  21.210 0.0000000000
17956  -14.518  21.714  23.852 0.0000000000
19291  -13.981  22.029  23.596 0.0000000000
19303  -13.698  21.674  23.119 0.0000000000
17973  -14.173  21.320  22.980 0.0000000000
17974  -13.992  21.085  22.844 0.0000000000
24568  -13.546  21.533  21.459 0.0000000000
89705  -13.977  21.606  21.991 0.0000000000
24542  -13.829  21.674  21.852 0.0000000000
24555  -13.802  21.887  21.705 0.0000000000
17946  -14.651  21.629  24.116 0.0000000000
89737  -15.184  21.454  24.250 0.0000000000
17929  -15.180  21.034  24.309 0.0000000000
16544  -13.972  20.952  22.719 0.0000000000
16557  -14.039  20.881  22.670 0.0000000000
16556  -13.722  20.941  22.438 0.0000000000
16543  -13.857  21.043  22.712 0.0000000000
17972  -13.564  21.413  22.753 0.0000000000
16542  -14.040  21.133  22.937 0.0000000000
17945  -14.365  21.837  24.122 0.0000000000
17955  -14.230  22.001  23.933 0.0000000000
17935  -14.016  22.181  24.046 0.0000000000
17936  -14.475  21.748  24.535 0.0000000000
16500  -14.789  21.258  24.848 0.0000000000
16499  -14.835  21.671  25.171 0.0000000000
16483  -14.237  21.762  25.108 0.0000000000
17928  -13.807  22.224  24.543 0.0000000000
16484  -15.182  20.889  24.613 0.0000000000
16463  -15.548  20.934  24.542 0.0000000000
16576  -13.101  20.939  22.148 0.0000000000
16555  -13.609  21.129  22.569 0.0000000000
15145  -13.420  21.015  22.327 0.0000000000
89687  -13.405  20.932  22.271 0.0000000000
17978  -13.249  21.254  22.460 0.0000000000
15069  -15.075  20.854  24.868 0.0000000000
15086  -14.765  21.315  25.339 0.0000000000
15085  -14.625  21.258  25.128 0.0000000000
15049  -15.572  20.535  24.618 0.0000000000
15068  -14.044  21.214  25.307 0.0000000000
16482  -13.397  21.838  24.862 0.0000000000
15050  -15.993  20.645  25.185 0.0000000000
15033  -16.106  20.981  25.221 0.0000000000
15032  -16.181  20.949  24.976 0.0000000000
13848  -14.868  20.950  24.884 0.0000000000
13847  -14.605  20.830  25.167 0.0000000000
13828  -15.232  20.352  25.063 0.0000000000
13827  -14.202  20.524  25.288 0.0000000000
15067  -13.211  21.205  25.078 0.0000000000
13811  -16.179  20.096  24.933 0.0000000000
13810  -15.738  20.147  24.759 0.0000000000
13809  -15.904  20.604  25.105 0.0000000000
13829  -15.917  20.132  25.432 0.0000000000
13826  -13.362  20.473  25.118 0.0000000000
7939  -12.974  16.572  23.038 0.0000000000
7919  -12.938  16.739  23.414 0.0000000000
8675  -12.733  16.902  23.596 0.0000000000
7229  -13.667  16.295  23.282 0.0000000000
7228  -13.478  16.431  23.318 0.0000000000
7246  -13.808  16.185  22.992 0.0000000000
7920  -13.277  16.621  23.478 0.0000000000
