#!ascii label  , from subject  vox2ras=TkReg
515
4183  -14.091  13.123  0.614 0.0000000000
4182  -13.927  12.855  0.726 0.0000000000
4175  -13.918  12.932  1.121 0.0000000000
4176  -14.139  12.962  1.000 0.0000000000
4602  -14.244  13.031  0.928 0.0000000000
4191  -14.093  12.879  0.111 0.0000000000
4192  -14.514  13.036  0.091 0.0000000000
4184  -14.556  12.990  0.503 0.0000000000
4603  -14.514  13.181  0.832 0.0000000000
4608  -14.825  13.337  0.369 0.0000000000
4190  -13.676  12.568  0.101 0.0000000000
4197  -14.119  12.774  -0.327 0.0000000000
4198  -14.539  12.929  -0.116 0.0000000000
4613  -14.621  13.452  -0.069 0.0000000000
4196  -13.804  12.524  -0.541 0.0000000000
4202  -14.187  12.484  -0.917 0.0000000000
4203  -14.666  12.897  -0.668 0.0000000000
4620  -14.691  13.381  -0.375 0.0000000000
3793  -13.942  12.265  -1.044 0.0000000000
4201  -13.934  12.375  -0.830 0.0000000000
3800  -13.940  12.168  -1.387 0.0000000000
4208  -14.131  12.198  -1.136 0.0000000000
4209  -14.723  12.608  -1.329 0.0000000000
4210  -15.049  12.966  -1.125 0.0000000000
4204  -14.939  12.971  -0.831 0.0000000000
4621  -14.890  13.289  -0.706 0.0000000000
4630  -15.029  12.898  -0.955 0.0000000000
3801  -14.432  12.253  -1.587 0.0000000000
3809  -14.757  12.444  -1.860 0.0000000000
4215  -15.071  12.824  -1.794 0.0000000000
4216  -15.004  12.979  -1.652 0.0000000000
4217  -15.320  12.846  -1.550 0.0000000000
4211  -15.373  12.954  -1.232 0.0000000000
4631  -15.470  13.253  -1.017 0.0000000000
4639  -15.728  13.008  -1.460 0.0000000000
4223  -15.183  12.764  -2.023 0.0000000000
4224  -15.264  12.677  -1.861 0.0000000000
4225  -15.760  12.931  -1.880 0.0000000000
3817  -14.964  12.362  -2.213 0.0000000000
3818  -15.580  12.531  -2.201 0.0000000000
3819  -15.840  12.660  -2.241 0.0000000000
4232  -16.000  12.758  -2.293 0.0000000000
4646  -15.969  13.096  -1.858 0.0000000000
4226  -16.047  13.033  -2.123 0.0000000000
4233  -16.258  13.145  -2.527 0.0000000000
4647  -16.432  13.401  -2.076 0.0000000000
3830  -15.840  12.488  -2.682 0.0000000000
4240  -16.035  12.846  -2.779 0.0000000000
4652  -16.604  13.162  -2.490 0.0000000000
4241  -16.540  12.929  -2.986 0.0000000000
4234  -16.860  13.126  -2.772 0.0000000000
4242  -17.022  12.912  -2.979 0.0000000000
4653  -16.878  13.421  -2.519 0.0000000000
4235  -17.102  13.032  -2.717 0.0000000000
4243  -17.305  12.821  -3.109 0.0000000000
4654  -17.237  13.376  -2.803 0.0000000000
3835  -16.242  12.473  -3.075 0.0000000000
3836  -16.689  12.441  -3.128 0.0000000000
3837  -17.077  12.470  -3.131 0.0000000000
3838  -17.482  12.482  -3.128 0.0000000000
4244  -17.703  12.916  -3.095 0.0000000000
4658  -17.530  13.365  -3.083 0.0000000000
3839  -17.837  12.519  -2.924 0.0000000000
4245  -18.179  12.807  -3.133 0.0000000000
4659  -17.969  13.339  -3.178 0.0000000000
4236  -18.193  12.688  -2.965 0.0000000000
3832  -18.025  12.366  -2.925 0.0000000000
3840  -18.103  12.440  -3.037 0.0000000000
4237  -18.480  12.654  -2.868 0.0000000000
4246  -18.773  12.939  -3.013 0.0000000000
4660  -18.503  13.337  -3.170 0.0000000000
4238  -19.178  12.616  -2.508 0.0000000000
4247  -19.177  13.129  -3.007 0.0000000000
4661  -18.881  13.296  -2.811 0.0000000000
4656  -19.329  13.096  -2.615 0.0000000000
4662  -19.012  12.931  -2.877 0.0000000000
4595  -14.149  13.103  1.135 0.0000000000
4596  -14.742  13.536  1.315 0.0000000000
4604  -14.967  13.430  0.908 0.0000000000
4597  -14.934  13.730  1.061 0.0000000000
4984  -15.124  13.778  0.942 0.0000000000
4609  -15.110  13.533  0.688 0.0000000000
4997  -15.147  13.706  0.446 0.0000000000
4996  -14.548  14.041  0.080 0.0000000000
5012  -14.813  13.981  -0.272 0.0000000000
5024  -14.823  13.628  -0.531 0.0000000000
5025  -15.058  13.695  -0.589 0.0000000000
4622  -15.162  13.368  -0.805 0.0000000000
5026  -15.581  13.708  -0.692 0.0000000000
5034  -15.812  13.608  -0.937 0.0000000000
4632  -15.836  13.342  -1.172 0.0000000000
4640  -16.046  13.251  -1.506 0.0000000000
5035  -16.060  13.698  -1.094 0.0000000000
5040  -16.447  13.638  -1.517 0.0000000000
5045  -16.698  13.705  -1.787 0.0000000000
4648  -16.823  13.641  -2.180 0.0000000000
5046  -16.850  13.883  -2.017 0.0000000000
5053  -16.968  13.975  -2.050 0.0000000000
5054  -17.317  13.728  -2.430 0.0000000000
5060  -17.480  13.695  -2.843 0.0000000000
4239  -19.619  12.780  -2.217 0.0000000000
4657  -19.909  13.140  -2.580 0.0000000000
4655  -18.975  13.319  -2.597 0.0000000000
4649  -19.084  13.590  -2.526 0.0000000000
4650  -19.465  13.440  -2.259 0.0000000000
4651  -19.676  13.391  -2.057 0.0000000000
5061  -17.742  13.828  -3.047 0.0000000000
5062  -18.202  13.789  -3.185 0.0000000000
5063  -18.813  13.833  -3.093 0.0000000000
5056  -18.962  13.704  -2.589 0.0000000000
4978  -15.038  13.985  1.337 0.0000000000
4985  -15.335  13.820  0.991 0.0000000000
4998  -15.248  13.726  0.783 0.0000000000
4979  -15.420  14.054  1.228 0.0000000000
5457  -15.580  13.986  0.988 0.0000000000
5472  -15.371  13.881  0.600 0.0000000000
4995  -14.761  14.240  -0.150 0.0000000000
5470  -14.906  14.330  0.014 0.0000000000
5471  -15.046  14.060  0.337 0.0000000000
5011  -14.721  14.250  -0.167 0.0000000000
5484  -14.893  14.372  -0.073 0.0000000000
5013  -15.373  14.177  -0.256 0.0000000000
5485  -15.233  14.341  -0.097 0.0000000000
5014  -15.643  13.982  -0.576 0.0000000000
5486  -15.679  14.195  -0.342 0.0000000000
5491  -15.975  14.068  -0.669 0.0000000000
5027  -15.962  13.897  -0.858 0.0000000000
5492  -15.843  14.074  -0.885 0.0000000000
5498  -16.154  14.020  -0.789 0.0000000000
5036  -16.567  13.979  -1.169 0.0000000000
5041  -16.959  13.795  -1.479 0.0000000000
5499  -16.722  14.277  -0.775 0.0000000000
5037  -17.123  13.897  -0.953 0.0000000000
5042  -17.007  13.846  -1.392 0.0000000000
5500  -16.972  14.208  -1.111 0.0000000000
5504  -16.998  14.010  -1.771 0.0000000000
5505  -17.251  14.175  -1.632 0.0000000000
5508  -16.988  14.038  -2.165 0.0000000000
5047  -17.059  14.041  -2.098 0.0000000000
5509  -17.357  14.323  -2.022 0.0000000000
5048  -17.470  14.079  -2.229 0.0000000000
5055  -17.707  13.980  -2.560 0.0000000000
5510  -17.774  14.310  -2.232 0.0000000000
5514  -18.184  14.226  -2.786 0.0000000000
5049  -19.026  13.660  -2.632 0.0000000000
5050  -19.232  13.967  -2.619 0.0000000000
5057  -19.210  13.976  -2.710 0.0000000000
5051  -19.806  13.867  -2.218 0.0000000000
5058  -19.707  13.933  -2.583 0.0000000000
5064  -19.016  14.064  -3.119 0.0000000000
5516  -19.261  14.082  -2.930 0.0000000000
5052  -19.931  13.921  -2.181 0.0000000000
5059  -19.991  14.119  -2.563 0.0000000000
5517  -19.638  14.404  -2.871 0.0000000000
5513  -20.133  14.327  -2.182 0.0000000000
5518  -20.013  14.586  -2.646 0.0000000000
5519  -17.933  14.093  -3.005 0.0000000000
5520  -18.398  14.331  -3.148 0.0000000000
5521  -18.848  14.372  -3.174 0.0000000000
5522  -18.956  14.307  -3.108 0.0000000000
5443  -15.603  14.353  1.354 0.0000000000
5978  -15.655  14.378  1.109 0.0000000000
5456  -15.264  14.018  0.922 0.0000000000
5469  -14.757  14.325  -0.088 0.0000000000
5455  -14.781  14.432  0.591 0.0000000000
5981  -14.702  14.854  0.302 0.0000000000
5985  -15.057  14.664  0.117 0.0000000000
5483  -14.708  14.313  -0.114 0.0000000000
5986  -15.187  14.958  -0.092 0.0000000000
5987  -15.578  14.678  -0.087 0.0000000000
5487  -15.950  14.143  -0.594 0.0000000000
5988  -16.034  14.568  -0.271 0.0000000000
5992  -16.113  14.834  -0.363 0.0000000000
5493  -16.467  14.321  -0.743 0.0000000000
5993  -16.808  14.727  -0.602 0.0000000000
5999  -17.122  14.575  -0.923 0.0000000000
6000  -17.388  14.584  -1.186 0.0000000000
6008  -17.607  14.619  -1.732 0.0000000000
6014  -17.714  14.569  -2.049 0.0000000000
6015  -18.142  14.728  -2.103 0.0000000000
5511  -18.204  14.498  -2.103 0.0000000000
5515  -18.192  14.395  -2.594 0.0000000000
6016  -18.236  14.771  -2.147 0.0000000000
6019  -18.492  14.893  -2.738 0.0000000000
5523  -19.592  14.749  -3.059 0.0000000000
6021  -19.933  14.848  -3.006 0.0000000000
6023  -18.742  14.656  -3.131 0.0000000000
6024  -18.921  14.970  -3.136 0.0000000000
6025  -19.424  14.967  -3.127 0.0000000000
6026  -19.817  14.995  -3.100 0.0000000000
5965  -15.554  14.862  1.289 0.0000000000
5977  -14.967  14.662  1.164 0.0000000000
5976  -14.460  14.747  0.864 0.0000000000
5980  -14.202  14.991  0.591 0.0000000000
6488  -14.619  15.546  0.024 0.0000000000
6489  -15.021  15.318  0.272 0.0000000000
5982  -15.022  15.090  0.051 0.0000000000
6490  -15.653  14.980  0.025 0.0000000000
6497  -15.495  15.017  -0.112 0.0000000000
6498  -15.818  15.013  -0.120 0.0000000000
6499  -16.313  15.062  -0.137 0.0000000000
5989  -16.421  15.037  -0.168 0.0000000000
6500  -16.930  15.229  -0.297 0.0000000000
6509  -17.060  15.213  -0.555 0.0000000000
5994  -17.245  14.767  -0.745 0.0000000000
6510  -17.401  15.044  -0.625 0.0000000000
5995  -17.633  14.820  -0.874 0.0000000000
6001  -18.040  14.971  -1.178 0.0000000000
6511  -17.888  15.094  -0.882 0.0000000000
6518  -17.994  14.975  -1.114 0.0000000000
6009  -18.162  14.756  -1.829 0.0000000000
6002  -18.123  14.851  -1.309 0.0000000000
6010  -18.414  14.875  -1.595 0.0000000000
6519  -18.052  15.026  -1.042 0.0000000000
6003  -18.046  14.924  -1.123 0.0000000000
6011  -18.348  14.864  -1.203 0.0000000000
6520  -18.404  15.030  -0.922 0.0000000000
6528  -18.717  15.097  -1.554 0.0000000000
6527  -18.774  14.829  -1.375 0.0000000000
6532  -18.688  15.122  -2.169 0.0000000000
6538  -18.512  15.149  -2.229 0.0000000000
6020  -18.760  15.124  -2.771 0.0000000000
6539  -18.782  15.313  -2.399 0.0000000000
6544  -18.915  15.265  -2.780 0.0000000000
6022  -20.072  14.959  -2.914 0.0000000000
6027  -20.017  15.028  -3.028 0.0000000000
6545  -19.252  15.370  -2.963 0.0000000000
6546  -19.814  15.278  -2.995 0.0000000000
6547  -20.154  15.139  -2.998 0.0000000000
6485  -13.904  15.431  0.921 0.0000000000
7167  -14.523  15.937  0.257 0.0000000000
7168  -14.959  15.809  0.260 0.0000000000
7169  -15.406  15.622  0.314 0.0000000000
6491  -16.069  15.266  0.060 0.0000000000
7170  -16.172  15.468  0.271 0.0000000000
6492  -16.587  15.351  -0.001 0.0000000000
7171  -16.390  15.593  0.226 0.0000000000
6493  -16.839  15.491  -0.108 0.0000000000
7172  -16.900  15.679  0.074 0.0000000000
7184  -16.972  15.561  -0.120 0.0000000000
6501  -17.571  15.309  -0.405 0.0000000000
7185  -17.255  15.605  -0.121 0.0000000000
6502  -18.004  15.340  -0.477 0.0000000000
7186  -17.775  15.657  -0.095 0.0000000000
6512  -18.229  15.225  -0.835 0.0000000000
6503  -18.409  15.465  -0.388 0.0000000000
7187  -18.161  15.716  -0.048 0.0000000000
6513  -18.665  15.290  -0.702 0.0000000000
6521  -18.932  15.153  -0.783 0.0000000000
6529  -19.216  15.306  -1.773 0.0000000000
6533  -18.868  15.222  -1.996 0.0000000000
6534  -19.148  15.393  -2.226 0.0000000000
7210  -18.996  15.519  -1.993 0.0000000000
7216  -19.045  15.520  -2.099 0.0000000000
6540  -18.918  15.582  -2.593 0.0000000000
7217  -19.324  15.837  -2.538 0.0000000000
7221  -19.649  15.582  -2.898 0.0000000000
7156  -14.530  16.132  0.603 0.0000000000
7157  -14.903  15.843  0.350 0.0000000000
7833  -14.830  16.062  0.321 0.0000000000
7834  -15.246  15.932  0.325 0.0000000000
7835  -15.789  15.984  0.315 0.0000000000
7836  -16.204  15.977  0.318 0.0000000000
7837  -16.641  15.986  0.307 0.0000000000
7173  -17.434  15.797  0.129 0.0000000000
7838  -17.108  16.003  0.320 0.0000000000
7174  -17.910  15.860  0.163 0.0000000000
7839  -17.601  16.062  0.328 0.0000000000
7817  -14.928  16.261  0.408 0.0000000000
7818  -15.505  16.341  0.397 0.0000000000
7819  -15.993  16.382  0.428 0.0000000000
7820  -16.411  16.378  0.473 0.0000000000
7821  -16.853  16.357  0.559 0.0000000000
7822  -17.327  16.329  0.631 0.0000000000
8546  -16.610  16.838  0.642 0.0000000000
8547  -17.081  16.783  0.772 0.0000000000
8545  -16.178  16.865  0.399 0.0000000000
8544  -15.744  16.751  0.307 0.0000000000
8543  -15.231  16.735  0.288 0.0000000000
7816  -14.468  16.483  0.746 0.0000000000
8542  -14.743  16.937  0.501 0.0000000000
7144  -14.310  16.115  0.980 0.0000000000
7803  -14.211  16.467  0.863 0.0000000000
8541  -14.119  17.099  0.786 0.0000000000
7145  -14.686  16.168  1.360 0.0000000000
7804  -14.577  16.701  1.282 0.0000000000
8530  -14.347  16.982  1.078 0.0000000000
6476  -14.332  15.498  1.075 0.0000000000
6477  -14.837  15.545  1.302 0.0000000000
7146  -15.162  16.017  1.760 0.0000000000
7135  -15.082  16.235  1.707 0.0000000000
7134  -15.025  16.246  1.759 0.0000000000
7788  -14.991  16.536  1.719 0.0000000000
7789  -15.080  16.597  1.731 0.0000000000
7136  -15.511  16.112  1.730 0.0000000000
7790  -15.460  16.521  1.743 0.0000000000
5975  -13.952  14.861  1.017 0.0000000000
6484  -13.840  15.080  1.034 0.0000000000
6475  -13.940  15.175  1.047 0.0000000000
5974  -13.892  15.028  1.118 0.0000000000
6468  -14.619  15.149  1.432 0.0000000000
6469  -14.952  14.997  1.360 0.0000000000
6478  -15.273  15.335  1.355 0.0000000000
5962  -13.943  15.149  0.954 0.0000000000
5945  -14.070  15.086  1.055 0.0000000000
6467  -14.175  14.990  1.198 0.0000000000
5961  -13.885  15.093  1.050 0.0000000000
5947  -14.800  14.892  1.292 0.0000000000
5964  -14.860  14.881  1.215 0.0000000000
5946  -14.484  14.899  1.211 0.0000000000
5963  -14.123  14.837  1.044 0.0000000000
5948  -15.786  14.732  1.679 0.0000000000
5966  -16.026  14.930  1.536 0.0000000000
6479  -15.904  15.260  1.379 0.0000000000
5434  -15.542  14.402  1.829 0.0000000000
5929  -15.626  14.824  2.120 0.0000000000
5949  -16.053  14.938  1.902 0.0000000000
5429  -15.305  14.415  2.084 0.0000000000
5928  -15.173  14.780  2.219 0.0000000000
5911  -15.604  15.189  2.437 0.0000000000
5930  -16.229  15.044  2.223 0.0000000000
6455  -15.315  15.112  2.352 0.0000000000
5428  -15.011  14.202  2.006 0.0000000000
5927  -14.887  14.948  2.230 0.0000000000
6454  -14.780  15.201  2.511 0.0000000000
5427  -14.667  14.361  2.331 0.0000000000
5910  -14.441  14.820  2.421 0.0000000000
5926  -14.397  15.091  2.487 0.0000000000
6453  -14.614  15.209  2.597 0.0000000000
5909  -14.009  14.989  2.799 0.0000000000
6452  -14.269  15.152  2.754 0.0000000000
5912  -15.783  15.251  2.612 0.0000000000
6437  -15.366  15.258  2.759 0.0000000000
5421  -14.399  14.528  2.659 0.0000000000
5420  -14.047  14.263  2.934 0.0000000000
5898  -13.902  14.675  3.012 0.0000000000
5908  -13.804  14.989  2.947 0.0000000000
6433  -13.889  15.103  2.931 0.0000000000
6434  -14.019  15.220  2.972 0.0000000000
5442  -15.376  14.169  1.577 0.0000000000
5433  -15.037  14.126  1.911 0.0000000000
4973  -14.999  14.070  1.902 0.0000000000
4967  -14.852  14.040  1.953 0.0000000000
4966  -14.535  13.937  2.064 0.0000000000
5426  -14.345  14.194  2.443 0.0000000000
4965  -14.099  13.853  2.295 0.0000000000
4960  -14.103  13.678  2.837 0.0000000000
5417  -14.101  14.278  3.115 0.0000000000
5512  -19.839  13.979  -2.050 0.0000000000
5043  -20.004  13.763  -1.770 0.0000000000
5506  -20.015  13.980  -1.845 0.0000000000
4977  -14.914  13.875  1.656 0.0000000000
4589  -14.708  13.774  1.691 0.0000000000
4972  -14.663  13.912  1.912 0.0000000000
4588  -14.320  13.547  1.727 0.0000000000
4971  -14.314  13.807  2.033 0.0000000000
4583  -14.128  13.658  2.058 0.0000000000
4582  -13.913  13.382  2.028 0.0000000000
4964  -13.820  13.547  2.523 0.0000000000
4577  -13.786  13.209  2.596 0.0000000000
4959  -13.912  13.400  2.751 0.0000000000
4578  -13.917  13.269  2.904 0.0000000000
4574  -14.062  13.278  3.114 0.0000000000
4956  -14.174  13.888  3.279 0.0000000000
4645  -19.819  13.329  -1.807 0.0000000000
4231  -19.438  12.827  -1.846 0.0000000000
4644  -19.224  13.152  -1.429 0.0000000000
4222  -19.326  12.993  -2.058 0.0000000000
4638  -19.475  13.224  -1.088 0.0000000000
5038  -20.177  13.640  -1.212 0.0000000000
4643  -18.944  13.154  -1.371 0.0000000000
4221  -19.021  12.942  -1.701 0.0000000000
4637  -19.030  13.174  -1.035 0.0000000000
4642  -18.520  13.144  -1.353 0.0000000000
4220  -18.675  12.965  -1.666 0.0000000000
4636  -18.827  13.192  -0.861 0.0000000000
4641  -17.985  13.126  -1.332 0.0000000000
4219  -18.197  12.943  -1.629 0.0000000000
4635  -18.328  13.214  -1.069 0.0000000000
4634  -17.857  13.171  -1.136 0.0000000000
4218  -17.972  12.980  -1.422 0.0000000000
4629  -19.251  13.284  -0.909 0.0000000000
5030  -19.594  13.526  -0.708 0.0000000000
4628  -18.973  13.188  -1.018 0.0000000000
4627  -18.645  13.258  -0.855 0.0000000000
4626  -18.134  13.248  -0.807 0.0000000000
4633  -17.571  13.136  -1.047 0.0000000000
4214  -17.656  12.995  -1.219 0.0000000000
4625  -17.855  13.237  -0.813 0.0000000000
4624  -17.358  13.194  -0.675 0.0000000000
4207  -17.287  13.015  -0.872 0.0000000000
4213  -17.283  12.877  -1.025 0.0000000000
5029  -19.148  13.419  -0.685 0.0000000000
5028  -18.813  13.345  -0.679 0.0000000000
4619  -18.471  13.284  -0.560 0.0000000000
4618  -18.129  13.322  -0.421 0.0000000000
4617  -17.672  13.330  -0.346 0.0000000000
4594  -14.103  13.093  1.040 0.0000000000
4587  -13.940  13.195  1.440 0.0000000000
4170  -13.656  12.956  1.619 0.0000000000
4165  -13.811  13.062  1.842 0.0000000000
4230  -19.025  12.643  -1.788 0.0000000000
3826  -19.012  12.504  -1.951 0.0000000000
3834  -18.984  12.391  -1.966 0.0000000000
3833  -18.681  12.398  -2.422 0.0000000000
4229  -18.814  12.710  -1.972 0.0000000000
3825  -18.840  12.273  -1.950 0.0000000000
4228  -18.336  12.729  -1.952 0.0000000000
3824  -18.435  12.491  -2.231 0.0000000000
4227  -18.078  12.772  -1.848 0.0000000000
3823  -17.893  12.417  -2.249 0.0000000000
3814  -18.131  12.804  -1.910 0.0000000000
3806  -17.800  12.830  -1.471 0.0000000000
3805  -17.483  12.595  -1.303 0.0000000000
4212  -17.076  12.786  -0.980 0.0000000000
3804  -16.871  12.419  -1.175 0.0000000000
4206  -16.948  12.936  -0.765 0.0000000000
3797  -16.919  12.701  -0.975 0.0000000000
3792  -13.682  12.265  -0.850 0.0000000000
3787  -13.518  12.277  -0.302 0.0000000000
3782  -13.315  12.278  0.122 0.0000000000
4189  -13.157  12.514  0.260 0.0000000000
4181  -13.300  12.916  0.711 0.0000000000
4174  -13.305  12.717  1.163 0.0000000000
4169  -13.113  12.479  2.012 0.0000000000
3831  -18.089  12.253  -2.951 0.0000000000
3446  -17.724  12.153  -3.014 0.0000000000
3445  -17.368  11.870  -3.094 0.0000000000
3444  -16.788  12.032  -3.029 0.0000000000
3443  -16.322  12.037  -3.064 0.0000000000
3442  -15.984  12.177  -3.072 0.0000000000
3441  -17.970  12.040  -2.749 0.0000000000
3438  -15.696  11.947  -2.971 0.0000000000
3829  -15.424  12.183  -2.539 0.0000000000
3437  -15.279  11.873  -2.536 0.0000000000
3828  -14.971  12.050  -2.541 0.0000000000
3436  -15.170  11.700  -2.641 0.0000000000
3827  -14.920  11.995  -2.527 0.0000000000
3816  -14.435  11.961  -2.394 0.0000000000
3435  -14.614  11.715  -2.568 0.0000000000
3822  -17.414  12.210  -2.089 0.0000000000
3434  -17.567  12.065  -2.247 0.0000000000
3813  -17.682  12.437  -1.774 0.0000000000
3821  -16.958  12.167  -1.982 0.0000000000
3433  -17.031  12.001  -2.059 0.0000000000
3812  -17.030  12.104  -1.786 0.0000000000
3820  -16.939  11.869  -1.980 0.0000000000
3432  -16.801  12.000  -1.952 0.0000000000
3811  -16.669  12.224  -1.726 0.0000000000
3431  -16.573  11.965  -2.004 0.0000000000
3808  -14.371  12.217  -1.965 0.0000000000
3429  -14.375  11.596  -2.224 0.0000000000
3815  -13.821  11.937  -2.009 0.0000000000
3807  -13.942  12.109  -1.951 0.0000000000
3810  -16.191  12.162  -1.317 0.0000000000
3427  -16.125  12.016  -1.734 0.0000000000
3803  -16.574  12.317  -1.132 0.0000000000
3799  -13.786  12.113  -1.333 0.0000000000
3440  -17.448  11.781  -2.479 0.0000000000
3048  -17.244  11.521  -2.667 0.0000000000
3051  -17.088  11.576  -2.965 0.0000000000
3050  -16.811  11.684  -3.039 0.0000000000
3049  -16.509  11.828  -3.072 0.0000000000
3046  -16.354  11.741  -2.768 0.0000000000
3439  -16.022  11.972  -2.946 0.0000000000
3042  -17.238  11.693  -2.359 0.0000000000
3045  -15.976  11.915  -2.677 0.0000000000
3044  -15.566  11.571  -2.565 0.0000000000
3043  -15.130  11.374  -2.547 0.0000000000
3430  -14.650  11.501  -2.430 0.0000000000
3041  -16.799  11.518  -2.189 0.0000000000
3040  -16.577  11.579  -2.255 0.0000000000
3034  -16.245  11.578  -1.949 0.0000000000
3423  -15.990  11.984  -1.343 0.0000000000
3028  -16.193  11.581  -1.654 0.0000000000
3426  -16.007  12.198  -1.285 0.0000000000
3047  -16.840  11.492  -2.734 0.0000000000
3039  -16.036  11.319  -2.357 0.0000000000
3038  -15.371  11.318  -2.125 0.0000000000
3033  -15.981  11.294  -1.963 0.0000000000
6438  -15.946  15.384  2.927 0.0000000000
6456  -15.977  15.275  2.681 0.0000000000
6470  -16.188  15.332  2.008 0.0000000000
6480  -16.143  15.155  1.694 0.0000000000
6413  -13.846  15.169  3.108 0.0000000000
6435  -14.414  15.247  2.929 0.0000000000
6436  -14.835  15.253  2.855 0.0000000000
6439  -16.151  15.535  3.026 0.0000000000
6457  -16.400  15.662  2.668 0.0000000000
7128  -16.303  15.644  2.256 0.0000000000
7137  -16.156  15.961  1.857 0.0000000000
7148  -16.139  15.519  1.611 0.0000000000
7147  -15.658  15.706  1.532 0.0000000000
7129  -16.715  15.872  2.426 0.0000000000
7791  -15.887  16.473  1.758 0.0000000000
7138  -16.900  16.019  1.875 0.0000000000
7792  -16.479  16.462  1.856 0.0000000000
8517  -15.085  17.075  1.951 0.0000000000
8531  -14.804  16.885  1.506 0.0000000000
8518  -15.339  16.939  1.787 0.0000000000
8519  -15.732  16.886  1.816 0.0000000000
8520  -16.062  16.927  1.863 0.0000000000
9311  -14.542  17.472  0.702 0.0000000000
9312  -14.969  17.438  0.339 0.0000000000
8555  -15.156  17.052  0.179 0.0000000000
8556  -15.446  16.919  -0.045 0.0000000000
8557  -16.027  16.946  0.235 0.0000000000
9323  -14.883  17.112  0.045 0.0000000000
9324  -15.416  17.363  0.142 0.0000000000
8563  -15.649  17.079  -0.010 0.0000000000
8558  -16.074  17.212  0.308 0.0000000000
8564  -16.184  16.934  0.120 0.0000000000
9325  -15.834  17.339  0.224 0.0000000000
9331  -15.635  17.170  0.010 0.0000000000
9332  -15.674  17.193  0.074 0.0000000000
