#!ascii label /Volumes/mturk1/subjects/wooster/rois/IT-subdivisions/old_surf_labels/rh_V4.label , from subject  vox2ras=TkReg
1212
20410  -26.825  21.999  33.437 0.0000000000
19070  -27.020  21.830  33.558 0.0000000000
19062  -26.844  21.839  33.736 0.0000000000
20397  -26.656  21.968  33.671 0.0000000000
20411  -27.238  22.005  33.479 0.0000000000
20409  -26.564  22.135  33.581 0.0000000000
21702  -26.517  22.396  33.226 0.0000000000
21703  -26.827  22.004  33.086 0.0000000000
20398  -27.275  21.985  33.873 0.0000000000
19071  -27.106  21.864  33.721 0.0000000000
20399  -27.572  22.319  33.850 0.0000000000
20412  -27.501  22.276  33.474 0.0000000000
21704  -27.365  22.231  32.759 0.0000000000
21705  -27.660  22.679  33.511 0.0000000000
21689  -26.327  22.236  33.631 0.0000000000
21688  -25.986  22.456  33.645 0.0000000000
21701  -26.030  22.736  32.990 0.0000000000
21710  -26.433  22.737  32.714 0.0000000000
21711  -26.934  22.707  32.756 0.0000000000
21712  -27.231  22.628  32.953 0.0000000000
21713  -27.411  23.040  32.862 0.0000000000
21691  -27.523  22.898  33.889 0.0000000000
22996  -27.776  22.949  33.983 0.0000000000
23010  -27.492  23.232  33.374 0.0000000000
21709  -26.142  22.862  32.712 0.0000000000
23022  -26.249  22.909  32.539 0.0000000000
21721  -26.728  22.897  32.388 0.0000000000
21720  -26.430  22.857  32.435 0.0000000000
23024  -27.394  23.074  32.705 0.0000000000
23023  -27.023  22.856  32.105 0.0000000000
23025  -27.725  23.156  32.931 0.0000000000
23034  -26.418  23.079  32.257 0.0000000000
23035  -27.124  23.130  32.090 0.0000000000
22995  -27.302  23.193  33.776 0.0000000000
23009  -27.238  23.491  33.513 0.0000000000
24438  -27.221  24.020  32.983 0.0000000000
24439  -27.448  23.715  32.970 0.0000000000
23021  -25.934  23.079  32.637 0.0000000000
23036  -27.718  23.219  31.819 0.0000000000
24453  -27.210  23.508  32.808 0.0000000000
24452  -27.531  23.685  32.738 0.0000000000
24467  -27.853  23.961  32.229 0.0000000000
23048  -27.532  23.499  31.808 0.0000000000
23049  -27.959  23.633  31.990 0.0000000000
23037  -27.933  23.700  32.120 0.0000000000
24468  -28.032  24.010  32.150 0.0000000000
24486  -27.859  23.878  31.801 0.0000000000
24425  -27.030  23.590  33.580 0.0000000000
24437  -26.917  23.959  33.332 0.0000000000
24424  -26.790  23.731  33.720 0.0000000000
25900  -26.879  24.287  33.132 0.0000000000
25901  -27.256  24.062  32.953 0.0000000000
25913  -27.364  24.171  32.645 0.0000000000
25923  -27.672  24.529  32.332 0.0000000000
25924  -28.069  24.463  32.144 0.0000000000
24487  -28.177  24.042  31.947 0.0000000000
24469  -28.145  24.192  32.070 0.0000000000
25925  -28.181  24.363  31.922 0.0000000000
25887  -26.744  24.060  33.459 0.0000000000
25899  -26.448  24.476  33.350 0.0000000000
25886  -26.323  24.275  33.675 0.0000000000
27514  -26.433  24.744  33.161 0.0000000000
27515  -26.807  24.644  32.926 0.0000000000
25912  -27.150  24.651  32.674 0.0000000000
27531  -26.779  24.906  32.812 0.0000000000
25922  -27.487  25.195  32.315 0.0000000000
27545  -27.157  25.130  32.578 0.0000000000
27546  -27.562  25.092  32.359 0.0000000000
27547  -27.999  25.015  32.173 0.0000000000
27548  -28.209  24.818  31.980 0.0000000000
27503  -26.261  24.594  33.467 0.0000000000
27513  -26.054  25.028  33.070 0.0000000000
27502  -25.883  24.788  33.602 0.0000000000
27530  -26.376  25.103  32.876 0.0000000000
27529  -26.122  25.162  32.933 0.0000000000
29221  -26.198  25.337  32.871 0.0000000000
27544  -26.766  25.235  32.733 0.0000000000
29241  -26.449  25.543  32.763 0.0000000000
29242  -26.957  25.580  32.579 0.0000000000
29243  -27.353  25.527  32.406 0.0000000000
29244  -27.776  25.457  32.266 0.0000000000
29245  -28.147  25.352  32.102 0.0000000000
29220  -25.998  25.332  32.943 0.0000000000
29240  -26.105  25.575  32.856 0.0000000000
30942  -25.844  25.633  32.936 0.0000000000
30958  -26.042  25.983  32.738 0.0000000000
30959  -26.631  26.013  32.569 0.0000000000
30960  -27.100  25.978  32.404 0.0000000000
30961  -27.555  25.933  32.299 0.0000000000
30962  -28.010  25.871  32.206 0.0000000000
30925  -25.734  25.732  32.920 0.0000000000
29202  -26.026  25.218  32.973 0.0000000000
30941  -25.544  25.916  32.925 0.0000000000
30957  -25.680  26.154  32.778 0.0000000000
32762  -25.799  26.416  32.617 0.0000000000
32763  -26.299  26.418  32.491 0.0000000000
32764  -26.809  26.409  32.363 0.0000000000
32765  -27.306  26.387  32.291 0.0000000000
32766  -27.778  26.344  32.188 0.0000000000
32751  -25.327  26.308  32.793 0.0000000000
34526  -25.418  26.767  32.434 0.0000000000
34527  -25.987  26.817  32.318 0.0000000000
34528  -26.517  26.843  32.283 0.0000000000
34529  -27.048  26.844  32.264 0.0000000000
34530  -27.555  26.793  32.229 0.0000000000
34515  -25.078  26.609  32.668 0.0000000000
34525  -24.958  26.879  32.501 0.0000000000
36221  -25.139  27.214  32.250 0.0000000000
36222  -25.682  27.301  32.172 0.0000000000
36223  -25.998  27.104  32.132 0.0000000000
36224  -26.760  27.333  32.238 0.0000000000
36225  -27.331  27.300  32.245 0.0000000000
36220  -24.531  27.230  32.519 0.0000000000
36233  -24.930  27.632  32.186 0.0000000000
36234  -25.356  27.614  32.097 0.0000000000
36235  -25.656  27.661  32.093 0.0000000000
37962  -25.912  27.805  32.137 0.0000000000
37963  -26.419  27.864  32.172 0.0000000000
37964  -27.003  27.864  32.279 0.0000000000
36226  -27.757  27.115  32.145 0.0000000000
37965  -27.376  27.650  32.246 0.0000000000
36236  -27.673  27.508  32.173 0.0000000000
37961  -24.525  27.642  32.266 0.0000000000
37973  -24.648  27.991  32.179 0.0000000000
37974  -25.144  27.967  32.043 0.0000000000
37975  -25.559  27.918  32.028 0.0000000000
37960  -24.084  27.780  32.470 0.0000000000
39678  -25.929  28.456  32.083 0.0000000000
39696  -25.730  28.132  32.083 0.0000000000
39679  -26.595  28.438  32.228 0.0000000000
39680  -27.102  28.421  32.274 0.0000000000
37977  -27.437  27.911  32.238 0.0000000000
37976  -27.139  28.116  32.441 0.0000000000
37972  -24.308  28.149  32.253 0.0000000000
39693  -24.510  28.452  32.193 0.0000000000
39694  -24.957  28.319  32.050 0.0000000000
39695  -25.436  28.350  32.102 0.0000000000
39697  -27.336  28.205  32.261 0.0000000000
39677  -25.602  28.552  32.138 0.0000000000
41356  -25.442  28.860  32.173 0.0000000000
41357  -25.830  29.031  32.188 0.0000000000
41358  -26.251  28.974  32.208 0.0000000000
41359  -26.818  29.037  32.263 0.0000000000
39681  -27.493  28.540  32.189 0.0000000000
41360  -27.454  28.935  32.223 0.0000000000
39676  -24.109  28.450  32.314 0.0000000000
41354  -24.371  28.941  32.343 0.0000000000
41375  -24.527  28.690  32.217 0.0000000000
41376  -24.729  28.677  32.165 0.0000000000
41377  -25.102  28.646  32.111 0.0000000000
41353  -24.084  28.968  32.644 0.0000000000
41337  -23.878  29.057  32.753 0.0000000000
42978  -24.199  29.488  32.639 0.0000000000
42992  -24.617  29.480  32.356 0.0000000000
41355  -24.901  29.006  32.226 0.0000000000
42993  -25.118  29.427  32.263 0.0000000000
42994  -25.564  29.417  32.238 0.0000000000
42995  -25.938  29.415  32.247 0.0000000000
42996  -26.184  29.288  32.338 0.0000000000
42997  -26.757  29.620  32.310 0.0000000000
42998  -27.087  29.494  32.227 0.0000000000
42977  -23.808  29.527  32.782 0.0000000000
44644  -23.981  29.913  32.813 0.0000000000
44645  -24.394  29.921  32.682 0.0000000000
44656  -24.999  30.041  32.456 0.0000000000
44657  -25.290  29.873  32.382 0.0000000000
44658  -25.726  29.894  32.381 0.0000000000
44659  -25.827  29.862  32.518 0.0000000000
44660  -26.465  29.944  32.483 0.0000000000
44661  -26.898  30.066  32.411 0.0000000000
44643  -23.627  29.951  32.970 0.0000000000
46317  -23.828  30.207  33.073 0.0000000000
46318  -24.133  30.250  32.982 0.0000000000
46319  -24.600  30.402  32.855 0.0000000000
46338  -25.022  30.169  32.627 0.0000000000
46339  -25.426  30.203  32.626 0.0000000000
46340  -25.819  30.211  32.664 0.0000000000
46341  -26.226  30.097  32.760 0.0000000000
46342  -26.535  30.338  32.678 0.0000000000
46302  -23.459  30.446  33.269 0.0000000000
46303  -23.833  30.552  33.259 0.0000000000
46304  -24.182  30.603  33.194 0.0000000000
48069  -24.422  30.968  33.285 0.0000000000
48081  -24.850  30.718  33.079 0.0000000000
46320  -24.862  30.561  32.852 0.0000000000
48082  -25.196  30.759  33.078 0.0000000000
46321  -25.517  30.511  32.861 0.0000000000
48083  -25.555  30.869  33.093 0.0000000000
46322  -25.880  30.540  32.868 0.0000000000
48084  -25.944  30.909  33.009 0.0000000000
46323  -26.014  30.525  33.002 0.0000000000
48085  -26.265  30.983  32.883 0.0000000000
46324  -26.545  30.723  32.746 0.0000000000
46343  -26.834  30.542  32.436 0.0000000000
48086  -26.680  30.951  32.663 0.0000000000
48068  -23.881  31.036  33.390 0.0000000000
49798  -23.981  31.619  33.732 0.0000000000
49799  -24.542  31.441  33.452 0.0000000000
48070  -24.883  31.009  33.273 0.0000000000
49800  -24.963  31.294  33.346 0.0000000000
48071  -25.189  31.007  33.249 0.0000000000
49801  -25.131  31.048  33.449 0.0000000000
49812  -25.777  30.928  33.102 0.0000000000
49813  -25.963  31.373  33.082 0.0000000000
49814  -26.278  31.309  32.754 0.0000000000
48101  -26.992  31.000  32.097 0.0000000000
49815  -26.651  31.174  32.472 0.0000000000
49797  -23.450  31.507  33.645 0.0000000000
49786  -24.214  31.767  33.722 0.0000000000
49785  -23.882  31.908  33.698 0.0000000000
51458  -23.972  32.008  33.750 0.0000000000
51476  -23.731  32.126  33.744 0.0000000000
51475  -23.283  31.965  33.698 0.0000000000
51459  -24.513  31.870  33.724 0.0000000000
51477  -24.773  31.542  33.466 0.0000000000
51478  -24.968  31.628  33.528 0.0000000000
51479  -25.322  31.847  33.561 0.0000000000
49802  -25.645  31.504  33.305 0.0000000000
51480  -25.710  31.876  33.299 0.0000000000
51491  -26.086  32.104  32.918 0.0000000000
51492  -26.190  31.728  32.601 0.0000000000
49829  -26.432  31.466  32.411 0.0000000000
49830  -26.743  31.332  32.022 0.0000000000
51506  -26.331  31.912  32.121 0.0000000000
52994  -24.117  32.393  33.812 0.0000000000
53014  -24.153  32.580  33.774 0.0000000000
52995  -24.867  32.627  34.002 0.0000000000
51460  -24.952  32.020  33.827 0.0000000000
52996  -24.815  32.316  34.043 0.0000000000
51461  -25.018  32.021  33.852 0.0000000000
52997  -25.219  32.092  34.009 0.0000000000
51474  -23.006  32.204  33.756 0.0000000000
53012  -23.231  32.342  33.596 0.0000000000
53013  -23.465  32.496  33.709 0.0000000000
53015  -25.493  32.217  33.638 0.0000000000
53016  -25.698  32.359  33.401 0.0000000000
53026  -25.776  32.405  32.900 0.0000000000
51505  -26.034  32.112  32.576 0.0000000000
53036  -25.872  32.490  32.465 0.0000000000
53037  -26.112  32.281  32.231 0.0000000000
51507  -26.681  31.694  31.814 0.0000000000
51524  -26.520  31.992  31.789 0.0000000000
53057  -26.261  32.371  31.833 0.0000000000
54404  -24.202  32.969  33.978 0.0000000000
54418  -24.119  33.084  33.935 0.0000000000
54405  -24.684  32.929  34.001 0.0000000000
54406  -24.967  32.956  34.185 0.0000000000
54407  -25.296  32.840  34.063 0.0000000000
52998  -25.597  32.471  33.932 0.0000000000
54408  -25.882  33.017  33.515 0.0000000000
53011  -22.677  32.447  33.621 0.0000000000
54415  -22.743  32.874  33.601 0.0000000000
54416  -23.140  32.941  33.664 0.0000000000
54417  -23.788  33.193  33.821 0.0000000000
54420  -25.801  32.784  33.059 0.0000000000
54428  -25.649  32.930  32.769 0.0000000000
54436  -25.833  32.882  32.263 0.0000000000
53056  -26.045  32.539  32.111 0.0000000000
54459  -25.954  32.858  31.943 0.0000000000
55908  -24.321  33.356  34.182 0.0000000000
55907  -23.989  33.291  34.160 0.0000000000
55920  -23.779  33.382  33.987 0.0000000000
55909  -24.754  33.407  34.062 0.0000000000
55910  -24.924  33.405  34.118 0.0000000000
55911  -25.473  33.093  34.199 0.0000000000
55922  -25.627  33.035  33.522 0.0000000000
54403  -22.357  32.796  33.660 0.0000000000
55917  -22.409  33.238  33.648 0.0000000000
55918  -22.833  33.383  33.674 0.0000000000
55919  -23.288  33.426  33.824 0.0000000000
54419  -25.557  33.097  32.928 0.0000000000
54427  -25.408  33.081  32.770 0.0000000000
55931  -25.483  33.441  32.767 0.0000000000
55944  -25.738  33.346  32.452 0.0000000000
55971  -25.899  33.172  31.988 0.0000000000
57435  -23.932  33.761  34.269 0.0000000000
57436  -24.403  33.943  34.224 0.0000000000
57437  -24.812  33.878  33.967 0.0000000000
57438  -24.947  33.905  33.768 0.0000000000
55921  -25.288  33.392  33.536 0.0000000000
55906  -21.972  33.069  33.752 0.0000000000
57433  -22.175  33.446  33.719 0.0000000000
57448  -22.375  33.780  33.709 0.0000000000
57449  -23.033  34.011  33.835 0.0000000000
57450  -23.382  33.916  33.981 0.0000000000
57451  -23.668  33.785  34.119 0.0000000000
55930  -25.283  33.439  33.032 0.0000000000
57454  -25.148  33.891  33.286 0.0000000000
57468  -25.247  33.877  32.628 0.0000000000
57469  -25.542  33.671  32.539 0.0000000000
57488  -25.596  33.658  32.210 0.0000000000
57432  -21.935  33.656  33.758 0.0000000000
57421  -24.005  34.079  34.407 0.0000000000
59005  -23.818  34.308  34.374 0.0000000000
57434  -23.542  34.063  34.199 0.0000000000
57422  -24.124  34.121  34.342 0.0000000000
59006  -24.194  34.386  34.227 0.0000000000
59007  -24.711  34.357  33.862 0.0000000000
59008  -25.001  34.200  33.555 0.0000000000
57447  -22.109  33.886  33.737 0.0000000000
59016  -21.991  34.218  33.749 0.0000000000
59017  -22.533  34.389  33.834 0.0000000000
59018  -23.005  34.479  34.027 0.0000000000
59019  -23.005  34.159  33.927 0.0000000000
59022  -25.003  34.132  33.304 0.0000000000
57453  -24.967  33.947  33.032 0.0000000000
58986  -24.037  33.988  34.782 0.0000000000
59004  -23.270  34.468  34.251 0.0000000000
58987  -23.963  34.139  34.419 0.0000000000
60371  -23.458  34.871  34.361 0.0000000000
60372  -23.947  34.827  34.210 0.0000000000
60373  -24.153  34.868  33.860 0.0000000000
60374  -24.512  34.687  33.576 0.0000000000
59021  -24.767  34.406  33.355 0.0000000000
57431  -21.483  33.650  33.860 0.0000000000
55905  -21.739  33.185  33.811 0.0000000000
59002  -21.628  34.011  33.781 0.0000000000
54402  -21.779  32.857  33.811 0.0000000000
55904  -21.425  33.224  33.959 0.0000000000
54401  -21.681  32.778  33.847 0.0000000000
52993  -22.339  32.378  33.690 0.0000000000
52992  -21.974  32.320  33.798 0.0000000000
54392  -21.413  32.839  34.019 0.0000000000
52991  -21.624  32.361  33.899 0.0000000000
54382  -21.260  32.838  34.488 0.0000000000
52977  -21.367  32.387  34.190 0.0000000000
55897  -21.279  33.216  34.354 0.0000000000
51473  -22.620  32.192  33.655 0.0000000000
51456  -22.458  31.900  33.716 0.0000000000
51455  -21.879  32.116  33.875 0.0000000000
51454  -21.578  32.069  33.974 0.0000000000
52963  -21.157  32.399  34.642 0.0000000000
51440  -21.319  31.870  34.304 0.0000000000
51457  -23.097  31.863  33.623 0.0000000000
49796  -23.203  31.247  33.548 0.0000000000
49784  -22.733  31.377  33.718 0.0000000000
49783  -22.306  31.428  33.785 0.0000000000
51441  -21.889  31.829  34.006 0.0000000000
49782  -21.877  31.355  33.918 0.0000000000
49767  -21.596  31.441  34.164 0.0000000000
48067  -23.419  30.935  33.440 0.0000000000
48066  -23.035  30.953  33.580 0.0000000000
48054  -22.655  31.141  33.723 0.0000000000
48053  -22.048  31.101  33.964 0.0000000000
49781  -21.670  31.158  33.999 0.0000000000
48052  -22.032  31.180  33.875 0.0000000000
49766  -21.322  31.348  34.234 0.0000000000
48051  -21.611  30.776  34.019 0.0000000000
48065  -22.786  30.882  33.644 0.0000000000
46301  -23.063  30.492  33.371 0.0000000000
46300  -22.494  30.443  33.595 0.0000000000
46287  -22.126  30.710  33.773 0.0000000000
46286  -21.943  30.440  33.762 0.0000000000
48050  -21.237  30.781  34.102 0.0000000000
46285  -21.479  30.468  33.863 0.0000000000
48037  -20.943  31.009  34.444 0.0000000000
44628  -23.289  29.996  33.165 0.0000000000
44627  -22.914  29.994  33.277 0.0000000000
46299  -22.240  30.137  33.594 0.0000000000
44626  -22.494  29.904  33.363 0.0000000000
44625  -22.065  29.859  33.571 0.0000000000
44604  -21.736  30.129  33.746 0.0000000000
46284  -21.041  30.375  33.988 0.0000000000
44603  -21.238  29.830  33.744 0.0000000000
42976  -23.431  29.518  32.892 0.0000000000
42962  -23.156  29.510  33.147 0.0000000000
42961  -22.847  29.496  33.255 0.0000000000
42960  -22.429  29.415  33.296 0.0000000000
44624  -21.803  29.797  33.656 0.0000000000
42959  -21.983  29.333  33.407 0.0000000000
42958  -21.548  29.425  33.628 0.0000000000
44602  -20.928  29.937  33.872 0.0000000000
42944  -21.118  29.630  33.768 0.0000000000
41336  -23.679  29.132  32.764 0.0000000000
41335  -23.283  28.912  32.919 0.0000000000
41319  -23.060  29.137  33.192 0.0000000000
41318  -22.790  29.090  33.237 0.0000000000
41317  -22.417  28.904  33.255 0.0000000000
41316  -22.034  29.037  33.275 0.0000000000
42957  -21.173  29.276  33.752 0.0000000000
41315  -21.453  29.020  33.584 0.0000000000
42943  -20.913  29.450  33.814 0.0000000000
41314  -21.049  29.026  33.851 0.0000000000
41352  -23.604  28.751  32.694 0.0000000000
39675  -23.731  28.388  32.499 0.0000000000
39674  -23.362  28.372  32.718 0.0000000000
41334  -23.004  28.732  33.063 0.0000000000
39662  -22.951  28.202  32.881 0.0000000000
41333  -22.791  28.715  33.125 0.0000000000
39661  -22.877  28.291  32.941 0.0000000000
39660  -22.619  28.472  33.096 0.0000000000
39648  -22.309  28.411  33.240 0.0000000000
39647  -21.866  28.566  33.412 0.0000000000
41303  -21.008  28.970  33.808 0.0000000000
39646  -21.419  28.640  33.649 0.0000000000
41302  -20.922  28.943  33.895 0.0000000000
39639  -21.111  28.317  33.993 0.0000000000
37959  -23.502  27.978  32.662 0.0000000000
37958  -23.097  27.950  32.792 0.0000000000
37949  -23.128  27.846  32.915 0.0000000000
39649  -22.708  28.172  33.102 0.0000000000
37948  -22.863  28.006  33.000 0.0000000000
37940  -22.692  27.848  33.209 0.0000000000
37939  -22.188  27.923  33.401 0.0000000000
39640  -21.573  28.287  33.678 0.0000000000
37938  -21.917  27.887  33.613 0.0000000000
37931  -21.523  27.926  33.870 0.0000000000
39631  -20.998  28.296  34.059 0.0000000000
37922  -21.229  27.942  34.197 0.0000000000
37930  -21.164  28.082  33.887 0.0000000000
39638  -20.882  28.645  33.980 0.0000000000
37951  -23.958  27.371  32.790 0.0000000000
36219  -24.134  27.351  32.711 0.0000000000
37950  -23.672  27.542  32.771 0.0000000000
36210  -24.050  27.163  33.006 0.0000000000
36209  -23.421  27.388  32.987 0.0000000000
37941  -22.871  27.803  33.109 0.0000000000
36208  -22.972  27.743  33.005 0.0000000000
36200  -23.056  27.369  33.264 0.0000000000
36199  -22.440  27.360  33.608 0.0000000000
36198  -21.974  27.674  33.754 0.0000000000
36197  -21.803  27.806  33.796 0.0000000000
37923  -21.647  27.828  33.793 0.0000000000
36189  -21.780  27.628  33.937 0.0000000000
36181  -21.696  27.375  34.306 0.0000000000
36211  -24.408  26.958  32.815 0.0000000000
34514  -24.713  26.704  32.803 0.0000000000
34513  -24.370  26.824  32.972 0.0000000000
36202  -24.162  26.840  33.220 0.0000000000
34502  -24.158  26.730  33.182 0.0000000000
36201  -23.598  27.088  33.193 0.0000000000
34501  -23.776  26.725  33.357 0.0000000000
34500  -23.276  26.957  33.414 0.0000000000
34499  -22.889  27.083  33.573 0.0000000000
36191  -22.368  27.162  33.859 0.0000000000
34488  -22.645  26.970  33.833 0.0000000000
36190  -22.074  27.289  33.969 0.0000000000
34487  -22.314  27.046  34.041 0.0000000000
36182  -22.057  27.174  34.149 0.0000000000
34473  -22.092  27.031  34.302 0.0000000000
32750  -24.989  26.433  32.821 0.0000000000
34503  -24.522  26.575  33.115 0.0000000000
32738  -24.895  26.230  33.103 0.0000000000
32737  -24.329  26.223  33.433 0.0000000000
32736  -24.029  26.469  33.394 0.0000000000
34490  -23.492  26.670  33.633 0.0000000000
32725  -23.875  26.258  33.798 0.0000000000
34489  -23.064  26.801  33.736 0.0000000000
32724  -23.425  26.555  33.814 0.0000000000
34475  -22.876  26.741  33.982 0.0000000000
32708  -23.296  26.506  34.016 0.0000000000
34474  -22.477  26.858  34.059 0.0000000000
34459  -23.049  26.625  34.186 0.0000000000
34458  -22.876  26.515  34.419 0.0000000000
34457  -22.037  26.681  34.764 0.0000000000
32692  -23.230  26.358  34.457 0.0000000000
32691  -22.651  26.317  34.934 0.0000000000
32739  -25.240  26.047  33.036 0.0000000000
30924  -25.218  25.732  33.319 0.0000000000
30923  -24.782  25.845  33.527 0.0000000000
32726  -24.120  26.043  33.864 0.0000000000
30922  -24.416  25.890  33.757 0.0000000000
30904  -24.225  25.855  34.002 0.0000000000
32709  -23.624  26.175  34.186 0.0000000000
30903  -23.956  25.951  34.062 0.0000000000
32693  -23.603  26.103  34.446 0.0000000000
30887  -23.815  25.928  34.365 0.0000000000
30873  -23.642  25.849  34.707 0.0000000000
30872  -23.156  26.081  34.851 0.0000000000
32672  -22.485  26.212  35.094 0.0000000000
30871  -23.003  26.033  34.907 0.0000000000
32690  -22.121  26.633  34.821 0.0000000000
32671  -22.015  26.503  34.930 0.0000000000
29201  -25.461  25.399  33.366 0.0000000000
30906  -24.910  25.595  33.920 0.0000000000
29181  -25.257  25.237  33.772 0.0000000000
30905  -24.687  25.628  33.921 0.0000000000
29180  -24.824  25.274  34.138 0.0000000000
30889  -24.451  25.651  34.155 0.0000000000
29161  -24.704  25.316  34.257 0.0000000000
30888  -24.139  25.749  34.283 0.0000000000
29160  -24.395  25.541  34.306 0.0000000000
30874  -23.969  25.715  34.561 0.0000000000
29143  -24.278  25.401  34.619 0.0000000000
29142  -23.960  25.372  35.057 0.0000000000
30853  -23.494  25.728  35.123 0.0000000000
29124  -24.026  25.298  34.893 0.0000000000
30852  -23.071  26.053  35.188 0.0000000000
30851  -22.939  26.009  35.042 0.0000000000
30833  -23.364  25.745  35.454 0.0000000000
29109  -23.828  25.356  35.492 0.0000000000
30832  -23.011  26.113  35.702 0.0000000000
32673  -22.886  26.144  35.531 0.0000000000
30810  -23.365  25.728  35.752 0.0000000000
29182  -25.579  25.151  33.580 0.0000000000
27501  -25.483  24.968  33.801 0.0000000000
29162  -25.071  25.127  34.127 0.0000000000
27488  -25.370  24.752  34.172 0.0000000000
27487  -24.942  24.957  34.365 0.0000000000
29144  -24.719  25.021  34.701 0.0000000000
29126  -24.788  24.910  34.951 0.0000000000
27471  -24.983  24.780  34.692 0.0000000000
29125  -24.450  25.142  35.130 0.0000000000
27456  -24.899  24.643  35.212 0.0000000000
29110  -24.254  25.070  35.412 0.0000000000
27455  -24.459  24.939  35.349 0.0000000000
27440  -24.302  24.904  35.689 0.0000000000
29096  -23.510  25.625  36.070 0.0000000000
27439  -24.051  25.016  35.886 0.0000000000
27489  -25.741  24.583  33.960 0.0000000000
25885  -25.915  24.467  33.847 0.0000000000
25870  -25.837  24.326  34.186 0.0000000000
27472  -25.276  24.478  34.724 0.0000000000
25869  -25.481  24.351  34.447 0.0000000000
27457  -25.309  24.275  34.957 0.0000000000
25851  -25.669  24.104  34.761 0.0000000000
25834  -25.667  23.999  34.916 0.0000000000
27441  -24.789  24.515  35.830 0.0000000000
25833  -25.041  24.285  35.549 0.0000000000
27421  -24.979  24.640  36.257 0.0000000000
25799  -24.834  24.291  36.047 0.0000000000
25817  -24.761  24.316  35.850 0.0000000000
27420  -24.479  24.802  36.200 0.0000000000
27419  -24.036  24.996  36.161 0.0000000000
25871  -26.080  24.085  33.959 0.0000000000
24423  -26.390  23.964  33.866 0.0000000000
25853  -26.031  23.972  34.087 0.0000000000
24411  -26.399  23.817  34.106 0.0000000000
25852  -25.868  24.105  34.371 0.0000000000
24397  -26.434  23.806  34.623 0.0000000000
24396  -26.024  23.903  34.852 0.0000000000
24377  -25.704  23.883  35.009 0.0000000000
24395  -25.827  23.873  34.939 0.0000000000
24378  -25.919  23.900  35.103 0.0000000000
25835  -26.114  24.157  35.339 0.0000000000
25818  -25.419  24.254  35.782 0.0000000000
25819  -26.169  24.370  35.627 0.0000000000
24361  -26.190  24.195  35.993 0.0000000000
25801  -25.747  24.544  36.067 0.0000000000
24360  -25.743  23.787  36.060 0.0000000000
25802  -26.020  24.810  35.862 0.0000000000
25820  -26.373  24.624  35.592 0.0000000000
25800  -25.337  24.357  36.086 0.0000000000
24342  -25.552  24.232  35.957 0.0000000000
27423  -25.853  24.967  36.014 0.0000000000
27424  -26.139  25.182  35.733 0.0000000000
24343  -25.666  24.250  35.948 0.0000000000
27422  -25.352  24.789  36.277 0.0000000000
24412  -26.781  23.535  34.278 0.0000000000
22994  -26.959  23.142  33.867 0.0000000000
24398  -27.098  23.555  34.770 0.0000000000
22980  -27.176  23.187  34.321 0.0000000000
22969  -27.505  23.150  34.820 0.0000000000
22968  -27.357  23.221  34.684 0.0000000000
24399  -27.154  23.721  35.215 0.0000000000
24380  -26.812  23.854  35.032 0.0000000000
24381  -27.440  23.589  35.067 0.0000000000
24379  -26.325  23.902  35.086 0.0000000000
24362  -27.742  23.702  35.686 0.0000000000
22948  -27.611  23.090  35.512 0.0000000000
22956  -27.549  22.879  35.085 0.0000000000
25838  -27.672  24.078  35.130 0.0000000000
25837  -27.183  24.243  35.112 0.0000000000
25836  -26.601  24.231  35.245 0.0000000000
22981  -27.329  22.972  34.157 0.0000000000
21690  -27.265  23.056  33.778 0.0000000000
21676  -27.443  22.828  34.221 0.0000000000
21675  -27.515  22.872  34.255 0.0000000000
21662  -27.494  22.637  34.822 0.0000000000
21661  -27.467  22.990  34.667 0.0000000000
21646  -27.431  22.496  35.257 0.0000000000
22947  -27.495  22.987  35.950 0.0000000000
21633  -27.491  22.728  35.569 0.0000000000
22931  -27.681  23.241  36.244 0.0000000000
21687  -25.655  22.762  33.354 0.0000000000
21700  -25.810  22.826  33.001 0.0000000000
23008  -25.828  22.896  32.902 0.0000000000
23007  -25.509  23.002  33.114 0.0000000000
21677  -27.596  22.793  33.935 0.0000000000
20396  -26.413  21.993  33.804 0.0000000000
20395  -26.194  22.212  33.790 0.0000000000
20383  -26.126  22.165  33.985 0.0000000000
21674  -25.773  22.351  34.199 0.0000000000
21673  -25.354  22.729  33.941 0.0000000000
22993  -25.260  22.871  33.555 0.0000000000
20387  -27.501  22.284  34.168 0.0000000000
20386  -27.294  22.091  34.313 0.0000000000
20375  -26.143  22.137  34.435 0.0000000000
21660  -25.816  22.207  34.715 0.0000000000
21659  -25.376  22.535  34.548 0.0000000000
21658  -24.955  22.814  34.317 0.0000000000
21672  -24.956  22.908  33.990 0.0000000000
22979  -25.007  22.960  33.885 0.0000000000
22978  -24.791  23.058  33.996 0.0000000000
20378  -27.212  21.994  35.050 0.0000000000
20364  -26.077  22.006  34.934 0.0000000000
21644  -25.847  22.111  34.934 0.0000000000
21643  -25.474  22.242  35.073 0.0000000000
21642  -24.827  22.727  34.979 0.0000000000
22967  -24.589  23.046  34.494 0.0000000000
21645  -27.311  22.168  35.297 0.0000000000
20367  -27.171  22.014  35.066 0.0000000000
21632  -27.363  22.363  35.599 0.0000000000
20366  -27.093  21.938  35.260 0.0000000000
20363  -25.751  22.086  35.010 0.0000000000
20356  -25.753  22.004  35.275 0.0000000000
21631  -25.374  22.097  35.555 0.0000000000
21630  -24.975  22.291  35.616 0.0000000000
21629  -24.411  22.704  35.568 0.0000000000
21641  -24.386  22.975  35.039 0.0000000000
22955  -24.467  22.869  35.073 0.0000000000
22954  -24.171  23.087  35.120 0.0000000000
21615  -27.246  22.508  36.005 0.0000000000
20359  -27.111  22.011  35.756 0.0000000000
19063  -27.087  21.839  33.968 0.0000000000
19061  -26.625  21.899  33.774 0.0000000000
19053  -26.616  21.837  33.879 0.0000000000
20384  -26.448  21.866  34.144 0.0000000000
20385  -26.847  21.878  34.339 0.0000000000
19055  -27.035  21.837  34.167 0.0000000000
20377  -26.935  21.923  34.761 0.0000000000
19054  -26.827  21.789  34.015 0.0000000000
20376  -26.513  21.957  34.609 0.0000000000
20365  -26.600  21.845  35.022 0.0000000000
20358  -26.749  21.703  35.513 0.0000000000
20357  -26.142  21.760  35.368 0.0000000000
22946  -24.010  23.035  35.499 0.0000000000
22953  -23.796  23.248  35.234 0.0000000000
22965  -23.880  23.302  34.911 0.0000000000
22966  -24.155  23.253  34.619 0.0000000000
24376  -23.535  23.539  35.001 0.0000000000
24393  -23.634  23.648  34.495 0.0000000000
24394  -24.028  23.448  34.249 0.0000000000
22977  -24.351  23.275  34.095 0.0000000000
24410  -24.059  23.626  33.930 0.0000000000
22991  -24.644  23.218  33.500 0.0000000000
24422  -24.206  23.470  33.699 0.0000000000
22992  -25.032  23.069  33.546 0.0000000000
23006  -25.042  23.211  33.104 0.0000000000
23020  -25.429  23.214  32.827 0.0000000000
24359  -23.438  23.408  35.319 0.0000000000
24375  -23.084  23.712  35.182 0.0000000000
24392  -23.236  23.775  34.852 0.0000000000
25832  -22.990  23.929  34.893 0.0000000000
25849  -23.139  23.990  34.555 0.0000000000
25850  -23.313  23.941  34.248 0.0000000000
24409  -23.901  23.656  33.957 0.0000000000
25868  -23.559  23.844  34.029 0.0000000000
27442  -26.646  25.056  35.450 0.0000000000
25821  -26.743  24.637  35.217 0.0000000000
27443  -27.124  24.861  35.073 0.0000000000
25831  -22.904  24.003  34.893 0.0000000000
25848  -22.796  24.145  34.765 0.0000000000
27458  -27.334  24.436  34.850 0.0000000000
25854  -27.341  24.230  34.933 0.0000000000
25847  -22.528  24.144  35.048 0.0000000000
27469  -22.364  24.377  34.816 0.0000000000
27470  -22.707  24.296  34.583 0.0000000000
25866  -22.953  24.219  34.273 0.0000000000
25867  -23.277  24.045  34.124 0.0000000000
25855  -27.633  24.241  34.893 0.0000000000
27473  -27.451  24.325  34.856 0.0000000000
25839  -27.821  24.263  34.961 0.0000000000
25856  -27.904  24.390  34.831 0.0000000000
27474  -27.663  24.433  34.829 0.0000000000
27460  -28.029  24.404  35.024 0.0000000000
27475  -27.989  24.678  34.867 0.0000000000
27459  -27.635  24.335  34.939 0.0000000000
27454  -22.239  24.216  35.221 0.0000000000
27453  -21.921  24.481  35.192 0.0000000000
27468  -21.844  24.664  34.915 0.0000000000
27485  -22.215  24.740  34.294 0.0000000000
27486  -22.633  24.442  34.399 0.0000000000
27452  -21.281  24.637  35.234 0.0000000000
27467  -21.198  24.701  34.937 0.0000000000
27484  -21.616  24.769  34.495 0.0000000000
27451  -20.760  24.595  35.351 0.0000000000
27466  -20.591  24.542  34.912 0.0000000000
27483  -21.131  24.751  34.517 0.0000000000
27465  -20.127  24.209  35.030 0.0000000000
25846  -20.254  24.201  34.878 0.0000000000
25865  -20.552  24.296  34.791 0.0000000000
27482  -20.805  24.636  34.435 0.0000000000
27450  -20.281  24.372  35.234 0.0000000000
25845  -20.048  24.060  34.878 0.0000000000
25830  -22.401  23.955  35.328 0.0000000000
27438  -22.177  24.113  35.448 0.0000000000
27437  -21.994  24.238  35.527 0.0000000000
27436  -21.548  24.362  35.671 0.0000000000
27435  -21.001  24.446  35.787 0.0000000000
27434  -20.396  24.368  35.790 0.0000000000
25829  -20.041  24.223  35.327 0.0000000000
25864  -20.388  24.198  34.423 0.0000000000
25844  -19.881  23.994  34.939 0.0000000000
24391  -20.030  23.562  34.661 0.0000000000
24408  -20.200  23.661  34.413 0.0000000000
25828  -19.787  24.023  35.385 0.0000000000
24372  -19.632  23.681  35.054 0.0000000000
24390  -19.802  23.412  34.763 0.0000000000
24374  -22.778  23.707  35.434 0.0000000000
25813  -19.977  24.208  35.686 0.0000000000
22976  -20.177  23.190  34.380 0.0000000000
22990  -20.233  23.242  34.116 0.0000000000
24420  -20.331  23.965  33.830 0.0000000000
22964  -19.952  22.818  34.816 0.0000000000
24389  -19.544  23.203  34.905 0.0000000000
22963  -19.787  22.940  34.730 0.0000000000
24358  -23.172  23.390  35.587 0.0000000000
22945  -23.571  23.131  35.620 0.0000000000
21671  -20.184  22.759  34.366 0.0000000000
21686  -20.212  22.928  34.138 0.0000000000
21657  -20.035  22.628  34.636 0.0000000000
22962  -19.554  22.856  34.834 0.0000000000
21656  -19.751  22.576  34.750 0.0000000000
22952  -19.377  23.114  34.894 0.0000000000
21655  -19.456  22.593  34.923 0.0000000000
20382  -20.199  22.328  34.400 0.0000000000
20393  -20.297  22.417  33.972 0.0000000000
20374  -19.982  22.240  34.689 0.0000000000
20373  -19.667  22.238  34.822 0.0000000000
21640  -19.238  22.628  35.274 0.0000000000
20372  -19.381  22.272  35.062 0.0000000000
19052  -20.195  21.929  34.529 0.0000000000
19058  -20.313  21.974  34.084 0.0000000000
19048  -19.892  21.868  34.763 0.0000000000
19047  -19.592  21.944  34.943 0.0000000000
20362  -19.199  22.265  35.442 0.0000000000
19046  -19.258  22.159  35.153 0.0000000000
17657  -20.409  21.567  34.229 0.0000000000
17671  -20.553  21.686  33.967 0.0000000000
19059  -20.724  21.841  33.721 0.0000000000
17644  -20.187  21.371  34.683 0.0000000000
17643  -19.742  21.545  34.991 0.0000000000
17642  -19.561  21.807  35.056 0.0000000000
19040  -19.122  21.970  35.657 0.0000000000
17630  -19.419  21.623  35.312 0.0000000000
17672  -20.845  21.372  33.925 0.0000000000
17658  -20.647  21.192  34.391 0.0000000000
16186  -20.029  20.972  35.034 0.0000000000
16187  -20.249  20.844  34.961 0.0000000000
17645  -20.496  21.062  34.696 0.0000000000
17631  -19.647  21.244  35.385 0.0000000000
17621  -19.675  20.891  35.812 0.0000000000
16176  -19.867  20.883  35.438 0.0000000000
17620  -19.273  21.382  35.815 0.0000000000
16169  -19.586  20.859  36.054 0.0000000000
16177  -20.046  20.807  35.243 0.0000000000
14828  -20.279  20.551  35.327 0.0000000000
14838  -20.328  20.674  35.038 0.0000000000
14839  -20.665  20.402  35.029 0.0000000000
16188  -20.787  20.782  34.641 0.0000000000
14827  -20.009  20.742  35.442 0.0000000000
14818  -20.026  20.548  35.819 0.0000000000
14829  -20.698  20.154  35.492 0.0000000000
13614  -21.022  20.029  35.208 0.0000000000
13624  -21.050  20.132  35.027 0.0000000000
14840  -21.203  20.265  34.780 0.0000000000
14820  -20.735  19.974  35.770 0.0000000000
13604  -20.951  19.792  35.791 0.0000000000
14819  -20.480  20.180  35.800 0.0000000000
13603  -20.695  19.961  35.869 0.0000000000
14810  -20.279  20.193  36.239 0.0000000000
13596  -20.485  20.052  35.856 0.0000000000
14809  -19.923  20.454  36.402 0.0000000000
14801  -20.232  20.178  36.748 0.0000000000
13590  -20.480  19.954  36.586 0.0000000000
13625  -21.378  19.943  34.956 0.0000000000
13615  -21.513  19.979  34.918 0.0000000000
13597  -20.751  19.753  36.409 0.0000000000
12491  -20.963  19.599  36.299 0.0000000000
12496  -21.046  19.690  36.024 0.0000000000
12497  -21.354  19.580  35.784 0.0000000000
13605  -21.591  19.625  35.592 0.0000000000
13591  -20.735  19.728  36.896 0.0000000000
12487  -20.913  19.552  36.784 0.0000000000
13586  -20.915  19.684  37.340 0.0000000000
12482  -21.048  19.677  37.206 0.0000000000
13585  -20.507  19.907  37.089 0.0000000000
12492  -20.996  19.377  36.184 0.0000000000
12493  -21.972  19.100  36.025 0.0000000000
12498  -21.931  19.278  35.819 0.0000000000
11389  -21.871  18.856  36.367 0.0000000000
11390  -22.196  18.557  36.176 0.0000000000
12494  -22.215  18.961  36.047 0.0000000000
12488  -21.199  19.162  36.916 0.0000000000
11388  -21.477  19.157  36.497 0.0000000000
12483  -21.261  19.256  37.137 0.0000000000
11383  -21.333  18.972  37.130 0.0000000000
11380  -21.565  18.852  37.034 0.0000000000
11379  -21.414  19.056  37.080 0.0000000000
12484  -21.498  19.035  37.026 0.0000000000
12478  -21.428  19.056  37.691 0.0000000000
12479  -21.494  18.982  37.193 0.0000000000
13587  -21.173  19.385  37.639 0.0000000000
11376  -21.701  18.694  37.492 0.0000000000
10352  -21.938  18.136  36.208 0.0000000000
10353  -22.066  18.185  36.065 0.0000000000
10360  -22.055  18.167  35.909 0.0000000000
11393  -22.341  18.596  35.866 0.0000000000
11384  -21.702  18.811  36.713 0.0000000000
10344  -21.889  18.326  36.630 0.0000000000
10336  -21.774  18.374  36.943 0.0000000000
10328  -21.842  18.285  37.100 0.0000000000
11375  -21.294  18.485  37.848 0.0000000000
10327  -21.461  18.118  37.556 0.0000000000
10359  -21.879  18.007  35.925 0.0000000000
10368  -21.743  17.955  35.395 0.0000000000
10369  -22.254  18.272  35.383 0.0000000000
9426  -21.687  17.895  36.120 0.0000000000
9430  -21.613  17.852  35.793 0.0000000000
10351  -21.765  17.990  36.503 0.0000000000
9422  -21.736  17.951  36.327 0.0000000000
10343  -21.630  17.986  36.828 0.0000000000
9421  -21.434  17.864  36.461 0.0000000000
10335  -21.545  18.015  37.172 0.0000000000
9418  -21.329  17.854  36.940 0.0000000000
9411  -21.399  17.942  37.386 0.0000000000
9415  -21.313  17.866  37.240 0.0000000000
10326  -21.034  18.005  37.824 0.0000000000
9410  -21.197  17.831  37.488 0.0000000000
9425  -21.332  17.794  35.964 0.0000000000
9429  -21.303  17.804  35.521 0.0000000000
9424  -20.936  17.770  35.692 0.0000000000
9428  -20.909  17.840  35.285 0.0000000000
10367  -21.184  17.956  35.079 0.0000000000
9423  -20.577  17.795  35.413 0.0000000000
9427  -20.646  17.882  35.167 0.0000000000
10366  -20.744  17.983  34.973 0.0000000000
10365  -20.327  17.967  35.096 0.0000000000
9420  -20.942  17.766  36.170 0.0000000000
9419  -20.513  17.754  35.856 0.0000000000
10358  -20.131  17.867  35.534 0.0000000000
9417  -20.942  17.759  36.677 0.0000000000
9416  -20.473  17.743  36.361 0.0000000000
10350  -20.042  17.809  36.012 0.0000000000
9414  -21.006  17.754  37.145 0.0000000000
9413  -20.415  17.734  36.948 0.0000000000
10342  -19.993  17.789  36.495 0.0000000000
9409  -20.732  17.747  37.497 0.0000000000
10349  -19.566  17.851  36.160 0.0000000000
10357  -19.630  17.960  35.694 0.0000000000
10356  -19.149  18.015  35.869 0.0000000000
10363  -19.221  18.193  35.403 0.0000000000
10364  -19.767  18.109  35.219 0.0000000000
10362  -18.774  18.213  35.540 0.0000000000
11396  -18.816  18.514  35.197 0.0000000000
11397  -19.298  18.445  34.982 0.0000000000
11398  -19.752  18.207  34.962 0.0000000000
10371  -20.010  18.154  34.830 0.0000000000
10372  -20.433  18.121  34.658 0.0000000000
10373  -20.926  18.087  34.609 0.0000000000
10374  -21.446  18.099  34.734 0.0000000000
10375  -21.932  18.182  34.837 0.0000000000
11399  -22.525  18.734  35.421 0.0000000000
10376  -22.401  18.269  34.836 0.0000000000
10370  -22.652  18.428  35.168 0.0000000000
10377  -22.817  18.459  34.811 0.0000000000
11400  -22.875  18.851  34.995 0.0000000000
11402  -19.711  18.381  34.642 0.0000000000
10378  -20.057  18.289  34.387 0.0000000000
10379  -20.534  18.218  34.081 0.0000000000
10380  -21.206  18.168  34.180 0.0000000000
10381  -21.717  18.196  34.283 0.0000000000
10382  -22.036  18.133  34.213 0.0000000000
10383  -22.629  18.319  34.385 0.0000000000
11403  -23.054  18.812  34.712 0.0000000000
10384  -23.006  18.509  34.435 0.0000000000
11406  -19.751  18.735  34.189 0.0000000000
11407  -20.113  18.475  34.103 0.0000000000
10387  -21.058  18.197  33.639 0.0000000000
10386  -20.527  18.241  33.462 0.0000000000
11412  -20.128  18.656  33.776 0.0000000000
10388  -21.579  18.213  33.760 0.0000000000
10389  -22.050  18.244  33.846 0.0000000000
10390  -22.505  18.266  33.888 0.0000000000
10391  -22.941  18.303  33.935 0.0000000000
11408  -23.139  18.693  34.500 0.0000000000
10392  -23.123  18.442  34.092 0.0000000000
10385  -23.194  18.645  34.342 0.0000000000
11409  -23.391  18.843  34.274 0.0000000000
10395  -21.017  18.207  33.146 0.0000000000
10394  -20.582  18.244  33.046 0.0000000000
11416  -20.279  18.674  33.216 0.0000000000
10396  -21.504  18.215  33.267 0.0000000000
10397  -21.984  18.247  33.365 0.0000000000
10398  -22.417  18.266  33.434 0.0000000000
10399  -22.879  18.324  33.403 0.0000000000
10400  -23.089  18.176  33.405 0.0000000000
11413  -23.793  18.834  34.191 0.0000000000
10401  -23.942  18.642  33.970 0.0000000000
10393  -23.853  18.738  34.012 0.0000000000
11414  -23.854  18.895  33.835 0.0000000000
10403  -21.066  17.851  32.794 0.0000000000
10402  -20.559  18.115  32.669 0.0000000000
11422  -20.346  18.388  32.872 0.0000000000
10404  -21.393  18.220  32.833 0.0000000000
10405  -21.954  18.286  32.865 0.0000000000
10406  -22.384  18.298  32.985 0.0000000000
10407  -22.712  18.380  33.110 0.0000000000
11419  -23.176  18.598  32.911 0.0000000000
11418  -22.889  18.595  32.873 0.0000000000
11420  -23.798  18.685  33.326 0.0000000000
10409  -20.860  17.800  32.188 0.0000000000
10408  -20.525  18.099  32.518 0.0000000000
11435  -20.408  18.117  32.590 0.0000000000
10410  -21.185  18.217  32.436 0.0000000000
10411  -21.671  18.304  32.481 0.0000000000
11426  -22.331  18.511  32.542 0.0000000000
11425  -22.053  18.462  32.430 0.0000000000
11427  -22.776  18.597  32.701 0.0000000000
11436  -20.542  18.394  32.328 0.0000000000
10416  -21.033  18.280  32.059 0.0000000000
10415  -20.949  18.271  32.065 0.0000000000
11452  -20.800  18.303  32.113 0.0000000000
10417  -21.421  18.323  32.171 0.0000000000
11438  -21.816  18.450  32.108 0.0000000000
11453  -20.957  18.621  31.801 0.0000000000
11454  -21.464  18.508  31.808 0.0000000000
12499  -22.265  19.025  35.781 0.0000000000
12503  -18.876  18.733  34.982 0.0000000000
11401  -19.363  18.758  34.522 0.0000000000
12510  -19.029  18.836  34.759 0.0000000000
12505  -22.323  19.127  35.360 0.0000000000
12506  -22.808  19.015  35.055 0.0000000000
12513  -22.889  19.006  35.019 0.0000000000
11405  -19.398  18.791  34.296 0.0000000000
12519  -19.153  19.152  34.398 0.0000000000
11404  -23.219  18.991  34.589 0.0000000000
12514  -23.098  19.078  34.710 0.0000000000
12522  -23.245  19.226  34.390 0.0000000000
12520  -19.412  19.183  34.193 0.0000000000
11411  -19.842  18.870  33.920 0.0000000000
12527  -19.675  19.082  33.983 0.0000000000
11410  -23.852  19.003  33.934 0.0000000000
12523  -23.277  18.998  34.074 0.0000000000
12530  -23.724  19.247  33.968 0.0000000000
12528  -19.867  19.109  33.766 0.0000000000
12536  -20.144  19.030  33.501 0.0000000000
11423  -20.364  19.098  32.762 0.0000000000
11417  -20.231  18.802  32.967 0.0000000000
12537  -20.303  19.040  33.194 0.0000000000
12546  -20.322  19.338  32.971 0.0000000000
11437  -20.830  19.052  31.993 0.0000000000
11424  -20.952  18.866  32.069 0.0000000000
12547  -20.544  19.141  32.690 0.0000000000
12558  -20.853  19.161  32.138 0.0000000000
11439  -22.179  18.572  32.070 0.0000000000
11440  -22.619  18.660  32.164 0.0000000000
12570  -20.969  19.077  31.824 0.0000000000
11455  -21.995  18.585  31.730 0.0000000000
11456  -22.430  18.662  31.715 0.0000000000
11470  -21.311  18.792  31.452 0.0000000000
11469  -21.134  18.906  31.578 0.0000000000
12580  -21.084  19.229  31.330 0.0000000000
11471  -21.754  18.667  31.400 0.0000000000
11472  -22.203  18.674  31.330 0.0000000000
12581  -21.309  18.979  31.186 0.0000000000
11484  -21.524  18.791  31.126 0.0000000000
11485  -21.929  18.714  30.986 0.0000000000
12593  -21.390  19.160  30.868 0.0000000000
11497  -21.690  18.850  30.732 0.0000000000
13606  -22.191  19.494  35.523 0.0000000000
12504  -22.189  19.227  35.451 0.0000000000
12502  -18.516  18.938  35.094 0.0000000000
12509  -18.761  18.947  34.872 0.0000000000
13616  -21.988  19.625  35.058 0.0000000000
12511  -22.127  19.429  34.984 0.0000000000
12512  -22.580  19.238  35.094 0.0000000000
13613  -18.490  19.163  34.940 0.0000000000
13623  -18.539  19.425  34.711 0.0000000000
12518  -18.925  19.113  34.647 0.0000000000
13626  -21.937  19.749  34.882 0.0000000000
13627  -22.514  19.703  34.625 0.0000000000
13628  -22.866  19.689  35.071 0.0000000000
12521  -23.034  19.289  34.636 0.0000000000
13633  -18.850  19.515  34.338 0.0000000000
13634  -19.141  19.569  34.172 0.0000000000
13635  -19.378  19.588  34.026 0.0000000000
13637  -22.949  19.680  34.268 0.0000000000
13638  -23.279  19.515  34.165 0.0000000000
12529  -23.579  19.245  33.827 0.0000000000
13642  -19.585  19.607  33.816 0.0000000000
13643  -19.931  19.568  33.617 0.0000000000
13645  -23.352  19.720  33.858 0.0000000000
13651  -20.087  19.857  33.499 0.0000000000
12545  -20.210  19.317  33.241 0.0000000000
13660  -20.156  19.785  33.149 0.0000000000
13661  -20.128  20.179  32.880 0.0000000000
12557  -20.636  19.328  32.525 0.0000000000
13671  -20.307  20.039  32.785 0.0000000000
13672  -20.753  19.529  32.244 0.0000000000
13684  -20.819  19.333  32.018 0.0000000000
12569  -20.797  19.529  31.640 0.0000000000
12579  -20.889  19.707  31.320 0.0000000000
13694  -21.032  19.986  31.198 0.0000000000
12592  -21.224  19.387  31.048 0.0000000000
13702  -21.167  19.646  31.095 0.0000000000
13703  -21.292  19.669  30.853 0.0000000000
12606  -21.709  19.087  30.270 0.0000000000
13711  -21.496  19.541  30.436 0.0000000000
13612  -18.232  19.433  34.976 0.0000000000
13622  -18.255  19.673  34.803 0.0000000000
14837  -18.326  19.786  34.656 0.0000000000
14847  -18.518  19.993  34.326 0.0000000000
14841  -21.857  20.009  34.763 0.0000000000
14842  -22.135  19.985  34.677 0.0000000000
13636  -22.608  19.895  34.319 0.0000000000
14852  -22.325  20.181  34.269 0.0000000000
14848  -18.954  19.986  34.046 0.0000000000
14849  -19.084  20.132  33.938 0.0000000000
14861  -19.336  20.118  33.714 0.0000000000
14853  -22.717  20.160  33.945 0.0000000000
13644  -23.003  19.862  33.949 0.0000000000
14864  -22.997  20.245  33.861 0.0000000000
14862  -19.689  19.878  33.647 0.0000000000
14871  -19.874  20.096  33.344 0.0000000000
14880  -20.085  20.330  32.978 0.0000000000
14881  -20.173  20.136  32.986 0.0000000000
14892  -20.286  20.395  32.529 0.0000000000
13683  -20.744  19.922  32.134 0.0000000000
13693  -20.514  19.986  31.391 0.0000000000
14904  -20.610  20.679  31.785 0.0000000000
13682  -20.519  19.942  32.092 0.0000000000
13692  -20.554  20.177  31.783 0.0000000000
14903  -20.606  20.321  31.784 0.0000000000
14913  -20.369  20.360  31.519 0.0000000000
14914  -20.933  20.415  31.281 0.0000000000
14915  -21.163  20.394  31.093 0.0000000000
13695  -21.208  19.989  31.071 0.0000000000
14916  -21.306  20.184  30.885 0.0000000000
14926  -21.462  19.974  30.561 0.0000000000
13721  -21.668  19.535  30.021 0.0000000000
14936  -21.639  20.005  30.167 0.0000000000
12619  -21.772  19.235  29.954 0.0000000000
13722  -21.829  19.489  29.646 0.0000000000
14945  -21.775  19.999  29.792 0.0000000000
14836  -18.057  20.022  34.744 0.0000000000
16189  -21.150  20.708  34.387 0.0000000000
14851  -21.656  20.418  34.348 0.0000000000
14850  -21.337  20.583  34.374 0.0000000000
14846  -18.158  20.399  34.176 0.0000000000
14859  -18.359  20.382  33.941 0.0000000000
14860  -18.817  20.223  33.892 0.0000000000
16198  -21.398  20.788  34.071 0.0000000000
16199  -21.891  20.705  34.053 0.0000000000
16200  -22.147  20.526  34.103 0.0000000000
14863  -22.644  20.247  33.843 0.0000000000
14858  -18.129  20.694  33.918 0.0000000000
16209  -18.186  20.709  33.661 0.0000000000
16210  -18.573  20.600  33.619 0.0000000000
16211  -19.003  20.554  33.577 0.0000000000
14870  -19.568  20.373  33.369 0.0000000000
16225  -19.241  20.671  33.236 0.0000000000
16226  -19.648  20.541  33.156 0.0000000000
16236  -19.840  20.612  32.920 0.0000000000
14891  -20.012  20.890  32.845 0.0000000000
16253  -20.179  20.720  32.354 0.0000000000
16254  -20.173  20.912  32.248 0.0000000000
16272  -20.187  20.857  31.947 0.0000000000
16271  -20.203  20.819  31.863 0.0000000000
16290  -20.560  21.074  31.121 0.0000000000
16291  -20.989  20.842  31.063 0.0000000000
16292  -21.238  20.714  30.827 0.0000000000
16293  -21.401  20.377  30.698 0.0000000000
16310  -21.497  20.605  30.426 0.0000000000
16324  -21.700  20.556  29.927 0.0000000000
14946  -21.891  19.970  29.409 0.0000000000
16338  -21.855  20.473  29.565 0.0000000000
13734  -21.972  19.608  29.142 0.0000000000
14955  -21.860  19.940  28.985 0.0000000000
16339  -21.937  20.399  29.246 0.0000000000
16197  -20.976  21.005  34.112 0.0000000000
16212  -21.230  21.063  33.875 0.0000000000
16213  -21.585  20.937  33.805 0.0000000000
16214  -21.947  20.823  33.699 0.0000000000
16208  -17.934  20.755  33.839 0.0000000000
16222  -18.007  20.879  33.435 0.0000000000
16223  -18.292  20.859  33.285 0.0000000000
16224  -19.014  20.847  32.948 0.0000000000
17673  -21.377  21.269  33.617 0.0000000000
17674  -21.697  21.012  33.650 0.0000000000
17670  -17.869  20.923  33.526 0.0000000000
17686  -17.997  21.030  33.207 0.0000000000
17687  -18.498  21.020  32.950 0.0000000000
17688  -18.912  20.957  32.918 0.0000000000
17689  -18.952  20.936  33.054 0.0000000000
16235  -19.446  20.812  32.904 0.0000000000
17705  -19.159  21.119  32.642 0.0000000000
16252  -19.659  20.969  32.546 0.0000000000
17722  -19.399  21.247  32.206 0.0000000000
16270  -19.907  20.990  31.967 0.0000000000
17734  -19.578  21.289  31.831 0.0000000000
17735  -19.979  21.045  31.811 0.0000000000
17749  -20.253  21.199  31.384 0.0000000000
17750  -20.713  21.101  31.120 0.0000000000
17751  -21.013  20.996  30.921 0.0000000000
16309  -21.267  20.877  30.624 0.0000000000
17760  -21.102  21.113  30.645 0.0000000000
17761  -21.293  21.036  30.399 0.0000000000
17774  -21.455  21.047  30.063 0.0000000000
17788  -21.678  21.067  29.510 0.0000000000
17789  -21.850  20.714  29.361 0.0000000000
16349  -22.031  20.431  28.955 0.0000000000
17806  -21.897  20.800  29.108 0.0000000000
17669  -17.558  21.034  33.847 0.0000000000
19060  -21.010  21.590  33.686 0.0000000000
17685  -17.527  21.150  33.407 0.0000000000
17702  -17.835  21.186  32.917 0.0000000000
17703  -18.267  21.179  32.701 0.0000000000
17704  -18.702  21.179  32.620 0.0000000000
17701  -17.392  21.206  33.080 0.0000000000
17718  -17.457  21.235  32.540 0.0000000000
17719  -18.035  21.264  32.382 0.0000000000
17720  -18.445  21.278  32.280 0.0000000000
17721  -18.912  21.283  32.255 0.0000000000
17730  -17.680  21.284  31.968 0.0000000000
17731  -18.124  21.333  31.928 0.0000000000
17732  -18.626  21.336  31.889 0.0000000000
17733  -19.094  21.333  31.876 0.0000000000
17744  -17.788  21.299  31.396 0.0000000000
17745  -18.365  21.367  31.486 0.0000000000
17746  -18.847  21.387  31.460 0.0000000000
17747  -19.306  21.414  31.424 0.0000000000
17748  -19.778  21.379  31.418 0.0000000000
19098  -18.166  21.365  31.078 0.0000000000
19099  -18.646  21.508  31.127 0.0000000000
19100  -19.019  21.713  31.029 0.0000000000
19101  -19.540  21.717  31.070 0.0000000000
19102  -20.041  21.630  31.056 0.0000000000
19103  -20.463  21.390  31.024 0.0000000000
19104  -20.723  21.209  31.005 0.0000000000
17759  -20.899  21.122  30.911 0.0000000000
19120  -20.782  21.376  30.649 0.0000000000
19121  -21.016  21.285  30.402 0.0000000000
17773  -21.024  21.305  30.170 0.0000000000
19136  -20.901  21.361  30.259 0.0000000000
17772  -20.894  21.394  30.214 0.0000000000
17786  -20.829  21.548  29.887 0.0000000000
17787  -21.198  21.357  29.803 0.0000000000
19135  -20.616  21.676  30.131 0.0000000000
19145  -20.470  21.810  29.618 0.0000000000
19146  -20.919  21.741  29.510 0.0000000000
19147  -21.284  21.551  29.390 0.0000000000
17805  -21.770  21.135  29.038 0.0000000000
19168  -21.440  21.489  29.122 0.0000000000
17830  -21.872  21.023  28.939 0.0000000000
17829  -21.924  20.940  28.672 0.0000000000
19193  -21.725  21.250  29.067 0.0000000000
16366  -21.947  20.762  28.660 0.0000000000
16365  -21.930  20.994  28.600 0.0000000000
17758  -17.774  21.130  30.817 0.0000000000
19114  -18.027  21.270  30.708 0.0000000000
19115  -18.449  21.463  30.807 0.0000000000
19116  -18.961  21.750  30.825 0.0000000000
19117  -19.301  21.780  30.675 0.0000000000
19118  -19.772  21.789  30.626 0.0000000000
19119  -20.292  21.700  30.628 0.0000000000
17768  -17.843  21.073  30.401 0.0000000000
19129  -17.993  21.194  30.433 0.0000000000
19130  -18.239  21.302  30.453 0.0000000000
19131  -18.646  21.492  30.426 0.0000000000
19132  -19.055  21.616  30.266 0.0000000000
19133  -19.480  21.784  30.230 0.0000000000
19134  -19.952  21.798  30.172 0.0000000000
17769  -18.000  21.019  30.187 0.0000000000
17770  -18.434  21.142  30.162 0.0000000000
17771  -18.836  21.352  30.074 0.0000000000
17785  -18.996  21.381  29.773 0.0000000000
19142  -19.265  21.570  29.890 0.0000000000
19143  -19.609  21.785  29.843 0.0000000000
19144  -19.971  21.811  29.750 0.0000000000
17803  -19.284  21.477  29.332 0.0000000000
19163  -19.415  21.704  29.609 0.0000000000
19164  -19.644  21.754  29.393 0.0000000000
19165  -19.911  21.870  29.107 0.0000000000
19166  -20.427  21.911  28.921 0.0000000000
19167  -21.051  21.763  29.055 0.0000000000
17804  -19.597  21.552  29.110 0.0000000000
19189  -19.768  21.676  29.010 0.0000000000
19190  -20.045  21.704  28.807 0.0000000000
19191  -20.644  21.754  28.668 0.0000000000
19192  -21.138  21.645  28.801 0.0000000000
17825  -19.609  21.340  28.710 0.0000000000
17826  -19.992  21.450  28.577 0.0000000000
19206  -20.250  21.623  28.400 0.0000000000
17827  -20.932  21.574  28.328 0.0000000000
19207  -20.699  21.727  28.147 0.0000000000
17828  -21.388  21.371  28.419 0.0000000000
17842  -20.005  21.384  28.256 0.0000000000
19218  -20.327  21.595  28.013 0.0000000000
17843  -21.014  21.734  28.027 0.0000000000
19208  -21.024  21.700  27.877 0.0000000000
19219  -20.724  21.557  27.756 0.0000000000
17864  -20.003  21.287  27.640 0.0000000000
17844  -21.122  21.703  28.060 0.0000000000
17841  -19.737  21.195  28.119 0.0000000000
17824  -19.008  21.191  28.931 0.0000000000
16363  -19.180  20.833  28.583 0.0000000000
16364  -19.541  20.935  28.382 0.0000000000
17823  -18.747  21.038  29.111 0.0000000000
16362  -18.692  20.780  28.876 0.0000000000
17802  -18.830  21.229  29.347 0.0000000000
16348  -18.496  20.818  29.421 0.0000000000
17784  -18.673  21.136  29.777 0.0000000000
16337  -18.367  20.873  29.969 0.0000000000
16323  -18.190  20.964  30.125 0.0000000000
16322  -17.984  20.901  30.111 0.0000000000
16336  -17.966  20.713  29.797 0.0000000000
16347  -17.946  20.366  29.417 0.0000000000
16361  -18.287  20.420  29.042 0.0000000000
16196  -18.014  20.441  34.249 0.0000000000
16207  -17.672  20.887  33.964 0.0000000000
