#!ascii label  , from subject  vox2ras=TkReg
249
34999  -22.122  -9.029  -8.198 0.0000000000
34998  -21.998  -9.058  -8.213 0.0000000000
35005  -22.044  -9.322  -8.470 0.0000000000
35738  -21.979  -8.953  -8.093 0.0000000000
35006  -22.454  -9.270  -8.675 0.0000000000
35000  -22.282  -9.021  -8.238 0.0000000000
35739  -22.210  -8.966  -8.138 0.0000000000
35744  -22.400  -8.984  -8.277 0.0000000000
35004  -21.987  -9.441  -8.595 0.0000000000
34308  -22.011  -9.705  -8.922 0.0000000000
34309  -22.169  -9.651  -8.781 0.0000000000
34332  -22.331  -9.852  -8.981 0.0000000000
35029  -22.604  -9.703  -8.999 0.0000000000
35030  -22.984  -9.408  -8.976 0.0000000000
35007  -22.991  -9.170  -8.804 0.0000000000
35745  -22.927  -8.987  -8.549 0.0000000000
35031  -23.221  -9.317  -8.986 0.0000000000
35008  -23.102  -9.126  -8.890 0.0000000000
35746  -23.042  -9.007  -8.766 0.0000000000
35769  -23.169  -9.081  -8.917 0.0000000000
34333  -22.677  -9.761  -9.046 0.0000000000
34334  -23.000  -9.602  -9.015 0.0000000000
34344  -23.011  -9.792  -9.470 0.0000000000
35040  -23.150  -9.306  -9.585 0.0000000000
35041  -23.553  -9.065  -9.266 0.0000000000
35032  -23.308  -9.094  -9.012 0.0000000000
35770  -23.161  -9.011  -8.961 0.0000000000
35737  -21.649  -9.028  -8.010 0.0000000000
35730  -22.002  -8.943  -7.993 0.0000000000
35729  -21.785  -8.915  -8.029 0.0000000000
35731  -22.114  -8.888  -7.994 0.0000000000
35732  -22.535  -8.912  -8.046 0.0000000000
35740  -22.692  -8.879  -8.250 0.0000000000
36489  -22.738  -8.668  -8.127 0.0000000000
35741  -23.035  -8.964  -8.516 0.0000000000
36490  -22.996  -8.636  -8.189 0.0000000000
36496  -23.090  -8.912  -8.583 0.0000000000
35747  -23.077  -8.961  -8.988 0.0000000000
36497  -23.396  -8.833  -8.736 0.0000000000
36485  -22.651  -8.707  -7.974 0.0000000000
36486  -22.988  -8.494  -8.002 0.0000000000
37279  -23.127  -8.296  -7.911 0.0000000000
37284  -23.012  -8.299  -7.985 0.0000000000
36491  -23.133  -8.606  -8.304 0.0000000000
37278  -22.988  -8.592  -7.985 0.0000000000
36484  -22.128  -8.867  -7.963 0.0000000000
36476  -22.407  -8.533  -7.607 0.0000000000
37271  -22.948  -8.210  -7.531 0.0000000000
36483  -22.000  -8.817  -7.956 0.0000000000
36475  -22.003  -8.504  -7.564 0.0000000000
36482  -21.742  -8.847  -8.001 0.0000000000
36474  -22.011  -8.505  -7.646 0.0000000000
36481  -21.369  -8.836  -7.867 0.0000000000
35728  -21.338  -8.911  -7.998 0.0000000000
36473  -21.715  -8.646  -7.819 0.0000000000
36472  -21.047  -8.665  -7.467 0.0000000000
35721  -21.068  -8.969  -7.885 0.0000000000
37270  -22.288  -8.093  -7.208 0.0000000000
37269  -21.966  -8.110  -7.207 0.0000000000
37268  -21.743  -8.201  -7.259 0.0000000000
37267  -21.250  -8.404  -7.265 0.0000000000
36471  -20.982  -8.499  -7.625 0.0000000000
35720  -21.014  -8.983  -7.822 0.0000000000
36465  -21.003  -8.425  -7.153 0.0000000000
37255  -21.216  -8.263  -7.012 0.0000000000
36470  -20.803  -8.649  -7.277 0.0000000000
35719  -20.702  -8.951  -7.555 0.0000000000
36464  -20.946  -8.249  -7.133 0.0000000000
36463  -20.759  -8.848  -6.998 0.0000000000
35714  -20.513  -9.058  -7.032 0.0000000000
37254  -21.004  -8.381  -7.005 0.0000000000
36460  -20.884  -8.462  -7.006 0.0000000000
37246  -21.025  -8.303  -6.896 0.0000000000
36459  -20.620  -8.602  -7.009 0.0000000000
35709  -20.523  -8.782  -7.003 0.0000000000
37245  -20.837  -8.470  -6.984 0.0000000000
36458  -20.320  -8.775  -6.837 0.0000000000
35708  -20.161  -8.958  -6.991 0.0000000000
36456  -20.684  -8.194  -6.656 0.0000000000
37240  -20.962  -8.260  -6.768 0.0000000000
35736  -21.212  -8.986  -8.112 0.0000000000
34997  -21.357  -9.199  -8.281 0.0000000000
35735  -21.016  -8.978  -8.016 0.0000000000
34996  -21.029  -9.183  -8.137 0.0000000000
35727  -21.015  -8.991  -7.923 0.0000000000
34991  -20.998  -9.002  -8.014 0.0000000000
35726  -20.955  -8.995  -7.913 0.0000000000
34990  -20.716  -9.288  -8.011 0.0000000000
34984  -20.781  -9.011  -7.795 0.0000000000
35718  -20.382  -8.995  -7.401 0.0000000000
34983  -20.354  -9.161  -7.568 0.0000000000
35713  -20.106  -9.041  -7.019 0.0000000000
34978  -20.010  -8.987  -7.060 0.0000000000
35003  -21.622  -9.721  -8.673 0.0000000000
34307  -21.719  -9.874  -8.921 0.0000000000
34306  -21.120  -9.875  -8.669 0.0000000000
34295  -21.037  -9.476  -8.238 0.0000000000
34995  -20.997  -9.207  -8.204 0.0000000000
34294  -20.941  -9.514  -8.296 0.0000000000
34293  -20.535  -9.655  -8.248 0.0000000000
34989  -20.254  -9.594  -7.926 0.0000000000
34287  -20.164  -9.630  -8.049 0.0000000000
34343  -23.011  -9.899  -9.156 0.0000000000
33689  -23.001  -9.906  -9.390 0.0000000000
33699  -23.010  -10.020  -9.818 0.0000000000
34352  -23.026  -9.672  -9.996 0.0000000000
33688  -22.765  -9.993  -9.318 0.0000000000
33676  -22.474  -10.003  -9.013 0.0000000000
34331  -22.000  -9.948  -9.017 0.0000000000
33675  -22.081  -9.977  -9.035 0.0000000000
34330  -21.944  -9.956  -8.997 0.0000000000
33674  -21.972  -10.019  -9.022 0.0000000000
33673  -21.717  -10.013  -8.922 0.0000000000
33659  -21.452  -9.997  -8.763 0.0000000000
34305  -21.005  -9.829  -8.513 0.0000000000
33658  -21.033  -10.006  -8.571 0.0000000000
34304  -20.953  -9.875  -8.559 0.0000000000
33657  -20.900  -10.006  -8.637 0.0000000000
33656  -20.671  -9.963  -8.553 0.0000000000
34292  -20.024  -9.940  -8.167 0.0000000000
33646  -20.253  -9.925  -8.315 0.0000000000
34286  -20.034  -9.791  -8.044 0.0000000000
33698  -23.002  -10.056  -9.704 0.0000000000
33027  -23.022  -10.200  -9.880 0.0000000000
33041  -22.963  -10.208  -10.014 0.0000000000
33711  -23.001  -10.006  -10.008 0.0000000000
33026  -22.920  -10.378  -9.802 0.0000000000
33687  -22.215  -9.999  -9.114 0.0000000000
33016  -22.346  -10.540  -9.338 0.0000000000
33686  -22.032  -10.076  -9.064 0.0000000000
33015  -22.013  -10.357  -9.106 0.0000000000
33014  -21.879  -10.349  -9.196 0.0000000000
33001  -21.912  -10.069  -8.998 0.0000000000
33672  -21.295  -10.008  -8.921 0.0000000000
33000  -21.659  -10.179  -8.963 0.0000000000
32999  -21.166  -10.350  -8.820 0.0000000000
32988  -20.990  -10.090  -8.652 0.0000000000
32987  -20.917  -10.079  -8.580 0.0000000000
33655  -20.208  -10.047  -8.288 0.0000000000
32986  -20.196  -10.152  -8.382 0.0000000000
33040  -22.933  -10.389  -9.986 0.0000000000
32382  -22.777  -10.696  -10.002 0.0000000000
32389  -22.893  -10.775  -10.014 0.0000000000
33048  -23.016  -10.233  -10.202 0.0000000000
32381  -22.696  -10.795  -9.918 0.0000000000
32369  -22.542  -10.973  -9.749 0.0000000000
32354  -21.994  -10.875  -9.232 0.0000000000
32355  -22.249  -10.968  -9.417 0.0000000000
32353  -21.990  -10.627  -9.296 0.0000000000
33013  -21.903  -10.454  -9.005 0.0000000000
32352  -21.596  -10.655  -9.188 0.0000000000
32336  -21.710  -10.900  -8.996 0.0000000000
32335  -21.181  -10.709  -9.003 0.0000000000
32998  -21.016  -10.373  -8.786 0.0000000000
32334  -20.985  -10.863  -8.959 0.0000000000
32325  -21.027  -10.595  -8.799 0.0000000000
32324  -20.433  -10.603  -8.629 0.0000000000
32388  -22.675  -10.928  -10.054 0.0000000000
31725  -22.743  -11.006  -9.974 0.0000000000
31735  -22.553  -11.000  -9.991 0.0000000000
32368  -22.379  -11.117  -9.567 0.0000000000
31724  -22.296  -11.074  -9.683 0.0000000000
31703  -22.094  -10.986  -9.384 0.0000000000
31702  -22.004  -11.013  -9.382 0.0000000000
31701  -21.879  -10.989  -9.390 0.0000000000
32351  -21.277  -10.988  -9.016 0.0000000000
31700  -21.151  -11.005  -9.162 0.0000000000
31685  -21.020  -10.955  -8.997 0.0000000000
31684  -20.932  -10.950  -8.956 0.0000000000
32333  -20.756  -10.975  -8.920 0.0000000000
31683  -20.811  -10.998  -8.992 0.0000000000
31680  -20.591  -10.968  -8.833 0.0000000000
31734  -22.472  -11.182  -9.943 0.0000000000
31091  -22.397  -11.465  -10.008 0.0000000000
31092  -22.643  -11.045  -10.064 0.0000000000
31742  -22.629  -11.027  -10.190 0.0000000000
31076  -22.335  -11.314  -9.891 0.0000000000
31723  -22.025  -11.096  -9.522 0.0000000000
31075  -22.103  -11.459  -9.870 0.0000000000
31722  -21.997  -11.035  -9.635 0.0000000000
31074  -21.987  -11.466  -9.778 0.0000000000
31052  -21.911  -11.106  -9.548 0.0000000000
31051  -21.434  -11.388  -9.427 0.0000000000
31699  -21.031  -10.997  -9.022 0.0000000000
31050  -21.006  -11.127  -9.282 0.0000000000
31039  -20.904  -11.010  -8.995 0.0000000000
31100  -22.673  -11.204  -10.437 0.0000000000
31090  -22.017  -11.585  -10.008 0.0000000000
30308  -22.085  -11.864  -10.010 0.0000000000
30320  -22.296  -12.015  -10.292 0.0000000000
31099  -22.460  -11.495  -10.234 0.0000000000
30307  -21.991  -11.889  -10.048 0.0000000000
30292  -21.988  -11.884  -9.992 0.0000000000
31073  -21.587  -11.891  -9.755 0.0000000000
30291  -21.697  -11.969  -9.958 0.0000000000
30290  -21.164  -11.955  -9.705 0.0000000000
30274  -21.085  -11.659  -9.374 0.0000000000
29563  -22.085  -11.995  -9.983 0.0000000000
29576  -22.209  -12.088  -10.321 0.0000000000
30306  -21.839  -11.983  -10.032 0.0000000000
29562  -21.978  -12.005  -10.031 0.0000000000
29561  -21.742  -12.026  -9.968 0.0000000000
29552  -21.413  -12.038  -9.769 0.0000000000
29575  -22.091  -12.157  -10.251 0.0000000000
28839  -21.728  -12.425  -10.087 0.0000000000
28840  -21.995  -12.066  -10.092 0.0000000000
28849  -21.993  -12.243  -10.527 0.0000000000
29589  -22.101  -12.174  -10.685 0.0000000000
37241  -20.996  -8.081  -6.432 0.0000000000
37247  -21.376  -8.115  -6.818 0.0000000000
37242  -21.188  -8.073  -6.546 0.0000000000
38079  -21.302  -8.025  -6.655 0.0000000000
37256  -21.736  -8.008  -7.060 0.0000000000
37248  -21.690  -8.012  -7.000 0.0000000000
38080  -21.744  -7.942  -6.971 0.0000000000
38090  -21.825  -7.945  -7.062 0.0000000000
37257  -22.078  -8.014  -7.110 0.0000000000
38091  -21.988  -7.964  -7.089 0.0000000000
37258  -22.637  -8.018  -7.211 0.0000000000
38092  -22.372  -7.972  -7.080 0.0000000000
37259  -23.073  -8.008  -7.220 0.0000000000
38093  -22.820  -7.780  -7.169 0.0000000000
37272  -23.265  -8.129  -7.628 0.0000000000
37260  -23.015  -8.018  -7.402 0.0000000000
38094  -23.039  -7.838  -7.186 0.0000000000
38101  -23.146  -7.971  -7.467 0.0000000000
38077  -21.357  -7.921  -6.625 0.0000000000
38972  -21.898  -7.507  -6.641 0.0000000000
38980  -21.973  -7.698  -6.942 0.0000000000
38081  -21.958  -7.907  -6.987 0.0000000000
38981  -22.014  -7.785  -6.870 0.0000000000
38082  -22.171  -7.933  -7.042 0.0000000000
38982  -22.358  -7.832  -6.978 0.0000000000
38083  -22.596  -7.966  -7.023 0.0000000000
38983  -22.846  -7.573  -7.013 0.0000000000
38995  -23.006  -7.611  -7.027 0.0000000000
38996  -23.003  -7.660  -7.010 0.0000000000
38973  -21.946  -7.548  -6.536 0.0000000000
38974  -22.095  -7.532  -6.613 0.0000000000
38975  -22.884  -7.427  -6.641 0.0000000000
38976  -23.013  -7.458  -6.680 0.0000000000
38984  -23.108  -7.412  -6.829 0.0000000000
39910  -22.795  -7.180  -6.048 0.0000000000
39911  -22.979  -7.163  -6.227 0.0000000000
39909  -22.092  -7.204  -6.144 0.0000000000
38967  -22.016  -7.283  -6.192 0.0000000000
39901  -22.060  -7.238  -6.032 0.0000000000
39902  -22.409  -7.193  -5.978 0.0000000000
39903  -22.998  -7.005  -6.012 0.0000000000
