#!ascii label  , from subject  vox2ras=TkReg
233
47201  -25.099  -4.443  -3.632 0.0000000000
47186  -24.988  -4.685  -3.187 0.0000000000
46243  -25.105  -4.970  -3.188 0.0000000000
46261  -25.154  -4.896  -3.710 0.0000000000
47218  -25.177  -4.419  -3.959 0.0000000000
47200  -25.015  -4.235  -3.623 0.0000000000
48112  -24.995  -3.991  -3.821 0.0000000000
48113  -25.050  -3.997  -3.948 0.0000000000
46285  -25.130  -4.993  -3.967 0.0000000000
47243  -25.346  -4.547  -4.136 0.0000000000
48128  -25.197  -4.010  -4.010 0.0000000000
47219  -25.316  -4.211  -4.011 0.0000000000
47244  -25.473  -4.169  -4.421 0.0000000000
48129  -25.343  -4.011  -4.041 0.0000000000
46304  -25.098  -4.985  -4.493 0.0000000000
47265  -25.166  -4.430  -4.887 0.0000000000
48157  -25.382  -4.017  -4.325 0.0000000000
47266  -25.306  -4.033  -4.729 0.0000000000
46324  -25.028  -4.912  -4.965 0.0000000000
47286  -25.043  -4.471  -5.085 0.0000000000
48180  -25.225  -3.996  -4.992 0.0000000000
48197  -25.147  -4.082  -5.080 0.0000000000
48181  -25.560  -4.014  -4.702 0.0000000000
46343  -24.983  -4.709  -4.919 0.0000000000
46342  -24.909  -4.731  -5.007 0.0000000000
47285  -24.996  -4.462  -5.150 0.0000000000
47299  -25.029  -4.330  -5.293 0.0000000000
48210  -25.060  -4.086  -5.440 0.0000000000
47298  -24.987  -4.306  -5.444 0.0000000000
48103  -24.993  -3.980  -3.654 0.0000000000
48111  -24.537  -3.895  -3.693 0.0000000000
48102  -24.695  -3.979  -3.633 0.0000000000
49048  -25.018  -3.835  -3.743 0.0000000000
49049  -25.029  -3.937  -3.945 0.0000000000
49067  -25.016  -3.886  -3.998 0.0000000000
48156  -25.168  -3.981  -4.139 0.0000000000
49091  -25.183  -3.781  -4.331 0.0000000000
49092  -25.539  -3.974  -4.270 0.0000000000
49116  -25.194  -3.783  -4.825 0.0000000000
49117  -25.574  -3.898  -4.492 0.0000000000
49134  -25.141  -3.725  -5.221 0.0000000000
48209  -24.996  -4.015  -5.524 0.0000000000
49149  -25.163  -3.704  -5.657 0.0000000000
48218  -24.757  -4.023  -5.894 0.0000000000
48219  -24.973  -3.958  -5.779 0.0000000000
49047  -24.485  -3.685  -3.762 0.0000000000
49066  -24.968  -3.661  -3.973 0.0000000000
49065  -24.130  -3.666  -3.976 0.0000000000
49974  -24.563  -3.499  -4.003 0.0000000000
49090  -25.096  -3.636  -4.147 0.0000000000
49987  -24.985  -3.307  -4.187 0.0000000000
49988  -25.018  -3.392  -4.483 0.0000000000
50013  -25.098  -3.347  -4.766 0.0000000000
50029  -25.166  -3.334  -5.010 0.0000000000
50043  -25.199  -3.288  -5.374 0.0000000000
49046  -24.009  -3.550  -3.861 0.0000000000
48110  -24.011  -3.843  -3.709 0.0000000000
48101  -24.094  -4.009  -3.607 0.0000000000
47185  -25.006  -4.402  -3.264 0.0000000000
47184  -24.301  -4.119  -3.384 0.0000000000
47183  -24.013  -4.309  -3.377 0.0000000000
47199  -23.998  -4.011  -3.779 0.0000000000
46355  -24.783  -4.852  -5.275 0.0000000000
47307  -24.564  -4.432  -5.871 0.0000000000
46242  -24.992  -4.805  -2.996 0.0000000000
47167  -24.645  -4.611  -3.027 0.0000000000
47166  -24.238  -4.568  -3.063 0.0000000000
47182  -23.756  -4.479  -3.215 0.0000000000
47165  -24.027  -4.523  -3.101 0.0000000000
47198  -23.970  -4.236  -3.812 0.0000000000
46227  -24.794  -4.808  -2.960 0.0000000000
46226  -24.310  -4.403  -2.998 0.0000000000
47164  -23.986  -4.597  -3.007 0.0000000000
46225  -23.989  -4.550  -3.012 0.0000000000
46224  -23.732  -4.713  -2.957 0.0000000000
46241  -23.730  -4.680  -3.027 0.0000000000
45418  -24.733  -5.009  -5.264 0.0000000000
46354  -24.471  -4.992  -5.673 0.0000000000
46363  -24.451  -4.982  -5.827 0.0000000000
45417  -24.567  -5.034  -5.399 0.0000000000
45426  -24.329  -5.073  -5.957 0.0000000000
46362  -24.346  -4.867  -5.987 0.0000000000
46323  -24.904  -4.837  -4.857 0.0000000000
45410  -24.783  -4.960  -5.000 0.0000000000
45393  -24.986  -5.004  -4.713 0.0000000000
45392  -24.927  -5.012  -4.767 0.0000000000
45354  -25.151  -5.112  -4.182 0.0000000000
45372  -25.136  -5.127  -4.448 0.0000000000
45328  -25.226  -5.018  -3.995 0.0000000000
45306  -25.017  -5.079  -3.356 0.0000000000
46228  -24.957  -4.985  -2.995 0.0000000000
45294  -25.045  -5.039  -3.003 0.0000000000
45293  -24.864  -4.959  -2.979 0.0000000000
46213  -24.670  -4.745  -2.721 0.0000000000
45280  -24.917  -4.968  -2.847 0.0000000000
46212  -24.013  -4.679  -2.547 0.0000000000
46211  -23.981  -4.720  -2.766 0.0000000000
46203  -24.210  -4.958  -2.227 0.0000000000
45272  -24.771  -4.981  -2.355 0.0000000000
46202  -23.995  -4.878  -2.163 0.0000000000
45271  -24.178  -5.009  -2.038 0.0000000000
46201  -23.939  -4.889  -2.221 0.0000000000
45270  -24.006  -4.927  -1.991 0.0000000000
44490  -24.409  -5.559  -5.952 0.0000000000
44500  -24.407  -5.149  -6.011 0.0000000000
45436  -24.418  -4.992  -6.011 0.0000000000
45409  -24.719  -5.097  -5.026 0.0000000000
44481  -24.431  -5.536  -5.278 0.0000000000
44475  -24.703  -5.454  -4.995 0.0000000000
44474  -24.552  -5.599  -5.040 0.0000000000
44459  -25.109  -5.215  -4.591 0.0000000000
44458  -24.950  -5.491  -4.514 0.0000000000
44440  -25.135  -5.390  -4.230 0.0000000000
44420  -25.139  -5.280  -4.052 0.0000000000
44398  -25.137  -5.293  -3.929 0.0000000000
44358  -25.119  -5.264  -2.986 0.0000000000
44374  -25.001  -5.526  -3.224 0.0000000000
45281  -25.025  -5.041  -2.930 0.0000000000
44349  -25.136  -5.348  -2.806 0.0000000000
44348  -25.009  -5.019  -2.860 0.0000000000
44338  -24.953  -5.178  -2.480 0.0000000000
45262  -24.345  -5.024  -2.013 0.0000000000
44329  -24.720  -5.308  -2.013 0.0000000000
45261  -24.135  -5.019  -1.979 0.0000000000
45260  -23.985  -4.925  -2.000 0.0000000000
44328  -24.365  -5.023  -1.977 0.0000000000
45253  -24.064  -5.036  -1.843 0.0000000000
44319  -24.288  -5.142  -1.684 0.0000000000
45252  -23.965  -5.061  -1.765 0.0000000000
44318  -24.010  -5.026  -1.646 0.0000000000
44499  -24.117  -5.428  -5.996 0.0000000000
45435  -24.310  -5.090  -6.141 0.0000000000
44489  -24.165  -5.698  -6.001 0.0000000000
43574  -24.101  -5.907  -6.042 0.0000000000
43585  -24.065  -6.016  -6.377 0.0000000000
44508  -24.075  -5.499  -6.567 0.0000000000
45444  -24.263  -5.099  -6.277 0.0000000000
43565  -24.179  -5.974  -5.570 0.0000000000
43575  -24.097  -5.963  -5.953 0.0000000000
43555  -24.423  -5.935  -5.037 0.0000000000
43545  -24.667  -5.880  -4.746 0.0000000000
43556  -24.498  -5.872  -5.000 0.0000000000
44439  -25.125  -5.630  -4.119 0.0000000000
43530  -24.939  -5.885  -4.084 0.0000000000
43511  -25.058  -5.636  -3.996 0.0000000000
43531  -25.111  -5.665  -3.990 0.0000000000
43493  -25.078  -5.871  -3.607 0.0000000000
43477  -25.123  -5.915  -3.058 0.0000000000
43461  -25.139  -5.769  -2.925 0.0000000000
44339  -25.135  -5.585  -2.578 0.0000000000
43447  -25.102  -5.861  -2.697 0.0000000000
43438  -25.015  -5.962  -2.405 0.0000000000
43437  -24.899  -5.825  -2.192 0.0000000000
44320  -24.800  -5.661  -1.664 0.0000000000
43429  -24.798  -5.887  -2.027 0.0000000000
42712  -24.072  -6.144  -6.254 0.0000000000
42723  -24.074  -6.151  -6.640 0.0000000000
43595  -24.019  -5.958  -6.869 0.0000000000
43564  -24.074  -5.975  -5.937 0.0000000000
42700  -24.062  -6.060  -5.978 0.0000000000
42693  -24.360  -6.018  -5.283 0.0000000000
42692  -24.037  -6.013  -5.549 0.0000000000
43544  -24.446  -5.942  -4.977 0.0000000000
42673  -24.516  -6.006  -5.013 0.0000000000
42685  -24.337  -6.001  -4.989 0.0000000000
42659  -24.824  -6.001  -4.254 0.0000000000
42674  -24.675  -5.995  -4.693 0.0000000000
43510  -24.870  -5.882  -3.872 0.0000000000
42640  -24.810  -5.996  -3.977 0.0000000000
43492  -24.900  -5.948  -3.816 0.0000000000
42621  -24.892  -6.132  -3.655 0.0000000000
42609  -25.088  -6.009  -3.176 0.0000000000
42622  -25.087  -6.041  -3.419 0.0000000000
42598  -25.007  -5.948  -3.004 0.0000000000
42582  -25.129  -6.020  -2.907 0.0000000000
43446  -24.886  -5.970  -2.400 0.0000000000
42581  -24.963  -6.082  -2.582 0.0000000000
42566  -24.902  -5.994  -2.121 0.0000000000
41812  -24.041  -6.416  -6.478 0.0000000000
41824  -24.074  -6.351  -6.926 0.0000000000
42735  -24.120  -6.038  -6.982 0.0000000000
41798  -24.035  -6.282  -6.004 0.0000000000
41780  -24.066  -6.279  -5.934 0.0000000000
42684  -24.181  -6.172  -5.238 0.0000000000
41769  -24.075  -6.323  -5.515 0.0000000000
42672  -24.104  -6.283  -5.041 0.0000000000
41760  -24.009  -6.456  -5.002 0.0000000000
42658  -24.498  -6.179  -4.423 0.0000000000
41748  -24.233  -6.370  -4.725 0.0000000000
41747  -24.002  -6.458  -4.908 0.0000000000
42639  -24.595  -6.167  -3.994 0.0000000000
41736  -24.322  -6.642  -4.174 0.0000000000
42620  -24.704  -6.318  -3.992 0.0000000000
41716  -24.190  -6.469  -3.976 0.0000000000
42608  -24.998  -6.132  -3.210 0.0000000000
41684  -24.774  -6.379  -3.160 0.0000000000
41697  -24.672  -6.666  -3.386 0.0000000000
41696  -24.270  -6.604  -3.771 0.0000000000
42597  -25.034  -6.019  -2.996 0.0000000000
41670  -24.867  -6.223  -2.973 0.0000000000
41656  -24.998  -6.131  -2.758 0.0000000000
41635  -24.911  -6.158  -2.346 0.0000000000
40875  -24.028  -6.701  -6.950 0.0000000000
40889  -23.949  -6.689  -6.985 0.0000000000
41835  -24.080  -6.404  -7.135 0.0000000000
42746  -24.178  -6.010  -7.011 0.0000000000
41811  -24.006  -6.534  -6.140 0.0000000000
40874  -23.811  -6.719  -6.528 0.0000000000
41797  -23.978  -6.439  -5.972 0.0000000000
40862  -23.643  -6.796  -6.120 0.0000000000
41779  -24.040  -6.551  -5.994 0.0000000000
41768  -23.984  -6.501  -5.337 0.0000000000
41759  -23.874  -6.525  -5.016 0.0000000000
41735  -24.013  -6.498  -4.259 0.0000000000
41683  -24.211  -6.570  -3.173 0.0000000000
41669  -24.283  -6.553  -2.997 0.0000000000
41655  -24.779  -6.603  -2.634 0.0000000000
40888  -23.825  -6.933  -7.004 0.0000000000
40899  -23.765  -6.933  -7.052 0.0000000000
40900  -24.043  -6.790  -7.141 0.0000000000
43613  -24.079  -5.945  -7.017 0.0000000000
44526  -24.044  -5.458  -7.002 0.0000000000
45454  -24.023  -5.084  -6.826 0.0000000000
46371  -24.395  -4.806  -6.047 0.0000000000
45445  -24.391  -4.995  -6.267 0.0000000000
46379  -24.137  -5.013  -6.751 0.0000000000
46380  -24.515  -4.865  -6.485 0.0000000000
47306  -24.515  -4.298  -6.007 0.0000000000
47315  -24.524  -4.273  -6.193 0.0000000000
47321  -24.520  -4.378  -6.955 0.0000000000
46389  -24.215  -4.744  -6.980 0.0000000000
48217  -24.620  -4.010  -5.984 0.0000000000
48228  -24.589  -3.969  -6.036 0.0000000000
