#!ascii label  , from subject  vox2ras=TkReg
148
1886  24.376  9.693  7.521 0.0000000000
1885  24.905  9.766  7.346 0.0000000000
1446  24.569  9.455  7.083 0.0000000000
1447  24.181  9.350  7.065 0.0000000000
1887  23.857  9.597  7.329 0.0000000000
1869  24.386  9.721  8.054 0.0000000000
1868  24.793  9.760  7.940 0.0000000000
1870  23.988  9.705  7.929 0.0000000000
1448  23.813  9.040  7.052 0.0000000000
1906  23.676  9.475  6.954 0.0000000000
1871  23.416  9.734  7.819 0.0000000000
1888  23.270  9.700  7.195 0.0000000000
2293  22.963  9.802  7.582 0.0000000000
2307  23.011  9.719  7.241 0.0000000000
1907  23.299  9.397  6.683 0.0000000000
1889  22.950  9.673  6.949 0.0000000000
2308  22.788  9.785  7.182 0.0000000000
1908  22.742  9.455  6.482 0.0000000000
2319  22.769  9.681  6.841 0.0000000000
1462  23.839  9.316  6.665 0.0000000000
1463  23.492  9.267  6.296 0.0000000000
1464  23.086  9.262  6.220 0.0000000000
1904  24.969  9.800  6.872 0.0000000000
1867  25.218  9.887  7.753 0.0000000000
1884  25.341  9.843  7.273 0.0000000000
1903  25.138  9.817  6.850 0.0000000000
1866  25.480  9.882  7.532 0.0000000000
1883  25.603  9.961  7.319 0.0000000000
1902  25.610  10.006  6.842 0.0000000000
1850  23.086  9.714  8.297 0.0000000000
1849  23.644  9.706  8.354 0.0000000000
2279  23.029  9.757  7.943 0.0000000000
1848  24.143  9.712  8.402 0.0000000000
1847  24.613  9.746  8.416 0.0000000000
1846  25.103  9.870  8.355 0.0000000000
2292  25.277  10.011  8.032 0.0000000000
2291  25.586  10.157  7.722 0.0000000000
1831  23.859  9.689  8.806 0.0000000000
1832  23.313  9.580  8.811 0.0000000000
1830  24.357  9.720  8.808 0.0000000000
1829  24.831  9.772  8.842 0.0000000000
1828  25.146  9.891  8.896 0.0000000000
2271  25.360  10.124  8.634 0.0000000000
2278  25.368  10.129  8.207 0.0000000000
1409  23.046  9.335  8.947 0.0000000000
1395  23.109  9.334  9.209 0.0000000000
1818  23.555  9.643  9.271 0.0000000000
1833  22.874  9.488  8.696 0.0000000000
1817  24.083  9.711  9.173 0.0000000000
1816  24.570  9.749  9.193 0.0000000000
1815  24.960  9.781  9.189 0.0000000000
1814  25.148  9.886  9.172 0.0000000000
2262  25.307  10.079  9.170 0.0000000000
1384  23.273  9.449  9.479 0.0000000000
1805  23.383  9.674  9.812 0.0000000000
1804  23.919  9.747  9.722 0.0000000000
1803  24.363  9.755  9.603 0.0000000000
1802  24.777  9.784  9.554 0.0000000000
1801  25.116  9.872  9.461 0.0000000000
1385  22.951  9.363  9.631 0.0000000000
1806  22.962  9.736  10.156 0.0000000000
1791  23.234  9.837  10.276 0.0000000000
1790  23.786  9.902  10.375 0.0000000000
1789  24.246  9.819  10.085 0.0000000000
1788  24.610  9.796  9.915 0.0000000000
2253  24.966  9.938  9.904 0.0000000000
2252  25.287  10.103  9.717 0.0000000000
1774  23.554  9.884  10.602 0.0000000000
2225  23.165  10.091  10.541 0.0000000000
2242  23.024  9.976  10.323 0.0000000000
1792  22.751  9.786  10.272 0.0000000000
1773  24.094  9.784  10.931 0.0000000000
2224  23.745  10.047  10.723 0.0000000000
2241  23.936  9.976  10.654 0.0000000000
2240  24.115  10.141  10.428 0.0000000000
2239  24.624  10.040  10.272 0.0000000000
1481  23.334  9.249  5.946 0.0000000000
1482  22.846  9.243  5.949 0.0000000000
1480  23.967  9.270  6.034 0.0000000000
1461  24.283  9.435  6.668 0.0000000000
1460  24.737  9.596  6.923 0.0000000000
1905  24.498  9.631  6.680 0.0000000000
1479  24.625  9.648  6.031 0.0000000000
1410  22.718  9.147  8.767 0.0000000000
1396  22.643  9.206  9.333 0.0000000000
1386  22.447  9.264  9.815 0.0000000000
1926  24.775  9.906  6.432 0.0000000000
1478  24.934  9.703  6.227 0.0000000000
1500  24.578  9.515  6.076 0.0000000000
1501  24.053  9.310  5.930 0.0000000000
1925  24.978  9.886  6.298 0.0000000000
1502  23.689  9.300  5.498 0.0000000000
1503  23.102  9.212  5.508 0.0000000000
1946  24.891  9.965  5.800 0.0000000000
1947  24.382  9.738  5.513 0.0000000000
1948  24.002  9.572  5.275 0.0000000000
1528  23.305  9.095  5.151 0.0000000000
1527  23.838  9.472  5.010 0.0000000000
1504  22.640  9.183  5.502 0.0000000000
1529  22.967  9.029  4.929 0.0000000000
1969  24.009  9.663  4.984 0.0000000000
1553  23.664  9.373  4.652 0.0000000000
1986  23.987  9.774  4.718 0.0000000000
1554  23.214  9.158  4.589 0.0000000000
1573  23.503  9.446  4.253 0.0000000000
1572  23.774  9.589  4.474 0.0000000000
1555  22.871  8.954  4.550 0.0000000000
1574  23.017  9.172  4.122 0.0000000000
1999  23.903  9.993  4.193 0.0000000000
2000  23.522  9.871  4.021 0.0000000000
1586  23.290  9.506  3.895 0.0000000000
1587  22.938  9.361  3.552 0.0000000000
2009  23.308  9.835  3.644 0.0000000000
1776  22.320  9.603  10.474 0.0000000000
1775  22.579  9.787  10.468 0.0000000000
1793  22.435  9.512  10.130 0.0000000000
2226  22.636  9.980  10.616 0.0000000000
2243  22.895  9.971  10.371 0.0000000000
1807  22.669  9.587  10.031 0.0000000000
1924  25.267  9.957  6.327 0.0000000000
1967  24.587  9.964  5.317 0.0000000000
1968  24.130  9.846  4.865 0.0000000000
2343  24.591  10.143  4.810 0.0000000000
1985  24.156  9.917  4.789 0.0000000000
2347  24.218  10.163  4.646 0.0000000000
2348  23.988  9.991  4.476 0.0000000000
2352  23.812  10.234  4.236 0.0000000000
2353  23.299  10.315  3.859 0.0000000000
2010  23.036  9.927  3.406 0.0000000000
2360  23.184  10.120  3.539 0.0000000000
2223  24.015  10.200  10.645 0.0000000000
2632  23.857  10.402  10.845 0.0000000000
2633  23.342  10.428  10.781 0.0000000000
2634  22.788  10.470  10.760 0.0000000000
2222  24.473  10.214  10.696 0.0000000000
2221  24.904  10.202  10.639 0.0000000000
2238  25.076  10.124  10.190 0.0000000000
2237  25.452  10.213  10.046 0.0000000000
2251  25.520  10.241  9.752 0.0000000000
2261  25.566  10.283  9.428 0.0000000000
2270  25.624  10.343  8.900 0.0000000000
2277  25.682  10.394  8.297 0.0000000000
2631  24.313  10.354  10.983 0.0000000000
2614  23.988  10.686  11.293 0.0000000000
2615  23.449  10.723  11.049 0.0000000000
2616  22.936  10.732  11.051 0.0000000000
2630  24.782  10.267  11.077 0.0000000000
2613  24.570  10.618  11.470 0.0000000000
