#!ascii label  , from subject  vox2ras=TkReg
156
3744  27.095  12.181  13.811 0.0000000000
3745  26.809  12.077  14.275 0.0000000000
3731  27.056  12.274  14.549 0.0000000000
4157  27.260  12.516  14.215 0.0000000000
3759  26.827  12.020  13.786 0.0000000000
3758  26.968  12.168  13.758 0.0000000000
4169  27.204  12.373  13.738 0.0000000000
3332  26.517  11.751  14.128 0.0000000000
3315  26.642  11.879  14.506 0.0000000000
3732  26.716  12.122  14.776 0.0000000000
3773  27.206  12.169  13.275 0.0000000000
3348  26.540  11.710  13.540 0.0000000000
3774  26.961  12.012  13.352 0.0000000000
3362  27.023  11.883  13.190 0.0000000000
3378  27.126  11.846  12.943 0.0000000000
3788  27.353  12.117  12.644 0.0000000000
4183  27.482  12.626  13.326 0.0000000000
3772  27.606  12.420  13.107 0.0000000000
3787  27.681  12.437  12.795 0.0000000000
3363  26.776  11.737  13.156 0.0000000000
4182  27.713  12.705  13.023 0.0000000000
4195  27.854  13.016  12.949 0.0000000000
3803  27.621  12.345  12.213 0.0000000000
4203  27.788  12.815  12.410 0.0000000000
3392  27.135  11.839  12.376 0.0000000000
3804  27.244  11.946  12.159 0.0000000000
3818  27.301  12.038  11.904 0.0000000000
3817  27.678  12.406  11.565 0.0000000000
4206  27.788  12.813  11.865 0.0000000000
4146  27.260  12.653  14.784 0.0000000000
4566  27.333  13.089  14.345 0.0000000000
4573  27.349  12.839  13.689 0.0000000000
4580  27.694  13.054  13.234 0.0000000000
4581  27.540  12.854  13.367 0.0000000000
4589  27.986  13.255  12.613 0.0000000000
4595  27.916  13.137  12.066 0.0000000000
4211  28.016  12.882  11.221 0.0000000000
4602  27.891  13.082  11.633 0.0000000000
4552  27.304  13.000  14.927 0.0000000000
5008  27.379  13.354  14.782 0.0000000000
5018  27.408  13.331  14.446 0.0000000000
4565  27.487  13.265  14.150 0.0000000000
4572  27.528  13.212  13.861 0.0000000000
5017  27.639  13.499  14.250 0.0000000000
5024  27.786  13.479  13.574 0.0000000000
5028  27.896  13.536  13.045 0.0000000000
5037  28.098  13.548  12.776 0.0000000000
4588  28.173  13.392  12.444 0.0000000000
4594  28.169  13.386  12.224 0.0000000000
5036  28.249  13.656  12.483 0.0000000000
5046  28.266  13.695  12.064 0.0000000000
4601  28.186  13.410  11.706 0.0000000000
5061  28.308  13.884  11.792 0.0000000000
4611  28.056  13.152  11.401 0.0000000000
4610  28.247  13.347  11.133 0.0000000000
5075  28.322  13.866  11.373 0.0000000000
4541  27.304  13.153  15.257 0.0000000000
5002  27.414  13.539  15.375 0.0000000000
5007  27.640  13.791  14.896 0.0000000000
5445  27.737  13.866  14.478 0.0000000000
5016  27.986  13.726  13.789 0.0000000000
5444  28.078  14.012  14.183 0.0000000000
5023  28.079  13.754  13.337 0.0000000000
5027  28.174  13.799  12.915 0.0000000000
5484  28.394  14.198  12.658 0.0000000000
5499  28.399  14.107  12.122 0.0000000000
5456  28.240  14.042  13.565 0.0000000000
5431  27.825  14.090  14.670 0.0000000000
5430  28.128  14.393  14.725 0.0000000000
5904  28.306  14.601  14.187 0.0000000000
5917  28.310  14.526  13.733 0.0000000000
5467  28.281  14.049  13.096 0.0000000000
5932  28.360  14.486  13.191 0.0000000000
5948  28.386  14.319  12.949 0.0000000000
5483  28.611  14.397  12.590 0.0000000000
5498  28.657  14.403  12.366 0.0000000000
5947  28.661  14.632  12.747 0.0000000000
5903  28.672  14.942  13.931 0.0000000000
5916  28.646  14.829  13.452 0.0000000000
5931  28.627  14.767  13.098 0.0000000000
6447  28.859  15.109  13.099 0.0000000000
5423  27.879  14.203  15.157 0.0000000000
5001  27.772  14.068  15.511 0.0000000000
4135  27.179  12.811  15.365 0.0000000000
4526  27.187  13.153  15.792 0.0000000000
3715  27.064  12.378  15.085 0.0000000000
4136  26.995  12.592  15.403 0.0000000000
4118  26.875  12.820  15.832 0.0000000000
4117  27.109  12.903  15.681 0.0000000000
3316  26.313  11.829  14.741 0.0000000000
3733  26.336  12.069  15.172 0.0000000000
3716  26.681  12.324  15.356 0.0000000000
3695  26.279  12.383  15.682 0.0000000000
3694  26.580  12.528  15.745 0.0000000000
3717  26.204  12.081  15.230 0.0000000000
4119  26.383  12.693  15.996 0.0000000000
3696  25.856  12.268  15.632 0.0000000000
4120  25.947  12.643  15.939 0.0000000000
3379  26.890  11.707  12.910 0.0000000000
3364  26.311  11.368  13.176 0.0000000000
3349  26.176  11.464  13.718 0.0000000000
3333  26.098  11.621  14.230 0.0000000000
3301  26.035  11.767  14.968 0.0000000000
3300  26.093  11.856  15.070 0.0000000000
3317  25.980  11.696  14.665 0.0000000000
3718  25.767  12.024  15.138 0.0000000000
3734  25.860  11.770  14.931 0.0000000000
3334  25.754  11.609  14.232 0.0000000000
3318  25.702  11.734  14.591 0.0000000000
3335  25.347  11.758  14.276 0.0000000000
3735  25.400  11.981  14.708 0.0000000000
3350  25.968  11.404  13.941 0.0000000000
3351  25.379  11.428  13.766 0.0000000000
3746  25.211  11.953  14.403 0.0000000000
3352  24.957  11.774  13.988 0.0000000000
3336  25.105  11.911  14.249 0.0000000000
3747  25.018  12.148  14.393 0.0000000000
3365  25.915  11.113  13.498 0.0000000000
2938  25.746  11.178  13.512 0.0000000000
2939  25.570  11.236  13.670 0.0000000000
2951  25.371  11.041  13.283 0.0000000000
3366  25.164  11.282  13.355 0.0000000000
3367  24.989  11.485  13.378 0.0000000000
3760  24.833  12.000  14.049 0.0000000000
3368  24.501  11.811  13.535 0.0000000000
3353  24.738  11.959  13.914 0.0000000000
3761  24.561  12.127  13.817 0.0000000000
2950  25.923  10.933  13.233 0.0000000000
2952  24.969  11.172  13.078 0.0000000000
3697  25.396  12.317  15.407 0.0000000000
4121  25.380  12.675  15.756 0.0000000000
3719  25.215  12.262  15.020 0.0000000000
4137  24.956  12.699  15.225 0.0000000000
3736  25.027  12.274  14.848 0.0000000000
3720  24.990  12.367  15.034 0.0000000000
4138  24.866  12.493  15.064 0.0000000000
4148  24.664  12.704  14.789 0.0000000000
4158  24.670  12.396  14.209 0.0000000000
4170  24.799  12.233  14.162 0.0000000000
3775  24.180  12.276  13.493 0.0000000000
4171  24.314  12.473  13.813 0.0000000000
4528  24.829  13.135  15.641 0.0000000000
4542  24.739  13.073  15.292 0.0000000000
4147  24.746  12.898  15.054 0.0000000000
4553  24.980  12.967  14.905 0.0000000000
4554  24.598  13.067  15.096 0.0000000000
4159  24.235  12.697  14.280 0.0000000000
4149  24.021  12.937  14.745 0.0000000000
4555  24.288  13.126  15.018 0.0000000000
4160  23.811  12.758  14.287 0.0000000000
4150  23.674  12.863  14.664 0.0000000000
4556  23.891  13.133  14.979 0.0000000000
4172  23.908  12.697  13.883 0.0000000000
4184  24.106  12.491  13.551 0.0000000000
4185  23.970  12.563  13.521 0.0000000000
4543  24.446  13.171  15.388 0.0000000000
