#!ascii label  , from subject  vox2ras=TkReg
353
5950  25.621  14.947  12.832 0.0000000000
5933  25.443  14.929  13.044 0.0000000000
5934  25.246  14.880  13.114 0.0000000000
5951  25.107  14.719  12.714 0.0000000000
6451  25.521  15.081  13.176 0.0000000000
6468  25.911  15.057  13.056 0.0000000000
5960  25.922  14.958  12.490 0.0000000000
5949  25.798  14.994  12.869 0.0000000000
5961  25.395  14.697  12.276 0.0000000000
6467  25.821  15.036  12.815 0.0000000000
5486  24.764  14.565  12.737 0.0000000000
5485  25.067  14.760  12.725 0.0000000000
5952  24.903  14.747  13.016 0.0000000000
5501  25.067  14.559  12.347 0.0000000000
5962  25.023  14.813  12.158 0.0000000000
5935  24.860  14.762  13.179 0.0000000000
5468  24.504  14.576  13.048 0.0000000000
6481  26.152  15.031  12.244 0.0000000000
5971  26.066  14.863  11.859 0.0000000000
5500  25.042  14.671  12.111 0.0000000000
5515  25.106  14.490  12.037 0.0000000000
5972  25.349  14.663  11.709 0.0000000000
6496  26.308  15.088  11.953 0.0000000000
5982  26.549  14.848  11.310 0.0000000000
5970  26.303  14.931  11.697 0.0000000000
5983  25.985  14.676  11.207 0.0000000000
6495  26.590  15.104  11.705 0.0000000000
5516  25.038  14.448  12.046 0.0000000000
5973  25.066  14.505  11.807 0.0000000000
5984  25.449  14.566  11.243 0.0000000000
5985  25.116  14.756  11.526 0.0000000000
5517  24.447  14.203  11.745 0.0000000000
5974  24.721  14.385  11.465 0.0000000000
5986  24.877  14.352  11.299 0.0000000000
5528  24.597  14.126  11.224 0.0000000000
6509  26.899  15.086  11.310 0.0000000000
5996  26.982  14.676  10.644 0.0000000000
5981  27.181  14.973  11.108 0.0000000000
5997  26.354  14.741  10.752 0.0000000000
5526  25.825  14.462  11.003 0.0000000000
5525  25.970  14.663  10.946 0.0000000000
5539  25.833  14.748  11.007 0.0000000000
5527  24.990  14.149  11.116 0.0000000000
5538  27.131  14.470  10.333 0.0000000000
5537  27.402  14.541  10.280 0.0000000000
5995  27.551  14.791  10.652 0.0000000000
6007  26.969  14.474  10.378 0.0000000000
6008  26.721  14.540  10.332 0.0000000000
5998  26.225  14.840  10.582 0.0000000000
6009  26.207  14.628  10.339 0.0000000000
5540  25.764  14.479  10.603 0.0000000000
5549  27.122  14.241  10.100 0.0000000000
5550  26.678  14.138  9.855 0.0000000000
5551  26.109  14.319  10.069 0.0000000000
6452  25.196  14.971  13.378 0.0000000000
6450  26.064  15.431  13.222 0.0000000000
6436  25.659  15.379  13.665 0.0000000000
6437  25.140  15.141  13.705 0.0000000000
5918  25.017  14.900  13.513 0.0000000000
6466  26.442  15.412  12.690 0.0000000000
6480  26.794  15.385  11.847 0.0000000000
6494  27.177  15.231  11.432 0.0000000000
6479  26.815  15.278  11.965 0.0000000000
6508  26.810  15.211  11.058 0.0000000000
5969  27.531  15.115  11.222 0.0000000000
6493  27.750  15.275  11.418 0.0000000000
7049  27.451  15.511  11.755 0.0000000000
5968  28.052  15.079  11.124 0.0000000000
5980  27.766  14.982  11.086 0.0000000000
6507  28.068  15.164  11.274 0.0000000000
6492  28.283  15.423  11.655 0.0000000000
7048  27.961  15.723  11.929 0.0000000000
6491  28.569  15.152  11.434 0.0000000000
6477  28.721  15.351  12.034 0.0000000000
6478  28.497  15.641  12.000 0.0000000000
7047  28.017  15.863  11.858 0.0000000000
6506  28.309  15.118  11.289 0.0000000000
6465  27.059  15.828  12.528 0.0000000000
7034  27.452  15.788  12.170 0.0000000000
7032  28.517  15.823  12.162 0.0000000000
6449  26.544  15.875  13.103 0.0000000000
6448  26.888  16.031  12.872 0.0000000000
7005  26.875  16.020  12.846 0.0000000000
7021  27.221  16.010  12.653 0.0000000000
6435  26.141  15.833  13.653 0.0000000000
6434  25.937  15.836  13.330 0.0000000000
6994  26.294  15.896  13.292 0.0000000000
7006  26.773  16.033  12.961 0.0000000000
6438  24.861  15.061  13.811 0.0000000000
6419  25.302  15.329  14.080 0.0000000000
6420  24.842  15.187  14.181 0.0000000000
6418  25.838  15.693  13.995 0.0000000000
6417  26.051  15.826  13.938 0.0000000000
6981  26.098  15.906  14.078 0.0000000000
6995  26.382  16.178  13.732 0.0000000000
6421  24.423  15.119  14.400 0.0000000000
5905  24.574  14.924  14.054 0.0000000000
6402  25.095  15.310  14.534 0.0000000000
6403  24.702  15.248  14.701 0.0000000000
6401  25.553  15.543  14.374 0.0000000000
6982  25.857  15.764  14.227 0.0000000000
6384  25.025  15.349  14.981 0.0000000000
6385  24.640  15.284  15.182 0.0000000000
6404  24.306  15.196  14.864 0.0000000000
6968  25.339  15.542  14.730 0.0000000000
6967  25.793  15.855  14.611 0.0000000000
6366  24.991  15.503  15.419 0.0000000000
6367  24.546  15.385  15.736 0.0000000000
6386  24.230  15.243  15.310 0.0000000000
6951  25.331  15.683  15.081 0.0000000000
6347  24.479  15.461  15.999 0.0000000000
6348  24.284  15.437  16.060 0.0000000000
6368  24.070  15.273  15.740 0.0000000000
6914  24.592  15.669  16.177 0.0000000000
6936  24.908  15.674  15.822 0.0000000000
6935  25.293  15.817  15.625 0.0000000000
6915  24.155  15.677  16.349 0.0000000000
6349  23.921  15.368  16.089 0.0000000000
6006  27.853  14.617  10.280 0.0000000000
5994  27.941  15.079  10.794 0.0000000000
5979  28.182  14.991  11.033 0.0000000000
5936  24.369  14.660  13.373 0.0000000000
5919  24.681  14.822  13.650 0.0000000000
5920  24.265  14.731  13.827 0.0000000000
5906  24.223  14.829  14.189 0.0000000000
5092  25.226  14.094  10.630 0.0000000000
5091  25.544  14.210  10.487 0.0000000000
5541  25.511  14.298  10.822 0.0000000000
5106  25.604  14.112  10.184 0.0000000000
5077  24.814  14.003  10.959 0.0000000000
5078  24.143  14.008  11.005 0.0000000000
5529  24.311  13.885  11.055 0.0000000000
5518  24.241  13.952  11.327 0.0000000000
5076  25.031  14.056  10.884 0.0000000000
5063  24.027  13.926  11.694 0.0000000000
5502  24.533  14.293  12.310 0.0000000000
5047  24.060  14.058  12.057 0.0000000000
5062  24.064  14.007  11.954 0.0000000000
5503  23.912  14.148  12.325 0.0000000000
5487  24.229  14.360  12.833 0.0000000000
5469  24.117  14.569  13.113 0.0000000000
5470  23.882  14.362  13.166 0.0000000000
5488  23.769  14.266  12.784 0.0000000000
5457  24.016  14.508  13.511 0.0000000000
5458  23.673  14.400  13.571 0.0000000000
5471  23.382  14.253  13.077 0.0000000000
5446  23.580  14.527  14.050 0.0000000000
5459  23.215  14.313  13.588 0.0000000000
5921  23.924  14.665  13.913 0.0000000000
5432  23.358  14.547  14.406 0.0000000000
5447  23.105  14.385  14.029 0.0000000000
5893  23.732  14.746  14.588 0.0000000000
5907  23.953  14.746  14.247 0.0000000000
5433  23.004  14.540  14.490 0.0000000000
5894  23.303  14.724  14.801 0.0000000000
5093  24.760  13.949  11.014 0.0000000000
5107  25.225  13.943  10.227 0.0000000000
5108  25.181  13.947  10.384 0.0000000000
5064  23.684  13.819  11.577 0.0000000000
5079  23.654  13.786  11.185 0.0000000000
5094  24.092  13.784  10.941 0.0000000000
5049  23.644  13.891  11.995 0.0000000000
5050  23.283  13.844  11.940 0.0000000000
5065  23.285  13.782  11.600 0.0000000000
5048  23.913  14.028  12.086 0.0000000000
5038  23.101  14.008  12.114 0.0000000000
5051  22.996  13.835  12.069 0.0000000000
5505  23.206  13.902  12.167 0.0000000000
5504  23.670  14.140  12.299 0.0000000000
5029  22.953  14.055  12.679 0.0000000000
5039  22.711  13.920  12.382 0.0000000000
5489  23.284  14.148  12.546 0.0000000000
5030  22.566  14.036  12.807 0.0000000000
5472  23.145  14.148  12.978 0.0000000000
5040  22.269  13.910  12.499 0.0000000000
5031  22.037  14.053  13.014 0.0000000000
5473  22.470  14.172  13.206 0.0000000000
5041  21.802  13.947  12.617 0.0000000000
5032  21.698  14.112  12.948 0.0000000000
5474  22.039  14.194  13.262 0.0000000000
5042  21.286  14.079  12.719 0.0000000000
5033  21.397  14.171  12.919 0.0000000000
5475  21.523  14.244  13.242 0.0000000000
5490  21.150  14.228  12.966 0.0000000000
5052  22.417  13.808  12.005 0.0000000000
5053  21.909  13.797  12.176 0.0000000000
5054  21.416  13.841  12.308 0.0000000000
5055  20.978  13.933  12.370 0.0000000000
5043  21.224  14.027  12.676 0.0000000000
5491  20.889  14.252  12.901 0.0000000000
5506  20.716  14.168  12.543 0.0000000000
5066  23.053  13.822  11.739 0.0000000000
4597  21.874  13.606  11.751 0.0000000000
4596  22.163  13.712  11.757 0.0000000000
5067  22.450  13.733  11.540 0.0000000000
4598  21.407  13.671  11.904 0.0000000000
4599  20.938  13.880  12.166 0.0000000000
5068  20.787  13.810  12.016 0.0000000000
5056  20.605  13.980  12.189 0.0000000000
5069  20.433  13.790  11.873 0.0000000000
5507  20.331  14.199  12.362 0.0000000000
5057  20.265  13.987  12.074 0.0000000000
5080  23.190  13.665  11.138 0.0000000000
5081  22.769  13.608  11.229 0.0000000000
4603  22.095  13.493  11.411 0.0000000000
5082  22.400  13.529  11.226 0.0000000000
4606  20.823  13.598  11.691 0.0000000000
5095  23.627  13.753  10.809 0.0000000000
4612  23.001  13.430  10.878 0.0000000000
5096  23.289  13.603  10.610 0.0000000000
4613  22.589  13.372  10.954 0.0000000000
5109  24.428  13.801  10.555 0.0000000000
5110  24.029  13.754  10.528 0.0000000000
5111  23.650  13.684  10.392 0.0000000000
4624  23.104  13.384  10.439 0.0000000000
4641  23.433  13.406  10.098 0.0000000000
4639  24.375  13.720  10.215 0.0000000000
4638  24.634  13.783  10.275 0.0000000000
4640  23.801  13.500  9.935 0.0000000000
5448  22.690  14.354  14.036 0.0000000000
5434  22.626  14.513  14.485 0.0000000000
5895  22.932  14.739  14.873 0.0000000000
5449  22.288  14.364  14.054 0.0000000000
5435  22.204  14.521  14.423 0.0000000000
5896  22.493  14.690  14.785 0.0000000000
5450  21.855  14.438  14.095 0.0000000000
5436  22.215  14.593  14.523 0.0000000000
5897  21.946  14.673  14.635 0.0000000000
5908  21.829  14.547  14.272 0.0000000000
5460  22.791  14.278  13.580 0.0000000000
5461  22.377  14.280  13.613 0.0000000000
5462  21.797  14.326  13.805 0.0000000000
5463  21.436  14.410  13.741 0.0000000000
5451  21.576  14.446  14.018 0.0000000000
5909  21.503  14.619  14.214 0.0000000000
5922  20.938  14.369  13.872 0.0000000000
5476  21.006  14.368  13.299 0.0000000000
5464  21.087  14.512  13.653 0.0000000000
5923  21.187  14.641  13.900 0.0000000000
5937  20.895  14.650  13.564 0.0000000000
5477  20.489  14.386  13.051 0.0000000000
5938  20.558  14.661  13.387 0.0000000000
5492  20.415  14.318  12.764 0.0000000000
5478  20.156  14.605  12.916 0.0000000000
5939  20.088  14.672  13.155 0.0000000000
5493  19.812  14.486  12.697 0.0000000000
5882  23.603  14.938  15.058 0.0000000000
6405  23.950  15.133  14.923 0.0000000000
5892  24.122  14.934  14.548 0.0000000000
5883  23.133  14.880  15.208 0.0000000000
5884  22.758  14.805  15.084 0.0000000000
5885  22.353  14.805  15.082 0.0000000000
5886  21.818  14.883  15.111 0.0000000000
5898  21.353  14.858  14.732 0.0000000000
5887  21.460  14.932  15.046 0.0000000000
6406  21.331  15.017  14.974 0.0000000000
5910  20.996  14.778  14.259 0.0000000000
5899  20.819  14.944  14.539 0.0000000000
6407  21.096  15.097  14.844 0.0000000000
5911  20.486  14.894  14.167 0.0000000000
5924  20.724  14.750  13.868 0.0000000000
5925  20.291  14.840  13.703 0.0000000000
6369  23.659  15.251  15.719 0.0000000000
6916  23.717  15.665  16.372 0.0000000000
6350  23.455  15.349  16.080 0.0000000000
6370  23.142  15.127  15.620 0.0000000000
6917  23.251  15.654  16.361 0.0000000000
6351  22.989  15.337  16.068 0.0000000000
6371  22.650  15.156  15.734 0.0000000000
6918  22.805  15.661  16.351 0.0000000000
6352  22.506  15.381  16.083 0.0000000000
6372  22.175  15.189  15.713 0.0000000000
6919  22.297  15.699  16.327 0.0000000000
6353  21.990  15.457  16.049 0.0000000000
6387  23.859  15.205  15.358 0.0000000000
6388  23.476  15.139  15.373 0.0000000000
5872  22.766  14.901  15.372 0.0000000000
5871  22.990  14.929  15.341 0.0000000000
5873  22.270  14.964  15.414 0.0000000000
5874  21.940  14.992  15.354 0.0000000000
6373  21.730  15.254  15.597 0.0000000000
6390  21.438  15.110  15.192 0.0000000000
6505  28.381  14.984  11.193 0.0000000000
6913  25.083  15.929  16.181 0.0000000000
6895  24.807  15.995  16.541 0.0000000000
6896  24.403  15.921  16.628 0.0000000000
6897  23.974  15.965  16.689 0.0000000000
6898  23.488  15.909  16.674 0.0000000000
6899  23.015  15.935  16.674 0.0000000000
6900  22.546  15.927  16.651 0.0000000000
6934  25.654  16.176  15.696 0.0000000000
6912  25.340  16.060  16.011 0.0000000000
6950  25.671  15.985  15.161 0.0000000000
6949  25.833  16.224  15.319 0.0000000000
7606  25.880  16.202  15.082 0.0000000000
7620  25.912  16.169  14.913 0.0000000000
6966  26.135  16.028  14.350 0.0000000000
7619  26.223  16.284  14.643 0.0000000000
7633  26.462  16.320  14.128 0.0000000000
7007  26.666  16.240  13.427 0.0000000000
7647  27.121  16.574  13.882 0.0000000000
7022  26.985  16.173  12.869 0.0000000000
7665  27.224  16.411  13.271 0.0000000000
7664  27.193  16.332  13.116 0.0000000000
7020  27.685  16.030  12.394 0.0000000000
7679  27.455  16.222  12.766 0.0000000000
7680  27.111  16.262  12.733 0.0000000000
7031  28.809  15.603  12.275 0.0000000000
7018  28.840  15.925  12.440 0.0000000000
7019  28.550  16.067  12.328 0.0000000000
7692  28.263  16.086  12.291 0.0000000000
7033  27.980  15.895  12.134 0.0000000000
7693  28.164  16.072  12.256 0.0000000000
7605  26.124  16.441  15.248 0.0000000000
8391  26.460  16.703  14.848 0.0000000000
7618  26.676  16.642  14.427 0.0000000000
7632  26.953  16.848  14.096 0.0000000000
7646  27.095  16.578  13.623 0.0000000000
7663  27.637  16.513  13.070 0.0000000000
7645  27.365  16.706  13.468 0.0000000000
7678  27.988  16.295  12.576 0.0000000000
7677  28.502  16.334  12.602 0.0000000000
7662  28.072  16.726  13.043 0.0000000000
7676  28.960  16.305  12.753 0.0000000000
7661  28.689  16.694  12.987 0.0000000000
7644  27.686  16.845  13.333 0.0000000000
7631  27.156  16.858  13.892 0.0000000000
8425  27.497  17.056  13.722 0.0000000000
8424  27.791  17.017  13.387 0.0000000000
8408  27.007  16.913  14.284 0.0000000000
8407  27.245  17.135  14.180 0.0000000000
8390  26.821  16.973  14.690 0.0000000000
6933  25.892  16.385  15.629 0.0000000000
7576  25.679  16.501  16.245 0.0000000000
7592  25.816  16.481  15.942 0.0000000000
7557  25.214  16.408  16.695 0.0000000000
7577  25.314  16.201  16.279 0.0000000000
7561  23.255  16.173  16.881 0.0000000000
7562  22.771  16.242  16.942 0.0000000000
7560  23.713  16.166  16.880 0.0000000000
7559  24.167  16.183  16.880 0.0000000000
7558  24.627  16.223  16.846 0.0000000000
6389  21.777  15.001  15.279 0.0000000000
4625  22.756  13.292  10.535 0.0000000000
4642  22.944  13.267  9.997 0.0000000000
4605  21.339  13.417  11.512 0.0000000000
4604  21.911  13.255  11.165 0.0000000000
7543  24.802  16.495  17.093 0.0000000000
7544  24.358  16.410  17.129 0.0000000000
7545  24.137  16.222  17.030 0.0000000000
7546  23.460  16.343  17.109 0.0000000000
7547  22.926  16.279  17.031 0.0000000000
8389  27.091  17.162  14.563 0.0000000000
