#!ascii label  , from subject  vox2ras=TkReg
125
46827  27.831  30.760  24.863 0.0000000000
46828  27.301  30.690  25.133 0.0000000000
45196  27.302  30.435  24.848 0.0000000000
45209  27.468  30.241  24.543 0.0000000000
46844  27.994  30.533  24.528 0.0000000000
46843  28.395  30.622  24.746 0.0000000000
46826  28.461  30.844  25.217 0.0000000000
48417  28.086  31.046  25.197 0.0000000000
48418  27.716  31.043  25.262 0.0000000000
45197  27.025  30.212  24.960 0.0000000000
46829  26.837  30.517  25.487 0.0000000000
48419  27.245  30.920  25.506 0.0000000000
45198  26.634  29.936  25.190 0.0000000000
46830  26.494  30.220  25.552 0.0000000000
46810  26.719  30.703  25.788 0.0000000000
46811  26.416  30.421  25.891 0.0000000000
48420  26.943  30.858  25.741 0.0000000000
45199  26.237  29.924  25.619 0.0000000000
46842  28.868  30.432  25.061 0.0000000000
46848  28.707  30.397  24.632 0.0000000000
46849  28.362  30.407  24.428 0.0000000000
46850  27.954  30.308  24.340 0.0000000000
45215  28.247  30.195  24.133 0.0000000000
45214  28.828  30.259  24.270 0.0000000000
45216  27.751  30.031  24.190 0.0000000000
48406  28.248  31.336  25.626 0.0000000000
48407  27.550  31.305  25.625 0.0000000000
48408  27.122  31.134  25.812 0.0000000000
48409  26.685  31.032  26.117 0.0000000000
48410  26.174  30.886  25.985 0.0000000000
48397  26.491  30.877  26.101 0.0000000000
50000  26.872  31.351  26.280 0.0000000000
50012  26.994  31.224  26.010 0.0000000000
50011  27.273  31.462  25.929 0.0000000000
50010  27.755  31.664  25.842 0.0000000000
46809  28.598  30.887  25.673 0.0000000000
48405  28.519  31.016  25.915 0.0000000000
48395  28.508  31.141  26.354 0.0000000000
48396  28.315  31.518  26.099 0.0000000000
50009  28.127  31.694  25.991 0.0000000000
46808  28.735  30.711  26.070 0.0000000000
48398  26.341  30.725  26.384 0.0000000000
50001  26.598  30.918  26.247 0.0000000000
49997  28.243  31.748  26.516 0.0000000000
46798  28.847  30.580  26.643 0.0000000000
48386  28.787  30.940  27.048 0.0000000000
49996  28.513  31.347  26.946 0.0000000000
46825  28.910  30.453  25.625 0.0000000000
46799  26.086  30.244  26.341 0.0000000000
45179  26.015  29.975  25.998 0.0000000000
45169  25.679  29.846  26.508 0.0000000000
45168  25.950  29.837  25.944 0.0000000000
46800  26.048  29.864  26.431 0.0000000000
46789  26.083  30.397  26.843 0.0000000000
46790  25.861  30.095  26.680 0.0000000000
45156  25.604  29.985  26.989 0.0000000000
46772  26.100  30.503  27.227 0.0000000000
45155  25.373  30.606  27.155 0.0000000000
46788  26.183  30.751  27.006 0.0000000000
48388  26.315  30.897  26.792 0.0000000000
46771  26.196  30.816  27.068 0.0000000000
48387  26.224  31.018  27.008 0.0000000000
45138  25.696  30.002  27.365 0.0000000000
45137  25.764  30.201  27.041 0.0000000000
46773  25.824  30.466  27.822 0.0000000000
48371  26.282  31.100  27.275 0.0000000000
48372  26.216  31.052  27.748 0.0000000000
43473  27.039  30.110  24.817 0.0000000000
43486  27.051  30.190  24.783 0.0000000000
45210  27.251  30.220  24.608 0.0000000000
45217  27.357  29.841  24.340 0.0000000000
43476  26.017  29.519  25.464 0.0000000000
43475  26.382  29.691  25.277 0.0000000000
45200  25.816  29.692  25.846 0.0000000000
43474  26.746  29.904  25.052 0.0000000000
45180  25.856  29.976  26.010 0.0000000000
43445  25.393  29.470  26.522 0.0000000000
43444  25.563  29.624  26.292 0.0000000000
45170  25.503  29.684  26.610 0.0000000000
45157  25.474  29.708  26.744 0.0000000000
43432  25.293  29.578  27.061 0.0000000000
43431  25.482  29.715  27.291 0.0000000000
43414  25.373  29.594  27.638 0.0000000000
43413  25.515  29.697  27.435 0.0000000000
45139  25.522  30.126  27.828 0.0000000000
41823  26.860  29.777  24.812 0.0000000000
41840  26.964  29.712  24.637 0.0000000000
43487  27.058  29.741  24.491 0.0000000000
41825  26.138  29.399  25.090 0.0000000000
41824  26.551  29.559  24.962 0.0000000000
43456  25.274  29.415  25.849 0.0000000000
41841  26.821  29.450  24.571 0.0000000000
41842  26.436  29.206  24.823 0.0000000000
43457  25.174  29.150  26.032 0.0000000000
41804  25.280  29.093  25.859 0.0000000000
43477  25.605  29.296  25.688 0.0000000000
45126  25.200  29.818  28.120 0.0000000000
46763  25.588  30.312  28.106 0.0000000000
46774  25.638  30.236  28.238 0.0000000000
46762  25.742  30.666  28.280 0.0000000000
48373  26.007  30.887  28.071 0.0000000000
49968  26.399  31.609  27.528 0.0000000000
49967  26.478  31.591  27.143 0.0000000000
48361  26.098  31.267  28.133 0.0000000000
49957  26.228  31.649  27.916 0.0000000000
49984  26.603  31.363  26.791 0.0000000000
49985  26.565  31.039  26.527 0.0000000000
51569  26.627  32.044  27.275 0.0000000000
51582  26.847  31.995  26.919 0.0000000000
51570  26.382  32.059  27.652 0.0000000000
51596  26.888  31.697  26.628 0.0000000000
49999  27.396  31.880  26.087 0.0000000000
51595  27.137  32.048  26.538 0.0000000000
49998  28.050  31.932  26.004 0.0000000000
53144  26.816  32.306  27.109 0.0000000000
51581  26.773  32.239  26.786 0.0000000000
53143  27.102  32.484  27.003 0.0000000000
51594  27.600  32.238  26.357 0.0000000000
53150  26.999  32.418  26.827 0.0000000000
53149  27.400  32.428  26.679 0.0000000000
53148  28.029  32.542  26.578 0.0000000000
53142  27.931  32.630  26.786 0.0000000000
51593  27.978  32.213  26.516 0.0000000000
53141  27.984  32.441  26.750 0.0000000000
51579  28.197  32.248  26.889 0.0000000000
