#!ascii label  , from subject  vox2ras=TkReg
225
36233  -24.930  27.632  32.186 0.0000000000
36220  -24.531  27.230  32.519 0.0000000000
36221  -25.139  27.214  32.250 0.0000000000
36234  -25.356  27.614  32.097 0.0000000000
37961  -24.525  27.642  32.266 0.0000000000
37973  -24.648  27.991  32.179 0.0000000000
37974  -25.144  27.967  32.043 0.0000000000
36222  -25.682  27.301  32.172 0.0000000000
36235  -25.656  27.661  32.093 0.0000000000
37975  -25.559  27.918  32.028 0.0000000000
37962  -25.912  27.805  32.137 0.0000000000
37960  -24.084  27.780  32.470 0.0000000000
37972  -24.308  28.149  32.253 0.0000000000
39693  -24.510  28.452  32.193 0.0000000000
39694  -24.957  28.319  32.050 0.0000000000
39695  -25.436  28.350  32.102 0.0000000000
39696  -25.730  28.132  32.083 0.0000000000
39676  -24.109  28.450  32.314 0.0000000000
41354  -24.371  28.941  32.343 0.0000000000
41375  -24.527  28.690  32.217 0.0000000000
41376  -24.729  28.677  32.165 0.0000000000
41377  -25.102  28.646  32.111 0.0000000000
39678  -25.929  28.456  32.083 0.0000000000
39677  -25.602  28.552  32.138 0.0000000000
41356  -25.442  28.860  32.173 0.0000000000
41353  -24.084  28.968  32.644 0.0000000000
41337  -23.878  29.057  32.753 0.0000000000
42978  -24.199  29.488  32.639 0.0000000000
42992  -24.617  29.480  32.356 0.0000000000
41355  -24.901  29.006  32.226 0.0000000000
42993  -25.118  29.427  32.263 0.0000000000
41357  -25.830  29.031  32.188 0.0000000000
42994  -25.564  29.417  32.238 0.0000000000
41358  -26.251  28.974  32.208 0.0000000000
42995  -25.938  29.415  32.247 0.0000000000
42977  -23.808  29.527  32.782 0.0000000000
44644  -23.981  29.913  32.813 0.0000000000
44645  -24.394  29.921  32.682 0.0000000000
44656  -24.999  30.041  32.456 0.0000000000
44657  -25.290  29.873  32.382 0.0000000000
44658  -25.726  29.894  32.381 0.0000000000
42996  -26.184  29.288  32.338 0.0000000000
44659  -25.827  29.862  32.518 0.0000000000
44643  -23.627  29.951  32.970 0.0000000000
46317  -23.828  30.207  33.073 0.0000000000
46318  -24.133  30.250  32.982 0.0000000000
46319  -24.600  30.402  32.855 0.0000000000
46338  -25.022  30.169  32.627 0.0000000000
46339  -25.426  30.203  32.626 0.0000000000
46340  -25.819  30.211  32.664 0.0000000000
46302  -23.459  30.446  33.269 0.0000000000
46303  -23.833  30.552  33.259 0.0000000000
46304  -24.182  30.603  33.194 0.0000000000
48069  -24.422  30.968  33.285 0.0000000000
48081  -24.850  30.718  33.079 0.0000000000
46320  -24.862  30.561  32.852 0.0000000000
48082  -25.196  30.759  33.078 0.0000000000
46321  -25.517  30.511  32.861 0.0000000000
48068  -23.881  31.036  33.390 0.0000000000
49798  -23.981  31.619  33.732 0.0000000000
49799  -24.542  31.441  33.452 0.0000000000
48070  -24.883  31.009  33.273 0.0000000000
49800  -24.963  31.294  33.346 0.0000000000
48071  -25.189  31.007  33.249 0.0000000000
48083  -25.555  30.869  33.093 0.0000000000
49801  -25.131  31.048  33.449 0.0000000000
49797  -23.450  31.507  33.645 0.0000000000
49786  -24.214  31.767  33.722 0.0000000000
49785  -23.882  31.908  33.698 0.0000000000
51458  -23.972  32.008  33.750 0.0000000000
51476  -23.731  32.126  33.744 0.0000000000
51475  -23.283  31.965  33.698 0.0000000000
51459  -24.513  31.870  33.724 0.0000000000
51477  -24.773  31.542  33.466 0.0000000000
51478  -24.968  31.628  33.528 0.0000000000
52994  -24.117  32.393  33.812 0.0000000000
53014  -24.153  32.580  33.774 0.0000000000
52995  -24.867  32.627  34.002 0.0000000000
51460  -24.952  32.020  33.827 0.0000000000
52996  -24.815  32.316  34.043 0.0000000000
51479  -25.322  31.847  33.561 0.0000000000
51461  -25.018  32.021  33.852 0.0000000000
51474  -23.006  32.204  33.756 0.0000000000
53012  -23.231  32.342  33.596 0.0000000000
53013  -23.465  32.496  33.709 0.0000000000
54404  -24.202  32.969  33.978 0.0000000000
54418  -24.119  33.084  33.935 0.0000000000
54405  -24.684  32.929  34.001 0.0000000000
53011  -22.677  32.447  33.621 0.0000000000
54415  -22.743  32.874  33.601 0.0000000000
54416  -23.140  32.941  33.664 0.0000000000
54417  -23.788  33.193  33.821 0.0000000000
54403  -22.357  32.796  33.660 0.0000000000
55917  -22.409  33.238  33.648 0.0000000000
55918  -22.833  33.383  33.674 0.0000000000
55919  -23.288  33.426  33.824 0.0000000000
55920  -23.779  33.382  33.987 0.0000000000
54402  -21.779  32.857  33.811 0.0000000000
52993  -22.339  32.378  33.690 0.0000000000
55906  -21.972  33.069  33.752 0.0000000000
54401  -21.681  32.778  33.847 0.0000000000
52992  -21.974  32.320  33.798 0.0000000000
55905  -21.739  33.185  33.811 0.0000000000
51473  -22.620  32.192  33.655 0.0000000000
51456  -22.458  31.900  33.716 0.0000000000
52991  -21.624  32.361  33.899 0.0000000000
51455  -21.879  32.116  33.875 0.0000000000
51457  -23.097  31.863  33.623 0.0000000000
49796  -23.203  31.247  33.548 0.0000000000
49784  -22.733  31.377  33.718 0.0000000000
49783  -22.306  31.428  33.785 0.0000000000
48067  -23.419  30.935  33.440 0.0000000000
48066  -23.035  30.953  33.580 0.0000000000
48054  -22.655  31.141  33.723 0.0000000000
49782  -21.877  31.355  33.918 0.0000000000
48053  -22.048  31.101  33.964 0.0000000000
48065  -22.786  30.882  33.644 0.0000000000
46301  -23.063  30.492  33.371 0.0000000000
46300  -22.494  30.443  33.595 0.0000000000
48052  -22.032  31.180  33.875 0.0000000000
46287  -22.126  30.710  33.773 0.0000000000
44628  -23.289  29.996  33.165 0.0000000000
44627  -22.914  29.994  33.277 0.0000000000
46299  -22.240  30.137  33.594 0.0000000000
44626  -22.494  29.904  33.363 0.0000000000
46286  -21.943  30.440  33.762 0.0000000000
44625  -22.065  29.859  33.571 0.0000000000
42976  -23.431  29.518  32.892 0.0000000000
42962  -23.156  29.510  33.147 0.0000000000
42961  -22.847  29.496  33.255 0.0000000000
42960  -22.429  29.415  33.296 0.0000000000
44624  -21.803  29.797  33.656 0.0000000000
42959  -21.983  29.333  33.407 0.0000000000
44604  -21.736  30.129  33.746 0.0000000000
41336  -23.679  29.132  32.764 0.0000000000
41335  -23.283  28.912  32.919 0.0000000000
41319  -23.060  29.137  33.192 0.0000000000
41318  -22.790  29.090  33.237 0.0000000000
41317  -22.417  28.904  33.255 0.0000000000
42958  -21.548  29.425  33.628 0.0000000000
41316  -22.034  29.037  33.275 0.0000000000
41352  -23.604  28.751  32.694 0.0000000000
39675  -23.731  28.388  32.499 0.0000000000
39674  -23.362  28.372  32.718 0.0000000000
41334  -23.004  28.732  33.063 0.0000000000
39662  -22.951  28.202  32.881 0.0000000000
41333  -22.791  28.715  33.125 0.0000000000
39661  -22.877  28.291  32.941 0.0000000000
39660  -22.619  28.472  33.096 0.0000000000
39648  -22.309  28.411  33.240 0.0000000000
41315  -21.453  29.020  33.584 0.0000000000
39647  -21.866  28.566  33.412 0.0000000000
37959  -23.502  27.978  32.662 0.0000000000
37958  -23.097  27.950  32.792 0.0000000000
37949  -23.128  27.846  32.915 0.0000000000
39649  -22.708  28.172  33.102 0.0000000000
37948  -22.863  28.006  33.000 0.0000000000
37940  -22.692  27.848  33.209 0.0000000000
37939  -22.188  27.923  33.401 0.0000000000
39640  -21.573  28.287  33.678 0.0000000000
37938  -21.917  27.887  33.613 0.0000000000
39646  -21.419  28.640  33.649 0.0000000000
39639  -21.111  28.317  33.993 0.0000000000
41303  -21.008  28.970  33.808 0.0000000000
37931  -21.523  27.926  33.870 0.0000000000
37951  -23.958  27.371  32.790 0.0000000000
36219  -24.134  27.351  32.711 0.0000000000
37950  -23.672  27.542  32.771 0.0000000000
36210  -24.050  27.163  33.006 0.0000000000
36209  -23.421  27.388  32.987 0.0000000000
37941  -22.871  27.803  33.109 0.0000000000
36208  -22.972  27.743  33.005 0.0000000000
36200  -23.056  27.369  33.264 0.0000000000
36199  -22.440  27.360  33.608 0.0000000000
36198  -21.974  27.674  33.754 0.0000000000
36197  -21.803  27.806  33.796 0.0000000000
37923  -21.647  27.828  33.793 0.0000000000
36189  -21.780  27.628  33.937 0.0000000000
37930  -21.164  28.082  33.887 0.0000000000
37922  -21.229  27.942  34.197 0.0000000000
36181  -21.696  27.375  34.306 0.0000000000
34525  -24.958  26.879  32.501 0.0000000000
34526  -25.418  26.767  32.434 0.0000000000
36211  -24.408  26.958  32.815 0.0000000000
34514  -24.713  26.704  32.803 0.0000000000
34513  -24.370  26.824  32.972 0.0000000000
36202  -24.162  26.840  33.220 0.0000000000
34502  -24.158  26.730  33.182 0.0000000000
36201  -23.598  27.088  33.193 0.0000000000
34501  -23.776  26.725  33.357 0.0000000000
34500  -23.276  26.957  33.414 0.0000000000
34499  -22.889  27.083  33.573 0.0000000000
36191  -22.368  27.162  33.859 0.0000000000
34488  -22.645  26.970  33.833 0.0000000000
36190  -22.074  27.289  33.969 0.0000000000
34487  -22.314  27.046  34.041 0.0000000000
36182  -22.057  27.174  34.149 0.0000000000
34473  -22.092  27.031  34.302 0.0000000000
34515  -25.078  26.609  32.668 0.0000000000
32751  -25.327  26.308  32.793 0.0000000000
32762  -25.799  26.416  32.617 0.0000000000
34527  -25.987  26.817  32.318 0.0000000000
32750  -24.989  26.433  32.821 0.0000000000
34503  -24.522  26.575  33.115 0.0000000000
32738  -24.895  26.230  33.103 0.0000000000
32737  -24.329  26.223  33.433 0.0000000000
32736  -24.029  26.469  33.394 0.0000000000
34490  -23.492  26.670  33.633 0.0000000000
32725  -23.875  26.258  33.798 0.0000000000
34489  -23.064  26.801  33.736 0.0000000000
32724  -23.425  26.555  33.814 0.0000000000
34475  -22.876  26.741  33.982 0.0000000000
32708  -23.296  26.506  34.016 0.0000000000
34474  -22.477  26.858  34.059 0.0000000000
34459  -23.049  26.625  34.186 0.0000000000
34458  -22.876  26.515  34.419 0.0000000000
32692  -23.230  26.358  34.457 0.0000000000
32726  -24.120  26.043  33.864 0.0000000000
30922  -24.416  25.890  33.757 0.0000000000
30923  -24.782  25.845  33.527 0.0000000000
30904  -24.225  25.855  34.002 0.0000000000
32709  -23.624  26.175  34.186 0.0000000000
30903  -23.956  25.951  34.062 0.0000000000
32693  -23.603  26.103  34.446 0.0000000000
30887  -23.815  25.928  34.365 0.0000000000
