#!ascii label  , from subject  vox2ras=TkReg
165
4451  -26.780  13.125  12.845 0.0000000000
4440  -26.657  13.151  13.169 0.0000000000
4030  -26.856  12.892  12.873 0.0000000000
4038  -26.663  12.872  12.737 0.0000000000
4463  -26.831  13.164  12.401 0.0000000000
4855  -26.842  13.404  12.877 0.0000000000
4046  -26.585  12.765  12.329 0.0000000000
4058  -26.635  12.799  11.935 0.0000000000
4476  -27.000  13.219  11.793 0.0000000000
4864  -27.060  13.577  12.534 0.0000000000
4464  -27.120  13.420  12.195 0.0000000000
4477  -27.280  13.540  11.935 0.0000000000
4865  -27.279  13.732  12.247 0.0000000000
4072  -26.729  12.882  11.419 0.0000000000
4487  -27.020  13.182  11.186 0.0000000000
4488  -27.389  13.593  11.422 0.0000000000
4875  -27.375  13.875  11.867 0.0000000000
4082  -26.802  12.788  10.841 0.0000000000
4497  -27.045  13.086  10.851 0.0000000000
4498  -27.462  13.413  10.819 0.0000000000
4884  -27.524  13.946  11.426 0.0000000000
4499  -27.665  13.750  11.091 0.0000000000
4489  -27.609  13.848  11.234 0.0000000000
4885  -27.843  13.833  11.063 0.0000000000
4083  -27.154  12.974  10.599 0.0000000000
4896  -27.649  13.977  10.907 0.0000000000
4844  -26.704  13.583  13.410 0.0000000000
5317  -27.077  13.805  12.972 0.0000000000
5327  -27.285  13.853  12.573 0.0000000000
5328  -27.418  14.160  12.305 0.0000000000
5337  -27.551  14.089  11.969 0.0000000000
5346  -27.530  14.281  11.331 0.0000000000
5302  -26.841  13.827  13.381 0.0000000000
5303  -27.263  14.199  13.231 0.0000000000
5318  -27.347  14.099  12.769 0.0000000000
5793  -27.590  14.560  12.787 0.0000000000
5805  -27.391  14.779  12.042 0.0000000000
5815  -27.324  14.568  11.591 0.0000000000
5778  -27.525  14.580  13.320 0.0000000000
5779  -27.880  15.049  13.216 0.0000000000
5794  -27.777  14.981  12.926 0.0000000000
6310  -27.673  14.969  12.546 0.0000000000
6294  -27.947  15.165  13.093 0.0000000000
6311  -28.038  15.192  12.954 0.0000000000
6280  -27.981  14.848  13.415 0.0000000000
6295  -28.244  15.003  13.022 0.0000000000
6312  -28.063  15.263  13.001 0.0000000000
6323  -27.392  15.198  12.210 0.0000000000
6324  -27.967  15.137  12.521 0.0000000000
6281  -28.144  15.322  13.462 0.0000000000
5766  -27.999  14.812  13.819 0.0000000000
5765  -27.848  14.953  13.759 0.0000000000
5289  -27.299  14.446  13.699 0.0000000000
5288  -26.909  14.035  13.777 0.0000000000
4834  -26.815  14.113  13.893 0.0000000000
5271  -27.035  14.246  14.207 0.0000000000
4824  -26.852  14.058  13.994 0.0000000000
4843  -26.277  13.599  13.912 0.0000000000
4439  -26.271  13.148  13.563 0.0000000000
4833  -26.492  13.828  14.080 0.0000000000
4428  -26.118  13.401  14.148 0.0000000000
4823  -26.576  13.820  14.385 0.0000000000
4417  -26.375  13.556  14.131 0.0000000000
4029  -26.345  12.681  13.203 0.0000000000
4438  -26.135  13.108  13.951 0.0000000000
4028  -26.186  12.862  13.594 0.0000000000
4427  -26.030  13.123  14.080 0.0000000000
4020  -26.042  12.611  13.766 0.0000000000
4416  -26.224  13.329  14.344 0.0000000000
4009  -25.896  12.872  14.386 0.0000000000
4081  -26.564  12.673  10.872 0.0000000000
3647  -26.412  12.277  10.764 0.0000000000
3648  -26.727  12.500  10.472 0.0000000000
4094  -26.888  12.857  10.251 0.0000000000
4071  -26.417  12.571  11.589 0.0000000000
3634  -26.310  12.254  11.320 0.0000000000
4057  -26.331  12.520  11.890 0.0000000000
3623  -26.185  12.224  11.760 0.0000000000
4045  -26.325  12.277  12.237 0.0000000000
4037  -26.333  12.547  12.571 0.0000000000
3615  -26.038  12.246  12.291 0.0000000000
3608  -26.072  12.269  12.867 0.0000000000
4021  -26.162  12.373  13.435 0.0000000000
3600  -25.966  12.085  13.102 0.0000000000
3592  -26.030  12.272  13.530 0.0000000000
4019  -25.739  12.388  14.084 0.0000000000
3591  -25.812  12.112  13.709 0.0000000000
3660  -26.513  12.386  10.144 0.0000000000
3661  -26.716  12.550  10.295 0.0000000000
3254  -26.196  11.943  11.155 0.0000000000
3261  -26.147  11.882  10.745 0.0000000000
3268  -26.199  11.937  10.246 0.0000000000
3248  -26.227  12.004  11.463 0.0000000000
3622  -25.865  12.062  11.923 0.0000000000
3247  -26.044  11.842  11.549 0.0000000000
3621  -25.644  12.011  11.843 0.0000000000
3246  -25.538  11.702  11.714 0.0000000000
3614  -25.774  12.133  12.332 0.0000000000
3613  -25.522  11.986  12.437 0.0000000000
3238  -25.294  11.685  12.286 0.0000000000
3607  -25.855  12.146  12.713 0.0000000000
3606  -25.668  12.033  12.663 0.0000000000
3223  -25.365  11.745  12.815 0.0000000000
3599  -25.834  11.970  13.032 0.0000000000
3224  -25.790  11.981  13.192 0.0000000000
3208  -25.581  11.775  13.330 0.0000000000
3580  -25.937  12.082  13.957 0.0000000000
3192  -25.612  11.814  13.837 0.0000000000
3590  -25.760  12.131  14.000 0.0000000000
3579  -25.634  12.027  14.185 0.0000000000
3174  -25.588  12.022  13.911 0.0000000000
3260  -25.962  11.724  10.496 0.0000000000
3267  -26.142  11.846  10.011 0.0000000000
3279  -26.013  11.742  9.794 0.0000000000
3280  -26.224  11.992  9.670 0.0000000000
2832  -25.787  11.553  10.246 0.0000000000
2836  -25.817  11.582  9.902 0.0000000000
3253  -25.821  11.649  11.081 0.0000000000
2825  -25.663  11.406  10.638 0.0000000000
3252  -25.432  11.414  11.321 0.0000000000
2817  -25.654  11.194  10.914 0.0000000000
2806  -25.121  11.295  11.667 0.0000000000
2816  -25.151  11.195  11.140 0.0000000000
2791  -25.103  11.488  12.211 0.0000000000
3237  -25.030  11.524  12.659 0.0000000000
2790  -24.911  11.271  12.267 0.0000000000
3222  -24.897  11.435  13.083 0.0000000000
2776  -24.751  11.276  12.846 0.0000000000
3207  -25.094  11.554  13.166 0.0000000000
3206  -24.884  11.488  13.062 0.0000000000
3191  -25.235  11.659  13.673 0.0000000000
3190  -24.807  11.391  13.568 0.0000000000
2764  -24.656  11.238  13.213 0.0000000000
3173  -25.446  11.744  14.040 0.0000000000
3172  -24.826  11.417  14.057 0.0000000000
2735  -24.529  11.212  13.962 0.0000000000
2750  -24.340  11.162  13.707 0.0000000000
2831  -25.428  11.250  10.182 0.0000000000
2835  -25.532  11.294  9.708 0.0000000000
2847  -25.802  11.541  9.584 0.0000000000
2824  -25.078  11.061  10.889 0.0000000000
2823  -24.993  10.871  10.839 0.0000000000
2830  -24.938  10.923  10.448 0.0000000000
2815  -24.852  10.996  11.390 0.0000000000
2805  -24.782  11.054  11.865 0.0000000000
2775  -24.508  10.920  12.598 0.0000000000
2789  -24.663  10.952  12.140 0.0000000000
2763  -24.284  10.947  13.209 0.0000000000
2749  -24.083  11.033  13.822 0.0000000000
2846  -25.648  11.355  9.219 0.0000000000
3294  -25.950  11.685  9.255 0.0000000000
3676  -26.354  12.419  9.547 0.0000000000
3295  -26.228  12.038  9.066 0.0000000000
3293  -25.837  11.258  9.203 0.0000000000
3306  -25.825  11.554  8.965 0.0000000000
3307  -25.990  11.915  8.703 0.0000000000
3691  -26.194  12.594  9.017 0.0000000000
3308  -26.143  12.036  8.846 0.0000000000
3703  -26.113  12.187  8.816 0.0000000000
2857  -25.661  11.397  8.698 0.0000000000
4093  -26.625  12.683  9.862 0.0000000000
4105  -26.593  12.761  9.504 0.0000000000
4106  -26.957  12.957  10.057 0.0000000000
4116  -26.431  13.029  9.234 0.0000000000
4117  -26.765  12.935  9.587 0.0000000000
