#!ascii label  , from subject  vox2ras=TkReg
320
4862  -23.463  13.905  11.964 0.0000000000
4871  -23.299  13.820  11.898 0.0000000000
4861  -23.192  13.990  12.309 0.0000000000
4872  -23.652  13.900  11.797 0.0000000000
5323  -23.495  14.206  12.423 0.0000000000
5324  -23.895  14.253  12.275 0.0000000000
4863  -23.851  14.116  11.979 0.0000000000
4873  -24.035  14.034  11.720 0.0000000000
5325  -24.157  14.272  12.096 0.0000000000
4475  -23.268  13.681  11.569 0.0000000000
4474  -22.998  13.646  11.734 0.0000000000
4870  -23.098  13.822  12.051 0.0000000000
4879  -23.457  13.750  11.546 0.0000000000
4880  -23.783  13.773  11.390 0.0000000000
5334  -24.254  14.264  12.029 0.0000000000
4881  -24.244  13.873  11.270 0.0000000000
4874  -24.437  14.117  11.542 0.0000000000
4882  -24.713  14.066  11.234 0.0000000000
5335  -24.837  14.380  11.691 0.0000000000
4484  -23.373  13.448  11.119 0.0000000000
4485  -23.982  13.650  10.957 0.0000000000
4486  -24.277  13.772  10.997 0.0000000000
4890  -24.516  13.853  11.018 0.0000000000
5342  -25.058  14.263  11.306 0.0000000000
4891  -24.996  13.975  10.880 0.0000000000
4883  -25.157  14.000  10.863 0.0000000000
4892  -25.200  13.933  10.713 0.0000000000
5343  -25.525  14.373  11.114 0.0000000000
4495  -24.454  13.675  10.669 0.0000000000
4496  -25.015  13.851  10.630 0.0000000000
4901  -25.043  13.862  10.445 0.0000000000
4902  -25.247  13.833  10.415 0.0000000000
4505  -24.867  13.580  10.206 0.0000000000
5313  -23.208  14.215  12.794 0.0000000000
5314  -23.736  14.416  12.776 0.0000000000
5315  -24.055  14.473  12.592 0.0000000000
5316  -24.364  14.514  12.427 0.0000000000
5326  -24.618  14.465  12.064 0.0000000000
5789  -24.759  14.752  12.587 0.0000000000
5800  -25.014  14.745  12.125 0.0000000000
5810  -25.177  14.722  11.892 0.0000000000
5336  -25.224  14.528  11.518 0.0000000000
5811  -25.638  14.749  11.588 0.0000000000
5788  -24.292  14.709  12.838 0.0000000000
5776  -24.536  14.848  13.045 0.0000000000
5777  -24.970  14.986  12.881 0.0000000000
5790  -25.290  14.942  12.548 0.0000000000
6292  -25.432  15.291  13.013 0.0000000000
6307  -25.581  15.164  12.621 0.0000000000
5801  -25.454  14.829  12.126 0.0000000000
5791  -25.686  15.060  12.356 0.0000000000
5802  -25.905  14.911  12.007 0.0000000000
6308  -25.938  15.352  12.601 0.0000000000
5792  -26.008  15.120  12.197 0.0000000000
6291  -24.728  15.026  13.160 0.0000000000
6278  -24.895  15.280  13.595 0.0000000000
6279  -25.241  15.503  13.699 0.0000000000
6839  -25.890  15.576  13.098 0.0000000000
6293  -25.853  15.573  12.891 0.0000000000
6840  -26.152  15.743  12.935 0.0000000000
6823  -25.577  15.794  13.740 0.0000000000
6824  -26.124  15.995  13.425 0.0000000000
6290  -24.336  14.915  13.229 0.0000000000
6277  -24.258  15.125  13.700 0.0000000000
5775  -24.038  14.773  13.311 0.0000000000
6263  -24.865  15.339  14.011 0.0000000000
6809  -25.181  15.766  14.196 0.0000000000
6262  -24.741  15.351  14.085 0.0000000000
5764  -23.862  14.867  13.737 0.0000000000
5763  -23.707  14.989  13.760 0.0000000000
6276  -23.986  15.165  14.127 0.0000000000
6261  -24.187  15.145  14.406 0.0000000000
5749  -24.124  15.034  14.214 0.0000000000
6260  -24.011  15.123  14.258 0.0000000000
6808  -24.983  15.563  13.883 0.0000000000
6247  -24.635  15.413  14.675 0.0000000000
6796  -25.024  15.587  14.245 0.0000000000
5750  -23.981  14.999  14.672 0.0000000000
5737  -23.999  15.060  14.889 0.0000000000
6246  -24.206  15.195  14.876 0.0000000000
5721  -23.923  15.059  15.119 0.0000000000
6232  -24.398  15.335  15.062 0.0000000000
5787  -24.099  14.795  13.061 0.0000000000
5774  -23.833  14.643  13.076 0.0000000000
5301  -23.686  14.671  13.568 0.0000000000
5287  -23.766  14.748  13.654 0.0000000000
5300  -23.506  14.450  13.327 0.0000000000
5286  -23.335  14.579  13.794 0.0000000000
5269  -23.476  14.758  14.257 0.0000000000
5736  -23.908  14.973  14.936 0.0000000000
5251  -23.594  14.822  14.585 0.0000000000
5720  -23.912  15.109  15.023 0.0000000000
5735  -23.462  14.839  14.862 0.0000000000
5719  -23.433  14.840  15.074 0.0000000000
5250  -23.239  14.724  14.593 0.0000000000
5702  -23.923  15.095  15.317 0.0000000000
6216  -24.354  15.521  15.543 0.0000000000
5701  -23.704  15.148  15.466 0.0000000000
5234  -22.884  14.727  15.154 0.0000000000
5718  -22.916  14.781  15.191 0.0000000000
5700  -23.209  14.958  15.474 0.0000000000
5233  -22.626  14.637  14.889 0.0000000000
5717  -22.462  14.748  15.271 0.0000000000
5699  -22.753  14.901  15.536 0.0000000000
5232  -22.077  14.598  15.096 0.0000000000
5716  -22.219  14.816  15.473 0.0000000000
5698  -22.304  14.920  15.629 0.0000000000
5231  -21.695  14.581  15.080 0.0000000000
5715  -21.373  14.926  15.452 0.0000000000
5697  -21.847  15.068  15.769 0.0000000000
5230  -21.205  14.611  15.088 0.0000000000
5714  -20.889  14.813  15.149 0.0000000000
5696  -21.510  15.067  15.701 0.0000000000
6213  -21.325  15.223  15.817 0.0000000000
6231  -21.063  15.189  15.548 0.0000000000
6230  -20.974  15.119  15.236 0.0000000000
5229  -20.771  14.584  14.985 0.0000000000
5245  -20.859  14.480  14.807 0.0000000000
5734  -20.661  14.730  15.002 0.0000000000
5713  -20.422  14.885  15.092 0.0000000000
6229  -20.541  15.096  15.291 0.0000000000
5733  -20.383  14.710  14.838 0.0000000000
5712  -20.034  14.905  14.988 0.0000000000
6228  -19.869  15.007  15.015 0.0000000000
5732  -19.959  14.691  14.600 0.0000000000
6245  -19.716  15.065  14.861 0.0000000000
6215  -23.983  15.325  15.635 0.0000000000
5684  -23.426  15.166  15.742 0.0000000000
6200  -23.870  15.447  15.971 0.0000000000
5683  -23.233  15.062  15.770 0.0000000000
5682  -22.607  15.086  15.818 0.0000000000
5681  -22.203  15.118  15.865 0.0000000000
5680  -21.981  15.016  15.811 0.0000000000
6196  -22.013  15.197  15.976 0.0000000000
6214  -21.844  15.106  15.829 0.0000000000
6199  -23.232  15.283  16.185 0.0000000000
6198  -22.843  15.095  15.972 0.0000000000
6197  -22.448  15.239  16.086 0.0000000000
4854  -22.932  14.050  12.625 0.0000000000
5312  -22.820  14.113  12.902 0.0000000000
5299  -22.940  14.242  13.231 0.0000000000
4853  -22.621  13.897  12.747 0.0000000000
5298  -22.463  14.049  13.190 0.0000000000
5285  -22.995  14.340  13.757 0.0000000000
5284  -22.555  14.236  13.619 0.0000000000
4842  -22.345  13.866  12.995 0.0000000000
4841  -22.056  13.829  13.191 0.0000000000
5297  -22.196  13.970  13.367 0.0000000000
5283  -22.219  14.090  13.565 0.0000000000
4832  -22.029  13.928  13.566 0.0000000000
5268  -23.163  14.461  14.022 0.0000000000
5267  -22.659  14.323  14.081 0.0000000000
5266  -22.136  14.180  14.010 0.0000000000
4821  -22.030  14.045  13.758 0.0000000000
5249  -22.824  14.538  14.506 0.0000000000
5248  -22.403  14.394  14.526 0.0000000000
4820  -21.828  14.013  13.863 0.0000000000
5265  -21.655  14.180  14.270 0.0000000000
5247  -21.936  14.345  14.632 0.0000000000
4819  -21.417  13.945  13.979 0.0000000000
5264  -21.170  14.187  14.343 0.0000000000
5246  -21.425  14.362  14.743 0.0000000000
4818  -20.933  13.927  14.005 0.0000000000
5263  -20.715  14.163  14.247 0.0000000000
4817  -20.466  14.008  13.985 0.0000000000
5262  -20.340  14.169  14.079 0.0000000000
5244  -20.328  14.406  14.469 0.0000000000
5282  -20.099  14.148  13.878 0.0000000000
5261  -19.967  14.403  14.199 0.0000000000
5243  -20.077  14.488  14.426 0.0000000000
5748  -19.676  14.704  14.291 0.0000000000
5281  -19.748  14.259  13.784 0.0000000000
5762  -19.596  14.634  13.964 0.0000000000
4860  -22.909  13.833  12.258 0.0000000000
4462  -22.679  13.677  12.035 0.0000000000
4859  -22.527  13.743  12.363 0.0000000000
4461  -22.195  13.473  12.117 0.0000000000
4852  -22.215  13.751  12.721 0.0000000000
4450  -21.931  13.620  12.594 0.0000000000
4851  -21.891  13.719  12.918 0.0000000000
4449  -21.525  13.459  12.708 0.0000000000
4840  -21.532  13.680  13.143 0.0000000000
4831  -21.684  13.818  13.550 0.0000000000
4437  -21.198  13.595  12.981 0.0000000000
4839  -21.223  13.625  13.146 0.0000000000
4830  -21.140  13.725  13.467 0.0000000000
4436  -21.015  13.517  13.044 0.0000000000
4426  -20.952  13.605  13.199 0.0000000000
4425  -20.725  13.664  13.332 0.0000000000
4829  -20.628  13.811  13.715 0.0000000000
4424  -20.353  13.766  13.494 0.0000000000
4828  -20.179  13.993  13.736 0.0000000000
4838  -20.001  13.811  13.390 0.0000000000
4827  -19.846  13.966  13.604 0.0000000000
4837  -19.677  13.844  13.248 0.0000000000
4826  -19.479  14.027  13.449 0.0000000000
4494  -23.881  13.308  10.525 0.0000000000
4504  -24.329  13.367  10.285 0.0000000000
4080  -23.579  13.142  10.439 0.0000000000
4493  -23.499  13.241  10.683 0.0000000000
4090  -23.922  13.072  10.115 0.0000000000
4503  -24.048  13.107  10.115 0.0000000000
4079  -23.209  13.105  10.669 0.0000000000
4070  -22.919  13.186  10.985 0.0000000000
4483  -22.783  13.295  11.316 0.0000000000
4069  -22.548  13.066  11.075 0.0000000000
4482  -22.333  13.168  11.296 0.0000000000
4473  -22.514  13.381  11.692 0.0000000000
4068  -22.201  12.948  11.094 0.0000000000
4481  -22.081  12.994  11.198 0.0000000000
4472  -21.988  13.233  11.549 0.0000000000
4067  -21.924  12.878  11.126 0.0000000000
4056  -21.614  13.000  11.496 0.0000000000
4471  -21.544  13.168  11.790 0.0000000000
4460  -21.750  13.346  12.137 0.0000000000
4055  -21.148  12.960  11.736 0.0000000000
4459  -21.244  13.211  12.111 0.0000000000
4044  -21.089  13.080  11.940 0.0000000000
4043  -20.927  13.043  11.998 0.0000000000
4458  -21.237  13.140  12.094 0.0000000000
4448  -21.197  13.387  12.843 0.0000000000
4036  -20.847  13.148  12.249 0.0000000000
4447  -20.772  13.277  12.633 0.0000000000
4035  -20.548  13.124  12.318 0.0000000000
4446  -20.105  13.390  12.691 0.0000000000
4435  -20.724  13.455  12.985 0.0000000000
4457  -19.813  13.057  12.175 0.0000000000
4434  -20.308  13.655  13.135 0.0000000000
4850  -19.927  13.751  13.063 0.0000000000
4456  -19.734  13.190  12.140 0.0000000000
4445  -19.388  13.514  12.551 0.0000000000
4849  -19.546  13.814  13.058 0.0000000000
4089  -23.450  12.925  10.223 0.0000000000
4102  -23.754  12.832  9.813 0.0000000000
4103  -24.279  13.020  9.746 0.0000000000
4091  -24.329  13.168  9.903 0.0000000000
4088  -22.996  12.819  10.326 0.0000000000
4101  -23.195  12.700  9.811 0.0000000000
3659  -22.632  12.645  10.180 0.0000000000
3646  -22.625  12.786  10.553 0.0000000000
4078  -23.015  13.105  10.833 0.0000000000
4100  -23.050  12.682  9.817 0.0000000000
4077  -22.226  12.914  11.154 0.0000000000
3645  -22.315  12.686  10.565 0.0000000000
4076  -22.098  12.808  10.942 0.0000000000
3644  -21.817  12.555  10.762 0.0000000000
3633  -21.674  12.708  10.963 0.0000000000
4066  -21.435  12.785  11.278 0.0000000000
3632  -21.262  12.562  10.948 0.0000000000
4065  -20.986  12.698  11.315 0.0000000000
4054  -20.701  12.819  11.668 0.0000000000
4042  -20.418  12.928  12.007 0.0000000000
3643  -21.550  12.391  10.595 0.0000000000
4104  -24.666  13.223  9.771 0.0000000000
4092  -24.704  13.335  9.981 0.0000000000
4041  -20.011  12.914  12.004 0.0000000000
5280  -19.344  14.383  13.665 0.0000000000
5731  -19.475  14.913  14.529 0.0000000000
5747  -19.334  14.831  14.167 0.0000000000
5761  -19.184  14.725  13.879 0.0000000000
6195  -21.347  15.272  15.988 0.0000000000
6180  -21.640  15.556  16.439 0.0000000000
6181  -22.194  15.476  16.520 0.0000000000
6182  -22.984  15.662  16.648 0.0000000000
6183  -23.132  15.533  16.476 0.0000000000
6212  -21.051  15.367  15.994 0.0000000000
6194  -20.912  15.523  16.097 0.0000000000
6227  -19.583  15.357  15.173 0.0000000000
6209  -19.760  15.276  15.401 0.0000000000
6210  -20.227  15.293  15.532 0.0000000000
6211  -20.574  15.301  15.694 0.0000000000
6244  -19.205  15.381  14.746 0.0000000000
6259  -19.167  15.080  14.340 0.0000000000
6784  -19.215  15.733  15.154 0.0000000000
6795  -19.066  15.733  14.948 0.0000000000
6258  -18.894  15.357  14.342 0.0000000000
6243  -19.005  15.464  14.623 0.0000000000
6794  -18.879  15.703  14.717 0.0000000000
6772  -19.531  15.847  15.634 0.0000000000
6193  -20.527  15.520  16.121 0.0000000000
6192  -20.223  15.546  15.905 0.0000000000
6773  -20.119  15.504  15.862 0.0000000000
6179  -21.041  15.650  16.261 0.0000000000
6178  -20.930  15.631  16.323 0.0000000000
6759  -20.740  15.675  16.292 0.0000000000
6757  -19.982  15.913  16.095 0.0000000000
6758  -20.460  15.812  16.291 0.0000000000
6742  -22.463  15.907  17.006 0.0000000000
6743  -22.909  15.841  16.924 0.0000000000
6741  -21.967  15.987  16.981 0.0000000000
6740  -21.347  15.969  16.672 0.0000000000
6739  -20.779  15.982  16.583 0.0000000000
5746  -19.009  14.920  14.051 0.0000000000
6726  -21.065  15.971  16.707 0.0000000000
6727  -21.029  16.173  16.781 0.0000000000
7420  -20.755  16.421  16.863 0.0000000000
7437  -20.644  16.280  16.727 0.0000000000
6738  -20.261  16.071  16.327 0.0000000000
7436  -20.365  16.438  16.696 0.0000000000
6737  -20.032  16.033  16.207 0.0000000000
7435  -20.189  16.179  16.420 0.0000000000
7454  -19.741  16.385  16.213 0.0000000000
6756  -19.749  16.001  15.955 0.0000000000
7453  -19.578  16.275  15.978 0.0000000000
7464  -19.278  16.330  15.741 0.0000000000
6771  -19.167  15.952  15.323 0.0000000000
7463  -19.129  16.182  15.454 0.0000000000
6783  -18.855  15.988  15.039 0.0000000000
8115  -20.117  16.891  16.906 0.0000000000
8136  -19.766  16.684  16.429 0.0000000000
7419  -20.420  16.694  16.890 0.0000000000
8116  -20.133  16.898  16.945 0.0000000000
8135  -19.469  16.790  16.249 0.0000000000
8154  -19.271  16.629  15.936 0.0000000000
7476  -18.867  16.297  15.289 0.0000000000
8153  -18.942  16.724  15.697 0.0000000000
7487  -18.845  16.037  15.161 0.0000000000
8170  -18.661  16.669  15.331 0.0000000000
7475  -18.626  16.412  15.094 0.0000000000
8114  -19.753  16.843  16.506 0.0000000000
