#!ascii label  , from subject  vox2ras=TkReg
214
36365  -19.265  27.425  27.734 0.0000000000
34674  -19.543  26.986  27.775 0.0000000000
34673  -18.997  26.922  27.599 0.0000000000
36364  -18.830  27.491  27.518 0.0000000000
36366  -19.684  27.360  27.912 0.0000000000
38116  -19.055  27.922  27.678 0.0000000000
38117  -19.506  27.797  27.772 0.0000000000
36354  -19.852  27.275  28.119 0.0000000000
34675  -19.894  26.883  27.983 0.0000000000
38105  -19.777  27.743  28.105 0.0000000000
38094  -19.967  27.973  28.578 0.0000000000
36332  -19.986  27.401  28.368 0.0000000000
39808  -19.748  28.272  28.129 0.0000000000
39824  -19.652  28.081  27.888 0.0000000000
38115  -18.742  28.006  27.357 0.0000000000
39822  -18.993  28.403  27.600 0.0000000000
39823  -19.338  28.236  27.737 0.0000000000
39800  -19.780  28.521  28.428 0.0000000000
41469  -19.559  28.743  28.089 0.0000000000
41488  -19.574  28.454  27.834 0.0000000000
39821  -18.597  28.590  27.367 0.0000000000
41486  -18.811  28.938  27.525 0.0000000000
41487  -19.202  28.760  27.768 0.0000000000
41459  -19.661  28.895  28.500 0.0000000000
41468  -19.304  28.999  27.983 0.0000000000
41458  -19.455  29.080  28.212 0.0000000000
41485  -18.353  29.081  27.316 0.0000000000
43107  -18.694  29.227  27.729 0.0000000000
43108  -18.965  29.100  27.717 0.0000000000
43109  -19.128  29.115  27.868 0.0000000000
43106  -18.098  29.311  27.513 0.0000000000
43088  -18.813  29.401  27.931 0.0000000000
44769  -18.147  29.806  27.929 0.0000000000
43089  -18.832  29.392  27.832 0.0000000000
43090  -19.019  29.292  27.906 0.0000000000
39820  -18.167  28.892  27.231 0.0000000000
41484  -18.168  28.917  27.205 0.0000000000
41446  -20.076  28.991  28.959 0.0000000000
39784  -19.968  28.687  28.766 0.0000000000
41445  -19.854  29.127  28.775 0.0000000000
43079  -19.286  29.362  28.358 0.0000000000
41447  -20.192  28.960  29.020 0.0000000000
43068  -19.835  29.417  28.988 0.0000000000
43069  -19.974  29.264  29.021 0.0000000000
43067  -19.687  29.592  29.050 0.0000000000
38114  -18.510  28.201  27.309 0.0000000000
39839  -18.224  28.446  27.113 0.0000000000
39838  -17.931  28.789  27.087 0.0000000000
38067  -19.934  28.377  28.649 0.0000000000
38068  -20.260  28.243  28.840 0.0000000000
39785  -20.396  28.525  29.047 0.0000000000
36378  -18.652  27.730  27.325 0.0000000000
38131  -18.720  27.901  27.163 0.0000000000
38130  -18.360  27.972  27.095 0.0000000000
36333  -20.439  27.486  28.644 0.0000000000
38095  -20.597  27.856  28.905 0.0000000000
38069  -20.798  28.000  29.080 0.0000000000
36363  -18.628  27.335  27.301 0.0000000000
36377  -18.434  27.542  27.156 0.0000000000
34695  -18.465  26.921  27.148 0.0000000000
34710  -18.165  27.077  26.823 0.0000000000
36392  -18.200  27.566  26.899 0.0000000000
34672  -18.725  27.013  27.379 0.0000000000
34647  -20.056  26.990  28.152 0.0000000000
34621  -20.795  27.185  28.365 0.0000000000
34620  -20.271  27.050  28.206 0.0000000000
36334  -20.905  27.643  28.801 0.0000000000
32923  -18.260  26.467  26.728 0.0000000000
32922  -17.947  26.698  26.463 0.0000000000
34709  -17.851  27.115  26.604 0.0000000000
36391  -17.957  27.399  26.669 0.0000000000
34725  -17.664  26.989  26.236 0.0000000000
34696  -18.751  26.720  27.290 0.0000000000
32900  -18.687  26.371  27.066 0.0000000000
32877  -20.047  26.425  27.666 0.0000000000
32876  -19.958  26.634  27.807 0.0000000000
34676  -20.287  26.718  27.889 0.0000000000
32875  -19.328  26.589  27.593 0.0000000000
32901  -19.011  26.386  27.291 0.0000000000
34648  -20.552  26.889  28.084 0.0000000000
34649  -21.017  26.883  28.031 0.0000000000
34622  -20.895  27.312  27.975 0.0000000000
31126  -18.814  25.880  26.859 0.0000000000
31145  -18.310  25.871  26.309 0.0000000000
32935  -17.999  26.310  26.287 0.0000000000
32934  -17.791  26.443  26.063 0.0000000000
31102  -18.846  25.950  26.977 0.0000000000
31103  -19.319  25.929  27.133 0.0000000000
32902  -19.413  26.287  27.412 0.0000000000
31101  -18.928  26.231  27.068 0.0000000000
31082  -19.818  26.092  27.366 0.0000000000
31083  -19.877  26.033  27.364 0.0000000000
32878  -20.461  26.307  27.547 0.0000000000
31081  -19.622  26.164  27.376 0.0000000000
29429  -18.552  25.278  25.973 0.0000000000
29428  -18.309  25.605  26.043 0.0000000000
31146  -18.534  25.559  26.193 0.0000000000
29451  -18.241  25.530  25.748 0.0000000000
31161  -18.069  25.917  26.015 0.0000000000
31127  -18.807  25.802  26.733 0.0000000000
31144  -17.980  26.053  26.111 0.0000000000
31160  -17.890  25.920  25.882 0.0000000000
29403  -19.037  25.434  26.606 0.0000000000
29402  -18.728  25.424  26.262 0.0000000000
31128  -18.839  25.895  26.963 0.0000000000
29381  -19.527  25.521  26.885 0.0000000000
29380  -18.987  25.894  26.989 0.0000000000
31104  -19.874  25.726  27.118 0.0000000000
31105  -20.269  25.715  27.095 0.0000000000
31084  -20.504  25.993  27.260 0.0000000000
29404  -19.609  25.145  26.634 0.0000000000
27698  -19.275  25.007  26.299 0.0000000000
29430  -18.981  24.982  26.067 0.0000000000
29382  -19.852  25.383  26.810 0.0000000000
29405  -20.094  24.985  26.484 0.0000000000
29383  -20.292  25.570  26.891 0.0000000000
29406  -20.516  25.261  26.763 0.0000000000
31106  -20.667  25.830  27.100 0.0000000000
29384  -20.678  25.610  26.914 0.0000000000
29407  -21.236  25.431  26.822 0.0000000000
31107  -21.220  25.809  26.934 0.0000000000
32879  -20.922  26.231  27.318 0.0000000000
32903  -20.996  25.991  27.122 0.0000000000
31129  -21.309  25.762  26.726 0.0000000000
32904  -21.214  26.144  26.996 0.0000000000
31108  -21.399  26.053  26.856 0.0000000000
29450  -17.931  25.902  25.747 0.0000000000
29462  -17.972  25.621  25.328 0.0000000000
31174  -17.676  25.953  25.368 0.0000000000
32956  -17.454  26.366  25.594 0.0000000000
29461  -17.739  25.745  25.111 0.0000000000
31173  -17.209  26.022  24.910 0.0000000000
32977  -17.445  26.119  25.263 0.0000000000
34677  -20.778  26.610  27.734 0.0000000000
32880  -21.035  26.291  27.125 0.0000000000
34678  -21.255  26.649  27.524 0.0000000000
34697  -21.168  26.385  27.015 0.0000000000
32905  -21.841  26.342  26.747 0.0000000000
34698  -21.616  26.580  27.189 0.0000000000
34745  -17.560  26.713  25.911 0.0000000000
32976  -17.206  26.290  25.159 0.0000000000
32955  -17.061  26.667  25.315 0.0000000000
34744  -17.235  26.917  25.707 0.0000000000
31172  -17.143  26.109  24.802 0.0000000000
32975  -16.841  26.514  24.993 0.0000000000
34650  -21.392  26.932  28.022 0.0000000000
34623  -21.495  27.197  28.317 0.0000000000
36335  -21.183  27.545  28.758 0.0000000000
34651  -21.921  27.105  28.060 0.0000000000
34679  -21.772  26.838  27.536 0.0000000000
34680  -22.086  26.943  27.442 0.0000000000
34699  -22.194  26.825  27.036 0.0000000000
36408  -17.713  27.534  26.392 0.0000000000
34724  -17.409  27.130  26.022 0.0000000000
36407  -17.479  27.465  26.162 0.0000000000
34743  -16.951  26.977  25.420 0.0000000000
36429  -17.282  27.296  25.927 0.0000000000
36428  -17.068  27.410  25.742 0.0000000000
36306  -20.966  27.885  28.991 0.0000000000
36307  -21.008  27.820  29.026 0.0000000000
38096  -20.880  27.849  29.010 0.0000000000
38147  -18.114  27.820  26.841 0.0000000000
38146  -17.970  27.912  26.685 0.0000000000
36406  -17.303  27.629  26.007 0.0000000000
38162  -17.747  28.052  26.120 0.0000000000
38163  -17.522  27.758  26.145 0.0000000000
36427  -16.853  27.344  25.510 0.0000000000
38161  -17.115  27.965  25.948 0.0000000000
38183  -16.963  27.786  25.737 0.0000000000
38070  -21.163  28.137  29.200 0.0000000000
39786  -20.869  28.175  28.957 0.0000000000
39852  -18.102  28.150  26.897 0.0000000000
38145  -17.510  28.163  26.375 0.0000000000
39851  -17.779  28.523  26.810 0.0000000000
39869  -17.213  28.171  26.153 0.0000000000
39868  -16.845  28.541  26.107 0.0000000000
39888  -16.844  28.162  25.873 0.0000000000
38182  -16.692  27.905  25.653 0.0000000000
41448  -20.621  28.820  29.193 0.0000000000
39787  -20.989  28.510  29.220 0.0000000000
41449  -20.914  28.699  29.328 0.0000000000
41497  -17.764  28.865  27.045 0.0000000000
39850  -17.239  28.579  26.370 0.0000000000
41511  -17.700  28.779  26.972 0.0000000000
41510  -17.391  29.064  26.933 0.0000000000
39887  -16.462  28.557  25.873 0.0000000000
43070  -20.410  29.158  29.219 0.0000000000
41433  -20.895  28.936  29.522 0.0000000000
43057  -19.910  29.676  29.162 0.0000000000
44729  -19.666  29.703  29.047 0.0000000000
43058  -20.215  29.612  29.228 0.0000000000
43059  -20.603  29.463  29.542 0.0000000000
36452  -16.473  27.509  25.299 0.0000000000
38198  -16.401  27.848  25.392 0.0000000000
38181  -16.327  28.141  25.534 0.0000000000
38197  -16.148  27.908  25.251 0.0000000000
39886  -15.878  28.437  25.525 0.0000000000
34742  -16.728  27.073  25.248 0.0000000000
34757  -16.389  27.123  25.016 0.0000000000
36451  -16.129  27.484  25.074 0.0000000000
34756  -16.126  27.261  24.852 0.0000000000
36473  -15.943  27.415  24.837 0.0000000000
38205  -15.915  27.768  25.037 0.0000000000
32954  -16.809  26.840  25.190 0.0000000000
32953  -16.654  26.950  25.123 0.0000000000
32974  -16.616  26.856  25.022 0.0000000000
39899  -15.867  28.045  25.128 0.0000000000
38204  -15.603  27.760  24.726 0.0000000000
39910  -15.782  27.932  24.966 0.0000000000
39898  -15.421  28.364  25.085 0.0000000000
39909  -15.546  28.098  24.857 0.0000000000
38203  -15.307  28.036  24.621 0.0000000000
39908  -15.004  28.354  24.575 0.0000000000
38214  -15.135  27.957  24.184 0.0000000000
