#!ascii label  , from subject  vox2ras=TkReg
57
33026  -29.352  26.868  24.335 0.0000000000
33002  -29.698  26.899  24.860 0.0000000000
33003  -29.424  26.544  24.713 0.0000000000
33027  -29.341  26.504  24.167 0.0000000000
34780  -29.222  27.024  24.578 0.0000000000
34803  -29.036  27.009  24.188 0.0000000000
33046  -29.075  26.707  23.924 0.0000000000
31191  -29.377  26.210  24.519 0.0000000000
31211  -29.174  26.085  23.856 0.0000000000
33047  -29.159  26.440  23.892 0.0000000000
34821  -28.854  26.899  23.947 0.0000000000
33064  -29.002  26.344  23.414 0.0000000000
33045  -28.754  26.739  23.626 0.0000000000
33065  -29.041  26.406  23.681 0.0000000000
31233  -29.216  26.163  23.660 0.0000000000
31251  -29.101  26.221  23.480 0.0000000000
31250  -29.190  26.005  23.364 0.0000000000
31268  -28.975  25.984  23.068 0.0000000000
33085  -28.981  26.039  22.996 0.0000000000
33063  -28.571  26.346  23.164 0.0000000000
33084  -28.788  26.120  22.997 0.0000000000
34762  -29.170  27.061  25.040 0.0000000000
32981  -29.413  26.622  24.912 0.0000000000
36478  -28.983  27.637  24.548 0.0000000000
36496  -28.930  27.317  24.257 0.0000000000
34802  -28.727  27.214  23.937 0.0000000000
34820  -28.354  27.114  23.773 0.0000000000
36457  -28.988  27.527  25.181 0.0000000000
38211  -28.924  28.048  24.876 0.0000000000
36495  -28.588  27.654  24.081 0.0000000000
36477  -28.782  27.926  24.077 0.0000000000
38210  -28.635  28.176  24.396 0.0000000000
34801  -28.212  27.268  23.825 0.0000000000
36494  -27.969  27.581  24.125 0.0000000000
38220  -28.580  27.937  24.171 0.0000000000
38219  -28.170  27.944  24.138 0.0000000000
38209  -28.000  28.216  24.280 0.0000000000
39915  -28.408  28.601  24.632 0.0000000000
39916  -28.741  28.555  24.868 0.0000000000
38218  -27.654  28.045  24.371 0.0000000000
39914  -27.984  28.654  24.652 0.0000000000
41571  -28.322  28.956  24.807 0.0000000000
41572  -28.630  28.899  24.953 0.0000000000
41573  -28.902  28.869  24.968 0.0000000000
41563  -28.527  29.122  25.100 0.0000000000
41564  -28.946  28.872  25.023 0.0000000000
38208  -27.832  28.347  24.519 0.0000000000
34800  -27.645  27.176  23.878 0.0000000000
36493  -27.410  27.444  24.176 0.0000000000
33044  -28.283  26.682  23.456 0.0000000000
34819  -27.891  26.829  23.603 0.0000000000
32982  -29.816  26.452  25.102 0.0000000000
31178  -29.516  26.250  24.932 0.0000000000
31177  -29.362  26.018  24.937 0.0000000000
31210  -29.276  25.848  23.818 0.0000000000
31232  -29.263  25.899  23.559 0.0000000000
31190  -29.314  25.848  24.296 0.0000000000
