#!ascii label  , from subject  vox2ras=TkReg
359
27645  -23.067  24.656  28.661 0.0000000000
27644  -22.728  24.455  28.864 0.0000000000
26015  -22.870  24.078  28.716 0.0000000000
26022  -23.196  24.121  28.447 0.0000000000
27653  -23.412  24.602  28.255 0.0000000000
27633  -22.934  24.819  28.986 0.0000000000
29333  -23.135  25.231  29.043 0.0000000000
29344  -23.517  25.160  28.430 0.0000000000
26023  -23.606  24.168  28.182 0.0000000000
27654  -23.810  24.589  28.134 0.0000000000
29353  -23.659  24.870  28.186 0.0000000000
26024  -24.022  24.193  28.105 0.0000000000
27655  -24.109  24.628  27.999 0.0000000000
29354  -23.962  25.106  28.143 0.0000000000
26031  -24.298  24.159  27.810 0.0000000000
27664  -24.103  24.878  27.751 0.0000000000
29355  -23.978  24.923  28.058 0.0000000000
26042  -24.550  24.393  27.623 0.0000000000
27677  -24.652  24.789  27.530 0.0000000000
29365  -24.418  25.103  27.653 0.0000000000
26043  -24.872  24.365  27.508 0.0000000000
27678  -25.033  24.778  27.285 0.0000000000
29385  -24.635  25.010  27.550 0.0000000000
29386  -24.791  25.202  27.393 0.0000000000
26044  -25.297  24.265  27.368 0.0000000000
27679  -25.532  24.806  27.209 0.0000000000
29387  -25.277  25.250  27.207 0.0000000000
26045  -25.764  24.373  27.264 0.0000000000
27680  -25.972  24.865  27.191 0.0000000000
29388  -25.800  25.315  27.079 0.0000000000
26046  -26.206  24.422  27.234 0.0000000000
27681  -26.354  24.939  27.028 0.0000000000
29389  -26.168  25.211  26.990 0.0000000000
26065  -26.601  24.713  27.101 0.0000000000
27705  -26.756  24.982  26.889 0.0000000000
29411  -26.547  25.392  26.836 0.0000000000
26066  -26.925  24.765  27.081 0.0000000000
27706  -27.166  24.957  26.933 0.0000000000
29412  -26.985  25.266  26.837 0.0000000000
29332  -23.074  25.057  29.151 0.0000000000
29323  -23.170  25.467  29.681 0.0000000000
29322  -22.681  25.123  29.570 0.0000000000
31029  -23.360  25.707  29.306 0.0000000000
31041  -23.374  25.721  28.770 0.0000000000
31054  -23.457  25.456  28.749 0.0000000000
29345  -23.872  25.448  28.237 0.0000000000
31055  -23.794  25.718  28.564 0.0000000000
31066  -24.006  25.636  28.279 0.0000000000
31067  -24.169  25.694  28.178 0.0000000000
31085  -24.241  25.456  27.887 0.0000000000
29366  -24.623  25.404  27.569 0.0000000000
31086  -24.510  25.606  27.711 0.0000000000
31109  -24.954  25.856  27.406 0.0000000000
31110  -25.041  25.679  27.333 0.0000000000
31111  -25.457  25.739  27.168 0.0000000000
29410  -26.132  25.510  26.843 0.0000000000
31132  -25.876  25.848  26.920 0.0000000000
31133  -26.327  25.887  26.803 0.0000000000
31030  -23.673  25.806  29.681 0.0000000000
31042  -23.769  25.859  29.105 0.0000000000
31018  -23.697  25.758  30.308 0.0000000000
29324  -23.541  25.406  30.241 0.0000000000
31031  -24.167  25.904  29.860 0.0000000000
31043  -24.077  25.965  29.359 0.0000000000
31019  -24.198  25.800  30.373 0.0000000000
31032  -24.388  25.852  30.024 0.0000000000
32819  -24.612  26.047  29.886 0.0000000000
32818  -24.355  25.997  29.775 0.0000000000
32832  -24.317  26.140  29.599 0.0000000000
31020  -24.644  25.828  30.288 0.0000000000
31056  -24.137  25.935  28.736 0.0000000000
32845  -24.281  26.206  29.174 0.0000000000
31057  -24.419  25.926  28.501 0.0000000000
32846  -24.553  26.310  28.819 0.0000000000
31068  -24.414  25.889  28.304 0.0000000000
32860  -24.628  26.138  28.292 0.0000000000
32859  -24.415  25.875  28.204 0.0000000000
32881  -24.428  25.833  28.018 0.0000000000
32882  -24.758  26.071  27.740 0.0000000000
32907  -24.954  25.948  27.538 0.0000000000
32908  -25.139  26.129  27.426 0.0000000000
32909  -25.601  26.240  27.144 0.0000000000
32927  -26.053  26.399  26.919 0.0000000000
32807  -24.782  26.017  30.114 0.0000000000
32808  -25.086  26.056  30.243 0.0000000000
32820  -25.121  26.352  29.790 0.0000000000
32833  -24.676  26.363  29.402 0.0000000000
34583  -25.291  26.335  30.080 0.0000000000
32834  -25.174  26.487  29.362 0.0000000000
32821  -25.503  26.433  29.535 0.0000000000
34584  -25.636  26.597  29.922 0.0000000000
32835  -25.446  26.608  29.366 0.0000000000
34603  -25.764  26.805  29.446 0.0000000000
34601  -24.887  26.663  29.065 0.0000000000
34602  -25.272  26.821  29.211 0.0000000000
34627  -24.856  26.556  28.812 0.0000000000
32847  -24.853  26.432  28.627 0.0000000000
32861  -25.007  26.449  28.369 0.0000000000
34628  -25.151  26.790  28.718 0.0000000000
34654  -24.875  26.440  27.979 0.0000000000
34655  -25.185  26.749  28.172 0.0000000000
34681  -24.928  26.334  27.749 0.0000000000
32883  -24.984  26.264  27.650 0.0000000000
34682  -25.180  26.565  27.654 0.0000000000
34702  -25.391  26.458  27.338 0.0000000000
34703  -25.771  26.818  27.279 0.0000000000
34569  -25.395  26.220  30.241 0.0000000000
34570  -25.658  26.333  30.222 0.0000000000
36312  -25.544  27.113  29.144 0.0000000000
36311  -25.265  27.000  28.996 0.0000000000
36340  -25.394  27.051  28.855 0.0000000000
34656  -25.541  26.953  28.435 0.0000000000
34629  -25.457  26.988  28.698 0.0000000000
34683  -25.584  26.963  27.935 0.0000000000
32809  -25.603  26.133  30.340 0.0000000000
32793  -25.459  25.919  30.437 0.0000000000
32794  -26.056  26.013  30.441 0.0000000000
32810  -25.891  26.220  30.317 0.0000000000
32792  -25.122  25.970  30.297 0.0000000000
31003  -25.194  25.690  30.565 0.0000000000
31021  -24.945  25.811  30.400 0.0000000000
31002  -24.811  25.571  30.665 0.0000000000
31001  -24.385  25.498  30.816 0.0000000000
31000  -24.025  25.719  30.985 0.0000000000
31017  -23.231  25.763  30.483 0.0000000000
29314  -23.389  25.617  30.213 0.0000000000
30999  -23.431  25.710  30.898 0.0000000000
31016  -22.799  25.698  30.469 0.0000000000
29313  -23.039  25.458  30.053 0.0000000000
30998  -23.054  25.760  31.038 0.0000000000
31015  -22.380  25.463  30.405 0.0000000000
29312  -22.754  25.375  30.062 0.0000000000
30997  -22.418  25.626  30.851 0.0000000000
31014  -21.984  25.163  30.269 0.0000000000
29311  -22.228  25.086  29.990 0.0000000000
30996  -22.082  25.350  30.666 0.0000000000
29310  -21.947  25.113  30.401 0.0000000000
27632  -22.574  24.707  29.210 0.0000000000
29321  -22.369  25.030  29.826 0.0000000000
27623  -22.438  24.992  29.933 0.0000000000
27622  -22.257  24.930  29.985 0.0000000000
27614  -22.073  24.767  30.181 0.0000000000
29296  -21.702  25.163  30.893 0.0000000000
27613  -21.749  24.841  30.522 0.0000000000
27643  -22.517  24.226  29.054 0.0000000000
26014  -22.610  24.052  28.939 0.0000000000
27631  -22.476  24.406  29.137 0.0000000000
26005  -22.136  24.227  29.323 0.0000000000
26013  -22.114  24.108  29.019 0.0000000000
25999  -22.234  24.490  29.581 0.0000000000
26006  -22.358  24.491  29.257 0.0000000000
27615  -22.275  24.682  30.066 0.0000000000
25992  -22.391  24.414  30.002 0.0000000000
25991  -22.072  24.301  30.106 0.0000000000
25990  -21.890  24.328  30.298 0.0000000000
27603  -21.508  24.829  30.868 0.0000000000
25979  -21.548  24.430  30.699 0.0000000000
27602  -21.490  24.835  31.014 0.0000000000
25978  -21.312  24.467  30.782 0.0000000000
29295  -21.410  25.026  30.793 0.0000000000
26047  -26.852  24.404  27.265 0.0000000000
27682  -27.259  24.666  27.172 0.0000000000
24558  -26.535  23.979  27.395 0.0000000000
24559  -27.023  23.793  27.547 0.0000000000
26048  -27.382  24.259  27.341 0.0000000000
24557  -26.016  23.978  27.373 0.0000000000
24556  -25.634  23.960  27.396 0.0000000000
26033  -25.186  23.853  27.646 0.0000000000
24545  -25.337  23.737  27.672 0.0000000000
26032  -24.692  24.020  27.696 0.0000000000
24544  -24.904  23.676  27.759 0.0000000000
24543  -24.527  23.671  27.796 0.0000000000
24538  -24.213  23.735  28.031 0.0000000000
24537  -23.901  23.871  28.151 0.0000000000
24536  -23.398  23.684  28.340 0.0000000000
24533  -23.080  23.618  28.662 0.0000000000
24532  -22.782  23.587  28.886 0.0000000000
24531  -22.515  24.084  28.893 0.0000000000
24526  -22.286  23.664  29.311 0.0000000000
25998  -22.155  24.107  29.917 0.0000000000
24523  -22.096  23.797  29.915 0.0000000000
24521  -22.015  23.820  30.110 0.0000000000
24520  -21.844  23.907  30.253 0.0000000000
24511  -21.614  23.995  30.619 0.0000000000
24510  -21.371  24.057  30.875 0.0000000000
25956  -21.756  24.198  31.014 0.0000000000
24496  -21.315  24.031  30.859 0.0000000000
24548  -26.776  23.658  27.704 0.0000000000
24549  -27.096  23.711  27.867 0.0000000000
24560  -27.394  24.090  27.702 0.0000000000
24547  -26.268  23.662  27.679 0.0000000000
24546  -25.804  23.663  27.677 0.0000000000
23115  -26.510  23.356  27.921 0.0000000000
23116  -26.987  23.338  27.967 0.0000000000
23114  -26.020  23.342  27.954 0.0000000000
23113  -25.613  23.328  27.954 0.0000000000
23112  -25.165  23.319  27.924 0.0000000000
23111  -24.802  23.371  27.894 0.0000000000
23101  -24.536  23.269  28.066 0.0000000000
23100  -24.046  23.235  28.276 0.0000000000
23099  -23.657  23.355  28.366 0.0000000000
23096  -23.334  23.168  28.731 0.0000000000
23095  -23.021  23.147  28.971 0.0000000000
24527  -22.626  23.472  29.105 0.0000000000
23090  -22.934  23.010  29.160 0.0000000000
23089  -22.534  23.251  29.362 0.0000000000
23083  -22.267  23.304  29.771 0.0000000000
23075  -22.044  23.264  30.257 0.0000000000
23074  -21.965  23.549  30.216 0.0000000000
23063  -21.678  23.405  30.678 0.0000000000
23062  -21.464  23.814  30.805 0.0000000000
23055  -21.414  23.719  30.752 0.0000000000
24497  -21.629  23.965  31.241 0.0000000000
23105  -26.294  23.154  28.157 0.0000000000
23106  -26.755  23.165  28.160 0.0000000000
23104  -26.193  23.228  28.156 0.0000000000
21793  -25.875  23.280  28.148 0.0000000000
23103  -25.976  23.275  28.155 0.0000000000
21792  -25.431  23.211  28.093 0.0000000000
23102  -24.769  22.949  28.055 0.0000000000
21780  -25.196  23.058  28.207 0.0000000000
21782  -26.075  22.927  28.331 0.0000000000
21783  -26.538  22.935  28.333 0.0000000000
21781  -25.661  23.080  28.239 0.0000000000
21779  -24.837  22.997  28.253 0.0000000000
21778  -24.401  22.953  28.341 0.0000000000
23097  -23.728  23.039  28.586 0.0000000000
21767  -24.033  22.683  28.708 0.0000000000
21766  -23.583  22.843  28.826 0.0000000000
23091  -23.090  23.071  29.074 0.0000000000
21761  -22.973  22.907  29.223 0.0000000000
21760  -22.919  22.942  29.317 0.0000000000
23084  -22.680  22.790  29.812 0.0000000000
21754  -22.813  22.696  29.646 0.0000000000
23076  -22.427  23.127  29.894 0.0000000000
21745  -22.616  22.762  30.009 0.0000000000
21744  -22.229  22.818  30.350 0.0000000000
23064  -21.958  23.068  30.664 0.0000000000
21737  -21.991  22.839  30.755 0.0000000000
21736  -21.864  22.947  30.854 0.0000000000
23056  -21.641  23.360  31.357 0.0000000000
21732  -21.784  22.858  31.224 0.0000000000
23046  -21.163  23.113  31.928 0.0000000000
21729  -21.573  22.884  31.719 0.0000000000
24479  -21.491  23.615  31.719 0.0000000000
21771  -25.911  22.680  28.624 0.0000000000
21772  -26.365  22.646  28.664 0.0000000000
21770  -25.462  22.725  28.569 0.0000000000
21769  -25.020  22.726  28.564 0.0000000000
21768  -24.567  22.713  28.599 0.0000000000
20501  -25.751  22.350  28.865 0.0000000000
20502  -26.145  22.331  28.926 0.0000000000
20500  -25.272  22.312  28.892 0.0000000000
20499  -24.774  22.414  28.843 0.0000000000
20498  -24.325  22.411  28.872 0.0000000000
21762  -23.714  22.605  29.002 0.0000000000
20484  -24.077  22.259  29.132 0.0000000000
20497  -24.215  22.262  28.903 0.0000000000
20483  -23.599  22.374  29.295 0.0000000000
21755  -22.948  22.666  29.604 0.0000000000
20471  -23.018  22.259  29.914 0.0000000000
20470  -22.967  22.360  29.795 0.0000000000
20459  -22.827  22.244  30.081 0.0000000000
20458  -22.386  22.457  30.302 0.0000000000
20452  -22.212  22.496  30.735 0.0000000000
21733  -21.966  22.723  31.044 0.0000000000
20445  -22.167  22.376  31.164 0.0000000000
20444  -21.976  22.484  31.314 0.0000000000
20437  -21.830  22.328  31.715 0.0000000000
19195  -25.668  22.127  29.076 0.0000000000
20488  -26.019  22.178  29.102 0.0000000000
20487  -25.181  22.150  29.099 0.0000000000
19194  -25.406  22.073  29.089 0.0000000000
20486  -24.970  22.194  29.102 0.0000000000
20485  -24.543  22.202  29.108 0.0000000000
19172  -25.255  21.912  29.261 0.0000000000
19171  -24.859  22.004  29.274 0.0000000000
19169  -24.293  22.032  29.296 0.0000000000
19170  -24.549  22.026  29.279 0.0000000000
20472  -23.750  22.074  29.528 0.0000000000
19149  -24.008  21.846  29.589 0.0000000000
19148  -23.611  21.950  29.765 0.0000000000
20460  -23.076  22.152  30.007 0.0000000000
19138  -23.349  21.843  30.081 0.0000000000
19137  -23.015  21.966  30.248 0.0000000000
20453  -22.553  21.974  30.839 0.0000000000
19122  -22.787  21.938  30.511 0.0000000000
20446  -22.467  22.285  30.800 0.0000000000
19106  -22.688  21.950  31.051 0.0000000000
19105  -22.401  22.095  31.221 0.0000000000
20438  -22.083  22.205  31.526 0.0000000000
19092  -22.384  21.812  31.604 0.0000000000
19091  -21.915  21.972  32.069 0.0000000000
19173  -25.734  21.972  29.212 0.0000000000
19152  -25.029  21.770  29.477 0.0000000000
17793  -25.378  21.484  29.638 0.0000000000
17807  -25.560  21.712  29.345 0.0000000000
19151  -24.704  21.803  29.469 0.0000000000
19150  -24.386  21.844  29.451 0.0000000000
17792  -24.929  21.614  29.687 0.0000000000
17791  -24.495  21.604  29.747 0.0000000000
19139  -23.774  21.745  29.899 0.0000000000
17790  -24.086  21.578  29.930 0.0000000000
17776  -23.852  21.493  30.191 0.0000000000
19123  -23.117  21.714  30.644 0.0000000000
17775  -23.414  21.551  30.458 0.0000000000
17763  -23.624  21.482  30.734 0.0000000000
17762  -23.376  21.604  30.648 0.0000000000
19124  -23.290  21.669  30.912 0.0000000000
19107  -23.031  21.680  31.108 0.0000000000
19093  -22.970  21.688  31.500 0.0000000000
19094  -23.610  21.831  31.206 0.0000000000
19108  -23.603  21.688  30.955 0.0000000000
17738  -23.353  21.281  31.706 0.0000000000
17739  -24.115  21.301  31.328 0.0000000000
19095  -23.844  21.502  31.078 0.0000000000
17737  -22.908  21.319  31.826 0.0000000000
17778  -24.958  21.312  29.970 0.0000000000
17777  -24.380  21.312  30.120 0.0000000000
16326  -24.674  21.102  30.321 0.0000000000
16327  -25.113  21.068  30.301 0.0000000000
17779  -25.519  21.194  30.072 0.0000000000
17764  -24.097  21.240  30.498 0.0000000000
16325  -24.397  21.150  30.383 0.0000000000
17753  -24.073  21.177  30.913 0.0000000000
16311  -24.384  21.026  30.625 0.0000000000
17752  -23.925  21.326  31.016 0.0000000000
17740  -24.130  21.106  31.247 0.0000000000
16294  -24.357  20.890  31.012 0.0000000000
16276  -24.272  20.792  31.618 0.0000000000
16275  -23.712  20.893  31.826 0.0000000000
16274  -23.232  20.957  31.924 0.0000000000
16312  -24.734  20.858  30.663 0.0000000000
16313  -25.195  20.774  30.772 0.0000000000
16328  -25.795  20.802  30.362 0.0000000000
16295  -24.753  20.742  31.170 0.0000000000
16296  -24.971  20.813  31.206 0.0000000000
16314  -25.671  20.627  30.939 0.0000000000
16278  -24.955  20.423  31.735 0.0000000000
14907  -25.243  20.268  31.790 0.0000000000
14917  -25.537  20.370  31.374 0.0000000000
16297  -25.642  20.501  31.161 0.0000000000
16277  -24.767  20.598  31.665 0.0000000000
14906  -24.901  20.294  31.945 0.0000000000
14905  -24.503  20.358  31.926 0.0000000000
16259  -24.215  20.541  32.038 0.0000000000
16258  -24.003  20.630  32.134 0.0000000000
16257  -23.719  20.621  31.965 0.0000000000
14895  -24.249  20.195  32.421 0.0000000000
14894  -24.045  20.194  32.390 0.0000000000
14896  -24.770  20.131  32.218 0.0000000000
14897  -25.088  20.141  32.095 0.0000000000
25936  -21.826  23.862  31.758 0.0000000000
25957  -21.852  24.050  31.298 0.0000000000
26049  -27.821  24.134  27.380 0.0000000000
27683  -27.691  24.567  27.247 0.0000000000
27707  -27.648  25.105  26.910 0.0000000000
27684  -28.092  24.450  27.251 0.0000000000
27708  -27.982  24.863  27.068 0.0000000000
