#!ascii label  , from subject  vox2ras=TkReg
255
15161  -26.476  20.114  21.890 0.0000000000
13933  -26.585  19.880  21.629 0.0000000000
13934  -26.784  19.965  21.930 0.0000000000
15162  -27.008  20.147  21.760 0.0000000000
15177  -26.260  19.922  21.667 0.0000000000
15149  -26.627  20.261  22.380 0.0000000000
15148  -26.026  20.260  22.424 0.0000000000
15160  -25.892  20.067  21.881 0.0000000000
13940  -26.288  19.691  21.303 0.0000000000
15176  -26.040  19.905  21.595 0.0000000000
13932  -25.902  20.066  21.762 0.0000000000
13939  -26.019  19.983  21.546 0.0000000000
15159  -25.577  19.929  21.994 0.0000000000
13931  -25.412  19.775  21.900 0.0000000000
15147  -25.569  20.056  22.294 0.0000000000
13924  -25.294  19.684  22.213 0.0000000000
15140  -26.026  20.369  22.969 0.0000000000
15139  -25.618  20.196  22.802 0.0000000000
16548  -26.162  20.542  22.973 0.0000000000
16560  -26.381  20.395  22.738 0.0000000000
13917  -25.294  19.686  22.648 0.0000000000
16547  -25.832  20.431  22.953 0.0000000000
15131  -25.534  20.227  23.341 0.0000000000
13906  -25.276  19.681  23.138 0.0000000000
16531  -25.763  20.367  22.991 0.0000000000
15124  -25.391  20.321  23.964 0.0000000000
13889  -25.276  19.856  23.645 0.0000000000
15132  -25.683  20.480  23.748 0.0000000000
16532  -25.965  20.598  23.371 0.0000000000
15112  -25.122  20.186  24.368 0.0000000000
13872  -25.243  19.985  24.012 0.0000000000
16513  -25.426  20.697  24.451 0.0000000000
16521  -25.661  20.637  24.049 0.0000000000
15125  -25.870  20.150  23.929 0.0000000000
15111  -24.861  20.087  24.621 0.0000000000
13871  -24.866  19.795  24.471 0.0000000000
15096  -25.043  20.347  24.680 0.0000000000
15095  -24.845  20.242  24.853 0.0000000000
13855  -24.785  19.796  24.929 0.0000000000
16506  -24.944  20.717  25.062 0.0000000000
15078  -24.720  20.118  25.119 0.0000000000
16505  -24.818  20.410  25.017 0.0000000000
15077  -24.390  20.165  25.168 0.0000000000
13837  -24.636  19.810  25.376 0.0000000000
16492  -24.712  20.576  25.361 0.0000000000
15057  -24.265  19.979  25.936 0.0000000000
13836  -24.436  19.948  25.714 0.0000000000
16491  -24.470  20.252  25.629 0.0000000000
15038  -24.378  20.215  26.258 0.0000000000
13815  -24.445  19.859  25.980 0.0000000000
16472  -24.473  20.593  25.882 0.0000000000
15022  -24.610  20.061  26.730 0.0000000000
13800  -24.542  19.652  26.411 0.0000000000
16435  -24.464  20.638  26.573 0.0000000000
16453  -24.428  20.669  26.248 0.0000000000
15023  -24.724  20.000  27.088 0.0000000000
13787  -24.688  19.440  26.875 0.0000000000
16436  -24.672  20.641  26.899 0.0000000000
12822  -26.021  19.391  21.145 0.0000000000
12829  -26.049  19.390  21.058 0.0000000000
13953  -26.248  19.508  20.847 0.0000000000
13941  -26.884  19.890  21.369 0.0000000000
13954  -26.645  19.709  20.871 0.0000000000
13938  -25.550  19.834  21.641 0.0000000000
12821  -25.935  19.234  20.990 0.0000000000
12820  -25.279  19.216  21.614 0.0000000000
12815  -25.222  19.122  22.022 0.0000000000
12805  -25.233  19.139  22.521 0.0000000000
12794  -25.249  19.163  22.941 0.0000000000
12765  -25.247  19.331  23.492 0.0000000000
12781  -25.244  19.221  23.197 0.0000000000
12754  -25.235  19.475  23.950 0.0000000000
12753  -24.992  19.435  24.356 0.0000000000
12740  -24.954  19.322  24.848 0.0000000000
12725  -24.848  19.289  25.390 0.0000000000
12724  -24.595  19.666  25.698 0.0000000000
12709  -24.791  19.161  26.167 0.0000000000
12700  -24.746  19.196  26.466 0.0000000000
12828  -25.876  19.187  20.894 0.0000000000
13952  -25.985  19.354  20.841 0.0000000000
11744  -25.796  18.941  20.879 0.0000000000
11754  -25.733  18.983  20.679 0.0000000000
12840  -25.908  19.245  20.328 0.0000000000
11743  -25.439  18.802  21.255 0.0000000000
12819  -24.937  18.993  22.067 0.0000000000
11742  -25.220  18.917  21.696 0.0000000000
12814  -24.941  18.831  22.028 0.0000000000
11733  -25.196  18.977  21.867 0.0000000000
11719  -25.260  18.567  22.344 0.0000000000
11734  -25.268  18.616  21.792 0.0000000000
11706  -25.266  18.593  22.880 0.0000000000
11692  -25.275  18.761  23.270 0.0000000000
11677  -25.263  18.910  23.751 0.0000000000
11666  -25.151  18.960  24.312 0.0000000000
11665  -25.048  19.149  24.692 0.0000000000
11648  -25.221  18.998  24.941 0.0000000000
11647  -25.122  19.112  24.984 0.0000000000
12741  -25.068  19.207  25.093 0.0000000000
12710  -24.858  19.007  26.004 0.0000000000
11631  -24.973  18.903  25.672 0.0000000000
11632  -25.102  18.954  25.340 0.0000000000
12726  -25.086  19.132  25.192 0.0000000000
12701  -24.805  19.143  26.431 0.0000000000
11610  -24.975  18.910  26.029 0.0000000000
11621  -24.966  18.830  25.941 0.0000000000
12690  -24.773  19.094  26.797 0.0000000000
11753  -25.632  18.850  20.895 0.0000000000
10650  -25.595  18.495  20.692 0.0000000000
10651  -25.262  18.891  20.384 0.0000000000
11763  -25.763  18.993  20.225 0.0000000000
10642  -25.434  18.142  21.385 0.0000000000
10629  -25.451  18.068  22.074 0.0000000000
10611  -25.476  18.107  22.698 0.0000000000
10597  -25.463  18.114  22.787 0.0000000000
10570  -25.370  18.413  23.546 0.0000000000
10585  -25.373  18.347  23.284 0.0000000000
10557  -25.387  18.425  24.129 0.0000000000
10542  -25.457  18.333  24.560 0.0000000000
10534  -25.336  18.497  25.273 0.0000000000
10533  -25.116  18.764  25.541 0.0000000000
10521  -25.146  18.629  25.834 0.0000000000
10655  -25.718  18.622  20.131 0.0000000000
9631  -25.560  17.908  20.946 0.0000000000
9640  -25.447  17.963  20.312 0.0000000000
10654  -25.540  18.193  20.143 0.0000000000
9597  -25.550  17.974  22.115 0.0000000000
9614  -25.708  17.832  21.415 0.0000000000
9582  -25.629  17.884  22.473 0.0000000000
9569  -25.593  17.997  22.922 0.0000000000
9552  -25.572  18.081  23.280 0.0000000000
9535  -25.616  18.075  23.732 0.0000000000
9522  -25.633  18.072  24.067 0.0000000000
9632  -25.739  17.621  20.616 0.0000000000
9641  -25.670  17.668  20.148 0.0000000000
9648  -25.527  17.897  19.937 0.0000000000
9647  -25.473  18.037  20.093 0.0000000000
9615  -25.907  17.560  21.129 0.0000000000
8774  -25.976  17.336  20.828 0.0000000000
8785  -25.899  17.360  20.329 0.0000000000
8758  -26.227  17.199  21.144 0.0000000000
8757  -26.080  17.238  20.831 0.0000000000
9616  -26.009  17.499  20.789 0.0000000000
9598  -25.936  17.674  21.729 0.0000000000
9599  -26.048  17.589  21.319 0.0000000000
8740  -26.190  17.430  21.735 0.0000000000
9583  -25.825  17.662  22.293 0.0000000000
8723  -26.047  17.437  22.092 0.0000000000
8739  -25.916  17.701  22.101 0.0000000000
9570  -25.783  17.754  22.904 0.0000000000
8705  -26.042  17.411  22.637 0.0000000000
9553  -25.860  17.839  23.458 0.0000000000
8686  -26.089  17.521  23.204 0.0000000000
9554  -26.114  17.671  23.687 0.0000000000
9536  -25.828  17.871  23.880 0.0000000000
8775  -26.186  17.107  20.559 0.0000000000
8786  -26.099  17.197  20.056 0.0000000000
8794  -25.813  17.431  19.825 0.0000000000
8021  -26.475  16.752  20.774 0.0000000000
8038  -26.354  16.727  20.170 0.0000000000
8795  -26.168  17.092  19.681 0.0000000000
8801  -25.998  17.314  19.292 0.0000000000
9653  -25.739  17.804  19.493 0.0000000000
10662  -25.258  18.078  20.171 0.0000000000
10663  -25.694  18.298  19.811 0.0000000000
9665  -25.813  17.710  19.028 0.0000000000
10677  -25.871  18.229  19.216 0.0000000000
11778  -25.817  19.070  20.096 0.0000000000
11801  -25.926  18.674  19.540 0.0000000000
12856  -26.173  19.193  19.885 0.0000000000
11779  -26.158  18.945  19.656 0.0000000000
11802  -26.369  18.756  19.275 0.0000000000
12857  -26.587  19.142  19.667 0.0000000000
13971  -26.094  19.498  20.472 0.0000000000
13996  -25.938  19.490  19.997 0.0000000000
13997  -26.542  19.346  20.006 0.0000000000
12885  -26.725  18.938  19.526 0.0000000000
12886  -26.966  19.038  19.743 0.0000000000
12858  -26.797  18.964  19.882 0.0000000000
13998  -26.857  19.277  19.976 0.0000000000
15178  -26.927  19.967  21.267 0.0000000000
13955  -27.132  19.742  20.930 0.0000000000
13942  -27.337  19.858  21.211 0.0000000000
13972  -26.433  19.569  20.399 0.0000000000
13973  -26.936  19.559  20.361 0.0000000000
12841  -27.194  19.375  20.094 0.0000000000
13974  -27.437  19.652  20.431 0.0000000000
16522  -25.950  20.694  23.929 0.0000000000
17905  -24.748  21.135  26.637 0.0000000000
17904  -24.530  20.885  26.403 0.0000000000
16419  -24.727  20.505  27.258 0.0000000000
17890  -24.820  21.213  27.084 0.0000000000
17917  -24.623  20.978  26.165 0.0000000000
17921  -24.739  21.042  25.924 0.0000000000
16473  -24.719  20.866  25.716 0.0000000000
17922  -24.862  21.049  25.683 0.0000000000
17930  -24.982  20.926  25.358 0.0000000000
16493  -24.998  20.795  25.203 0.0000000000
17931  -25.256  21.014  25.161 0.0000000000
17938  -25.512  21.031  24.792 0.0000000000
17947  -25.514  21.181  24.812 0.0000000000
16514  -25.927  20.822  24.260 0.0000000000
17948  -25.799  20.998  24.561 0.0000000000
16515  -26.391  20.832  24.166 0.0000000000
17949  -26.099  20.906  24.300 0.0000000000
16523  -26.445  20.735  23.843 0.0000000000
16516  -26.767  20.863  24.050 0.0000000000
17950  -26.844  21.079  24.278 0.0000000000
16524  -27.074  20.857  23.864 0.0000000000
17957  -26.980  20.951  24.028 0.0000000000
16533  -26.535  20.690  23.380 0.0000000000
16534  -27.055  20.691  23.301 0.0000000000
16549  -26.686  20.615  22.986 0.0000000000
16561  -26.851  20.486  22.694 0.0000000000
17869  -25.031  21.079  27.620 0.0000000000
16403  -24.785  20.609  27.598 0.0000000000
17891  -25.136  21.301  27.155 0.0000000000
17870  -25.570  21.348  27.604 0.0000000000
19238  -25.545  21.675  27.079 0.0000000000
17906  -25.181  21.470  26.768 0.0000000000
17918  -24.833  21.198  26.111 0.0000000000
19249  -25.074  21.442  26.350 0.0000000000
19250  -25.454  21.718  26.561 0.0000000000
19259  -24.852  21.170  25.942 0.0000000000
19265  -24.994  21.161  25.649 0.0000000000
17923  -24.946  21.015  25.441 0.0000000000
19266  -25.350  21.364  25.540 0.0000000000
19273  -25.454  21.079  24.974 0.0000000000
17932  -25.640  21.227  24.999 0.0000000000
17939  -25.989  21.262  24.762 0.0000000000
19274  -25.899  21.569  25.245 0.0000000000
19280  -26.337  21.506  24.883 0.0000000000
17940  -26.526  21.269  24.641 0.0000000000
19281  -26.738  21.562  24.851 0.0000000000
17941  -26.903  21.334  24.635 0.0000000000
19222  -25.815  21.630  27.367 0.0000000000
19239  -26.006  21.775  27.046 0.0000000000
19251  -25.935  21.774  26.716 0.0000000000
19260  -25.391  21.632  26.071 0.0000000000
19261  -25.821  21.759  26.287 0.0000000000
19252  -26.499  21.902  26.814 0.0000000000
19262  -26.214  21.926  26.421 0.0000000000
19267  -25.834  21.731  25.840 0.0000000000
19268  -26.083  21.808  26.067 0.0000000000
20535  -26.555  22.191  26.501 0.0000000000
20543  -26.377  22.116  26.139 0.0000000000
20557  -26.192  22.022  25.913 0.0000000000
20556  -26.119  21.808  25.929 0.0000000000
20572  -26.188  21.857  25.677 0.0000000000
19275  -26.485  21.730  25.118 0.0000000000
20573  -26.098  21.851  25.589 0.0000000000
19276  -26.967  21.822  25.123 0.0000000000
20574  -26.588  22.018  25.413 0.0000000000
19282  -27.174  21.803  25.036 0.0000000000
20544  -26.856  22.258  26.177 0.0000000000
20558  -26.702  22.191  25.783 0.0000000000
