#!ascii label  , from subject  vox2ras=TkReg
146
86270  21.052  8.146  -17.320 0.0000000000
85393  21.015  8.087  -17.233 0.0000000000
86260  20.981  8.067  -17.169 0.0000000000
86269  21.398  8.298  -17.399 0.0000000000
85392  20.999  8.005  -17.284 0.0000000000
87132  21.007  8.520  -17.283 0.0000000000
87131  20.999  8.735  -17.541 0.0000000000
87130  21.673  8.695  -17.435 0.0000000000
87928  21.386  9.000  -17.418 0.0000000000
87929  21.032  8.973  -17.404 0.0000000000
87120  20.995  8.517  -17.002 0.0000000000
87121  20.607  8.666  -16.996 0.0000000000
87133  20.572  8.933  -17.176 0.0000000000
87930  20.944  8.962  -17.397 0.0000000000
87918  20.193  9.000  -17.063 0.0000000000
87931  20.489  9.016  -17.210 0.0000000000
87122  20.070  8.686  -17.001 0.0000000000
87919  20.002  8.990  -17.000 0.0000000000
87904  20.002  8.979  -16.835 0.0000000000
87905  19.959  9.027  -16.778 0.0000000000
87920  19.928  9.113  -17.003 0.0000000000
87932  20.054  9.042  -17.055 0.0000000000
88667  19.989  9.377  -17.100 0.0000000000
88666  20.035  9.467  -17.085 0.0000000000
88651  19.910  9.408  -16.960 0.0000000000
87927  21.943  9.002  -17.406 0.0000000000
88677  21.744  9.199  -17.401 0.0000000000
88678  21.089  9.233  -17.516 0.0000000000
88679  20.995  9.284  -17.415 0.0000000000
88680  20.740  9.294  -17.401 0.0000000000
88681  20.272  9.237  -17.305 0.0000000000
89409  19.906  9.705  -17.107 0.0000000000
89408  20.015  9.787  -17.209 0.0000000000
89428  20.364  9.700  -17.395 0.0000000000
88676  21.977  9.244  -17.428 0.0000000000
89424  21.984  9.707  -17.397 0.0000000000
89425  21.458  9.677  -17.394 0.0000000000
89426  21.080  9.710  -17.413 0.0000000000
89427  20.955  9.818  -17.511 0.0000000000
89429  20.049  9.973  -17.288 0.0000000000
90148  21.819  9.975  -17.285 0.0000000000
90149  21.218  9.975  -17.391 0.0000000000
90150  21.029  9.983  -17.404 0.0000000000
90151  20.849  9.986  -17.408 0.0000000000
90152  20.306  10.028  -17.390 0.0000000000
90855  21.745  10.003  -17.381 0.0000000000
90856  21.189  10.089  -17.401 0.0000000000
90857  21.002  10.101  -17.408 0.0000000000
90858  20.743  10.104  -17.384 0.0000000000
88675  22.259  9.296  -17.394 0.0000000000
87926  22.042  8.997  -17.412 0.0000000000
89423  22.004  9.808  -17.512 0.0000000000
88674  22.868  9.221  -17.179 0.0000000000
87925  22.488  9.032  -17.349 0.0000000000
89422  22.550  9.796  -17.398 0.0000000000
87129  21.966  8.775  -17.441 0.0000000000
87128  22.049  8.839  -17.400 0.0000000000
87917  22.872  9.003  -17.093 0.0000000000
87127  22.562  8.988  -17.364 0.0000000000
87916  23.018  8.875  -17.057 0.0000000000
87118  22.948  8.585  -17.047 0.0000000000
88665  22.974  9.043  -17.065 0.0000000000
87915  22.999  8.981  -16.985 0.0000000000
87117  23.034  8.454  -17.034 0.0000000000
88664  22.980  9.127  -17.051 0.0000000000
87914  23.628  9.014  -17.022 0.0000000000
87116  23.356  8.572  -16.971 0.0000000000
88663  23.300  8.991  -17.033 0.0000000000
87109  19.789  8.769  -16.765 0.0000000000
87893  19.828  8.836  -16.252 0.0000000000
87894  19.582  9.021  -16.163 0.0000000000
87906  19.756  9.003  -16.640 0.0000000000
88652  19.843  9.179  -16.880 0.0000000000
87108  19.861  8.472  -16.485 0.0000000000
86268  21.888  8.297  -17.450 0.0000000000
86267  22.005  8.302  -17.337 0.0000000000
87119  22.323  8.692  -17.359 0.0000000000
86266  22.031  8.239  -17.404 0.0000000000
86262  20.454  8.312  -17.023 0.0000000000
86250  20.198  8.240  -16.638 0.0000000000
86261  20.768  8.056  -17.074 0.0000000000
86259  22.515  8.053  -17.099 0.0000000000
86258  22.929  8.080  -17.033 0.0000000000
86256  23.012  8.092  -17.003 0.0000000000
86257  23.009  8.048  -17.033 0.0000000000
87096  19.823  8.409  -16.182 0.0000000000
86237  20.015  8.198  -16.107 0.0000000000
87095  19.982  8.317  -16.251 0.0000000000
86238  19.882  8.121  -16.062 0.0000000000
87087  19.721  8.489  -16.017 0.0000000000
85391  21.632  8.026  -17.416 0.0000000000
85390  21.969  7.951  -17.331 0.0000000000
85389  22.029  8.032  -17.275 0.0000000000
86249  20.667  8.053  -16.990 0.0000000000
85385  20.732  7.915  -17.033 0.0000000000
85384  20.907  7.896  -17.100 0.0000000000
85381  22.319  8.004  -17.021 0.0000000000
85380  22.974  7.976  -17.093 0.0000000000
85379  23.004  7.965  -17.006 0.0000000000
86248  23.400  8.163  -16.838 0.0000000000
85378  23.121  8.019  -16.946 0.0000000000
85373  20.333  7.993  -16.733 0.0000000000
85361  20.142  8.030  -16.200 0.0000000000
85372  20.605  7.961  -16.926 0.0000000000
86228  19.986  8.286  -15.983 0.0000000000
85349  20.127  8.004  -16.021 0.0000000000
86227  20.108  8.166  -16.001 0.0000000000
84479  21.022  7.883  -17.191 0.0000000000
85383  21.024  7.927  -17.136 0.0000000000
84478  21.233  7.879  -17.282 0.0000000000
84477  21.886  7.867  -17.397 0.0000000000
85382  22.007  7.958  -17.088 0.0000000000
84470  21.999  7.617  -17.148 0.0000000000
84474  20.639  7.850  -16.986 0.0000000000
84473  20.917  7.591  -16.965 0.0000000000
84472  21.003  7.598  -17.036 0.0000000000
84469  22.083  7.550  -17.045 0.0000000000
84468  22.576  7.527  -17.054 0.0000000000
84467  22.992  7.545  -17.051 0.0000000000
85371  23.068  7.913  -16.926 0.0000000000
84460  22.955  7.576  -16.963 0.0000000000
85370  23.523  7.997  -16.758 0.0000000000
84463  20.225  7.983  -16.356 0.0000000000
84462  20.468  7.615  -16.587 0.0000000000
84459  23.076  7.599  -16.793 0.0000000000
84452  20.223  7.807  -16.054 0.0000000000
84471  21.559  7.503  -17.137 0.0000000000
83513  21.003  7.227  -17.016 0.0000000000
83503  20.988  7.106  -16.907 0.0000000000
84461  20.891  7.348  -16.955 0.0000000000
83512  21.288  7.146  -17.059 0.0000000000
83511  21.829  7.011  -17.003 0.0000000000
83510  22.026  7.036  -17.052 0.0000000000
83509  22.292  7.019  -17.069 0.0000000000
83508  22.808  7.057  -17.025 0.0000000000
83507  22.999  7.144  -16.979 0.0000000000
83502  23.001  7.119  -16.859 0.0000000000
82559  21.071  7.036  -17.025 0.0000000000
82547  21.009  6.970  -16.887 0.0000000000
82558  21.406  6.982  -17.045 0.0000000000
82557  21.880  6.999  -17.065 0.0000000000
82556  22.124  6.798  -17.061 0.0000000000
82555  22.461  6.837  -17.041 0.0000000000
82554  22.866  6.965  -17.038 0.0000000000
82553  23.021  6.981  -16.910 0.0000000000
82546  21.020  6.998  -16.901 0.0000000000
