#!ascii label  , from subject  vox2ras=TkReg
142
87141  26.289  8.582  -18.162 0.0000000000
86278  26.120  8.197  -18.267 0.0000000000
86277  26.385  8.119  -18.086 0.0000000000
87140  26.531  8.556  -18.013 0.0000000000
87144  26.102  8.646  -18.466 0.0000000000
87939  26.367  8.976  -17.991 0.0000000000
87940  26.337  8.960  -18.203 0.0000000000
86281  26.018  8.099  -18.448 0.0000000000
87145  25.989  8.611  -18.501 0.0000000000
87943  26.020  8.989  -18.266 0.0000000000
86282  25.736  8.256  -18.586 0.0000000000
87148  25.891  8.856  -18.578 0.0000000000
87944  26.065  9.016  -18.602 0.0000000000
86285  25.643  8.478  -18.814 0.0000000000
87149  25.328  8.894  -18.883 0.0000000000
87947  25.737  9.011  -18.785 0.0000000000
86286  25.271  8.251  -18.815 0.0000000000
87150  25.066  8.708  -19.025 0.0000000000
87948  25.317  8.981  -19.015 0.0000000000
87935  26.351  8.934  -17.852 0.0000000000
87936  26.413  9.009  -18.009 0.0000000000
88685  26.211  9.249  -17.952 0.0000000000
88687  26.137  9.242  -18.241 0.0000000000
88690  25.965  9.009  -18.392 0.0000000000
88691  25.885  9.221  -18.539 0.0000000000
88694  25.531  9.163  -18.983 0.0000000000
87949  25.119  8.868  -19.075 0.0000000000
88695  25.347  9.307  -19.066 0.0000000000
87951  25.221  9.000  -19.092 0.0000000000
88684  26.352  9.014  -17.959 0.0000000000
88670  26.392  9.139  -17.746 0.0000000000
88671  26.220  9.389  -17.496 0.0000000000
89432  26.156  9.608  -17.906 0.0000000000
89436  26.214  9.560  -18.009 0.0000000000
88688  25.962  9.375  -18.276 0.0000000000
89437  26.037  9.606  -18.042 0.0000000000
89440  25.768  9.754  -18.411 0.0000000000
89444  25.690  9.517  -18.777 0.0000000000
89445  25.328  9.842  -18.965 0.0000000000
89412  26.076  9.736  -17.667 0.0000000000
89433  26.021  9.824  -18.004 0.0000000000
89413  26.011  9.699  -17.522 0.0000000000
90156  25.934  9.930  -17.935 0.0000000000
90159  25.700  9.921  -17.924 0.0000000000
90162  25.825  9.972  -18.017 0.0000000000
89441  25.631  10.008  -18.558 0.0000000000
90163  25.706  10.000  -18.126 0.0000000000
90165  25.367  10.087  -18.759 0.0000000000
90136  25.744  9.984  -17.584 0.0000000000
90157  25.617  10.050  -17.794 0.0000000000
90160  25.733  10.022  -18.000 0.0000000000
90877  25.565  10.400  -17.956 0.0000000000
90881  25.484  10.221  -17.960 0.0000000000
90884  25.422  10.285  -18.370 0.0000000000
88672  26.001  9.428  -17.155 0.0000000000
88656  25.986  9.133  -17.063 0.0000000000
89399  25.936  9.424  -17.129 0.0000000000
89414  25.531  9.995  -17.301 0.0000000000
89400  25.437  9.722  -16.976 0.0000000000
88655  26.051  9.195  -16.999 0.0000000000
87924  26.158  9.256  -17.051 0.0000000000
87923  26.395  9.066  -17.361 0.0000000000
87909  26.087  9.026  -16.957 0.0000000000
87137  26.754  8.481  -18.004 0.0000000000
87934  26.558  9.000  -17.817 0.0000000000
87136  26.896  8.481  -17.485 0.0000000000
87922  26.740  8.894  -17.244 0.0000000000
87126  26.447  8.910  -17.030 0.0000000000
87908  26.227  9.003  -17.017 0.0000000000
87125  26.638  8.602  -17.034 0.0000000000
87113  26.587  8.591  -17.045 0.0000000000
87114  26.106  8.961  -16.936 0.0000000000
86274  26.717  8.037  -18.020 0.0000000000
86273  26.849  8.024  -17.858 0.0000000000
86265  27.051  8.277  -17.295 0.0000000000
86254  26.895  8.270  -17.093 0.0000000000
87112  26.669  8.440  -17.091 0.0000000000
85406  25.989  7.987  -18.483 0.0000000000
85407  25.522  7.891  -18.512 0.0000000000
86283  25.584  8.012  -18.618 0.0000000000
85405  26.029  8.000  -18.399 0.0000000000
85402  26.349  8.020  -18.114 0.0000000000
85401  26.554  7.973  -18.035 0.0000000000
85398  26.621  7.985  -17.873 0.0000000000
85397  27.018  7.937  -17.853 0.0000000000
86272  27.011  8.056  -17.718 0.0000000000
86264  27.076  8.065  -17.445 0.0000000000
85396  27.185  8.026  -17.651 0.0000000000
86253  27.038  7.972  -17.066 0.0000000000
85388  27.249  7.999  -17.305 0.0000000000
85376  27.066  8.021  -17.014 0.0000000000
85377  27.003  7.992  -17.037 0.0000000000
84493  26.016  7.637  -18.417 0.0000000000
84494  25.928  7.417  -18.530 0.0000000000
84492  26.188  7.696  -18.377 0.0000000000
84489  26.504  7.622  -18.031 0.0000000000
84488  26.808  7.535  -17.962 0.0000000000
84484  26.868  7.622  -17.809 0.0000000000
84483  27.069  7.495  -17.982 0.0000000000
84482  27.240  7.460  -17.550 0.0000000000
84476  27.191  7.459  -17.050 0.0000000000
83529  25.982  7.013  -18.527 0.0000000000
83528  26.017  7.175  -18.379 0.0000000000
83526  26.309  7.185  -18.162 0.0000000000
83525  26.801  7.082  -18.035 0.0000000000
83524  26.871  7.060  -17.960 0.0000000000
84487  26.910  7.345  -17.904 0.0000000000
83522  26.971  7.002  -17.869 0.0000000000
83521  27.152  6.991  -17.789 0.0000000000
83517  27.171  6.996  -17.272 0.0000000000
82576  26.013  7.000  -18.394 0.0000000000
82572  26.134  7.005  -18.318 0.0000000000
82571  26.571  6.988  -18.135 0.0000000000
82570  26.861  6.916  -18.023 0.0000000000
82567  26.906  6.787  -17.921 0.0000000000
82566  27.015  6.819  -17.911 0.0000000000
82565  27.210  6.826  -17.990 0.0000000000
83520  27.329  7.021  -17.882 0.0000000000
83516  27.431  7.008  -17.439 0.0000000000
82562  27.560  6.907  -17.300 0.0000000000
81681  26.822  6.571  -18.002 0.0000000000
81683  26.437  6.500  -18.364 0.0000000000
82575  26.100  6.943  -18.440 0.0000000000
81680  26.983  6.436  -18.051 0.0000000000
81677  26.937  6.432  -17.869 0.0000000000
81676  27.065  6.330  -17.999 0.0000000000
81675  27.431  6.165  -17.881 0.0000000000
80835  26.150  6.030  -18.460 0.0000000000
80832  26.631  5.995  -18.162 0.0000000000
81684  25.990  6.483  -18.515 0.0000000000
80831  26.859  6.072  -18.028 0.0000000000
80829  26.886  6.088  -17.938 0.0000000000
80828  27.004  6.032  -17.920 0.0000000000
80827  27.209  6.030  -17.903 0.0000000000
79965  26.889  5.991  -18.075 0.0000000000
79968  26.306  5.981  -18.473 0.0000000000
79964  26.869  5.871  -17.948 0.0000000000
79961  26.932  5.792  -17.859 0.0000000000
79960  27.008  5.895  -17.972 0.0000000000
79103  26.901  5.447  -17.899 0.0000000000
79104  26.936  5.428  -17.980 0.0000000000
79100  27.027  5.445  -17.812 0.0000000000
