#!ascii label  , from subject  vox2ras=TkReg
119
90914  23.970  10.432  -20.039 0.0000000000
90901  23.764  10.086  -20.104 0.0000000000
90900  23.907  10.350  -19.955 0.0000000000
90915  23.398  10.311  -20.045 0.0000000000
91631  23.895  10.831  -19.949 0.0000000000
91636  23.726  10.923  -20.173 0.0000000000
90193  23.244  10.050  -20.000 0.0000000000
90194  23.158  9.994  -20.108 0.0000000000
90916  23.005  10.239  -20.262 0.0000000000
91637  23.244  10.738  -20.221 0.0000000000
90195  22.980  10.058  -20.008 0.0000000000
90917  22.887  10.130  -20.010 0.0000000000
91638  23.016  10.796  -20.316 0.0000000000
90902  22.843  9.997  -20.010 0.0000000000
90903  22.476  10.160  -19.877 0.0000000000
90918  22.182  10.233  -20.003 0.0000000000
91639  22.679  10.600  -20.314 0.0000000000
91630  23.971  10.854  -19.852 0.0000000000
92365  23.906  11.004  -19.943 0.0000000000
92366  23.786  11.025  -19.996 0.0000000000
92370  23.459  10.992  -20.226 0.0000000000
92371  23.088  11.002  -20.314 0.0000000000
92372  23.019  10.945  -20.438 0.0000000000
91653  22.948  10.973  -20.557 0.0000000000
91640  22.018  10.731  -20.387 0.0000000000
91654  22.465  10.976  -20.485 0.0000000000
92381  22.853  10.976  -20.432 0.0000000000
91655  22.024  10.926  -20.560 0.0000000000
92382  22.422  11.090  -20.608 0.0000000000
92362  24.010  10.987  -19.567 0.0000000000
93107  23.991  11.012  -19.941 0.0000000000
93108  23.773  11.237  -20.030 0.0000000000
93113  23.667  11.123  -20.157 0.0000000000
93114  23.323  11.435  -20.285 0.0000000000
92380  22.895  11.010  -20.498 0.0000000000
93119  23.160  11.152  -20.672 0.0000000000
93120  23.028  11.394  -20.526 0.0000000000
93121  22.756  11.134  -20.557 0.0000000000
93103  24.015  11.094  -19.877 0.0000000000
93104  23.988  11.315  -19.550 0.0000000000
93889  23.678  11.688  -19.877 0.0000000000
93109  23.483  11.500  -20.037 0.0000000000
93890  23.397  11.792  -19.994 0.0000000000
93895  23.192  11.873  -20.090 0.0000000000
93115  23.134  11.839  -20.466 0.0000000000
93896  23.156  12.003  -20.178 0.0000000000
93900  23.011  11.908  -20.255 0.0000000000
93901  22.930  11.611  -20.439 0.0000000000
93885  23.814  11.629  -19.072 0.0000000000
93886  23.495  11.862  -19.645 0.0000000000
94654  23.201  12.127  -19.561 0.0000000000
94660  23.086  11.938  -19.955 0.0000000000
94666  23.043  12.067  -19.969 0.0000000000
94667  22.998  12.055  -20.012 0.0000000000
94672  22.957  11.989  -20.202 0.0000000000
94655  23.033  12.115  -19.537 0.0000000000
94661  22.997  12.040  -19.993 0.0000000000
94656  22.850  12.190  -19.735 0.0000000000
94662  22.967  12.173  -19.965 0.0000000000
94668  22.995  12.079  -20.103 0.0000000000
93881  23.253  11.911  -19.091 0.0000000000
94642  23.163  12.019  -19.014 0.0000000000
93100  23.891  11.451  -19.014 0.0000000000
93880  23.651  11.569  -18.992 0.0000000000
93099  24.044  11.290  -19.349 0.0000000000
93096  24.018  11.337  -19.019 0.0000000000
93097  24.058  11.472  -19.032 0.0000000000
92358  24.153  11.156  -19.260 0.0000000000
91626  24.070  11.009  -19.661 0.0000000000
92361  24.240  11.013  -19.479 0.0000000000
90899  23.992  10.293  -19.868 0.0000000000
91629  24.004  10.707  -19.769 0.0000000000
90898  24.101  10.299  -19.890 0.0000000000
91625  24.260  10.883  -19.578 0.0000000000
90181  22.623  10.048  -19.932 0.0000000000
90180  23.047  9.985  -19.969 0.0000000000
90178  23.628  10.021  -20.003 0.0000000000
90177  23.960  10.031  -19.923 0.0000000000
90176  24.034  10.050  -19.888 0.0000000000
90179  23.139  9.974  -19.986 0.0000000000
89471  22.854  9.967  -19.970 0.0000000000
89470  23.027  9.793  -19.899 0.0000000000
89469  23.471  9.862  -19.981 0.0000000000
89468  23.985  9.964  -19.854 0.0000000000
89467  23.986  9.843  -19.862 0.0000000000
89457  22.979  9.749  -19.826 0.0000000000
88712  22.984  9.351  -19.578 0.0000000000
88724  23.004  9.432  -19.739 0.0000000000
88723  23.351  9.542  -19.809 0.0000000000
88722  23.856  9.633  -19.747 0.0000000000
88721  23.913  9.626  -19.781 0.0000000000
88709  23.980  9.257  -19.644 0.0000000000
89456  23.984  9.461  -19.804 0.0000000000
89455  24.242  9.726  -19.782 0.0000000000
89466  24.103  9.989  -19.892 0.0000000000
89458  22.776  9.741  -19.804 0.0000000000
88708  24.149  9.136  -19.536 0.0000000000
88711  23.184  9.008  -19.500 0.0000000000
88710  23.959  9.149  -19.517 0.0000000000
87971  23.018  9.043  -19.408 0.0000000000
87970  23.146  9.002  -19.381 0.0000000000
88713  22.603  9.254  -19.380 0.0000000000
87969  23.729  8.985  -19.394 0.0000000000
87968  24.000  9.028  -19.440 0.0000000000
87967  24.204  8.996  -19.537 0.0000000000
87958  23.010  8.947  -19.334 0.0000000000
87957  23.005  8.995  -19.130 0.0000000000
87972  22.859  9.003  -19.249 0.0000000000
87956  23.588  8.869  -19.235 0.0000000000
87955  23.978  8.992  -19.373 0.0000000000
87954  24.034  8.945  -19.580 0.0000000000
87160  23.046  8.479  -19.127 0.0000000000
87161  22.999  8.665  -19.274 0.0000000000
87959  22.586  8.994  -19.198 0.0000000000
87159  23.498  8.515  -19.168 0.0000000000
87158  24.022  8.478  -19.026 0.0000000000
87157  23.999  8.515  -19.382 0.0000000000
86300  23.781  8.172  -19.049 0.0000000000
86299  23.990  8.154  -19.003 0.0000000000
