#!ascii label  , from subject  vox2ras=TkReg
136
51005  26.087  -4.932  -13.930 0.0000000000
50086  26.246  -4.983  -13.541 0.0000000000
51004  26.473  -4.811  -13.455 0.0000000000
50096  26.084  -4.986  -13.789 0.0000000000
51013  25.990  -4.797  -13.903 0.0000000000
51922  26.278  -4.414  -13.755 0.0000000000
51930  26.121  -4.369  -14.033 0.0000000000
50097  25.983  -5.011  -13.838 0.0000000000
51014  25.853  -4.892  -13.986 0.0000000000
51931  25.983  -4.519  -13.978 0.0000000000
50098  25.585  -4.996  -13.871 0.0000000000
51015  25.564  -4.944  -13.971 0.0000000000
51027  25.460  -4.932  -14.055 0.0000000000
51026  25.815  -4.682  -14.007 0.0000000000
51940  25.987  -4.386  -14.140 0.0000000000
50110  25.405  -5.038  -14.057 0.0000000000
51941  25.727  -4.436  -14.267 0.0000000000
50111  25.139  -5.042  -14.083 0.0000000000
51028  24.995  -4.972  -14.216 0.0000000000
51942  25.243  -4.457  -14.324 0.0000000000
51921  26.599  -4.297  -13.301 0.0000000000
51929  26.426  -4.087  -13.821 0.0000000000
52844  26.554  -4.002  -13.635 0.0000000000
52857  26.413  -4.015  -13.988 0.0000000000
52858  26.203  -4.187  -14.058 0.0000000000
51939  26.113  -4.291  -14.092 0.0000000000
52865  26.188  -4.099  -14.155 0.0000000000
52866  25.906  -4.008  -14.278 0.0000000000
52867  25.740  -4.014  -14.410 0.0000000000
51953  25.388  -4.063  -14.556 0.0000000000
51954  25.020  -4.028  -14.623 0.0000000000
52877  25.366  -4.021  -14.483 0.0000000000
52828  26.548  -3.995  -13.029 0.0000000000
53833  26.637  -3.840  -13.050 0.0000000000
53848  26.859  -3.984  -13.854 0.0000000000
53865  26.690  -3.826  -14.008 0.0000000000
52864  26.320  -3.999  -14.058 0.0000000000
53878  26.525  -3.873  -14.030 0.0000000000
53879  26.319  -3.942  -14.154 0.0000000000
53880  26.029  -3.996  -14.217 0.0000000000
52876  25.723  -3.984  -14.392 0.0000000000
53890  25.973  -3.684  -14.441 0.0000000000
53891  25.773  -3.900  -14.493 0.0000000000
52878  25.014  -4.004  -14.596 0.0000000000
53892  25.074  -3.880  -14.578 0.0000000000
53819  26.636  -3.763  -12.982 0.0000000000
53832  26.830  -3.507  -13.015 0.0000000000
53847  27.011  -3.493  -13.147 0.0000000000
54871  26.888  -3.005  -13.158 0.0000000000
54884  26.914  -3.011  -13.726 0.0000000000
53864  26.968  -3.504  -14.014 0.0000000000
54897  26.912  -3.198  -14.014 0.0000000000
54898  26.711  -3.608  -14.005 0.0000000000
54914  26.726  -3.384  -14.017 0.0000000000
54915  26.350  -3.404  -14.700 0.0000000000
53889  25.986  -3.704  -14.510 0.0000000000
54924  26.021  -3.281  -14.637 0.0000000000
54925  25.984  -3.325  -14.651 0.0000000000
54926  25.646  -3.199  -14.868 0.0000000000
53902  25.006  -3.511  -14.841 0.0000000000
53893  24.952  -3.891  -14.617 0.0000000000
53903  25.103  -3.509  -14.865 0.0000000000
54936  25.361  -3.106  -14.972 0.0000000000
54856  26.820  -3.205  -12.998 0.0000000000
55865  26.970  -2.972  -13.078 0.0000000000
55880  27.007  -3.000  -13.522 0.0000000000
55893  26.913  -2.921  -13.890 0.0000000000
54913  26.871  -3.094  -14.108 0.0000000000
55910  26.903  -3.036  -14.043 0.0000000000
55911  26.536  -2.999  -14.384 0.0000000000
54923  26.465  -3.007  -14.428 0.0000000000
55924  26.068  -2.999  -14.709 0.0000000000
55925  25.971  -3.017  -14.875 0.0000000000
55926  25.923  -2.980  -14.832 0.0000000000
54935  25.759  -3.015  -14.898 0.0000000000
56902  27.043  -2.751  -14.033 0.0000000000
56915  26.920  -2.709  -13.987 0.0000000000
56916  26.831  -2.959  -14.161 0.0000000000
56932  26.298  -2.785  -14.657 0.0000000000
56933  26.029  -2.881  -14.889 0.0000000000
57917  26.997  -2.475  -14.016 0.0000000000
57930  26.973  -2.253  -14.179 0.0000000000
56931  26.920  -2.628  -14.215 0.0000000000
57942  26.834  -2.138  -14.482 0.0000000000
53818  26.744  -3.488  -12.994 0.0000000000
51908  26.636  -4.379  -13.000 0.0000000000
52812  26.525  -4.000  -12.883 0.0000000000
50996  26.572  -4.795  -13.016 0.0000000000
50982  26.600  -4.940  -12.970 0.0000000000
51892  26.530  -4.559  -12.928 0.0000000000
50085  26.540  -5.017  -13.093 0.0000000000
50077  26.438  -5.097  -12.993 0.0000000000
50099  25.218  -5.138  -14.104 0.0000000000
49183  25.136  -5.207  -13.996 0.0000000000
49182  25.911  -5.300  -13.732 0.0000000000
49170  26.008  -5.541  -13.715 0.0000000000
50087  26.018  -5.051  -13.734 0.0000000000
49169  26.039  -5.323  -13.530 0.0000000000
49160  26.371  -5.444  -13.194 0.0000000000
50078  26.450  -5.072  -13.106 0.0000000000
49159  26.540  -5.352  -13.023 0.0000000000
49153  26.571  -5.470  -12.921 0.0000000000
50070  26.644  -5.000  -12.712 0.0000000000
48210  25.707  -5.782  -13.906 0.0000000000
48197  25.892  -5.945  -13.529 0.0000000000
48196  26.033  -5.999  -13.467 0.0000000000
48186  26.149  -5.943  -13.298 0.0000000000
48185  26.461  -5.975  -13.018 0.0000000000
48178  26.568  -5.842  -12.991 0.0000000000
48170  26.556  -5.903  -12.567 0.0000000000
49147  26.543  -5.403  -12.359 0.0000000000
47227  26.079  -5.989  -13.369 0.0000000000
47228  26.083  -6.003  -13.631 0.0000000000
47213  26.142  -6.193  -13.180 0.0000000000
47212  26.300  -6.029  -13.080 0.0000000000
47203  26.463  -6.047  -13.064 0.0000000000
47195  26.545  -5.989  -12.588 0.0000000000
47188  26.557  -6.003  -12.103 0.0000000000
48162  26.631  -5.856  -12.047 0.0000000000
46271  26.136  -6.601  -13.047 0.0000000000
47204  26.211  -6.248  -13.047 0.0000000000
46272  26.059  -6.619  -13.144 0.0000000000
47214  25.990  -6.235  -13.158 0.0000000000
46261  26.248  -6.528  -12.990 0.0000000000
46260  26.491  -6.175  -12.795 0.0000000000
46251  26.536  -6.197  -12.212 0.0000000000
46243  26.554  -6.269  -12.001 0.0000000000
47178  26.526  -5.992  -12.008 0.0000000000
45362  26.033  -6.990  -13.167 0.0000000000
45361  26.070  -7.016  -13.079 0.0000000000
46287  26.018  -6.649  -13.288 0.0000000000
45347  26.165  -6.993  -12.926 0.0000000000
45336  26.214  -7.002  -12.431 0.0000000000
46252  26.436  -6.488  -12.593 0.0000000000
45335  26.517  -6.690  -12.302 0.0000000000
45326  26.392  -6.675  -12.136 0.0000000000
