#!ascii label  , from subject  vox2ras=TkReg
146
62816  26.022  -0.496  -9.869 0.0000000000
62809  26.010  -0.826  -9.594 0.0000000000
61755  26.049  -0.997  -9.584 0.0000000000
61756  25.927  -0.830  -9.700 0.0000000000
62817  25.877  -0.650  -9.835 0.0000000000
62815  26.385  -0.096  -9.858 0.0000000000
62808  26.591  -0.376  -9.235 0.0000000000
63819  26.417  0.010  -9.973 0.0000000000
63820  26.091  -0.150  -9.941 0.0000000000
62824  25.970  -0.526  -10.006 0.0000000000
62823  26.044  -0.311  -10.014 0.0000000000
61762  25.834  -0.836  -9.863 0.0000000000
63827  26.145  -0.123  -10.137 0.0000000000
63828  25.983  -0.089  -10.005 0.0000000000
61770  25.781  -0.818  -10.020 0.0000000000
62830  25.843  -0.548  -10.116 0.0000000000
63834  25.852  -0.099  -10.338 0.0000000000
61771  25.494  -0.981  -10.189 0.0000000000
62831  25.305  -0.528  -10.355 0.0000000000
63835  25.822  -0.166  -10.444 0.0000000000
61784  25.288  -0.919  -10.587 0.0000000000
62836  25.138  -0.563  -10.886 0.0000000000
63842  25.611  0.006  -10.825 0.0000000000
61785  25.019  -0.909  -10.780 0.0000000000
62837  25.016  -0.689  -10.993 0.0000000000
63843  25.261  -0.289  -10.981 0.0000000000
61806  24.990  -0.947  -10.972 0.0000000000
62853  24.997  -0.572  -11.031 0.0000000000
63857  25.118  -0.225  -11.103 0.0000000000
63812  26.742  -0.002  -9.604 0.0000000000
63818  26.775  0.038  -9.649 0.0000000000
63811  26.903  -0.023  -9.431 0.0000000000
64806  26.712  0.171  -9.821 0.0000000000
63826  26.059  0.005  -10.012 0.0000000000
64814  26.458  0.246  -9.993 0.0000000000
64815  26.263  0.112  -10.034 0.0000000000
63833  26.003  -0.016  -10.162 0.0000000000
64821  26.044  0.014  -10.361 0.0000000000
64822  25.985  0.039  -10.435 0.0000000000
63841  25.766  0.034  -10.678 0.0000000000
64828  25.918  0.138  -10.657 0.0000000000
64829  25.725  0.170  -10.888 0.0000000000
63856  25.252  0.073  -11.011 0.0000000000
64841  25.610  0.050  -10.992 0.0000000000
64805  26.967  0.307  -9.571 0.0000000000
64813  26.849  0.325  -9.899 0.0000000000
65773  26.994  0.582  -9.952 0.0000000000
65774  26.933  0.568  -10.010 0.0000000000
64820  26.352  0.063  -10.061 0.0000000000
65782  26.892  0.588  -10.116 0.0000000000
65783  26.393  0.316  -10.360 0.0000000000
64827  26.011  0.272  -10.665 0.0000000000
65790  26.147  0.286  -10.912 0.0000000000
64839  25.988  0.215  -10.917 0.0000000000
64840  25.913  0.225  -11.008 0.0000000000
65765  27.008  0.381  -9.858 0.0000000000
65772  27.274  0.627  -9.980 0.0000000000
66733  27.161  0.849  -10.154 0.0000000000
66734  26.991  0.771  -10.178 0.0000000000
65781  26.972  0.622  -10.118 0.0000000000
65764  27.219  0.577  -9.717 0.0000000000
64804  27.009  0.160  -9.563 0.0000000000
64797  27.002  0.041  -9.370 0.0000000000
64796  27.286  0.127  -9.304 0.0000000000
63810  27.177  -0.261  -9.248 0.0000000000
64795  27.958  0.003  -9.147 0.0000000000
63809  27.678  -0.090  -9.214 0.0000000000
65759  27.577  0.359  -9.358 0.0000000000
62807  26.985  -0.568  -9.039 0.0000000000
63802  27.077  -0.310  -9.025 0.0000000000
62806  27.022  -0.404  -9.053 0.0000000000
63801  27.580  -0.153  -9.042 0.0000000000
63808  27.989  -0.047  -9.263 0.0000000000
63800  27.984  -0.147  -9.115 0.0000000000
63794  27.069  -0.360  -8.978 0.0000000000
62800  27.011  -0.471  -8.964 0.0000000000
63793  27.532  -0.148  -8.824 0.0000000000
63792  27.981  -0.161  -8.861 0.0000000000
62793  26.983  -0.340  -8.770 0.0000000000
63788  27.815  -0.247  -8.317 0.0000000000
62792  27.264  -0.320  -8.459 0.0000000000
63787  27.948  -0.281  -8.498 0.0000000000
61750  26.374  -0.986  -9.308 0.0000000000
61749  26.818  -0.964  -9.028 0.0000000000
62801  26.868  -0.301  -9.002 0.0000000000
61741  26.960  -0.785  -8.915 0.0000000000
61748  26.923  -0.745  -9.034 0.0000000000
62794  26.906  -0.692  -8.464 0.0000000000
61735  26.806  -0.815  -8.667 0.0000000000
62786  26.991  -0.856  -8.127 0.0000000000
61730  26.941  -0.982  -8.209 0.0000000000
62785  27.135  -0.784  -8.144 0.0000000000
61729  26.974  -0.979  -7.987 0.0000000000
61786  24.900  -0.939  -10.859 0.0000000000
61807  24.820  -0.910  -10.996 0.0000000000
60794  24.960  -1.045  -10.795 0.0000000000
60795  24.607  -1.120  -10.955 0.0000000000
61772  25.213  -0.988  -10.522 0.0000000000
60776  25.024  -1.216  -10.665 0.0000000000
60775  25.286  -1.139  -10.398 0.0000000000
61763  25.708  -0.961  -9.995 0.0000000000
60763  25.709  -1.053  -10.004 0.0000000000
60762  25.781  -1.018  -9.941 0.0000000000
60755  25.996  -1.007  -9.680 0.0000000000
60754  26.001  -0.987  -9.692 0.0000000000
60748  26.136  -1.182  -9.444 0.0000000000
60747  26.526  -1.218  -9.161 0.0000000000
61742  26.440  -0.893  -8.981 0.0000000000
61736  26.650  -0.971  -8.631 0.0000000000
60742  26.512  -1.130  -8.998 0.0000000000
61731  26.809  -0.975  -8.321 0.0000000000
60735  26.507  -1.015  -8.746 0.0000000000
60730  26.806  -1.008  -8.174 0.0000000000
59818  24.920  -1.692  -10.729 0.0000000000
59819  24.318  -1.751  -10.700 0.0000000000
60796  24.259  -1.212  -11.063 0.0000000000
60813  24.269  -1.147  -11.079 0.0000000000
60812  24.672  -0.971  -11.028 0.0000000000
59817  25.003  -1.448  -10.662 0.0000000000
59801  25.023  -1.690  -10.363 0.0000000000
59800  25.627  -1.600  -10.163 0.0000000000
59785  25.529  -1.567  -9.986 0.0000000000
59784  25.920  -1.382  -9.955 0.0000000000
60749  26.005  -1.234  -9.541 0.0000000000
59773  25.856  -1.554  -9.465 0.0000000000
59764  26.010  -1.554  -9.304 0.0000000000
59763  26.246  -1.619  -9.187 0.0000000000
59762  26.430  -1.491  -9.001 0.0000000000
59753  26.384  -1.400  -9.005 0.0000000000
59745  26.483  -1.476  -8.497 0.0000000000
59802  24.998  -1.789  -10.424 0.0000000000
58811  24.995  -1.960  -10.359 0.0000000000
58829  24.680  -1.990  -10.621 0.0000000000
58810  24.999  -2.003  -10.274 0.0000000000
59786  25.271  -1.891  -10.032 0.0000000000
58795  25.158  -2.009  -10.158 0.0000000000
58794  25.343  -1.932  -10.000 0.0000000000
59774  25.634  -1.678  -9.741 0.0000000000
58785  25.444  -2.006  -9.871 0.0000000000
58784  25.697  -1.968  -9.534 0.0000000000
58775  25.989  -1.941  -9.127 0.0000000000
58774  26.085  -1.953  -9.225 0.0000000000
59754  26.149  -1.803  -9.003 0.0000000000
58762  26.035  -1.958  -9.019 0.0000000000
59746  26.106  -1.866  -8.685 0.0000000000
59837  24.161  -1.476  -11.043 0.0000000000
