#!ascii label  , from subject  vox2ras=TkReg
159
50684  27.061  -4.747  -3.885 0.0000000000
50683  27.507  -4.739  -3.878 0.0000000000
50665  27.291  -4.830  -3.767 0.0000000000
50666  26.974  -4.871  -3.819 0.0000000000
50685  26.844  -4.891  -4.002 0.0000000000
51596  27.144  -4.624  -4.011 0.0000000000
51597  26.994  -4.645  -4.002 0.0000000000
49751  26.814  -4.983  -3.799 0.0000000000
49771  26.779  -4.997  -3.932 0.0000000000
49772  26.567  -5.015  -3.998 0.0000000000
50686  26.420  -4.997  -4.049 0.0000000000
51598  26.985  -4.705  -4.022 0.0000000000
50703  26.508  -4.864  -4.056 0.0000000000
50702  26.899  -4.630  -4.167 0.0000000000
49773  26.138  -5.038  -3.965 0.0000000000
50687  26.029  -5.005  -4.058 0.0000000000
50704  25.996  -5.002  -4.318 0.0000000000
49788  26.007  -4.930  -4.106 0.0000000000
51621  27.028  -4.281  -4.354 0.0000000000
51622  26.883  -4.223  -4.367 0.0000000000
51623  25.998  -4.653  -4.298 0.0000000000
49789  25.904  -5.008  -4.304 0.0000000000
50705  25.769  -4.837  -4.482 0.0000000000
51624  26.012  -4.643  -4.437 0.0000000000
51595  27.917  -4.672  -3.999 0.0000000000
51619  27.695  -4.278  -4.308 0.0000000000
51620  27.012  -4.342  -4.185 0.0000000000
52548  27.026  -4.033  -4.564 0.0000000000
52549  26.944  -4.031  -4.555 0.0000000000
52550  26.706  -3.985  -4.653 0.0000000000
51641  26.444  -4.235  -4.543 0.0000000000
50682  27.890  -4.888  -3.912 0.0000000000
51618  27.990  -4.448  -4.345 0.0000000000
50664  27.715  -4.801  -3.794 0.0000000000
49770  28.105  -4.964  -3.975 0.0000000000
49748  27.979  -4.962  -3.858 0.0000000000
50663  27.992  -4.842  -3.923 0.0000000000
50681  28.084  -4.942  -4.001 0.0000000000
50701  28.012  -4.739  -4.098 0.0000000000
49769  28.456  -5.005  -3.997 0.0000000000
49787  28.294  -4.983  -4.074 0.0000000000
50700  28.042  -4.613  -4.144 0.0000000000
49750  26.994  -4.993  -3.751 0.0000000000
49749  27.514  -4.969  -3.633 0.0000000000
49774  25.971  -5.003  -4.028 0.0000000000
48857  25.987  -5.199  -4.103 0.0000000000
49790  25.832  -5.021  -4.344 0.0000000000
49786  28.882  -5.046  -4.272 0.0000000000
50699  28.571  -4.948  -4.399 0.0000000000
48856  28.835  -5.225  -4.135 0.0000000000
49768  28.640  -5.071  -3.961 0.0000000000
49785  28.982  -5.154  -4.460 0.0000000000
48855  28.996  -5.423  -4.252 0.0000000000
49797  29.117  -5.006  -4.770 0.0000000000
49798  28.959  -4.971  -4.738 0.0000000000
48870  29.000  -5.098  -4.688 0.0000000000
48843  25.974  -5.371  -3.993 0.0000000000
48842  26.159  -5.180  -4.027 0.0000000000
49752  26.768  -5.016  -3.963 0.0000000000
48841  26.563  -5.206  -4.028 0.0000000000
49747  28.071  -5.053  -3.952 0.0000000000
48840  28.266  -5.089  -3.976 0.0000000000
48839  28.803  -5.342  -4.016 0.0000000000
48821  26.780  -5.244  -3.482 0.0000000000
48820  26.998  -5.222  -3.696 0.0000000000
48819  27.196  -5.124  -3.702 0.0000000000
48818  27.697  -5.096  -3.684 0.0000000000
48817  27.995  -5.118  -3.730 0.0000000000
48816  28.269  -5.169  -3.780 0.0000000000
48869  29.267  -5.128  -4.712 0.0000000000
47909  29.570  -5.786  -4.784 0.0000000000
47895  29.422  -5.681  -4.176 0.0000000000
48854  29.284  -5.298  -4.254 0.0000000000
48888  29.422  -5.556  -4.993 0.0000000000
49796  29.118  -5.023  -4.903 0.0000000000
49816  29.205  -5.012  -4.976 0.0000000000
48844  25.725  -5.443  -3.972 0.0000000000
48858  25.514  -5.480  -4.053 0.0000000000
47896  29.076  -5.813  -4.017 0.0000000000
47882  29.226  -5.653  -3.875 0.0000000000
48838  29.050  -5.492  -3.769 0.0000000000
47883  25.735  -5.655  -3.975 0.0000000000
47884  25.400  -5.930  -3.999 0.0000000000
48823  26.001  -5.446  -3.849 0.0000000000
47866  25.805  -5.736  -3.819 0.0000000000
48822  26.207  -5.445  -3.914 0.0000000000
48815  28.920  -5.611  -3.651 0.0000000000
47862  29.112  -5.731  -3.476 0.0000000000
48814  29.085  -5.681  -3.564 0.0000000000
47865  26.064  -5.899  -3.696 0.0000000000
47864  26.226  -5.896  -3.534 0.0000000000
48801  26.976  -5.539  -3.422 0.0000000000
47843  26.669  -5.869  -3.107 0.0000000000
48800  27.087  -5.528  -3.423 0.0000000000
48799  27.417  -5.485  -3.447 0.0000000000
48798  27.953  -5.439  -3.436 0.0000000000
48797  28.010  -5.492  -3.366 0.0000000000
48796  28.277  -5.480  -3.259 0.0000000000
47863  28.996  -5.893  -3.285 0.0000000000
48795  28.657  -5.830  -3.406 0.0000000000
47842  26.917  -5.835  -3.058 0.0000000000
47841  27.068  -5.852  -3.087 0.0000000000
47840  27.615  -5.781  -3.068 0.0000000000
47839  27.994  -5.763  -3.054 0.0000000000
47838  28.031  -5.701  -3.000 0.0000000000
47837  28.685  -5.862  -3.054 0.0000000000
47881  29.239  -5.854  -4.012 0.0000000000
46934  29.415  -6.002  -4.076 0.0000000000
46922  29.212  -5.997  -4.008 0.0000000000
47894  29.722  -5.977  -4.336 0.0000000000
47867  25.625  -5.868  -3.813 0.0000000000
46911  25.453  -6.003  -3.894 0.0000000000
46923  25.340  -6.005  -3.983 0.0000000000
46924  25.075  -6.076  -4.031 0.0000000000
47885  25.102  -5.982  -4.161 0.0000000000
47898  24.985  -5.985  -4.357 0.0000000000
47897  25.162  -5.928  -4.167 0.0000000000
47861  29.378  -5.792  -3.768 0.0000000000
46907  29.254  -5.973  -3.709 0.0000000000
46910  25.884  -6.019  -3.690 0.0000000000
46909  25.990  -5.996  -3.931 0.0000000000
47844  26.198  -6.020  -3.430 0.0000000000
46893  26.136  -6.110  -3.405 0.0000000000
46908  29.293  -5.874  -3.324 0.0000000000
46891  29.088  -5.973  -3.072 0.0000000000
47836  28.983  -5.869  -3.040 0.0000000000
46892  26.343  -6.026  -3.224 0.0000000000
47825  26.852  -5.957  -2.981 0.0000000000
46873  26.521  -6.034  -3.040 0.0000000000
47824  26.969  -5.931  -3.001 0.0000000000
47823  27.134  -5.809  -2.912 0.0000000000
47822  27.683  -5.799  -2.901 0.0000000000
47821  28.004  -5.835  -2.852 0.0000000000
47820  28.333  -5.752  -2.826 0.0000000000
47819  28.781  -5.789  -2.861 0.0000000000
46872  26.958  -5.986  -2.986 0.0000000000
46871  27.010  -5.930  -2.975 0.0000000000
47814  27.467  -5.790  -2.757 0.0000000000
46857  27.078  -6.072  -2.826 0.0000000000
47813  27.911  -5.870  -2.654 0.0000000000
47812  28.018  -5.800  -2.548 0.0000000000
47811  28.450  -5.827  -2.684 0.0000000000
46895  25.631  -6.064  -3.494 0.0000000000
45977  25.438  -6.184  -3.625 0.0000000000
45978  25.059  -6.251  -3.824 0.0000000000
46912  25.159  -6.148  -4.055 0.0000000000
46894  25.877  -6.045  -3.433 0.0000000000
46874  26.250  -6.216  -3.157 0.0000000000
45967  26.157  -6.297  -3.203 0.0000000000
45968  26.017  -6.414  -3.242 0.0000000000
46858  26.989  -6.090  -2.928 0.0000000000
45988  25.048  -6.326  -3.965 0.0000000000
46935  25.022  -6.016  -4.137 0.0000000000
49817  29.078  -4.926  -4.984 0.0000000000
50716  29.086  -4.819  -4.950 0.0000000000
50717  28.764  -4.540  -4.911 0.0000000000
50718  28.287  -4.533  -4.547 0.0000000000
51617  28.031  -4.344  -4.432 0.0000000000
51639  28.111  -4.233  -4.676 0.0000000000
