#!ascii label  , from subject  vox2ras=TkReg
126
48898  24.557  -5.731  -5.140 0.0000000000
48891  24.654  -5.591  -4.934 0.0000000000
47927  24.457  -5.924  -5.107 0.0000000000
47935  24.236  -5.979  -5.505 0.0000000000
48907  24.500  -5.633  -5.833 0.0000000000
48897  24.876  -5.144  -5.588 0.0000000000
48890  24.947  -5.387  -5.001 0.0000000000
47945  24.326  -5.894  -5.966 0.0000000000
47944  24.528  -5.782  -6.008 0.0000000000
48906  24.837  -5.295  -5.999 0.0000000000
47954  24.562  -5.633  -6.016 0.0000000000
48916  24.615  -5.441  -6.003 0.0000000000
49837  24.968  -5.019  -5.901 0.0000000000
49847  24.954  -5.006  -6.039 0.0000000000
49828  24.947  -5.053  -5.337 0.0000000000
47926  24.787  -5.735  -5.018 0.0000000000
48873  24.875  -5.564  -4.859 0.0000000000
47911  24.724  -5.802  -4.788 0.0000000000
48889  24.938  -5.080  -5.017 0.0000000000
48872  25.006  -5.361  -4.974 0.0000000000
49819  25.015  -5.160  -5.112 0.0000000000
49818  25.020  -5.027  -4.964 0.0000000000
47910  24.979  -5.770  -4.662 0.0000000000
48859  25.013  -5.741  -4.555 0.0000000000
47898  24.985  -5.985  -4.357 0.0000000000
48871  25.114  -5.222  -4.892 0.0000000000
49800  25.216  -5.031  -4.938 0.0000000000
48858  25.514  -5.480  -4.053 0.0000000000
49799  25.197  -4.972  -4.757 0.0000000000
47897  25.162  -5.928  -4.167 0.0000000000
47955  24.346  -5.862  -6.009 0.0000000000
46975  24.210  -6.058  -5.878 0.0000000000
46987  24.283  -6.073  -6.004 0.0000000000
46967  24.153  -6.107  -5.437 0.0000000000
46966  24.327  -5.987  -5.500 0.0000000000
47936  24.313  -6.013  -5.243 0.0000000000
47912  24.406  -5.886  -4.973 0.0000000000
46958  24.349  -5.985  -5.006 0.0000000000
46959  24.168  -6.053  -4.964 0.0000000000
47928  24.153  -6.040  -5.061 0.0000000000
46947  24.369  -6.002  -4.924 0.0000000000
47899  24.704  -5.936  -4.342 0.0000000000
46946  24.755  -5.972  -4.627 0.0000000000
46936  24.936  -6.048  -4.325 0.0000000000
46976  24.140  -6.091  -5.858 0.0000000000
46988  24.143  -6.143  -6.068 0.0000000000
46036  24.112  -6.217  -5.817 0.0000000000
46046  24.042  -6.306  -6.027 0.0000000000
46028  24.052  -6.263  -5.216 0.0000000000
46948  24.183  -6.253  -5.029 0.0000000000
46020  23.992  -6.440  -5.081 0.0000000000
46009  24.008  -6.433  -4.937 0.0000000000
46937  24.757  -6.045  -4.565 0.0000000000
46008  24.178  -6.311  -4.812 0.0000000000
46037  23.902  -6.405  -5.995 0.0000000000
46047  23.897  -6.389  -6.109 0.0000000000
46989  24.020  -6.195  -6.157 0.0000000000
46029  23.957  -6.470  -5.379 0.0000000000
45119  23.539  -6.968  -5.908 0.0000000000
45126  23.592  -6.718  -5.991 0.0000000000
46021  23.851  -6.533  -5.032 0.0000000000
45111  23.624  -6.805  -5.135 0.0000000000
46010  23.848  -6.547  -4.892 0.0000000000
45100  23.708  -6.863  -4.771 0.0000000000
45099  23.905  -6.681  -4.733 0.0000000000
45127  23.096  -6.949  -5.979 0.0000000000
45137  23.254  -6.839  -6.022 0.0000000000
45136  23.658  -6.563  -6.029 0.0000000000
45120  23.341  -7.006  -5.576 0.0000000000
45112  23.342  -7.009  -5.067 0.0000000000
44178  23.237  -7.164  -5.545 0.0000000000
44186  23.101  -7.014  -5.882 0.0000000000
44187  23.020  -7.123  -5.925 0.0000000000
45128  23.027  -7.008  -6.029 0.0000000000
45138  22.999  -6.914  -6.128 0.0000000000
44198  22.993  -7.023  -6.001 0.0000000000
46048  23.655  -6.510  -6.111 0.0000000000
46049  23.117  -6.632  -6.242 0.0000000000
44199  22.904  -7.102  -6.096 0.0000000000
45139  22.484  -7.021  -6.168 0.0000000000
45148  22.593  -6.817  -6.606 0.0000000000
45147  22.956  -6.719  -6.491 0.0000000000
46058  23.046  -6.529  -6.586 0.0000000000
46059  22.972  -6.368  -6.649 0.0000000000
45149  22.121  -6.971  -6.511 0.0000000000
45161  22.044  -6.810  -6.791 0.0000000000
45160  22.309  -6.856  -6.970 0.0000000000
46071  22.734  -6.601  -7.001 0.0000000000
46056  23.830  -6.226  -6.276 0.0000000000
47000  23.984  -6.032  -6.325 0.0000000000
46057  23.246  -6.269  -6.882 0.0000000000
47001  23.733  -5.997  -6.725 0.0000000000
46069  23.015  -6.385  -6.985 0.0000000000
47015  23.379  -6.046  -6.955 0.0000000000
46070  23.000  -6.323  -6.997 0.0000000000
47016  23.139  -6.206  -7.042 0.0000000000
47956  24.132  -6.017  -6.214 0.0000000000
46999  24.050  -6.067  -6.277 0.0000000000
47966  23.963  -5.870  -6.628 0.0000000000
47967  23.823  -5.900  -6.615 0.0000000000
47014  23.600  -5.951  -6.686 0.0000000000
48917  24.250  -5.453  -6.358 0.0000000000
48918  24.003  -5.756  -6.515 0.0000000000
49848  24.794  -5.000  -6.119 0.0000000000
49790  25.832  -5.021  -4.344 0.0000000000
50706  25.439  -4.951  -4.552 0.0000000000
50720  25.377  -4.738  -4.813 0.0000000000
50721  25.177  -5.054  -4.984 0.0000000000
50742  25.124  -4.975  -5.025 0.0000000000
49827  25.028  -5.042  -5.256 0.0000000000
50750  25.098  -4.992  -5.471 0.0000000000
49836  25.037  -5.065  -5.648 0.0000000000
50758  25.039  -4.952  -5.929 0.0000000000
49846  25.030  -4.998  -6.005 0.0000000000
50767  25.036  -4.772  -6.090 0.0000000000
50705  25.769  -4.837  -4.482 0.0000000000
50719  25.665  -4.679  -4.710 0.0000000000
51644  25.564  -4.200  -4.943 0.0000000000
50741  25.288  -4.687  -4.995 0.0000000000
51662  25.645  -4.287  -4.991 0.0000000000
51663  25.437  -4.591  -5.000 0.0000000000
51672  25.267  -4.704  -5.197 0.0000000000
51680  25.113  -4.831  -5.811 0.0000000000
50757  25.304  -4.723  -5.986 0.0000000000
51671  25.597  -4.279  -5.110 0.0000000000
51679  25.344  -4.312  -5.899 0.0000000000
