#!ascii label  , from subject  vox2ras=TkReg
131
37056  24.873  -9.972  -10.986 0.0000000000
36267  24.851  -10.177  -10.995 0.0000000000
36259  24.813  -10.121  -10.838 0.0000000000
37048  24.641  -9.994  -10.608 0.0000000000
37064  24.874  -9.949  -11.287 0.0000000000
37851  24.745  -9.665  -11.005 0.0000000000
37861  24.908  -9.563  -11.037 0.0000000000
36276  24.762  -10.099  -11.214 0.0000000000
37073  24.915  -9.988  -11.857 0.0000000000
37868  24.937  -9.709  -11.047 0.0000000000
37063  25.002  -9.995  -11.350 0.0000000000
37072  25.040  -9.984  -11.599 0.0000000000
37867  25.083  -9.866  -11.154 0.0000000000
37876  25.190  -9.996  -11.775 0.0000000000
37078  25.048  -9.988  -11.980 0.0000000000
36282  24.667  -10.364  -11.990 0.0000000000
37079  24.997  -10.023  -12.080 0.0000000000
37883  25.145  -9.807  -12.012 0.0000000000
37082  25.000  -9.954  -12.126 0.0000000000
37886  25.050  -9.830  -12.062 0.0000000000
36284  24.995  -10.272  -12.033 0.0000000000
37083  24.973  -10.005  -12.379 0.0000000000
37887  25.031  -9.905  -12.345 0.0000000000
37049  24.524  -10.009  -10.734 0.0000000000
37852  24.494  -9.274  -10.910 0.0000000000
38694  24.773  -9.114  -10.984 0.0000000000
37838  24.356  -9.513  -10.196 0.0000000000
38680  24.419  -9.118  -10.188 0.0000000000
38695  24.506  -9.012  -10.816 0.0000000000
38708  24.929  -9.150  -11.044 0.0000000000
37860  24.992  -9.454  -10.998 0.0000000000
38707  25.007  -9.245  -11.046 0.0000000000
38715  25.136  -9.431  -11.496 0.0000000000
38723  25.485  -9.497  -12.000 0.0000000000
37826  24.627  -9.621  -9.993 0.0000000000
38669  24.432  -9.119  -10.005 0.0000000000
39532  24.438  -9.003  -10.084 0.0000000000
39545  24.585  -9.018  -10.681 0.0000000000
39544  24.846  -9.016  -11.001 0.0000000000
39559  24.920  -9.008  -11.058 0.0000000000
39558  25.000  -9.004  -11.027 0.0000000000
39568  25.139  -9.009  -11.216 0.0000000000
39578  25.246  -9.048  -11.716 0.0000000000
40449  24.876  -8.748  -11.005 0.0000000000
40466  25.018  -8.755  -11.064 0.0000000000
40467  24.958  -8.633  -11.079 0.0000000000
37037  24.642  -10.021  -10.142 0.0000000000
37024  24.688  -9.976  -10.006 0.0000000000
37825  24.731  -9.906  -9.976 0.0000000000
37813  24.692  -9.760  -9.871 0.0000000000
37814  24.503  -9.583  -9.985 0.0000000000
37023  24.885  -10.036  -9.930 0.0000000000
38659  24.344  -9.145  -9.831 0.0000000000
37011  24.897  -9.962  -9.918 0.0000000000
37812  24.996  -9.977  -9.747 0.0000000000
37796  24.925  -9.484  -9.570 0.0000000000
37797  24.676  -9.499  -9.459 0.0000000000
38658  24.630  -9.166  -9.528 0.0000000000
37010  24.985  -10.077  -9.864 0.0000000000
37811  25.396  -10.007  -9.681 0.0000000000
37795  25.206  -9.625  -9.471 0.0000000000
37009  25.303  -10.021  -9.484 0.0000000000
37810  25.775  -10.003  -9.716 0.0000000000
37794  25.824  -9.769  -9.445 0.0000000000
37008  25.965  -10.024  -9.521 0.0000000000
38646  24.958  -9.072  -9.149 0.0000000000
38645  25.028  -9.052  -9.263 0.0000000000
38644  25.542  -9.219  -9.171 0.0000000000
36993  26.013  -9.967  -9.442 0.0000000000
37793  26.012  -9.804  -9.390 0.0000000000
38643  25.920  -9.424  -9.263 0.0000000000
36992  26.111  -9.980  -9.465 0.0000000000
37792  26.485  -9.714  -9.350 0.0000000000
38642  26.002  -9.220  -9.227 0.0000000000
36250  24.851  -10.274  -10.163 0.0000000000
37036  24.686  -10.004  -10.033 0.0000000000
36237  24.887  -10.108  -10.009 0.0000000000
36236  24.962  -10.173  -9.979 0.0000000000
37022  24.981  -10.131  -9.983 0.0000000000
36221  25.055  -10.262  -9.729 0.0000000000
36220  25.613  -10.317  -9.777 0.0000000000
36219  25.991  -10.246  -9.795 0.0000000000
37007  26.083  -9.993  -9.595 0.0000000000
36218  26.021  -10.167  -9.879 0.0000000000
37006  26.164  -9.992  -9.622 0.0000000000
36217  26.580  -10.274  -9.579 0.0000000000
36991  26.497  -9.993  -9.388 0.0000000000
35495  24.885  -10.739  -12.011 0.0000000000
35492  24.762  -10.769  -11.488 0.0000000000
35485  24.773  -10.535  -11.017 0.0000000000
35478  24.873  -10.767  -10.948 0.0000000000
35469  24.790  -10.543  -10.593 0.0000000000
35468  25.002  -10.665  -10.434 0.0000000000
36249  24.971  -10.323  -10.100 0.0000000000
35455  25.012  -10.305  -10.084 0.0000000000
35454  25.408  -10.570  -9.986 0.0000000000
36235  25.298  -10.848  -9.978 0.0000000000
35453  25.954  -10.912  -10.107 0.0000000000
36234  25.972  -10.736  -10.009 0.0000000000
35452  26.088  -10.842  -10.007 0.0000000000
36233  25.998  -10.495  -9.917 0.0000000000
35437  26.071  -10.664  -10.009 0.0000000000
35436  26.345  -10.885  -9.941 0.0000000000
34685  24.792  -10.979  -11.577 0.0000000000
34678  24.917  -10.984  -11.026 0.0000000000
34670  24.904  -11.008  -11.013 0.0000000000
34669  25.026  -10.994  -10.907 0.0000000000
35477  24.870  -10.981  -10.872 0.0000000000
34659  24.984  -10.971  -10.777 0.0000000000
34658  25.230  -10.991  -10.508 0.0000000000
35467  25.589  -10.786  -10.263 0.0000000000
34657  25.881  -11.015  -10.263 0.0000000000
35466  25.949  -10.970  -10.126 0.0000000000
34647  25.986  -11.019  -10.122 0.0000000000
34646  26.024  -10.979  -10.075 0.0000000000
34645  26.268  -10.948  -10.002 0.0000000000
35451  26.280  -10.985  -9.981 0.0000000000
34633  26.584  -10.994  -9.796 0.0000000000
34632  26.616  -10.911  -9.592 0.0000000000
35435  26.815  -10.842  -9.318 0.0000000000
34677  24.966  -11.051  -11.172 0.0000000000
33848  25.010  -11.137  -10.970 0.0000000000
33847  25.117  -11.388  -10.886 0.0000000000
34668  25.038  -11.037  -10.740 0.0000000000
33837  25.107  -11.033  -10.694 0.0000000000
33836  25.504  -11.065  -10.441 0.0000000000
33835  26.009  -11.164  -10.577 0.0000000000
34656  26.001  -11.033  -10.204 0.0000000000
33826  26.017  -11.000  -10.190 0.0000000000
33825  26.336  -11.152  -10.047 0.0000000000
33846  25.800  -11.707  -10.818 0.0000000000
