#!ascii label  , from subject  vox2ras=TkReg
75
10199  29.906  17.679  16.274 0.0000000000
9174  29.663  17.373  16.318 0.0000000000
10200  29.524  17.664  16.703 0.0000000000
10217  29.834  17.789  16.121 0.0000000000
9175  29.320  17.122  16.564 0.0000000000
9156  29.212  17.324  16.944 0.0000000000
10182  29.188  17.672  17.264 0.0000000000
11185  29.288  18.186  17.162 0.0000000000
11205  29.408  18.148  16.964 0.0000000000
10218  29.698  17.873  16.535 0.0000000000
9191  29.727  17.547  16.183 0.0000000000
10236  29.859  17.887  15.565 0.0000000000
11223  29.795  18.236  16.053 0.0000000000
11224  29.655  17.854  16.659 0.0000000000
9210  29.809  17.401  15.570 0.0000000000
9226  29.840  17.466  15.221 0.0000000000
10252  29.886  17.908  14.972 0.0000000000
11242  29.809  18.425  15.533 0.0000000000
11256  29.773  18.421  15.178 0.0000000000
9241  29.834  17.431  14.820 0.0000000000
10270  29.669  17.975  14.749 0.0000000000
10271  29.392  17.923  14.372 0.0000000000
10253  29.869  17.940  14.749 0.0000000000
11257  29.716  18.465  14.945 0.0000000000
11270  29.448  18.321  14.721 0.0000000000
9242  29.632  17.424  14.412 0.0000000000
9256  29.403  17.363  14.060 0.0000000000
10288  29.190  17.924  14.206 0.0000000000
10289  28.837  17.946  14.138 0.0000000000
10272  29.202  18.062  14.119 0.0000000000
11271  29.015  18.430  14.540 0.0000000000
11281  28.750  18.199  14.324 0.0000000000
11170  29.121  17.813  17.698 0.0000000000
12204  29.153  18.564  17.507 0.0000000000
12221  29.202  18.866  17.108 0.0000000000
12239  29.437  19.072  16.804 0.0000000000
11204  29.747  18.419  16.426 0.0000000000
12238  29.666  18.801  16.603 0.0000000000
12256  29.751  18.739  16.098 0.0000000000
12271  29.756  18.788  15.724 0.0000000000
12282  29.717  18.797  15.282 0.0000000000
12283  29.533  18.884  15.036 0.0000000000
12293  29.308  18.713  14.846 0.0000000000
11258  28.753  18.814  14.776 0.0000000000
11272  28.408  18.423  14.603 0.0000000000
12294  28.898  18.978  14.702 0.0000000000
11282  28.464  18.112  14.314 0.0000000000
13309  29.682  19.057  16.314 0.0000000000
13323  29.734  18.969  16.008 0.0000000000
12257  29.739  19.007  15.955 0.0000000000
12272  29.626  19.146  15.782 0.0000000000
13324  29.470  19.324  16.053 0.0000000000
13334  29.640  19.141  15.387 0.0000000000
13335  29.383  19.457  15.551 0.0000000000
13345  29.585  19.058  15.103 0.0000000000
13346  29.228  19.353  15.114 0.0000000000
12284  29.024  19.062  14.907 0.0000000000
10168  29.040  17.800  17.644 0.0000000000
11171  28.844  18.155  17.810 0.0000000000
9157  28.960  17.172  17.252 0.0000000000
10183  28.931  17.492  17.535 0.0000000000
10169  28.873  17.656  17.792 0.0000000000
8388  29.616  17.062  14.179 0.0000000000
8387  29.775  17.001  14.514 0.0000000000
8371  29.928  16.902  14.836 0.0000000000
8356  29.802  17.089  15.434 0.0000000000
9211  29.687  17.144  15.728 0.0000000000
9192  29.411  17.100  16.020 0.0000000000
8321  29.107  16.908  16.684 0.0000000000
9176  29.068  17.017  16.972 0.0000000000
8339  29.147  16.717  16.307 0.0000000000
8372  29.730  16.787  15.287 0.0000000000
8357  29.478  16.795  15.678 0.0000000000
9136  28.767  17.152  17.861 0.0000000000
10156  28.894  17.620  17.820 0.0000000000
