#!ascii label  , from subject  vox2ras=TkReg
69
30155  29.934  25.313  24.029 0.0000000000
28582  29.884  24.815  23.974 0.0000000000
28566  29.883  24.827  24.270 0.0000000000
30140  30.120  25.402  24.609 0.0000000000
30169  30.270  25.286  23.581 0.0000000000
31765  30.086  25.824  24.292 0.0000000000
31778  30.166  25.737  23.674 0.0000000000
28599  30.350  24.875  23.566 0.0000000000
30168  30.593  25.227  23.160 0.0000000000
31793  30.420  25.875  23.065 0.0000000000
31764  30.116  25.716  24.709 0.0000000000
31748  30.332  25.870  24.773 0.0000000000
31749  30.141  26.123  24.817 0.0000000000
33448  29.997  26.356  24.167 0.0000000000
33462  30.170  26.380  23.480 0.0000000000
31792  30.606  25.565  22.970 0.0000000000
33476  29.947  26.690  22.553 0.0000000000
31809  30.660  25.656  22.631 0.0000000000
31810  30.337  26.205  22.368 0.0000000000
30182  30.662  25.402  22.869 0.0000000000
31808  30.798  25.465  22.576 0.0000000000
30181  30.839  25.185  22.709 0.0000000000
31825  30.820  25.514  22.360 0.0000000000
31826  30.570  25.881  22.125 0.0000000000
33494  29.915  26.489  22.136 0.0000000000
31827  30.067  26.176  21.860 0.0000000000
30195  31.058  25.006  21.888 0.0000000000
31842  30.837  25.623  22.053 0.0000000000
31843  30.415  25.779  21.682 0.0000000000
33432  29.891  26.370  24.709 0.0000000000
35173  29.932  26.850  24.207 0.0000000000
35197  30.014  26.924  23.631 0.0000000000
35219  29.978  27.123  22.991 0.0000000000
33495  29.448  26.653  22.103 0.0000000000
33477  29.204  26.995  22.217 0.0000000000
35220  29.551  27.331  22.476 0.0000000000
33513  29.605  26.414  21.933 0.0000000000
35159  29.879  26.890  24.734 0.0000000000
36942  29.997  27.286  24.286 0.0000000000
36963  30.033  27.343  23.782 0.0000000000
36978  30.006  27.501  23.253 0.0000000000
36979  29.759  27.701  22.781 0.0000000000
31729  30.003  26.052  24.966 0.0000000000
33415  29.810  26.487  25.259 0.0000000000
30139  30.170  25.726  24.851 0.0000000000
30125  29.962  25.570  24.897 0.0000000000
30124  30.426  25.947  25.012 0.0000000000
30105  30.097  25.500  25.019 0.0000000000
30081  29.794  25.524  25.452 0.0000000000
31715  29.750  25.946  25.581 0.0000000000
28615  31.037  24.595  22.575 0.0000000000
28597  30.924  24.635  22.971 0.0000000000
30167  30.806  24.949  23.020 0.0000000000
28598  30.611  24.636  23.322 0.0000000000
28552  29.940  25.134  24.937 0.0000000000
28532  29.803  25.177  25.314 0.0000000000
28581  30.298  24.490  23.683 0.0000000000
27027  30.894  24.079  23.140 0.0000000000
27007  30.406  24.111  23.516 0.0000000000
27026  30.997  24.212  22.974 0.0000000000
27008  30.101  24.139  23.783 0.0000000000
27009  29.847  24.218  23.968 0.0000000000
28583  30.020  24.748  23.953 0.0000000000
28567  29.726  24.695  24.599 0.0000000000
25484  30.877  23.853  23.144 0.0000000000
25465  30.574  23.650  23.353 0.0000000000
25466  30.201  23.686  23.685 0.0000000000
25467  29.897  23.821  23.848 0.0000000000
26993  29.676  24.289  24.352 0.0000000000
