#!ascii label  , from subject  vox2ras=TkReg
79
18081  -27.255  21.073  17.866 0.0000000000
18076  -27.549  21.216  18.200 0.0000000000
16650  -27.551  20.974  17.952 0.0000000000
16661  -27.021  20.865  17.555 0.0000000000
18080  -27.019  21.024  17.732 0.0000000000
18075  -26.942  21.219  17.911 0.0000000000
16660  -26.699  20.901  17.605 0.0000000000
16651  -27.941  20.835  18.138 0.0000000000
18077  -27.768  21.082  18.143 0.0000000000
18065  -27.797  21.276  18.412 0.0000000000
19408  -27.557  21.610  18.635 0.0000000000
19416  -27.280  21.493  18.336 0.0000000000
16649  -26.428  21.120  17.829 0.0000000000
18074  -26.243  21.247  18.013 0.0000000000
18063  -26.453  21.620  18.452 0.0000000000
18064  -27.080  21.776  18.672 0.0000000000
19415  -27.122  21.692  18.455 0.0000000000
16648  -26.060  21.109  17.916 0.0000000000
18073  -25.866  21.340  17.949 0.0000000000
18062  -25.871  21.518  18.506 0.0000000000
16647  -25.821  21.023  17.934 0.0000000000
18066  -28.060  21.237  18.547 0.0000000000
19406  -26.761  21.941  19.043 0.0000000000
19407  -27.028  21.855  18.779 0.0000000000
19405  -26.157  21.802  18.827 0.0000000000
16637  -25.436  21.227  18.424 0.0000000000
18061  -25.404  21.403  18.699 0.0000000000
18052  -25.532  21.647  18.880 0.0000000000
19396  -25.835  21.862  19.029 0.0000000000
15269  -27.621  20.497  17.519 0.0000000000
15278  -27.406  20.315  17.139 0.0000000000
16666  -26.850  20.622  17.091 0.0000000000
16665  -26.764  20.615  17.104 0.0000000000
16659  -26.190  20.837  17.630 0.0000000000
16664  -26.372  20.728  17.323 0.0000000000
15268  -26.140  20.653  17.390 0.0000000000
15267  -25.924  20.553  17.434 0.0000000000
16658  -25.783  20.784  17.764 0.0000000000
15266  -25.487  20.356  17.558 0.0000000000
16657  -25.436  20.727  17.920 0.0000000000
15259  -28.073  20.466  17.903 0.0000000000
15258  -27.932  20.739  18.030 0.0000000000
16652  -27.999  20.547  17.967 0.0000000000
16638  -28.109  20.972  18.248 0.0000000000
16639  -28.303  20.678  18.423 0.0000000000
16646  -25.277  20.883  18.237 0.0000000000
15279  -27.831  20.193  17.228 0.0000000000
14061  -27.785  20.008  16.979 0.0000000000
15285  -27.562  20.166  16.628 0.0000000000
15277  -27.094  20.330  16.944 0.0000000000
15284  -26.896  20.187  16.554 0.0000000000
15270  -28.174  20.216  17.644 0.0000000000
15276  -26.141  20.501  17.204 0.0000000000
15275  -25.846  20.222  17.118 0.0000000000
15271  -28.166  20.063  17.689 0.0000000000
15260  -28.191  20.125  18.030 0.0000000000
14074  -28.092  19.962  16.832 0.0000000000
14073  -27.758  20.037  16.793 0.0000000000
14062  -28.049  19.841  16.920 0.0000000000
14053  -28.078  19.993  17.291 0.0000000000
15283  -26.264  20.288  16.862 0.0000000000
16669  -26.371  20.623  17.090 0.0000000000
15286  -27.901  20.155  16.015 0.0000000000
15293  -27.352  20.008  16.292 0.0000000000
15294  -27.669  19.954  16.341 0.0000000000
16670  -26.555  20.513  16.844 0.0000000000
18067  -28.541  21.156  18.840 0.0000000000
19409  -27.972  21.630  18.786 0.0000000000
19410  -28.222  21.427  18.801 0.0000000000
19395  -25.390  21.802  19.175 0.0000000000
19383  -25.595  22.052  19.386 0.0000000000
19384  -26.028  22.118  19.301 0.0000000000
19397  -26.277  22.002  19.078 0.0000000000
19385  -26.512  22.197  19.301 0.0000000000
19398  -26.825  22.061  19.123 0.0000000000
19386  -26.965  22.199  19.255 0.0000000000
19399  -27.329  21.983  19.073 0.0000000000
19400  -27.938  21.896  19.109 0.0000000000
19401  -28.332  21.581  19.045 0.0000000000
