#!ascii label  , from subject  vox2ras=TkReg
144
3183  -20.639  11.726  13.542 0.0000000000
3165  -20.824  11.743  14.034 0.0000000000
3164  -20.347  11.538  14.177 0.0000000000
3182  -19.879  11.431  13.296 0.0000000000
3184  -20.868  11.710  13.363 0.0000000000
3200  -20.341  11.782  12.837 0.0000000000
3201  -20.942  11.740  13.107 0.0000000000
3166  -21.157  11.287  14.042 0.0000000000
3185  -21.600  11.592  13.423 0.0000000000
3202  -21.299  11.785  13.220 0.0000000000
3167  -21.830  11.504  13.803 0.0000000000
3186  -22.239  11.590  13.368 0.0000000000
3203  -22.011  11.255  12.971 0.0000000000
3168  -22.343  11.676  13.950 0.0000000000
3187  -22.772  11.406  13.696 0.0000000000
3204  -22.697  11.091  13.181 0.0000000000
3169  -22.946  11.613  14.340 0.0000000000
3188  -23.217  11.222  13.906 0.0000000000
3205  -22.949  11.171  13.556 0.0000000000
3199  -19.987  11.616  13.034 0.0000000000
3216  -20.302  11.471  12.739 0.0000000000
3217  -20.797  11.682  12.820 0.0000000000
3218  -21.228  11.679  12.764 0.0000000000
3219  -21.759  11.533  12.737 0.0000000000
3220  -22.342  11.220  12.753 0.0000000000
2760  -22.885  10.879  13.094 0.0000000000
2761  -23.059  11.018  13.411 0.0000000000
3221  -22.737  10.928  12.901 0.0000000000
3215  -19.967  11.265  12.840 0.0000000000
2772  -20.058  11.256  12.659 0.0000000000
2783  -20.367  11.233  12.290 0.0000000000
3232  -20.604  11.563  12.567 0.0000000000
3233  -20.954  11.564  12.441 0.0000000000
3234  -21.417  11.458  12.395 0.0000000000
3235  -21.867  11.247  12.430 0.0000000000
2773  -22.610  10.979  12.627 0.0000000000
3236  -22.242  11.085  12.433 0.0000000000
2774  -22.885  10.796  12.857 0.0000000000
2784  -21.005  11.246  12.092 0.0000000000
2785  -21.543  11.052  11.854 0.0000000000
2786  -21.879  10.922  12.125 0.0000000000
2787  -22.401  10.852  12.261 0.0000000000
3198  -19.867  11.195  13.012 0.0000000000
2771  -19.823  11.013  12.751 0.0000000000
2759  -19.928  11.231  13.248 0.0000000000
2758  -19.781  10.986  13.326 0.0000000000
2732  -20.035  11.147  14.130 0.0000000000
2746  -19.927  11.154  13.639 0.0000000000
3151  -22.150  11.811  14.102 0.0000000000
3577  -22.256  11.803  14.347 0.0000000000
3150  -21.793  11.121  13.970 0.0000000000
3149  -20.769  11.668  14.410 0.0000000000
3148  -20.607  11.585  14.677 0.0000000000
3147  -20.356  11.448  14.584 0.0000000000
2715  -20.298  11.110  14.741 0.0000000000
3565  -22.145  11.492  14.064 0.0000000000
3564  -21.570  11.784  14.341 0.0000000000
3134  -20.964  11.728  15.007 0.0000000000
3563  -21.186  11.855  14.880 0.0000000000
3133  -20.796  11.623  15.303 0.0000000000
2716  -20.525  11.214  15.025 0.0000000000
3548  -20.921  11.791  14.822 0.0000000000
2439  -21.882  10.798  11.980 0.0000000000
2440  -21.961  10.802  12.048 0.0000000000
2457  -21.719  10.749  11.731 0.0000000000
2803  -21.452  11.110  12.002 0.0000000000
2802  -21.098  11.069  11.894 0.0000000000
2801  -20.686  11.099  11.954 0.0000000000
2782  -20.002  10.842  12.132 0.0000000000
2438  -20.076  10.907  12.201 0.0000000000
2454  -20.332  11.004  12.044 0.0000000000
2800  -20.472  11.101  12.005 0.0000000000
2437  -19.725  10.699  12.387 0.0000000000
2788  -22.792  10.791  12.481 0.0000000000
2412  -19.676  10.363  13.065 0.0000000000
2425  -19.584  10.532  12.857 0.0000000000
2413  -23.002  10.745  13.018 0.0000000000
2745  -19.875  10.977  13.988 0.0000000000
2399  -19.794  10.658  13.773 0.0000000000
2744  -19.917  10.964  14.006 0.0000000000
2398  -19.889  10.822  14.081 0.0000000000
2731  -19.920  10.899  14.185 0.0000000000
2730  -19.908  10.849  13.919 0.0000000000
2387  -19.898  10.798  14.038 0.0000000000
2714  -20.093  10.753  14.553 0.0000000000
2388  -19.906  10.595  14.235 0.0000000000
2702  -20.589  11.194  15.479 0.0000000000
2701  -20.438  10.678  15.383 0.0000000000
2700  -20.382  10.523  14.951 0.0000000000
2377  -20.163  10.296  14.756 0.0000000000
2688  -20.401  10.902  15.966 0.0000000000
3121  -20.712  11.476  15.904 0.0000000000
2687  -20.331  10.673  15.874 0.0000000000
2358  -20.352  10.381  15.663 0.0000000000
2367  -20.438  10.240  15.576 0.0000000000
2366  -20.302  10.127  15.273 0.0000000000
2679  -20.444  10.980  16.016 0.0000000000
3106  -20.650  11.071  16.125 0.0000000000
2686  -20.149  10.625  16.122 0.0000000000
2357  -20.111  10.224  15.852 0.0000000000
2678  -20.338  10.960  16.211 0.0000000000
2677  -19.917  10.946  16.397 0.0000000000
2345  -19.975  10.516  16.150 0.0000000000
2453  -19.883  10.687  11.996 0.0000000000
2424  -19.517  10.248  12.783 0.0000000000
2436  -19.559  10.364  12.322 0.0000000000
2452  -19.693  10.537  12.059 0.0000000000
2411  -19.474  10.005  12.968 0.0000000000
2047  -19.514  9.922  13.175 0.0000000000
2060  -19.454  9.990  12.914 0.0000000000
2071  -19.472  10.029  12.559 0.0000000000
2034  -19.731  10.165  13.831 0.0000000000
2048  -19.348  9.982  13.165 0.0000000000
2021  -20.023  10.115  14.487 0.0000000000
2010  -20.055  9.992  14.925 0.0000000000
1983  -19.983  10.007  15.501 0.0000000000
1998  -19.986  9.940  15.183 0.0000000000
2356  -19.781  10.199  15.922 0.0000000000
1982  -19.646  9.979  15.780 0.0000000000
2344  -19.669  10.465  16.103 0.0000000000
1969  -19.630  10.205  15.965 0.0000000000
1602  -19.519  9.673  12.927 0.0000000000
2033  -19.586  9.961  13.806 0.0000000000
1588  -19.620  9.464  13.446 0.0000000000
2020  -19.769  9.634  14.248 0.0000000000
1579  -19.755  9.388  13.919 0.0000000000
2009  -19.754  9.696  14.853 0.0000000000
1562  -19.574  9.479  14.566 0.0000000000
1570  -19.485  9.249  14.300 0.0000000000
2008  -19.468  9.613  15.120 0.0000000000
1561  -19.296  9.388  14.824 0.0000000000
1997  -19.717  9.784  15.334 0.0000000000
1996  -19.271  9.726  15.414 0.0000000000
1551  -19.238  9.570  15.108 0.0000000000
1968  -19.350  10.232  16.008 0.0000000000
1981  -19.072  10.009  15.775 0.0000000000
1191  -19.745  9.059  13.802 0.0000000000
1197  -19.728  9.214  13.071 0.0000000000
1569  -18.993  8.978  14.534 0.0000000000
1185  -19.275  8.862  14.168 0.0000000000
1550  -18.937  9.536  15.125 0.0000000000
1560  -18.687  9.204  14.801 0.0000000000
3575  -21.680  11.914  14.651 0.0000000000
3576  -22.023  11.839  14.135 0.0000000000
