#!ascii label  , from subject  vox2ras=TkReg
72
5253  -26.987  14.251  14.702 0.0000000000
5236  -26.978  14.259  15.038 0.0000000000
5252  -26.707  14.059  14.811 0.0000000000
5237  -27.189  14.424  14.949 0.0000000000
5254  -27.260  14.557  14.546 0.0000000000
5270  -26.803  14.119  14.534 0.0000000000
5271  -27.035  14.246  14.207 0.0000000000
5724  -27.312  14.835  14.835 0.0000000000
5738  -27.515  14.952  14.442 0.0000000000
5272  -27.437  14.695  14.100 0.0000000000
4823  -26.576  13.820  14.385 0.0000000000
4824  -26.852  14.058  13.994 0.0000000000
5288  -26.909  14.035  13.777 0.0000000000
5289  -27.299  14.446  13.699 0.0000000000
5751  -27.960  14.899  14.152 0.0000000000
5765  -27.848  14.953  13.759 0.0000000000
4834  -26.815  14.113  13.893 0.0000000000
5302  -26.841  13.827  13.381 0.0000000000
5303  -27.263  14.199  13.231 0.0000000000
5778  -27.525  14.580  13.320 0.0000000000
4844  -26.704  13.583  13.410 0.0000000000
5317  -27.077  13.805  12.972 0.0000000000
5318  -27.347  14.099  12.769 0.0000000000
5793  -27.590  14.560  12.787 0.0000000000
5723  -27.160  14.682  15.199 0.0000000000
6235  -27.413  15.147  15.150 0.0000000000
6248  -27.545  15.154  14.744 0.0000000000
6264  -27.752  15.241  14.472 0.0000000000
5766  -27.999  14.812  13.819 0.0000000000
5752  -28.200  15.039  13.996 0.0000000000
6265  -28.057  15.479  14.315 0.0000000000
5767  -28.189  14.950  13.988 0.0000000000
5753  -28.207  14.859  13.824 0.0000000000
6266  -28.209  15.373  13.869 0.0000000000
5779  -27.880  15.049  13.216 0.0000000000
6281  -28.144  15.322  13.462 0.0000000000
6280  -27.981  14.848  13.415 0.0000000000
6234  -27.274  15.104  15.094 0.0000000000
6219  -27.523  15.419  15.676 0.0000000000
6218  -27.176  14.994  15.471 0.0000000000
6236  -27.779  15.609  15.354 0.0000000000
6249  -27.809  15.493  14.846 0.0000000000
6788  -28.025  15.875  15.091 0.0000000000
6799  -28.103  16.027  14.924 0.0000000000
6202  -27.068  15.160  15.971 0.0000000000
5704  -26.859  14.581  15.656 0.0000000000
5722  -27.008  14.529  14.930 0.0000000000
5703  -26.730  14.239  15.507 0.0000000000
5235  -26.631  14.034  15.184 0.0000000000
5221  -26.757  14.164  15.835 0.0000000000
5220  -26.590  13.928  15.652 0.0000000000
4810  -26.380  13.697  14.969 0.0000000000
4801  -26.320  13.612  15.415 0.0000000000
4793  -26.758  14.037  15.982 0.0000000000
4792  -26.330  13.626  15.851 0.0000000000
4843  -26.277  13.599  13.912 0.0000000000
4439  -26.271  13.148  13.563 0.0000000000
4440  -26.657  13.151  13.169 0.0000000000
4855  -26.842  13.404  12.877 0.0000000000
4833  -26.492  13.828  14.080 0.0000000000
4428  -26.118  13.401  14.148 0.0000000000
4417  -26.375  13.556  14.131 0.0000000000
4822  -26.305  13.512  14.633 0.0000000000
4416  -26.224  13.329  14.344 0.0000000000
4809  -26.338  13.598  14.785 0.0000000000
4407  -26.141  13.253  14.856 0.0000000000
4408  -26.060  13.163  15.075 0.0000000000
4401  -26.136  13.203  15.583 0.0000000000
4427  -26.030  13.123  14.080 0.0000000000
4009  -25.896  12.872  14.386 0.0000000000
4400  -25.944  13.030  15.302 0.0000000000
3996  -25.908  12.905  14.874 0.0000000000
