#!ascii label  , from subject  vox2ras=TkReg
578
19189  -19.768  21.676  29.010 0.0000000000
19164  -19.644  21.754  29.393 0.0000000000
17804  -19.597  21.552  29.110 0.0000000000
17825  -19.609  21.340  28.710 0.0000000000
19190  -20.045  21.704  28.807 0.0000000000
19165  -19.911  21.870  29.107 0.0000000000
17826  -19.992  21.450  28.577 0.0000000000
19206  -20.250  21.623  28.400 0.0000000000
19166  -20.427  21.911  28.921 0.0000000000
19191  -20.644  21.754  28.668 0.0000000000
17827  -20.932  21.574  28.328 0.0000000000
19192  -21.138  21.645  28.801 0.0000000000
19207  -20.699  21.727  28.147 0.0000000000
19167  -21.051  21.763  29.055 0.0000000000
17828  -21.388  21.371  28.419 0.0000000000
19193  -21.725  21.250  29.067 0.0000000000
19168  -21.440  21.489  29.122 0.0000000000
17829  -21.924  20.940  28.672 0.0000000000
17805  -21.770  21.135  29.038 0.0000000000
17842  -20.005  21.384  28.256 0.0000000000
19218  -20.327  21.595  28.013 0.0000000000
17843  -21.014  21.734  28.027 0.0000000000
19208  -21.024  21.700  27.877 0.0000000000
19219  -20.724  21.557  27.756 0.0000000000
17844  -21.122  21.703  28.060 0.0000000000
19209  -21.476  21.564  27.742 0.0000000000
19220  -21.177  21.391  27.447 0.0000000000
17845  -21.942  21.122  27.989 0.0000000000
19221  -21.692  21.239  27.423 0.0000000000
17864  -20.003  21.287  27.640 0.0000000000
17865  -20.731  21.228  27.119 0.0000000000
17866  -20.964  21.573  27.111 0.0000000000
19236  -21.192  21.321  27.084 0.0000000000
19237  -21.533  21.265  27.123 0.0000000000
17867  -21.848  20.974  27.514 0.0000000000
17889  -21.639  21.163  27.020 0.0000000000
17888  -20.962  21.298  26.949 0.0000000000
17788  -21.678  21.067  29.510 0.0000000000
19147  -21.284  21.551  29.390 0.0000000000
19146  -20.919  21.741  29.510 0.0000000000
19145  -20.470  21.810  29.618 0.0000000000
19144  -19.971  21.811  29.750 0.0000000000
19163  -19.415  21.704  29.609 0.0000000000
17803  -19.284  21.477  29.332 0.0000000000
19143  -19.609  21.785  29.843 0.0000000000
19142  -19.265  21.570  29.890 0.0000000000
17787  -21.198  21.357  29.803 0.0000000000
17786  -20.829  21.548  29.887 0.0000000000
19135  -20.616  21.676  30.131 0.0000000000
19134  -19.952  21.798  30.172 0.0000000000
19133  -19.480  21.784  30.230 0.0000000000
19132  -19.055  21.616  30.266 0.0000000000
17785  -18.996  21.381  29.773 0.0000000000
17772  -20.894  21.394  30.214 0.0000000000
17773  -21.024  21.305  30.170 0.0000000000
19136  -20.901  21.361  30.259 0.0000000000
19120  -20.782  21.376  30.649 0.0000000000
19119  -20.292  21.700  30.628 0.0000000000
19118  -19.772  21.789  30.626 0.0000000000
19117  -19.301  21.780  30.675 0.0000000000
19131  -18.646  21.492  30.426 0.0000000000
17771  -18.836  21.352  30.074 0.0000000000
19116  -18.961  21.750  30.825 0.0000000000
19130  -18.239  21.302  30.453 0.0000000000
17770  -18.434  21.142  30.162 0.0000000000
19115  -18.449  21.463  30.807 0.0000000000
19129  -17.993  21.194  30.433 0.0000000000
17769  -18.000  21.019  30.187 0.0000000000
19114  -18.027  21.270  30.708 0.0000000000
17768  -17.843  21.073  30.401 0.0000000000
17759  -20.899  21.122  30.911 0.0000000000
19104  -20.723  21.209  31.005 0.0000000000
17760  -21.102  21.113  30.645 0.0000000000
19121  -21.016  21.285  30.402 0.0000000000
19103  -20.463  21.390  31.024 0.0000000000
19102  -20.041  21.630  31.056 0.0000000000
19101  -19.540  21.717  31.070 0.0000000000
19100  -19.019  21.713  31.029 0.0000000000
19099  -18.646  21.508  31.127 0.0000000000
19098  -18.166  21.365  31.078 0.0000000000
17758  -17.774  21.130  30.817 0.0000000000
17750  -20.713  21.101  31.120 0.0000000000
17749  -20.253  21.199  31.384 0.0000000000
17748  -19.778  21.379  31.418 0.0000000000
17747  -19.306  21.414  31.424 0.0000000000
17746  -18.847  21.387  31.460 0.0000000000
17745  -18.365  21.367  31.486 0.0000000000
17744  -17.788  21.299  31.396 0.0000000000
16417  -21.947  20.832  27.291 0.0000000000
17903  -21.767  21.010  26.821 0.0000000000
17902  -21.360  21.209  26.609 0.0000000000
17887  -20.480  21.280  26.993 0.0000000000
17901  -20.813  21.226  26.595 0.0000000000
17886  -19.950  21.118  27.129 0.0000000000
17900  -20.355  21.122  26.713 0.0000000000
17863  -19.753  21.084  27.658 0.0000000000
17885  -19.805  20.993  27.330 0.0000000000
17899  -19.993  21.012  27.018 0.0000000000
16400  -19.468  20.655  27.615 0.0000000000
16416  -19.774  20.852  27.153 0.0000000000
16401  -21.973  20.824  27.596 0.0000000000
17868  -22.003  20.893  27.752 0.0000000000
17841  -19.737  21.195  28.119 0.0000000000
16381  -19.583  20.767  28.056 0.0000000000
16382  -21.981  20.961  28.275 0.0000000000
16383  -22.143  20.701  28.185 0.0000000000
17846  -22.119  20.924  27.937 0.0000000000
16364  -19.541  20.935  28.382 0.0000000000
16365  -21.930  20.994  28.600 0.0000000000
17830  -21.872  21.023  28.939 0.0000000000
17824  -19.008  21.191  28.931 0.0000000000
16363  -19.180  20.833  28.583 0.0000000000
17823  -18.747  21.038  29.111 0.0000000000
16362  -18.692  20.780  28.876 0.0000000000
17802  -18.830  21.229  29.347 0.0000000000
16348  -18.496  20.818  29.421 0.0000000000
17806  -21.897  20.800  29.108 0.0000000000
17784  -18.673  21.136  29.777 0.0000000000
16338  -21.855  20.473  29.565 0.0000000000
16324  -21.700  20.556  29.927 0.0000000000
17774  -21.455  21.047  30.063 0.0000000000
17789  -21.850  20.714  29.361 0.0000000000
16337  -18.367  20.873  29.969 0.0000000000
16310  -21.497  20.605  30.426 0.0000000000
17761  -21.293  21.036  30.399 0.0000000000
16323  -18.190  20.964  30.125 0.0000000000
16322  -17.984  20.901  30.111 0.0000000000
16321  -17.535  20.624  30.285 0.0000000000
16309  -21.267  20.877  30.624 0.0000000000
16292  -21.238  20.714  30.827 0.0000000000
17751  -21.013  20.996  30.921 0.0000000000
16308  -17.513  20.901  31.027 0.0000000000
16291  -20.989  20.842  31.063 0.0000000000
16290  -20.560  21.074  31.121 0.0000000000
16271  -20.203  20.819  31.863 0.0000000000
17735  -19.979  21.045  31.811 0.0000000000
17734  -19.578  21.289  31.831 0.0000000000
17733  -19.094  21.333  31.876 0.0000000000
17732  -18.626  21.336  31.889 0.0000000000
17731  -18.124  21.333  31.928 0.0000000000
17743  -17.444  21.237  31.607 0.0000000000
16289  -17.460  21.154  31.333 0.0000000000
17730  -17.680  21.284  31.968 0.0000000000
17729  -17.263  21.094  31.978 0.0000000000
16288  -17.230  20.960  31.410 0.0000000000
16270  -19.907  20.990  31.967 0.0000000000
17722  -19.399  21.247  32.206 0.0000000000
17721  -18.912  21.283  32.255 0.0000000000
17720  -18.445  21.278  32.280 0.0000000000
17719  -18.035  21.264  32.382 0.0000000000
17718  -17.457  21.235  32.540 0.0000000000
17717  -16.895  21.146  32.445 0.0000000000
16251  -17.105  21.008  31.923 0.0000000000
16269  -17.129  20.932  31.828 0.0000000000
16252  -19.659  20.969  32.546 0.0000000000
17705  -19.159  21.119  32.642 0.0000000000
17704  -18.702  21.179  32.620 0.0000000000
17703  -18.267  21.179  32.701 0.0000000000
17702  -17.835  21.186  32.917 0.0000000000
17701  -17.392  21.206  33.080 0.0000000000
17700  -17.017  21.202  32.990 0.0000000000
17716  -16.433  21.037  32.545 0.0000000000
16250  -16.682  20.896  32.193 0.0000000000
17699  -16.568  21.153  32.952 0.0000000000
17715  -16.212  20.890  32.642 0.0000000000
16249  -16.239  20.704  32.278 0.0000000000
17698  -16.145  20.999  32.921 0.0000000000
16234  -16.063  20.792  32.642 0.0000000000
16235  -19.446  20.812  32.904 0.0000000000
17689  -18.952  20.936  33.054 0.0000000000
17688  -18.912  20.957  32.918 0.0000000000
17687  -18.498  21.020  32.950 0.0000000000
17686  -17.997  21.030  33.207 0.0000000000
17685  -17.527  21.150  33.407 0.0000000000
17684  -17.106  21.195  33.466 0.0000000000
17683  -16.690  21.189  33.435 0.0000000000
17682  -16.251  21.144  33.397 0.0000000000
17697  -15.990  20.986  32.973 0.0000000000
16233  -15.873  20.769  32.817 0.0000000000
17681  -15.860  21.002  33.372 0.0000000000
16221  -15.808  20.850  33.019 0.0000000000
16225  -19.241  20.671  33.236 0.0000000000
16224  -19.014  20.847  32.948 0.0000000000
16223  -18.292  20.859  33.285 0.0000000000
16222  -18.007  20.879  33.435 0.0000000000
17670  -17.869  20.923  33.526 0.0000000000
17669  -17.558  21.034  33.847 0.0000000000
17668  -17.163  21.162  33.904 0.0000000000
17667  -16.772  21.197  33.896 0.0000000000
17666  -16.340  21.188  33.864 0.0000000000
17665  -15.943  21.146  33.856 0.0000000000
16208  -17.934  20.755  33.839 0.0000000000
16207  -17.672  20.887  33.964 0.0000000000
17656  -17.206  21.023  34.494 0.0000000000
17655  -17.098  21.143  34.396 0.0000000000
17654  -16.778  21.198  34.347 0.0000000000
17653  -16.350  21.207  34.296 0.0000000000
17652  -15.975  21.188  34.282 0.0000000000
16195  -17.425  20.713  34.661 0.0000000000
17641  -17.223  20.921  34.773 0.0000000000
17640  -17.102  21.039  34.891 0.0000000000
17639  -16.775  21.193  34.791 0.0000000000
17638  -16.389  21.221  34.749 0.0000000000
16402  -22.182  20.645  27.727 0.0000000000
16418  -22.262  20.501  27.285 0.0000000000
16433  -22.023  20.727  26.880 0.0000000000
16415  -19.406  20.512  27.244 0.0000000000
16430  -19.777  20.775  26.944 0.0000000000
16431  -20.002  20.810  26.726 0.0000000000
16399  -19.196  20.330  27.526 0.0000000000
15002  -19.082  20.116  27.362 0.0000000000
15018  -19.323  20.167  26.912 0.0000000000
14990  -22.256  20.068  27.640 0.0000000000
14981  -22.218  20.021  28.021 0.0000000000
14989  -19.436  20.404  28.027 0.0000000000
14988  -19.106  20.000  27.852 0.0000000000
14968  -22.072  20.183  28.655 0.0000000000
16366  -21.947  20.762  28.660 0.0000000000
16380  -19.350  20.707  28.271 0.0000000000
14980  -19.386  20.557  28.156 0.0000000000
14979  -19.126  20.344  28.257 0.0000000000
16349  -22.031  20.431  28.955 0.0000000000
14966  -18.914  20.475  28.640 0.0000000000
16361  -18.287  20.420  29.042 0.0000000000
14965  -18.565  20.271  28.737 0.0000000000
16347  -17.946  20.366  29.417 0.0000000000
14953  -18.095  20.037  29.203 0.0000000000
14964  -18.289  20.042  28.930 0.0000000000
14955  -21.860  19.940  28.985 0.0000000000
16339  -21.937  20.399  29.246 0.0000000000
16336  -17.966  20.713  29.797 0.0000000000
16346  -17.777  20.138  29.608 0.0000000000
14952  -17.811  20.016  29.477 0.0000000000
16335  -17.738  20.274  29.815 0.0000000000
14944  -17.741  20.017  29.772 0.0000000000
14946  -21.891  19.970  29.409 0.0000000000
14945  -21.775  19.999  29.792 0.0000000000
14935  -17.768  20.207  30.016 0.0000000000
14936  -21.639  20.005  30.167 0.0000000000
16320  -17.214  20.282  30.373 0.0000000000
14934  -17.288  19.975  30.231 0.0000000000
16307  -17.101  20.524  30.711 0.0000000000
14925  -16.985  20.227  30.335 0.0000000000
14926  -21.462  19.974  30.561 0.0000000000
16293  -21.401  20.377  30.698 0.0000000000
16306  -16.762  20.360  30.894 0.0000000000
14924  -16.871  20.144  30.552 0.0000000000
16287  -16.965  20.682  31.132 0.0000000000
16305  -16.570  20.124  30.866 0.0000000000
14923  -16.594  20.049  30.936 0.0000000000
16286  -16.705  20.384  30.924 0.0000000000
14911  -16.464  20.158  31.213 0.0000000000
14916  -21.306  20.184  30.885 0.0000000000
14915  -21.163  20.394  31.093 0.0000000000
14914  -20.933  20.415  31.281 0.0000000000
14913  -20.369  20.360  31.519 0.0000000000
16268  -16.962  20.805  31.773 0.0000000000
14902  -16.671  20.483  31.493 0.0000000000
14912  -16.705  20.437  31.119 0.0000000000
14903  -20.606  20.321  31.784 0.0000000000
16272  -20.187  20.857  31.947 0.0000000000
16253  -20.179  20.720  32.354 0.0000000000
16254  -20.173  20.912  32.248 0.0000000000
16267  -16.476  20.817  32.227 0.0000000000
14901  -16.177  20.207  31.843 0.0000000000
14892  -20.286  20.395  32.529 0.0000000000
14891  -20.012  20.890  32.845 0.0000000000
14904  -20.610  20.679  31.785 0.0000000000
14880  -20.085  20.330  32.978 0.0000000000
16236  -19.840  20.612  32.920 0.0000000000
16248  -15.930  20.559  32.410 0.0000000000
14890  -15.836  20.168  32.200 0.0000000000
16247  -15.722  20.425  32.599 0.0000000000
14889  -15.844  20.133  32.240 0.0000000000
16232  -15.517  20.515  32.936 0.0000000000
14888  -15.549  20.065  32.691 0.0000000000
14871  -19.874  20.096  33.344 0.0000000000
16226  -19.648  20.541  33.156 0.0000000000
16220  -15.417  20.617  33.356 0.0000000000
14879  -15.288  19.992  33.174 0.0000000000
14870  -19.568  20.373  33.369 0.0000000000
14861  -19.336  20.118  33.714 0.0000000000
16211  -19.003  20.554  33.577 0.0000000000
16210  -18.573  20.600  33.619 0.0000000000
16209  -18.186  20.709  33.661 0.0000000000
14860  -18.817  20.223  33.892 0.0000000000
14859  -18.359  20.382  33.941 0.0000000000
14858  -18.129  20.694  33.918 0.0000000000
14846  -18.158  20.399  34.176 0.0000000000
16196  -18.014  20.441  34.249 0.0000000000
15017  -19.139  19.901  26.856 0.0000000000
13785  -19.097  19.784  26.981 0.0000000000
13798  -19.126  19.499  26.394 0.0000000000
15034  -19.411  19.960  26.265 0.0000000000
15001  -19.051  19.926  27.177 0.0000000000
15035  -19.773  20.428  26.446 0.0000000000
15019  -19.771  20.708  26.859 0.0000000000
13771  -18.930  19.633  26.962 0.0000000000
13784  -18.965  19.462  26.649 0.0000000000
14987  -18.922  19.990  27.467 0.0000000000
13761  -18.857  19.695  27.568 0.0000000000
13763  -22.273  19.575  27.560 0.0000000000
13754  -22.224  19.617  28.052 0.0000000000
15003  -22.430  20.009  27.115 0.0000000000
13753  -19.072  19.848  28.099 0.0000000000
13762  -19.097  19.758  27.887 0.0000000000
13744  -22.124  19.712  28.631 0.0000000000
14978  -18.834  20.223  28.494 0.0000000000
13752  -18.840  19.906  28.275 0.0000000000
13742  -18.679  20.051  28.563 0.0000000000
13743  -21.978  19.923  28.734 0.0000000000
14967  -21.887  19.943  28.818 0.0000000000
13733  -21.919  19.820  28.863 0.0000000000
14954  -21.854  19.880  28.889 0.0000000000
13741  -18.309  19.965  28.814 0.0000000000
13732  -18.186  19.723  29.071 0.0000000000
13734  -21.972  19.608  29.142 0.0000000000
13731  -17.902  19.819  29.318 0.0000000000
13720  -17.676  19.739  29.701 0.0000000000
13722  -21.829  19.489  29.646 0.0000000000
13721  -21.668  19.535  30.021 0.0000000000
13711  -21.496  19.541  30.436 0.0000000000
13710  -17.433  19.735  30.022 0.0000000000
14933  -17.057  19.878  30.270 0.0000000000
13709  -17.132  19.536  30.189 0.0000000000
13708  -16.767  19.546  30.483 0.0000000000
13703  -21.292  19.669  30.853 0.0000000000
13701  -16.687  19.645  30.934 0.0000000000
13700  -16.484  19.868  31.144 0.0000000000
13695  -21.208  19.989  31.071 0.0000000000
13694  -21.032  19.986  31.198 0.0000000000
13693  -20.514  19.986  31.391 0.0000000000
13692  -20.554  20.177  31.783 0.0000000000
13690  -16.266  19.782  31.543 0.0000000000
13683  -20.744  19.922  32.134 0.0000000000
13682  -20.519  19.942  32.092 0.0000000000
14900  -15.937  19.998  31.974 0.0000000000
13681  -16.089  19.799  31.935 0.0000000000
13680  -15.973  19.934  32.058 0.0000000000
13671  -20.307  20.039  32.785 0.0000000000
14881  -20.173  20.136  32.986 0.0000000000
13669  -15.755  19.620  32.444 0.0000000000
13668  -15.388  19.703  32.876 0.0000000000
13661  -20.128  20.179  32.880 0.0000000000
13660  -20.156  19.785  33.149 0.0000000000
13651  -20.087  19.857  33.499 0.0000000000
13643  -19.931  19.568  33.617 0.0000000000
14862  -19.689  19.878  33.647 0.0000000000
13642  -19.585  19.607  33.816 0.0000000000
13635  -19.378  19.588  34.026 0.0000000000
14849  -19.084  20.132  33.938 0.0000000000
14848  -18.954  19.986  34.046 0.0000000000
14847  -18.518  19.993  34.326 0.0000000000
12678  -18.715  19.279  27.238 0.0000000000
12688  -18.804  19.207  26.778 0.0000000000
12670  -22.232  19.081  27.994 0.0000000000
12679  -22.305  19.165  27.431 0.0000000000
13772  -22.424  19.545  27.182 0.0000000000
12669  -19.059  19.503  28.035 0.0000000000
12668  -18.746  19.179  27.829 0.0000000000
12659  -22.224  19.203  28.424 0.0000000000
12658  -18.963  19.524  28.159 0.0000000000
13751  -18.652  19.642  28.356 0.0000000000
12657  -18.891  19.324  28.029 0.0000000000
12656  -18.336  19.335  28.425 0.0000000000
12645  -22.160  19.223  28.994 0.0000000000
12632  -18.054  19.416  29.184 0.0000000000
12644  -17.943  19.263  28.985 0.0000000000
12633  -22.036  19.236  29.437 0.0000000000
12631  -17.906  19.277  29.054 0.0000000000
12618  -17.800  19.527  29.413 0.0000000000
12620  -21.932  19.039  29.832 0.0000000000
12619  -21.772  19.235  29.954 0.0000000000
12606  -21.709  19.087  30.270 0.0000000000
13719  -17.375  19.491  29.864 0.0000000000
12617  -17.592  19.263  29.493 0.0000000000
12605  -17.217  18.858  29.963 0.0000000000
12593  -21.390  19.160  30.868 0.0000000000
12604  -16.834  19.093  30.393 0.0000000000
12591  -16.652  19.207  30.814 0.0000000000
12592  -21.224  19.387  31.048 0.0000000000
13702  -21.167  19.646  31.095 0.0000000000
12580  -21.084  19.229  31.330 0.0000000000
13691  -16.496  19.615  31.246 0.0000000000
12578  -16.583  19.183  31.275 0.0000000000
12579  -20.889  19.707  31.320 0.0000000000
12569  -20.797  19.529  31.640 0.0000000000
12577  -16.364  19.466  31.425 0.0000000000
12567  -16.192  19.253  31.851 0.0000000000
13684  -20.819  19.333  32.018 0.0000000000
13672  -20.753  19.529  32.244 0.0000000000
13670  -16.057  19.580  32.157 0.0000000000
12558  -20.853  19.161  32.138 0.0000000000
12557  -20.636  19.328  32.525 0.0000000000
12546  -20.322  19.338  32.971 0.0000000000
12556  -15.950  19.343  32.210 0.0000000000
13659  -15.462  19.337  32.749 0.0000000000
12555  -15.687  19.093  32.339 0.0000000000
13658  -15.220  19.410  33.096 0.0000000000
12545  -20.210  19.317  33.241 0.0000000000
12544  -15.207  19.014  32.838 0.0000000000
11584  -22.436  18.910  27.292 0.0000000000
11571  -22.398  18.830  27.615 0.0000000000
12680  -22.523  19.135  27.090 0.0000000000
12677  -18.492  19.019  27.441 0.0000000000
12687  -18.631  18.933  27.005 0.0000000000
12667  -18.612  18.914  27.795 0.0000000000
11569  -18.405  18.760  27.729 0.0000000000
11583  -18.369  18.613  27.116 0.0000000000
11559  -22.383  18.839  28.135 0.0000000000
11558  -18.811  18.907  27.915 0.0000000000
11570  -18.624  18.891  27.996 0.0000000000
11545  -22.446  18.793  28.813 0.0000000000
11557  -18.299  18.792  28.230 0.0000000000
11544  -18.154  18.999  28.612 0.0000000000
11529  -22.273  18.872  29.508 0.0000000000
12643  -18.247  18.986  29.090 0.0000000000
11543  -17.887  18.854  28.715 0.0000000000
12630  -17.759  19.120  29.107 0.0000000000
11528  -17.781  19.030  28.935 0.0000000000
11527  -17.412  18.977  28.972 0.0000000000
11513  -22.209  18.801  30.049 0.0000000000
12607  -21.961  18.885  30.056 0.0000000000
11512  -17.057  18.983  29.947 0.0000000000
11498  -22.035  18.754  30.468 0.0000000000
11497  -21.690  18.850  30.732 0.0000000000
11496  -17.077  18.910  30.121 0.0000000000
12603  -16.597  18.827  30.475 0.0000000000
11495  -16.821  18.750  30.158 0.0000000000
12590  -16.302  18.802  30.877 0.0000000000
11484  -21.524  18.791  31.126 0.0000000000
12581  -21.309  18.979  31.186 0.0000000000
11483  -16.394  19.057  31.069 0.0000000000
12568  -16.521  18.966  31.641 0.0000000000
11451  -16.533  18.837  31.462 0.0000000000
11468  -16.353  18.780  31.224 0.0000000000
12570  -20.969  19.077  31.824 0.0000000000
11450  -16.219  18.715  31.672 0.0000000000
12566  -15.927  19.055  31.990 0.0000000000
11449  -16.071  18.937  32.118 0.0000000000
11434  -15.820  18.997  32.026 0.0000000000
12547  -20.544  19.141  32.690 0.0000000000
12554  -15.203  18.949  32.531 0.0000000000
11433  -15.505  18.834  32.201 0.0000000000
11585  -22.769  18.627  27.150 0.0000000000
11572  -22.681  18.574  27.829 0.0000000000
11560  -22.703  18.542  28.381 0.0000000000
11530  -22.864  18.663  29.391 0.0000000000
11546  -22.821  18.425  28.890 0.0000000000
11514  -22.659  18.740  30.000 0.0000000000
11511  -17.071  18.706  29.908 0.0000000000
11526  -16.910  18.760  29.745 0.0000000000
10457  -22.979  18.296  28.572 0.0000000000
10471  -22.963  18.304  28.107 0.0000000000
10483  -22.947  18.301  27.643 0.0000000000
12689  -22.675  19.103  26.571 0.0000000000
13773  -22.603  19.518  26.889 0.0000000000
11597  -22.799  18.669  26.553 0.0000000000
11608  -22.731  18.834  26.211 0.0000000000
12699  -22.709  19.160  25.991 0.0000000000
13786  -22.663  19.563  26.536 0.0000000000
13799  -22.694  19.450  26.179 0.0000000000
11619  -22.739  18.764  25.840 0.0000000000
12708  -22.713  19.134  25.569 0.0000000000
13814  -22.581  19.726  25.758 0.0000000000
11629  -22.767  18.654  25.404 0.0000000000
12723  -22.719  19.054  25.142 0.0000000000
13835  -22.633  19.553  25.300 0.0000000000
11645  -22.796  18.622  25.001 0.0000000000
12739  -22.732  19.080  24.736 0.0000000000
13854  -22.654  19.511  24.854 0.0000000000
11663  -22.837  18.673  24.619 0.0000000000
12751  -22.762  19.073  24.118 0.0000000000
13870  -22.642  19.414  24.382 0.0000000000
11664  -22.980  18.473  24.296 0.0000000000
12752  -22.876  18.860  23.993 0.0000000000
12764  -22.880  18.772  23.907 0.0000000000
12763  -22.764  19.013  23.882 0.0000000000
13888  -22.647  19.257  23.940 0.0000000000
12779  -22.621  19.116  23.457 0.0000000000
11676  -23.078  18.352  23.822 0.0000000000
12780  -22.924  18.677  23.534 0.0000000000
11690  -22.854  18.694  23.158 0.0000000000
12793  -22.608  18.915  22.951 0.0000000000
13905  -22.471  19.388  23.758 0.0000000000
12778  -22.059  19.326  23.187 0.0000000000
12792  -22.158  19.122  22.808 0.0000000000
13904  -22.234  19.523  23.611 0.0000000000
11691  -23.067  18.417  23.296 0.0000000000
11703  -22.341  18.825  22.553 0.0000000000
12804  -21.984  18.933  22.375 0.0000000000
12791  -21.633  19.326  22.895 0.0000000000
12803  -21.692  19.053  22.428 0.0000000000
11704  -22.770  18.568  22.716 0.0000000000
12802  -21.257  19.103  22.505 0.0000000000
11715  -21.308  18.669  22.144 0.0000000000
11716  -21.753  18.786  22.148 0.0000000000
11717  -22.088  18.724  22.141 0.0000000000
15004  -22.587  19.921  26.939 0.0000000000
15021  -22.593  19.886  26.750 0.0000000000
15037  -22.620  19.920  26.236 0.0000000000
15056  -22.461  20.062  25.899 0.0000000000
13813  -22.364  19.974  25.656 0.0000000000
13834  -22.335  19.904  25.449 0.0000000000
15055  -22.220  20.211  25.674 0.0000000000
15076  -22.098  20.191  25.182 0.0000000000
13853  -22.327  19.874  25.005 0.0000000000
15094  -22.078  20.138  24.742 0.0000000000
13869  -22.275  19.840  24.487 0.0000000000
15110  -22.058  20.083  24.478 0.0000000000
13868  -21.966  19.974  24.305 0.0000000000
13886  -21.969  19.760  23.996 0.0000000000
13887  -22.396  19.601  24.021 0.0000000000
15123  -21.736  19.960  24.108 0.0000000000
13885  -21.542  19.854  23.766 0.0000000000
13903  -21.778  19.579  23.344 0.0000000000
12777  -21.922  19.311  23.043 0.0000000000
13916  -21.474  19.547  23.114 0.0000000000
13902  -21.301  19.669  23.371 0.0000000000
13915  -21.201  19.449  23.038 0.0000000000
15020  -22.425  20.205  26.573 0.0000000000
16434  -22.301  20.413  26.857 0.0000000000
15036  -22.343  20.293  26.083 0.0000000000
16452  -22.201  20.568  26.420 0.0000000000
16447  -20.102  20.690  26.249 0.0000000000
15053  -19.719  20.192  25.977 0.0000000000
16466  -19.978  20.480  26.015 0.0000000000
16471  -22.078  20.585  25.948 0.0000000000
15054  -22.175  20.465  25.742 0.0000000000
15075  -21.894  20.368  25.215 0.0000000000
16470  -21.697  20.718  25.803 0.0000000000
16490  -21.422  20.747  25.460 0.0000000000
15074  -21.418  20.536  25.003 0.0000000000
15092  -21.183  20.479  24.947 0.0000000000
15093  -21.696  20.267  24.861 0.0000000000
16489  -21.080  20.927  25.372 0.0000000000
16504  -20.821  20.642  25.183 0.0000000000
15091  -21.007  20.364  24.854 0.0000000000
15107  -21.204  20.198  24.288 0.0000000000
15108  -21.345  20.243  24.438 0.0000000000
15109  -21.782  20.155  24.405 0.0000000000
15121  -21.021  20.100  24.070 0.0000000000
15122  -21.425  20.098  24.045 0.0000000000
13884  -21.012  19.923  23.849 0.0000000000
16448  -20.449  20.919  26.302 0.0000000000
16432  -20.196  20.965  26.703 0.0000000000
16451  -21.864  20.795  26.289 0.0000000000
17916  -21.836  20.853  26.645 0.0000000000
16467  -20.444  20.848  26.048 0.0000000000
17913  -20.742  21.075  26.344 0.0000000000
16468  -20.893  20.835  25.928 0.0000000000
16449  -20.861  20.947  26.192 0.0000000000
17914  -21.138  20.983  26.255 0.0000000000
16469  -21.238  20.799  25.778 0.0000000000
16450  -21.434  20.843  26.073 0.0000000000
17915  -21.623  20.954  26.372 0.0000000000
16486  -19.900  20.311  25.872 0.0000000000
16487  -20.148  20.420  25.762 0.0000000000
16488  -20.655  20.708  25.575 0.0000000000
16503  -20.531  20.510  25.270 0.0000000000
12790  -21.134  19.288  22.820 0.0000000000
10595  -22.902  18.348  22.619 0.0000000000
10596  -23.117  18.203  22.814 0.0000000000
11705  -23.006  18.485  22.985 0.0000000000
10609  -22.596  18.428  22.251 0.0000000000
11718  -22.460  18.654  22.388 0.0000000000
10584  -23.187  18.061  23.459 0.0000000000
10569  -23.162  17.965  23.876 0.0000000000
10556  -23.112  18.039  24.243 0.0000000000
10541  -22.973  18.102  24.536 0.0000000000
11646  -22.931  18.288  24.789 0.0000000000
10532  -23.012  17.866  25.114 0.0000000000
11630  -22.878  18.261  25.230 0.0000000000
10520  -23.023  18.001  25.552 0.0000000000
11620  -22.851  18.352  25.712 0.0000000000
10508  -23.074  18.135  26.167 0.0000000000
11609  -22.830  18.494  26.184 0.0000000000
11598  -23.020  18.359  26.663 0.0000000000
