#!ascii label  , from subject  vox2ras=TkReg
896
29354  -23.962  25.106  28.143 0.0000000000
29353  -23.659  24.870  28.186 0.0000000000
27654  -23.810  24.589  28.134 0.0000000000
27655  -24.109  24.628  27.999 0.0000000000
29355  -23.978  24.923  28.058 0.0000000000
29345  -23.872  25.448  28.237 0.0000000000
29344  -23.517  25.160  28.430 0.0000000000
31066  -24.006  25.636  28.279 0.0000000000
31067  -24.169  25.694  28.178 0.0000000000
27664  -24.103  24.878  27.751 0.0000000000
29365  -24.418  25.103  27.653 0.0000000000
31085  -24.241  25.456  27.887 0.0000000000
27677  -24.652  24.789  27.530 0.0000000000
29385  -24.635  25.010  27.550 0.0000000000
29386  -24.791  25.202  27.393 0.0000000000
29366  -24.623  25.404  27.569 0.0000000000
31086  -24.510  25.606  27.711 0.0000000000
31109  -24.954  25.856  27.406 0.0000000000
27678  -25.033  24.778  27.285 0.0000000000
29387  -25.277  25.250  27.207 0.0000000000
31110  -25.041  25.679  27.333 0.0000000000
27679  -25.532  24.806  27.209 0.0000000000
29388  -25.800  25.315  27.079 0.0000000000
31111  -25.457  25.739  27.168 0.0000000000
27680  -25.972  24.865  27.191 0.0000000000
29389  -26.168  25.211  26.990 0.0000000000
29410  -26.132  25.510  26.843 0.0000000000
31132  -25.876  25.848  26.920 0.0000000000
27681  -26.354  24.939  27.028 0.0000000000
29411  -26.547  25.392  26.836 0.0000000000
31133  -26.327  25.887  26.803 0.0000000000
27705  -26.756  24.982  26.889 0.0000000000
29412  -26.985  25.266  26.837 0.0000000000
29433  -26.881  25.515  26.818 0.0000000000
31149  -26.835  25.846  26.778 0.0000000000
27706  -27.166  24.957  26.933 0.0000000000
29413  -27.397  25.234  26.857 0.0000000000
29434  -27.180  25.566  26.803 0.0000000000
27707  -27.648  25.105  26.910 0.0000000000
29414  -27.817  25.180  26.880 0.0000000000
29435  -27.621  25.562  26.788 0.0000000000
31150  -27.450  25.758  26.717 0.0000000000
29436  -28.025  25.505  26.761 0.0000000000
31151  -27.828  25.927  26.652 0.0000000000
31055  -23.794  25.718  28.564 0.0000000000
31056  -24.137  25.935  28.736 0.0000000000
31057  -24.419  25.926  28.501 0.0000000000
31068  -24.414  25.889  28.304 0.0000000000
32859  -24.415  25.875  28.204 0.0000000000
32881  -24.428  25.833  28.018 0.0000000000
32860  -24.628  26.138  28.292 0.0000000000
32882  -24.758  26.071  27.740 0.0000000000
32907  -24.954  25.948  27.538 0.0000000000
32908  -25.139  26.129  27.426 0.0000000000
32909  -25.601  26.240  27.144 0.0000000000
32927  -26.053  26.399  26.919 0.0000000000
32928  -26.553  26.306  26.793 0.0000000000
32939  -27.022  26.268  26.723 0.0000000000
32940  -27.492  26.301  26.642 0.0000000000
31152  -28.208  25.879  26.560 0.0000000000
32941  -27.935  26.301  26.496 0.0000000000
32846  -24.553  26.310  28.819 0.0000000000
32847  -24.853  26.432  28.627 0.0000000000
32861  -25.007  26.449  28.369 0.0000000000
34654  -24.875  26.440  27.979 0.0000000000
34628  -25.151  26.790  28.718 0.0000000000
34655  -25.185  26.749  28.172 0.0000000000
34681  -24.928  26.334  27.749 0.0000000000
32883  -24.984  26.264  27.650 0.0000000000
34682  -25.180  26.565  27.654 0.0000000000
34702  -25.391  26.458  27.338 0.0000000000
34703  -25.771  26.818  27.279 0.0000000000
34715  -26.065  26.694  27.042 0.0000000000
34716  -26.352  26.851  26.926 0.0000000000
34729  -26.778  26.588  26.768 0.0000000000
34730  -27.136  26.617  26.697 0.0000000000
34731  -27.598  26.722  26.547 0.0000000000
34627  -24.856  26.556  28.812 0.0000000000
34602  -25.272  26.821  29.211 0.0000000000
34601  -24.887  26.663  29.065 0.0000000000
36311  -25.265  27.000  28.996 0.0000000000
36340  -25.394  27.051  28.855 0.0000000000
34656  -25.541  26.953  28.435 0.0000000000
34629  -25.457  26.988  28.698 0.0000000000
36341  -25.678  27.231  28.770 0.0000000000
34683  -25.584  26.963  27.935 0.0000000000
36358  -25.855  27.324  28.304 0.0000000000
36370  -25.926  27.310  27.794 0.0000000000
36382  -25.983  27.204  27.415 0.0000000000
34704  -26.078  27.004  27.189 0.0000000000
36383  -26.260  27.198  27.178 0.0000000000
36396  -26.566  27.241  27.006 0.0000000000
34717  -26.862  26.912  26.776 0.0000000000
36397  -26.769  27.246  26.884 0.0000000000
34718  -27.050  27.165  26.713 0.0000000000
36398  -27.108  27.264  26.760 0.0000000000
36312  -25.544  27.113  29.144 0.0000000000
34603  -25.764  26.805  29.446 0.0000000000
36313  -26.212  27.306  29.291 0.0000000000
36291  -26.541  27.169  29.666 0.0000000000
34585  -26.242  26.870  29.767 0.0000000000
34604  -26.097  26.954  29.471 0.0000000000
36292  -26.923  27.424  29.611 0.0000000000
36314  -26.686  27.609  29.313 0.0000000000
36342  -25.966  27.302  28.901 0.0000000000
38075  -26.578  27.699  29.171 0.0000000000
38100  -26.446  27.775  28.834 0.0000000000
38076  -27.027  28.003  29.127 0.0000000000
36359  -26.187  27.619  28.452 0.0000000000
36371  -26.155  27.581  28.124 0.0000000000
38108  -26.485  27.886  28.290 0.0000000000
38122  -26.324  27.739  27.766 0.0000000000
38121  -25.942  27.298  27.751 0.0000000000
38136  -26.181  27.421  27.453 0.0000000000
38137  -26.576  27.590  27.239 0.0000000000
38152  -26.750  27.455  26.999 0.0000000000
38153  -27.014  27.718  26.976 0.0000000000
38045  -27.322  27.633  29.510 0.0000000000
38046  -27.760  27.764  29.512 0.0000000000
38077  -27.608  28.018  29.222 0.0000000000
38101  -26.815  28.082  28.600 0.0000000000
39791  -27.612  28.186  29.035 0.0000000000
39804  -27.243  28.245  28.652 0.0000000000
39792  -27.916  28.205  29.296 0.0000000000
38109  -26.739  28.091  28.324 0.0000000000
39812  -26.941  28.247  28.222 0.0000000000
39811  -26.684  28.098  28.137 0.0000000000
39828  -26.636  28.128  27.829 0.0000000000
38123  -26.718  27.902  27.489 0.0000000000
39829  -26.792  28.130  27.801 0.0000000000
38138  -27.034  27.974  27.168 0.0000000000
39844  -26.936  28.063  27.411 0.0000000000
36293  -27.523  27.339  29.712 0.0000000000
36294  -28.009  27.255  29.880 0.0000000000
38047  -28.301  27.696  29.852 0.0000000000
39773  -28.116  28.032  29.542 0.0000000000
36275  -28.096  26.946  30.189 0.0000000000
34574  -27.739  26.887  29.980 0.0000000000
34588  -27.735  27.001  29.884 0.0000000000
36276  -28.314  27.235  30.122 0.0000000000
36295  -28.291  27.381  29.970 0.0000000000
34587  -27.351  27.020  29.793 0.0000000000
34586  -26.851  26.956  29.810 0.0000000000
36262  -28.156  26.734  30.381 0.0000000000
34559  -27.809  26.554  30.326 0.0000000000
36263  -28.379  26.989  30.527 0.0000000000
34560  -28.180  26.506  30.580 0.0000000000
34584  -25.636  26.597  29.922 0.0000000000
32821  -25.503  26.433  29.535 0.0000000000
32835  -25.446  26.608  29.366 0.0000000000
32834  -25.174  26.487  29.362 0.0000000000
32833  -24.676  26.363  29.402 0.0000000000
34573  -27.291  26.715  30.025 0.0000000000
34572  -26.735  26.622  30.103 0.0000000000
34571  -26.163  26.410  30.223 0.0000000000
34583  -25.291  26.335  30.080 0.0000000000
32820  -25.121  26.352  29.790 0.0000000000
34570  -25.658  26.333  30.222 0.0000000000
34569  -25.395  26.220  30.241 0.0000000000
32808  -25.086  26.056  30.243 0.0000000000
34558  -27.201  26.350  30.288 0.0000000000
34557  -26.655  26.252  30.308 0.0000000000
34556  -26.354  26.168  30.356 0.0000000000
32794  -26.056  26.013  30.441 0.0000000000
32810  -25.891  26.220  30.317 0.0000000000
32809  -25.603  26.133  30.340 0.0000000000
34548  -28.372  26.574  30.957 0.0000000000
32784  -28.154  26.000  30.865 0.0000000000
32798  -27.981  26.253  30.567 0.0000000000
32797  -27.661  25.964  30.564 0.0000000000
32796  -26.983  25.976  30.504 0.0000000000
32795  -26.499  25.959  30.504 0.0000000000
32845  -24.281  26.206  29.174 0.0000000000
32832  -24.317  26.140  29.599 0.0000000000
31043  -24.077  25.965  29.359 0.0000000000
32819  -24.612  26.047  29.886 0.0000000000
32818  -24.355  25.997  29.775 0.0000000000
31031  -24.167  25.904  29.860 0.0000000000
32807  -24.782  26.017  30.114 0.0000000000
31020  -24.644  25.828  30.288 0.0000000000
31032  -24.388  25.852  30.024 0.0000000000
32793  -25.459  25.919  30.437 0.0000000000
32792  -25.122  25.970  30.297 0.0000000000
31003  -25.194  25.690  30.565 0.0000000000
31021  -24.945  25.811  30.400 0.0000000000
32783  -27.953  25.878  30.735 0.0000000000
30990  -27.868  25.612  30.847 0.0000000000
31008  -27.551  25.512  30.704 0.0000000000
31007  -27.162  25.592  30.642 0.0000000000
31006  -26.703  25.573  30.644 0.0000000000
31005  -26.230  25.572  30.644 0.0000000000
31004  -25.723  25.594  30.641 0.0000000000
31042  -23.769  25.859  29.105 0.0000000000
31054  -23.457  25.456  28.749 0.0000000000
31041  -23.374  25.721  28.770 0.0000000000
29333  -23.135  25.231  29.043 0.0000000000
31030  -23.673  25.806  29.681 0.0000000000
31029  -23.360  25.707  29.306 0.0000000000
31019  -24.198  25.800  30.373 0.0000000000
31018  -23.697  25.758  30.308 0.0000000000
29324  -23.541  25.406  30.241 0.0000000000
29323  -23.170  25.467  29.681 0.0000000000
31002  -24.811  25.571  30.665 0.0000000000
31001  -24.385  25.498  30.816 0.0000000000
31000  -24.025  25.719  30.985 0.0000000000
31017  -23.231  25.763  30.483 0.0000000000
29314  -23.389  25.617  30.213 0.0000000000
30999  -23.431  25.710  30.898 0.0000000000
31016  -22.799  25.698  30.469 0.0000000000
29313  -23.039  25.458  30.053 0.0000000000
30998  -23.054  25.760  31.038 0.0000000000
31015  -22.380  25.463  30.405 0.0000000000
29312  -22.754  25.375  30.062 0.0000000000
30997  -22.418  25.626  30.851 0.0000000000
31014  -21.984  25.163  30.269 0.0000000000
29311  -22.228  25.086  29.990 0.0000000000
30996  -22.082  25.350  30.666 0.0000000000
29310  -21.947  25.113  30.401 0.0000000000
29304  -27.634  25.259  30.881 0.0000000000
29303  -27.286  25.183  30.812 0.0000000000
29302  -26.902  25.138  30.786 0.0000000000
29301  -26.407  25.160  30.799 0.0000000000
29300  -26.002  25.102  30.873 0.0000000000
29299  -25.439  25.248  30.839 0.0000000000
29298  -24.997  25.279  30.878 0.0000000000
29297  -24.693  25.306  30.905 0.0000000000
29282  -24.573  25.142  31.108 0.0000000000
30989  -24.263  25.313  31.089 0.0000000000
30988  -24.029  25.437  31.146 0.0000000000
30987  -23.587  25.477  31.213 0.0000000000
30986  -23.103  25.458  31.247 0.0000000000
30985  -22.532  25.360  31.369 0.0000000000
30984  -22.000  25.445  31.089 0.0000000000
29296  -21.702  25.163  30.893 0.0000000000
29281  -24.109  25.196  31.297 0.0000000000
29280  -23.713  25.241  31.427 0.0000000000
29279  -23.296  25.249  31.511 0.0000000000
29278  -22.934  25.265  31.576 0.0000000000
29260  -22.727  25.255  31.864 0.0000000000
30974  -22.296  25.354  31.850 0.0000000000
30973  -22.010  25.527  31.903 0.0000000000
29277  -21.693  25.286  31.363 0.0000000000
30955  -22.445  25.281  32.233 0.0000000000
30954  -21.960  25.496  32.128 0.0000000000
30972  -21.544  25.386  32.177 0.0000000000
29259  -21.525  25.258  31.705 0.0000000000
30953  -21.594  25.365  32.134 0.0000000000
29258  -21.238  25.069  31.975 0.0000000000
29236  -22.796  25.246  31.995 0.0000000000
29237  -22.893  25.176  32.260 0.0000000000
30956  -22.611  25.217  32.487 0.0000000000
30939  -22.329  25.243  32.778 0.0000000000
30938  -22.059  25.357  32.691 0.0000000000
30937  -21.665  25.360  32.696 0.0000000000
29235  -21.242  25.198  32.427 0.0000000000
30920  -22.199  25.215  33.075 0.0000000000
30921  -22.669  25.068  32.928 0.0000000000
30940  -22.691  25.136  32.686 0.0000000000
30919  -21.993  25.295  33.029 0.0000000000
30918  -21.775  25.307  33.051 0.0000000000
29197  -21.417  25.249  33.191 0.0000000000
29217  -21.225  25.200  32.803 0.0000000000
29200  -22.485  25.034  33.182 0.0000000000
29218  -22.788  24.995  32.836 0.0000000000
29199  -22.216  25.106  33.333 0.0000000000
29198  -21.888  25.242  33.329 0.0000000000
27653  -23.412  24.602  28.255 0.0000000000
27645  -23.067  24.656  28.661 0.0000000000
29332  -23.074  25.057  29.151 0.0000000000
27633  -22.934  24.819  28.986 0.0000000000
29322  -22.681  25.123  29.570 0.0000000000
27632  -22.574  24.707  29.210 0.0000000000
29321  -22.369  25.030  29.826 0.0000000000
27623  -22.438  24.992  29.933 0.0000000000
27622  -22.257  24.930  29.985 0.0000000000
27614  -22.073  24.767  30.181 0.0000000000
27613  -21.749  24.841  30.522 0.0000000000
29288  -27.445  24.924  31.022 0.0000000000
29287  -27.005  24.840  30.953 0.0000000000
29286  -26.536  24.830  30.977 0.0000000000
29285  -25.869  25.032  30.946 0.0000000000
29284  -25.655  25.094  30.939 0.0000000000
29283  -25.140  25.037  31.091 0.0000000000
29295  -21.410  25.026  30.793 0.0000000000
27603  -21.508  24.829  30.868 0.0000000000
29276  -21.374  25.031  31.434 0.0000000000
27602  -21.490  24.835  31.014 0.0000000000
27587  -26.638  24.499  31.150 0.0000000000
27588  -27.130  24.536  31.146 0.0000000000
27586  -26.144  24.508  31.178 0.0000000000
27585  -25.686  24.582  31.181 0.0000000000
27584  -25.279  24.694  31.183 0.0000000000
27583  -24.859  24.767  31.247 0.0000000000
27582  -24.471  24.900  31.300 0.0000000000
29264  -24.060  25.201  31.283 0.0000000000
29263  -23.886  25.007  31.637 0.0000000000
29262  -23.460  25.118  31.775 0.0000000000
29261  -23.116  25.211  31.886 0.0000000000
27561  -21.335  24.502  31.875 0.0000000000
27580  -21.623  24.463  31.536 0.0000000000
27564  -24.178  24.777  31.590 0.0000000000
27563  -23.821  24.667  31.849 0.0000000000
29239  -23.583  24.893  31.946 0.0000000000
29238  -23.286  25.010  32.158 0.0000000000
29257  -21.021  24.987  32.241 0.0000000000
27560  -20.990  24.656  32.016 0.0000000000
29234  -20.976  25.053  32.590 0.0000000000
27541  -21.008  24.856  32.318 0.0000000000
27543  -23.590  24.641  32.356 0.0000000000
27542  -23.273  24.835  32.463 0.0000000000
29219  -22.980  25.066  32.540 0.0000000000
29216  -20.971  25.065  32.957 0.0000000000
27525  -20.840  24.743  32.683 0.0000000000
27527  -23.239  24.608  32.869 0.0000000000
27526  -22.954  24.828  32.870 0.0000000000
27511  -22.766  24.776  33.281 0.0000000000
29196  -20.955  25.058  33.331 0.0000000000
27509  -20.716  24.744  32.840 0.0000000000
27510  -22.439  24.918  33.337 0.0000000000
27498  -22.387  24.823  33.644 0.0000000000
29179  -21.859  25.059  33.981 0.0000000000
29178  -21.653  25.193  33.708 0.0000000000
29177  -21.226  25.142  33.694 0.0000000000
29176  -20.917  24.981  33.761 0.0000000000
27497  -20.878  24.900  33.455 0.0000000000
27485  -22.215  24.740  34.294 0.0000000000
29159  -21.811  25.016  34.110 0.0000000000
29158  -21.418  25.033  34.126 0.0000000000
29157  -21.045  24.991  34.084 0.0000000000
29175  -20.918  24.948  33.910 0.0000000000
27496  -20.705  24.591  33.777 0.0000000000
29156  -20.949  24.972  33.999 0.0000000000
29155  -20.893  24.943  33.994 0.0000000000
27481  -20.783  24.740  33.942 0.0000000000
27484  -21.616  24.769  34.495 0.0000000000
27483  -21.131  24.751  34.517 0.0000000000
27482  -20.805  24.636  34.435 0.0000000000
26066  -26.925  24.765  27.081 0.0000000000
27682  -27.259  24.666  27.172 0.0000000000
26065  -26.601  24.713  27.101 0.0000000000
26046  -26.206  24.422  27.234 0.0000000000
26045  -25.764  24.373  27.264 0.0000000000
26044  -25.297  24.265  27.368 0.0000000000
26043  -24.872  24.365  27.508 0.0000000000
26042  -24.550  24.393  27.623 0.0000000000
26031  -24.298  24.159  27.810 0.0000000000
26024  -24.022  24.193  28.105 0.0000000000
26023  -23.606  24.168  28.182 0.0000000000
26022  -23.196  24.121  28.447 0.0000000000
27644  -22.728  24.455  28.864 0.0000000000
26015  -22.870  24.078  28.716 0.0000000000
27643  -22.517  24.226  29.054 0.0000000000
26014  -22.610  24.052  28.939 0.0000000000
27631  -22.476  24.406  29.137 0.0000000000
26005  -22.136  24.227  29.323 0.0000000000
26013  -22.114  24.108  29.019 0.0000000000
25999  -22.234  24.490  29.581 0.0000000000
26006  -22.358  24.491  29.257 0.0000000000
27615  -22.275  24.682  30.066 0.0000000000
25992  -22.391  24.414  30.002 0.0000000000
25991  -22.072  24.301  30.106 0.0000000000
25990  -21.890  24.328  30.298 0.0000000000
25979  -21.548  24.430  30.699 0.0000000000
25978  -21.312  24.467  30.782 0.0000000000
25956  -21.756  24.198  31.014 0.0000000000
25962  -26.964  23.977  31.305 0.0000000000
25961  -26.212  24.078  31.406 0.0000000000
25960  -25.733  24.250  31.418 0.0000000000
25959  -25.314  24.336  31.355 0.0000000000
25958  -25.063  24.470  31.268 0.0000000000
25939  -25.007  24.022  31.716 0.0000000000
27565  -24.539  24.664  31.463 0.0000000000
27581  -21.996  24.045  31.375 0.0000000000
27562  -21.807  24.113  32.184 0.0000000000
25938  -24.305  24.430  31.750 0.0000000000
25937  -24.014  24.516  31.753 0.0000000000
25919  -24.090  24.194  31.951 0.0000000000
25935  -21.399  24.207  32.041 0.0000000000
25936  -21.826  23.862  31.758 0.0000000000
25934  -20.877  23.997  32.102 0.0000000000
25918  -20.838  24.318  32.285 0.0000000000
25910  -23.993  24.073  32.723 0.0000000000
27528  -23.560  24.404  32.712 0.0000000000
25909  -23.534  24.300  32.873 0.0000000000
25896  -23.462  24.243  33.158 0.0000000000
27512  -23.112  24.449  33.494 0.0000000000
25908  -20.702  24.193  32.866 0.0000000000
25883  -23.290  24.183  33.750 0.0000000000
27500  -23.048  24.307  33.801 0.0000000000
27499  -22.768  24.475  33.903 0.0000000000
25895  -20.577  24.011  33.042 0.0000000000
25882  -23.017  24.255  33.951 0.0000000000
25866  -22.953  24.219  34.273 0.0000000000
27486  -22.633  24.442  34.399 0.0000000000
25881  -20.789  24.065  34.082 0.0000000000
25880  -20.489  24.204  33.708 0.0000000000
27470  -22.707  24.296  34.583 0.0000000000
27469  -22.364  24.377  34.816 0.0000000000
27468  -21.844  24.664  34.915 0.0000000000
27467  -21.198  24.701  34.937 0.0000000000
27466  -20.591  24.542  34.912 0.0000000000
25865  -20.552  24.296  34.791 0.0000000000
25864  -20.388  24.198  34.423 0.0000000000
25848  -22.796  24.145  34.765 0.0000000000
25847  -22.528  24.144  35.048 0.0000000000
27454  -22.239  24.216  35.221 0.0000000000
27453  -21.921  24.481  35.192 0.0000000000
27452  -21.281  24.637  35.234 0.0000000000
27451  -20.760  24.595  35.351 0.0000000000
27465  -20.127  24.209  35.030 0.0000000000
25846  -20.254  24.201  34.878 0.0000000000
27450  -20.281  24.372  35.234 0.0000000000
25845  -20.048  24.060  34.878 0.0000000000
25830  -22.401  23.955  35.328 0.0000000000
27438  -22.177  24.113  35.448 0.0000000000
27437  -21.994  24.238  35.527 0.0000000000
27436  -21.548  24.362  35.671 0.0000000000
27435  -21.001  24.446  35.787 0.0000000000
27434  -20.396  24.368  35.790 0.0000000000
25829  -20.041  24.223  35.327 0.0000000000
25816  -22.120  24.060  35.719 0.0000000000
25815  -21.855  24.146  35.878 0.0000000000
25814  -21.661  24.182  35.768 0.0000000000
27418  -21.120  24.289  35.760 0.0000000000
27417  -20.804  24.308  36.207 0.0000000000
27416  -20.288  24.277  36.373 0.0000000000
25795  -20.019  24.224  36.012 0.0000000000
25813  -19.977  24.208  35.686 0.0000000000
25796  -21.425  24.152  36.341 0.0000000000
27401  -21.070  24.199  36.512 0.0000000000
27400  -20.723  24.308  36.730 0.0000000000
25779  -21.322  24.141  36.784 0.0000000000
27386  -21.106  24.295  37.104 0.0000000000
26047  -26.852  24.404  27.265 0.0000000000
24558  -26.535  23.979  27.395 0.0000000000
24559  -27.023  23.793  27.547 0.0000000000
26048  -27.382  24.259  27.341 0.0000000000
24557  -26.016  23.978  27.373 0.0000000000
24556  -25.634  23.960  27.396 0.0000000000
26033  -25.186  23.853  27.646 0.0000000000
24545  -25.337  23.737  27.672 0.0000000000
26032  -24.692  24.020  27.696 0.0000000000
24544  -24.904  23.676  27.759 0.0000000000
24543  -24.527  23.671  27.796 0.0000000000
24538  -24.213  23.735  28.031 0.0000000000
24537  -23.901  23.871  28.151 0.0000000000
24536  -23.398  23.684  28.340 0.0000000000
24533  -23.080  23.618  28.662 0.0000000000
24532  -22.782  23.587  28.886 0.0000000000
24531  -22.515  24.084  28.893 0.0000000000
24526  -22.286  23.664  29.311 0.0000000000
25998  -22.155  24.107  29.917 0.0000000000
24523  -22.096  23.797  29.915 0.0000000000
24521  -22.015  23.820  30.110 0.0000000000
24520  -21.844  23.907  30.253 0.0000000000
24511  -21.614  23.995  30.619 0.0000000000
24510  -21.371  24.057  30.875 0.0000000000
24496  -21.315  24.031  30.859 0.0000000000
25941  -25.726  24.000  31.680 0.0000000000
25940  -25.266  23.910  31.767 0.0000000000
24497  -21.629  23.965  31.241 0.0000000000
25957  -21.852  24.050  31.298 0.0000000000
24482  -25.741  23.769  31.889 0.0000000000
24481  -25.335  23.841  31.854 0.0000000000
25942  -25.772  23.948  31.735 0.0000000000
24480  -25.041  23.937  31.776 0.0000000000
24462  -24.906  23.809  32.003 0.0000000000
25921  -24.703  24.003  31.969 0.0000000000
25920  -24.383  24.089  32.166 0.0000000000
24479  -21.491  23.615  31.719 0.0000000000
24478  -20.931  23.572  32.136 0.0000000000
24477  -20.874  23.772  32.030 0.0000000000
24461  -24.610  24.040  31.958 0.0000000000
24448  -24.542  23.770  32.430 0.0000000000
25911  -24.159  23.941  32.770 0.0000000000
24460  -20.780  23.800  32.472 0.0000000000
24435  -24.434  23.599  33.092 0.0000000000
25898  -24.080  23.851  33.067 0.0000000000
25897  -23.803  23.980  33.234 0.0000000000
25907  -20.369  23.873  32.886 0.0000000000
24447  -20.686  23.752  32.857 0.0000000000
25894  -20.544  23.937  33.052 0.0000000000
24446  -20.639  23.811  33.050 0.0000000000
24434  -24.046  23.798  33.207 0.0000000000
24421  -23.979  23.730  33.483 0.0000000000
25884  -23.627  23.913  33.760 0.0000000000
24433  -20.455  23.838  33.352 0.0000000000
24409  -23.901  23.656  33.957 0.0000000000
25868  -23.559  23.844  34.029 0.0000000000
25867  -23.277  24.045  34.124 0.0000000000
24420  -20.331  23.965  33.830 0.0000000000
24393  -23.634  23.648  34.495 0.0000000000
25850  -23.313  23.941  34.248 0.0000000000
25849  -23.139  23.990  34.555 0.0000000000
24408  -20.200  23.661  34.413 0.0000000000
24392  -23.236  23.775  34.852 0.0000000000
25832  -22.990  23.929  34.893 0.0000000000
25831  -22.904  24.003  34.893 0.0000000000
25844  -19.881  23.994  34.939 0.0000000000
24391  -20.030  23.562  34.661 0.0000000000
25828  -19.787  24.023  35.385 0.0000000000
24372  -19.632  23.681  35.054 0.0000000000
24390  -19.802  23.412  34.763 0.0000000000
24375  -23.084  23.712  35.182 0.0000000000
24374  -22.778  23.707  35.434 0.0000000000
24373  -22.429  23.764  35.641 0.0000000000
25812  -19.765  24.017  35.816 0.0000000000
24355  -19.539  23.749  35.529 0.0000000000
24356  -22.168  23.736  36.160 0.0000000000
25798  -22.062  24.087  35.790 0.0000000000
25797  -21.899  24.000  35.973 0.0000000000
25794  -19.691  24.077  36.295 0.0000000000
24339  -19.500  23.788  35.936 0.0000000000
24340  -22.076  23.727  36.357 0.0000000000
25781  -21.854  23.845  36.395 0.0000000000
25780  -21.647  23.929  36.644 0.0000000000
24324  -21.982  23.698  36.839 0.0000000000
24323  -21.689  23.618  37.099 0.0000000000
25766  -21.586  23.953  37.017 0.0000000000
25765  -21.171  24.186  37.239 0.0000000000
24548  -26.776  23.658  27.704 0.0000000000
24549  -27.096  23.711  27.867 0.0000000000
24560  -27.394  24.090  27.702 0.0000000000
24547  -26.268  23.662  27.679 0.0000000000
24546  -25.804  23.663  27.677 0.0000000000
23116  -26.987  23.338  27.967 0.0000000000
23117  -27.393  23.331  27.995 0.0000000000
24550  -27.470  23.679  27.992 0.0000000000
23115  -26.510  23.356  27.921 0.0000000000
23114  -26.020  23.342  27.954 0.0000000000
23113  -25.613  23.328  27.954 0.0000000000
23112  -25.165  23.319  27.924 0.0000000000
23111  -24.802  23.371  27.894 0.0000000000
23101  -24.536  23.269  28.066 0.0000000000
23100  -24.046  23.235  28.276 0.0000000000
23099  -23.657  23.355  28.366 0.0000000000
23096  -23.334  23.168  28.731 0.0000000000
23095  -23.021  23.147  28.971 0.0000000000
24527  -22.626  23.472  29.105 0.0000000000
23090  -22.934  23.010  29.160 0.0000000000
23089  -22.534  23.251  29.362 0.0000000000
23083  -22.267  23.304  29.771 0.0000000000
23075  -22.044  23.264  30.257 0.0000000000
23074  -21.965  23.549  30.216 0.0000000000
23063  -21.678  23.405  30.678 0.0000000000
23062  -21.464  23.814  30.805 0.0000000000
23055  -21.414  23.719  30.752 0.0000000000
23056  -21.641  23.360  31.357 0.0000000000
24463  -25.358  23.641  32.199 0.0000000000
23046  -21.163  23.113  31.928 0.0000000000
23045  -20.990  23.339  32.013 0.0000000000
23044  -20.851  23.452  32.272 0.0000000000
24449  -24.947  23.502  32.671 0.0000000000
23032  -20.793  23.346  32.608 0.0000000000
23018  -20.715  23.271  32.954 0.0000000000
23017  -20.570  23.301  33.210 0.0000000000
23005  -24.825  23.261  33.115 0.0000000000
22991  -24.644  23.218  33.500 0.0000000000
24422  -24.206  23.470  33.699 0.0000000000
24436  -24.925  23.252  32.998 0.0000000000
23004  -20.322  23.282  33.782 0.0000000000
22977  -24.351  23.275  34.095 0.0000000000
24410  -24.059  23.626  33.930 0.0000000000
22990  -20.233  23.242  34.116 0.0000000000
24394  -24.028  23.448  34.249 0.0000000000
22976  -20.177  23.190  34.380 0.0000000000
22966  -24.155  23.253  34.619 0.0000000000
22965  -23.880  23.302  34.911 0.0000000000
24376  -23.535  23.539  35.001 0.0000000000
22964  -19.952  22.818  34.816 0.0000000000
24389  -19.544  23.203  34.905 0.0000000000
22963  -19.787  22.940  34.730 0.0000000000
24371  -19.351  23.378  35.280 0.0000000000
22952  -19.377  23.114  34.894 0.0000000000
22962  -19.554  22.856  34.834 0.0000000000
22953  -23.796  23.248  35.234 0.0000000000
24359  -23.438  23.408  35.319 0.0000000000
24358  -23.172  23.390  35.587 0.0000000000
24357  -22.773  23.475  35.836 0.0000000000
24354  -19.238  23.495  35.747 0.0000000000
22942  -19.154  23.030  35.570 0.0000000000
22945  -23.571  23.131  35.620 0.0000000000
22944  -23.196  23.106  35.918 0.0000000000
22943  -23.043  23.214  35.987 0.0000000000
24341  -22.528  23.493  36.226 0.0000000000
22928  -22.767  23.196  36.443 0.0000000000
24325  -22.315  23.450  36.679 0.0000000000
23106  -26.755  23.165  28.160 0.0000000000
23107  -27.184  23.158  28.180 0.0000000000
23105  -26.294  23.154  28.157 0.0000000000
23104  -26.193  23.228  28.156 0.0000000000
21793  -25.875  23.280  28.148 0.0000000000
23103  -25.976  23.275  28.155 0.0000000000
21792  -25.431  23.211  28.093 0.0000000000
23102  -24.769  22.949  28.055 0.0000000000
21780  -25.196  23.058  28.207 0.0000000000
21783  -26.538  22.935  28.333 0.0000000000
21784  -26.964  22.985  28.325 0.0000000000
21782  -26.075  22.927  28.331 0.0000000000
21781  -25.661  23.080  28.239 0.0000000000
21779  -24.837  22.997  28.253 0.0000000000
21778  -24.401  22.953  28.341 0.0000000000
23097  -23.728  23.039  28.586 0.0000000000
21767  -24.033  22.683  28.708 0.0000000000
21766  -23.583  22.843  28.826 0.0000000000
23091  -23.090  23.071  29.074 0.0000000000
21761  -22.973  22.907  29.223 0.0000000000
21760  -22.919  22.942  29.317 0.0000000000
23084  -22.680  22.790  29.812 0.0000000000
21754  -22.813  22.696  29.646 0.0000000000
23076  -22.427  23.127  29.894 0.0000000000
21745  -22.616  22.762  30.009 0.0000000000
21744  -22.229  22.818  30.350 0.0000000000
23064  -21.958  23.068  30.664 0.0000000000
21737  -21.991  22.839  30.755 0.0000000000
21736  -21.864  22.947  30.854 0.0000000000
21732  -21.784  22.858  31.224 0.0000000000
21729  -21.573  22.884  31.719 0.0000000000
21728  -21.116  22.794  32.056 0.0000000000
21727  -20.931  23.104  32.330 0.0000000000
21718  -20.863  22.861  32.745 0.0000000000
21708  -20.663  22.846  33.197 0.0000000000
21707  -20.389  23.065  33.467 0.0000000000
21698  -20.318  22.898  33.767 0.0000000000
21686  -20.212  22.928  34.138 0.0000000000
21671  -20.184  22.759  34.366 0.0000000000
22954  -24.171  23.087  35.120 0.0000000000
21657  -20.035  22.628  34.636 0.0000000000
21656  -19.751  22.576  34.750 0.0000000000
21655  -19.456  22.593  34.923 0.0000000000
22946  -24.010  23.035  35.499 0.0000000000
21640  -19.238  22.628  35.274 0.0000000000
21628  -23.864  22.838  35.785 0.0000000000
21627  -23.479  22.860  35.888 0.0000000000
21610  -23.268  22.833  36.290 0.0000000000
22929  -23.050  23.064  36.248 0.0000000000
21771  -25.911  22.680  28.624 0.0000000000
21772  -26.365  22.646  28.664 0.0000000000
21770  -25.462  22.725  28.569 0.0000000000
21769  -25.020  22.726  28.564 0.0000000000
21768  -24.567  22.713  28.599 0.0000000000
20501  -25.751  22.350  28.865 0.0000000000
20502  -26.145  22.331  28.926 0.0000000000
20500  -25.272  22.312  28.892 0.0000000000
20499  -24.774  22.414  28.843 0.0000000000
20498  -24.325  22.411  28.872 0.0000000000
21762  -23.714  22.605  29.002 0.0000000000
20484  -24.077  22.259  29.132 0.0000000000
20497  -24.215  22.262  28.903 0.0000000000
20483  -23.599  22.374  29.295 0.0000000000
21755  -22.948  22.666  29.604 0.0000000000
20471  -23.018  22.259  29.914 0.0000000000
20470  -22.967  22.360  29.795 0.0000000000
20459  -22.827  22.244  30.081 0.0000000000
20458  -22.386  22.457  30.302 0.0000000000
20452  -22.212  22.496  30.735 0.0000000000
21733  -21.966  22.723  31.044 0.0000000000
20445  -22.167  22.376  31.164 0.0000000000
20444  -21.976  22.484  31.314 0.0000000000
20437  -21.830  22.328  31.715 0.0000000000
20436  -21.505  22.473  31.971 0.0000000000
21719  -21.078  22.755  32.428 0.0000000000
20428  -21.379  22.319  32.383 0.0000000000
20427  -21.095  22.497  32.703 0.0000000000
20419  -20.962  22.430  32.993 0.0000000000
21699  -20.575  22.669  33.404 0.0000000000
20407  -20.849  22.334  33.224 0.0000000000
20406  -20.528  22.475  33.570 0.0000000000
20393  -20.297  22.417  33.972 0.0000000000
20382  -20.199  22.328  34.400 0.0000000000
20374  -19.982  22.240  34.689 0.0000000000
20373  -19.667  22.238  34.822 0.0000000000
20372  -19.381  22.272  35.062 0.0000000000
21626  -19.073  22.597  35.667 0.0000000000
20362  -19.199  22.265  35.442 0.0000000000
19195  -25.668  22.127  29.076 0.0000000000
20488  -26.019  22.178  29.102 0.0000000000
20487  -25.181  22.150  29.099 0.0000000000
19194  -25.406  22.073  29.089 0.0000000000
20486  -24.970  22.194  29.102 0.0000000000
20485  -24.543  22.202  29.108 0.0000000000
19172  -25.255  21.912  29.261 0.0000000000
19171  -24.859  22.004  29.274 0.0000000000
19169  -24.293  22.032  29.296 0.0000000000
19170  -24.549  22.026  29.279 0.0000000000
20472  -23.750  22.074  29.528 0.0000000000
19149  -24.008  21.846  29.589 0.0000000000
19148  -23.611  21.950  29.765 0.0000000000
20460  -23.076  22.152  30.007 0.0000000000
19138  -23.349  21.843  30.081 0.0000000000
19137  -23.015  21.966  30.248 0.0000000000
20453  -22.553  21.974  30.839 0.0000000000
19122  -22.787  21.938  30.511 0.0000000000
20446  -22.467  22.285  30.800 0.0000000000
19106  -22.688  21.950  31.051 0.0000000000
19105  -22.401  22.095  31.221 0.0000000000
20438  -22.083  22.205  31.526 0.0000000000
19092  -22.384  21.812  31.604 0.0000000000
19091  -21.915  21.972  32.069 0.0000000000
20429  -21.744  22.120  32.087 0.0000000000
19087  -21.991  21.773  32.184 0.0000000000
19086  -21.699  21.971  32.338 0.0000000000
20420  -21.229  22.158  32.895 0.0000000000
19078  -21.617  21.715  32.746 0.0000000000
20408  -21.081  22.142  33.147 0.0000000000
19069  -21.201  21.764  33.292 0.0000000000
19068  -20.989  21.980  33.361 0.0000000000
20394  -20.726  22.082  33.573 0.0000000000
19059  -20.724  21.841  33.721 0.0000000000
19058  -20.313  21.974  34.084 0.0000000000
19052  -20.195  21.929  34.529 0.0000000000
19048  -19.892  21.868  34.763 0.0000000000
19047  -19.592  21.944  34.943 0.0000000000
19046  -19.258  22.159  35.153 0.0000000000
19173  -25.734  21.972  29.212 0.0000000000
19152  -25.029  21.770  29.477 0.0000000000
17793  -25.378  21.484  29.638 0.0000000000
17807  -25.560  21.712  29.345 0.0000000000
19151  -24.704  21.803  29.469 0.0000000000
19150  -24.386  21.844  29.451 0.0000000000
17792  -24.929  21.614  29.687 0.0000000000
17791  -24.495  21.604  29.747 0.0000000000
19139  -23.774  21.745  29.899 0.0000000000
17790  -24.086  21.578  29.930 0.0000000000
17776  -23.852  21.493  30.191 0.0000000000
19123  -23.117  21.714  30.644 0.0000000000
17775  -23.414  21.551  30.458 0.0000000000
17763  -23.624  21.482  30.734 0.0000000000
17762  -23.376  21.604  30.648 0.0000000000
19124  -23.290  21.669  30.912 0.0000000000
19107  -23.031  21.680  31.108 0.0000000000
19093  -22.970  21.688  31.500 0.0000000000
19094  -23.610  21.831  31.206 0.0000000000
19108  -23.603  21.688  30.955 0.0000000000
17738  -23.353  21.281  31.706 0.0000000000
17739  -24.115  21.301  31.328 0.0000000000
19095  -23.844  21.502  31.078 0.0000000000
17737  -22.908  21.319  31.826 0.0000000000
19088  -22.319  21.573  32.014 0.0000000000
17736  -22.553  21.373  31.974 0.0000000000
17724  -22.457  21.225  32.374 0.0000000000
19079  -21.898  21.515  32.635 0.0000000000
17723  -22.092  21.366  32.612 0.0000000000
17707  -21.939  21.248  32.975 0.0000000000
17690  -21.602  21.374  33.152 0.0000000000
17706  -21.729  21.416  32.934 0.0000000000
19060  -21.010  21.590  33.686 0.0000000000
17673  -21.377  21.269  33.617 0.0000000000
17672  -20.845  21.372  33.925 0.0000000000
17671  -20.553  21.686  33.967 0.0000000000
17657  -20.409  21.567  34.229 0.0000000000
17644  -20.187  21.371  34.683 0.0000000000
17643  -19.742  21.545  34.991 0.0000000000
17642  -19.561  21.807  35.056 0.0000000000
17778  -24.958  21.312  29.970 0.0000000000
17777  -24.380  21.312  30.120 0.0000000000
17764  -24.097  21.240  30.498 0.0000000000
16325  -24.397  21.150  30.383 0.0000000000
16326  -24.674  21.102  30.321 0.0000000000
17753  -24.073  21.177  30.913 0.0000000000
16311  -24.384  21.026  30.625 0.0000000000
17752  -23.925  21.326  31.016 0.0000000000
17740  -24.130  21.106  31.247 0.0000000000
16294  -24.357  20.890  31.012 0.0000000000
16276  -24.272  20.792  31.618 0.0000000000
16275  -23.712  20.893  31.826 0.0000000000
16274  -23.232  20.957  31.924 0.0000000000
17725  -22.805  21.150  32.070 0.0000000000
16273  -22.844  20.931  32.159 0.0000000000
16256  -22.978  20.897  32.291 0.0000000000
17708  -22.222  21.130  32.811 0.0000000000
16238  -22.533  20.878  32.835 0.0000000000
16255  -22.699  20.926  32.577 0.0000000000
16237  -22.205  20.991  33.044 0.0000000000
17691  -21.804  21.071  33.424 0.0000000000
16227  -21.828  20.991  33.361 0.0000000000
17674  -21.697  21.012  33.650 0.0000000000
16214  -21.947  20.823  33.699 0.0000000000
16213  -21.585  20.937  33.805 0.0000000000
16212  -21.230  21.063  33.875 0.0000000000
17658  -20.647  21.192  34.391 0.0000000000
16197  -20.976  21.005  34.112 0.0000000000
17645  -20.496  21.062  34.696 0.0000000000
16188  -20.787  20.782  34.641 0.0000000000
16187  -20.249  20.844  34.961 0.0000000000
16186  -20.029  20.972  35.034 0.0000000000
17631  -19.647  21.244  35.385 0.0000000000
17630  -19.419  21.623  35.312 0.0000000000
16312  -24.734  20.858  30.663 0.0000000000
16295  -24.753  20.742  31.170 0.0000000000
16259  -24.215  20.541  32.038 0.0000000000
14905  -24.503  20.358  31.926 0.0000000000
16277  -24.767  20.598  31.665 0.0000000000
16258  -24.003  20.630  32.134 0.0000000000
16257  -23.719  20.621  31.965 0.0000000000
14895  -24.249  20.195  32.421 0.0000000000
14894  -24.045  20.194  32.390 0.0000000000
16240  -23.270  20.621  32.551 0.0000000000
14893  -23.736  20.287  32.388 0.0000000000
16239  -22.942  20.720  32.749 0.0000000000
14883  -23.360  20.369  32.881 0.0000000000
16229  -22.864  20.844  33.081 0.0000000000
14882  -23.144  20.597  32.856 0.0000000000
16228  -22.546  20.680  33.238 0.0000000000
14873  -23.032  20.350  33.339 0.0000000000
16215  -22.145  20.565  33.836 0.0000000000
14872  -22.707  20.387  33.553 0.0000000000
16200  -22.147  20.526  34.103 0.0000000000
14863  -22.644  20.247  33.843 0.0000000000
16199  -21.891  20.705  34.053 0.0000000000
16198  -21.398  20.788  34.071 0.0000000000
14852  -22.325  20.181  34.269 0.0000000000
14851  -21.656  20.418  34.348 0.0000000000
16189  -21.150  20.708  34.387 0.0000000000
14850  -21.337  20.583  34.374 0.0000000000
14840  -21.203  20.265  34.780 0.0000000000
14839  -20.665  20.402  35.029 0.0000000000
16177  -20.046  20.807  35.243 0.0000000000
14828  -20.279  20.551  35.327 0.0000000000
14838  -20.328  20.674  35.038 0.0000000000
16176  -19.867  20.883  35.438 0.0000000000
14827  -20.009  20.742  35.442 0.0000000000
14884  -24.083  19.876  32.905 0.0000000000
14875  -23.857  20.060  33.012 0.0000000000
13662  -23.987  19.842  33.116 0.0000000000
13663  -24.268  19.737  32.962 0.0000000000
14885  -24.150  20.003  32.790 0.0000000000
14874  -23.451  20.077  33.337 0.0000000000
13653  -23.779  20.007  33.238 0.0000000000
14865  -23.223  20.001  33.664 0.0000000000
13652  -23.415  19.979  33.573 0.0000000000
14864  -22.997  20.245  33.861 0.0000000000
13645  -23.352  19.720  33.858 0.0000000000
14853  -22.717  20.160  33.945 0.0000000000
13637  -22.949  19.680  34.268 0.0000000000
13644  -23.003  19.862  33.949 0.0000000000
13636  -22.608  19.895  34.319 0.0000000000
14842  -22.135  19.985  34.677 0.0000000000
13627  -22.514  19.703  34.625 0.0000000000
14841  -21.857  20.009  34.763 0.0000000000
13626  -21.937  19.749  34.882 0.0000000000
13625  -21.378  19.943  34.956 0.0000000000
13624  -21.050  20.132  35.027 0.0000000000
14829  -20.698  20.154  35.492 0.0000000000
13614  -21.022  20.029  35.208 0.0000000000
14820  -20.735  19.974  35.770 0.0000000000
13604  -20.951  19.792  35.791 0.0000000000
14819  -20.480  20.180  35.800 0.0000000000
14818  -20.026  20.548  35.819 0.0000000000
13603  -20.695  19.961  35.869 0.0000000000
13654  -24.155  19.626  33.237 0.0000000000
13646  -23.723  19.556  33.742 0.0000000000
12538  -23.904  19.381  33.719 0.0000000000
12539  -24.128  19.288  33.530 0.0000000000
12530  -23.724  19.247  33.968 0.0000000000
13638  -23.279  19.515  34.165 0.0000000000
12529  -23.579  19.245  33.827 0.0000000000
12522  -23.245  19.226  34.390 0.0000000000
13628  -22.866  19.689  35.071 0.0000000000
12521  -23.034  19.289  34.636 0.0000000000
12513  -22.889  19.006  35.019 0.0000000000
12512  -22.580  19.238  35.094 0.0000000000
13616  -21.988  19.625  35.058 0.0000000000
12511  -22.127  19.429  34.984 0.0000000000
13615  -21.513  19.979  34.918 0.0000000000
13606  -22.191  19.494  35.523 0.0000000000
12504  -22.189  19.227  35.451 0.0000000000
13605  -21.591  19.625  35.592 0.0000000000
12498  -21.931  19.278  35.819 0.0000000000
12497  -21.354  19.580  35.784 0.0000000000
12531  -24.181  19.078  33.876 0.0000000000
11414  -23.854  18.895  33.835 0.0000000000
11415  -24.078  18.975  33.704 0.0000000000
12523  -23.277  18.998  34.074 0.0000000000
11410  -23.852  19.003  33.934 0.0000000000
11409  -23.391  18.843  34.274 0.0000000000
12514  -23.098  19.078  34.710 0.0000000000
11404  -23.219  18.991  34.589 0.0000000000
11403  -23.054  18.812  34.712 0.0000000000
12506  -22.808  19.015  35.055 0.0000000000
11400  -22.875  18.851  34.995 0.0000000000
12505  -22.323  19.127  35.360 0.0000000000
11399  -22.525  18.734  35.421 0.0000000000
12499  -22.265  19.025  35.781 0.0000000000
12494  -22.215  18.961  36.047 0.0000000000
11393  -22.341  18.596  35.866 0.0000000000
12493  -21.972  19.100  36.025 0.0000000000
11408  -23.139  18.693  34.500 0.0000000000
10385  -23.194  18.645  34.342 0.0000000000
10392  -23.123  18.442  34.092 0.0000000000
11413  -23.793  18.834  34.191 0.0000000000
10384  -23.006  18.509  34.435 0.0000000000
10377  -22.817  18.459  34.811 0.0000000000
10370  -22.652  18.428  35.168 0.0000000000
10393  -23.853  18.738  34.012 0.0000000000
38048  -28.358  27.444  30.039 0.0000000000
