#!ascii label  , from subject  vox2ras=TkReg
386
34499  -22.889  27.083  33.573 0.0000000000
34488  -22.645  26.970  33.833 0.0000000000
34489  -23.064  26.801  33.736 0.0000000000
34500  -23.276  26.957  33.414 0.0000000000
36199  -22.440  27.360  33.608 0.0000000000
36200  -23.056  27.369  33.264 0.0000000000
34490  -23.492  26.670  33.633 0.0000000000
34501  -23.776  26.725  33.357 0.0000000000
36201  -23.598  27.088  33.193 0.0000000000
32725  -23.875  26.258  33.798 0.0000000000
32736  -24.029  26.469  33.394 0.0000000000
34502  -24.158  26.730  33.182 0.0000000000
36202  -24.162  26.840  33.220 0.0000000000
32737  -24.329  26.223  33.433 0.0000000000
34503  -24.522  26.575  33.115 0.0000000000
34513  -24.370  26.824  32.972 0.0000000000
36210  -24.050  27.163  33.006 0.0000000000
32738  -24.895  26.230  33.103 0.0000000000
34514  -24.713  26.704  32.803 0.0000000000
36211  -24.408  26.958  32.815 0.0000000000
36191  -22.368  27.162  33.859 0.0000000000
36198  -21.974  27.674  33.754 0.0000000000
36190  -22.074  27.289  33.969 0.0000000000
37939  -22.188  27.923  33.401 0.0000000000
37940  -22.692  27.848  33.209 0.0000000000
37941  -22.871  27.803  33.109 0.0000000000
36209  -23.421  27.388  32.987 0.0000000000
36208  -22.972  27.743  33.005 0.0000000000
37949  -23.128  27.846  32.915 0.0000000000
37950  -23.672  27.542  32.771 0.0000000000
37951  -23.958  27.371  32.790 0.0000000000
36220  -24.531  27.230  32.519 0.0000000000
36219  -24.134  27.351  32.711 0.0000000000
37960  -24.084  27.780  32.470 0.0000000000
37938  -21.917  27.887  33.613 0.0000000000
39647  -21.866  28.566  33.412 0.0000000000
39648  -22.309  28.411  33.240 0.0000000000
39649  -22.708  28.172  33.102 0.0000000000
37948  -22.863  28.006  33.000 0.0000000000
39661  -22.877  28.291  32.941 0.0000000000
39662  -22.951  28.202  32.881 0.0000000000
37959  -23.502  27.978  32.662 0.0000000000
37958  -23.097  27.950  32.792 0.0000000000
39674  -23.362  28.372  32.718 0.0000000000
39675  -23.731  28.388  32.499 0.0000000000
37961  -24.525  27.642  32.266 0.0000000000
39676  -24.109  28.450  32.314 0.0000000000
37973  -24.648  27.991  32.179 0.0000000000
37972  -24.308  28.149  32.253 0.0000000000
39693  -24.510  28.452  32.193 0.0000000000
39640  -21.573  28.287  33.678 0.0000000000
39646  -21.419  28.640  33.649 0.0000000000
41315  -21.453  29.020  33.584 0.0000000000
41316  -22.034  29.037  33.275 0.0000000000
41317  -22.417  28.904  33.255 0.0000000000
39660  -22.619  28.472  33.096 0.0000000000
41333  -22.791  28.715  33.125 0.0000000000
41334  -23.004  28.732  33.063 0.0000000000
41335  -23.283  28.912  32.919 0.0000000000
41352  -23.604  28.751  32.694 0.0000000000
41353  -24.084  28.968  32.644 0.0000000000
41354  -24.371  28.941  32.343 0.0000000000
41303  -21.008  28.970  33.808 0.0000000000
41314  -21.049  29.026  33.851 0.0000000000
42957  -21.173  29.276  33.752 0.0000000000
42958  -21.548  29.425  33.628 0.0000000000
42959  -21.983  29.333  33.407 0.0000000000
42960  -22.429  29.415  33.296 0.0000000000
41318  -22.790  29.090  33.237 0.0000000000
42961  -22.847  29.496  33.255 0.0000000000
41319  -23.060  29.137  33.192 0.0000000000
42962  -23.156  29.510  33.147 0.0000000000
42976  -23.431  29.518  32.892 0.0000000000
41336  -23.679  29.132  32.764 0.0000000000
42977  -23.808  29.527  32.782 0.0000000000
41337  -23.878  29.057  32.753 0.0000000000
42978  -24.199  29.488  32.639 0.0000000000
41375  -24.527  28.690  32.217 0.0000000000
42992  -24.617  29.480  32.356 0.0000000000
41376  -24.729  28.677  32.165 0.0000000000
41355  -24.901  29.006  32.226 0.0000000000
42943  -20.913  29.450  33.814 0.0000000000
42944  -21.118  29.630  33.768 0.0000000000
44603  -21.238  29.830  33.744 0.0000000000
44624  -21.803  29.797  33.656 0.0000000000
44625  -22.065  29.859  33.571 0.0000000000
44626  -22.494  29.904  33.363 0.0000000000
44627  -22.914  29.994  33.277 0.0000000000
44628  -23.289  29.996  33.165 0.0000000000
44643  -23.627  29.951  32.970 0.0000000000
44644  -23.981  29.913  32.813 0.0000000000
44645  -24.394  29.921  32.682 0.0000000000
44602  -20.928  29.937  33.872 0.0000000000
46284  -21.041  30.375  33.988 0.0000000000
46285  -21.479  30.468  33.863 0.0000000000
44604  -21.736  30.129  33.746 0.0000000000
46286  -21.943  30.440  33.762 0.0000000000
46299  -22.240  30.137  33.594 0.0000000000
46300  -22.494  30.443  33.595 0.0000000000
46301  -23.063  30.492  33.371 0.0000000000
46302  -23.459  30.446  33.269 0.0000000000
46317  -23.828  30.207  33.073 0.0000000000
46318  -24.133  30.250  32.982 0.0000000000
44656  -24.999  30.041  32.456 0.0000000000
46319  -24.600  30.402  32.855 0.0000000000
46272  -20.669  30.436  34.191 0.0000000000
44584  -20.843  30.054  34.032 0.0000000000
48036  -20.841  30.939  34.263 0.0000000000
48050  -21.237  30.781  34.102 0.0000000000
48051  -21.611  30.776  34.019 0.0000000000
48052  -22.032  31.180  33.875 0.0000000000
46287  -22.126  30.710  33.773 0.0000000000
48053  -22.048  31.101  33.964 0.0000000000
48065  -22.786  30.882  33.644 0.0000000000
48066  -23.035  30.953  33.580 0.0000000000
48067  -23.419  30.935  33.440 0.0000000000
46303  -23.833  30.552  33.259 0.0000000000
48068  -23.881  31.036  33.390 0.0000000000
46304  -24.182  30.603  33.194 0.0000000000
48069  -24.422  30.968  33.285 0.0000000000
48035  -20.319  30.922  34.295 0.0000000000
49764  -20.392  31.431  34.656 0.0000000000
49765  -20.890  31.340  34.370 0.0000000000
48037  -20.943  31.009  34.444 0.0000000000
49766  -21.322  31.348  34.234 0.0000000000
49781  -21.670  31.158  33.999 0.0000000000
49782  -21.877  31.355  33.918 0.0000000000
49783  -22.306  31.428  33.785 0.0000000000
48054  -22.655  31.141  33.723 0.0000000000
49784  -22.733  31.377  33.718 0.0000000000
49796  -23.203  31.247  33.548 0.0000000000
49797  -23.450  31.507  33.645 0.0000000000
49798  -23.981  31.619  33.732 0.0000000000
49750  -20.742  31.596  34.629 0.0000000000
51439  -21.002  31.621  34.439 0.0000000000
51440  -21.319  31.870  34.304 0.0000000000
49767  -21.596  31.441  34.164 0.0000000000
51441  -21.889  31.829  34.006 0.0000000000
51455  -21.879  32.116  33.875 0.0000000000
51456  -22.458  31.900  33.716 0.0000000000
51457  -23.097  31.863  33.623 0.0000000000
51474  -23.006  32.204  33.756 0.0000000000
51475  -23.283  31.965  33.698 0.0000000000
49799  -24.542  31.441  33.452 0.0000000000
49786  -24.214  31.767  33.722 0.0000000000
49785  -23.882  31.908  33.698 0.0000000000
51458  -23.972  32.008  33.750 0.0000000000
51476  -23.731  32.126  33.744 0.0000000000
51423  -20.790  31.971  34.748 0.0000000000
51424  -21.012  32.103  34.741 0.0000000000
52963  -21.157  32.399  34.642 0.0000000000
52977  -21.367  32.387  34.190 0.0000000000
51454  -21.578  32.069  33.974 0.0000000000
52991  -21.624  32.361  33.899 0.0000000000
52992  -21.974  32.320  33.798 0.0000000000
52993  -22.339  32.378  33.690 0.0000000000
51473  -22.620  32.192  33.655 0.0000000000
51459  -24.513  31.870  33.724 0.0000000000
52994  -24.117  32.393  33.812 0.0000000000
53014  -24.153  32.580  33.774 0.0000000000
53011  -22.677  32.447  33.621 0.0000000000
53012  -23.231  32.342  33.596 0.0000000000
53013  -23.465  32.496  33.709 0.0000000000
52962  -20.842  32.391  34.861 0.0000000000
54381  -20.961  32.873  34.774 0.0000000000
54382  -21.260  32.838  34.488 0.0000000000
54392  -21.413  32.839  34.019 0.0000000000
54401  -21.681  32.778  33.847 0.0000000000
54402  -21.779  32.857  33.811 0.0000000000
54403  -22.357  32.796  33.660 0.0000000000
54415  -22.743  32.874  33.601 0.0000000000
54416  -23.140  32.941  33.664 0.0000000000
54417  -23.788  33.193  33.821 0.0000000000
54418  -24.119  33.084  33.935 0.0000000000
54380  -20.511  32.832  34.898 0.0000000000
55887  -20.701  33.272  34.836 0.0000000000
55888  -21.082  33.238  34.698 0.0000000000
55897  -21.279  33.216  34.354 0.0000000000
55904  -21.425  33.224  33.959 0.0000000000
55905  -21.739  33.185  33.811 0.0000000000
55906  -21.972  33.069  33.752 0.0000000000
55917  -22.409  33.238  33.648 0.0000000000
55918  -22.833  33.383  33.674 0.0000000000
55919  -23.288  33.426  33.824 0.0000000000
55920  -23.779  33.382  33.987 0.0000000000
57408  -20.866  33.714  34.671 0.0000000000
57409  -21.169  33.475  34.578 0.0000000000
57420  -21.199  33.720  34.266 0.0000000000
57431  -21.483  33.650  33.860 0.0000000000
57432  -21.935  33.656  33.758 0.0000000000
57433  -22.175  33.446  33.719 0.0000000000
57448  -22.375  33.780  33.709 0.0000000000
57449  -23.033  34.011  33.835 0.0000000000
57450  -23.382  33.916  33.981 0.0000000000
57419  -20.916  33.963  34.396 0.0000000000
58985  -21.020  34.224  34.262 0.0000000000
59001  -21.298  34.185  33.993 0.0000000000
59002  -21.628  34.011  33.781 0.0000000000
57447  -22.109  33.886  33.737 0.0000000000
59016  -21.991  34.218  33.749 0.0000000000
59017  -22.533  34.389  33.834 0.0000000000
59018  -23.005  34.479  34.027 0.0000000000
52961  -20.430  32.368  34.875 0.0000000000
52960  -20.010  32.308  34.987 0.0000000000
51422  -20.283  31.984  34.811 0.0000000000
54379  -20.169  32.664  35.081 0.0000000000
49749  -20.550  31.747  34.755 0.0000000000
44601  -20.801  29.795  33.917 0.0000000000
44583  -20.624  29.960  34.127 0.0000000000
42942  -20.702  29.647  33.922 0.0000000000
42933  -20.744  29.321  33.908 0.0000000000
41302  -20.922  28.943  33.895 0.0000000000
42932  -20.424  29.519  34.038 0.0000000000
41292  -20.760  29.159  33.893 0.0000000000
39639  -21.111  28.317  33.993 0.0000000000
39638  -20.882  28.645  33.980 0.0000000000
41291  -20.244  29.150  34.216 0.0000000000
39630  -20.713  28.857  33.971 0.0000000000
37931  -21.523  27.926  33.870 0.0000000000
39631  -20.998  28.296  34.059 0.0000000000
37922  -21.229  27.942  34.197 0.0000000000
37930  -21.164  28.082  33.887 0.0000000000
37921  -21.075  28.292  34.046 0.0000000000
39629  -20.320  28.667  34.561 0.0000000000
37920  -20.805  28.830  34.218 0.0000000000
36197  -21.803  27.806  33.796 0.0000000000
37923  -21.647  27.828  33.793 0.0000000000
36189  -21.780  27.628  33.937 0.0000000000
36181  -21.696  27.375  34.306 0.0000000000
37910  -21.036  27.771  34.734 0.0000000000
36180  -21.120  27.851  34.395 0.0000000000
37909  -20.878  27.970  34.648 0.0000000000
37908  -20.638  28.067  34.932 0.0000000000
37897  -21.069  27.723  34.765 0.0000000000
36168  -21.435  27.292  35.119 0.0000000000
37896  -20.874  27.834  35.037 0.0000000000
39621  -20.747  28.055  34.916 0.0000000000
39620  -20.352  28.386  34.968 0.0000000000
36155  -21.225  27.351  35.180 0.0000000000
37884  -20.828  27.798  35.650 0.0000000000
36154  -20.979  27.673  35.227 0.0000000000
37895  -20.726  28.040  35.046 0.0000000000
37883  -20.679  28.067  35.318 0.0000000000
39611  -20.632  27.927  35.172 0.0000000000
39610  -20.415  28.317  35.186 0.0000000000
37885  -21.036  27.373  36.109 0.0000000000
36138  -21.041  27.415  35.232 0.0000000000
37867  -20.824  27.847  35.975 0.0000000000
37868  -21.090  27.628  36.081 0.0000000000
39598  -20.718  27.994  35.926 0.0000000000
39597  -20.384  28.364  35.796 0.0000000000
37869  -21.173  27.633  35.995 0.0000000000
36121  -21.257  27.051  36.090 0.0000000000
36139  -21.272  27.273  35.581 0.0000000000
37849  -21.307  27.548  36.753 0.0000000000
37850  -21.389  27.400  36.275 0.0000000000
39585  -21.082  27.968  36.593 0.0000000000
39584  -20.772  28.097  36.195 0.0000000000
36101  -21.649  27.106  36.526 0.0000000000
36122  -21.586  27.133  35.887 0.0000000000
37829  -21.219  27.596  37.242 0.0000000000
36077  -21.586  27.085  36.918 0.0000000000
36100  -21.588  27.183  36.829 0.0000000000
37848  -20.986  27.799  37.064 0.0000000000
39570  -20.983  27.888  36.937 0.0000000000
37828  -20.975  27.845  37.439 0.0000000000
39569  -20.719  28.115  36.935 0.0000000000
37802  -21.420  27.692  37.827 0.0000000000
36054  -21.523  27.255  37.526 0.0000000000
34487  -22.314  27.046  34.041 0.0000000000
36182  -22.057  27.174  34.149 0.0000000000
34473  -22.092  27.031  34.302 0.0000000000
36169  -21.750  27.061  34.867 0.0000000000
34472  -21.994  27.006  34.544 0.0000000000
36156  -21.691  27.015  34.955 0.0000000000
34456  -21.862  26.977  34.639 0.0000000000
36140  -21.628  26.949  35.556 0.0000000000
34440  -21.792  26.878  34.959 0.0000000000
34422  -21.799  26.778  35.554 0.0000000000
34405  -21.799  26.774  36.114 0.0000000000
36078  -21.590  27.173  37.114 0.0000000000
34388  -21.819  26.707  36.719 0.0000000000
34371  -21.807  26.770  37.111 0.0000000000
34348  -21.665  26.898  37.175 0.0000000000
34370  -21.729  26.972  37.265 0.0000000000
34349  -21.860  26.937  37.588 0.0000000000
36055  -21.781  27.356  37.835 0.0000000000
32724  -23.425  26.555  33.814 0.0000000000
34475  -22.876  26.741  33.982 0.0000000000
32708  -23.296  26.506  34.016 0.0000000000
34474  -22.477  26.858  34.059 0.0000000000
34459  -23.049  26.625  34.186 0.0000000000
34458  -22.876  26.515  34.419 0.0000000000
34457  -22.037  26.681  34.764 0.0000000000
32692  -23.230  26.358  34.457 0.0000000000
32691  -22.651  26.317  34.934 0.0000000000
34441  -21.852  26.710  35.178 0.0000000000
32690  -22.121  26.633  34.821 0.0000000000
34442  -22.060  26.674  35.101 0.0000000000
32671  -22.015  26.503  34.930 0.0000000000
34423  -21.980  26.697  35.799 0.0000000000
34406  -21.982  26.620  36.233 0.0000000000
32652  -22.099  26.347  36.064 0.0000000000
32653  -22.543  26.182  35.759 0.0000000000
34424  -22.197  26.470  35.473 0.0000000000
34389  -21.981  26.515  36.873 0.0000000000
32634  -22.117  26.227  36.478 0.0000000000
32614  -21.994  26.385  36.928 0.0000000000
32613  -21.897  26.537  37.170 0.0000000000
32560  -21.941  26.689  37.300 0.0000000000
32588  -22.000  26.525  37.138 0.0000000000
32561  -22.148  26.609  37.442 0.0000000000
34350  -22.324  26.863  37.804 0.0000000000
34330  -22.143  26.960  37.923 0.0000000000
34331  -22.164  27.098  37.915 0.0000000000
36032  -21.977  27.397  38.039 0.0000000000
36033  -22.316  27.447  38.118 0.0000000000
34332  -22.611  27.083  38.008 0.0000000000
32726  -24.120  26.043  33.864 0.0000000000
30922  -24.416  25.890  33.757 0.0000000000
30923  -24.782  25.845  33.527 0.0000000000
30904  -24.225  25.855  34.002 0.0000000000
32709  -23.624  26.175  34.186 0.0000000000
30903  -23.956  25.951  34.062 0.0000000000
32693  -23.603  26.103  34.446 0.0000000000
30887  -23.815  25.928  34.365 0.0000000000
30873  -23.642  25.849  34.707 0.0000000000
30872  -23.156  26.081  34.851 0.0000000000
32672  -22.485  26.212  35.094 0.0000000000
30871  -23.003  26.033  34.907 0.0000000000
30852  -23.071  26.053  35.188 0.0000000000
30851  -22.939  26.009  35.042 0.0000000000
32673  -22.886  26.144  35.531 0.0000000000
30831  -22.510  26.037  35.822 0.0000000000
30808  -22.891  26.013  36.054 0.0000000000
32635  -22.974  26.094  35.951 0.0000000000
30830  -22.264  25.974  36.098 0.0000000000
32654  -22.994  26.101  35.916 0.0000000000
30807  -22.418  26.100  36.104 0.0000000000
32636  -23.013  26.064  36.061 0.0000000000
30786  -22.409  26.022  36.519 0.0000000000
32589  -22.275  26.309  37.173 0.0000000000
30772  -22.546  26.008  36.998 0.0000000000
32590  -22.707  26.112  37.265 0.0000000000
32562  -22.653  26.527  37.683 0.0000000000
32563  -23.132  26.609  37.742 0.0000000000
30758  -23.090  26.099  37.476 0.0000000000
32539  -22.763  26.886  37.908 0.0000000000
32540  -22.868  26.871  37.900 0.0000000000
34351  -22.616  26.881  37.888 0.0000000000
34333  -22.945  27.124  37.970 0.0000000000
30905  -24.687  25.628  33.921 0.0000000000
30888  -24.139  25.749  34.283 0.0000000000
30889  -24.451  25.651  34.155 0.0000000000
30874  -23.969  25.715  34.561 0.0000000000
29143  -24.278  25.401  34.619 0.0000000000
29160  -24.395  25.541  34.306 0.0000000000
29142  -23.960  25.372  35.057 0.0000000000
30853  -23.494  25.728  35.123 0.0000000000
29124  -24.026  25.298  34.893 0.0000000000
30833  -23.364  25.745  35.454 0.0000000000
29109  -23.828  25.356  35.492 0.0000000000
30832  -23.011  26.113  35.702 0.0000000000
30810  -23.365  25.728  35.752 0.0000000000
30809  -23.047  25.985  36.113 0.0000000000
29096  -23.510  25.625  36.070 0.0000000000
30788  -23.202  25.829  36.782 0.0000000000
29095  -22.911  25.870  36.372 0.0000000000
30787  -22.870  25.798  36.661 0.0000000000
29080  -23.149  25.691  36.720 0.0000000000
30773  -22.942  25.868  37.117 0.0000000000
29079  -23.097  25.754  37.197 0.0000000000
30774  -23.315  25.841  37.278 0.0000000000
29067  -23.155  25.763  37.041 0.0000000000
30759  -23.482  26.146  37.538 0.0000000000
32564  -23.591  26.596  37.649 0.0000000000
34352  -23.253  27.067  37.799 0.0000000000
36034  -22.741  27.536  38.118 0.0000000000
36035  -23.176  27.821  37.988 0.0000000000
37776  -21.905  27.801  38.243 0.0000000000
37803  -21.806  27.752  38.197 0.0000000000
37777  -22.476  27.845  38.234 0.0000000000
37778  -22.863  28.044  38.117 0.0000000000
41222  -20.644  28.438  36.459 0.0000000000
41242  -20.703  28.407  36.162 0.0000000000
39583  -20.554  28.369  36.158 0.0000000000
