#!ascii label  , from subject  vox2ras=TkReg
54
3330  -23.535  11.955  7.714 0.0000000000
3329  -23.001  11.832  7.669 0.0000000000
3318  -23.050  11.943  8.126 0.0000000000
3319  -23.600  12.152  8.128 0.0000000000
3331  -24.159  12.119  7.736 0.0000000000
3345  -23.422  11.818  7.291 0.0000000000
3346  -23.970  11.865  7.349 0.0000000000
3328  -22.461  11.783  7.525 0.0000000000
3317  -22.509  11.828  8.042 0.0000000000
3344  -22.898  11.772  7.202 0.0000000000
3304  -23.039  12.162  8.619 0.0000000000
3305  -23.440  12.235  8.502 0.0000000000
3709  -23.709  12.265  8.497 0.0000000000
3320  -24.137  12.218  7.805 0.0000000000
3710  -24.080  12.281  8.329 0.0000000000
3303  -22.575  11.932  8.535 0.0000000000
3316  -21.872  11.749  7.858 0.0000000000
3302  -22.098  11.806  8.504 0.0000000000
3697  -23.328  12.306  9.024 0.0000000000
3292  -22.538  12.099  8.850 0.0000000000
3684  -22.681  12.224  9.134 0.0000000000
3696  -23.005  12.259  9.031 0.0000000000
3291  -22.171  11.976  8.980 0.0000000000
3301  -21.588  11.758  8.511 0.0000000000
3290  -21.810  11.853  9.014 0.0000000000
3300  -21.095  11.742  8.556 0.0000000000
3289  -21.322  11.791  9.014 0.0000000000
3315  -21.321  11.672  8.061 0.0000000000
3683  -22.313  12.103  9.092 0.0000000000
3278  -21.847  11.971  9.335 0.0000000000
3673  -22.069  12.152  9.524 0.0000000000
3277  -21.520  11.859  9.419 0.0000000000
3719  -24.269  12.256  8.014 0.0000000000
3674  -22.743  12.424  9.714 0.0000000000
3685  -23.198  12.387  9.261 0.0000000000
3675  -23.083  12.484  9.561 0.0000000000
4110  -23.228  12.523  9.453 0.0000000000
3686  -23.839  12.521  9.077 0.0000000000
4111  -23.520  12.686  9.419 0.0000000000
3698  -23.994  12.382  8.751 0.0000000000
3687  -24.318  12.680  9.028 0.0000000000
4112  -24.097  12.771  9.412 0.0000000000
3699  -24.426  12.517  8.666 0.0000000000
3688  -24.726  12.748  8.966 0.0000000000
4113  -24.778  13.013  9.346 0.0000000000
3700  -24.872  12.588  8.603 0.0000000000
3689  -25.088  12.866  8.993 0.0000000000
3711  -24.551  12.354  8.287 0.0000000000
3701  -25.321  12.558  8.523 0.0000000000
3712  -25.002  12.359  8.190 0.0000000000
3720  -24.640  12.241  7.928 0.0000000000
4101  -23.195  12.700  9.811 0.0000000000
4102  -23.754  12.832  9.813 0.0000000000
4103  -24.279  13.020  9.746 0.0000000000
