#!ascii label  , from subject  vox2ras=TkReg
49
21924  -24.767  22.748  20.995 0.0000000000
21923  -24.198  22.554  20.931 0.0000000000
21911  -24.357  22.707  21.277 0.0000000000
21912  -24.839  22.739  21.374 0.0000000000
21925  -25.113  22.869  20.771 0.0000000000
21934  -24.745  22.622  20.541 0.0000000000
21935  -25.204  22.756  20.648 0.0000000000
21913  -25.279  22.775  21.448 0.0000000000
21926  -25.722  22.817  21.098 0.0000000000
21936  -25.918  22.932  20.884 0.0000000000
21914  -25.715  22.832  21.624 0.0000000000
21927  -26.261  22.926  21.134 0.0000000000
21937  -26.232  22.843  20.708 0.0000000000
20681  -24.408  22.382  20.470 0.0000000000
21933  -24.331  22.497  20.675 0.0000000000
20689  -24.688  22.274  20.096 0.0000000000
21947  -24.813  22.348  20.046 0.0000000000
21948  -25.175  22.602  20.257 0.0000000000
21949  -25.622  22.701  20.329 0.0000000000
21950  -26.118  22.750  20.345 0.0000000000
21938  -26.940  23.030  20.699 0.0000000000
21951  -26.672  22.781  20.298 0.0000000000
20690  -25.088  22.345  20.004 0.0000000000
20691  -25.511  22.450  20.006 0.0000000000
20692  -25.988  22.611  20.013 0.0000000000
20693  -26.457  22.591  20.008 0.0000000000
20680  -24.068  22.429  20.649 0.0000000000
20673  -23.975  22.585  20.991 0.0000000000
21922  -24.006  22.742  21.031 0.0000000000
21910  -24.143  22.683  21.104 0.0000000000
20672  -23.865  22.376  20.893 0.0000000000
20661  -24.000  22.784  21.602 0.0000000000
20664  -24.963  22.634  21.790 0.0000000000
20665  -25.286  22.722  21.785 0.0000000000
20663  -24.464  22.644  21.697 0.0000000000
20662  -24.038  22.678  21.609 0.0000000000
20688  -24.222  22.172  20.204 0.0000000000
20679  -23.821  22.332  20.770 0.0000000000
20687  -23.905  22.161  20.299 0.0000000000
20678  -23.369  22.185  20.938 0.0000000000
20686  -23.474  22.196  20.557 0.0000000000
19360  -23.130  21.954  20.756 0.0000000000
19351  -22.889  21.907  21.098 0.0000000000
20671  -22.965  22.025  21.087 0.0000000000
20660  -23.439  22.279  21.274 0.0000000000
19336  -22.931  22.107  21.602 0.0000000000
19337  -23.348  22.357  21.653 0.0000000000
19350  -22.872  21.879  21.052 0.0000000000
19335  -22.815  21.994  21.503 0.0000000000
