#!ascii label  , from subject  vox2ras=TkReg
19
31247  -27.115  25.892  23.135 0.0000000000
29520  -27.210  25.665  22.995 0.0000000000
29519  -26.928  25.351  23.089 0.0000000000
31246  -26.641  25.829  23.391 0.0000000000
31265  -27.454  26.014  22.850 0.0000000000
33060  -26.919  26.222  23.305 0.0000000000
33061  -27.413  26.278  23.097 0.0000000000
33043  -26.592  26.266  23.638 0.0000000000
34832  -26.809  26.461  23.452 0.0000000000
34833  -27.093  26.584  23.351 0.0000000000
33082  -27.630  26.142  22.935 0.0000000000
33083  -27.731  26.167  22.997 0.0000000000
33062  -27.929  26.326  23.193 0.0000000000
34834  -27.519  26.615  23.340 0.0000000000
31266  -27.953  25.965  22.938 0.0000000000
29518  -26.395  25.388  23.346 0.0000000000
31245  -26.290  25.730  23.585 0.0000000000
31231  -26.310  26.023  23.693 0.0000000000
29538  -27.257  25.380  22.850 0.0000000000
