#!ascii label  , from subject  vox2ras=TkReg
82
3608  -26.072  12.269  12.867 0.0000000000
3600  -25.966  12.085  13.102 0.0000000000
3599  -25.834  11.970  13.032 0.0000000000
3607  -25.855  12.146  12.713 0.0000000000
4029  -26.345  12.681  13.203 0.0000000000
4037  -26.333  12.547  12.571 0.0000000000
3615  -26.038  12.246  12.291 0.0000000000
3614  -25.774  12.133  12.332 0.0000000000
4045  -26.325  12.277  12.237 0.0000000000
3622  -25.865  12.062  11.923 0.0000000000
3623  -26.185  12.224  11.760 0.0000000000
3247  -26.044  11.842  11.549 0.0000000000
3248  -26.227  12.004  11.463 0.0000000000
3634  -26.310  12.254  11.320 0.0000000000
4057  -26.331  12.520  11.890 0.0000000000
4071  -26.417  12.571  11.589 0.0000000000
3254  -26.196  11.943  11.155 0.0000000000
3647  -26.412  12.277  10.764 0.0000000000
4081  -26.564  12.673  10.872 0.0000000000
4021  -26.162  12.373  13.435 0.0000000000
4028  -26.186  12.862  13.594 0.0000000000
4020  -26.042  12.611  13.766 0.0000000000
4439  -26.271  13.148  13.563 0.0000000000
4038  -26.663  12.872  12.737 0.0000000000
4030  -26.856  12.892  12.873 0.0000000000
4440  -26.657  13.151  13.169 0.0000000000
4451  -26.780  13.125  12.845 0.0000000000
4046  -26.585  12.765  12.329 0.0000000000
4463  -26.831  13.164  12.401 0.0000000000
4058  -26.635  12.799  11.935 0.0000000000
4476  -27.000  13.219  11.793 0.0000000000
4072  -26.729  12.882  11.419 0.0000000000
4487  -27.020  13.182  11.186 0.0000000000
4082  -26.802  12.788  10.841 0.0000000000
3648  -26.727  12.500  10.472 0.0000000000
4094  -26.888  12.857  10.251 0.0000000000
4497  -27.045  13.086  10.851 0.0000000000
4083  -27.154  12.974  10.599 0.0000000000
4438  -26.135  13.108  13.951 0.0000000000
4428  -26.118  13.401  14.148 0.0000000000
4427  -26.030  13.123  14.080 0.0000000000
4843  -26.277  13.599  13.912 0.0000000000
4844  -26.704  13.583  13.410 0.0000000000
4855  -26.842  13.404  12.877 0.0000000000
4864  -27.060  13.577  12.534 0.0000000000
4464  -27.120  13.420  12.195 0.0000000000
4477  -27.280  13.540  11.935 0.0000000000
4865  -27.279  13.732  12.247 0.0000000000
4488  -27.389  13.593  11.422 0.0000000000
4875  -27.375  13.875  11.867 0.0000000000
4498  -27.462  13.413  10.819 0.0000000000
4884  -27.524  13.946  11.426 0.0000000000
4499  -27.665  13.750  11.091 0.0000000000
4489  -27.609  13.848  11.234 0.0000000000
4833  -26.492  13.828  14.080 0.0000000000
4834  -26.815  14.113  13.893 0.0000000000
5302  -26.841  13.827  13.381 0.0000000000
5317  -27.077  13.805  12.972 0.0000000000
5327  -27.285  13.853  12.573 0.0000000000
5328  -27.418  14.160  12.305 0.0000000000
5337  -27.551  14.089  11.969 0.0000000000
5288  -26.909  14.035  13.777 0.0000000000
5303  -27.263  14.199  13.231 0.0000000000
5289  -27.299  14.446  13.699 0.0000000000
5778  -27.525  14.580  13.320 0.0000000000
5318  -27.347  14.099  12.769 0.0000000000
5793  -27.590  14.560  12.787 0.0000000000
5805  -27.391  14.779  12.042 0.0000000000
5765  -27.848  14.953  13.759 0.0000000000
5779  -27.880  15.049  13.216 0.0000000000
5794  -27.777  14.981  12.926 0.0000000000
6310  -27.673  14.969  12.546 0.0000000000
5272  -27.437  14.695  14.100 0.0000000000
5271  -27.035  14.246  14.207 0.0000000000
4824  -26.852  14.058  13.994 0.0000000000
3660  -26.513  12.386  10.144 0.0000000000
3661  -26.716  12.550  10.295 0.0000000000
3606  -25.668  12.033  12.663 0.0000000000
3613  -25.522  11.986  12.437 0.0000000000
3621  -25.644  12.011  11.843 0.0000000000
3224  -25.790  11.981  13.192 0.0000000000
3223  -25.365  11.745  12.815 0.0000000000
