#!ascii label  , from subject  vox2ras=TkReg
280
13963  -18.243  20.159  19.921 0.0000000000
13964  -18.557  20.022  20.173 0.0000000000
13986  -18.369  20.230  19.878 0.0000000000
15203  -18.240  20.629  20.081 0.0000000000
13987  -18.695  20.098  19.739 0.0000000000
15204  -18.758  20.451  20.354 0.0000000000
13965  -19.019  20.094  20.227 0.0000000000
13947  -19.213  20.149  20.421 0.0000000000
13948  -19.406  20.053  20.471 0.0000000000
13966  -19.444  19.838  20.198 0.0000000000
15187  -19.181  20.298  20.616 0.0000000000
15205  -18.969  20.267  20.366 0.0000000000
13988  -18.985  19.984  19.971 0.0000000000
13949  -19.882  19.936  20.502 0.0000000000
13967  -20.027  19.686  20.118 0.0000000000
13989  -19.487  19.738  19.824 0.0000000000
13968  -20.629  19.802  20.165 0.0000000000
12837  -20.393  19.512  19.852 0.0000000000
13990  -19.828  19.773  19.671 0.0000000000
13950  -20.405  19.985  20.449 0.0000000000
12838  -20.988  19.713  19.991 0.0000000000
13969  -21.114  19.967  20.170 0.0000000000
13951  -20.791  20.105  20.383 0.0000000000
12839  -21.166  19.786  20.001 0.0000000000
13991  -21.337  19.850  19.990 0.0000000000
15191  -21.102  20.416  20.561 0.0000000000
15206  -21.504  20.040  19.960 0.0000000000
13970  -21.431  20.095  20.154 0.0000000000
13992  -21.739  19.945  19.789 0.0000000000
15207  -21.975  20.386  19.987 0.0000000000
15221  -18.175  20.450  19.603 0.0000000000
15222  -18.645  20.151  19.220 0.0000000000
14013  -18.688  19.885  19.293 0.0000000000
14014  -19.079  19.699  19.416 0.0000000000
14015  -19.613  19.574  19.325 0.0000000000
12850  -20.129  19.170  19.440 0.0000000000
14016  -19.915  19.297  19.305 0.0000000000
12852  -21.317  19.569  19.728 0.0000000000
12853  -21.894  19.596  19.508 0.0000000000
13993  -22.049  20.016  19.355 0.0000000000
15223  -22.032  20.266  19.808 0.0000000000
12874  -18.771  19.304  18.913 0.0000000000
12873  -18.383  19.692  18.935 0.0000000000
14012  -18.376  20.023  19.027 0.0000000000
15233  -18.733  20.056  18.798 0.0000000000
12875  -19.352  19.271  19.189 0.0000000000
12876  -19.790  19.124  19.270 0.0000000000
12877  -20.017  19.017  19.257 0.0000000000
15188  -19.720  20.215  20.781 0.0000000000
15186  -18.991  20.679  20.842 0.0000000000
15170  -19.229  20.626  20.965 0.0000000000
15171  -19.573  20.496  21.064 0.0000000000
15189  -20.231  20.235  20.783 0.0000000000
15172  -20.046  20.481  21.102 0.0000000000
15190  -20.695  20.328  20.713 0.0000000000
15173  -20.539  20.598  21.076 0.0000000000
15174  -21.007  20.731  20.981 0.0000000000
15175  -21.120  20.832  20.955 0.0000000000
16594  -21.407  20.784  20.632 0.0000000000
15192  -21.627  20.577  20.337 0.0000000000
16595  -21.944  20.916  20.446 0.0000000000
16603  -18.406  20.879  20.343 0.0000000000
16614  -18.168  21.029  19.971 0.0000000000
16604  -18.930  20.985  20.899 0.0000000000
15231  -17.880  20.567  19.194 0.0000000000
15220  -17.937  21.016  19.585 0.0000000000
15232  -18.303  20.176  19.071 0.0000000000
16613  -18.067  21.029  19.725 0.0000000000
14011  -18.179  20.016  19.037 0.0000000000
15241  -17.765  20.467  18.562 0.0000000000
16621  -17.812  20.974  19.370 0.0000000000
16632  -17.719  20.923  18.939 0.0000000000
14027  -17.909  19.888  18.388 0.0000000000
15253  -17.838  20.113  18.189 0.0000000000
15252  -17.765  20.426  18.065 0.0000000000
15240  -17.599  20.644  18.216 0.0000000000
16631  -17.599  20.837  18.533 0.0000000000
14038  -17.722  20.103  17.905 0.0000000000
15265  -17.484  20.431  17.732 0.0000000000
16645  -17.426  20.869  18.074 0.0000000000
14039  -17.824  19.859  18.030 0.0000000000
14049  -17.635  19.961  17.557 0.0000000000
15273  -17.385  20.427  17.177 0.0000000000
16656  -17.330  20.860  17.413 0.0000000000
16586  -21.550  21.064  21.088 0.0000000000
16592  -18.754  20.950  20.967 0.0000000000
18016  -18.420  21.287  20.772 0.0000000000
18026  -18.247  21.380  20.236 0.0000000000
16593  -18.892  20.892  20.997 0.0000000000
18036  -18.071  21.470  19.818 0.0000000000
18035  -17.831  21.291  19.539 0.0000000000
18047  -17.654  21.315  19.117 0.0000000000
18059  -17.519  21.229  18.713 0.0000000000
18060  -17.227  20.946  19.011 0.0000000000
18072  -17.307  21.460  18.131 0.0000000000
18079  -17.319  21.254  17.626 0.0000000000
16663  -17.331  20.796  16.937 0.0000000000
18085  -17.369  21.074  17.032 0.0000000000
18003  -18.712  21.230  21.061 0.0000000000
19345  -18.629  21.597  21.058 0.0000000000
19356  -18.323  21.848  20.600 0.0000000000
19364  -18.031  21.846  20.058 0.0000000000
19377  -17.694  21.762  19.509 0.0000000000
19378  -17.928  21.855  19.943 0.0000000000
19393  -17.570  21.690  19.163 0.0000000000
18046  -17.605  21.366  18.898 0.0000000000
19392  -17.442  21.757  18.967 0.0000000000
19404  -17.314  21.812  18.528 0.0000000000
19414  -17.192  22.024  18.216 0.0000000000
19422  -17.319  21.714  17.698 0.0000000000
19426  -17.374  21.540  17.326 0.0000000000
18090  -17.529  21.233  16.700 0.0000000000
19432  -17.662  21.540  16.793 0.0000000000
18004  -18.920  21.343  21.177 0.0000000000
19346  -18.880  21.910  21.310 0.0000000000
19357  -18.710  21.754  21.066 0.0000000000
18005  -19.321  21.409  21.282 0.0000000000
19347  -19.439  21.784  21.661 0.0000000000
19330  -19.163  22.116  21.719 0.0000000000
20658  -18.937  22.485  21.494 0.0000000000
20670  -18.729  22.338  20.953 0.0000000000
20677  -18.583  22.272  20.773 0.0000000000
18006  -19.845  21.335  21.595 0.0000000000
19348  -19.736  21.729  21.954 0.0000000000
19331  -19.484  22.087  22.040 0.0000000000
19332  -19.855  21.868  22.158 0.0000000000
17992  -19.952  21.533  22.011 0.0000000000
20676  -18.393  22.148  19.972 0.0000000000
20685  -18.051  22.198  20.149 0.0000000000
19363  -17.897  21.916  20.029 0.0000000000
20703  -17.729  22.171  19.888 0.0000000000
19376  -17.392  21.934  19.014 0.0000000000
20702  -17.477  22.194  19.318 0.0000000000
20714  -17.330  21.991  19.095 0.0000000000
20719  -17.309  22.015  18.943 0.0000000000
20726  -17.286  22.238  18.239 0.0000000000
20736  -17.380  22.131  17.799 0.0000000000
20743  -17.595  21.929  17.275 0.0000000000
19433  -17.788  21.813  16.809 0.0000000000
20753  -17.819  22.161  17.117 0.0000000000
18091  -17.749  21.481  16.521 0.0000000000
19439  -17.922  21.676  16.385 0.0000000000
20754  -18.017  22.010  16.717 0.0000000000
20659  -19.260  22.427  21.842 0.0000000000
20646  -19.216  22.734  21.796 0.0000000000
21898  -19.095  22.827  21.626 0.0000000000
21908  -18.896  23.146  21.333 0.0000000000
20657  -18.769  22.518  20.989 0.0000000000
20669  -18.498  22.357  20.922 0.0000000000
21920  -18.791  22.672  20.996 0.0000000000
21921  -18.713  22.736  20.929 0.0000000000
21931  -18.275  22.564  20.201 0.0000000000
21932  -18.628  22.861  20.495 0.0000000000
20684  -17.898  22.301  20.132 0.0000000000
21946  -18.101  22.601  20.158 0.0000000000
21945  -17.925  22.642  20.139 0.0000000000
21957  -17.592  22.650  19.631 0.0000000000
21963  -17.421  22.734  19.127 0.0000000000
21958  -17.811  22.792  20.123 0.0000000000
21966  -17.172  22.770  19.172 0.0000000000
21976  -17.269  22.656  18.543 0.0000000000
20735  -17.245  22.377  17.785 0.0000000000
20725  -17.242  22.497  18.182 0.0000000000
21975  -17.302  22.625  17.943 0.0000000000
21986  -16.868  22.902  18.112 0.0000000000
21987  -17.307  22.478  17.905 0.0000000000
21994  -17.950  22.159  17.127 0.0000000000
22003  -17.960  22.074  16.949 0.0000000000
22004  -18.011  22.046  16.864 0.0000000000
20767  -18.131  21.850  16.406 0.0000000000
20755  -18.626  22.228  16.572 0.0000000000
20744  -18.282  22.271  16.935 0.0000000000
20768  -18.456  21.978  16.310 0.0000000000
21907  -18.691  22.838  20.987 0.0000000000
23246  -18.624  23.336  20.954 0.0000000000
23256  -18.514  23.201  20.534 0.0000000000
23255  -18.134  23.048  20.322 0.0000000000
23268  -17.957  23.007  20.188 0.0000000000
23267  -17.820  23.025  20.080 0.0000000000
23274  -17.819  22.926  19.998 0.0000000000
23273  -17.641  23.052  19.759 0.0000000000
23281  -17.394  23.149  19.283 0.0000000000
23292  -17.328  23.149  18.883 0.0000000000
23303  -17.381  23.124  18.374 0.0000000000
23302  -17.435  22.992  18.080 0.0000000000
23309  -17.437  22.843  17.952 0.0000000000
23310  -17.600  23.093  17.980 0.0000000000
21988  -17.920  22.785  17.552 0.0000000000
21995  -18.107  22.568  17.285 0.0000000000
23311  -18.016  23.164  17.656 0.0000000000
21996  -18.565  22.709  17.197 0.0000000000
23321  -17.888  22.841  17.527 0.0000000000
23322  -18.292  23.030  17.397 0.0000000000
20745  -18.772  22.510  16.914 0.0000000000
21997  -18.940  22.917  17.042 0.0000000000
23323  -18.863  23.200  17.244 0.0000000000
20746  -19.044  22.847  16.901 0.0000000000
22005  -19.146  22.918  16.930 0.0000000000
23341  -19.191  22.993  16.920 0.0000000000
20756  -19.141  22.414  16.656 0.0000000000
22006  -19.553  22.735  16.805 0.0000000000
23342  -19.319  23.041  16.990 0.0000000000
23245  -18.291  23.417  20.589 0.0000000000
24689  -18.128  23.461  20.351 0.0000000000
24694  -18.148  23.024  19.851 0.0000000000
23266  -17.520  23.217  20.595 0.0000000000
24692  -17.747  23.244  20.016 0.0000000000
24693  -17.853  23.484  20.150 0.0000000000
24700  -17.595  23.562  19.754 0.0000000000
24706  -17.387  23.663  19.279 0.0000000000
24709  -17.377  23.660  18.795 0.0000000000
24715  -17.563  23.658  18.334 0.0000000000
24719  -17.819  23.652  17.958 0.0000000000
24720  -18.058  23.766  17.850 0.0000000000
23312  -18.426  23.377  17.641 0.0000000000
24721  -18.603  24.091  17.829 0.0000000000
23313  -18.961  23.696  17.610 0.0000000000
24722  -19.039  23.743  17.555 0.0000000000
24732  -19.060  23.300  17.191 0.0000000000
23324  -19.386  23.102  17.022 0.0000000000
23343  -19.870  23.005  16.924 0.0000000000
16583  -19.920  20.868  21.245 0.0000000000
16582  -19.489  20.928  21.228 0.0000000000
18007  -20.193  21.046  21.425 0.0000000000
17993  -20.324  21.263  21.835 0.0000000000
16581  -19.068  20.945  21.130 0.0000000000
16580  -18.878  21.031  21.086 0.0000000000
17994  -20.848  21.197  21.758 0.0000000000
16570  -20.596  20.888  21.447 0.0000000000
17982  -20.207  21.643  22.181 0.0000000000
17983  -20.647  21.506  22.139 0.0000000000
16585  -21.203  20.855  21.088 0.0000000000
16571  -21.131  20.947  21.302 0.0000000000
16572  -21.297  20.961  21.113 0.0000000000
18008  -21.647  21.224  21.263 0.0000000000
16587  -21.911  21.164  20.800 0.0000000000
18009  -21.976  21.333  21.089 0.0000000000
15158  -21.067  20.826  21.148 0.0000000000
16584  -20.258  20.779  21.254 0.0000000000
17995  -21.369  21.285  21.599 0.0000000000
15157  -20.876  20.791  21.195 0.0000000000
12921  -17.967  19.571  18.053 0.0000000000
12933  -17.850  19.602  17.692 0.0000000000
14050  -17.761  19.880  17.830 0.0000000000
12902  -18.217  19.451  18.335 0.0000000000
12901  -17.987  19.638  18.207 0.0000000000
14028  -18.122  19.863  18.755 0.0000000000
12922  -18.240  19.257  18.049 0.0000000000
11843  -18.159  19.311  17.867 0.0000000000
12903  -18.594  19.086  18.379 0.0000000000
11816  -18.499  19.000  18.167 0.0000000000
12849  -19.928  18.962  19.293 0.0000000000
11794  -19.801  18.898  19.173 0.0000000000
11793  -18.996  19.010  19.050 0.0000000000
11792  -18.980  19.054  18.866 0.0000000000
11817  -18.827  18.936  18.511 0.0000000000
12851  -20.747  19.215  19.543 0.0000000000
12879  -21.063  19.016  19.246 0.0000000000
12880  -21.680  19.148  19.258 0.0000000000
11775  -20.400  18.934  19.355 0.0000000000
11796  -20.743  18.875  19.231 0.0000000000
12878  -21.148  19.013  19.404 0.0000000000
11774  -19.790  18.859  19.239 0.0000000000
11773  -19.924  18.893  19.221 0.0000000000
11818  -19.160  18.974  18.832 0.0000000000
11845  -18.794  18.675  18.023 0.0000000000
11846  -19.046  18.716  18.382 0.0000000000
11844  -18.418  18.954  17.926 0.0000000000
11795  -20.290  18.793  19.160 0.0000000000
11819  -19.678  18.769  18.958 0.0000000000
11820  -20.099  18.681  18.907 0.0000000000
18017  -22.076  21.298  20.826 0.0000000000
17984  -21.116  21.451  21.991 0.0000000000
17985  -21.622  21.661  21.956 0.0000000000
17996  -21.884  21.482  21.551 0.0000000000
17986  -22.059  21.823  21.988 0.0000000000
19333  -22.119  21.667  21.638 0.0000000000
17997  -22.151  21.579  21.325 0.0000000000
18010  -22.214  21.554  21.030 0.0000000000
19334  -22.425  21.758  21.425 0.0000000000
