#!ascii label  , from subject  vox2ras=TkReg
51
31177  -29.362  26.018  24.937 0.0000000000
31164  -29.142  25.871  25.567 0.0000000000
29467  -29.156  25.246  25.222 0.0000000000
29479  -29.252  25.445  24.550 0.0000000000
31190  -29.314  25.848  24.296 0.0000000000
32960  -29.241  26.492  25.373 0.0000000000
32981  -29.413  26.622  24.912 0.0000000000
31191  -29.377  26.210  24.519 0.0000000000
31178  -29.516  26.250  24.932 0.0000000000
32982  -29.816  26.452  25.102 0.0000000000
33003  -29.424  26.544  24.713 0.0000000000
29488  -29.259  25.463  23.977 0.0000000000
31210  -29.276  25.848  23.818 0.0000000000
31211  -29.174  26.085  23.856 0.0000000000
33027  -29.341  26.504  24.167 0.0000000000
29503  -29.256  25.591  23.481 0.0000000000
31232  -29.263  25.899  23.559 0.0000000000
31233  -29.216  26.163  23.660 0.0000000000
33047  -29.159  26.440  23.892 0.0000000000
31250  -29.190  26.005  23.364 0.0000000000
31251  -29.101  26.221  23.480 0.0000000000
33065  -29.041  26.406  23.681 0.0000000000
32944  -28.946  26.354  25.816 0.0000000000
34749  -28.958  26.945  25.588 0.0000000000
34762  -29.170  27.061  25.040 0.0000000000
33002  -29.698  26.899  24.860 0.0000000000
34780  -29.222  27.024  24.578 0.0000000000
33026  -29.352  26.868  24.335 0.0000000000
34803  -29.036  27.009  24.188 0.0000000000
33046  -29.075  26.707  23.924 0.0000000000
36457  -28.988  27.527  25.181 0.0000000000
36478  -28.983  27.637  24.548 0.0000000000
36496  -28.930  27.317  24.257 0.0000000000
34821  -28.854  26.899  23.947 0.0000000000
34802  -28.727  27.214  23.937 0.0000000000
38211  -28.924  28.048  24.876 0.0000000000
36495  -28.588  27.654  24.081 0.0000000000
36477  -28.782  27.926  24.077 0.0000000000
38210  -28.635  28.176  24.396 0.0000000000
38220  -28.580  27.937  24.171 0.0000000000
38219  -28.170  27.944  24.138 0.0000000000
38209  -28.000  28.216  24.280 0.0000000000
39915  -28.408  28.601  24.632 0.0000000000
39916  -28.741  28.555  24.868 0.0000000000
39914  -27.984  28.654  24.652 0.0000000000
41571  -28.322  28.956  24.807 0.0000000000
41572  -28.630  28.899  24.953 0.0000000000
41562  -27.995  29.093  24.845 0.0000000000
41563  -28.527  29.122  25.100 0.0000000000
31154  -28.841  25.829  25.996 0.0000000000
29456  -28.888  25.350  25.830 0.0000000000
