#!ascii label  , from subject  vox2ras=TkReg
2067
66969  26.404  0.982  -16.976 0.0000000000
66956  26.169  0.796  -16.962 0.0000000000
66955  26.658  0.983  -16.666 0.0000000000
66970  26.171  0.859  -17.030 0.0000000000
67914  26.625  1.174  -16.771 0.0000000000
67927  26.417  1.009  -16.898 0.0000000000
66015  26.033  0.628  -17.021 0.0000000000
66016  26.005  0.682  -17.002 0.0000000000
66971  26.014  0.863  -17.051 0.0000000000
67928  26.222  0.997  -17.088 0.0000000000
66017  25.544  0.644  -16.930 0.0000000000
66972  25.887  0.871  -17.047 0.0000000000
67929  26.007  1.009  -17.054 0.0000000000
66988  25.984  0.990  -17.075 0.0000000000
66034  25.425  0.688  -17.033 0.0000000000
66989  25.434  0.863  -17.423 0.0000000000
67945  25.931  1.043  -17.174 0.0000000000
66035  25.011  0.264  -17.269 0.0000000000
66990  25.089  0.776  -17.525 0.0000000000
67946  25.720  1.042  -17.414 0.0000000000
67007  25.300  1.009  -17.674 0.0000000000
66036  25.006  0.424  -17.496 0.0000000000
66991  25.016  0.928  -17.658 0.0000000000
67008  24.996  1.015  -17.762 0.0000000000
66049  24.940  0.843  -17.639 0.0000000000
67009  24.887  1.019  -17.736 0.0000000000
67966  25.408  1.006  -17.841 0.0000000000
67967  25.008  1.081  -17.766 0.0000000000
66050  24.400  0.827  -17.795 0.0000000000
67010  24.511  1.039  -17.849 0.0000000000
67968  24.979  1.293  -17.793 0.0000000000
66051  24.028  0.828  -17.704 0.0000000000
67011  24.043  1.001  -17.898 0.0000000000
67969  24.641  1.020  -17.994 0.0000000000
67019  24.320  0.935  -17.997 0.0000000000
66052  24.005  0.909  -17.800 0.0000000000
67012  23.847  0.912  -17.859 0.0000000000
67020  23.991  1.053  -17.999 0.0000000000
67970  23.959  0.996  -17.858 0.0000000000
67983  24.012  1.128  -18.007 0.0000000000
66992  23.693  0.829  -17.836 0.0000000000
66039  23.968  0.509  -17.490 0.0000000000
66993  23.222  0.985  -17.602 0.0000000000
67013  23.701  0.993  -17.691 0.0000000000
67971  23.988  1.010  -17.831 0.0000000000
67972  23.310  1.144  -17.541 0.0000000000
67982  24.473  1.043  -18.041 0.0000000000
67913  26.999  1.015  -16.536 0.0000000000
68852  26.895  1.639  -16.755 0.0000000000
68853  26.490  1.663  -16.990 0.0000000000
68867  26.635  1.569  -17.019 0.0000000000
67943  26.406  1.071  -17.022 0.0000000000
67944  26.007  1.094  -17.138 0.0000000000
68879  26.521  1.523  -17.297 0.0000000000
68880  26.218  1.377  -17.558 0.0000000000
67964  26.013  1.121  -17.410 0.0000000000
67965  25.983  1.243  -17.516 0.0000000000
68901  26.045  1.761  -17.884 0.0000000000
68902  26.003  1.797  -17.785 0.0000000000
68903  25.642  1.783  -17.925 0.0000000000
68904  25.050  1.722  -17.926 0.0000000000
68905  25.019  1.681  -17.984 0.0000000000
67981  24.941  1.172  -17.984 0.0000000000
67984  23.978  1.228  -17.996 0.0000000000
67947  23.167  1.065  -17.386 0.0000000000
67948  23.085  1.234  -17.394 0.0000000000
67973  23.078  1.391  -17.656 0.0000000000
67985  23.495  1.510  -17.994 0.0000000000
68906  23.091  1.663  -17.916 0.0000000000
68926  23.456  1.583  -18.030 0.0000000000
68907  22.973  1.631  -17.754 0.0000000000
68922  24.983  1.468  -18.066 0.0000000000
68923  24.455  1.523  -18.191 0.0000000000
68924  24.021  1.378  -18.202 0.0000000000
68925  23.827  1.437  -18.188 0.0000000000
68838  27.013  1.511  -16.156 0.0000000000
68851  26.965  1.953  -16.673 0.0000000000
69848  27.082  2.015  -16.710 0.0000000000
69849  26.919  2.039  -16.848 0.0000000000
68866  26.836  1.974  -17.005 0.0000000000
69860  26.941  2.072  -16.978 0.0000000000
69861  26.871  1.976  -17.129 0.0000000000
69873  26.816  1.987  -17.524 0.0000000000
68900  26.456  1.888  -17.754 0.0000000000
69889  26.446  2.012  -17.765 0.0000000000
69890  26.014  2.009  -17.782 0.0000000000
69891  25.981  1.996  -17.753 0.0000000000
69892  25.327  1.998  -17.787 0.0000000000
69893  25.051  2.011  -17.934 0.0000000000
68921  25.006  1.825  -17.972 0.0000000000
68881  22.999  1.309  -17.504 0.0000000000
68882  22.862  1.391  -17.589 0.0000000000
68908  22.994  1.705  -17.895 0.0000000000
68927  23.018  1.805  -18.003 0.0000000000
69894  22.871  1.868  -17.986 0.0000000000
69913  22.962  1.986  -18.041 0.0000000000
69895  22.801  1.723  -17.851 0.0000000000
69909  25.014  1.981  -17.998 0.0000000000
69910  24.994  1.961  -18.107 0.0000000000
69911  24.476  1.975  -18.419 0.0000000000
68938  24.132  1.825  -18.527 0.0000000000
68939  24.003  1.765  -18.299 0.0000000000
68940  23.880  1.665  -18.413 0.0000000000
68941  23.498  1.786  -18.487 0.0000000000
69912  23.035  1.719  -18.205 0.0000000000
69930  24.298  1.974  -18.300 0.0000000000
69931  24.007  2.011  -18.419 0.0000000000
69932  23.965  1.989  -18.386 0.0000000000
69933  23.354  1.990  -18.245 0.0000000000
69841  27.303  1.992  -16.356 0.0000000000
70843  27.159  2.042  -16.315 0.0000000000
70849  27.010  2.246  -16.850 0.0000000000
70850  26.923  2.208  -16.939 0.0000000000
70859  26.987  2.246  -17.099 0.0000000000
69872  26.921  2.045  -17.093 0.0000000000
70869  26.953  2.221  -17.187 0.0000000000
69888  26.805  2.016  -17.370 0.0000000000
70881  26.824  2.182  -17.536 0.0000000000
70882  26.209  2.207  -17.869 0.0000000000
70883  25.972  2.224  -17.897 0.0000000000
70884  25.755  2.283  -17.753 0.0000000000
70885  25.326  2.249  -17.841 0.0000000000
70886  24.983  2.074  -17.994 0.0000000000
69874  22.583  1.813  -17.227 0.0000000000
70887  22.738  2.012  -17.505 0.0000000000
69914  22.939  1.977  -17.993 0.0000000000
70900  25.098  2.211  -18.049 0.0000000000
70901  24.980  2.083  -18.114 0.0000000000
69929  24.682  2.000  -18.259 0.0000000000
69934  23.009  1.997  -18.172 0.0000000000
70902  22.891  2.096  -18.056 0.0000000000
70903  22.735  2.067  -17.977 0.0000000000
70915  24.820  2.173  -18.276 0.0000000000
70916  24.303  2.093  -18.364 0.0000000000
70917  24.004  2.210  -18.466 0.0000000000
70918  23.866  2.006  -18.429 0.0000000000
70919  23.259  1.996  -18.434 0.0000000000
70920  22.980  2.167  -18.295 0.0000000000
70842  27.639  2.204  -16.007 0.0000000000
71814  27.596  2.903  -16.134 0.0000000000
71815  27.192  2.727  -16.703 0.0000000000
71819  27.239  2.722  -16.987 0.0000000000
70858  27.014  2.290  -16.957 0.0000000000
71826  27.144  2.627  -17.076 0.0000000000
71827  27.018  2.556  -17.070 0.0000000000
71837  26.996  2.645  -17.428 0.0000000000
71844  26.798  2.740  -17.838 0.0000000000
71845  26.250  2.789  -17.911 0.0000000000
71846  25.993  2.814  -17.811 0.0000000000
71847  25.753  2.699  -17.903 0.0000000000
71848  25.192  2.637  -17.698 0.0000000000
70899  24.985  2.263  -17.993 0.0000000000
70870  22.314  1.990  -17.262 0.0000000000
70871  22.275  2.046  -17.361 0.0000000000
70888  22.352  2.289  -17.646 0.0000000000
70872  21.999  1.991  -17.400 0.0000000000
70889  21.997  2.440  -17.711 0.0000000000
70904  22.399  2.396  -17.995 0.0000000000
71849  22.098  2.550  -17.885 0.0000000000
70873  21.830  2.091  -17.098 0.0000000000
70890  21.622  2.431  -17.739 0.0000000000
71850  22.000  2.600  -17.944 0.0000000000
70874  21.165  2.088  -17.506 0.0000000000
70891  21.176  2.283  -17.990 0.0000000000
71851  21.724  2.568  -17.963 0.0000000000
69896  20.980  2.049  -17.783 0.0000000000
69897  20.949  2.046  -17.882 0.0000000000
70892  20.987  2.177  -17.967 0.0000000000
71852  21.269  2.460  -17.997 0.0000000000
70905  20.997  2.283  -17.987 0.0000000000
69915  20.879  2.045  -17.982 0.0000000000
70906  20.941  2.182  -18.106 0.0000000000
71858  25.485  2.595  -18.022 0.0000000000
71859  25.176  2.580  -18.141 0.0000000000
71860  24.996  2.453  -18.148 0.0000000000
70921  22.999  2.541  -18.437 0.0000000000
71861  22.581  2.422  -17.989 0.0000000000
71862  22.086  2.645  -17.998 0.0000000000
71865  21.155  2.538  -18.024 0.0000000000
69935  20.925  2.063  -18.110 0.0000000000
70922  20.826  2.288  -18.545 0.0000000000
71866  20.966  2.488  -18.273 0.0000000000
71874  25.008  2.732  -18.343 0.0000000000
71875  24.251  2.933  -18.515 0.0000000000
71876  24.018  2.831  -18.672 0.0000000000
70937  23.990  2.419  -18.667 0.0000000000
70938  23.732  2.468  -18.789 0.0000000000
70939  23.127  2.589  -18.631 0.0000000000
70940  22.992  2.520  -18.663 0.0000000000
71877  22.990  2.607  -18.585 0.0000000000
71878  22.832  2.806  -18.511 0.0000000000
69936  20.553  2.020  -18.533 0.0000000000
70923  20.603  2.173  -18.893 0.0000000000
71882  20.994  2.612  -18.844 0.0000000000
70941  20.849  2.363  -18.928 0.0000000000
69948  20.431  1.949  -18.993 0.0000000000
70942  20.591  2.107  -18.995 0.0000000000
71892  24.022  2.863  -18.777 0.0000000000
71893  23.903  2.980  -18.799 0.0000000000
71894  23.433  2.924  -18.873 0.0000000000
71895  22.983  2.862  -18.843 0.0000000000
71898  21.028  2.610  -18.943 0.0000000000
70955  20.594  2.161  -19.085 0.0000000000
70954  20.906  2.431  -19.021 0.0000000000
71913  20.993  2.719  -19.148 0.0000000000
69953  20.502  1.995  -19.028 0.0000000000
71914  20.768  2.464  -19.153 0.0000000000
69958  20.424  2.004  -19.378 0.0000000000
70959  20.336  2.152  -19.844 0.0000000000
71927  20.649  2.560  -19.480 0.0000000000
69959  20.272  1.970  -19.816 0.0000000000
70960  20.152  1.995  -19.992 0.0000000000
70965  20.059  2.038  -20.181 0.0000000000
70964  20.303  2.464  -19.984 0.0000000000
71932  20.589  2.803  -19.989 0.0000000000
69963  20.059  1.933  -20.016 0.0000000000
71812  27.746  2.738  -16.001 0.0000000000
72787  27.704  3.017  -16.011 0.0000000000
72793  27.600  2.995  -16.272 0.0000000000
71818  27.414  2.992  -16.674 0.0000000000
72796  27.370  3.058  -16.768 0.0000000000
72797  27.197  2.976  -16.985 0.0000000000
72799  27.240  2.901  -17.139 0.0000000000
71836  27.154  2.725  -17.254 0.0000000000
72807  27.164  2.975  -17.439 0.0000000000
72808  27.001  2.989  -17.669 0.0000000000
72818  26.911  3.020  -17.644 0.0000000000
72819  26.309  2.992  -17.782 0.0000000000
72820  26.019  3.011  -17.943 0.0000000000
72821  25.939  2.993  -17.946 0.0000000000
71857  25.866  2.995  -17.962 0.0000000000
71863  21.983  2.654  -17.998 0.0000000000
71864  21.791  2.723  -18.005 0.0000000000
72827  25.948  3.054  -18.028 0.0000000000
72828  25.520  2.975  -18.149 0.0000000000
72829  25.197  2.919  -18.313 0.0000000000
71873  25.079  2.746  -18.327 0.0000000000
71879  22.281  2.999  -18.266 0.0000000000
72830  22.021  2.824  -18.082 0.0000000000
72831  22.036  2.848  -18.249 0.0000000000
72832  21.954  2.981  -18.240 0.0000000000
71880  21.373  2.802  -18.282 0.0000000000
71881  21.109  2.664  -18.772 0.0000000000
72838  24.999  2.992  -18.443 0.0000000000
72839  24.897  2.981  -18.433 0.0000000000
72840  24.322  2.984  -18.576 0.0000000000
72841  23.997  2.956  -18.747 0.0000000000
71896  22.896  2.966  -18.932 0.0000000000
72842  22.555  3.016  -18.609 0.0000000000
72843  22.205  2.977  -18.573 0.0000000000
72845  21.453  3.012  -18.779 0.0000000000
72846  21.373  3.005  -18.988 0.0000000000
71897  21.086  2.758  -18.988 0.0000000000
72854  23.966  3.086  -18.780 0.0000000000
72855  23.740  3.117  -18.817 0.0000000000
72856  23.354  3.054  -18.938 0.0000000000
72857  23.001  2.989  -18.949 0.0000000000
72858  22.688  3.029  -18.888 0.0000000000
72862  21.390  2.998  -19.029 0.0000000000
71912  21.135  2.781  -19.108 0.0000000000
72877  21.278  2.999  -19.123 0.0000000000
72878  21.039  2.918  -19.270 0.0000000000
71926  20.921  2.913  -19.760 0.0000000000
72893  21.052  2.841  -19.854 0.0000000000
71931  20.730  2.968  -19.990 0.0000000000
72905  20.907  3.054  -19.939 0.0000000000
72786  27.846  3.017  -15.954 0.0000000000
73713  27.950  3.279  -16.014 0.0000000000
73714  27.683  3.101  -16.064 0.0000000000
73720  27.709  3.025  -16.579 0.0000000000
73724  27.335  3.315  -16.985 0.0000000000
73725  27.287  3.109  -17.000 0.0000000000
73728  27.301  3.016  -17.079 0.0000000000
73734  27.099  3.193  -17.565 0.0000000000
72817  27.011  3.081  -17.641 0.0000000000
73743  26.989  3.168  -17.740 0.0000000000
73744  26.842  3.304  -17.747 0.0000000000
73745  26.513  3.261  -17.936 0.0000000000
73746  26.101  3.110  -17.966 0.0000000000
72826  25.999  3.009  -18.003 0.0000000000
73753  26.111  3.320  -18.074 0.0000000000
73754  25.993  3.288  -18.115 0.0000000000
73755  25.660  3.139  -18.468 0.0000000000
72837  25.295  3.031  -18.347 0.0000000000
72844  21.998  3.010  -18.437 0.0000000000
73761  25.025  3.287  -18.589 0.0000000000
73762  25.002  3.225  -18.448 0.0000000000
73763  24.908  3.216  -18.413 0.0000000000
73764  24.354  3.175  -18.695 0.0000000000
72853  24.099  3.011  -18.732 0.0000000000
72859  22.245  3.032  -18.703 0.0000000000
72860  22.003  2.999  -18.995 0.0000000000
72861  21.779  2.960  -18.992 0.0000000000
73770  24.074  3.316  -18.779 0.0000000000
73771  23.930  3.409  -18.832 0.0000000000
73772  23.709  3.389  -18.927 0.0000000000
73773  23.484  3.006  -19.014 0.0000000000
72872  23.084  2.993  -19.022 0.0000000000
72873  23.040  3.063  -19.013 0.0000000000
72874  22.899  3.184  -18.987 0.0000000000
73774  22.478  3.171  -18.825 0.0000000000
73786  22.692  3.139  -19.013 0.0000000000
73775  22.133  3.313  -18.832 0.0000000000
73776  22.021  3.158  -18.951 0.0000000000
72875  21.939  3.005  -19.058 0.0000000000
72876  21.689  3.065  -19.016 0.0000000000
73784  23.224  3.366  -19.015 0.0000000000
73785  22.991  3.231  -19.036 0.0000000000
73788  21.979  3.186  -18.996 0.0000000000
73789  21.842  3.098  -19.100 0.0000000000
73790  21.207  3.122  -19.411 0.0000000000
72892  21.021  2.998  -19.656 0.0000000000
73804  21.140  3.235  -19.880 0.0000000000
72904  21.076  3.035  -19.860 0.0000000000
73818  21.082  3.314  -19.998 0.0000000000
73819  21.072  3.094  -20.004 0.0000000000
73701  27.881  3.363  -15.923 0.0000000000
74617  27.928  3.717  -16.039 0.0000000000
74618  27.805  3.577  -15.987 0.0000000000
74632  27.626  3.621  -16.434 0.0000000000
74638  27.538  3.837  -16.967 0.0000000000
73727  27.518  3.434  -16.987 0.0000000000
74640  27.671  3.868  -17.045 0.0000000000
73733  27.626  3.328  -17.122 0.0000000000
74642  27.452  3.822  -17.495 0.0000000000
74643  27.040  3.845  -17.901 0.0000000000
74650  26.983  3.860  -17.794 0.0000000000
74651  26.697  3.787  -17.747 0.0000000000
74652  26.536  3.968  -17.999 0.0000000000
73752  26.411  3.305  -18.004 0.0000000000
74660  26.281  3.731  -18.098 0.0000000000
74661  26.038  3.773  -18.103 0.0000000000
74662  25.751  3.824  -18.371 0.0000000000
74663  25.404  3.653  -18.586 0.0000000000
74670  25.200  3.846  -18.585 0.0000000000
74671  24.988  3.859  -18.450 0.0000000000
74672  24.711  3.751  -18.487 0.0000000000
74673  24.283  3.771  -18.900 0.0000000000
74680  24.060  3.859  -19.012 0.0000000000
74681  24.014  3.807  -19.016 0.0000000000
74682  23.969  3.724  -19.030 0.0000000000
73783  23.777  3.228  -19.047 0.0000000000
73787  22.138  3.217  -19.012 0.0000000000
74690  23.660  3.713  -19.025 0.0000000000
74691  23.153  3.681  -19.180 0.0000000000
74692  22.976  3.753  -19.236 0.0000000000
74693  22.513  3.681  -18.982 0.0000000000
74694  22.061  3.313  -19.175 0.0000000000
73801  22.010  3.287  -19.167 0.0000000000
73802  21.964  3.434  -19.296 0.0000000000
73803  21.746  3.550  -19.512 0.0000000000
74705  22.024  3.653  -19.549 0.0000000000
74706  21.993  3.863  -19.673 0.0000000000
74707  21.801  3.881  -19.878 0.0000000000
73817  21.377  3.518  -19.931 0.0000000000
74721  21.566  3.800  -19.975 0.0000000000
74602  27.932  3.743  -15.889 0.0000000000
75527  27.948  4.010  -16.017 0.0000000000
74631  27.942  3.990  -16.137 0.0000000000
75542  27.956  3.997  -16.051 0.0000000000
75543  27.662  4.009  -16.423 0.0000000000
75553  27.585  3.997  -16.905 0.0000000000
75556  27.600  4.006  -17.023 0.0000000000
75558  27.546  3.997  -17.351 0.0000000000
75559  27.228  3.939  -17.761 0.0000000000
75564  27.048  4.038  -17.790 0.0000000000
75565  26.852  4.019  -17.822 0.0000000000
75566  26.695  4.012  -17.881 0.0000000000
75574  26.569  4.032  -18.022 0.0000000000
75575  26.051  4.020  -18.242 0.0000000000
75576  25.984  3.992  -18.232 0.0000000000
74669  25.667  4.003  -18.460 0.0000000000
75584  25.867  4.054  -18.378 0.0000000000
75585  25.314  4.005  -18.451 0.0000000000
75586  24.994  4.033  -18.461 0.0000000000
75587  24.803  4.026  -18.503 0.0000000000
75588  24.592  3.885  -18.634 0.0000000000
75594  24.224  3.988  -18.822 0.0000000000
75595  24.056  3.986  -19.022 0.0000000000
74689  23.995  3.971  -19.081 0.0000000000
75601  24.004  3.998  -19.099 0.0000000000
75602  23.863  3.981  -19.098 0.0000000000
75603  23.101  3.992  -19.317 0.0000000000
75604  22.984  3.987  -19.306 0.0000000000
74704  22.817  3.830  -19.553 0.0000000000
74703  23.077  3.976  -19.465 0.0000000000
75613  22.972  3.864  -19.366 0.0000000000
75614  22.518  3.992  -19.637 0.0000000000
75615  22.023  3.998  -19.768 0.0000000000
75616  21.990  3.991  -19.819 0.0000000000
74720  21.902  3.986  -19.875 0.0000000000
75514  28.014  3.992  -15.904 0.0000000000
76450  27.940  4.332  -15.866 0.0000000000
76465  27.955  4.314  -16.016 0.0000000000
76466  27.830  4.180  -16.087 0.0000000000
76478  27.529  4.408  -16.669 0.0000000000
76481  27.569  4.394  -17.008 0.0000000000
76483  27.658  4.287  -17.030 0.0000000000
75563  27.381  4.017  -17.608 0.0000000000
76485  27.580  4.377  -17.497 0.0000000000
76486  27.153  4.464  -17.951 0.0000000000
76487  27.006  4.466  -17.791 0.0000000000
75573  27.012  4.204  -18.010 0.0000000000
76493  26.993  4.475  -18.023 0.0000000000
76494  27.018  4.636  -18.177 0.0000000000
76495  26.354  4.199  -18.139 0.0000000000
75583  26.010  4.066  -18.333 0.0000000000
76504  26.111  4.457  -18.289 0.0000000000
76505  26.017  4.370  -18.415 0.0000000000
76506  25.551  4.453  -18.462 0.0000000000
76507  25.012  4.375  -18.483 0.0000000000
76508  25.011  4.352  -18.448 0.0000000000
75593  24.698  4.011  -18.671 0.0000000000
76514  24.759  4.384  -18.676 0.0000000000
76515  24.377  4.364  -18.942 0.0000000000
76516  24.024  4.326  -18.962 0.0000000000
76522  24.020  4.356  -19.103 0.0000000000
76523  23.896  4.253  -19.051 0.0000000000
76524  23.256  4.162  -18.998 0.0000000000
75612  23.005  4.039  -19.489 0.0000000000
76531  23.058  4.418  -19.485 0.0000000000
76532  22.932  4.430  -19.541 0.0000000000
76533  22.887  3.978  -19.526 0.0000000000
76439  28.021  4.262  -16.041 0.0000000000
77322  27.998  4.638  -15.770 0.0000000000
77332  27.921  4.694  -15.933 0.0000000000
77345  27.915  4.681  -16.095 0.0000000000
77346  27.511  4.924  -16.304 0.0000000000
77360  27.550  4.868  -16.844 0.0000000000
77364  27.620  4.814  -16.976 0.0000000000
77367  27.679  4.853  -17.163 0.0000000000
77370  27.403  4.881  -17.708 0.0000000000
77371  27.038  4.854  -17.960 0.0000000000
77372  26.958  4.813  -17.842 0.0000000000
77374  26.838  4.826  -17.987 0.0000000000
77375  26.836  4.994  -18.058 0.0000000000
76503  26.411  4.587  -18.431 0.0000000000
77382  26.644  4.997  -18.254 0.0000000000
77383  26.032  4.929  -18.483 0.0000000000
77384  25.982  4.942  -18.410 0.0000000000
77385  25.766  4.994  -18.425 0.0000000000
77386  25.187  4.912  -18.463 0.0000000000
77387  24.963  4.902  -18.468 0.0000000000
77395  24.927  4.881  -18.544 0.0000000000
77396  24.434  4.774  -18.803 0.0000000000
77397  24.066  4.779  -19.020 0.0000000000
77404  23.959  4.799  -19.042 0.0000000000
77405  23.859  4.744  -19.066 0.0000000000
77406  23.659  4.872  -19.085 0.0000000000
77414  23.015  4.928  -19.378 0.0000000000
77415  23.037  4.839  -19.583 0.0000000000
77321  28.210  4.736  -15.958 0.0000000000
78201  28.160  5.008  -15.574 0.0000000000
78202  27.955  4.979  -15.796 0.0000000000
78209  27.843  4.989  -15.938 0.0000000000
77333  27.805  4.899  -15.996 0.0000000000
78210  27.658  5.041  -16.016 0.0000000000
78218  27.424  5.017  -16.516 0.0000000000
78231  27.565  5.018  -16.986 0.0000000000
78240  27.622  5.017  -17.060 0.0000000000
78243  27.599  5.041  -17.302 0.0000000000
78246  27.214  5.017  -17.796 0.0000000000
78247  26.972  5.009  -17.920 0.0000000000
78248  26.910  5.096  -17.847 0.0000000000
78251  26.883  5.049  -17.937 0.0000000000
78252  26.681  5.007  -18.118 0.0000000000
78257  26.153  5.045  -18.485 0.0000000000
78258  26.005  5.021  -18.492 0.0000000000
78259  25.871  5.005  -18.552 0.0000000000
78260  25.282  5.022  -18.468 0.0000000000
78261  25.014  5.016  -18.450 0.0000000000
78262  24.983  5.035  -18.526 0.0000000000
78270  24.587  5.013  -18.797 0.0000000000
78271  24.095  5.010  -18.964 0.0000000000
78272  24.030  4.985  -19.055 0.0000000000
78279  24.001  4.981  -19.022 0.0000000000
78280  23.885  4.993  -19.109 0.0000000000
78281  23.395  5.020  -19.365 0.0000000000
78287  23.027  5.033  -19.560 0.0000000000
77308  28.298  4.990  -15.210 0.0000000000
78191  28.264  5.006  -15.126 0.0000000000
79054  28.170  5.234  -15.302 0.0000000000
79055  28.083  5.324  -15.618 0.0000000000
79062  27.964  5.190  -15.953 0.0000000000
79063  27.784  5.221  -16.016 0.0000000000
79071  27.474  5.319  -16.078 0.0000000000
79081  27.244  5.360  -16.801 0.0000000000
79092  27.591  5.345  -17.009 0.0000000000
79095  27.699  5.371  -17.094 0.0000000000
79098  27.562  5.435  -17.611 0.0000000000
79099  27.088  5.412  -17.969 0.0000000000
79100  27.027  5.445  -17.812 0.0000000000
79103  26.901  5.447  -17.899 0.0000000000
79104  26.936  5.428  -17.980 0.0000000000
79107  26.501  5.504  -18.336 0.0000000000
79108  26.026  5.628  -18.552 0.0000000000
79109  25.990  5.504  -18.429 0.0000000000
79110  25.510  5.514  -18.454 0.0000000000
79111  25.046  5.456  -18.426 0.0000000000
79112  24.987  5.446  -18.478 0.0000000000
79119  24.832  5.542  -18.553 0.0000000000
79120  24.236  5.410  -18.920 0.0000000000
79121  24.032  5.380  -18.952 0.0000000000
79131  23.957  5.061  -19.081 0.0000000000
79132  23.908  5.359  -19.032 0.0000000000
79133  23.356  5.415  -19.256 0.0000000000
79143  23.014  5.172  -19.534 0.0000000000
79044  28.045  5.187  -15.158 0.0000000000
79045  27.939  5.350  -15.017 0.0000000000
79908  28.002  5.826  -15.391 0.0000000000
79919  27.984  5.667  -15.947 0.0000000000
79925  27.901  5.609  -16.005 0.0000000000
79926  27.637  5.844  -15.994 0.0000000000
79933  27.320  5.960  -16.358 0.0000000000
79940  27.443  5.850  -16.975 0.0000000000
79951  27.650  5.838  -17.001 0.0000000000
79956  27.641  5.827  -17.258 0.0000000000
79959  27.248  5.934  -17.756 0.0000000000
79960  27.008  5.895  -17.972 0.0000000000
79961  26.932  5.792  -17.859 0.0000000000
79964  26.869  5.871  -17.948 0.0000000000
79965  26.889  5.991  -18.075 0.0000000000
79968  26.306  5.981  -18.473 0.0000000000
79969  26.025  5.892  -18.501 0.0000000000
79970  25.984  5.993  -18.452 0.0000000000
79971  25.721  5.935  -18.471 0.0000000000
79972  25.128  5.945  -18.347 0.0000000000
79973  25.010  5.957  -18.436 0.0000000000
79976  24.898  5.835  -18.465 0.0000000000
79977  24.505  5.998  -18.546 0.0000000000
79978  24.023  5.802  -18.807 0.0000000000
79122  23.848  5.534  -18.923 0.0000000000
79979  23.865  5.754  -18.780 0.0000000000
79909  27.732  5.831  -14.991 0.0000000000
80767  27.848  5.980  -15.334 0.0000000000
80780  27.948  6.017  -15.798 0.0000000000
79046  27.668  5.609  -14.986 0.0000000000
79895  27.399  5.812  -14.984 0.0000000000
79910  27.134  5.939  -14.998 0.0000000000
80768  27.411  5.992  -15.200 0.0000000000
79896  27.012  5.846  -15.023 0.0000000000
79911  26.986  5.868  -15.024 0.0000000000
80769  27.026  5.932  -15.132 0.0000000000
79897  26.919  5.842  -15.004 0.0000000000
80770  26.946  5.989  -15.075 0.0000000000
79920  27.841  5.839  -15.972 0.0000000000
80781  27.766  6.003  -15.925 0.0000000000
80789  27.586  5.998  -16.045 0.0000000000
80797  27.577  6.012  -16.714 0.0000000000
80806  27.610  6.000  -16.990 0.0000000000
80817  27.749  6.027  -17.019 0.0000000000
80825  27.569  6.016  -17.502 0.0000000000
80827  27.209  6.030  -17.903 0.0000000000
80828  27.004  6.032  -17.920 0.0000000000
80829  26.886  6.088  -17.938 0.0000000000
80831  26.859  6.072  -18.028 0.0000000000
80832  26.631  5.995  -18.162 0.0000000000
80835  26.150  6.030  -18.460 0.0000000000
80836  26.059  6.012  -18.489 0.0000000000
80837  25.926  6.050  -18.511 0.0000000000
80838  25.250  5.996  -18.590 0.0000000000
80839  25.006  6.023  -18.448 0.0000000000
80840  24.939  6.062  -18.325 0.0000000000
79974  24.837  5.996  -18.445 0.0000000000
80841  24.255  5.982  -18.517 0.0000000000
80845  24.084  6.012  -18.781 0.0000000000
80846  23.998  6.012  -18.778 0.0000000000
81618  27.017  6.318  -15.227 0.0000000000
81617  27.284  6.389  -15.245 0.0000000000
81626  27.816  6.402  -15.725 0.0000000000
81619  26.959  6.294  -15.196 0.0000000000
80758  26.950  5.991  -15.017 0.0000000000
80771  26.631  6.026  -15.085 0.0000000000
81620  26.503  6.279  -15.274 0.0000000000
80759  26.288  6.080  -14.996 0.0000000000
80772  26.187  5.991  -15.129 0.0000000000
80760  26.004  5.992  -15.079 0.0000000000
79912  25.888  5.832  -15.149 0.0000000000
79913  25.960  5.764  -15.090 0.0000000000
80773  25.953  5.999  -15.287 0.0000000000
81621  25.976  6.220  -15.249 0.0000000000
79914  25.839  5.759  -15.264 0.0000000000
80774  25.571  5.994  -15.549 0.0000000000
81622  25.860  6.238  -15.437 0.0000000000
80783  25.536  6.102  -15.634 0.0000000000
80782  25.841  6.141  -15.473 0.0000000000
79921  25.391  5.999  -15.673 0.0000000000
81635  27.561  6.388  -15.988 0.0000000000
81629  25.853  6.477  -15.553 0.0000000000
79922  25.079  5.905  -15.897 0.0000000000
80784  25.008  6.024  -15.841 0.0000000000
81630  25.143  6.273  -15.812 0.0000000000
79927  25.057  5.971  -15.994 0.0000000000
80790  24.930  6.165  -15.950 0.0000000000
81631  25.019  6.422  -15.967 0.0000000000
81644  27.472  6.410  -16.204 0.0000000000
80791  24.951  6.185  -15.979 0.0000000000
81638  24.938  6.484  -16.047 0.0000000000
79928  24.934  5.931  -15.982 0.0000000000
80792  24.852  6.029  -16.004 0.0000000000
81639  24.877  6.499  -16.079 0.0000000000
80799  24.688  6.096  -16.087 0.0000000000
80798  25.042  6.200  -16.002 0.0000000000
79929  24.779  5.994  -15.985 0.0000000000
81654  27.691  6.331  -16.849 0.0000000000
81646  25.022  6.539  -16.281 0.0000000000
79934  24.362  5.810  -16.266 0.0000000000
80800  24.018  6.010  -16.402 0.0000000000
81647  24.272  6.474  -16.603 0.0000000000
79935  24.043  5.883  -16.374 0.0000000000
80801  23.989  6.007  -16.357 0.0000000000
81648  24.087  6.472  -16.396 0.0000000000
79936  23.992  5.915  -16.360 0.0000000000
80807  23.828  5.987  -16.437 0.0000000000
81649  23.964  6.441  -16.443 0.0000000000
81663  27.627  6.309  -16.995 0.0000000000
79941  23.670  5.997  -16.587 0.0000000000
80808  23.203  5.985  -16.690 0.0000000000
81655  23.666  6.416  -16.593 0.0000000000
79942  23.156  5.999  -16.743 0.0000000000
80809  23.058  6.052  -16.699 0.0000000000
81656  23.012  6.500  -16.803 0.0000000000
79943  23.008  5.998  -16.735 0.0000000000
80810  22.828  6.160  -16.712 0.0000000000
81657  22.993  6.491  -16.793 0.0000000000
79944  22.910  5.987  -16.706 0.0000000000
80811  22.488  6.010  -16.793 0.0000000000
81658  22.867  6.480  -16.750 0.0000000000
80819  22.394  6.147  -16.956 0.0000000000
80818  22.682  6.246  -16.925 0.0000000000
79945  22.364  5.958  -16.824 0.0000000000
81672  27.759  6.290  -17.101 0.0000000000
81665  22.609  6.597  -17.032 0.0000000000
79952  22.009  5.968  -16.895 0.0000000000
80820  22.052  6.144  -16.993 0.0000000000
81666  22.174  6.497  -17.052 0.0000000000
79953  21.998  6.005  -17.055 0.0000000000
80821  21.954  6.194  -17.003 0.0000000000
81667  22.012  6.408  -17.116 0.0000000000
79954  21.956  5.999  -16.959 0.0000000000
80812  21.832  6.008  -17.023 0.0000000000
80822  21.565  6.121  -17.019 0.0000000000
81668  21.663  6.589  -17.062 0.0000000000
80813  21.332  6.153  -16.779 0.0000000000
81669  21.238  6.827  -16.996 0.0000000000
81675  27.431  6.165  -17.881 0.0000000000
81676  27.065  6.330  -17.999 0.0000000000
81677  26.937  6.432  -17.869 0.0000000000
81680  26.983  6.436  -18.051 0.0000000000
81681  26.822  6.571  -18.002 0.0000000000
81683  26.437  6.500  -18.364 0.0000000000
81684  25.990  6.483  -18.515 0.0000000000
81685  25.973  6.523  -18.422 0.0000000000
81686  25.567  6.513  -18.452 0.0000000000
81687  25.041  6.539  -18.323 0.0000000000
81688  24.934  6.608  -18.453 0.0000000000
82504  27.006  6.848  -15.303 0.0000000000
82503  27.310  6.926  -15.772 0.0000000000
82505  27.005  6.852  -15.527 0.0000000000
82506  26.973  6.801  -15.493 0.0000000000
81627  26.245  6.589  -15.804 0.0000000000
82514  26.694  6.996  -15.575 0.0000000000
81628  25.989  6.705  -15.638 0.0000000000
82511  27.477  6.843  -15.987 0.0000000000
82515  26.075  6.945  -15.677 0.0000000000
82516  25.880  6.872  -15.721 0.0000000000
82517  25.807  6.974  -15.802 0.0000000000
81637  25.007  6.823  -16.069 0.0000000000
82524  25.566  6.973  -15.963 0.0000000000
82521  27.497  6.587  -16.007 0.0000000000
81636  27.213  6.574  -15.998 0.0000000000
81645  27.270  6.784  -16.082 0.0000000000
82522  27.255  6.995  -16.012 0.0000000000
82525  25.010  7.008  -16.003 0.0000000000
82526  24.953  6.800  -16.012 0.0000000000
82533  24.978  6.997  -16.202 0.0000000000
82531  27.164  6.969  -16.278 0.0000000000
82530  27.446  6.753  -16.883 0.0000000000
82534  24.612  6.991  -16.340 0.0000000000
82535  24.049  6.953  -16.476 0.0000000000
82536  23.990  6.658  -16.471 0.0000000000
82543  24.023  6.981  -16.631 0.0000000000
82540  27.545  6.717  -16.987 0.0000000000
82544  23.424  6.966  -16.727 0.0000000000
82545  23.053  6.981  -16.812 0.0000000000
81664  22.998  6.881  -16.933 0.0000000000
82553  23.021  6.981  -16.910 0.0000000000
82551  27.663  6.745  -17.023 0.0000000000
82554  22.866  6.965  -17.038 0.0000000000
82555  22.461  6.837  -17.041 0.0000000000
82556  22.124  6.798  -17.061 0.0000000000
82557  21.880  6.999  -17.065 0.0000000000
82558  21.406  6.982  -17.045 0.0000000000
81659  21.017  6.571  -16.691 0.0000000000
82546  21.020  6.998  -16.901 0.0000000000
82562  27.560  6.907  -17.300 0.0000000000
82565  27.210  6.826  -17.990 0.0000000000
82566  27.015  6.819  -17.911 0.0000000000
82567  26.906  6.787  -17.921 0.0000000000
82570  26.861  6.916  -18.023 0.0000000000
82571  26.571  6.988  -18.135 0.0000000000
82575  26.100  6.943  -18.440 0.0000000000
82576  26.013  7.000  -18.394 0.0000000000
82577  25.850  6.978  -18.452 0.0000000000
82578  25.251  6.963  -18.593 0.0000000000
82512  27.215  7.060  -15.803 0.0000000000
82513  26.996  7.008  -15.598 0.0000000000
83468  27.029  7.196  -15.792 0.0000000000
83477  27.120  7.176  -15.966 0.0000000000
83469  26.813  7.128  -15.723 0.0000000000
83470  26.356  7.114  -15.736 0.0000000000
83471  25.975  7.047  -15.740 0.0000000000
83472  25.920  7.033  -15.837 0.0000000000
82523  25.955  6.986  -15.843 0.0000000000
83488  27.127  7.217  -16.237 0.0000000000
83481  25.841  7.159  -15.927 0.0000000000
83482  25.668  7.056  -16.029 0.0000000000
83483  25.258  7.050  -16.187 0.0000000000
82532  25.154  6.961  -16.237 0.0000000000
82541  27.312  6.976  -16.997 0.0000000000
83498  27.251  7.262  -16.662 0.0000000000
83490  24.995  7.009  -16.247 0.0000000000
83491  24.994  7.042  -16.267 0.0000000000
83492  24.534  7.014  -16.328 0.0000000000
83493  23.981  7.039  -16.461 0.0000000000
82542  24.027  7.015  -16.531 0.0000000000
82552  27.444  6.886  -17.004 0.0000000000
83506  27.373  7.044  -17.019 0.0000000000
83499  24.006  7.155  -16.558 0.0000000000
83500  23.925  7.110  -16.616 0.0000000000
83501  23.356  7.002  -16.697 0.0000000000
83502  23.001  7.119  -16.859 0.0000000000
82547  21.009  6.970  -16.887 0.0000000000
82559  21.071  7.036  -17.025 0.0000000000
81660  20.966  6.495  -16.639 0.0000000000
82537  20.847  6.819  -16.579 0.0000000000
82548  20.878  7.018  -16.788 0.0000000000
83503  20.988  7.106  -16.907 0.0000000000
83513  21.003  7.227  -17.016 0.0000000000
82538  20.444  7.004  -16.486 0.0000000000
83504  20.783  7.069  -16.718 0.0000000000
82563  27.492  6.982  -17.079 0.0000000000
83517  27.171  6.996  -17.272 0.0000000000
83507  22.999  7.144  -16.979 0.0000000000
83508  22.808  7.057  -17.025 0.0000000000
83509  22.292  7.019  -17.069 0.0000000000
83510  22.026  7.036  -17.052 0.0000000000
83511  21.829  7.011  -17.003 0.0000000000
83512  21.288  7.146  -17.059 0.0000000000
83516  27.431  7.008  -17.439 0.0000000000
83520  27.329  7.021  -17.882 0.0000000000
83521  27.152  6.991  -17.789 0.0000000000
83522  26.971  7.002  -17.869 0.0000000000
83524  26.871  7.060  -17.960 0.0000000000
83525  26.801  7.082  -18.035 0.0000000000
82572  26.134  7.005  -18.318 0.0000000000
83526  26.309  7.185  -18.162 0.0000000000
83528  26.017  7.175  -18.379 0.0000000000
83529  25.982  7.013  -18.527 0.0000000000
83530  25.588  7.026  -18.591 0.0000000000
83478  26.933  7.257  -15.984 0.0000000000
83479  26.537  7.290  -15.927 0.0000000000
83480  26.031  7.261  -15.982 0.0000000000
83489  27.042  7.230  -16.008 0.0000000000
84434  26.778  7.397  -15.995 0.0000000000
84444  26.947  7.626  -16.240 0.0000000000
84435  26.356  7.652  -15.980 0.0000000000
84436  25.974  7.475  -15.997 0.0000000000
84437  25.810  7.474  -16.002 0.0000000000
84438  25.312  7.624  -15.989 0.0000000000
84439  25.111  7.299  -16.264 0.0000000000
84443  27.010  7.358  -16.269 0.0000000000
84455  27.048  7.612  -16.577 0.0000000000
84447  25.009  7.492  -16.294 0.0000000000
84448  24.891  7.628  -16.326 0.0000000000
84449  24.349  7.572  -16.352 0.0000000000
84450  24.000  7.557  -16.538 0.0000000000
84466  27.210  7.698  -16.994 0.0000000000
84457  24.002  7.569  -16.624 0.0000000000
84458  23.785  7.603  -16.693 0.0000000000
84459  23.076  7.599  -16.793 0.0000000000
84460  22.955  7.576  -16.963 0.0000000000
84461  20.891  7.348  -16.955 0.0000000000
84473  20.917  7.591  -16.965 0.0000000000
84476  27.191  7.459  -17.050 0.0000000000
84467  22.992  7.545  -17.051 0.0000000000
84468  22.576  7.527  -17.054 0.0000000000
84469  22.083  7.550  -17.045 0.0000000000
84470  21.999  7.617  -17.148 0.0000000000
84471  21.559  7.503  -17.137 0.0000000000
84472  21.003  7.598  -17.036 0.0000000000
84482  27.240  7.460  -17.550 0.0000000000
84483  27.069  7.495  -17.982 0.0000000000
84487  26.910  7.345  -17.904 0.0000000000
84488  26.808  7.535  -17.962 0.0000000000
84489  26.504  7.622  -18.031 0.0000000000
84492  26.188  7.696  -18.377 0.0000000000
84493  26.016  7.637  -18.417 0.0000000000
84494  25.928  7.417  -18.530 0.0000000000
84445  26.560  7.699  -16.168 0.0000000000
85346  26.008  7.806  -16.049 0.0000000000
85345  26.129  7.901  -16.126 0.0000000000
85347  25.915  7.867  -16.106 0.0000000000
85348  25.820  7.867  -16.019 0.0000000000
84446  25.147  7.750  -16.376 0.0000000000
85356  25.684  7.963  -16.267 0.0000000000
84456  27.012  7.781  -16.609 0.0000000000
85353  26.611  7.943  -16.429 0.0000000000
85352  26.936  7.856  -16.631 0.0000000000
85357  25.069  7.897  -16.351 0.0000000000
85358  24.982  8.000  -16.229 0.0000000000
85359  24.655  7.939  -16.396 0.0000000000
85360  24.182  7.937  -16.550 0.0000000000
85368  24.058  7.986  -16.651 0.0000000000
85365  26.998  7.989  -16.891 0.0000000000
85364  27.085  7.938  -16.954 0.0000000000
85369  23.958  7.963  -16.778 0.0000000000
85370  23.523  7.997  -16.758 0.0000000000
85371  23.068  7.913  -16.926 0.0000000000
85379  23.004  7.965  -17.006 0.0000000000
84462  20.468  7.615  -16.587 0.0000000000
85376  27.066  8.021  -17.014 0.0000000000
85380  22.974  7.976  -17.093 0.0000000000
85381  22.319  8.004  -17.021 0.0000000000
85382  22.007  7.958  -17.088 0.0000000000
85388  27.249  7.999  -17.305 0.0000000000
85396  27.185  8.026  -17.651 0.0000000000
85397  27.018  7.937  -17.853 0.0000000000
84484  26.868  7.622  -17.809 0.0000000000
85398  26.621  7.985  -17.873 0.0000000000
85401  26.554  7.973  -18.035 0.0000000000
85402  26.349  8.020  -18.114 0.0000000000
85405  26.029  8.000  -18.399 0.0000000000
85406  25.989  7.987  -18.483 0.0000000000
85354  26.092  7.970  -16.255 0.0000000000
85355  25.985  7.969  -16.186 0.0000000000
85366  26.945  8.022  -16.851 0.0000000000
86230  26.207  8.032  -16.167 0.0000000000
86242  26.571  8.335  -16.709 0.0000000000
86231  26.005  8.173  -16.287 0.0000000000
86232  25.923  8.033  -16.348 0.0000000000
86233  25.305  8.001  -16.309 0.0000000000
86234  25.037  8.012  -16.347 0.0000000000
86235  24.874  8.094  -16.373 0.0000000000
86236  24.602  8.014  -16.446 0.0000000000
85367  24.258  8.002  -16.531 0.0000000000
85377  27.003  7.992  -17.037 0.0000000000
86241  26.975  8.132  -16.972 0.0000000000
86245  24.394  8.117  -16.640 0.0000000000
86246  23.986  8.079  -16.671 0.0000000000
86247  23.851  8.097  -16.685 0.0000000000
86248  23.400  8.163  -16.838 0.0000000000
85378  23.121  8.019  -16.946 0.0000000000
86253  27.038  7.972  -17.066 0.0000000000
86254  26.895  8.270  -17.093 0.0000000000
86256  23.012  8.092  -17.003 0.0000000000
86257  23.009  8.048  -17.033 0.0000000000
86258  22.929  8.080  -17.033 0.0000000000
86264  27.076  8.065  -17.445 0.0000000000
86272  27.011  8.056  -17.718 0.0000000000
86273  26.849  8.024  -17.858 0.0000000000
86274  26.717  8.037  -18.020 0.0000000000
86277  26.385  8.119  -18.086 0.0000000000
86278  26.120  8.197  -18.267 0.0000000000
86281  26.018  8.099  -18.448 0.0000000000
86243  26.046  8.308  -16.293 0.0000000000
87091  25.991  8.386  -16.478 0.0000000000
87090  26.005  8.348  -16.383 0.0000000000
87099  26.028  8.676  -16.597 0.0000000000
87092  25.677  8.455  -16.348 0.0000000000
87093  25.006  8.490  -16.332 0.0000000000
87094  24.997  8.424  -16.417 0.0000000000
86244  24.812  8.306  -16.460 0.0000000000
87103  24.995  8.710  -16.618 0.0000000000
86255  26.940  8.285  -17.001 0.0000000000
87098  26.270  8.788  -16.878 0.0000000000
87113  26.587  8.591  -17.045 0.0000000000
87104  24.453  8.765  -16.663 0.0000000000
87105  24.008  8.610  -16.722 0.0000000000
87106  23.933  8.730  -16.771 0.0000000000
87107  23.680  8.515  -16.727 0.0000000000
87116  23.356  8.572  -16.971 0.0000000000
86265  27.051  8.277  -17.295 0.0000000000
87112  26.669  8.440  -17.091 0.0000000000
87125  26.638  8.602  -17.034 0.0000000000
87117  23.034  8.454  -17.034 0.0000000000
87136  26.896  8.481  -17.485 0.0000000000
87137  26.754  8.481  -18.004 0.0000000000
87140  26.531  8.556  -18.013 0.0000000000
87141  26.289  8.582  -18.162 0.0000000000
87144  26.102  8.646  -18.466 0.0000000000
87100  25.966  8.816  -16.701 0.0000000000
87101  25.434  8.950  -16.626 0.0000000000
87102  25.007  8.803  -16.670 0.0000000000
87114  26.106  8.961  -16.936 0.0000000000
87896  26.000  8.971  -16.834 0.0000000000
87897  25.874  9.036  -16.920 0.0000000000
87898  25.339  9.017  -16.660 0.0000000000
87899  24.997  9.062  -16.670 0.0000000000
87900  24.702  8.986  -16.792 0.0000000000
87901  24.242  9.013  -16.907 0.0000000000
87902  23.999  9.009  -16.925 0.0000000000
87903  23.923  8.998  -16.910 0.0000000000
87115  23.769  8.874  -16.884 0.0000000000
87126  26.447  8.910  -17.030 0.0000000000
87908  26.227  9.003  -17.017 0.0000000000
87909  26.087  9.026  -16.957 0.0000000000
87922  26.740  8.894  -17.244 0.0000000000
87923  26.395  9.066  -17.361 0.0000000000
87934  26.558  9.000  -17.817 0.0000000000
87935  26.351  8.934  -17.852 0.0000000000
87939  26.367  8.976  -17.991 0.0000000000
87940  26.337  8.960  -18.203 0.0000000000
87910  25.970  9.032  -16.962 0.0000000000
88648  25.457  9.264  -16.784 0.0000000000
88647  25.866  9.305  -16.907 0.0000000000
88649  25.039  9.056  -16.855 0.0000000000
88650  24.970  9.017  -16.786 0.0000000000
87924  26.158  9.256  -17.051 0.0000000000
88656  25.986  9.133  -17.063 0.0000000000
88655  26.051  9.195  -16.999 0.0000000000
88671  26.220  9.389  -17.496 0.0000000000
88670  26.392  9.139  -17.746 0.0000000000
88684  26.352  9.014  -17.959 0.0000000000
87936  26.413  9.009  -18.009 0.0000000000
88685  26.211  9.249  -17.952 0.0000000000
88672  26.001  9.428  -17.155 0.0000000000
81650  20.792  6.492  -16.229 0.0000000000
80814  20.932  6.123  -16.564 0.0000000000
80803  20.972  6.097  -16.225 0.0000000000
80802  21.029  6.016  -16.462 0.0000000000
79948  21.419  5.988  -16.707 0.0000000000
79947  21.781  5.880  -16.983 0.0000000000
79938  20.920  5.823  -16.152 0.0000000000
80793  20.910  5.993  -16.053 0.0000000000
79937  21.023  5.967  -16.314 0.0000000000
79899  26.055  5.918  -15.005 0.0000000000
79898  26.542  5.997  -14.934 0.0000000000
79946  22.014  5.917  -17.009 0.0000000000
79089  21.271  5.745  -16.555 0.0000000000
79088  21.563  5.427  -16.601 0.0000000000
79087  22.020  5.586  -16.770 0.0000000000
79086  22.124  5.475  -16.782 0.0000000000
79085  22.640  5.503  -16.680 0.0000000000
79084  22.964  5.535  -16.719 0.0000000000
79083  22.983  5.581  -16.728 0.0000000000
79082  23.350  5.878  -16.720 0.0000000000
79074  23.930  5.364  -16.354 0.0000000000
79078  20.918  5.630  -16.046 0.0000000000
79930  20.917  5.787  -16.012 0.0000000000
79077  21.130  5.410  -16.130 0.0000000000
79073  23.987  5.432  -16.356 0.0000000000
79072  24.191  5.430  -16.337 0.0000000000
79066  24.376  5.396  -16.038 0.0000000000
79065  24.886  5.416  -15.994 0.0000000000
79064  24.986  5.476  -15.973 0.0000000000
79057  25.021  5.440  -15.859 0.0000000000
79056  25.115  5.426  -15.859 0.0000000000
79048  25.523  5.240  -15.392 0.0000000000
79047  25.889  5.370  -15.040 0.0000000000
79900  25.999  5.699  -15.000 0.0000000000
79036  25.957  5.454  -15.081 0.0000000000
79035  25.996  5.484  -15.028 0.0000000000
79034  26.195  5.797  -14.953 0.0000000000
79033  26.852  5.801  -15.000 0.0000000000
79032  26.998  5.737  -15.006 0.0000000000
79031  27.444  5.630  -14.997 0.0000000000
78237  21.919  5.082  -16.508 0.0000000000
78227  21.666  5.013  -16.292 0.0000000000
79076  21.441  5.146  -16.248 0.0000000000
78236  22.002  5.014  -16.514 0.0000000000
78235  22.509  5.007  -16.488 0.0000000000
78234  22.970  5.039  -16.571 0.0000000000
78233  23.017  5.184  -16.562 0.0000000000
79075  23.351  5.408  -16.788 0.0000000000
78232  23.021  5.132  -16.617 0.0000000000
79068  20.994  5.646  -15.959 0.0000000000
78228  21.273  5.018  -16.131 0.0000000000
78215  21.357  4.986  -15.993 0.0000000000
79067  21.189  5.369  -15.807 0.0000000000
78222  23.430  5.051  -16.387 0.0000000000
78221  23.981  4.996  -16.308 0.0000000000
78220  23.997  5.002  -16.348 0.0000000000
78219  24.351  5.002  -16.284 0.0000000000
78213  24.531  4.998  -16.051 0.0000000000
78212  24.916  5.091  -15.993 0.0000000000
78211  25.007  5.064  -15.891 0.0000000000
78204  25.116  5.007  -15.839 0.0000000000
78203  25.487  5.026  -15.495 0.0000000000
78194  25.727  5.006  -15.009 0.0000000000
78193  25.884  5.208  -15.016 0.0000000000
78192  28.046  5.154  -15.037 0.0000000000
78181  28.019  5.158  -14.881 0.0000000000
79030  27.992  5.359  -14.898 0.0000000000
78183  25.914  5.130  -14.908 0.0000000000
79021  26.006  5.453  -14.781 0.0000000000
78182  26.004  5.170  -14.997 0.0000000000
79020  26.523  5.392  -14.722 0.0000000000
79019  27.006  5.318  -14.595 0.0000000000
79018  27.045  5.446  -14.744 0.0000000000
79017  27.592  5.284  -14.606 0.0000000000
78165  28.006  5.019  -14.514 0.0000000000
79016  27.972  5.175  -14.660 0.0000000000
78170  26.072  5.003  -14.634 0.0000000000
78169  26.702  5.003  -14.477 0.0000000000
78168  27.004  5.030  -14.351 0.0000000000
78167  27.209  5.026  -14.328 0.0000000000
78166  27.848  5.034  -14.368 0.0000000000
78226  21.983  4.980  -16.378 0.0000000000
78225  22.177  5.007  -16.398 0.0000000000
78224  22.839  5.001  -16.414 0.0000000000
78223  23.031  4.986  -16.415 0.0000000000
78214  21.480  5.012  -16.017 0.0000000000
77355  21.649  4.894  -16.167 0.0000000000
77354  21.857  4.745  -16.205 0.0000000000
77353  22.074  4.717  -16.359 0.0000000000
77352  22.681  4.825  -16.351 0.0000000000
77351  23.011  4.891  -16.410 0.0000000000
77350  23.224  4.907  -16.360 0.0000000000
77349  23.764  4.977  -16.288 0.0000000000
77348  24.083  4.920  -16.240 0.0000000000
77347  24.212  4.896  -16.278 0.0000000000
77336  24.466  4.852  -16.064 0.0000000000
77340  21.431  5.035  -15.981 0.0000000000
78205  21.265  5.096  -15.755 0.0000000000
77339  21.605  4.883  -16.056 0.0000000000
77335  24.694  4.983  -15.997 0.0000000000
77334  25.010  4.954  -15.883 0.0000000000
77324  25.099  4.867  -15.767 0.0000000000
77323  25.328  4.914  -15.600 0.0000000000
77309  25.527  4.785  -15.180 0.0000000000
78184  25.773  4.976  -14.903 0.0000000000
77299  25.637  4.832  -15.006 0.0000000000
78180  28.156  5.082  -14.955 0.0000000000
77297  28.301  4.967  -14.982 0.0000000000
77298  25.793  4.821  -14.842 0.0000000000
78171  25.920  4.994  -14.796 0.0000000000
78164  28.121  5.100  -14.776 0.0000000000
77284  28.171  4.975  -14.968 0.0000000000
77288  25.999  4.758  -14.597 0.0000000000
77287  26.295  4.817  -14.472 0.0000000000
78147  26.801  5.019  -14.292 0.0000000000
77286  26.492  4.990  -14.282 0.0000000000
78146  26.976  4.981  -14.260 0.0000000000
78145  27.009  4.978  -14.206 0.0000000000
78144  27.623  5.017  -14.113 0.0000000000
78143  27.997  4.933  -14.341 0.0000000000
77285  28.107  5.017  -14.597 0.0000000000
77263  27.993  4.897  -14.170 0.0000000000
77267  26.741  4.858  -14.169 0.0000000000
77266  26.988  4.765  -14.056 0.0000000000
77265  27.301  4.907  -14.056 0.0000000000
77264  27.788  4.936  -14.122 0.0000000000
76473  21.998  4.330  -16.185 0.0000000000
77338  21.900  4.671  -16.042 0.0000000000
76472  22.016  4.504  -16.026 0.0000000000
76471  22.428  4.082  -16.096 0.0000000000
76470  23.018  4.352  -16.218 0.0000000000
76469  23.204  4.374  -16.335 0.0000000000
76468  23.623  4.399  -16.334 0.0000000000
76467  24.017  4.624  -16.312 0.0000000000
77337  24.210  4.699  -16.155 0.0000000000
76453  24.066  4.439  -16.099 0.0000000000
77327  21.334  4.974  -15.813 0.0000000000
76458  21.790  4.747  -15.999 0.0000000000
77326  21.355  4.909  -15.928 0.0000000000
76457  21.893  4.529  -15.989 0.0000000000
76452  24.227  4.434  -16.016 0.0000000000
76451  24.500  4.544  -16.021 0.0000000000
77325  25.000  4.884  -15.799 0.0000000000
76441  24.968  4.685  -15.701 0.0000000000
77312  21.138  4.911  -15.324 0.0000000000
78195  21.302  5.001  -15.429 0.0000000000
76444  21.871  4.618  -15.700 0.0000000000
77311  21.350  4.678  -15.481 0.0000000000
76440  24.969  4.366  -15.662 0.0000000000
77310  25.281  4.647  -15.569 0.0000000000
76426  25.027  4.401  -15.606 0.0000000000
76438  28.337  4.077  -15.994 0.0000000000
77320  28.487  4.329  -15.927 0.0000000000
77307  28.537  4.790  -15.387 0.0000000000
76437  28.721  4.058  -15.369 0.0000000000
76428  21.454  4.380  -15.296 0.0000000000
76425  25.333  4.274  -15.318 0.0000000000
76414  25.422  4.361  -15.011 0.0000000000
76424  28.368  4.602  -15.003 0.0000000000
76423  28.515  4.480  -15.059 0.0000000000
76413  25.620  4.425  -14.947 0.0000000000
76406  25.848  4.298  -14.757 0.0000000000
76412  28.290  4.514  -14.950 0.0000000000
76405  26.014  4.174  -14.581 0.0000000000
77268  26.450  4.569  -14.167 0.0000000000
76389  26.121  4.102  -14.351 0.0000000000
77262  28.133  4.899  -14.246 0.0000000000
76404  28.633  4.359  -14.513 0.0000000000
76388  26.521  4.111  -13.987 0.0000000000
76387  26.927  4.534  -13.998 0.0000000000
77247  27.021  4.587  -14.060 0.0000000000
76369  26.876  4.388  -13.871 0.0000000000
77246  27.082  4.690  -13.981 0.0000000000
77245  27.617  4.756  -14.043 0.0000000000
77244  27.989  4.767  -13.998 0.0000000000
77243  28.013  4.576  -13.985 0.0000000000
76386  28.315  4.231  -14.008 0.0000000000
76368  26.994  4.617  -13.933 0.0000000000
76367  27.491  4.837  -13.861 0.0000000000
76366  27.994  4.616  -13.901 0.0000000000
76365  28.202  4.424  -13.862 0.0000000000
76456  22.221  4.288  -15.807 0.0000000000
75547  22.847  4.003  -16.106 0.0000000000
75534  22.883  4.050  -15.990 0.0000000000
76455  22.443  4.257  -15.993 0.0000000000
75546  22.987  4.000  -16.154 0.0000000000
75545  23.376  3.987  -16.140 0.0000000000
76454  24.015  4.247  -16.136 0.0000000000
75544  23.711  4.035  -16.110 0.0000000000
76443  21.957  4.130  -15.501 0.0000000000
75535  22.313  3.991  -15.989 0.0000000000
75519  22.261  4.076  -15.615 0.0000000000
76442  22.030  4.126  -15.597 0.0000000000
75531  23.851  4.051  -16.057 0.0000000000
75530  24.026  4.081  -16.008 0.0000000000
75529  24.299  4.040  -15.902 0.0000000000
75528  24.568  4.206  -15.927 0.0000000000
75520  22.022  4.014  -15.478 0.0000000000
75503  21.987  4.007  -15.430 0.0000000000
76427  21.811  4.056  -15.354 0.0000000000
75516  24.781  4.065  -15.691 0.0000000000
75515  25.001  4.085  -15.520 0.0000000000
75513  28.200  3.989  -15.811 0.0000000000
75512  28.576  3.995  -15.440 0.0000000000
75497  28.590  4.042  -15.013 0.0000000000
75504  21.563  4.061  -15.257 0.0000000000
75505  21.034  4.027  -15.059 0.0000000000
76429  20.995  4.368  -15.132 0.0000000000
75500  25.038  3.976  -15.439 0.0000000000
75499  25.419  3.983  -15.163 0.0000000000
75498  28.425  4.362  -14.980 0.0000000000
75488  25.550  3.990  -15.000 0.0000000000
75487  25.765  3.990  -14.998 0.0000000000
75486  28.477  4.050  -14.998 0.0000000000
75477  25.877  3.982  -14.521 0.0000000000
75461  26.084  3.990  -14.529 0.0000000000
75476  26.002  4.021  -14.654 0.0000000000
75475  28.580  3.985  -14.733 0.0000000000
76403  28.613  3.993  -14.400 0.0000000000
75474  28.723  4.021  -14.308 0.0000000000
76385  28.549  4.036  -14.083 0.0000000000
75460  26.402  4.017  -14.217 0.0000000000
76370  26.685  4.228  -13.924 0.0000000000
75443  26.585  4.010  -14.011 0.0000000000
75459  28.500  4.294  -13.993 0.0000000000
75458  28.546  4.016  -13.985 0.0000000000
75442  26.719  4.070  -13.898 0.0000000000
76348  26.994  4.290  -13.655 0.0000000000
75424  26.934  4.065  -13.716 0.0000000000
76347  27.315  4.166  -13.621 0.0000000000
76346  27.829  4.215  -13.544 0.0000000000
76345  28.065  4.301  -13.589 0.0000000000
75441  28.321  4.193  -13.796 0.0000000000
76344  28.217  4.275  -13.645 0.0000000000
75423  27.005  3.999  -13.596 0.0000000000
75422  27.443  3.983  -13.464 0.0000000000
75421  27.964  4.011  -13.309 0.0000000000
75420  28.169  4.065  -13.443 0.0000000000
75533  23.016  3.955  -16.038 0.0000000000
75532  23.329  3.967  -16.084 0.0000000000
75518  22.660  3.992  -15.878 0.0000000000
74624  22.990  3.854  -15.995 0.0000000000
74609  22.919  3.872  -15.871 0.0000000000
74623  23.236  3.841  -15.985 0.0000000000
74622  23.665  3.921  -16.025 0.0000000000
74621  23.983  3.987  -16.026 0.0000000000
74620  24.140  3.975  -16.000 0.0000000000
75517  24.559  4.014  -15.815 0.0000000000
74619  24.281  4.008  -16.002 0.0000000000
75502  22.011  3.989  -15.379 0.0000000000
74610  22.576  3.990  -15.701 0.0000000000
74590  22.127  3.805  -15.239 0.0000000000
74604  24.559  3.968  -15.771 0.0000000000
75501  24.993  4.000  -15.383 0.0000000000
74603  24.794  3.959  -15.556 0.0000000000
74601  28.045  3.762  -15.947 0.0000000000
74600  28.515  3.696  -15.610 0.0000000000
74583  28.750  3.629  -15.081 0.0000000000
74593  21.241  3.996  -15.189 0.0000000000
74576  21.095  3.955  -14.998 0.0000000000
75489  20.999  4.022  -14.999 0.0000000000
75490  20.938  3.974  -14.873 0.0000000000
75506  20.984  4.136  -15.046 0.0000000000
74592  21.718  3.599  -15.244 0.0000000000
74591  21.994  3.616  -15.238 0.0000000000
74586  24.807  3.696  -15.357 0.0000000000
74585  25.165  3.624  -15.308 0.0000000000
74584  25.480  3.699  -15.143 0.0000000000
74572  28.618  3.614  -15.012 0.0000000000
75485  28.706  3.974  -14.894 0.0000000000
74577  21.017  3.936  -14.940 0.0000000000
74574  25.782  3.788  -14.992 0.0000000000
74573  25.821  3.850  -14.910 0.0000000000
74561  28.646  3.607  -14.548 0.0000000000
74563  25.991  3.824  -14.656 0.0000000000
74562  26.197  3.990  -14.720 0.0000000000
74547  28.657  3.649  -14.105 0.0000000000
74549  26.199  3.688  -14.222 0.0000000000
74548  26.474  3.852  -14.113 0.0000000000
74531  28.693  3.599  -13.961 0.0000000000
75440  28.494  4.001  -13.779 0.0000000000
74533  26.496  3.748  -14.032 0.0000000000
74532  26.777  4.016  -13.856 0.0000000000
75419  28.368  3.938  -13.718 0.0000000000
74515  26.916  3.827  -13.657 0.0000000000
75406  27.250  3.986  -13.494 0.0000000000
74514  26.954  3.918  -13.499 0.0000000000
75405  27.578  3.932  -13.326 0.0000000000
75404  27.966  3.929  -13.287 0.0000000000
74513  28.187  3.923  -13.272 0.0000000000
75403  27.966  3.940  -13.181 0.0000000000
74512  28.587  3.637  -13.190 0.0000000000
74495  27.032  3.592  -13.274 0.0000000000
74494  27.839  3.688  -13.086 0.0000000000
74493  27.924  3.725  -13.031 0.0000000000
74492  28.134  3.663  -13.018 0.0000000000
74608  23.099  3.503  -15.592 0.0000000000
74607  23.531  3.700  -15.852 0.0000000000
74606  23.972  3.805  -15.905 0.0000000000
74605  24.071  3.760  -15.926 0.0000000000
74589  22.989  3.635  -15.377 0.0000000000
74588  23.013  3.435  -15.422 0.0000000000
73706  23.108  3.177  -15.273 0.0000000000
73688  22.993  3.110  -15.298 0.0000000000
73705  23.377  3.241  -15.315 0.0000000000
73704  23.963  3.493  -15.603 0.0000000000
73703  24.004  3.318  -15.506 0.0000000000
73702  24.216  3.468  -15.615 0.0000000000
74587  24.496  3.577  -15.455 0.0000000000
73700  27.983  3.353  -15.870 0.0000000000
73699  28.293  3.294  -15.770 0.0000000000
73680  28.652  3.172  -15.257 0.0000000000
74575  21.455  3.936  -14.989 0.0000000000
73692  21.984  3.210  -15.126 0.0000000000
73672  21.862  3.205  -14.991 0.0000000000
73691  22.014  3.149  -15.129 0.0000000000
73690  22.198  3.159  -15.165 0.0000000000
73689  22.758  3.157  -15.084 0.0000000000
73684  24.536  3.140  -15.298 0.0000000000
73683  24.985  3.161  -15.278 0.0000000000
73682  25.239  3.282  -15.099 0.0000000000
73681  25.637  3.448  -15.015 0.0000000000
73667  28.665  3.226  -15.020 0.0000000000
73674  21.009  3.503  -14.957 0.0000000000
73659  20.953  3.408  -14.686 0.0000000000
74564  20.944  3.844  -14.956 0.0000000000
73673  21.370  3.458  -14.924 0.0000000000
73669  25.585  3.297  -14.818 0.0000000000
73668  25.867  3.455  -14.642 0.0000000000
73655  28.623  3.203  -14.799 0.0000000000
74550  26.005  3.682  -14.011 0.0000000000
73656  25.844  3.140  -14.217 0.0000000000
73640  28.738  3.148  -14.275 0.0000000000
73642  26.029  3.170  -14.124 0.0000000000
74534  26.232  3.459  -14.055 0.0000000000
73641  26.170  3.052  -14.036 0.0000000000
73625  28.658  3.102  -13.999 0.0000000000
73627  26.167  3.240  -14.027 0.0000000000
74516  26.631  3.994  -13.641 0.0000000000
73626  26.441  3.590  -13.954 0.0000000000
73609  28.813  3.094  -13.538 0.0000000000
73611  26.717  3.370  -13.418 0.0000000000
74496  26.973  3.571  -13.300 0.0000000000
73610  26.890  3.388  -13.247 0.0000000000
73589  28.664  3.024  -13.032 0.0000000000
74491  28.427  3.527  -13.010 0.0000000000
73592  26.951  3.222  -12.994 0.0000000000
74485  27.399  3.451  -13.047 0.0000000000
73591  27.015  3.296  -12.999 0.0000000000
74484  27.677  3.746  -12.998 0.0000000000
74483  27.979  3.652  -12.985 0.0000000000
73590  28.371  3.297  -12.911 0.0000000000
73577  28.230  3.328  -12.762 0.0000000000
74482  28.054  3.673  -12.935 0.0000000000
73580  27.107  3.298  -12.933 0.0000000000
73579  27.858  3.344  -12.762 0.0000000000
73578  28.001  3.532  -12.790 0.0000000000
73687  23.313  3.043  -15.265 0.0000000000
73686  23.849  3.008  -15.226 0.0000000000
73685  24.014  3.042  -15.278 0.0000000000
72779  27.940  3.018  -15.860 0.0000000000
72778  28.009  2.983  -15.820 0.0000000000
72777  28.427  2.998  -15.564 0.0000000000
73671  21.990  3.082  -15.029 0.0000000000
72771  21.996  3.033  -15.013 0.0000000000
72770  22.044  2.985  -15.029 0.0000000000
72769  22.634  3.001  -15.097 0.0000000000
72768  22.946  3.001  -15.300 0.0000000000
72767  23.343  3.019  -15.302 0.0000000000
72766  23.805  3.016  -15.319 0.0000000000
72765  23.997  2.989  -15.319 0.0000000000
72764  24.414  3.001  -15.288 0.0000000000
72763  24.903  2.990  -15.267 0.0000000000
72762  25.089  2.979  -15.193 0.0000000000
73670  25.236  2.995  -14.995 0.0000000000
72752  25.185  2.940  -15.063 0.0000000000
72761  28.658  3.019  -15.101 0.0000000000
73658  21.138  3.218  -14.648 0.0000000000
72757  21.323  2.999  -14.647 0.0000000000
72756  21.690  3.012  -14.826 0.0000000000
72755  22.120  2.909  -14.970 0.0000000000
72751  25.350  3.038  -14.938 0.0000000000
73657  25.634  3.016  -14.401 0.0000000000
72739  25.666  2.983  -14.686 0.0000000000
72750  28.648  3.007  -15.000 0.0000000000
72743  21.010  3.011  -14.374 0.0000000000
73643  20.986  3.000  -14.335 0.0000000000
72742  21.158  3.016  -14.523 0.0000000000
73660  20.852  3.377  -14.573 0.0000000000
72738  25.959  3.013  -14.274 0.0000000000
72724  26.058  2.959  -14.215 0.0000000000
72737  28.749  2.985  -14.614 0.0000000000
72726  20.956  2.858  -14.181 0.0000000000
73644  20.626  3.059  -14.159 0.0000000000
72723  26.203  2.961  -14.113 0.0000000000
72709  26.236  3.003  -13.953 0.0000000000
72722  28.633  2.934  -14.060 0.0000000000
72707  28.785  2.998  -13.980 0.0000000000
72708  26.444  3.018  -13.672 0.0000000000
72690  28.689  3.000  -13.549 0.0000000000
73593  26.864  3.014  -13.046 0.0000000000
72691  26.587  3.025  -13.361 0.0000000000
72672  28.655  2.947  -13.047 0.0000000000
72674  26.898  2.977  -13.036 0.0000000000
73581  26.925  3.021  -12.960 0.0000000000
72673  27.009  3.040  -12.986 0.0000000000
73576  28.753  3.260  -12.913 0.0000000000
72653  28.721  3.005  -12.995 0.0000000000
72657  26.973  3.033  -12.912 0.0000000000
72656  27.257  3.040  -12.822 0.0000000000
73572  27.911  3.074  -12.534 0.0000000000
72655  27.430  3.065  -12.389 0.0000000000
73571  27.996  3.125  -12.587 0.0000000000
73570  27.994  3.287  -12.429 0.0000000000
72654  28.635  2.989  -12.544 0.0000000000
72643  28.038  3.007  -12.477 0.0000000000
72645  27.620  2.987  -12.643 0.0000000000
72644  27.929  2.962  -12.495 0.0000000000
71811  27.904  2.668  -15.933 0.0000000000
71805  27.962  2.676  -15.794 0.0000000000
71804  28.118  2.727  -15.796 0.0000000000
71803  28.616  2.748  -15.330 0.0000000000
72754  22.405  2.969  -14.993 0.0000000000
71796  22.655  2.817  -15.085 0.0000000000
72753  22.716  3.007  -15.002 0.0000000000
71795  22.841  2.672  -15.178 0.0000000000
71794  23.072  2.785  -15.366 0.0000000000
71793  23.839  2.753  -15.460 0.0000000000
71792  24.003  2.691  -15.300 0.0000000000
71791  24.310  2.838  -15.332 0.0000000000
71790  24.824  2.797  -15.260 0.0000000000
71789  25.034  2.841  -15.215 0.0000000000
71777  25.113  2.697  -15.058 0.0000000000
71788  28.732  2.770  -14.995 0.0000000000
72741  21.933  3.019  -14.769 0.0000000000
71782  21.981  2.912  -14.959 0.0000000000
72740  22.001  2.907  -14.845 0.0000000000
71781  22.243  2.838  -14.959 0.0000000000
71780  22.721  2.667  -15.012 0.0000000000
71776  25.270  2.827  -14.979 0.0000000000
71766  25.638  2.981  -14.735 0.0000000000
71775  28.642  2.732  -14.951 0.0000000000
71770  21.086  2.891  -14.284 0.0000000000
72725  21.001  2.930  -14.265 0.0000000000
71769  21.424  2.888  -14.607 0.0000000000
71768  21.997  2.655  -14.660 0.0000000000
71765  25.936  2.855  -14.300 0.0000000000
71750  26.043  2.711  -14.229 0.0000000000
71764  28.649  2.568  -14.479 0.0000000000
71754  21.046  2.807  -13.988 0.0000000000
71736  20.995  2.599  -13.932 0.0000000000
72710  20.879  2.853  -14.035 0.0000000000
71753  21.203  2.557  -14.039 0.0000000000
72727  20.810  2.945  -14.084 0.0000000000
71749  26.139  2.649  -14.145 0.0000000000
71734  26.195  2.616  -14.006 0.0000000000
71748  28.643  2.349  -14.078 0.0000000000
71733  28.669  2.495  -13.985 0.0000000000
72692  26.285  3.004  -13.754 0.0000000000
71719  26.168  2.677  -13.938 0.0000000000
71717  28.877  2.775  -13.438 0.0000000000
71718  26.450  2.809  -13.423 0.0000000000
71704  26.785  2.764  -13.118 0.0000000000
71702  28.630  2.756  -13.005 0.0000000000
71703  26.889  2.805  -12.983 0.0000000000
71684  26.938  2.828  -12.904 0.0000000000
71682  28.798  2.715  -12.975 0.0000000000
71683  27.010  2.988  -12.856 0.0000000000
72646  27.284  3.000  -12.770 0.0000000000
72642  28.356  2.923  -12.581 0.0000000000
71663  28.586  2.733  -12.500 0.0000000000
71667  27.093  2.748  -12.747 0.0000000000
71666  27.686  2.654  -12.390 0.0000000000
71665  27.995  2.911  -12.364 0.0000000000
71664  28.110  2.991  -12.347 0.0000000000
70840  27.858  2.262  -15.989 0.0000000000
70839  28.005  2.226  -16.051 0.0000000000
70837  28.008  2.150  -15.816 0.0000000000
70836  28.286  2.107  -15.496 0.0000000000
70835  28.634  2.304  -15.171 0.0000000000
70830  22.988  2.375  -15.062 0.0000000000
71779  22.923  2.489  -15.044 0.0000000000
70829  23.045  2.404  -15.024 0.0000000000
70828  23.533  2.298  -15.151 0.0000000000
70827  23.972  2.133  -15.140 0.0000000000
70826  24.105  2.160  -15.201 0.0000000000
70825  24.604  2.461  -15.262 0.0000000000
71778  25.017  2.586  -15.074 0.0000000000
70809  24.879  2.344  -14.984 0.0000000000
70823  28.678  2.158  -15.016 0.0000000000
70816  22.474  2.474  -14.925 0.0000000000
71767  21.990  2.570  -14.711 0.0000000000
70815  22.940  2.318  -14.901 0.0000000000
70814  22.987  2.202  -15.007 0.0000000000
70808  25.051  2.211  -14.911 0.0000000000
70807  25.046  2.415  -14.953 0.0000000000
70794  25.559  2.398  -14.650 0.0000000000
70806  28.653  2.210  -14.885 0.0000000000
71752  21.858  2.441  -14.137 0.0000000000
70799  22.014  2.270  -14.365 0.0000000000
71751  21.999  2.486  -14.461 0.0000000000
70798  22.076  1.991  -14.433 0.0000000000
70793  25.908  2.442  -14.360 0.0000000000
70778  26.007  2.300  -14.074 0.0000000000
70792  28.647  2.109  -14.315 0.0000000000
71735  21.137  2.645  -13.957 0.0000000000
70783  21.417  2.253  -14.009 0.0000000000
70762  21.246  2.216  -13.907 0.0000000000
70782  21.683  2.046  -14.018 0.0000000000
70781  21.981  2.020  -14.165 0.0000000000
70777  26.086  2.450  -14.165 0.0000000000
70759  26.010  2.233  -13.987 0.0000000000
70743  26.058  2.214  -13.904 0.0000000000
70742  26.238  2.160  -13.626 0.0000000000
70728  26.535  2.097  -13.014 0.0000000000
70727  26.812  2.420  -13.025 0.0000000000
70709  26.844  2.328  -12.915 0.0000000000
71668  26.872  2.628  -12.747 0.0000000000
70689  26.923  2.226  -12.628 0.0000000000
70688  27.291  2.261  -12.316 0.0000000000
71659  27.932  2.519  -12.163 0.0000000000
70687  27.634  2.290  -12.035 0.0000000000
71658  28.019  2.584  -12.177 0.0000000000
71657  27.986  2.741  -12.098 0.0000000000
71656  28.132  2.774  -12.010 0.0000000000
69878  20.996  1.910  -17.513 0.0000000000
69877  21.718  2.012  -17.123 0.0000000000
70861  21.869  2.018  -17.145 0.0000000000
70860  21.962  1.981  -17.104 0.0000000000
69864  21.975  1.988  -17.024 0.0000000000
69876  22.015  1.996  -17.214 0.0000000000
69875  22.113  1.980  -17.211 0.0000000000
69865  21.831  1.979  -17.067 0.0000000000
69840  27.684  2.016  -16.001 0.0000000000
69837  27.808  2.011  -15.906 0.0000000000
69836  27.972  2.053  -15.932 0.0000000000
69832  28.035  1.964  -15.787 0.0000000000
69831  28.278  1.933  -15.501 0.0000000000
70824  28.588  2.010  -15.176 0.0000000000
70813  23.180  2.018  -15.040 0.0000000000
70812  24.015  2.181  -15.003 0.0000000000
69828  24.025  2.002  -15.010 0.0000000000
70811  23.971  2.004  -15.010 0.0000000000
69827  24.068  2.006  -15.040 0.0000000000
70810  24.616  2.041  -15.137 0.0000000000
69819  24.397  1.939  -15.033 0.0000000000
69826  28.511  1.945  -15.066 0.0000000000
69825  28.642  1.993  -14.989 0.0000000000
70797  22.965  1.999  -14.631 0.0000000000
69823  22.915  2.064  -14.883 0.0000000000
70796  23.092  2.021  -14.696 0.0000000000
69822  23.232  2.081  -14.920 0.0000000000
69821  23.806  2.007  -14.937 0.0000000000
69820  23.948  1.950  -14.965 0.0000000000
69818  24.822  2.017  -14.920 0.0000000000
69817  25.045  2.049  -14.786 0.0000000000
70795  25.119  2.065  -14.755 0.0000000000
69803  24.989  2.019  -14.370 0.0000000000
69815  28.599  1.997  -14.755 0.0000000000
69809  22.289  2.007  -14.314 0.0000000000
69794  22.096  1.802  -14.200 0.0000000000
70780  22.051  1.964  -14.057 0.0000000000
69808  22.795  1.977  -14.492 0.0000000000
69807  23.011  1.987  -14.693 0.0000000000
69802  25.143  2.012  -14.701 0.0000000000
70779  25.788  2.049  -14.136 0.0000000000
69790  25.354  1.982  -14.527 0.0000000000
70761  21.549  2.117  -13.958 0.0000000000
69796  21.835  2.007  -14.003 0.0000000000
69776  21.733  1.992  -13.974 0.0000000000
69795  21.926  1.917  -14.028 0.0000000000
69789  25.835  2.094  -14.131 0.0000000000
70760  25.992  2.196  -14.001 0.0000000000
69773  25.915  2.129  -13.976 0.0000000000
69777  21.342  2.060  -13.862 0.0000000000
69757  21.042  2.010  -13.407 0.0000000000
70744  21.108  2.238  -13.650 0.0000000000
70763  20.990  2.172  -13.927 0.0000000000
69772  25.977  2.085  -13.898 0.0000000000
69755  26.122  2.007  -13.772 0.0000000000
70745  20.964  2.189  -13.510 0.0000000000
69754  26.174  1.991  -13.603 0.0000000000
69737  26.508  1.945  -13.131 0.0000000000
70710  26.579  2.011  -13.053 0.0000000000
69721  26.590  1.997  -12.938 0.0000000000
69720  26.785  2.035  -12.783 0.0000000000
69697  27.001  1.999  -12.242 0.0000000000
68957  20.135  1.671  -19.527 0.0000000000
69954  20.268  1.844  -19.295 0.0000000000
68961  20.021  1.868  -19.985 0.0000000000
68952  20.182  1.489  -19.144 0.0000000000
69949  20.364  1.822  -19.037 0.0000000000
68948  20.200  1.528  -19.000 0.0000000000
68947  20.461  1.848  -18.806 0.0000000000
68942  20.620  1.822  -18.242 0.0000000000
69916  20.788  1.963  -18.061 0.0000000000
68928  20.528  1.594  -18.031 0.0000000000
69898  20.759  1.825  -17.969 0.0000000000
68910  20.642  1.633  -17.994 0.0000000000
68909  20.895  1.948  -17.768 0.0000000000
69879  20.985  1.993  -17.766 0.0000000000
68884  20.967  1.547  -17.206 0.0000000000
68883  21.010  1.629  -17.120 0.0000000000
69866  21.354  1.861  -17.118 0.0000000000
69863  22.081  1.941  -17.003 0.0000000000
69862  22.466  1.663  -17.050 0.0000000000
68868  22.669  1.494  -17.004 0.0000000000
68870  21.102  1.624  -16.994 0.0000000000
69853  21.359  1.735  -17.012 0.0000000000
69852  21.777  1.989  -17.002 0.0000000000
69851  21.938  1.993  -16.970 0.0000000000
69850  22.001  1.945  -16.921 0.0000000000
68855  22.084  1.814  -16.702 0.0000000000
68869  22.324  1.811  -16.994 0.0000000000
68858  21.091  1.666  -16.967 0.0000000000
68857  21.699  1.924  -16.875 0.0000000000
68856  22.027  1.630  -16.707 0.0000000000
68837  27.138  1.550  -16.273 0.0000000000
69838  27.484  1.845  -16.036 0.0000000000
68830  27.344  1.419  -16.027 0.0000000000
68829  27.752  1.566  -15.991 0.0000000000
68826  27.848  1.678  -15.691 0.0000000000
69833  27.974  1.993  -15.708 0.0000000000
68825  28.005  1.763  -15.697 0.0000000000
68824  28.156  1.453  -15.684 0.0000000000
68822  28.280  1.493  -15.261 0.0000000000
68816  28.377  1.508  -15.001 0.0000000000
69816  28.513  1.976  -14.984 0.0000000000
69806  23.514  1.962  -14.817 0.0000000000
68820  23.902  1.622  -14.741 0.0000000000
68808  23.853  1.577  -14.636 0.0000000000
69805  23.695  1.828  -14.761 0.0000000000
68819  23.947  1.864  -14.976 0.0000000000
68818  24.440  1.935  -14.909 0.0000000000
68817  24.759  2.023  -14.901 0.0000000000
69804  24.999  1.972  -14.790 0.0000000000
68805  24.933  1.850  -14.685 0.0000000000
68815  28.385  1.751  -15.003 0.0000000000
69793  22.634  1.814  -14.311 0.0000000000
69792  22.980  1.956  -14.517 0.0000000000
68810  22.996  1.739  -14.386 0.0000000000
68795  22.994  1.532  -14.149 0.0000000000
68809  23.423  1.242  -14.595 0.0000000000
68804  24.998  1.955  -14.739 0.0000000000
69791  25.273  1.899  -14.368 0.0000000000
68792  25.111  1.670  -14.395 0.0000000000
69775  21.988  1.844  -13.941 0.0000000000
69774  22.013  1.950  -14.040 0.0000000000
68797  22.274  1.655  -13.992 0.0000000000
68781  22.305  1.607  -13.861 0.0000000000
68796  22.649  1.624  -14.101 0.0000000000
68791  25.552  1.644  -14.193 0.0000000000
68790  25.887  1.982  -14.135 0.0000000000
68777  25.901  1.976  -14.004 0.0000000000
69756  21.586  1.997  -13.842 0.0000000000
68783  21.933  1.822  -13.989 0.0000000000
68765  21.890  1.576  -13.723 0.0000000000
68782  21.961  1.829  -13.961 0.0000000000
68776  25.953  2.017  -13.931 0.0000000000
68761  26.020  1.896  -13.889 0.0000000000
68766  21.123  1.796  -13.207 0.0000000000
68747  21.083  1.642  -13.066 0.0000000000
69739  20.978  1.853  -13.152 0.0000000000
69758  20.950  1.988  -13.264 0.0000000000
69738  26.177  1.890  -13.580 0.0000000000
68748  20.995  1.705  -13.059 0.0000000000
69740  20.851  1.897  -13.116 0.0000000000
68745  26.232  1.653  -13.300 0.0000000000
68744  26.511  1.721  -13.022 0.0000000000
68729  26.603  1.828  -12.999 0.0000000000
68728  26.852  2.018  -12.834 0.0000000000
68958  19.969  1.557  -19.736 0.0000000000
68962  19.826  1.681  -20.004 0.0000000000
68004  19.949  1.154  -19.147 0.0000000000
68953  19.984  1.345  -19.168 0.0000000000
68008  19.796  1.254  -19.780 0.0000000000
68001  19.964  1.186  -19.024 0.0000000000
68000  19.990  1.195  -19.012 0.0000000000
67995  20.005  1.134  -18.895 0.0000000000
68943  20.220  1.391  -18.766 0.0000000000
67991  20.177  1.005  -18.465 0.0000000000
68929  20.441  1.361  -18.045 0.0000000000
67987  20.236  1.089  -18.009 0.0000000000
67986  20.428  1.286  -17.996 0.0000000000
67974  20.258  1.111  -17.904 0.0000000000
68885  20.614  1.382  -17.637 0.0000000000
67951  20.593  1.018  -17.287 0.0000000000
67950  20.949  1.337  -17.011 0.0000000000
68871  20.997  1.519  -17.030 0.0000000000
67931  22.973  1.140  -17.083 0.0000000000
67949  22.985  1.123  -17.219 0.0000000000
67932  20.875  1.318  -16.926 0.0000000000
68859  21.019  1.487  -16.950 0.0000000000
68854  22.720  1.564  -16.999 0.0000000000
67916  22.790  1.179  -16.747 0.0000000000
67919  20.929  1.264  -16.733 0.0000000000
67918  20.983  1.248  -16.533 0.0000000000
68842  21.253  1.615  -16.782 0.0000000000
68841  21.989  1.507  -16.415 0.0000000000
68840  22.017  1.466  -16.381 0.0000000000
68839  21.998  1.488  -16.333 0.0000000000
67901  22.284  1.235  -16.294 0.0000000000
67917  22.698  1.460  -16.554 0.0000000000
67904  21.292  1.023  -16.178 0.0000000000
67903  21.841  1.132  -16.058 0.0000000000
67902  22.000  1.150  -16.047 0.0000000000
67899  27.002  1.125  -16.191 0.0000000000
67898  27.106  1.010  -15.963 0.0000000000
67885  27.229  1.052  -15.960 0.0000000000
67884  27.767  1.235  -16.005 0.0000000000
67877  27.609  1.131  -15.670 0.0000000000
67876  27.995  1.101  -15.639 0.0000000000
67875  28.028  1.345  -15.518 0.0000000000
67869  28.125  1.051  -15.411 0.0000000000
67867  28.255  0.987  -15.026 0.0000000000
68807  24.000  1.599  -14.823 0.0000000000
68806  24.377  1.771  -14.961 0.0000000000
68794  23.011  1.349  -14.138 0.0000000000
67864  23.527  1.038  -14.111 0.0000000000
67852  23.322  1.088  -14.031 0.0000000000
67863  23.978  1.213  -14.331 0.0000000000
67862  24.006  1.238  -14.471 0.0000000000
67861  24.233  1.243  -14.444 0.0000000000
67860  24.868  1.570  -14.584 0.0000000000
68793  24.990  1.508  -14.320 0.0000000000
67848  24.804  1.224  -14.205 0.0000000000
68780  22.902  1.460  -13.989 0.0000000000
68779  22.989  1.412  -14.044 0.0000000000
67853  23.143  1.307  -14.026 0.0000000000
67837  23.089  1.228  -13.958 0.0000000000
67847  25.026  1.232  -14.101 0.0000000000
67846  25.320  1.386  -14.214 0.0000000000
68778  25.685  1.631  -14.013 0.0000000000
67833  25.464  1.271  -13.946 0.0000000000
68764  22.166  1.555  -13.765 0.0000000000
68763  22.016  1.555  -13.646 0.0000000000
67839  22.275  1.140  -13.744 0.0000000000
67823  22.134  1.194  -13.318 0.0000000000
67838  22.988  1.348  -13.960 0.0000000000
67832  25.809  1.515  -13.966 0.0000000000
68762  26.096  1.590  -13.870 0.0000000000
67824  21.987  1.199  -13.333 0.0000000000
67819  25.919  1.328  -13.555 0.0000000000
67818  26.119  1.385  -13.378 0.0000000000
68730  21.093  1.602  -13.029 0.0000000000
68731  21.020  1.569  -12.936 0.0000000000
67804  26.185  1.069  -13.016 0.0000000000
67803  26.379  1.468  -13.052 0.0000000000
68005  19.731  1.003  -19.789 0.0000000000
68009  19.381  1.207  -20.030 0.0000000000
67039  19.523  0.997  -19.562 0.0000000000
67046  19.237  1.011  -19.935 0.0000000000
67038  19.885  1.024  -19.119 0.0000000000
67034  19.895  0.966  -19.014 0.0000000000
67996  19.938  1.102  -18.944 0.0000000000
67031  19.926  0.995  -18.837 0.0000000000
67030  20.083  0.968  -18.698 0.0000000000
67026  20.138  0.933  -18.335 0.0000000000
67021  20.148  0.844  -18.091 0.0000000000
67975  20.203  0.990  -17.991 0.0000000000
67015  20.246  0.899  -17.983 0.0000000000
67014  20.404  0.961  -17.688 0.0000000000
66995  20.493  0.986  -17.147 0.0000000000
67933  20.579  1.104  -17.004 0.0000000000
67930  22.948  1.031  -16.945 0.0000000000
66974  23.014  1.012  -17.040 0.0000000000
66994  23.085  1.027  -17.204 0.0000000000
66975  20.543  0.996  -16.969 0.0000000000
67920  20.698  1.174  -16.863 0.0000000000
67915  22.990  1.006  -16.919 0.0000000000
66957  23.015  1.021  -16.828 0.0000000000
66960  20.556  1.049  -16.654 0.0000000000
66959  20.998  1.044  -16.334 0.0000000000
67905  21.075  1.111  -16.481 0.0000000000
67900  22.608  1.037  -16.415 0.0000000000
66943  22.840  0.988  -16.600 0.0000000000
66958  22.963  1.038  -16.806 0.0000000000
66954  27.000  0.988  -16.196 0.0000000000
66946  21.109  0.898  -16.189 0.0000000000
66945  21.251  0.925  -16.060 0.0000000000
67890  21.575  1.024  -16.005 0.0000000000
67889  21.866  1.021  -16.025 0.0000000000
67888  22.020  1.057  -16.012 0.0000000000
67887  22.071  1.079  -15.991 0.0000000000
66928  22.165  0.991  -15.961 0.0000000000
66944  22.357  1.050  -16.213 0.0000000000
66940  26.974  0.903  -16.075 0.0000000000
66926  27.041  0.836  -16.027 0.0000000000
67886  27.055  0.996  -15.971 0.0000000000
66931  21.142  0.986  -16.002 0.0000000000
66930  21.791  0.910  -15.980 0.0000000000
66929  22.011  0.765  -16.002 0.0000000000
66925  27.046  0.892  -15.887 0.0000000000
66916  27.217  0.902  -16.005 0.0000000000
67878  27.374  1.008  -15.804 0.0000000000
66915  27.599  0.983  -15.778 0.0000000000
66914  27.972  0.966  -15.347 0.0000000000
66907  27.938  0.947  -15.216 0.0000000000
67870  27.993  0.978  -15.283 0.0000000000
66906  28.063  0.963  -15.259 0.0000000000
66903  28.119  0.891  -15.111 0.0000000000
67851  23.758  0.967  -14.163 0.0000000000
67850  24.007  0.988  -14.227 0.0000000000
67849  24.310  1.014  -14.191 0.0000000000
67836  23.154  1.003  -14.001 0.0000000000
66897  23.567  0.916  -14.115 0.0000000000
66886  23.419  0.852  -13.998 0.0000000000
66896  23.767  1.011  -14.011 0.0000000000
66895  24.048  0.923  -14.125 0.0000000000
66894  24.284  0.980  -14.114 0.0000000000
66893  24.564  1.011  -14.071 0.0000000000
67835  24.892  1.105  -13.968 0.0000000000
66882  24.768  0.977  -13.980 0.0000000000
67834  24.983  1.138  -14.004 0.0000000000
67822  22.882  1.108  -13.271 0.0000000000
67821  22.986  1.119  -13.751 0.0000000000
66887  23.125  1.012  -13.827 0.0000000000
66872  23.115  0.942  -13.611 0.0000000000
66881  25.001  0.987  -13.889 0.0000000000
66880  25.104  1.037  -13.872 0.0000000000
67820  25.646  1.029  -13.636 0.0000000000
66868  25.586  1.015  -13.832 0.0000000000
66867  25.899  1.048  -13.322 0.0000000000
67805  26.089  1.100  -13.078 0.0000000000
67040  19.119  0.925  -19.948 0.0000000000
67047  19.089  0.940  -20.022 0.0000000000
66078  19.011  0.479  -19.615 0.0000000000
66086  18.999  0.706  -19.857 0.0000000000
66077  19.720  0.736  -19.169 0.0000000000
67035  19.828  0.935  -19.086 0.0000000000
66071  19.567  0.566  -18.998 0.0000000000
66070  19.871  0.800  -19.017 0.0000000000
66065  19.923  0.866  -18.815 0.0000000000
67027  20.012  0.931  -18.615 0.0000000000
66061  19.987  0.734  -18.262 0.0000000000
67022  20.022  0.945  -18.110 0.0000000000
66058  19.983  0.540  -18.018 0.0000000000
66057  20.037  0.543  -18.016 0.0000000000
66053  20.053  0.541  -17.729 0.0000000000
66996  20.257  0.812  -17.476 0.0000000000
66041  20.088  0.489  -17.154 0.0000000000
66976  20.285  0.920  -17.027 0.0000000000
66973  23.074  0.900  -17.092 0.0000000000
66020  23.487  0.509  -17.134 0.0000000000
66040  23.375  0.783  -17.562 0.0000000000
66022  20.032  0.536  -17.005 0.0000000000
66961  20.243  0.912  -16.990 0.0000000000
66003  22.986  0.610  -16.921 0.0000000000
66021  23.122  0.815  -16.993 0.0000000000
66005  20.119  0.518  -16.785 0.0000000000
66004  20.466  0.905  -16.926 0.0000000000
65988  20.728  0.860  -16.435 0.0000000000
66947  20.976  0.909  -16.256 0.0000000000
66942  22.994  0.968  -16.771 0.0000000000
65986  23.016  0.747  -16.590 0.0000000000
65999  26.034  0.443  -16.772 0.0000000000
65998  26.178  0.641  -16.804 0.0000000000
65984  26.545  0.360  -16.196 0.0000000000
66941  26.850  0.960  -16.387 0.0000000000
65975  20.843  0.651  -15.989 0.0000000000
66933  20.993  0.657  -15.981 0.0000000000
66932  20.983  0.943  -16.019 0.0000000000
66927  22.443  0.990  -16.240 0.0000000000
65969  22.513  0.858  -16.004 0.0000000000
65987  22.967  0.304  -16.355 0.0000000000
65983  26.998  0.634  -16.040 0.0000000000
65967  26.906  0.567  -15.944 0.0000000000
65974  20.981  0.692  -15.787 0.0000000000
65973  21.111  0.626  -15.987 0.0000000000
65972  21.410  0.861  -15.877 0.0000000000
65957  21.650  0.588  -15.714 0.0000000000
66918  21.930  0.806  -15.930 0.0000000000
66917  21.875  0.681  -15.914 0.0000000000
65956  21.969  0.708  -15.864 0.0000000000
65971  22.011  0.898  -15.936 0.0000000000
65970  22.246  0.583  -15.930 0.0000000000
65966  27.050  0.624  -15.937 0.0000000000
65953  27.100  0.522  -15.873 0.0000000000
65952  27.599  0.493  -15.862 0.0000000000
65951  27.668  0.747  -15.665 0.0000000000
65941  28.013  0.776  -15.266 0.0000000000
66885  23.815  0.813  -13.994 0.0000000000
66884  24.024  0.733  -14.049 0.0000000000
66883  24.398  0.915  -14.129 0.0000000000
66870  24.917  0.886  -13.825 0.0000000000
65919  24.847  0.932  -14.006 0.0000000000
66869  24.970  0.951  -13.807 0.0000000000
65112  19.028  0.007  -19.255 0.0000000000
66072  19.222  0.239  -19.138 0.0000000000
65113  18.988  0.119  -19.289 0.0000000000
66079  18.996  0.535  -19.757 0.0000000000
65104  19.149  0.020  -19.048 0.0000000000
65103  19.336  0.228  -19.041 0.0000000000
66066  19.571  0.435  -19.025 0.0000000000
65098  19.249  0.002  -18.846 0.0000000000
66062  19.437  0.173  -18.761 0.0000000000
65094  19.554  0.026  -18.224 0.0000000000
65093  19.859  0.234  -17.993 0.0000000000
65088  19.988  0.121  -17.964 0.0000000000
66054  19.964  0.470  -17.872 0.0000000000
65084  19.861  0.194  -17.615 0.0000000000
66042  19.936  0.372  -17.358 0.0000000000
66038  24.014  0.520  -17.485 0.0000000000
66037  24.434  0.207  -17.492 0.0000000000
65080  19.864  0.100  -17.187 0.0000000000
66023  19.880  0.235  -17.020 0.0000000000
66019  23.916  0.205  -17.231 0.0000000000
65063  23.915  0.058  -17.110 0.0000000000
65079  23.979  0.169  -17.336 0.0000000000
65078  24.049  -0.012  -17.345 0.0000000000
65077  24.754  0.011  -17.276 0.0000000000
65076  24.993  -0.017  -17.088 0.0000000000
65075  25.003  0.001  -17.045 0.0000000000
65060  25.031  0.042  -17.010 0.0000000000
66018  25.250  0.220  -17.000 0.0000000000
65065  19.716  0.065  -16.979 0.0000000000
65048  19.888  0.054  -16.734 0.0000000000
66006  19.898  0.327  -16.888 0.0000000000
66002  23.123  0.377  -17.013 0.0000000000
65045  23.388  0.351  -16.890 0.0000000000
65064  23.630  0.060  -17.018 0.0000000000
65059  25.043  0.438  -17.001 0.0000000000
65043  25.367  0.184  -16.762 0.0000000000
66001  25.656  0.371  -16.712 0.0000000000
66000  25.895  0.504  -16.639 0.0000000000
65047  19.960  0.220  -16.731 0.0000000000
65031  20.000  0.068  -16.402 0.0000000000
65989  20.299  0.183  -16.078 0.0000000000
65029  23.034  0.217  -16.428 0.0000000000
65046  23.019  0.192  -16.757 0.0000000000
65042  25.835  0.146  -16.635 0.0000000000
65041  25.990  0.171  -16.618 0.0000000000
65026  26.089  0.028  -16.416 0.0000000000
65985  26.008  0.086  -16.407 0.0000000000
65017  20.217  0.003  -15.984 0.0000000000
65976  20.321  0.233  -15.994 0.0000000000
65013  22.717  0.113  -15.990 0.0000000000
65030  23.010  0.066  -16.185 0.0000000000
65025  26.441  -0.010  -16.277 0.0000000000
65011  26.621  -0.008  -16.003 0.0000000000
65968  26.706  0.307  -15.958 0.0000000000
65016  20.589  0.258  -15.905 0.0000000000
65015  20.970  0.255  -15.899 0.0000000000
65002  20.876  0.172  -15.707 0.0000000000
65959  21.011  0.221  -15.685 0.0000000000
65958  21.016  0.308  -15.724 0.0000000000
65955  22.002  0.712  -15.741 0.0000000000
64998  22.245  0.341  -15.698 0.0000000000
65014  22.375  0.220  -15.874 0.0000000000
65010  26.913  0.098  -16.027 0.0000000000
64996  26.918  0.186  -15.802 0.0000000000
65954  26.995  0.387  -15.737 0.0000000000
65001  20.996  -0.006  -15.702 0.0000000000
65000  21.456  -0.016  -15.699 0.0000000000
64999  22.007  0.170  -15.589 0.0000000000
64995  27.059  0.051  -15.641 0.0000000000
64994  27.078  0.201  -15.861 0.0000000000
65105  19.037  -0.029  -19.131 0.0000000000
64114  19.099  -0.012  -19.001 0.0000000000
64107  19.107  -0.121  -19.028 0.0000000000
65099  19.196  0.023  -18.987 0.0000000000
64106  19.254  -0.018  -18.986 0.0000000000
64101  19.418  -0.162  -18.593 0.0000000000
64097  19.761  -0.038  -18.043 0.0000000000
65089  19.685  0.005  -18.019 0.0000000000
64096  19.734  -0.018  -17.892 0.0000000000
64091  19.874  0.005  -17.897 0.0000000000
64086  19.882  -0.002  -17.453 0.0000000000
64078  19.950  -0.133  -16.986 0.0000000000
65062  24.002  0.006  -17.224 0.0000000000
64075  24.005  -0.123  -17.103 0.0000000000
64085  24.099  -0.107  -17.193 0.0000000000
64084  24.436  -0.149  -17.273 0.0000000000
64083  24.752  -0.076  -17.248 0.0000000000
64073  24.734  -0.223  -17.113 0.0000000000
65061  24.987  -0.110  -17.036 0.0000000000
64062  19.910  -0.012  -16.832 0.0000000000
64061  23.425  0.058  -16.829 0.0000000000
64077  23.680  0.014  -16.998 0.0000000000
64076  23.773  -0.042  -17.047 0.0000000000
64072  24.975  -0.143  -16.949 0.0000000000
64059  25.064  -0.081  -16.933 0.0000000000
65044  25.035  0.005  -16.974 0.0000000000
64046  19.918  -0.132  -16.375 0.0000000000
65032  19.978  -0.017  -16.334 0.0000000000
65028  23.198  0.173  -16.550 0.0000000000
64058  25.169  0.007  -16.816 0.0000000000
64057  25.608  0.058  -16.706 0.0000000000
64041  25.884  0.020  -16.471 0.0000000000
65027  25.996  0.016  -16.421 0.0000000000
64045  20.060  -0.067  -16.294 0.0000000000
64029  20.060  -0.019  -16.011 0.0000000000
65012  22.970  -0.005  -16.099 0.0000000000
64044  23.035  -0.014  -16.155 0.0000000000
64043  23.164  -0.003  -16.327 0.0000000000
64040  26.096  -0.156  -16.324 0.0000000000
64039  26.266  -0.094  -16.307 0.0000000000
64025  26.450  -0.160  -16.101 0.0000000000
64017  20.177  -0.129  -16.003 0.0000000000
65004  20.324  0.021  -15.929 0.0000000000
65003  20.475  0.049  -15.676 0.0000000000
64997  22.633  0.041  -15.812 0.0000000000
64028  22.839  -0.020  -15.985 0.0000000000
64027  22.994  -0.015  -15.993 0.0000000000
64024  26.858  -0.013  -16.043 0.0000000000
64016  20.392  -0.017  -15.888 0.0000000000
64015  20.970  -0.075  -15.542 0.0000000000
64014  21.008  -0.051  -15.456 0.0000000000
64013  21.178  -0.142  -15.538 0.0000000000
64012  21.756  -0.120  -15.572 0.0000000000
64011  22.009  -0.020  -15.618 0.0000000000
64010  22.488  -0.011  -15.647 0.0000000000
63092  19.535  -0.511  -18.077 0.0000000000
63093  19.169  -0.697  -18.186 0.0000000000
64102  19.183  -0.337  -18.860 0.0000000000
63087  19.491  -0.413  -18.016 0.0000000000
64092  19.790  -0.110  -17.856 0.0000000000
63082  19.743  -0.809  -17.686 0.0000000000
64087  19.784  -0.128  -17.179 0.0000000000
63078  19.502  -0.735  -17.012 0.0000000000
64079  19.688  -0.315  -17.020 0.0000000000
64074  24.287  -0.278  -17.116 0.0000000000
63074  19.606  -0.594  -16.935 0.0000000000
63073  19.775  -0.331  -16.843 0.0000000000
64060  23.586  -0.051  -17.014 0.0000000000
63072  23.838  -0.296  -17.023 0.0000000000
63071  24.019  -0.528  -16.998 0.0000000000
63070  24.483  -0.560  -17.063 0.0000000000
63069  25.020  -0.387  -17.005 0.0000000000
63068  25.011  -0.299  -16.971 0.0000000000
63063  19.940  -0.413  -16.560 0.0000000000
63062  23.351  -0.013  -16.607 0.0000000000
63061  23.891  -0.634  -16.730 0.0000000000
63058  25.029  -0.465  -16.742 0.0000000000
63057  25.181  -0.379  -16.789 0.0000000000
64042  25.689  -0.049  -16.568 0.0000000000
63047  19.950  -0.373  -16.006 0.0000000000
64030  19.985  -0.256  -16.070 0.0000000000
63046  23.018  -0.221  -16.089 0.0000000000
63045  23.189  -0.559  -16.081 0.0000000000
63042  25.680  -0.362  -16.323 0.0000000000
63041  25.989  -0.555  -16.173 0.0000000000
63040  26.023  -0.507  -16.119 0.0000000000
64026  26.178  -0.357  -16.168 0.0000000000
63029  19.953  -0.491  -15.968 0.0000000000
63028  20.027  -0.414  -15.994 0.0000000000
64009  22.936  -0.187  -15.953 0.0000000000
63027  23.081  -0.578  -15.944 0.0000000000
63012  20.003  -0.462  -15.890 0.0000000000
63011  20.210  -0.452  -15.411 0.0000000000
63998  20.791  -0.173  -15.227 0.0000000000
63997  20.944  -0.104  -15.252 0.0000000000
63996  21.009  -0.157  -15.310 0.0000000000
63995  21.480  -0.170  -15.260 0.0000000000
63994  21.988  -0.144  -15.137 0.0000000000
63993  22.053  -0.152  -15.196 0.0000000000
63992  22.506  -0.359  -15.298 0.0000000000
63010  22.899  -0.429  -15.624 0.0000000000
63009  23.034  -0.698  -15.603 0.0000000000
62994  22.349  -0.500  -14.995 0.0000000000
62993  22.830  -0.882  -15.193 0.0000000000
63088  19.148  -0.720  -18.043 0.0000000000
63083  19.136  -0.813  -17.987 0.0000000000
62025  19.113  -0.984  -17.998 0.0000000000
62024  19.186  -0.960  -17.817 0.0000000000
62020  19.258  -1.011  -17.438 0.0000000000
62016  19.470  -0.974  -17.013 0.0000000000
62008  19.439  -0.992  -16.884 0.0000000000
63064  19.521  -0.878  -16.840 0.0000000000
63060  23.981  -0.649  -16.875 0.0000000000
62006  23.992  -0.793  -16.803 0.0000000000
62015  23.967  -0.713  -16.939 0.0000000000
62014  24.196  -0.880  -16.952 0.0000000000
62013  25.026  -0.535  -16.993 0.0000000000
62004  24.904  -0.821  -16.662 0.0000000000
63059  24.984  -0.583  -16.819 0.0000000000
61999  19.572  -0.954  -16.396 0.0000000000
63048  19.433  -0.770  -16.205 0.0000000000
63044  23.522  -0.808  -16.223 0.0000000000
61996  23.632  -0.947  -16.275 0.0000000000
62007  23.972  -0.895  -16.673 0.0000000000
62003  25.038  -0.949  -16.541 0.0000000000
61994  25.022  -0.998  -16.372 0.0000000000
63043  25.139  -0.754  -16.490 0.0000000000
61998  19.726  -0.904  -16.077 0.0000000000
61984  19.787  -0.950  -15.990 0.0000000000
63026  23.089  -0.824  -15.984 0.0000000000
61982  23.152  -0.913  -16.006 0.0000000000
61997  23.286  -0.903  -16.024 0.0000000000
61993  25.406  -1.011  -16.198 0.0000000000
61992  25.850  -0.809  -16.059 0.0000000000
61969  19.947  -0.905  -15.742 0.0000000000
63013  19.939  -0.592  -15.854 0.0000000000
61967  23.030  -0.897  -15.793 0.0000000000
61983  23.045  -0.896  -15.976 0.0000000000
61968  19.929  -0.725  -15.663 0.0000000000
62992  23.007  -0.988  -15.406 0.0000000000
61946  22.987  -1.017  -15.381 0.0000000000
61012  19.355  -1.049  -17.103 0.0000000000
61013  19.142  -1.271  -17.373 0.0000000000
62021  19.000  -0.987  -17.613 0.0000000000
61008  19.495  -0.988  -17.021 0.0000000000
62005  24.136  -0.969  -16.784 0.0000000000
61003  19.562  -1.009  -16.799 0.0000000000
61002  23.961  -1.003  -16.613 0.0000000000
61001  24.005  -1.007  -16.721 0.0000000000
61000  24.413  -0.999  -16.637 0.0000000000
60999  24.830  -0.996  -16.580 0.0000000000
61995  24.981  -1.031  -16.444 0.0000000000
60995  19.535  -1.101  -16.238 0.0000000000
61985  19.697  -1.003  -16.001 0.0000000000
60994  23.392  -1.020  -16.153 0.0000000000
60993  23.719  -1.228  -16.334 0.0000000000
60990  25.003  -1.076  -16.447 0.0000000000
60989  25.041  -1.199  -16.344 0.0000000000
60982  23.136  -0.990  -15.947 0.0000000000
60981  23.368  -1.166  -15.999 0.0000000000
60971  23.021  -1.074  -15.682 0.0000000000
61009  19.210  -1.277  -17.100 0.0000000000
61004  19.345  -1.154  -17.006 0.0000000000
60012  19.231  -1.295  -16.982 0.0000000000
60007  19.384  -1.492  -16.593 0.0000000000
60992  23.988  -1.224  -16.503 0.0000000000
60991  24.604  -1.085  -16.687 0.0000000000
60980  23.605  -1.285  -16.151 0.0000000000
59995  23.709  -1.517  -16.062 0.0000000000
60006  23.876  -1.552  -16.176 0.0000000000
60005  24.021  -1.582  -16.196 0.0000000000
60004  24.262  -1.671  -16.298 0.0000000000
60003  24.894  -1.517  -16.267 0.0000000000
60002  24.978  -1.416  -16.244 0.0000000000
60970  23.095  -1.091  -15.978 0.0000000000
59982  23.197  -1.540  -15.926 0.0000000000
59996  23.412  -1.321  -16.002 0.0000000000
68010  19.104  1.001  -20.060 0.0000000000
68963  19.608  1.462  -20.009 0.0000000000
68016  19.261  1.168  -20.017 0.0000000000
69964  19.972  1.920  -20.022 0.0000000000
68966  19.869  1.807  -20.039 0.0000000000
68967  19.476  1.544  -20.162 0.0000000000
