#!ascii label  , from subject  vox2ras=TkReg
972
87946  17.987  9.017  -18.571 0.0000000000
87942  17.962  8.995  -18.281 0.0000000000
87945  18.017  8.994  -18.652 0.0000000000
88693  17.888  9.124  -18.441 0.0000000000
88692  18.099  9.081  -18.751 0.0000000000
88696  17.989  9.048  -18.975 0.0000000000
88697  17.895  9.229  -18.992 0.0000000000
88689  17.758  9.247  -18.084 0.0000000000
89442  17.480  9.739  -18.183 0.0000000000
89447  17.586  9.698  -18.939 0.0000000000
87950  18.043  8.973  -18.881 0.0000000000
88705  18.098  9.054  -18.967 0.0000000000
88706  17.869  9.310  -19.092 0.0000000000
89452  17.581  9.692  -18.971 0.0000000000
87964  18.057  9.056  -19.110 0.0000000000
87965  17.985  9.002  -19.115 0.0000000000
88720  17.812  9.075  -19.293 0.0000000000
89464  17.553  9.685  -19.100 0.0000000000
87978  17.992  8.990  -19.459 0.0000000000
88730  17.801  9.085  -19.865 0.0000000000
89481  17.717  9.487  -19.705 0.0000000000
87983  17.907  8.985  -19.868 0.0000000000
88735  17.741  9.088  -20.004 0.0000000000
88736  17.466  9.350  -20.114 0.0000000000
88731  17.457  9.647  -19.989 0.0000000000
89482  17.246  9.934  -19.790 0.0000000000
87987  17.908  8.960  -20.039 0.0000000000
87988  17.762  9.019  -20.126 0.0000000000
88740  17.393  9.186  -20.359 0.0000000000
89486  17.149  9.775  -20.005 0.0000000000
88741  17.173  9.390  -20.568 0.0000000000
88737  17.202  9.579  -20.180 0.0000000000
89487  17.057  9.848  -20.054 0.0000000000
87992  17.484  9.000  -20.471 0.0000000000
87993  17.032  9.055  -20.819 0.0000000000
88745  16.998  9.028  -20.873 0.0000000000
89491  16.981  9.634  -20.320 0.0000000000
88746  16.927  9.116  -20.828 0.0000000000
88742  17.011  9.170  -20.728 0.0000000000
89492  16.770  9.660  -20.494 0.0000000000
87996  16.999  8.941  -20.889 0.0000000000
87997  16.871  8.912  -20.929 0.0000000000
88751  16.790  9.006  -20.981 0.0000000000
89496  16.625  9.306  -20.990 0.0000000000
88752  16.643  9.109  -21.015 0.0000000000
88747  16.655  9.180  -21.056 0.0000000000
89497  16.390  9.556  -21.019 0.0000000000
88000  16.749  8.996  -21.017 0.0000000000
88001  16.401  8.981  -21.399 0.0000000000
88753  16.206  9.261  -21.230 0.0000000000
89501  16.261  9.662  -21.070 0.0000000000
88002  15.980  8.994  -21.339 0.0000000000
88758  15.989  9.335  -21.608 0.0000000000
89502  16.019  9.754  -21.136 0.0000000000
88007  15.971  9.048  -21.768 0.0000000000
88761  15.998  9.325  -21.880 0.0000000000
89506  15.994  9.740  -21.657 0.0000000000
88011  15.992  8.949  -22.010 0.0000000000
88765  15.996  9.147  -22.021 0.0000000000
89509  15.999  9.698  -21.959 0.0000000000
88015  16.006  9.027  -22.142 0.0000000000
88771  15.978  9.235  -22.401 0.0000000000
89513  16.008  9.637  -22.180 0.0000000000
88020  15.932  9.018  -22.378 0.0000000000
88019  16.117  8.989  -22.688 0.0000000000
88770  15.977  9.144  -22.693 0.0000000000
89518  16.013  9.630  -22.564 0.0000000000
89438  17.605  9.649  -17.988 0.0000000000
89443  17.366  9.967  -18.042 0.0000000000
89448  17.319  9.972  -18.501 0.0000000000
89439  17.404  9.931  -17.982 0.0000000000
90161  17.399  10.007  -18.011 0.0000000000
90164  17.412  9.995  -18.217 0.0000000000
89453  17.328  9.994  -18.994 0.0000000000
90167  17.399  10.007  -18.765 0.0000000000
89465  17.403  10.000  -19.155 0.0000000000
90170  17.445  10.017  -19.006 0.0000000000
90173  17.361  9.994  -19.534 0.0000000000
90190  17.119  10.021  -19.803 0.0000000000
89483  17.014  9.992  -19.924 0.0000000000
90191  17.006  9.994  -19.997 0.0000000000
90198  16.933  9.970  -20.062 0.0000000000
89488  16.959  9.989  -20.012 0.0000000000
90199  16.841  10.055  -20.005 0.0000000000
90203  16.596  9.995  -20.374 0.0000000000
89493  16.352  9.840  -20.788 0.0000000000
90204  16.210  9.988  -20.757 0.0000000000
90208  16.192  9.965  -20.992 0.0000000000
90213  16.117  10.021  -21.078 0.0000000000
90214  15.992  10.050  -21.114 0.0000000000
90218  15.919  10.031  -21.658 0.0000000000
90222  16.002  10.007  -21.988 0.0000000000
90225  15.980  9.997  -22.162 0.0000000000
90158  17.387  10.020  -17.718 0.0000000000
90875  17.364  10.245  -17.730 0.0000000000
90879  17.380  10.240  -18.025 0.0000000000
90883  17.461  10.086  -18.244 0.0000000000
90887  17.333  10.325  -18.971 0.0000000000
90891  17.267  10.342  -19.163 0.0000000000
90895  17.210  10.318  -19.419 0.0000000000
90174  17.278  10.110  -19.803 0.0000000000
90896  16.984  10.427  -19.550 0.0000000000
90912  16.987  10.165  -19.750 0.0000000000
90192  16.929  10.093  -19.962 0.0000000000
90913  16.772  10.311  -19.968 0.0000000000
90928  16.595  10.408  -20.029 0.0000000000
90200  16.582  10.000  -20.265 0.0000000000
90929  16.411  10.388  -20.283 0.0000000000
90932  16.015  10.318  -20.747 0.0000000000
90205  16.131  10.048  -20.924 0.0000000000
90209  16.026  10.014  -20.988 0.0000000000
90933  16.039  10.406  -20.925 0.0000000000
90937  15.992  10.358  -21.003 0.0000000000
90941  15.915  10.228  -21.151 0.0000000000
90945  16.023  10.448  -21.772 0.0000000000
90948  15.984  10.186  -22.019 0.0000000000
90228  15.991  10.013  -22.623 0.0000000000
90950  15.988  10.134  -22.220 0.0000000000
90862  17.407  10.001  -17.210 0.0000000000
90863  17.162  10.428  -17.259 0.0000000000
90876  17.032  10.563  -17.766 0.0000000000
91578  17.036  10.909  -17.391 0.0000000000
91596  17.052  10.988  -17.833 0.0000000000
90880  17.061  10.798  -18.011 0.0000000000
91608  17.243  10.600  -18.018 0.0000000000
91609  17.047  11.016  -18.133 0.0000000000
91613  17.172  10.715  -18.552 0.0000000000
91618  17.117  10.677  -18.936 0.0000000000
90888  17.042  10.645  -19.003 0.0000000000
90892  17.242  10.796  -19.080 0.0000000000
91619  17.062  10.849  -18.903 0.0000000000
91622  17.016  10.877  -19.006 0.0000000000
91627  16.917  10.782  -19.156 0.0000000000
90897  16.597  10.236  -19.602 0.0000000000
91628  16.750  10.778  -19.872 0.0000000000
91634  16.457  10.825  -19.982 0.0000000000
91650  16.446  10.817  -20.007 0.0000000000
91651  16.030  10.931  -20.310 0.0000000000
91664  16.034  10.681  -20.702 0.0000000000
91665  15.988  10.736  -20.870 0.0000000000
91669  15.993  10.712  -21.017 0.0000000000
91672  15.990  10.957  -21.544 0.0000000000
91675  15.925  10.991  -21.898 0.0000000000
91678  15.882  10.775  -22.018 0.0000000000
91682  15.797  10.611  -22.021 0.0000000000
90955  15.934  10.147  -22.873 0.0000000000
90951  15.585  10.298  -22.842 0.0000000000
91683  15.538  10.739  -22.273 0.0000000000
90956  15.870  10.587  -23.016 0.0000000000
91687  15.643  10.923  -23.000 0.0000000000
91566  17.037  10.880  -17.091 0.0000000000
92311  17.071  11.036  -17.205 0.0000000000
92314  16.919  11.002  -17.488 0.0000000000
92325  16.997  11.007  -17.919 0.0000000000
92342  17.041  11.116  -18.091 0.0000000000
91614  17.017  10.933  -18.664 0.0000000000
92351  17.008  11.037  -18.443 0.0000000000
92355  17.075  11.012  -18.996 0.0000000000
92359  16.960  10.943  -18.993 0.0000000000
91623  16.728  10.977  -19.328 0.0000000000
92360  16.841  10.966  -19.106 0.0000000000
92363  16.654  10.997  -19.525 0.0000000000
92367  16.504  10.984  -19.835 0.0000000000
91635  16.275  10.995  -20.079 0.0000000000
92368  16.293  11.112  -19.915 0.0000000000
92377  16.131  11.021  -20.132 0.0000000000
91652  16.005  10.902  -20.576 0.0000000000
92378  15.996  11.092  -20.246 0.0000000000
92394  15.947  10.969  -20.698 0.0000000000
92404  15.968  11.014  -21.005 0.0000000000
92409  16.016  10.997  -21.144 0.0000000000
92413  15.983  11.024  -21.706 0.0000000000
92417  15.918  11.058  -21.991 0.0000000000
91679  15.643  10.975  -22.003 0.0000000000
92418  15.717  11.017  -22.003 0.0000000000
92422  15.366  11.035  -22.104 0.0000000000
92427  15.359  10.989  -22.595 0.0000000000
91690  15.890  10.886  -23.014 0.0000000000
92431  15.714  11.013  -22.946 0.0000000000
92308  17.071  11.013  -16.951 0.0000000000
93057  16.997  11.138  -16.999 0.0000000000
93062  16.963  11.001  -17.058 0.0000000000
92315  16.805  11.017  -17.825 0.0000000000
93063  16.685  11.321  -17.341 0.0000000000
92326  16.919  11.137  -18.000 0.0000000000
93067  16.685  11.368  -17.958 0.0000000000
93066  16.898  11.357  -17.986 0.0000000000
93079  17.047  11.259  -18.045 0.0000000000
93094  17.032  11.168  -18.214 0.0000000000
92352  16.901  11.006  -18.861 0.0000000000
93095  16.866  11.330  -18.413 0.0000000000
92356  16.852  11.065  -19.000 0.0000000000
93098  16.713  11.519  -18.890 0.0000000000
93101  16.724  11.422  -18.987 0.0000000000
93105  16.773  11.082  -19.113 0.0000000000
92364  16.650  11.040  -19.657 0.0000000000
93106  16.511  11.447  -19.202 0.0000000000
93110  16.151  11.392  -19.887 0.0000000000
92369  16.021  11.088  -20.019 0.0000000000
93111  16.003  11.348  -19.966 0.0000000000
93116  15.914  11.318  -20.045 0.0000000000
92395  15.916  11.031  -20.534 0.0000000000
92379  15.936  11.040  -20.084 0.0000000000
93117  15.774  11.460  -19.991 0.0000000000
93130  15.791  11.088  -20.480 0.0000000000
92405  15.912  11.028  -20.914 0.0000000000
93146  15.612  11.189  -21.031 0.0000000000
93145  15.797  11.290  -21.001 0.0000000000
93151  15.881  11.421  -21.021 0.0000000000
93155  15.987  11.195  -21.350 0.0000000000
93158  16.013  11.230  -22.004 0.0000000000
93159  15.828  11.367  -22.013 0.0000000000
93162  15.550  11.422  -21.999 0.0000000000
92428  15.083  11.110  -22.572 0.0000000000
92423  15.070  11.285  -22.385 0.0000000000
93163  15.201  11.560  -22.005 0.0000000000
93166  14.987  11.511  -22.566 0.0000000000
92432  15.262  11.020  -22.768 0.0000000000
93169  15.092  11.372  -22.936 0.0000000000
93053  17.054  11.263  -16.941 0.0000000000
93058  16.803  11.491  -16.995 0.0000000000
93054  16.815  11.640  -16.972 0.0000000000
93840  16.681  11.959  -17.008 0.0000000000
93844  16.700  11.926  -17.104 0.0000000000
93847  16.610  12.001  -17.588 0.0000000000
93080  16.826  11.503  -18.000 0.0000000000
93852  16.701  11.983  -17.974 0.0000000000
93867  16.692  11.803  -18.420 0.0000000000
93879  16.586  11.888  -18.872 0.0000000000
93883  16.609  11.879  -18.921 0.0000000000
93102  16.708  11.611  -18.989 0.0000000000
93884  16.601  12.012  -19.056 0.0000000000
93887  16.152  11.949  -19.569 0.0000000000
93891  16.031  11.724  -19.838 0.0000000000
93892  15.980  11.956  -19.990 0.0000000000
93112  15.839  11.618  -19.853 0.0000000000
93893  15.661  11.835  -19.914 0.0000000000
93897  15.448  11.793  -20.020 0.0000000000
93131  15.347  11.776  -20.054 0.0000000000
93118  15.291  11.728  -19.940 0.0000000000
93898  15.250  12.012  -20.013 0.0000000000
93147  15.208  11.637  -20.581 0.0000000000
93903  15.131  11.957  -20.497 0.0000000000
93152  15.765  11.565  -20.979 0.0000000000
93919  15.446  11.999  -21.099 0.0000000000
93918  15.628  11.872  -21.011 0.0000000000
93933  15.793  11.930  -20.991 0.0000000000
93932  16.005  11.721  -21.013 0.0000000000
93936  16.001  11.697  -21.557 0.0000000000
93940  15.928  11.748  -22.014 0.0000000000
93941  15.671  11.947  -21.988 0.0000000000
93945  15.439  11.968  -21.983 0.0000000000
93946  15.050  11.982  -22.221 0.0000000000
93950  15.018  11.951  -22.699 0.0000000000
93837  16.672  12.016  -16.624 0.0000000000
94610  16.757  12.022  -16.997 0.0000000000
94612  16.710  12.013  -17.056 0.0000000000
94615  16.718  11.984  -17.496 0.0000000000
94618  16.708  12.070  -17.975 0.0000000000
94621  16.727  12.007  -18.162 0.0000000000
94627  16.709  12.006  -18.673 0.0000000000
94640  16.594  12.081  -18.982 0.0000000000
94651  16.476  11.990  -19.008 0.0000000000
94652  16.257  12.115  -19.282 0.0000000000
94657  16.070  12.017  -19.530 0.0000000000
93888  16.010  11.921  -19.649 0.0000000000
94658  16.040  12.027  -19.635 0.0000000000
94663  15.894  12.006  -19.822 0.0000000000
94664  15.480  11.996  -19.945 0.0000000000
93894  15.395  11.948  -19.972 0.0000000000
94665  15.322  12.010  -19.969 0.0000000000
94670  15.060  11.989  -19.892 0.0000000000
93899  15.061  12.014  -20.127 0.0000000000
93904  14.968  12.009  -20.474 0.0000000000
94671  14.996  12.191  -20.086 0.0000000000
94676  15.254  12.030  -20.920 0.0000000000
94677  14.995  12.309  -20.613 0.0000000000
94682  15.632  12.014  -20.989 0.0000000000
94683  15.506  12.048  -20.971 0.0000000000
94697  15.691  11.986  -21.297 0.0000000000
93937  15.750  11.971  -21.773 0.0000000000
94701  15.666  12.007  -21.835 0.0000000000
94704  15.665  12.027  -22.006 0.0000000000
94708  15.388  12.016  -21.993 0.0000000000
94709  15.172  12.042  -22.142 0.0000000000
93954  15.385  11.917  -23.015 0.0000000000
94713  14.984  11.997  -22.441 0.0000000000
93951  14.990  12.016  -23.002 0.0000000000
94714  14.929  12.227  -22.726 0.0000000000
93955  15.202  11.995  -23.117 0.0000000000
94717  15.005  12.236  -23.046 0.0000000000
94716  15.355  12.262  -23.024 0.0000000000
94608  16.699  12.094  -16.424 0.0000000000
95387  16.720  12.319  -16.917 0.0000000000
95389  16.706  12.414  -16.981 0.0000000000
95391  16.704  12.357  -17.411 0.0000000000
95394  16.729  12.293  -17.933 0.0000000000
95397  16.714  12.312  -18.008 0.0000000000
95401  16.712  12.161  -18.414 0.0000000000
95409  16.593  12.085  -18.782 0.0000000000
94641  16.463  12.129  -19.048 0.0000000000
95410  16.370  12.406  -18.974 0.0000000000
95422  16.240  12.506  -18.986 0.0000000000
94653  16.010  12.018  -19.216 0.0000000000
95423  16.065  12.474  -19.249 0.0000000000
95431  15.985  12.288  -19.398 0.0000000000
94659  15.872  12.012  -19.740 0.0000000000
95432  15.393  12.393  -19.318 0.0000000000
95439  15.631  12.397  -19.976 0.0000000000
95440  15.202  12.465  -19.983 0.0000000000
95446  15.149  12.337  -19.988 0.0000000000
95447  15.022  12.552  -19.994 0.0000000000
95452  14.945  12.578  -20.353 0.0000000000
95451  15.015  12.891  -20.805 0.0000000000
95457  15.342  12.495  -20.993 0.0000000000
95456  15.586  12.495  -20.981 0.0000000000
95470  15.807  12.415  -20.941 0.0000000000
95481  15.987  12.481  -21.526 0.0000000000
95485  15.770  12.516  -22.044 0.0000000000
95489  15.587  12.434  -21.986 0.0000000000
95490  15.254  12.592  -22.010 0.0000000000
94710  15.017  12.267  -22.429 0.0000000000
95491  15.019  12.544  -22.254 0.0000000000
95494  14.934  12.589  -22.559 0.0000000000
95497  14.953  12.622  -22.888 0.0000000000
95496  15.208  12.676  -23.093 0.0000000000
95384  16.577  12.508  -16.271 0.0000000000
96191  16.676  12.973  -16.759 0.0000000000
96195  16.588  12.813  -17.016 0.0000000000
96199  16.526  12.896  -17.098 0.0000000000
96203  16.631  12.883  -17.778 0.0000000000
96207  16.720  12.811  -17.963 0.0000000000
96211  16.703  12.718  -18.045 0.0000000000
95402  16.369  12.523  -18.964 0.0000000000
96212  16.438  12.903  -18.540 0.0000000000
96217  16.122  12.951  -18.992 0.0000000000
96226  16.158  12.784  -19.030 0.0000000000
96227  16.061  12.985  -19.084 0.0000000000
96237  16.001  12.792  -19.113 0.0000000000
96238  15.937  12.838  -19.163 0.0000000000
95433  15.220  12.919  -19.727 0.0000000000
96239  15.486  12.988  -19.344 0.0000000000
96245  15.198  12.971  -19.814 0.0000000000
95441  15.059  12.829  -19.915 0.0000000000
96246  15.110  12.929  -19.952 0.0000000000
96250  14.993  12.937  -19.972 0.0000000000
96254  14.955  12.937  -20.303 0.0000000000
96253  15.107  13.006  -20.745 0.0000000000
96259  15.401  12.980  -21.015 0.0000000000
96258  15.618  12.904  -21.017 0.0000000000
96264  15.736  13.025  -21.093 0.0000000000
96274  15.844  13.030  -21.849 0.0000000000
96283  15.670  12.968  -22.033 0.0000000000
96289  15.404  12.989  -22.072 0.0000000000
96290  15.257  12.961  -22.006 0.0000000000
96291  14.990  12.941  -22.363 0.0000000000
96295  14.932  13.023  -22.717 0.0000000000
96298  15.050  12.979  -22.996 0.0000000000
96188  16.416  12.945  -16.307 0.0000000000
96192  16.379  12.982  -16.605 0.0000000000
96196  16.374  12.984  -16.999 0.0000000000
96189  16.342  12.996  -16.074 0.0000000000
96986  16.389  13.137  -16.319 0.0000000000
96989  16.379  13.093  -16.871 0.0000000000
96200  16.421  13.004  -17.017 0.0000000000
96992  16.355  13.098  -16.984 0.0000000000
96204  16.472  12.990  -17.435 0.0000000000
96994  16.354  13.146  -17.297 0.0000000000
96997  16.521  13.088  -17.872 0.0000000000
96996  16.688  12.988  -17.985 0.0000000000
97000  16.512  13.016  -17.986 0.0000000000
97004  16.530  13.029  -18.093 0.0000000000
97005  16.422  13.094  -18.471 0.0000000000
97010  16.079  12.980  -18.916 0.0000000000
96218  16.023  13.074  -18.941 0.0000000000
97011  15.983  13.040  -18.961 0.0000000000
97018  15.980  12.874  -19.040 0.0000000000
96228  15.935  12.995  -19.073 0.0000000000
97019  15.694  13.191  -19.011 0.0000000000
96229  15.695  12.986  -19.057 0.0000000000
97020  15.482  13.006  -19.116 0.0000000000
97029  15.226  13.007  -19.695 0.0000000000
97039  15.102  13.004  -19.917 0.0000000000
97040  14.996  13.018  -20.003 0.0000000000
97046  14.976  13.020  -20.067 0.0000000000
97052  14.967  13.117  -20.427 0.0000000000
97051  15.374  13.062  -21.000 0.0000000000
97058  15.534  13.066  -20.992 0.0000000000
97057  15.646  13.063  -21.017 0.0000000000
97063  15.704  13.003  -21.491 0.0000000000
97068  15.671  13.029  -21.969 0.0000000000
97076  15.546  13.023  -21.991 0.0000000000
97086  15.267  13.043  -22.005 0.0000000000
97087  15.055  12.982  -22.115 0.0000000000
97088  14.954  13.134  -22.479 0.0000000000
97095  14.947  13.193  -22.792 0.0000000000
96297  15.454  12.985  -23.073 0.0000000000
97098  15.006  13.191  -23.018 0.0000000000
97097  15.381  13.193  -23.024 0.0000000000
97798  16.427  13.634  -16.600 0.0000000000
97801  16.340  13.652  -16.995 0.0000000000
97803  16.270  13.627  -17.026 0.0000000000
97805  16.354  13.548  -17.574 0.0000000000
97808  16.399  13.535  -18.022 0.0000000000
97001  16.683  13.162  -18.012 0.0000000000
97812  16.536  13.537  -18.061 0.0000000000
97815  16.384  13.773  -18.236 0.0000000000
97006  16.122  13.069  -18.776 0.0000000000
97816  16.031  13.430  -18.667 0.0000000000
97819  15.977  13.445  -18.759 0.0000000000
97012  15.854  13.133  -18.982 0.0000000000
97820  15.638  13.511  -18.993 0.0000000000
97824  15.541  13.412  -18.978 0.0000000000
97825  15.308  13.477  -18.960 0.0000000000
97830  15.020  13.557  -19.249 0.0000000000
97030  14.974  13.154  -19.939 0.0000000000
97831  14.937  13.554  -19.774 0.0000000000
97840  14.945  13.521  -19.988 0.0000000000
97849  15.102  13.400  -20.094 0.0000000000
97857  15.033  13.373  -20.158 0.0000000000
97856  14.991  13.561  -20.783 0.0000000000
97863  15.419  13.571  -21.014 0.0000000000
97862  15.569  13.676  -20.987 0.0000000000
97868  15.802  13.647  -21.045 0.0000000000
97872  15.773  13.620  -21.973 0.0000000000
97876  15.603  13.497  -22.005 0.0000000000
97077  15.259  13.117  -21.931 0.0000000000
97877  15.385  13.523  -22.014 0.0000000000
97884  15.078  13.396  -21.965 0.0000000000
97885  15.019  13.427  -22.317 0.0000000000
97894  14.935  13.493  -22.639 0.0000000000
97897  15.000  13.530  -22.945 0.0000000000
97096  15.839  13.043  -22.996 0.0000000000
97895  15.618  13.520  -23.003 0.0000000000
97896  15.267  13.555  -23.026 0.0000000000
98646  16.371  13.961  -16.808 0.0000000000
98648  16.326  13.989  -17.005 0.0000000000
98650  16.173  14.012  -17.314 0.0000000000
98653  16.217  13.971  -17.938 0.0000000000
98657  16.170  13.985  -18.086 0.0000000000
98660  16.128  13.972  -18.148 0.0000000000
98661  16.021  14.042  -18.277 0.0000000000
98665  16.012  13.938  -18.752 0.0000000000
98666  15.912  13.973  -18.673 0.0000000000
97821  15.394  13.798  -19.012 0.0000000000
98667  15.387  13.992  -18.985 0.0000000000
98670  15.234  13.963  -19.001 0.0000000000
98674  15.245  13.896  -19.163 0.0000000000
98675  14.949  13.983  -19.461 0.0000000000
98681  15.012  13.921  -19.900 0.0000000000
98689  15.088  13.815  -19.909 0.0000000000
97848  15.032  13.769  -20.007 0.0000000000
98698  15.258  13.962  -20.292 0.0000000000
98707  15.358  13.972  -21.014 0.0000000000
98706  15.413  13.920  -20.986 0.0000000000
98716  15.505  13.978  -21.021 0.0000000000
98725  15.263  14.007  -21.492 0.0000000000
98734  15.582  14.001  -21.997 0.0000000000
98735  15.414  13.991  -21.985 0.0000000000
98742  15.142  13.904  -22.042 0.0000000000
98743  14.985  13.831  -22.465 0.0000000000
98753  14.995  13.878  -22.839 0.0000000000
98758  15.396  13.970  -22.987 0.0000000000
98759  15.044  13.967  -23.004 0.0000000000
99537  16.379  14.086  -17.007 0.0000000000
99540  16.403  14.218  -17.118 0.0000000000
99542  16.421  13.987  -17.363 0.0000000000
99545  16.053  14.143  -17.987 0.0000000000
98658  16.079  14.036  -18.033 0.0000000000
98654  15.998  13.993  -17.979 0.0000000000
99546  15.998  14.281  -17.987 0.0000000000
99549  15.925  14.244  -18.036 0.0000000000
99552  15.992  13.989  -18.171 0.0000000000
98662  15.958  13.923  -18.370 0.0000000000
99553  15.729  14.004  -18.466 0.0000000000
99557  15.485  13.992  -18.845 0.0000000000
99558  15.343  14.214  -19.061 0.0000000000
99560  15.250  14.165  -19.011 0.0000000000
98671  15.163  14.075  -19.139 0.0000000000
99561  15.132  14.028  -19.316 0.0000000000
99564  15.008  13.977  -19.885 0.0000000000
99568  15.108  14.011  -20.029 0.0000000000
98680  15.097  13.987  -20.017 0.0000000000
98688  15.205  14.016  -19.993 0.0000000000
99571  15.293  14.060  -20.062 0.0000000000
99575  15.137  14.217  -20.953 0.0000000000
98717  15.384  14.017  -21.091 0.0000000000
99579  15.284  14.151  -20.956 0.0000000000
98726  15.440  14.001  -21.143 0.0000000000
99583  15.337  14.189  -21.008 0.0000000000
99587  15.219  14.054  -21.292 0.0000000000
99586  15.629  14.203  -21.900 0.0000000000
99593  15.522  14.172  -21.988 0.0000000000
99594  15.352  14.013  -22.035 0.0000000000
99601  15.173  14.016  -22.173 0.0000000000
98752  15.007  13.983  -22.585 0.0000000000
99606  15.104  14.016  -22.678 0.0000000000
100468  16.426  14.657  -17.058 0.0000000000
100470  16.363  14.614  -17.164 0.0000000000
100473  16.207  14.636  -17.759 0.0000000000
100474  16.045  14.651  -17.999 0.0000000000
100477  15.972  14.666  -17.992 0.0000000000
99550  15.845  14.357  -18.167 0.0000000000
100478  15.934  14.791  -17.994 0.0000000000
100480  15.641  14.810  -18.320 0.0000000000
99554  15.318  14.122  -18.934 0.0000000000
100481  15.543  14.715  -18.739 0.0000000000
100485  15.316  14.753  -18.970 0.0000000000
100487  15.339  14.714  -19.052 0.0000000000
99563  15.019  14.156  -19.743 0.0000000000
100490  15.202  14.674  -19.391 0.0000000000
99567  15.208  14.121  -19.984 0.0000000000
100493  15.270  14.658  -19.952 0.0000000000
100495  15.286  14.660  -20.013 0.0000000000
100497  15.186  14.772  -20.568 0.0000000000
100500  15.191  14.723  -21.017 0.0000000000
100503  15.297  14.747  -21.000 0.0000000000
100507  15.205  14.727  -21.213 0.0000000000
100506  15.667  14.962  -21.876 0.0000000000
100509  15.558  14.605  -21.925 0.0000000000
99600  15.335  14.166  -22.002 0.0000000000
100512  15.549  14.626  -22.018 0.0000000000
100513  15.144  14.279  -21.997 0.0000000000
100518  15.144  14.439  -22.183 0.0000000000
101378  16.456  14.955  -17.070 0.0000000000
101380  16.304  14.913  -17.498 0.0000000000
101383  16.109  14.999  -17.913 0.0000000000
101384  16.018  14.937  -17.978 0.0000000000
101387  15.974  14.947  -18.004 0.0000000000
101388  15.831  14.978  -18.261 0.0000000000
101392  15.607  14.998  -18.792 0.0000000000
100484  15.451  15.008  -18.846 0.0000000000
101395  15.515  14.991  -19.005 0.0000000000
101396  15.482  14.807  -19.012 0.0000000000
101399  15.387  14.992  -19.131 0.0000000000
101402  15.302  14.983  -19.629 0.0000000000
101405  15.298  15.001  -19.992 0.0000000000
101407  15.288  15.017  -20.182 0.0000000000
101409  15.183  15.002  -20.756 0.0000000000
101412  15.300  14.985  -20.995 0.0000000000
101414  15.295  14.957  -21.146 0.0000000000
101418  15.453  14.992  -21.681 0.0000000000
102324  16.253  15.146  -16.980 0.0000000000
102327  16.113  15.175  -17.862 0.0000000000
102328  16.001  15.118  -17.998 0.0000000000
102330  16.014  15.105  -18.029 0.0000000000
101391  15.896  15.011  -18.272 0.0000000000
102333  16.014  15.033  -18.595 0.0000000000
102334  15.709  15.146  -18.433 0.0000000000
102338  15.636  15.262  -18.767 0.0000000000
101398  15.475  15.079  -19.148 0.0000000000
102341  15.556  15.018  -18.923 0.0000000000
102342  15.486  15.039  -19.209 0.0000000000
102345  15.478  15.100  -19.411 0.0000000000
102349  15.288  15.117  -20.006 0.0000000000
102352  15.386  15.222  -20.012 0.0000000000
102355  15.305  15.005  -20.444 0.0000000000
102358  15.295  15.066  -20.933 0.0000000000
102360  15.181  15.048  -21.008 0.0000000000
102364  15.269  15.014  -21.412 0.0000000000
103228  16.128  15.805  -17.621 0.0000000000
103231  16.176  15.634  -17.890 0.0000000000
103232  16.072  15.419  -17.991 0.0000000000
95385  16.400  12.742  -16.011 0.0000000000
95382  16.406  12.753  -15.972 0.0000000000
95381  16.595  12.275  -15.984 0.0000000000
94604  16.611  12.066  -15.987 0.0000000000
93834  16.705  11.975  -16.098 0.0000000000
93051  16.724  11.725  -16.275 0.0000000000
93831  16.664  11.889  -15.974 0.0000000000
93048  16.768  11.474  -15.992 0.0000000000
93050  16.931  11.229  -16.568 0.0000000000
92306  17.056  11.027  -16.670 0.0000000000
93047  16.950  11.203  -16.000 0.0000000000
92302  17.024  10.995  -16.146 0.0000000000
92303  16.910  11.019  -15.979 0.0000000000
91562  17.014  10.958  -16.917 0.0000000000
91559  17.041  10.797  -16.364 0.0000000000
92299  16.781  11.009  -15.985 0.0000000000
91556  16.906  10.874  -16.003 0.0000000000
91555  17.014  10.795  -16.002 0.0000000000
90843  17.069  10.587  -17.015 0.0000000000
90839  17.106  10.462  -16.647 0.0000000000
90836  17.052  10.248  -16.163 0.0000000000
91553  16.802  10.723  -15.694 0.0000000000
91552  16.987  10.633  -15.977 0.0000000000
90833  16.997  10.174  -16.010 0.0000000000
90830  17.030  10.305  -15.648 0.0000000000
90842  17.392  10.086  -17.006 0.0000000000
90155  17.387  9.926  -17.145 0.0000000000
90838  17.387  10.242  -16.856 0.0000000000
90135  17.396  10.022  -16.979 0.0000000000
90835  17.328  10.160  -16.465 0.0000000000
90128  17.398  9.988  -16.717 0.0000000000
90125  17.134  10.084  -16.012 0.0000000000
90124  17.254  10.018  -16.047 0.0000000000
90122  17.050  10.025  -15.869 0.0000000000
90826  17.005  10.168  -15.046 0.0000000000
90119  17.068  10.039  -15.417 0.0000000000
90831  16.782  10.460  -15.331 0.0000000000
89435  17.386  9.989  -17.602 0.0000000000
89411  17.407  9.689  -16.998 0.0000000000
89431  17.454  9.527  -17.195 0.0000000000
89398  17.418  9.726  -16.881 0.0000000000
89394  17.381  9.864  -16.110 0.0000000000
90121  17.137  10.011  -15.989 0.0000000000
89390  17.207  9.880  -16.007 0.0000000000
89387  17.057  9.869  -15.756 0.0000000000
89391  17.094  9.939  -15.966 0.0000000000
90116  17.052  10.017  -15.011 0.0000000000
89383  17.086  9.772  -15.006 0.0000000000
89434  17.675  9.569  -17.999 0.0000000000
88686  17.755  9.156  -17.971 0.0000000000
89430  17.583  9.480  -17.444 0.0000000000
88682  17.826  9.198  -17.452 0.0000000000
88669  17.568  9.323  -17.013 0.0000000000
88683  17.671  9.240  -17.026 0.0000000000
88654  17.651  9.297  -16.908 0.0000000000
88646  17.598  9.284  -16.415 0.0000000000
88643  17.474  9.310  -15.999 0.0000000000
89386  17.209  9.792  -15.988 0.0000000000
88639  17.374  9.312  -15.856 0.0000000000
88637  17.160  9.653  -15.073 0.0000000000
88640  17.334  9.303  -15.719 0.0000000000
89382  17.305  9.423  -15.008 0.0000000000
88636  17.414  9.219  -15.099 0.0000000000
89380  17.057  9.930  -14.913 0.0000000000
89379  17.316  9.470  -14.958 0.0000000000
88634  17.432  9.075  -14.962 0.0000000000
89373  17.397  9.577  -14.560 0.0000000000
88628  17.476  9.020  -14.784 0.0000000000
87938  17.875  8.992  -18.041 0.0000000000
87933  17.786  8.983  -17.720 0.0000000000
88668  17.778  9.016  -17.124 0.0000000000
87921  17.752  8.964  -17.297 0.0000000000
88653  17.786  8.985  -17.003 0.0000000000
87907  17.722  8.974  -17.023 0.0000000000
88645  17.748  9.001  -16.558 0.0000000000
87895  17.793  8.850  -16.729 0.0000000000
88642  17.679  8.997  -16.034 0.0000000000
87891  17.722  8.872  -16.156 0.0000000000
87888  17.479  9.003  -15.915 0.0000000000
87892  17.568  9.001  -16.016 0.0000000000
87885  17.400  8.992  -15.291 0.0000000000
87882  17.461  9.022  -15.067 0.0000000000
87876  17.522  9.054  -14.868 0.0000000000
88618  17.409  9.057  -14.167 0.0000000000
87865  17.586  8.986  -14.334 0.0000000000
87209  16.040  8.637  -22.164 0.0000000000
87215  15.970  8.668  -22.615 0.0000000000
87205  15.986  8.575  -22.090 0.0000000000
87206  15.980  8.573  -21.969 0.0000000000
88012  15.887  9.009  -21.986 0.0000000000
88008  15.700  8.997  -21.558 0.0000000000
87197  16.106  8.621  -21.203 0.0000000000
87198  15.833  8.514  -21.288 0.0000000000
88003  15.956  9.004  -21.119 0.0000000000
87196  16.693  8.678  -21.181 0.0000000000
87192  16.808  8.776  -20.983 0.0000000000
87191  17.002  8.675  -20.994 0.0000000000
87995  17.056  8.974  -20.886 0.0000000000
87190  17.064  8.623  -20.996 0.0000000000
87186  17.273  8.799  -20.882 0.0000000000
87991  17.865  8.917  -20.206 0.0000000000
87185  17.879  8.762  -20.748 0.0000000000
87181  17.995  8.850  -20.199 0.0000000000
87986  17.997  8.787  -20.002 0.0000000000
87180  18.007  8.682  -20.192 0.0000000000
87982  18.014  9.000  -19.988 0.0000000000
87177  18.029  8.758  -20.017 0.0000000000
87977  18.003  8.995  -19.590 0.0000000000
87172  18.077  8.865  -19.948 0.0000000000
87167  18.133  8.937  -19.273 0.0000000000
87153  18.097  8.966  -18.983 0.0000000000
87941  17.984  8.929  -18.191 0.0000000000
87147  18.060  8.999  -18.416 0.0000000000
87937  18.018  9.017  -18.001 0.0000000000
87143  18.127  8.770  -18.004 0.0000000000
87139  17.959  8.907  -17.937 0.0000000000
87138  18.010  8.788  -17.870 0.0000000000
87135  17.775  8.737  -17.580 0.0000000000
87124  17.847  8.692  -17.148 0.0000000000
87111  17.937  8.513  -16.782 0.0000000000
87097  17.761  8.495  -16.366 0.0000000000
87089  17.501  8.880  -15.990 0.0000000000
87088  17.732  8.611  -16.004 0.0000000000
87086  17.238  8.808  -15.669 0.0000000000
87083  17.322  8.954  -15.026 0.0000000000
87881  17.556  8.984  -14.996 0.0000000000
87079  17.418  8.981  -14.987 0.0000000000
87875  17.680  8.975  -14.893 0.0000000000
87078  17.660  8.642  -15.002 0.0000000000
87864  17.754  8.890  -14.439 0.0000000000
87072  17.892  8.474  -14.728 0.0000000000
87856  17.417  8.990  -13.980 0.0000000000
87061  17.449  8.849  -14.017 0.0000000000
87060  17.562  8.633  -14.098 0.0000000000
86352  16.031  8.213  -22.075 0.0000000000
86357  15.981  8.386  -22.413 0.0000000000
87203  15.602  8.693  -21.867 0.0000000000
86349  15.736  8.001  -22.038 0.0000000000
86348  15.928  8.106  -21.996 0.0000000000
87199  15.652  8.567  -21.271 0.0000000000
86345  15.724  8.084  -21.619 0.0000000000
86341  15.905  8.083  -21.247 0.0000000000
86340  16.009  8.117  -21.224 0.0000000000
86339  16.354  8.171  -21.399 0.0000000000
87195  16.936  8.558  -21.067 0.0000000000
86338  16.851  8.264  -21.239 0.0000000000
86337  17.096  8.312  -21.172 0.0000000000
86333  17.040  8.362  -20.966 0.0000000000
87189  17.348  8.413  -20.953 0.0000000000
86332  17.345  8.251  -21.027 0.0000000000
86331  17.869  8.069  -20.919 0.0000000000
87184  18.016  8.415  -20.562 0.0000000000
86327  17.998  8.120  -20.915 0.0000000000
86326  18.058  8.140  -20.629 0.0000000000
86322  18.155  8.369  -20.129 0.0000000000
87176  18.210  8.514  -19.985 0.0000000000
86317  18.244  8.366  -20.009 0.0000000000
87171  18.369  8.553  -19.633 0.0000000000
86316  18.477  8.229  -20.010 0.0000000000
87166  18.348  8.512  -19.024 0.0000000000
86312  18.481  8.077  -19.324 0.0000000000
87152  18.322  8.672  -19.001 0.0000000000
86308  18.490  8.164  -19.016 0.0000000000
87146  18.517  8.557  -18.401 0.0000000000
86296  18.551  8.042  -18.810 0.0000000000
87142  18.302  8.504  -17.979 0.0000000000
86284  18.561  8.098  -18.224 0.0000000000
86280  18.146  8.399  -17.964 0.0000000000
86279  18.418  8.165  -17.995 0.0000000000
87134  18.011  8.555  -17.347 0.0000000000
86276  18.005  8.069  -17.716 0.0000000000
87123  18.074  8.502  -16.976 0.0000000000
86271  18.110  8.146  -17.070 0.0000000000
87110  18.048  8.516  -16.840 0.0000000000
86251  18.081  8.287  -16.801 0.0000000000
86263  18.108  8.260  -16.974 0.0000000000
86240  17.980  8.088  -16.439 0.0000000000
86252  18.025  8.273  -16.659 0.0000000000
86229  17.778  8.067  -16.073 0.0000000000
87085  17.706  8.379  -15.864 0.0000000000
86226  17.767  8.034  -15.946 0.0000000000
87082  17.635  8.460  -15.129 0.0000000000
86223  17.771  7.988  -15.499 0.0000000000
86220  17.757  8.099  -15.026 0.0000000000
86217  17.756  8.027  -14.896 0.0000000000
86206  17.598  8.043  -14.249 0.0000000000
87053  17.389  8.758  -13.988 0.0000000000
87052  17.553  8.637  -13.982 0.0000000000
86199  17.622  8.193  -13.987 0.0000000000
86200  17.402  8.053  -13.979 0.0000000000
85472  15.878  7.998  -22.186 0.0000000000
85476  16.004  7.989  -22.201 0.0000000000
86351  16.053  8.040  -22.243 0.0000000000
85469  15.753  7.968  -21.921 0.0000000000
85473  16.004  8.008  -21.999 0.0000000000
85465  15.729  7.994  -21.358 0.0000000000
85464  15.967  8.002  -21.127 0.0000000000
85463  16.036  8.001  -21.288 0.0000000000
85462  16.502  8.013  -21.270 0.0000000000
85461  17.018  7.993  -21.265 0.0000000000
86336  17.283  8.167  -21.185 0.0000000000
85460  17.073  8.000  -21.307 0.0000000000
85456  17.394  8.069  -21.107 0.0000000000
85455  17.722  7.995  -20.994 0.0000000000
86330  18.022  7.984  -20.800 0.0000000000
85454  17.926  7.949  -20.976 0.0000000000
85450  18.050  7.989  -20.809 0.0000000000
86325  18.449  7.987  -20.697 0.0000000000
85449  18.244  7.974  -20.823 0.0000000000
86321  18.360  8.150  -20.205 0.0000000000
85445  18.570  7.975  -20.098 0.0000000000
85440  18.545  7.997  -20.015 0.0000000000
85435  18.516  8.014  -19.798 0.0000000000
85430  18.538  7.981  -19.138 0.0000000000
85424  18.530  8.002  -18.984 0.0000000000
85411  18.569  7.982  -18.658 0.0000000000
85404  18.479  8.016  -18.019 0.0000000000
86275  18.329  8.071  -17.943 0.0000000000
85399  18.383  8.014  -17.782 0.0000000000
85395  18.159  7.987  -17.218 0.0000000000
85400  18.264  7.983  -17.602 0.0000000000
85387  18.115  8.072  -16.993 0.0000000000
86239  18.078  8.154  -16.558 0.0000000000
85375  18.143  8.039  -16.724 0.0000000000
85363  17.856  7.973  -16.171 0.0000000000
85362  18.010  7.971  -16.323 0.0000000000
85351  17.824  7.936  -16.001 0.0000000000
85344  17.731  7.947  -15.727 0.0000000000
85342  17.740  7.981  -15.082 0.0000000000
85339  17.779  7.964  -14.981 0.0000000000
85335  17.756  7.910  -14.714 0.0000000000
86207  17.448  7.966  -14.013 0.0000000000
85323  17.536  7.999  -14.201 0.0000000000
86191  17.324  8.144  -13.668 0.0000000000
85314  17.214  7.919  -13.993 0.0000000000
85324  17.366  7.946  -14.018 0.0000000000
84572  15.822  7.594  -21.982 0.0000000000
84571  15.919  7.675  -22.080 0.0000000000
84575  15.995  7.566  -22.085 0.0000000000
84562  15.596  7.972  -21.663 0.0000000000
84552  15.717  7.814  -21.061 0.0000000000
84551  16.010  7.746  -21.004 0.0000000000
84550  16.266  7.768  -21.249 0.0000000000
84549  16.739  7.728  -21.276 0.0000000000
84548  17.007  7.741  -21.280 0.0000000000
85459  17.546  7.950  -21.131 0.0000000000
84547  17.089  7.597  -21.386 0.0000000000
84546  17.771  7.691  -21.048 0.0000000000
84538  17.948  7.621  -20.978 0.0000000000
85453  18.018  7.877  -20.917 0.0000000000
84537  17.990  7.541  -20.887 0.0000000000
84536  18.146  7.457  -20.979 0.0000000000
84529  18.820  7.496  -20.307 0.0000000000
85444  18.671  7.917  -20.027 0.0000000000
84524  18.837  7.725  -20.029 0.0000000000
85439  18.653  7.986  -19.980 0.0000000000
84523  18.925  7.501  -20.009 0.0000000000
85434  18.590  7.943  -19.580 0.0000000000
84520  18.898  7.499  -19.879 0.0000000000
85429  18.716  7.863  -19.039 0.0000000000
84517  18.820  7.376  -19.248 0.0000000000
85423  18.651  7.914  -18.981 0.0000000000
84514  18.808  7.512  -19.014 0.0000000000
85410  18.536  7.962  -18.429 0.0000000000
84510  18.836  7.582  -19.009 0.0000000000
85403  18.486  7.984  -18.058 0.0000000000
84490  18.626  7.705  -18.031 0.0000000000
84500  18.808  7.510  -18.531 0.0000000000
84486  18.492  7.902  -17.967 0.0000000000
84491  18.488  7.926  -18.013 0.0000000000
85394  18.235  7.931  -17.210 0.0000000000
84481  18.586  7.569  -17.537 0.0000000000
85386  18.240  7.993  -16.990 0.0000000000
84475  18.472  7.674  -17.036 0.0000000000
85374  18.253  7.990  -16.990 0.0000000000
84464  18.477  7.647  -17.002 0.0000000000
84454  18.346  7.935  -16.361 0.0000000000
84465  18.213  7.984  -16.826 0.0000000000
85350  18.019  8.016  -15.994 0.0000000000
84441  18.020  7.555  -16.035 0.0000000000
84433  17.860  7.562  -15.985 0.0000000000
84442  17.931  7.759  -15.995 0.0000000000
84430  17.762  7.603  -15.431 0.0000000000
84427  17.753  7.517  -15.038 0.0000000000
84418  17.834  7.449  -14.986 0.0000000000
84419  17.768  7.650  -14.844 0.0000000000
85336  17.488  8.003  -14.266 0.0000000000
84394  17.249  7.285  -13.988 0.0000000000
84407  17.399  7.495  -14.053 0.0000000000
84395  17.021  7.434  -14.015 0.0000000000
85315  17.017  7.972  -13.810 0.0000000000
85305  17.088  8.001  -13.687 0.0000000000
85306  17.003  7.993  -13.461 0.0000000000
86192  17.019  8.003  -13.513 0.0000000000
83619  15.452  7.104  -22.002 0.0000000000
83631  15.884  7.034  -22.088 0.0000000000
83630  15.924  7.237  -22.013 0.0000000000
84563  15.383  7.754  -21.567 0.0000000000
83608  15.994  7.387  -20.878 0.0000000000
83609  15.308  7.176  -21.010 0.0000000000
84553  15.408  7.407  -21.145 0.0000000000
83607  16.044  7.320  -21.085 0.0000000000
83606  16.569  7.329  -21.234 0.0000000000
83605  16.969  7.223  -21.197 0.0000000000
83604  17.021  7.102  -21.199 0.0000000000
83603  17.442  7.050  -21.281 0.0000000000
83602  17.813  7.184  -21.005 0.0000000000
83585  17.938  7.218  -20.893 0.0000000000
83584  18.037  7.066  -20.958 0.0000000000
83583  18.414  7.025  -20.732 0.0000000000
84528  18.890  7.239  -20.081 0.0000000000
83573  18.801  7.042  -20.446 0.0000000000
83572  18.851  7.022  -20.001 0.0000000000
83565  18.924  7.004  -19.999 0.0000000000
83562  19.029  7.186  -19.643 0.0000000000
83557  18.991  7.210  -19.165 0.0000000000
83552  18.994  7.197  -19.016 0.0000000000
83546  18.991  7.161  -18.849 0.0000000000
83538  18.821  6.993  -18.328 0.0000000000
84485  18.680  7.551  -17.912 0.0000000000
83527  18.824  7.160  -17.982 0.0000000000
84480  18.987  7.341  -17.817 0.0000000000
83523  18.933  7.072  -17.952 0.0000000000
83519  18.502  7.070  -17.205 0.0000000000
83518  18.899  7.003  -17.493 0.0000000000
83515  18.563  7.108  -17.007 0.0000000000
84453  18.705  7.338  -16.716 0.0000000000
83505  18.580  7.042  -16.821 0.0000000000
83497  18.172  7.259  -16.036 0.0000000000
83496  18.486  7.058  -16.205 0.0000000000
82664  15.922  6.983  -21.938 0.0000000000
82675  15.943  7.011  -22.101 0.0000000000
82665  15.521  6.896  -21.650 0.0000000000
83620  15.131  7.014  -21.586 0.0000000000
83590  15.701  7.061  -20.939 0.0000000000
83591  15.254  7.084  -20.953 0.0000000000
83610  15.015  6.999  -21.099 0.0000000000
83621  14.996  7.014  -21.391 0.0000000000
83589  16.045  7.071  -20.969 0.0000000000
83588  16.436  7.113  -20.960 0.0000000000
83587  16.876  7.107  -20.984 0.0000000000
83586  16.991  6.993  -21.006 0.0000000000
82654  17.071  6.931  -21.066 0.0000000000
82653  17.242  6.864  -21.110 0.0000000000
82652  17.646  6.923  -21.101 0.0000000000
82637  17.902  6.998  -20.936 0.0000000000
82643  15.483  6.993  -20.878 0.0000000000
82644  15.046  7.043  -20.784 0.0000000000
83592  15.009  7.167  -21.013 0.0000000000
82642  15.950  6.984  -20.844 0.0000000000
82641  16.308  6.989  -20.921 0.0000000000
82640  16.856  7.001  -20.887 0.0000000000
82639  17.007  6.943  -20.919 0.0000000000
82636  18.017  6.967  -20.970 0.0000000000
82635  18.227  6.990  -20.939 0.0000000000
82624  18.607  6.996  -20.722 0.0000000000
82623  18.896  6.892  -20.191 0.0000000000
82614  18.925  6.806  -20.038 0.0000000000
82605  18.981  6.983  -19.956 0.0000000000
83561  19.130  7.094  -19.608 0.0000000000
82604  19.024  6.953  -19.908 0.0000000000
83556  19.097  7.105  -19.304 0.0000000000
83551  19.094  7.131  -19.008 0.0000000000
83545  19.084  7.123  -18.837 0.0000000000
83537  18.996  7.098  -18.733 0.0000000000
83514  18.785  6.982  -17.164 0.0000000000
81774  15.323  6.417  -21.677 0.0000000000
81773  15.805  6.462  -21.637 0.0000000000
82666  15.103  6.917  -21.587 0.0000000000
82638  17.269  6.996  -20.843 0.0000000000
82626  15.840  6.897  -20.860 0.0000000000
82627  15.215  6.935  -20.876 0.0000000000
81757  16.030  6.720  -20.802 0.0000000000
82625  15.906  6.800  -20.782 0.0000000000
81756  16.057  6.595  -20.771 0.0000000000
81755  16.797  6.712  -20.910 0.0000000000
81754  16.987  6.643  -20.937 0.0000000000
81753  17.021  6.605  -20.731 0.0000000000
81752  17.748  6.586  -20.918 0.0000000000
81751  17.975  6.538  -20.928 0.0000000000
81750  18.048  6.571  -20.955 0.0000000000
81738  18.380  6.732  -20.908 0.0000000000
81740  15.962  6.497  -20.651 0.0000000000
81737  18.899  6.593  -20.294 0.0000000000
81726  19.040  6.514  -20.185 0.0000000000
82613  19.112  6.673  -20.135 0.0000000000
81725  19.093  6.421  -20.059 0.0000000000
80911  16.547  6.111  -20.882 0.0000000000
80897  16.206  5.999  -20.623 0.0000000000
81739  16.077  6.238  -20.638 0.0000000000
80910  17.010  6.074  -20.930 0.0000000000
80909  17.158  6.063  -20.925 0.0000000000
80908  17.462  6.085  -20.944 0.0000000000
80907  17.934  6.043  -20.976 0.0000000000
80906  18.016  6.153  -20.927 0.0000000000
80905  18.143  6.131  -20.932 0.0000000000
80895  18.717  6.015  -20.602 0.0000000000
80894  18.974  6.065  -20.239 0.0000000000
80885  19.052  6.158  -20.163 0.0000000000
80896  16.746  6.013  -20.736 0.0000000000
80049  16.978  6.026  -20.882 0.0000000000
80048  16.939  6.015  -20.909 0.0000000000
80034  16.816  5.928  -20.741 0.0000000000
81775  15.035  6.460  -21.633 0.0000000000
82667  14.974  6.948  -21.618 0.0000000000
83611  15.011  7.147  -21.133 0.0000000000
83622  14.817  7.155  -21.523 0.0000000000
84384  17.008  7.787  -13.763 0.0000000000
84385  16.782  7.809  -13.531 0.0000000000
