#!ascii label  , from subject  vox2ras=TkReg
2038
93855  22.993  11.889  -18.725 0.0000000000
93854  23.501  11.837  -18.904 0.0000000000
93083  23.374  11.673  -18.091 0.0000000000
93084  23.025  11.511  -18.308 0.0000000000
93856  22.887  11.892  -18.779 0.0000000000
93870  23.074  11.867  -18.940 0.0000000000
93871  22.994  12.056  -18.983 0.0000000000
93085  22.803  11.549  -18.427 0.0000000000
93857  22.454  11.942  -18.800 0.0000000000
93872  22.621  12.054  -18.872 0.0000000000
93086  22.261  11.510  -18.407 0.0000000000
93858  22.006  11.884  -18.765 0.0000000000
93873  22.198  12.049  -18.863 0.0000000000
93087  21.962  11.633  -18.473 0.0000000000
93859  21.829  11.925  -18.825 0.0000000000
93874  21.983  12.039  -18.891 0.0000000000
93088  21.476  11.391  -18.652 0.0000000000
93860  21.334  11.940  -18.819 0.0000000000
93875  21.512  12.036  -18.946 0.0000000000
93089  21.031  11.463  -18.470 0.0000000000
93861  21.009  11.853  -18.749 0.0000000000
93876  21.085  11.965  -18.820 0.0000000000
93090  20.988  11.475  -18.502 0.0000000000
93862  20.693  11.870  -18.772 0.0000000000
93877  20.966  12.008  -18.885 0.0000000000
93091  20.840  11.218  -18.617 0.0000000000
93092  20.178  11.569  -18.453 0.0000000000
93863  20.142  11.939  -18.605 0.0000000000
93878  20.349  11.997  -18.770 0.0000000000
93093  19.988  11.634  -18.436 0.0000000000
93864  20.007  11.870  -18.507 0.0000000000
94622  20.008  11.988  -18.613 0.0000000000
94636  19.996  12.094  -18.549 0.0000000000
93076  19.968  11.400  -18.174 0.0000000000
93848  19.958  11.678  -18.394 0.0000000000
93865  19.844  11.961  -18.568 0.0000000000
94623  19.931  11.988  -18.611 0.0000000000
93849  19.593  11.709  -18.204 0.0000000000
93866  19.254  11.940  -18.246 0.0000000000
94624  19.522  12.039  -18.441 0.0000000000
93850  19.042  11.832  -18.060 0.0000000000
94625  19.084  12.029  -18.209 0.0000000000
93869  23.435  11.819  -19.008 0.0000000000
93881  23.253  11.911  -19.091 0.0000000000
93882  23.071  11.925  -18.948 0.0000000000
94628  23.078  11.964  -19.076 0.0000000000
94629  22.865  12.069  -18.981 0.0000000000
94630  22.388  12.105  -18.939 0.0000000000
94631  21.992  12.073  -18.958 0.0000000000
94632  21.681  12.116  -18.935 0.0000000000
94633  21.190  12.074  -18.910 0.0000000000
94634  20.994  12.078  -18.917 0.0000000000
94635  20.510  12.189  -18.869 0.0000000000
93880  23.651  11.569  -18.992 0.0000000000
93885  23.814  11.629  -19.072 0.0000000000
93886  23.495  11.862  -19.645 0.0000000000
94642  23.163  12.019  -19.014 0.0000000000
94643  23.028  12.103  -19.025 0.0000000000
93104  23.988  11.315  -19.550 0.0000000000
93100  23.891  11.451  -19.014 0.0000000000
93889  23.678  11.688  -19.877 0.0000000000
94654  23.201  12.127  -19.561 0.0000000000
93890  23.397  11.792  -19.994 0.0000000000
93108  23.773  11.237  -20.030 0.0000000000
93109  23.483  11.500  -20.037 0.0000000000
93895  23.192  11.873  -20.090 0.0000000000
94660  23.086  11.938  -19.955 0.0000000000
93114  23.323  11.435  -20.285 0.0000000000
93896  23.156  12.003  -20.178 0.0000000000
94666  23.043  12.067  -19.969 0.0000000000
93115  23.134  11.839  -20.466 0.0000000000
93900  23.011  11.908  -20.255 0.0000000000
94667  22.998  12.055  -20.012 0.0000000000
93120  23.028  11.394  -20.526 0.0000000000
93901  22.930  11.611  -20.439 0.0000000000
94672  22.957  11.989  -20.202 0.0000000000
93121  22.756  11.134  -20.557 0.0000000000
93902  22.434  11.740  -20.580 0.0000000000
94673  22.883  12.023  -20.398 0.0000000000
93122  22.132  11.206  -20.674 0.0000000000
93905  22.082  11.805  -20.729 0.0000000000
94674  22.356  11.986  -20.850 0.0000000000
93132  22.139  11.619  -20.764 0.0000000000
93906  22.030  11.988  -20.941 0.0000000000
94678  22.031  11.985  -20.742 0.0000000000
93133  22.032  11.451  -20.713 0.0000000000
93907  21.894  11.948  -20.930 0.0000000000
94679  21.919  12.003  -20.853 0.0000000000
93134  21.808  11.825  -20.983 0.0000000000
93908  21.403  11.992  -20.966 0.0000000000
94680  21.639  12.074  -21.013 0.0000000000
93135  21.127  11.627  -20.940 0.0000000000
93909  21.098  11.749  -21.059 0.0000000000
94681  21.355  12.016  -21.043 0.0000000000
93920  21.234  11.927  -21.101 0.0000000000
93136  20.990  11.465  -20.950 0.0000000000
93910  20.906  11.719  -21.024 0.0000000000
93921  21.030  11.869  -21.234 0.0000000000
93137  20.602  11.250  -21.030 0.0000000000
93911  20.470  11.735  -21.050 0.0000000000
93922  20.752  11.857  -21.210 0.0000000000
93138  20.077  11.688  -21.010 0.0000000000
93912  20.105  11.742  -21.114 0.0000000000
93923  20.316  11.877  -21.205 0.0000000000
93139  20.001  11.717  -21.011 0.0000000000
93913  19.891  11.752  -21.098 0.0000000000
93924  20.011  11.854  -21.230 0.0000000000
93140  19.818  11.747  -20.995 0.0000000000
93914  19.439  11.755  -21.058 0.0000000000
93925  19.652  11.834  -21.201 0.0000000000
93141  19.052  11.689  -20.865 0.0000000000
93915  19.004  11.753  -21.005 0.0000000000
93926  19.233  11.832  -21.195 0.0000000000
93142  18.858  11.392  -20.823 0.0000000000
93916  18.927  11.923  -20.998 0.0000000000
93927  18.988  11.981  -21.175 0.0000000000
93143  18.293  11.509  -20.919 0.0000000000
93917  18.294  11.735  -21.017 0.0000000000
93928  18.679  12.022  -21.107 0.0000000000
93144  18.008  11.337  -20.987 0.0000000000
93929  18.057  11.828  -21.101 0.0000000000
94685  21.268  12.011  -21.276 0.0000000000
94686  21.009  11.993  -21.185 0.0000000000
94687  20.544  12.017  -21.245 0.0000000000
94688  20.057  11.990  -21.362 0.0000000000
94689  19.892  11.983  -21.283 0.0000000000
94690  19.434  11.984  -21.304 0.0000000000
94691  19.036  11.997  -21.284 0.0000000000
94692  18.967  12.001  -21.209 0.0000000000
94693  18.380  11.980  -21.240 0.0000000000
93148  17.997  11.327  -21.162 0.0000000000
93930  18.013  11.873  -21.242 0.0000000000
94694  18.044  12.013  -21.260 0.0000000000
93149  17.979  11.336  -21.232 0.0000000000
93931  17.865  11.878  -21.298 0.0000000000
94695  17.986  11.977  -21.200 0.0000000000
93150  17.512  11.511  -21.321 0.0000000000
93934  17.450  11.996  -21.454 0.0000000000
94696  17.651  11.994  -21.285 0.0000000000
93153  17.056  11.495  -21.770 0.0000000000
93935  17.036  11.961  -21.795 0.0000000000
94699  17.367  12.098  -21.574 0.0000000000
93154  16.992  11.465  -21.923 0.0000000000
93938  16.966  11.769  -21.868 0.0000000000
94700  17.025  12.007  -21.866 0.0000000000
93156  16.955  11.445  -21.985 0.0000000000
93939  16.921  11.805  -21.989 0.0000000000
94702  17.005  12.007  -21.974 0.0000000000
93157  16.877  11.457  -21.986 0.0000000000
93942  16.838  11.879  -21.983 0.0000000000
94703  16.859  12.133  -22.001 0.0000000000
93160  16.809  11.495  -22.065 0.0000000000
93943  16.558  12.009  -22.290 0.0000000000
94705  16.770  12.018  -22.064 0.0000000000
93161  16.476  11.584  -22.448 0.0000000000
93947  16.236  11.934  -22.490 0.0000000000
94706  16.495  12.019  -22.161 0.0000000000
93944  16.264  11.940  -22.378 0.0000000000
93948  16.001  11.962  -22.724 0.0000000000
94707  16.016  11.989  -22.505 0.0000000000
93164  16.039  11.463  -22.779 0.0000000000
93165  16.014  11.445  -22.885 0.0000000000
93952  16.008  11.829  -22.958 0.0000000000
94711  15.977  12.031  -22.765 0.0000000000
93949  15.979  11.955  -22.898 0.0000000000
93953  15.898  11.925  -22.979 0.0000000000
94712  16.047  12.079  -22.969 0.0000000000
93167  16.017  11.465  -23.016 0.0000000000
94637  19.973  12.038  -18.691 0.0000000000
94638  19.344  12.111  -18.658 0.0000000000
94619  18.968  11.922  -18.127 0.0000000000
94620  18.911  12.003  -18.069 0.0000000000
94626  18.990  12.062  -18.219 0.0000000000
94639  19.070  12.339  -18.543 0.0000000000
95399  18.956  12.392  -18.575 0.0000000000
95398  18.988  12.390  -18.566 0.0000000000
95395  18.903  12.113  -18.148 0.0000000000
94644  22.664  12.228  -19.092 0.0000000000
94645  22.008  12.160  -18.863 0.0000000000
94646  21.879  12.231  -18.995 0.0000000000
94647  21.359  12.084  -19.104 0.0000000000
94648  21.022  12.145  -18.986 0.0000000000
94649  20.726  12.116  -19.009 0.0000000000
94650  20.730  12.389  -18.874 0.0000000000
95404  20.121  12.383  -18.877 0.0000000000
95403  20.347  12.412  -18.907 0.0000000000
95405  20.016  12.307  -18.963 0.0000000000
95406  19.537  12.247  -18.968 0.0000000000
95407  19.155  12.556  -18.916 0.0000000000
94655  23.033  12.115  -19.537 0.0000000000
94656  22.850  12.190  -19.735 0.0000000000
95412  22.119  12.458  -19.293 0.0000000000
95411  22.467  12.464  -19.570 0.0000000000
95413  21.973  12.314  -19.165 0.0000000000
95414  21.460  12.203  -19.058 0.0000000000
95415  21.056  12.309  -19.018 0.0000000000
95416  20.968  12.162  -19.029 0.0000000000
95417  20.569  12.580  -19.002 0.0000000000
94661  22.997  12.040  -19.993 0.0000000000
95424  22.570  12.446  -19.946 0.0000000000
94662  22.967  12.173  -19.965 0.0000000000
95434  22.751  12.264  -20.030 0.0000000000
94668  22.995  12.079  -20.103 0.0000000000
95442  22.560  12.226  -20.192 0.0000000000
94669  22.693  12.076  -20.718 0.0000000000
95443  22.122  12.353  -20.328 0.0000000000
95448  22.012  12.144  -20.808 0.0000000000
94675  21.991  12.047  -20.782 0.0000000000
95449  21.965  12.246  -20.619 0.0000000000
95453  21.870  12.049  -20.991 0.0000000000
95454  21.589  12.384  -21.083 0.0000000000
94684  21.440  12.080  -21.039 0.0000000000
95458  21.420  12.207  -21.237 0.0000000000
95459  21.168  12.431  -21.260 0.0000000000
95460  20.909  12.330  -21.169 0.0000000000
95461  20.313  12.284  -21.415 0.0000000000
95462  20.009  12.222  -21.304 0.0000000000
95463  19.786  12.043  -21.231 0.0000000000
95464  19.144  12.072  -21.258 0.0000000000
95465  18.970  12.123  -21.260 0.0000000000
95466  18.663  12.098  -21.249 0.0000000000
95467  18.174  12.135  -21.243 0.0000000000
95468  18.026  12.140  -21.250 0.0000000000
95469  17.965  12.100  -21.247 0.0000000000
94698  17.813  12.023  -21.261 0.0000000000
95478  17.841  12.409  -21.484 0.0000000000
95479  17.252  12.487  -21.797 0.0000000000
95480  16.917  12.221  -21.944 0.0000000000
95483  17.020  12.411  -22.002 0.0000000000
95484  16.960  12.374  -21.988 0.0000000000
95486  16.788  12.416  -22.004 0.0000000000
95487  16.204  12.495  -22.270 0.0000000000
95488  16.002  12.479  -22.643 0.0000000000
95492  16.005  12.547  -22.962 0.0000000000
95392  18.831  12.170  -18.019 0.0000000000
95396  18.535  12.415  -18.019 0.0000000000
95400  18.790  12.373  -18.311 0.0000000000
95393  18.596  12.561  -17.840 0.0000000000
96205  18.224  12.861  -17.994 0.0000000000
96209  18.415  12.848  -18.613 0.0000000000
95408  19.010  12.587  -18.834 0.0000000000
96208  18.895  12.788  -18.888 0.0000000000
96214  19.012  12.783  -18.965 0.0000000000
95418  20.079  12.484  -19.011 0.0000000000
95419  20.012  12.465  -19.008 0.0000000000
95420  19.535  12.476  -19.048 0.0000000000
95421  19.179  12.648  -19.034 0.0000000000
96213  19.044  12.793  -19.003 0.0000000000
96223  19.106  12.674  -19.139 0.0000000000
95425  21.986  12.471  -19.845 0.0000000000
95426  21.936  12.523  -19.706 0.0000000000
95427  21.722  12.426  -19.534 0.0000000000
95428  21.159  12.668  -19.372 0.0000000000
95429  20.995  12.450  -19.260 0.0000000000
95430  20.922  12.292  -19.066 0.0000000000
96220  20.074  12.678  -19.159 0.0000000000
96219  20.465  12.653  -19.216 0.0000000000
96232  20.860  12.901  -19.336 0.0000000000
96221  19.962  12.745  -19.240 0.0000000000
96222  19.678  12.717  -19.221 0.0000000000
95435  22.091  12.506  -20.014 0.0000000000
95436  21.974  12.582  -19.988 0.0000000000
95437  21.810  12.689  -19.997 0.0000000000
95438  21.522  12.760  -19.722 0.0000000000
96231  21.026  12.658  -19.562 0.0000000000
96230  21.019  12.889  -19.639 0.0000000000
96241  21.189  12.905  -19.956 0.0000000000
95444  21.986  12.472  -20.268 0.0000000000
95445  22.006  12.675  -20.026 0.0000000000
96240  21.403  12.906  -19.969 0.0000000000
96247  21.515  12.875  -20.009 0.0000000000
95450  22.007  12.498  -20.632 0.0000000000
96251  21.731  12.989  -20.571 0.0000000000
96255  21.515  12.863  -20.979 0.0000000000
95455  21.253  12.697  -21.154 0.0000000000
96256  21.151  12.962  -21.014 0.0000000000
96260  21.016  12.992  -21.093 0.0000000000
96261  21.000  12.819  -21.043 0.0000000000
96262  20.676  12.684  -21.268 0.0000000000
96263  20.071  12.878  -21.363 0.0000000000
95472  19.902  12.655  -21.408 0.0000000000
95471  20.038  12.780  -21.428 0.0000000000
96265  19.995  12.930  -21.364 0.0000000000
95473  19.355  12.304  -21.682 0.0000000000
95474  19.042  12.483  -21.517 0.0000000000
95475  18.995  12.446  -21.437 0.0000000000
95476  18.332  12.579  -21.609 0.0000000000
95477  17.984  12.571  -21.551 0.0000000000
96266  20.155  13.005  -21.619 0.0000000000
96267  19.867  12.956  -21.636 0.0000000000
96268  19.021  12.884  -21.854 0.0000000000
96269  18.998  12.846  -21.749 0.0000000000
96270  18.713  12.936  -21.881 0.0000000000
96271  18.172  12.910  -21.859 0.0000000000
96272  18.002  12.891  -21.826 0.0000000000
96273  17.737  12.942  -21.910 0.0000000000
95482  16.999  12.678  -21.963 0.0000000000
96280  17.440  12.983  -21.991 0.0000000000
96281  17.067  12.882  -22.018 0.0000000000
96282  17.000  12.600  -22.097 0.0000000000
96286  16.981  12.830  -22.218 0.0000000000
96287  16.558  13.000  -22.324 0.0000000000
96288  16.106  12.995  -22.448 0.0000000000
96293  16.022  12.984  -22.696 0.0000000000
95493  15.952  12.567  -23.015 0.0000000000
96294  15.971  12.950  -22.990 0.0000000000
96201  18.437  12.970  -17.842 0.0000000000
96206  18.115  13.004  -18.021 0.0000000000
96210  18.121  12.909  -18.353 0.0000000000
96202  18.087  12.999  -17.928 0.0000000000
96998  18.090  13.260  -17.992 0.0000000000
97002  18.022  13.041  -18.155 0.0000000000
96215  18.537  12.917  -19.012 0.0000000000
96216  18.265  12.978  -18.783 0.0000000000
97008  18.041  13.046  -18.718 0.0000000000
96224  18.985  12.989  -19.006 0.0000000000
96225  18.806  12.946  -18.974 0.0000000000
97007  18.219  12.996  -18.962 0.0000000000
97015  18.428  13.065  -18.997 0.0000000000
96233  20.168  12.975  -19.610 0.0000000000
96234  20.031  12.987  -19.473 0.0000000000
96235  19.991  12.966  -19.583 0.0000000000
96236  19.455  12.874  -19.416 0.0000000000
97013  19.036  12.956  -19.129 0.0000000000
97024  19.019  13.067  -19.233 0.0000000000
97014  18.904  12.917  -19.110 0.0000000000
96242  20.957  12.918  -19.882 0.0000000000
96243  20.877  12.958  -19.890 0.0000000000
96244  20.560  12.988  -19.840 0.0000000000
97021  20.109  13.077  -19.630 0.0000000000
97033  20.206  13.131  -19.862 0.0000000000
97022  20.001  13.079  -19.614 0.0000000000
97023  19.571  13.077  -19.562 0.0000000000
96248  21.117  13.011  -20.003 0.0000000000
96249  21.037  12.904  -20.018 0.0000000000
97031  20.983  12.988  -20.019 0.0000000000
97042  20.873  12.967  -20.122 0.0000000000
97032  20.719  13.129  -19.967 0.0000000000
96252  21.266  12.993  -20.402 0.0000000000
97041  21.052  12.973  -20.009 0.0000000000
97047  21.060  12.990  -20.148 0.0000000000
97053  21.134  13.136  -20.583 0.0000000000
96257  21.005  12.974  -20.952 0.0000000000
97054  20.963  13.156  -20.910 0.0000000000
97059  20.984  13.038  -21.007 0.0000000000
97060  20.730  13.020  -21.124 0.0000000000
97061  20.207  13.123  -21.353 0.0000000000
97064  20.030  12.984  -21.399 0.0000000000
97065  19.925  13.017  -21.436 0.0000000000
97066  19.450  12.964  -21.745 0.0000000000
97067  19.110  12.987  -21.891 0.0000000000
96275  18.999  12.997  -21.835 0.0000000000
96276  18.915  12.941  -21.921 0.0000000000
96277  18.471  12.978  -21.976 0.0000000000
96278  18.016  12.932  -21.999 0.0000000000
96279  17.909  12.991  -21.995 0.0000000000
97070  19.018  13.042  -21.983 0.0000000000
97071  18.785  12.907  -22.037 0.0000000000
97072  18.401  13.017  -22.002 0.0000000000
97073  18.029  12.994  -22.010 0.0000000000
97074  17.898  12.965  -22.008 0.0000000000
97075  17.799  13.018  -22.043 0.0000000000
96284  17.338  12.942  -22.148 0.0000000000
96285  17.044  12.809  -22.365 0.0000000000
97082  17.316  13.012  -22.292 0.0000000000
97083  17.011  13.002  -22.331 0.0000000000
97084  16.935  12.987  -22.316 0.0000000000
97085  16.589  13.008  -22.398 0.0000000000
96292  16.326  12.996  -22.435 0.0000000000
97092  16.336  13.036  -22.551 0.0000000000
97093  15.971  13.016  -22.787 0.0000000000
96296  15.845  13.002  -22.993 0.0000000000
97094  15.985  13.052  -22.980 0.0000000000
96999  18.007  13.304  -18.032 0.0000000000
97003  17.976  13.153  -18.315 0.0000000000
97810  17.849  13.682  -18.029 0.0000000000
97813  17.774  13.332  -18.367 0.0000000000
97009  18.012  13.135  -18.851 0.0000000000
97016  18.024  13.156  -19.015 0.0000000000
97817  17.736  13.373  -18.967 0.0000000000
97017  17.975  13.205  -18.997 0.0000000000
97025  18.843  13.078  -19.217 0.0000000000
97026  18.214  13.090  -19.351 0.0000000000
97027  17.970  13.171  -19.185 0.0000000000
97822  17.799  13.429  -19.084 0.0000000000
97028  17.963  13.232  -19.102 0.0000000000
97034  19.733  13.263  -19.837 0.0000000000
97035  19.106  13.184  -19.841 0.0000000000
97036  19.013  13.203  -19.756 0.0000000000
97037  18.538  13.292  -19.741 0.0000000000
97038  18.265  13.487  -19.689 0.0000000000
97827  18.015  13.504  -19.655 0.0000000000
97826  18.061  13.508  -19.653 0.0000000000
97828  17.758  13.432  -19.443 0.0000000000
97043  20.529  13.187  -20.082 0.0000000000
97044  19.992  13.250  -20.059 0.0000000000
97045  19.988  13.298  -20.010 0.0000000000
97833  19.273  13.440  -19.944 0.0000000000
97832  19.703  13.456  -19.982 0.0000000000
97834  18.984  13.457  -19.953 0.0000000000
97835  18.724  13.490  -19.985 0.0000000000
97836  18.354  13.585  -19.988 0.0000000000
97048  20.947  13.191  -20.336 0.0000000000
97049  20.464  13.333  -20.593 0.0000000000
97050  20.028  13.481  -20.386 0.0000000000
97842  19.849  13.488  -20.256 0.0000000000
97841  19.993  13.437  -20.341 0.0000000000
97055  20.732  13.091  -20.989 0.0000000000
97851  20.067  13.525  -20.810 0.0000000000
97850  20.384  13.470  -20.961 0.0000000000
97858  20.572  13.263  -21.011 0.0000000000
97056  20.459  13.103  -21.024 0.0000000000
97859  20.135  13.303  -20.982 0.0000000000
97864  19.997  13.257  -21.069 0.0000000000
97062  20.040  13.079  -21.392 0.0000000000
97865  20.001  13.252  -21.335 0.0000000000
97869  19.796  13.023  -21.696 0.0000000000
97870  19.272  13.296  -21.993 0.0000000000
97069  19.211  12.996  -21.995 0.0000000000
97873  19.103  13.140  -21.963 0.0000000000
97874  19.002  13.374  -21.976 0.0000000000
97875  18.984  13.188  -22.005 0.0000000000
97078  18.734  13.086  -22.034 0.0000000000
97079  18.469  13.047  -22.241 0.0000000000
97080  18.008  13.153  -22.315 0.0000000000
97081  17.905  12.988  -22.183 0.0000000000
97879  18.897  13.364  -22.232 0.0000000000
97880  18.316  13.518  -22.332 0.0000000000
97881  18.009  13.374  -22.395 0.0000000000
97882  17.542  12.997  -22.536 0.0000000000
97883  17.102  13.056  -22.418 0.0000000000
97089  17.001  12.996  -22.506 0.0000000000
97090  16.979  13.154  -22.450 0.0000000000
97091  16.936  13.121  -22.373 0.0000000000
97888  17.013  13.393  -22.687 0.0000000000
97889  16.990  13.499  -22.538 0.0000000000
97890  16.841  13.467  -22.547 0.0000000000
97891  15.998  13.525  -22.816 0.0000000000
97892  16.020  13.538  -22.940 0.0000000000
97096  15.839  13.043  -22.996 0.0000000000
97893  16.008  13.508  -23.002 0.0000000000
97809  18.078  13.678  -17.998 0.0000000000
97807  17.844  13.704  -17.828 0.0000000000
98652  17.622  13.978  -17.988 0.0000000000
98655  17.709  13.991  -18.005 0.0000000000
97811  17.474  13.774  -18.116 0.0000000000
97814  17.407  13.979  -18.610 0.0000000000
98656  17.544  14.023  -18.122 0.0000000000
98659  17.426  14.020  -18.721 0.0000000000
97818  17.370  13.877  -18.925 0.0000000000
98663  17.309  13.969  -19.005 0.0000000000
97823  17.315  13.654  -19.011 0.0000000000
98668  17.062  13.988  -19.235 0.0000000000
97829  17.320  13.812  -19.657 0.0000000000
97837  18.034  13.763  -19.947 0.0000000000
97838  17.940  13.605  -19.994 0.0000000000
97839  17.692  13.712  -19.891 0.0000000000
98672  17.158  13.929  -19.863 0.0000000000
98678  17.382  13.872  -19.985 0.0000000000
97843  19.360  13.505  -20.018 0.0000000000
97844  19.013  13.528  -20.011 0.0000000000
97845  18.862  13.541  -20.196 0.0000000000
97846  18.247  13.544  -20.006 0.0000000000
97847  18.081  13.699  -20.007 0.0000000000
98677  17.827  13.771  -19.980 0.0000000000
98676  18.027  13.727  -20.007 0.0000000000
98684  18.057  13.756  -20.048 0.0000000000
97852  19.909  13.536  -20.747 0.0000000000
97853  19.379  13.749  -20.688 0.0000000000
97854  19.024  13.742  -20.586 0.0000000000
97855  19.009  13.407  -20.349 0.0000000000
98683  18.150  13.760  -20.144 0.0000000000
98682  18.786  13.822  -20.363 0.0000000000
98692  18.888  13.866  -20.710 0.0000000000
97860  19.984  13.545  -21.006 0.0000000000
97861  19.539  13.766  -21.001 0.0000000000
98691  19.034  13.890  -20.894 0.0000000000
98690  19.095  13.901  -21.023 0.0000000000
98699  19.284  13.858  -20.980 0.0000000000
97866  19.418  13.875  -21.106 0.0000000000
98708  19.350  13.878  -20.982 0.0000000000
97871  19.117  13.815  -21.798 0.0000000000
97867  19.064  13.991  -21.291 0.0000000000
98709  19.057  13.952  -21.104 0.0000000000
98718  19.008  13.876  -21.552 0.0000000000
98727  19.031  13.831  -21.897 0.0000000000
97878  19.116  13.627  -22.153 0.0000000000
98736  19.124  13.793  -22.014 0.0000000000
98737  18.982  13.910  -22.005 0.0000000000
98738  18.511  13.978  -22.164 0.0000000000
98739  18.147  13.995  -22.209 0.0000000000
97887  17.735  13.420  -22.735 0.0000000000
97886  17.983  13.638  -22.686 0.0000000000
98744  17.987  13.898  -22.536 0.0000000000
98745  17.859  13.960  -22.767 0.0000000000
98746  17.117  13.996  -22.721 0.0000000000
98747  17.001  13.998  -22.655 0.0000000000
98748  16.885  13.970  -22.569 0.0000000000
98749  16.328  13.990  -22.864 0.0000000000
98750  15.965  13.937  -22.885 0.0000000000
98751  16.006  13.792  -22.962 0.0000000000
97895  15.618  13.520  -23.003 0.0000000000
98757  15.950  13.995  -22.984 0.0000000000
99547  17.748  14.202  -17.967 0.0000000000
99548  17.686  14.186  -18.023 0.0000000000
99551  17.641  14.265  -18.264 0.0000000000
99555  17.289  14.234  -18.855 0.0000000000
98669  17.222  14.102  -19.076 0.0000000000
98664  17.197  13.996  -18.993 0.0000000000
99556  17.248  14.340  -18.975 0.0000000000
99559  16.987  14.384  -18.931 0.0000000000
98673  17.104  14.031  -19.585 0.0000000000
99562  17.032  14.231  -19.315 0.0000000000
98679  17.115  14.024  -20.075 0.0000000000
99565  16.996  14.056  -19.947 0.0000000000
98685  17.670  13.861  -20.003 0.0000000000
98686  17.392  13.882  -20.000 0.0000000000
98687  17.257  14.001  -20.121 0.0000000000
99569  16.993  14.196  -19.922 0.0000000000
98693  18.250  13.914  -20.937 0.0000000000
98694  18.013  13.859  -20.598 0.0000000000
98695  17.936  13.990  -20.572 0.0000000000
98696  17.151  13.840  -20.535 0.0000000000
98697  17.296  13.997  -20.202 0.0000000000
99573  16.917  14.025  -20.360 0.0000000000
98700  18.991  13.921  -21.007 0.0000000000
98701  18.921  13.866  -20.975 0.0000000000
98702  18.410  13.876  -20.959 0.0000000000
98703  17.962  13.936  -20.963 0.0000000000
98704  17.774  13.932  -20.982 0.0000000000
98705  17.477  13.965  -20.919 0.0000000000
99572  17.023  14.001  -20.524 0.0000000000
99576  17.458  14.277  -20.785 0.0000000000
98710  18.901  13.994  -20.988 0.0000000000
98711  18.384  13.946  -21.036 0.0000000000
98712  18.011  13.892  -21.022 0.0000000000
98713  17.729  13.894  -21.094 0.0000000000
98714  17.386  14.055  -21.093 0.0000000000
99580  17.243  14.223  -20.991 0.0000000000
98719  18.966  14.014  -21.501 0.0000000000
98720  18.444  14.001  -21.457 0.0000000000
98721  17.996  13.986  -21.452 0.0000000000
98722  17.846  13.915  -21.452 0.0000000000
98723  17.511  13.906  -21.476 0.0000000000
98724  17.004  13.978  -21.466 0.0000000000
98715  17.016  14.103  -21.024 0.0000000000
99581  17.002  14.210  -21.133 0.0000000000
99584  17.003  14.137  -21.373 0.0000000000
98728  18.979  13.988  -21.851 0.0000000000
98729  18.610  14.004  -21.921 0.0000000000
98730  18.098  13.964  -21.865 0.0000000000
98731  17.981  13.952  -21.858 0.0000000000
98732  17.766  14.066  -21.996 0.0000000000
98733  17.468  14.006  -21.978 0.0000000000
99591  16.992  14.014  -22.025 0.0000000000
99588  17.991  14.006  -22.004 0.0000000000
99589  17.868  14.079  -22.010 0.0000000000
99590  17.534  13.956  -21.987 0.0000000000
99595  18.009  14.118  -22.063 0.0000000000
98740  17.988  14.073  -22.325 0.0000000000
99596  17.723  14.231  -22.159 0.0000000000
98741  17.595  14.046  -22.474 0.0000000000
99597  17.287  14.232  -22.319 0.0000000000
99602  17.017  14.059  -22.452 0.0000000000
99603  16.986  14.053  -22.442 0.0000000000
99604  16.932  14.065  -22.636 0.0000000000
98754  16.649  14.015  -22.872 0.0000000000
98755  16.258  14.040  -22.827 0.0000000000
98756  16.053  13.955  -22.905 0.0000000000
99607  16.425  14.065  -22.730 0.0000000000
99608  16.214  14.148  -23.008 0.0000000000
99609  15.994  14.065  -23.011 0.0000000000
98758  15.396  13.970  -22.987 0.0000000000
99610  15.809  14.137  -23.011 0.0000000000
100475  17.701  14.660  -17.996 0.0000000000
100476  17.649  14.666  -18.081 0.0000000000
100479  17.471  14.855  -18.568 0.0000000000
100482  17.195  14.629  -18.967 0.0000000000
100483  17.036  14.885  -18.997 0.0000000000
100486  17.005  14.969  -19.181 0.0000000000
100488  16.918  14.623  -19.620 0.0000000000
100491  16.921  14.386  -19.834 0.0000000000
99566  17.018  14.173  -19.907 0.0000000000
99570  16.981  14.298  -20.034 0.0000000000
100492  16.821  14.614  -19.903 0.0000000000
100494  16.729  14.436  -19.994 0.0000000000
99574  16.911  14.121  -20.388 0.0000000000
99577  17.022  14.509  -21.004 0.0000000000
100496  16.707  14.616  -20.703 0.0000000000
99578  16.984  14.095  -20.969 0.0000000000
100498  16.563  14.740  -20.993 0.0000000000
99582  16.884  14.245  -21.186 0.0000000000
100501  16.577  14.611  -21.483 0.0000000000
99585  16.925  14.227  -21.751 0.0000000000
100504  16.700  14.687  -21.984 0.0000000000
99592  16.998  14.224  -21.981 0.0000000000
99598  17.015  14.296  -22.309 0.0000000000
100508  16.766  14.624  -22.115 0.0000000000
99599  16.951  14.219  -22.242 0.0000000000
100510  16.694  14.749  -22.657 0.0000000000
100514  16.639  14.493  -22.669 0.0000000000
99605  16.373  14.215  -22.853 0.0000000000
100515  16.057  14.532  -22.707 0.0000000000
100519  16.068  14.305  -22.938 0.0000000000
100520  16.006  14.473  -22.945 0.0000000000
99611  15.518  14.187  -23.014 0.0000000000
100521  15.837  14.604  -23.002 0.0000000000
101386  17.710  15.002  -18.006 0.0000000000
101390  17.570  14.992  -18.277 0.0000000000
101393  17.244  15.002  -18.863 0.0000000000
101394  17.105  15.017  -18.985 0.0000000000
101397  17.049  15.025  -19.067 0.0000000000
101400  17.003  14.990  -19.463 0.0000000000
100489  16.540  14.979  -19.635 0.0000000000
101401  16.915  15.017  -19.528 0.0000000000
101404  16.777  15.036  -19.900 0.0000000000
101406  16.689  14.927  -20.006 0.0000000000
101408  16.980  14.870  -20.375 0.0000000000
101410  16.508  14.945  -20.934 0.0000000000
100502  16.359  14.984  -21.077 0.0000000000
100499  16.518  14.918  -21.010 0.0000000000
101411  16.562  14.999  -20.984 0.0000000000
101413  16.446  15.061  -20.996 0.0000000000
100505  16.466  14.934  -21.811 0.0000000000
101416  16.429  15.031  -21.285 0.0000000000
101415  16.591  14.992  -22.015 0.0000000000
101419  16.535  14.918  -22.056 0.0000000000
101422  16.487  14.832  -22.104 0.0000000000
100511  16.116  14.812  -22.564 0.0000000000
101423  16.357  14.985  -22.283 0.0000000000
101426  16.035  14.865  -22.505 0.0000000000
100516  15.994  14.788  -22.827 0.0000000000
101427  15.989  14.882  -22.594 0.0000000000
100517  15.679  14.971  -22.444 0.0000000000
101428  15.971  15.001  -22.568 0.0000000000
102336  17.199  15.073  -19.020 0.0000000000
102340  17.089  15.264  -19.123 0.0000000000
102343  17.005  15.221  -19.717 0.0000000000
101403  16.988  15.009  -19.703 0.0000000000
102346  16.884  15.330  -19.865 0.0000000000
102347  16.775  15.258  -19.966 0.0000000000
102350  16.687  15.089  -20.084 0.0000000000
102353  16.647  15.069  -20.803 0.0000000000
102356  16.561  14.966  -20.944 0.0000000000
102357  16.507  15.261  -21.003 0.0000000000
102359  16.561  15.063  -21.050 0.0000000000
102362  16.385  15.105  -21.773 0.0000000000
102361  16.472  14.994  -22.005 0.0000000000
102365  16.412  15.005  -22.106 0.0000000000
101420  16.408  14.961  -22.054 0.0000000000
102366  16.260  15.226  -22.136 0.0000000000
102369  16.041  14.970  -22.254 0.0000000000
101424  16.030  15.023  -22.473 0.0000000000
102370  16.001  15.162  -22.332 0.0000000000
101425  15.875  15.003  -22.280 0.0000000000
103249  17.022  15.743  -19.976 0.0000000000
103250  16.732  15.733  -19.978 0.0000000000
103252  16.791  15.725  -20.012 0.0000000000
103255  16.647  15.643  -20.564 0.0000000000
102354  16.424  15.249  -20.989 0.0000000000
103256  16.434  15.555  -20.944 0.0000000000
103260  16.444  15.661  -21.081 0.0000000000
103263  16.532  15.608  -21.014 0.0000000000
103265  16.476  15.837  -21.304 0.0000000000
103268  16.164  15.615  -21.960 0.0000000000
102367  15.952  15.314  -22.068 0.0000000000
103269  16.003  15.630  -21.996 0.0000000000
102371  15.772  15.195  -22.234 0.0000000000
102368  15.743  15.250  -22.020 0.0000000000
103270  16.008  15.689  -22.086 0.0000000000
104103  16.999  15.969  -19.965 0.0000000000
104104  16.797  16.001  -19.979 0.0000000000
104107  16.792  15.997  -20.379 0.0000000000
104109  16.713  16.026  -20.862 0.0000000000
103259  16.525  15.976  -20.987 0.0000000000
104111  16.629  15.981  -20.992 0.0000000000
104112  16.483  15.836  -21.102 0.0000000000
104116  16.433  15.951  -21.215 0.0000000000
104119  16.180  15.987  -21.810 0.0000000000
104123  16.021  15.861  -21.859 0.0000000000
104124  16.013  15.935  -21.993 0.0000000000
103266  15.722  15.478  -21.980 0.0000000000
104125  15.956  15.924  -21.991 0.0000000000
104925  16.962  16.162  -20.024 0.0000000000
104928  16.956  16.018  -20.181 0.0000000000
104931  16.858  16.094  -20.846 0.0000000000
104934  16.804  16.102  -20.983 0.0000000000
104115  16.680  15.997  -21.121 0.0000000000
104936  16.748  16.009  -21.269 0.0000000000
104937  16.562  15.921  -21.471 0.0000000000
104940  16.226  16.044  -21.597 0.0000000000
104943  16.080  16.021  -21.950 0.0000000000
104944  16.040  16.045  -21.871 0.0000000000
104120  15.956  16.014  -21.892 0.0000000000
104121  15.652  15.968  -21.693 0.0000000000
105683  16.847  16.734  -20.077 0.0000000000
105686  16.666  16.906  -20.814 0.0000000000
105690  16.940  16.610  -20.991 0.0000000000
105693  16.887  16.551  -20.995 0.0000000000
104939  16.515  16.119  -21.637 0.0000000000
105696  16.795  16.651  -21.373 0.0000000000
105697  16.153  16.671  -21.680 0.0000000000
104941  15.927  16.030  -21.797 0.0000000000
105698  15.994  16.691  -21.630 0.0000000000
104942  15.704  16.051  -21.593 0.0000000000
105699  15.686  16.485  -21.458 0.0000000000
104938  15.639  16.056  -21.176 0.0000000000
104117  15.455  15.987  -21.167 0.0000000000
105687  16.265  16.861  -20.437 0.0000000000
106450  16.251  17.034  -20.615 0.0000000000
106449  16.556  17.035  -20.909 0.0000000000
106453  16.710  17.009  -21.000 0.0000000000
105684  16.156  16.778  -20.006 0.0000000000
105688  16.003  16.844  -20.455 0.0000000000
106451  16.025  16.933  -20.611 0.0000000000
105685  15.998  16.746  -19.997 0.0000000000
104929  15.885  16.349  -20.004 0.0000000000
104932  15.997  16.417  -20.229 0.0000000000
105689  15.934  16.590  -20.606 0.0000000000
105692  15.754  16.858  -20.929 0.0000000000
105691  15.895  16.947  -20.890 0.0000000000
106455  16.021  17.022  -20.853 0.0000000000
104933  15.763  16.324  -20.405 0.0000000000
106458  17.006  17.013  -21.054 0.0000000000
106456  15.923  16.990  -20.981 0.0000000000
104935  15.733  16.377  -20.983 0.0000000000
105695  15.744  16.701  -21.094 0.0000000000
106461  16.005  16.897  -21.007 0.0000000000
106462  16.856  16.980  -21.331 0.0000000000
105694  15.867  16.979  -21.249 0.0000000000
106463  16.243  16.992  -21.602 0.0000000000
106464  16.040  16.911  -21.554 0.0000000000
106454  16.388  17.177  -20.866 0.0000000000
106452  17.003  17.222  -20.983 0.0000000000
107223  16.735  17.475  -20.984 0.0000000000
107224  16.376  17.062  -20.996 0.0000000000
107225  16.081  17.265  -20.985 0.0000000000
106460  15.994  17.005  -21.105 0.0000000000
107229  15.972  17.184  -21.078 0.0000000000
106457  17.019  17.194  -21.171 0.0000000000
107227  16.829  17.254  -21.292 0.0000000000
107230  16.835  17.018  -21.448 0.0000000000
106459  15.988  17.016  -21.367 0.0000000000
107231  16.480  17.139  -21.540 0.0000000000
107222  16.897  17.264  -21.042 0.0000000000
107228  16.329  17.344  -21.237 0.0000000000
107226  17.008  17.272  -21.168 0.0000000000
104113  15.505  15.982  -20.999 0.0000000000
104110  15.662  16.011  -20.538 0.0000000000
103267  15.461  15.423  -21.602 0.0000000000
104122  15.392  15.963  -21.356 0.0000000000
104118  15.377  15.886  -20.988 0.0000000000
103257  15.644  15.903  -20.759 0.0000000000
103261  15.438  15.712  -20.976 0.0000000000
104114  15.449  15.818  -21.017 0.0000000000
95390  18.459  12.642  -17.373 0.0000000000
96197  18.127  12.989  -17.390 0.0000000000
94617  18.480  12.173  -17.503 0.0000000000
94616  18.784  12.014  -17.734 0.0000000000
93851  18.947  11.895  -18.046 0.0000000000
93846  18.857  11.918  -17.989 0.0000000000
94614  18.465  12.014  -17.112 0.0000000000
93842  18.776  11.791  -17.393 0.0000000000
94613  18.426  11.983  -17.369 0.0000000000
93843  18.391  11.967  -17.160 0.0000000000
93097  24.058  11.472  -19.032 0.0000000000
93868  23.911  11.589  -19.006 0.0000000000
93853  23.902  11.593  -18.980 0.0000000000
93082  23.985  11.383  -18.673 0.0000000000
93845  19.013  11.842  -17.907 0.0000000000
93078  19.269  11.546  -18.004 0.0000000000
93065  19.037  11.755  -17.865 0.0000000000
93077  19.467  11.482  -17.991 0.0000000000
93841  18.922  11.842  -17.771 0.0000000000
93060  18.988  11.554  -17.403 0.0000000000
93838  18.650  11.674  -17.036 0.0000000000
93839  18.441  11.992  -17.009 0.0000000000
93061  18.977  11.684  -17.141 0.0000000000
93056  18.902  11.330  -17.028 0.0000000000
93052  18.840  11.260  -16.947 0.0000000000
93835  18.590  11.792  -16.828 0.0000000000
92426  16.061  11.154  -22.953 0.0000000000
92425  16.265  11.037  -22.734 0.0000000000
92421  16.378  11.006  -22.597 0.0000000000
92420  16.789  11.024  -22.317 0.0000000000
92416  16.915  11.175  -22.100 0.0000000000
92415  16.982  11.036  -22.054 0.0000000000
92412  16.991  11.240  -21.936 0.0000000000
92411  17.128  11.055  -21.910 0.0000000000
92408  17.268  11.081  -21.670 0.0000000000
92407  17.676  11.028  -21.403 0.0000000000
92406  17.997  11.046  -21.235 0.0000000000
92403  18.059  11.036  -21.140 0.0000000000
92402  18.172  11.021  -20.986 0.0000000000
92401  18.806  10.999  -21.021 0.0000000000
92393  18.886  11.127  -20.731 0.0000000000
93129  19.016  11.142  -20.772 0.0000000000
93128  19.019  11.121  -20.560 0.0000000000
93127  19.464  11.337  -20.649 0.0000000000
93126  19.882  11.387  -20.622 0.0000000000
93125  19.978  11.412  -20.713 0.0000000000
93124  20.117  11.589  -20.616 0.0000000000
92388  20.348  11.160  -20.446 0.0000000000
92400  20.889  11.040  -20.708 0.0000000000
92399  20.996  11.159  -20.828 0.0000000000
92398  20.999  11.093  -20.884 0.0000000000
92397  21.425  11.134  -20.861 0.0000000000
92396  21.999  11.353  -20.811 0.0000000000
92384  21.870  11.014  -20.638 0.0000000000
93123  21.997  11.130  -20.684 0.0000000000
92392  19.004  10.989  -20.683 0.0000000000
92391  19.191  11.005  -20.558 0.0000000000
92390  19.839  11.124  -20.470 0.0000000000
92389  20.012  11.107  -20.452 0.0000000000
92383  22.024  10.978  -20.596 0.0000000000
92382  22.422  11.090  -20.608 0.0000000000
92381  22.853  10.976  -20.432 0.0000000000
92380  22.895  11.010  -20.498 0.0000000000
93119  23.160  11.152  -20.672 0.0000000000
92371  23.088  11.002  -20.314 0.0000000000
92370  23.459  10.992  -20.226 0.0000000000
93113  23.667  11.123  -20.157 0.0000000000
92366  23.786  11.025  -19.996 0.0000000000
92365  23.906  11.004  -19.943 0.0000000000
93107  23.991  11.012  -19.941 0.0000000000
93103  24.015  11.094  -19.877 0.0000000000
92362  24.010  10.987  -19.567 0.0000000000
93099  24.044  11.290  -19.349 0.0000000000
93096  24.018  11.337  -19.019 0.0000000000
92358  24.153  11.156  -19.260 0.0000000000
93081  24.002  11.359  -18.847 0.0000000000
92354  24.092  11.208  -18.987 0.0000000000
93075  20.007  11.222  -18.116 0.0000000000
92350  20.034  11.083  -18.063 0.0000000000
92349  20.396  11.003  -18.209 0.0000000000
92348  20.971  11.037  -18.299 0.0000000000
92347  21.037  11.141  -18.350 0.0000000000
92346  21.150  11.093  -18.285 0.0000000000
93074  21.863  11.130  -18.094 0.0000000000
92335  21.468  11.004  -18.216 0.0000000000
93073  21.996  11.128  -18.101 0.0000000000
93072  22.074  11.133  -18.119 0.0000000000
93071  22.529  11.248  -18.128 0.0000000000
93070  23.002  11.262  -18.093 0.0000000000
93069  23.240  11.160  -18.014 0.0000000000
93068  23.641  11.153  -18.035 0.0000000000
92345  23.908  11.080  -18.175 0.0000000000
92344  24.012  11.180  -18.512 0.0000000000
93064  19.361  11.437  -18.006 0.0000000000
92341  19.549  11.338  -18.017 0.0000000000
92340  19.927  11.104  -17.983 0.0000000000
92339  20.112  11.096  -18.007 0.0000000000
92334  21.889  10.908  -18.120 0.0000000000
92333  22.010  10.927  -17.994 0.0000000000
92332  22.335  11.025  -18.005 0.0000000000
92331  22.756  11.110  -17.985 0.0000000000
92330  23.092  11.099  -17.974 0.0000000000
92329  23.604  11.021  -17.897 0.0000000000
93059  19.229  11.486  -17.773 0.0000000000
92324  19.710  11.038  -17.884 0.0000000000
93055  18.996  11.285  -17.130 0.0000000000
92313  19.012  11.147  -17.031 0.0000000000
92312  19.191  11.140  -17.290 0.0000000000
92310  18.981  10.997  -17.007 0.0000000000
92309  19.006  11.050  -17.065 0.0000000000
92307  18.899  11.004  -16.815 0.0000000000
93049  18.809  11.419  -16.548 0.0000000000
92430  15.971  11.013  -23.004 0.0000000000
91686  16.327  10.968  -22.832 0.0000000000
92424  16.560  11.015  -22.603 0.0000000000
91688  16.048  10.845  -22.870 0.0000000000
92429  16.127  10.990  -22.903 0.0000000000
91685  16.892  10.832  -22.648 0.0000000000
91681  16.999  10.964  -22.394 0.0000000000
92419  17.006  10.970  -22.278 0.0000000000
91680  17.009  10.825  -22.291 0.0000000000
91677  16.999  10.641  -21.948 0.0000000000
92414  17.043  11.027  -21.986 0.0000000000
91676  17.142  10.788  -21.992 0.0000000000
91674  17.238  10.821  -21.971 0.0000000000
92410  17.404  11.004  -21.707 0.0000000000
91673  17.787  10.957  -21.500 0.0000000000
91671  17.965  10.851  -21.242 0.0000000000
91670  17.993  10.936  -21.193 0.0000000000
91668  18.121  10.895  -21.062 0.0000000000
91667  18.380  10.960  -20.991 0.0000000000
91666  18.807  10.735  -20.925 0.0000000000
92387  20.968  11.024  -20.602 0.0000000000
92386  21.045  11.024  -20.635 0.0000000000
92385  21.255  10.979  -20.671 0.0000000000
91663  18.902  10.708  -20.693 0.0000000000
91662  18.917  10.756  -20.620 0.0000000000
91661  19.015  10.930  -20.578 0.0000000000
92376  19.372  10.994  -20.429 0.0000000000
92375  19.719  11.030  -20.281 0.0000000000
92374  20.000  11.002  -20.270 0.0000000000
92373  20.157  11.008  -20.273 0.0000000000
91645  20.552  10.821  -20.327 0.0000000000
91660  20.842  10.949  -20.544 0.0000000000
91659  21.005  10.974  -20.661 0.0000000000
91658  21.000  10.973  -20.612 0.0000000000
91657  21.481  10.829  -20.567 0.0000000000
91656  21.906  10.845  -20.542 0.0000000000
91655  22.024  10.926  -20.560 0.0000000000
91654  22.465  10.976  -20.485 0.0000000000
91653  22.948  10.973  -20.557 0.0000000000
92372  23.019  10.945  -20.438 0.0000000000
91648  19.434  10.676  -20.303 0.0000000000
91647  19.975  10.684  -20.141 0.0000000000
91646  20.035  10.801  -20.199 0.0000000000
91638  23.016  10.796  -20.316 0.0000000000
91637  23.244  10.738  -20.221 0.0000000000
91636  23.726  10.923  -20.173 0.0000000000
91631  23.895  10.831  -19.949 0.0000000000
91630  23.971  10.854  -19.852 0.0000000000
91626  24.070  11.009  -19.661 0.0000000000
92361  24.240  11.013  -19.479 0.0000000000
91625  24.260  10.883  -19.578 0.0000000000
92357  24.399  10.999  -19.134 0.0000000000
91621  24.371  10.944  -19.003 0.0000000000
92353  24.216  11.044  -18.887 0.0000000000
91617  24.399  10.803  -18.932 0.0000000000
92343  24.029  11.005  -18.538 0.0000000000
92338  20.586  10.975  -18.108 0.0000000000
92337  20.967  10.971  -18.154 0.0000000000
92336  21.116  10.971  -18.167 0.0000000000
92328  23.995  10.998  -18.027 0.0000000000
91612  24.255  11.007  -18.685 0.0000000000
92327  24.101  10.944  -18.219 0.0000000000
92323  19.906  11.014  -17.861 0.0000000000
91607  20.076  11.035  -17.921 0.0000000000
92322  19.954  11.016  -17.860 0.0000000000
91606  20.230  10.977  -18.011 0.0000000000
91605  20.726  10.869  -18.085 0.0000000000
91604  21.123  10.897  -18.090 0.0000000000
91603  21.482  10.912  -18.078 0.0000000000
91602  21.857  10.950  -18.028 0.0000000000
92321  22.187  10.900  -17.925 0.0000000000
91601  21.969  10.929  -17.972 0.0000000000
92320  22.511  11.003  -17.870 0.0000000000
92319  22.907  11.061  -17.855 0.0000000000
92318  23.238  11.032  -17.885 0.0000000000
92317  23.618  11.013  -17.888 0.0000000000
91600  24.024  10.985  -18.006 0.0000000000
92316  23.884  11.019  -17.886 0.0000000000
91599  24.298  10.801  -18.126 0.0000000000
91595  19.705  10.974  -17.731 0.0000000000
91594  19.874  11.006  -17.853 0.0000000000
91593  20.007  10.987  -17.802 0.0000000000
91587  22.106  10.839  -17.919 0.0000000000
91586  22.750  10.993  -17.657 0.0000000000
91585  23.008  10.955  -17.791 0.0000000000
91584  23.150  10.991  -17.818 0.0000000000
91583  23.646  11.002  -17.788 0.0000000000
91582  24.006  10.918  -17.908 0.0000000000
91577  19.131  10.995  -17.223 0.0000000000
91576  19.461  10.809  -17.468 0.0000000000
91565  18.858  10.955  -16.947 0.0000000000
91564  19.047  10.779  -16.992 0.0000000000
91561  18.862  10.852  -16.640 0.0000000000
92305  18.931  11.007  -16.316 0.0000000000
90954  16.821  10.259  -22.914 0.0000000000
90958  16.238  10.393  -23.021 0.0000000000
90953  16.916  10.273  -22.674 0.0000000000
91684  17.058  10.711  -22.599 0.0000000000
90952  17.008  10.262  -22.616 0.0000000000
90949  17.056  10.333  -22.321 0.0000000000
90947  17.175  10.364  -22.059 0.0000000000
90946  17.221  10.349  -21.993 0.0000000000
90944  17.580  10.052  -21.966 0.0000000000
90943  18.012  10.277  -21.507 0.0000000000
90940  18.008  10.361  -21.356 0.0000000000
90939  17.975  10.225  -21.074 0.0000000000
90936  18.195  10.520  -20.992 0.0000000000
90935  18.400  10.284  -21.006 0.0000000000
90934  18.758  10.333  -20.820 0.0000000000
90931  18.993  10.182  -20.445 0.0000000000
90930  19.027  10.216  -20.567 0.0000000000
91649  19.082  10.585  -20.538 0.0000000000
91644  21.008  10.745  -20.466 0.0000000000
91643  21.163  10.659  -20.349 0.0000000000
91642  21.640  10.601  -20.299 0.0000000000
91641  21.980  10.636  -20.297 0.0000000000
91640  22.018  10.731  -20.387 0.0000000000
91639  22.679  10.600  -20.314 0.0000000000
90927  19.173  10.144  -20.409 0.0000000000
90926  19.600  10.257  -20.043 0.0000000000
90925  19.883  10.415  -19.956 0.0000000000
91633  19.971  10.562  -20.007 0.0000000000
91632  20.086  10.494  -19.984 0.0000000000
90924  20.284  10.480  -20.169 0.0000000000
90923  20.729  10.182  -20.289 0.0000000000
90922  20.975  10.278  -19.994 0.0000000000
90921  21.272  10.142  -20.079 0.0000000000
90920  21.843  10.324  -20.008 0.0000000000
90919  22.009  10.321  -20.090 0.0000000000
90918  22.182  10.233  -20.003 0.0000000000
90917  22.887  10.130  -20.010 0.0000000000
90916  23.005  10.239  -20.262 0.0000000000
90915  23.398  10.311  -20.045 0.0000000000
90914  23.970  10.432  -20.039 0.0000000000
90910  19.986  10.315  -19.882 0.0000000000
90909  20.337  10.301  -19.950 0.0000000000
90900  23.907  10.350  -19.955 0.0000000000
90899  23.992  10.293  -19.868 0.0000000000
91629  24.004  10.707  -19.769 0.0000000000
90898  24.101  10.299  -19.890 0.0000000000
90894  24.594  10.098  -19.692 0.0000000000
91624  24.371  10.590  -19.165 0.0000000000
90893  24.934  10.219  -19.161 0.0000000000
91620  24.805  10.543  -19.003 0.0000000000
90890  24.970  10.305  -19.033 0.0000000000
91616  24.685  10.573  -18.903 0.0000000000
90886  25.019  10.410  -18.975 0.0000000000
91615  24.993  10.428  -18.850 0.0000000000
91611  24.745  10.755  -18.482 0.0000000000
90885  25.234  10.473  -18.821 0.0000000000
91610  24.996  10.542  -18.269 0.0000000000
91598  24.834  10.636  -18.030 0.0000000000
90882  25.230  10.590  -18.127 0.0000000000
91597  24.992  10.473  -18.025 0.0000000000
91592  20.405  10.969  -18.001 0.0000000000
91591  20.918  10.771  -17.988 0.0000000000
91590  20.991  10.837  -17.993 0.0000000000
91589  21.442  10.853  -18.003 0.0000000000
91588  21.968  10.777  -17.971 0.0000000000
91581  24.301  10.876  -17.972 0.0000000000
91580  25.006  10.685  -17.992 0.0000000000
90878  25.089  10.569  -17.994 0.0000000000
91579  25.020  10.520  -17.979 0.0000000000
91575  19.970  10.786  -17.448 0.0000000000
90874  20.100  10.743  -17.669 0.0000000000
91574  20.015  10.458  -17.484 0.0000000000
90873  20.591  10.499  -17.715 0.0000000000
90872  21.015  10.459  -17.707 0.0000000000
90871  21.027  10.483  -17.650 0.0000000000
90870  21.567  10.487  -17.622 0.0000000000
90869  22.010  10.383  -17.621 0.0000000000
91573  22.448  10.612  -17.533 0.0000000000
90868  21.986  10.241  -17.457 0.0000000000
91572  22.849  10.585  -17.513 0.0000000000
91571  22.998  10.621  -17.503 0.0000000000
91570  23.150  10.767  -17.556 0.0000000000
91569  23.728  10.623  -17.461 0.0000000000
91568  23.989  10.518  -17.556 0.0000000000
90867  24.603  10.841  -17.763 0.0000000000
91567  24.000  10.639  -17.500 0.0000000000
90866  24.999  10.481  -17.872 0.0000000000
90865  25.120  10.545  -17.644 0.0000000000
90861  19.612  10.249  -17.350 0.0000000000
91563  19.193  10.380  -17.095 0.0000000000
90860  19.952  10.113  -17.397 0.0000000000
90859  20.105  10.154  -17.402 0.0000000000
90853  22.380  10.051  -17.369 0.0000000000
90852  22.875  10.134  -17.391 0.0000000000
90851  22.987  10.150  -17.406 0.0000000000
90850  23.372  10.221  -17.433 0.0000000000
90849  23.880  10.119  -17.359 0.0000000000
90848  24.048  10.092  -17.342 0.0000000000
90847  24.447  10.138  -17.425 0.0000000000
90841  19.289  10.123  -16.963 0.0000000000
90837  19.226  10.200  -16.830 0.0000000000
91560  19.029  10.878  -16.386 0.0000000000
90840  19.510  9.998  -17.038 0.0000000000
91558  19.011  10.965  -16.311 0.0000000000
90957  16.707  10.005  -23.013 0.0000000000
90227  16.995  10.055  -22.765 0.0000000000
90229  16.790  9.982  -22.801 0.0000000000
90226  17.045  9.991  -22.774 0.0000000000
90224  17.014  9.948  -22.262 0.0000000000
90221  17.122  10.002  -22.023 0.0000000000
90220  17.453  10.027  -21.939 0.0000000000
90217  17.683  10.001  -21.827 0.0000000000
90216  17.982  9.975  -21.662 0.0000000000
90942  18.005  10.084  -21.509 0.0000000000
90215  18.014  10.004  -21.547 0.0000000000
90212  18.119  10.018  -21.419 0.0000000000
90938  18.307  10.077  -21.239 0.0000000000
90211  18.590  10.007  -21.117 0.0000000000
90207  18.524  10.002  -20.994 0.0000000000
90206  18.805  9.932  -20.782 0.0000000000
90202  18.965  9.988  -20.556 0.0000000000
90201  19.083  10.010  -20.440 0.0000000000
90197  19.416  10.007  -20.119 0.0000000000
90196  19.648  10.014  -19.944 0.0000000000
90911  19.812  10.205  -19.917 0.0000000000
90908  20.748  10.237  -19.911 0.0000000000
90907  20.984  10.138  -19.892 0.0000000000
90906  21.433  10.198  -19.881 0.0000000000
90905  21.881  10.229  -19.849 0.0000000000
90904  22.117  10.206  -19.892 0.0000000000
90903  22.476  10.160  -19.877 0.0000000000
90902  22.843  9.997  -20.010 0.0000000000
90195  22.980  10.058  -20.008 0.0000000000
90194  23.158  9.994  -20.108 0.0000000000
90193  23.244  10.050  -20.000 0.0000000000
90901  23.764  10.086  -20.104 0.0000000000
90189  19.864  9.998  -19.878 0.0000000000
90188  19.994  10.043  -19.914 0.0000000000
90187  20.497  10.023  -19.870 0.0000000000
90186  21.011  10.000  -19.867 0.0000000000
90185  21.150  10.066  -19.877 0.0000000000
90184  21.587  10.065  -19.875 0.0000000000
90183  22.008  10.049  -19.866 0.0000000000
90182  22.142  10.101  -19.892 0.0000000000
90181  22.623  10.048  -19.932 0.0000000000
90180  23.047  9.985  -19.969 0.0000000000
90178  23.628  10.021  -20.003 0.0000000000
90177  23.960  10.031  -19.923 0.0000000000
90176  24.034  10.050  -19.888 0.0000000000
90175  24.464  10.002  -19.763 0.0000000000
90172  24.537  9.965  -19.624 0.0000000000
90171  24.841  9.989  -19.306 0.0000000000
90169  24.990  10.085  -19.145 0.0000000000
90168  25.088  10.124  -19.048 0.0000000000
90889  25.059  10.274  -18.934 0.0000000000
90166  25.155  10.110  -18.958 0.0000000000
90165  25.367  10.087  -18.759 0.0000000000
90884  25.422  10.285  -18.370 0.0000000000
90163  25.706  10.000  -18.126 0.0000000000
90881  25.484  10.221  -17.960 0.0000000000
90160  25.733  10.022  -18.000 0.0000000000
90877  25.565  10.400  -17.956 0.0000000000
90157  25.617  10.050  -17.794 0.0000000000
90864  25.366  10.257  -17.481 0.0000000000
90858  20.743  10.104  -17.384 0.0000000000
90857  21.002  10.101  -17.408 0.0000000000
90856  21.189  10.089  -17.401 0.0000000000
90855  21.745  10.003  -17.381 0.0000000000
90854  21.960  10.051  -17.395 0.0000000000
90846  24.958  10.094  -17.461 0.0000000000
90845  25.020  10.251  -17.302 0.0000000000
90137  25.174  9.991  -17.267 0.0000000000
90844  25.247  10.079  -17.102 0.0000000000
90154  19.850  9.988  -17.240 0.0000000000
90133  19.643  9.924  -17.102 0.0000000000
90153  20.015  9.926  -17.285 0.0000000000
90152  20.306  10.028  -17.390 0.0000000000
90151  20.849  9.986  -17.408 0.0000000000
90150  21.029  9.983  -17.404 0.0000000000
90149  21.218  9.975  -17.391 0.0000000000
90148  21.819  9.975  -17.285 0.0000000000
90147  22.029  9.997  -17.407 0.0000000000
90146  22.383  10.011  -17.404 0.0000000000
90145  22.936  9.998  -17.397 0.0000000000
90144  23.010  9.993  -17.420 0.0000000000
90143  23.415  9.980  -17.377 0.0000000000
90142  23.988  10.038  -17.297 0.0000000000
90141  24.136  10.008  -17.212 0.0000000000
90140  24.710  9.980  -17.307 0.0000000000
90139  24.984  10.126  -17.441 0.0000000000
90138  24.995  10.023  -17.353 0.0000000000
90134  19.386  10.012  -17.002 0.0000000000
90127  19.331  9.986  -16.804 0.0000000000
89516  16.960  9.814  -22.662 0.0000000000
89520  16.993  9.766  -22.923 0.0000000000
89515  17.007  9.781  -22.623 0.0000000000
89512  17.267  10.013  -22.077 0.0000000000
90223  17.384  10.007  -22.003 0.0000000000
89511  17.585  9.813  -22.026 0.0000000000
89508  17.649  9.885  -21.901 0.0000000000
90219  17.435  9.956  -21.751 0.0000000000
89507  17.831  9.651  -21.761 0.0000000000
89505  17.962  9.658  -21.679 0.0000000000
89504  18.030  9.575  -21.671 0.0000000000
89500  18.236  9.992  -21.305 0.0000000000
89499  18.787  9.768  -21.077 0.0000000000
90210  18.788  9.938  -21.014 0.0000000000
89498  18.835  9.665  -20.956 0.0000000000
89495  19.002  9.715  -21.014 0.0000000000
89490  18.876  9.775  -20.724 0.0000000000
89489  19.024  9.661  -20.662 0.0000000000
89485  19.296  9.785  -20.215 0.0000000000
89484  19.562  9.745  -20.001 0.0000000000
89480  19.756  9.701  -19.889 0.0000000000
90179  23.139  9.974  -19.986 0.0000000000
89479  19.955  9.669  -19.874 0.0000000000
89478  20.192  9.703  -19.856 0.0000000000
89477  20.714  9.754  -19.863 0.0000000000
89476  21.037  9.828  -19.844 0.0000000000
89475  21.377  10.003  -19.866 0.0000000000
89474  21.867  9.981  -19.868 0.0000000000
89473  22.046  9.980  -19.889 0.0000000000
89472  22.437  10.010  -19.895 0.0000000000
89471  22.854  9.967  -19.970 0.0000000000
89470  23.027  9.793  -19.899 0.0000000000
89469  23.471  9.862  -19.981 0.0000000000
89468  23.985  9.964  -19.854 0.0000000000
89467  23.986  9.843  -19.862 0.0000000000
89466  24.103  9.989  -19.892 0.0000000000
89455  24.242  9.726  -19.782 0.0000000000
89454  24.873  9.782  -19.325 0.0000000000
89451  25.001  9.888  -19.136 0.0000000000
89450  25.201  9.945  -19.159 0.0000000000
89446  25.103  9.993  -19.024 0.0000000000
89445  25.328  9.842  -18.965 0.0000000000
89441  25.631  10.008  -18.558 0.0000000000
89440  25.768  9.754  -18.411 0.0000000000
90162  25.825  9.972  -18.017 0.0000000000
90159  25.700  9.921  -17.924 0.0000000000
89437  26.037  9.606  -18.042 0.0000000000
90156  25.934  9.930  -17.935 0.0000000000
89433  26.021  9.824  -18.004 0.0000000000
90136  25.744  9.984  -17.584 0.0000000000
89413  26.011  9.699  -17.522 0.0000000000
90132  19.829  9.885  -17.198 0.0000000000
89429  20.049  9.973  -17.288 0.0000000000
89409  19.906  9.705  -17.107 0.0000000000
89428  20.364  9.700  -17.395 0.0000000000
89427  20.955  9.818  -17.511 0.0000000000
89426  21.080  9.710  -17.413 0.0000000000
89425  21.458  9.677  -17.394 0.0000000000
89424  21.984  9.707  -17.397 0.0000000000
89423  22.004  9.808  -17.512 0.0000000000
89422  22.550  9.796  -17.398 0.0000000000
89421  22.968  9.737  -17.387 0.0000000000
89420  23.009  9.751  -17.325 0.0000000000
89419  23.672  9.864  -17.381 0.0000000000
90131  24.039  9.773  -17.180 0.0000000000
89405  23.992  9.616  -17.107 0.0000000000
89418  23.987  10.008  -17.219 0.0000000000
90130  24.028  9.889  -17.186 0.0000000000
90129  24.434  9.899  -17.224 0.0000000000
89417  24.971  10.042  -17.387 0.0000000000
89403  24.513  9.693  -17.164 0.0000000000
89416  25.031  9.793  -17.287 0.0000000000
89415  25.032  9.837  -17.121 0.0000000000
89414  25.531  9.995  -17.301 0.0000000000
90126  19.269  10.003  -16.996 0.0000000000
89410  19.756  9.828  -16.996 0.0000000000
89396  19.570  9.604  -16.959 0.0000000000
89404  24.053  9.592  -17.048 0.0000000000
89519  16.995  9.744  -22.807 0.0000000000
88769  17.036  9.432  -22.866 0.0000000000
88768  17.441  9.249  -22.703 0.0000000000
89514  17.289  9.866  -22.379 0.0000000000
88764  17.827  9.677  -22.060 0.0000000000
88763  17.971  9.349  -22.113 0.0000000000
89510  17.741  9.563  -21.963 0.0000000000
88760  17.764  9.136  -21.948 0.0000000000
88757  17.964  9.450  -21.846 0.0000000000
88756  18.035  9.246  -21.958 0.0000000000
88755  18.374  9.081  -21.671 0.0000000000
89503  18.253  9.734  -21.507 0.0000000000
88750  18.848  9.316  -21.254 0.0000000000
88749  19.007  9.267  -21.169 0.0000000000
88744  19.014  9.389  -20.984 0.0000000000
88743  19.116  9.252  -21.023 0.0000000000
89494  19.103  9.443  -20.917 0.0000000000
88739  19.177  9.088  -20.755 0.0000000000
88734  19.272  9.414  -20.443 0.0000000000
88733  19.652  9.153  -20.113 0.0000000000
88729  19.667  9.449  -19.924 0.0000000000
88728  19.870  9.294  -19.962 0.0000000000
88727  20.013  9.203  -19.884 0.0000000000
88726  20.526  9.297  -19.828 0.0000000000
88725  20.841  9.526  -19.814 0.0000000000
88718  20.905  9.257  -19.559 0.0000000000
89463  21.014  9.513  -19.568 0.0000000000
89462  21.342  9.633  -19.525 0.0000000000
89461  21.883  9.833  -19.477 0.0000000000
89460  21.995  9.753  -19.648 0.0000000000
89459  22.050  9.526  -19.569 0.0000000000
89458  22.776  9.741  -19.804 0.0000000000
89457  22.979  9.749  -19.826 0.0000000000
88712  22.984  9.351  -19.578 0.0000000000
88724  23.004  9.432  -19.739 0.0000000000
88723  23.351  9.542  -19.809 0.0000000000
88722  23.856  9.633  -19.747 0.0000000000
88721  23.913  9.626  -19.781 0.0000000000
88709  23.980  9.257  -19.644 0.0000000000
89456  23.984  9.461  -19.804 0.0000000000
88717  21.158  9.093  -19.485 0.0000000000
88716  21.672  9.196  -19.281 0.0000000000
88715  22.018  9.261  -19.239 0.0000000000
88714  22.078  9.221  -19.321 0.0000000000
88713  22.603  9.254  -19.380 0.0000000000
88708  24.149  9.136  -19.536 0.0000000000
88707  24.719  9.121  -19.422 0.0000000000
88700  24.960  9.251  -19.183 0.0000000000
88699  25.016  9.511  -19.140 0.0000000000
88698  25.221  9.369  -19.150 0.0000000000
89449  25.239  9.721  -19.044 0.0000000000
88695  25.347  9.307  -19.066 0.0000000000
88694  25.531  9.163  -18.983 0.0000000000
89444  25.690  9.517  -18.777 0.0000000000
88691  25.885  9.221  -18.539 0.0000000000
88688  25.962  9.375  -18.276 0.0000000000
88687  26.137  9.242  -18.241 0.0000000000
89436  26.214  9.560  -18.009 0.0000000000
89432  26.156  9.608  -17.906 0.0000000000
88685  26.211  9.249  -17.952 0.0000000000
89412  26.076  9.736  -17.667 0.0000000000
88671  26.220  9.389  -17.496 0.0000000000
89408  20.015  9.787  -17.209 0.0000000000
88681  20.272  9.237  -17.305 0.0000000000
88666  20.035  9.467  -17.085 0.0000000000
88680  20.740  9.294  -17.401 0.0000000000
88679  20.995  9.284  -17.415 0.0000000000
88678  21.089  9.233  -17.516 0.0000000000
88677  21.744  9.199  -17.401 0.0000000000
88676  21.977  9.244  -17.428 0.0000000000
88675  22.259  9.296  -17.394 0.0000000000
88674  22.868  9.221  -17.179 0.0000000000
88673  23.005  9.494  -17.273 0.0000000000
89407  23.008  9.277  -17.070 0.0000000000
88664  22.980  9.127  -17.051 0.0000000000
89406  23.456  9.500  -17.056 0.0000000000
89402  24.893  9.628  -17.078 0.0000000000
89401  25.074  9.500  -17.015 0.0000000000
89400  25.437  9.722  -16.976 0.0000000000
89399  25.936  9.424  -17.129 0.0000000000
88672  26.001  9.428  -17.155 0.0000000000
88656  25.986  9.133  -17.063 0.0000000000
89395  19.849  9.634  -17.011 0.0000000000
88667  19.989  9.377  -17.100 0.0000000000
88651  19.910  9.408  -16.960 0.0000000000
88663  23.300  8.991  -17.033 0.0000000000
88662  23.806  9.194  -17.069 0.0000000000
88661  23.998  9.172  -17.052 0.0000000000
88660  24.261  9.203  -17.050 0.0000000000
88659  24.861  9.014  -16.998 0.0000000000
88658  25.008  9.423  -16.902 0.0000000000
88657  25.530  9.386  -16.946 0.0000000000
88652  19.843  9.179  -16.880 0.0000000000
88644  19.449  9.267  -16.244 0.0000000000
89392  19.246  9.758  -16.241 0.0000000000
89397  19.166  9.983  -16.597 0.0000000000
88773  17.069  9.235  -23.010 0.0000000000
88018  17.428  9.035  -22.953 0.0000000000
88017  17.703  8.991  -22.769 0.0000000000
88767  17.982  9.140  -22.492 0.0000000000
88772  17.263  9.089  -23.001 0.0000000000
88016  17.946  9.056  -22.660 0.0000000000
88766  18.067  9.184  -22.456 0.0000000000
88762  18.082  9.193  -22.246 0.0000000000
88014  18.139  9.013  -22.309 0.0000000000
88759  17.961  9.194  -22.021 0.0000000000
88010  18.153  9.075  -22.085 0.0000000000
88006  18.001  9.015  -22.027 0.0000000000
88005  18.222  9.017  -21.982 0.0000000000
88004  18.510  8.964  -21.743 0.0000000000
88754  18.848  9.012  -21.411 0.0000000000
87999  18.972  8.961  -21.288 0.0000000000
87998  19.058  9.042  -21.210 0.0000000000
88748  19.051  9.138  -21.102 0.0000000000
87994  19.139  9.066  -21.096 0.0000000000
87990  19.167  8.996  -21.004 0.0000000000
87989  19.202  8.983  -20.696 0.0000000000
88738  19.477  9.026  -20.429 0.0000000000
87985  19.597  8.956  -20.270 0.0000000000
87984  19.876  8.969  -20.059 0.0000000000
88732  19.904  9.084  -20.025 0.0000000000
87981  19.937  8.969  -19.975 0.0000000000
87980  19.988  8.997  -19.921 0.0000000000
87979  20.113  8.976  -19.897 0.0000000000
87976  20.498  8.981  -19.690 0.0000000000
88719  20.762  9.162  -19.516 0.0000000000
88711  23.184  9.008  -19.500 0.0000000000
88710  23.959  9.149  -19.517 0.0000000000
87975  20.972  8.991  -19.488 0.0000000000
87974  21.055  9.007  -19.511 0.0000000000
87973  21.306  9.000  -19.424 0.0000000000
87962  21.607  9.000  -19.218 0.0000000000
88704  21.803  8.995  -19.234 0.0000000000
88703  21.949  9.091  -19.211 0.0000000000
88702  22.064  8.989  -19.192 0.0000000000
88701  22.298  9.026  -19.183 0.0000000000
87959  22.586  8.994  -19.198 0.0000000000
87972  22.859  9.003  -19.249 0.0000000000
87971  23.018  9.043  -19.408 0.0000000000
87970  23.146  9.002  -19.381 0.0000000000
87969  23.729  8.985  -19.394 0.0000000000
87968  24.000  9.028  -19.440 0.0000000000
87967  24.204  8.996  -19.537 0.0000000000
87966  24.468  9.015  -19.415 0.0000000000
87953  24.709  8.984  -19.354 0.0000000000
87961  21.901  8.970  -19.150 0.0000000000
87960  22.063  9.011  -19.057 0.0000000000
87952  25.052  8.980  -19.139 0.0000000000
87951  25.221  9.000  -19.092 0.0000000000
87948  25.317  8.981  -19.015 0.0000000000
87947  25.737  9.011  -18.785 0.0000000000
87944  26.065  9.016  -18.602 0.0000000000
88690  25.965  9.009  -18.392 0.0000000000
87943  26.020  8.989  -18.266 0.0000000000
87940  26.337  8.960  -18.203 0.0000000000
87932  20.054  9.042  -17.055 0.0000000000
87931  20.489  9.016  -17.210 0.0000000000
87930  20.944  8.962  -17.397 0.0000000000
87929  21.032  8.973  -17.404 0.0000000000
87928  21.386  9.000  -17.418 0.0000000000
87927  21.943  9.002  -17.406 0.0000000000
87926  22.042  8.997  -17.412 0.0000000000
87925  22.488  9.032  -17.349 0.0000000000
88665  22.974  9.043  -17.065 0.0000000000
87917  22.872  9.003  -17.093 0.0000000000
87920  19.928  9.113  -17.003 0.0000000000
87919  20.002  8.990  -17.000 0.0000000000
87916  23.018  8.875  -17.057 0.0000000000
87915  22.999  8.981  -16.985 0.0000000000
87914  23.628  9.014  -17.022 0.0000000000
87913  24.000  9.011  -17.054 0.0000000000
87912  24.156  9.013  -17.003 0.0000000000
87911  24.445  9.045  -16.963 0.0000000000
87906  19.756  9.003  -16.640 0.0000000000
87905  19.959  9.027  -16.778 0.0000000000
87894  19.582  9.021  -16.163 0.0000000000
88641  19.448  9.227  -16.002 0.0000000000
88022  17.194  8.974  -22.933 0.0000000000
87212  17.967  8.808  -22.722 0.0000000000
87217  17.925  8.598  -22.945 0.0000000000
88021  17.537  8.842  -22.990 0.0000000000
87211  18.062  8.737  -22.676 0.0000000000
87208  18.371  8.992  -22.361 0.0000000000
88013  18.369  9.015  -22.061 0.0000000000
88009  18.296  8.992  -22.009 0.0000000000
87207  18.509  8.618  -22.014 0.0000000000
87204  18.412  8.604  -22.004 0.0000000000
87202  18.451  8.649  -21.868 0.0000000000
87201  18.861  8.637  -21.530 0.0000000000
87194  19.000  8.949  -21.226 0.0000000000
87193  19.119  8.981  -21.275 0.0000000000
87188  19.134  8.761  -21.021 0.0000000000
87183  19.155  8.845  -20.944 0.0000000000
87182  19.389  8.828  -20.643 0.0000000000
87179  19.851  8.663  -20.069 0.0000000000
87178  19.964  8.670  -20.029 0.0000000000
87175  19.983  8.790  -19.977 0.0000000000
87174  20.110  8.659  -19.982 0.0000000000
87173  20.254  8.690  -19.706 0.0000000000
87170  20.841  8.648  -19.539 0.0000000000
87169  20.953  8.677  -19.509 0.0000000000
87168  21.005  8.639  -19.485 0.0000000000
87963  21.171  8.998  -19.469 0.0000000000
87958  23.010  8.947  -19.334 0.0000000000
87957  23.005  8.995  -19.130 0.0000000000
87956  23.588  8.869  -19.235 0.0000000000
87955  23.978  8.992  -19.373 0.0000000000
87954  24.034  8.945  -19.580 0.0000000000
87165  21.588  8.647  -19.243 0.0000000000
87164  21.926  8.711  -19.176 0.0000000000
87163  21.986  8.555  -19.123 0.0000000000
87162  22.401  8.541  -19.178 0.0000000000
87161  22.999  8.665  -19.274 0.0000000000
87160  23.046  8.479  -19.127 0.0000000000
87159  23.498  8.515  -19.168 0.0000000000
87158  24.022  8.478  -19.026 0.0000000000
87157  23.999  8.515  -19.382 0.0000000000
87156  24.425  8.639  -19.170 0.0000000000
87155  24.876  8.719  -19.047 0.0000000000
87154  25.001  8.813  -19.066 0.0000000000
87949  25.119  8.868  -19.075 0.0000000000
87150  25.066  8.708  -19.025 0.0000000000
87149  25.328  8.894  -18.883 0.0000000000
87148  25.891  8.856  -18.578 0.0000000000
87145  25.989  8.611  -18.501 0.0000000000
87144  26.102  8.646  -18.466 0.0000000000
87133  20.572  8.933  -17.176 0.0000000000
87918  20.193  9.000  -17.063 0.0000000000
87132  21.007  8.520  -17.283 0.0000000000
87131  20.999  8.735  -17.541 0.0000000000
87130  21.673  8.695  -17.435 0.0000000000
87129  21.966  8.775  -17.441 0.0000000000
87128  22.049  8.839  -17.400 0.0000000000
87127  22.562  8.988  -17.364 0.0000000000
87122  20.070  8.686  -17.001 0.0000000000
87904  20.002  8.979  -16.835 0.0000000000
87121  20.607  8.666  -16.996 0.0000000000
87118  22.948  8.585  -17.047 0.0000000000
87109  19.789  8.769  -16.765 0.0000000000
87893  19.828  8.836  -16.252 0.0000000000
87108  19.861  8.472  -16.485 0.0000000000
87890  19.579  9.000  -16.004 0.0000000000
87096  19.823  8.409  -16.182 0.0000000000
87087  19.721  8.489  -16.017 0.0000000000
87889  19.752  8.965  -16.010 0.0000000000
86359  17.684  8.173  -23.020 0.0000000000
86358  18.029  8.058  -22.959 0.0000000000
87216  18.015  8.397  -22.974 0.0000000000
87218  17.426  8.554  -23.021 0.0000000000
86354  18.031  8.161  -22.831 0.0000000000
86353  18.190  8.000  -22.719 0.0000000000
87210  18.580  8.709  -22.362 0.0000000000
86350  18.566  8.012  -22.142 0.0000000000
86347  18.564  8.227  -22.009 0.0000000000
86344  18.489  8.287  -21.987 0.0000000000
86343  18.841  8.192  -21.888 0.0000000000
86342  19.023  8.029  -21.593 0.0000000000
87200  18.999  8.747  -21.679 0.0000000000
86335  19.207  8.238  -21.314 0.0000000000
86329  18.994  8.283  -20.998 0.0000000000
86328  19.513  8.022  -21.008 0.0000000000
87187  19.275  8.537  -20.978 0.0000000000
86324  19.542  8.041  -20.743 0.0000000000
86320  19.816  8.219  -20.343 0.0000000000
86319  19.994  8.156  -20.179 0.0000000000
86315  20.041  8.446  -20.018 0.0000000000
86314  20.001  8.150  -20.004 0.0000000000
86313  20.196  8.161  -19.994 0.0000000000
86311  20.770  8.043  -19.551 0.0000000000
86310  20.995  8.221  -19.502 0.0000000000
86309  21.089  8.075  -19.494 0.0000000000
86307  21.137  8.010  -19.391 0.0000000000
86306  21.809  8.118  -19.248 0.0000000000
86305  21.987  8.035  -19.149 0.0000000000
86304  22.171  8.029  -19.070 0.0000000000
86303  22.696  8.079  -19.094 0.0000000000
86302  22.997  8.267  -18.993 0.0000000000
86301  23.237  8.278  -19.006 0.0000000000
86300  23.781  8.172  -19.049 0.0000000000
86299  23.990  8.154  -19.003 0.0000000000
86298  24.342  8.037  -19.113 0.0000000000
86297  24.926  8.278  -19.133 0.0000000000
86288  24.686  8.289  -18.952 0.0000000000
87151  24.970  8.610  -18.953 0.0000000000
86287  24.978  8.288  -18.862 0.0000000000
86286  25.271  8.251  -18.815 0.0000000000
86285  25.643  8.478  -18.814 0.0000000000
86282  25.736  8.256  -18.586 0.0000000000
86281  26.018  8.099  -18.448 0.0000000000
86270  21.052  8.146  -17.320 0.0000000000
86260  20.981  8.067  -17.169 0.0000000000
87120  20.995  8.517  -17.002 0.0000000000
86269  21.398  8.298  -17.399 0.0000000000
86268  21.888  8.297  -17.450 0.0000000000
86267  22.005  8.302  -17.337 0.0000000000
87119  22.323  8.692  -17.359 0.0000000000
86266  22.031  8.239  -17.404 0.0000000000
86262  20.454  8.312  -17.023 0.0000000000
86250  20.198  8.240  -16.638 0.0000000000
86261  20.768  8.056  -17.074 0.0000000000
86259  22.515  8.053  -17.099 0.0000000000
86237  20.015  8.198  -16.107 0.0000000000
87095  19.982  8.317  -16.251 0.0000000000
86238  19.882  8.121  -16.062 0.0000000000
85481  18.003  7.948  -22.879 0.0000000000
85482  17.940  7.980  -23.009 0.0000000000
85478  18.083  8.093  -22.873 0.0000000000
85477  18.662  8.009  -22.420 0.0000000000
85474  18.651  7.896  -22.022 0.0000000000
85471  18.782  7.954  -21.971 0.0000000000
86346  18.692  8.024  -21.976 0.0000000000
85470  18.986  7.999  -21.950 0.0000000000
85468  19.049  8.008  -21.758 0.0000000000
85467  19.120  7.998  -21.651 0.0000000000
85458  19.339  8.007  -21.310 0.0000000000
86334  19.523  8.104  -21.011 0.0000000000
85457  19.586  8.008  -21.004 0.0000000000
85452  19.683  7.847  -20.868 0.0000000000
85448  19.792  7.932  -20.636 0.0000000000
86323  19.931  8.007  -20.357 0.0000000000
85447  19.961  7.897  -20.439 0.0000000000
85443  20.038  8.043  -20.243 0.0000000000
86318  20.090  7.979  -20.055 0.0000000000
85442  20.189  7.971  -20.018 0.0000000000
85438  20.142  8.039  -20.013 0.0000000000
85437  20.620  7.905  -19.825 0.0000000000
85433  20.858  7.982  -19.569 0.0000000000
85432  20.980  7.977  -19.515 0.0000000000
85431  21.158  7.983  -19.358 0.0000000000
85428  21.550  8.017  -19.135 0.0000000000
85427  21.971  7.964  -19.083 0.0000000000
85426  22.030  7.986  -19.009 0.0000000000
85425  22.168  8.083  -18.999 0.0000000000
86295  22.301  7.982  -18.991 0.0000000000
86294  22.589  8.086  -18.907 0.0000000000
86293  22.958  8.117  -18.799 0.0000000000
86292  23.136  8.156  -18.860 0.0000000000
86291  23.574  8.180  -18.871 0.0000000000
86290  23.942  8.197  -18.923 0.0000000000
86289  24.184  8.228  -18.932 0.0000000000
85421  22.572  7.981  -18.764 0.0000000000
85420  23.012  7.985  -18.711 0.0000000000
85419  22.979  8.032  -18.842 0.0000000000
85418  23.465  8.014  -18.809 0.0000000000
85417  23.814  7.992  -18.808 0.0000000000
85416  24.005  8.012  -18.851 0.0000000000
85415  24.479  8.034  -18.790 0.0000000000
85414  24.872  8.064  -18.799 0.0000000000
85413  24.998  8.000  -18.764 0.0000000000
85412  25.166  8.010  -18.725 0.0000000000
86283  25.584  8.012  -18.618 0.0000000000
85407  25.522  7.891  -18.512 0.0000000000
85406  25.989  7.987  -18.483 0.0000000000
85393  21.015  8.087  -17.233 0.0000000000
85392  20.999  8.005  -17.284 0.0000000000
85391  21.632  8.026  -17.416 0.0000000000
85390  21.969  7.951  -17.331 0.0000000000
85389  22.029  8.032  -17.275 0.0000000000
86249  20.667  8.053  -16.990 0.0000000000
85385  20.732  7.915  -17.033 0.0000000000
85384  20.907  7.896  -17.100 0.0000000000
85373  20.333  7.993  -16.733 0.0000000000
85361  20.142  8.030  -16.200 0.0000000000
85372  20.605  7.961  -16.926 0.0000000000
84583  17.894  7.647  -22.877 0.0000000000
84582  18.039  7.880  -22.972 0.0000000000
85483  17.507  7.964  -22.993 0.0000000000
84577  18.028  7.569  -22.843 0.0000000000
84576  18.322  7.543  -22.654 0.0000000000
84573  18.803  7.478  -22.268 0.0000000000
84570  18.671  7.680  -21.984 0.0000000000
84569  18.880  7.570  -21.930 0.0000000000
84561  18.917  7.981  -21.647 0.0000000000
84560  18.981  7.530  -21.863 0.0000000000
84559  19.255  7.572  -21.618 0.0000000000
85466  19.479  7.966  -21.297 0.0000000000
84545  19.744  7.577  -21.010 0.0000000000
84535  19.718  7.730  -21.027 0.0000000000
84534  20.027  7.566  -21.008 0.0000000000
85451  19.863  7.782  -20.728 0.0000000000
84527  19.982  7.661  -20.776 0.0000000000
84526  20.140  7.386  -20.747 0.0000000000
85446  20.015  7.978  -20.331 0.0000000000
84522  20.238  7.892  -20.213 0.0000000000
84521  20.534  7.618  -20.125 0.0000000000
85441  20.458  7.980  -19.992 0.0000000000
84519  20.615  7.516  -19.934 0.0000000000
84518  20.848  7.547  -19.798 0.0000000000
85436  20.968  7.972  -19.710 0.0000000000
84516  20.996  7.611  -19.607 0.0000000000
84515  21.049  7.824  -19.462 0.0000000000
84513  21.552  7.865  -19.154 0.0000000000
84512  21.916  7.691  -19.033 0.0000000000
84511  21.970  7.644  -19.004 0.0000000000
84509  22.026  7.559  -18.930 0.0000000000
85422  22.185  7.937  -18.988 0.0000000000
84508  22.403  7.529  -18.805 0.0000000000
84507  22.957  7.558  -18.639 0.0000000000
84506  23.029  7.518  -18.776 0.0000000000
84505  23.294  7.648  -18.934 0.0000000000
84504  23.773  7.643  -18.777 0.0000000000
84503  24.007  7.896  -18.793 0.0000000000
84502  24.321  7.914  -18.812 0.0000000000
84501  24.822  7.970  -18.744 0.0000000000
85409  25.001  7.951  -18.675 0.0000000000
85408  25.059  7.919  -18.540 0.0000000000
84496  24.993  7.436  -18.490 0.0000000000
84495  25.256  7.469  -18.412 0.0000000000
84494  25.928  7.417  -18.530 0.0000000000
84479  21.022  7.883  -17.191 0.0000000000
85383  21.024  7.927  -17.136 0.0000000000
84478  21.233  7.879  -17.282 0.0000000000
84477  21.886  7.867  -17.397 0.0000000000
84474  20.639  7.850  -16.986 0.0000000000
84473  20.917  7.591  -16.965 0.0000000000
84472  21.003  7.598  -17.036 0.0000000000
84463  20.225  7.983  -16.356 0.0000000000
84462  20.468  7.615  -16.587 0.0000000000
83643  17.867  7.461  -22.911 0.0000000000
83638  17.899  7.068  -22.728 0.0000000000
84578  18.033  7.364  -22.729 0.0000000000
83644  17.365  7.258  -22.905 0.0000000000
84584  17.244  7.717  -23.024 0.0000000000
83637  18.012  7.148  -22.671 0.0000000000
83636  18.036  7.087  -22.769 0.0000000000
83632  18.554  6.999  -22.455 0.0000000000
83628  18.467  7.012  -21.972 0.0000000000
83627  18.818  7.135  -21.969 0.0000000000
83626  19.001  6.995  -21.918 0.0000000000
84568  19.006  7.302  -21.906 0.0000000000
83618  19.038  7.072  -21.915 0.0000000000
83617  19.323  7.046  -21.627 0.0000000000
83601  19.697  7.175  -21.391 0.0000000000
83600  19.898  7.129  -21.292 0.0000000000
84544  19.976  7.350  -21.022 0.0000000000
83582  20.011  7.305  -21.166 0.0000000000
83581  20.165  7.182  -21.105 0.0000000000
84533  20.005  7.271  -21.013 0.0000000000
83571  20.165  7.162  -21.002 0.0000000000
83570  20.445  7.018  -20.886 0.0000000000
84525  20.689  7.181  -20.616 0.0000000000
83564  20.795  7.033  -20.147 0.0000000000
83560  20.838  7.181  -19.979 0.0000000000
83559  20.848  7.005  -19.878 0.0000000000
83555  21.009  7.112  -19.880 0.0000000000
83554  21.162  7.136  -19.741 0.0000000000
83550  21.161  7.370  -19.434 0.0000000000
83549  21.695  7.179  -19.209 0.0000000000
83548  22.008  7.107  -19.019 0.0000000000
83544  22.000  7.330  -18.985 0.0000000000
83543  22.127  7.033  -18.907 0.0000000000
83542  22.775  7.032  -18.801 0.0000000000
83541  23.009  7.042  -18.802 0.0000000000
83540  23.176  7.015  -18.772 0.0000000000
83539  23.532  7.325  -18.761 0.0000000000
83535  23.750  7.146  -18.492 0.0000000000
84499  23.990  7.352  -18.531 0.0000000000
84498  24.116  7.375  -18.513 0.0000000000
84497  24.601  7.461  -18.507 0.0000000000
83534  24.028  7.023  -18.459 0.0000000000
83533  24.404  6.986  -18.455 0.0000000000
83532  24.918  7.051  -18.452 0.0000000000
83531  25.002  7.064  -18.470 0.0000000000
83530  25.588  7.026  -18.591 0.0000000000
82681  18.053  7.042  -22.653 0.0000000000
82682  17.967  6.981  -22.701 0.0000000000
82680  18.154  6.988  -22.574 0.0000000000
82676  18.578  6.902  -22.150 0.0000000000
82672  18.705  6.993  -21.988 0.0000000000
82671  18.912  6.897  -21.894 0.0000000000
82670  19.014  6.930  -21.852 0.0000000000
82661  19.053  6.947  -21.769 0.0000000000
82660  19.268  6.949  -21.671 0.0000000000
83616  19.682  7.004  -21.506 0.0000000000
82659  19.910  6.974  -21.396 0.0000000000
82651  20.007  6.961  -21.299 0.0000000000
83599  20.055  7.051  -21.236 0.0000000000
82650  20.097  6.978  -21.226 0.0000000000
82634  20.158  7.031  -21.045 0.0000000000
83580  20.250  6.998  -21.018 0.0000000000
82633  20.283  6.907  -20.973 0.0000000000
82622  20.432  6.996  -20.784 0.0000000000
82612  20.816  6.987  -20.259 0.0000000000
82611  20.992  6.911  -20.087 0.0000000000
83563  20.963  6.989  -20.011 0.0000000000
82603  20.994  6.957  -20.016 0.0000000000
82602  21.072  6.916  -19.985 0.0000000000
83558  21.047  7.012  -19.907 0.0000000000
82599  21.185  7.008  -19.779 0.0000000000
82598  21.471  6.921  -19.461 0.0000000000
83553  21.403  7.004  -19.543 0.0000000000
82595  21.714  7.016  -19.299 0.0000000000
82594  21.984  7.013  -19.172 0.0000000000
82593  22.255  7.012  -19.069 0.0000000000
83547  22.210  7.049  -19.022 0.0000000000
82590  22.225  6.994  -18.989 0.0000000000
82589  22.583  6.865  -18.915 0.0000000000
82588  22.883  6.844  -18.805 0.0000000000
82587  23.014  6.989  -18.782 0.0000000000
82584  23.392  6.956  -18.604 0.0000000000
83536  23.578  7.008  -18.661 0.0000000000
82583  23.906  6.940  -18.442 0.0000000000
82582  24.018  6.999  -18.431 0.0000000000
82581  24.268  6.986  -18.365 0.0000000000
82580  24.861  6.998  -18.386 0.0000000000
82579  25.038  6.980  -18.458 0.0000000000
82578  25.251  6.963  -18.593 0.0000000000
81789  17.993  6.870  -22.690 0.0000000000
81784  18.030  6.549  -22.456 0.0000000000
82677  18.180  6.840  -22.525 0.0000000000
81783  18.335  6.435  -22.286 0.0000000000
81779  18.399  6.349  -22.000 0.0000000000
81778  18.859  6.537  -21.906 0.0000000000
81770  18.969  6.665  -21.604 0.0000000000
82662  18.981  6.979  -21.820 0.0000000000
81769  19.000  6.409  -21.729 0.0000000000
81768  19.599  6.305  -21.607 0.0000000000
81767  20.008  6.300  -21.440 0.0000000000
81763  20.014  6.430  -21.295 0.0000000000
81762  20.278  6.515  -21.148 0.0000000000
81749  20.351  6.660  -20.996 0.0000000000
81748  20.504  6.476  -20.998 0.0000000000
81736  20.734  6.608  -20.632 0.0000000000
82621  20.832  6.933  -20.237 0.0000000000
81735  21.000  6.414  -20.477 0.0000000000
81724  20.992  6.641  -20.222 0.0000000000
82610  21.036  6.838  -20.115 0.0000000000
81723  21.209  6.532  -20.187 0.0000000000
81715  21.251  6.631  -19.997 0.0000000000
82601  21.514  6.971  -20.010 0.0000000000
81714  21.837  6.548  -19.986 0.0000000000
81707  21.866  6.620  -19.338 0.0000000000
82597  21.934  6.868  -19.203 0.0000000000
81706  22.008  6.457  -19.502 0.0000000000
81703  22.011  6.761  -19.162 0.0000000000
81702  22.561  6.662  -19.102 0.0000000000
82592  22.564  6.767  -19.014 0.0000000000
81701  22.839  6.480  -18.971 0.0000000000
81698  22.861  6.611  -18.831 0.0000000000
81697  23.042  6.541  -18.920 0.0000000000
81696  23.147  6.476  -18.827 0.0000000000
81692  23.793  6.894  -18.537 0.0000000000
81691  24.017  6.778  -18.456 0.0000000000
81690  24.000  6.474  -18.418 0.0000000000
80937  18.309  6.103  -22.025 0.0000000000
80938  18.140  6.025  -22.186 0.0000000000
80933  18.314  5.991  -21.989 0.0000000000
80932  18.760  6.057  -21.997 0.0000000000
80923  18.750  6.007  -21.752 0.0000000000
80922  19.012  6.023  -21.706 0.0000000000
80921  19.262  6.007  -21.638 0.0000000000
80920  19.812  6.013  -21.513 0.0000000000
80916  19.979  6.037  -21.321 0.0000000000
80915  20.150  6.042  -21.256 0.0000000000
80914  20.583  6.009  -21.227 0.0000000000
81761  20.512  6.310  -21.045 0.0000000000
80904  20.645  6.006  -21.009 0.0000000000
80903  20.714  6.013  -20.932 0.0000000000
81747  20.822  6.151  -20.906 0.0000000000
80893  20.959  6.079  -20.674 0.0000000000
80892  21.063  6.036  -20.607 0.0000000000
81734  21.046  6.239  -20.435 0.0000000000
80883  21.311  6.019  -20.300 0.0000000000
80874  21.253  6.198  -19.994 0.0000000000
80873  21.804  6.009  -20.007 0.0000000000
80872  21.978  6.012  -19.993 0.0000000000
81713  21.983  6.352  -19.661 0.0000000000
80863  21.986  6.092  -19.863 0.0000000000
80862  22.219  6.041  -19.738 0.0000000000
81705  22.154  6.333  -19.482 0.0000000000
80855  22.343  6.174  -19.456 0.0000000000
80854  22.610  6.074  -19.215 0.0000000000
80853  23.027  6.204  -19.090 0.0000000000
81700  22.963  6.448  -18.917 0.0000000000
80849  23.052  6.280  -18.994 0.0000000000
80848  23.190  6.160  -18.962 0.0000000000
80847  23.519  6.066  -18.872 0.0000000000
81695  23.985  6.419  -18.671 0.0000000000
81694  23.988  6.370  -18.660 0.0000000000
80934  18.240  5.985  -22.175 0.0000000000
80073  18.102  5.827  -22.001 0.0000000000
80079  18.088  5.923  -22.127 0.0000000000
80072  18.199  6.020  -21.953 0.0000000000
80924  18.508  5.995  -21.793 0.0000000000
80062  18.736  5.984  -21.373 0.0000000000
80061  19.003  5.964  -21.588 0.0000000000
80060  19.059  5.948  -21.642 0.0000000000
80059  19.492  5.929  -21.649 0.0000000000
80058  19.984  5.970  -21.491 0.0000000000
80054  20.014  5.893  -21.310 0.0000000000
80053  20.198  5.940  -21.284 0.0000000000
80052  20.515  5.922  -21.111 0.0000000000
80043  20.793  5.847  -21.002 0.0000000000
80042  20.923  5.892  -20.807 0.0000000000
80029  20.979  5.997  -20.674 0.0000000000
80028  21.043  5.826  -20.691 0.0000000000
80018  21.558  5.977  -20.294 0.0000000000
80882  21.843  5.998  -20.084 0.0000000000
80017  21.946  5.803  -20.074 0.0000000000
80881  21.994  5.923  -20.028 0.0000000000
80016  21.928  5.772  -20.009 0.0000000000
80008  22.056  5.767  -19.993 0.0000000000
80871  21.989  5.985  -19.983 0.0000000000
80007  22.070  5.854  -19.917 0.0000000000
79997  22.427  5.922  -19.612 0.0000000000
80861  22.573  6.027  -19.454 0.0000000000
79996  22.785  5.920  -19.248 0.0000000000
79988  23.008  5.992  -19.138 0.0000000000
79987  23.126  5.999  -19.150 0.0000000000
80852  23.089  6.017  -19.031 0.0000000000
79986  23.438  5.945  -18.974 0.0000000000
79980  23.542  5.877  -18.885 0.0000000000
80063  18.040  5.908  -21.824 0.0000000000
79214  17.982  5.511  -21.882 0.0000000000
79213  18.283  5.240  -21.340 0.0000000000
79212  18.932  5.289  -21.349 0.0000000000
79211  18.990  5.411  -21.630 0.0000000000
79210  19.231  5.470  -21.631 0.0000000000
79209  19.752  5.698  -21.649 0.0000000000
79203  19.826  5.412  -21.369 0.0000000000
79202  20.101  5.420  -21.260 0.0000000000
79201  20.368  5.693  -21.263 0.0000000000
79192  20.448  5.456  -21.073 0.0000000000
79191  20.806  5.420  -20.933 0.0000000000
79190  21.001  5.351  -20.978 0.0000000000
80041  21.048  5.735  -20.880 0.0000000000
79176  21.033  5.382  -20.912 0.0000000000
79175  21.263  5.317  -20.763 0.0000000000
80027  21.547  5.805  -20.296 0.0000000000
79165  21.942  5.329  -20.225 0.0000000000
79164  22.025  5.382  -20.117 0.0000000000
79155  22.046  5.552  -20.010 0.0000000000
79154  22.220  5.397  -20.035 0.0000000000
79153  22.477  5.420  -19.994 0.0000000000
80006  22.549  5.866  -19.744 0.0000000000
79145  22.905  5.491  -19.610 0.0000000000
79144  22.977  5.308  -19.509 0.0000000000
79995  22.979  5.839  -19.204 0.0000000000
79134  23.004  5.562  -19.256 0.0000000000
79133  23.356  5.415  -19.256 0.0000000000
78353  18.360  5.013  -21.587 0.0000000000
78354  17.989  5.067  -21.691 0.0000000000
78352  18.912  5.048  -21.551 0.0000000000
78351  19.000  5.029  -21.624 0.0000000000
78350  19.317  5.012  -21.426 0.0000000000
79204  19.575  5.119  -21.581 0.0000000000
78342  19.689  4.975  -21.289 0.0000000000
78341  19.920  4.982  -21.131 0.0000000000
78340  19.986  5.001  -21.123 0.0000000000
79193  20.168  5.125  -21.175 0.0000000000
78336  20.071  5.037  -21.007 0.0000000000
78335  20.774  5.002  -20.994 0.0000000000
78334  20.955  4.969  -20.967 0.0000000000
78333  20.996  5.011  -20.873 0.0000000000
78321  21.162  5.022  -20.870 0.0000000000
78320  21.611  5.070  -20.462 0.0000000000
78309  21.969  4.989  -20.222 0.0000000000
78308  22.073  4.999  -20.205 0.0000000000
79163  22.192  5.138  -20.177 0.0000000000
78307  22.204  4.936  -20.166 0.0000000000
78299  22.355  5.006  -20.037 0.0000000000
78298  22.488  5.058  -19.966 0.0000000000
78289  22.795  5.110  -19.971 0.0000000000
78288  22.986  5.098  -19.631 0.0000000000
78287  23.027  5.033  -19.560 0.0000000000
79143  23.014  5.172  -19.534 0.0000000000
77486  18.550  4.959  -21.649 0.0000000000
77487  18.109  4.947  -21.687 0.0000000000
77485  18.892  4.959  -21.566 0.0000000000
77484  19.034  4.939  -21.554 0.0000000000
78343  19.165  4.972  -21.477 0.0000000000
77475  19.303  4.720  -21.283 0.0000000000
77474  19.729  4.743  -21.104 0.0000000000
77473  19.962  4.969  -21.000 0.0000000000
78337  19.996  5.017  -20.998 0.0000000000
77467  20.011  4.772  -20.886 0.0000000000
77466  20.365  4.913  -20.892 0.0000000000
77465  20.699  4.992  -20.955 0.0000000000
77464  21.058  4.818  -20.698 0.0000000000
77463  21.026  4.959  -20.931 0.0000000000
77452  21.273  4.933  -20.748 0.0000000000
77451  21.821  4.997  -20.274 0.0000000000
77436  21.964  4.871  -20.185 0.0000000000
77435  22.075  4.704  -20.117 0.0000000000
77434  22.228  4.836  -20.090 0.0000000000
77424  22.336  4.831  -19.971 0.0000000000
77423  22.738  5.004  -19.888 0.0000000000
78297  22.776  5.071  -19.763 0.0000000000
77422  22.950  4.909  -19.685 0.0000000000
77415  23.037  4.839  -19.583 0.0000000000
76599  18.341  4.425  -21.610 0.0000000000
76598  18.712  4.648  -21.578 0.0000000000
76589  18.891  4.234  -21.433 0.0000000000
77476  19.021  4.685  -21.407 0.0000000000
76588  19.044  4.244  -21.289 0.0000000000
76587  19.425  4.324  -21.209 0.0000000000
76581  19.710  4.315  -21.008 0.0000000000
77468  19.907  4.623  -21.006 0.0000000000
76580  19.930  4.327  -20.960 0.0000000000
76579  20.006  4.327  -20.911 0.0000000000
76578  20.590  4.431  -20.864 0.0000000000
76577  20.971  4.743  -20.762 0.0000000000
76572  20.995  4.453  -20.625 0.0000000000
77453  21.024  4.754  -20.827 0.0000000000
76571  21.218  4.400  -20.563 0.0000000000
76570  21.714  4.664  -20.634 0.0000000000
76557  21.839  4.308  -20.191 0.0000000000
76556  21.982  4.269  -20.014 0.0000000000
76543  22.084  4.355  -19.990 0.0000000000
77425  22.057  4.656  -20.018 0.0000000000
76542  22.004  4.292  -19.947 0.0000000000
76541  22.641  4.301  -19.871 0.0000000000
76540  23.114  4.610  -19.776 0.0000000000
76532  22.932  4.430  -19.541 0.0000000000
75675  18.842  3.979  -21.276 0.0000000000
75674  19.003  3.993  -21.230 0.0000000000
76590  18.485  3.991  -21.487 0.0000000000
75673  19.222  4.013  -21.183 0.0000000000
75665  19.233  3.999  -21.019 0.0000000000
75664  19.734  4.047  -20.946 0.0000000000
75663  19.963  4.005  -20.928 0.0000000000
75662  20.122  4.020  -20.934 0.0000000000
75657  20.579  4.011  -20.705 0.0000000000
76573  20.983  4.067  -20.555 0.0000000000
75656  20.888  4.005  -20.511 0.0000000000
75655  21.087  3.999  -20.496 0.0000000000
75645  21.116  4.003  -20.274 0.0000000000
76558  21.419  4.017  -20.242 0.0000000000
75644  21.644  4.002  -20.080 0.0000000000
75643  21.896  4.084  -20.030 0.0000000000
75628  21.991  3.998  -20.008 0.0000000000
75627  22.109  4.040  -19.806 0.0000000000
75626  22.261  4.046  -19.782 0.0000000000
75614  22.518  3.992  -19.637 0.0000000000
76533  22.887  3.978  -19.526 0.0000000000
74764  18.922  3.866  -21.157 0.0000000000
74765  18.445  3.648  -21.200 0.0000000000
75676  18.266  3.970  -21.336 0.0000000000
74763  19.022  3.771  -21.167 0.0000000000
75666  18.983  3.970  -21.122 0.0000000000
74753  18.999  3.789  -20.938 0.0000000000
74752  19.363  3.998  -20.783 0.0000000000
74751  19.918  3.857  -20.905 0.0000000000
74750  19.994  3.812  -21.017 0.0000000000
74749  20.229  3.999  -20.940 0.0000000000
74742  20.542  3.925  -20.830 0.0000000000
74741  20.917  3.901  -20.446 0.0000000000
75646  20.998  3.986  -20.387 0.0000000000
74736  21.020  3.728  -20.236 0.0000000000
74735  21.248  3.673  -20.148 0.0000000000
74734  21.472  3.839  -20.060 0.0000000000
75629  21.690  3.903  -20.004 0.0000000000
74721  21.566  3.800  -19.975 0.0000000000
74720  21.902  3.986  -19.875 0.0000000000
75616  21.990  3.991  -19.819 0.0000000000
75615  22.023  3.998  -19.768 0.0000000000
74754  19.005  3.646  -21.025 0.0000000000
74755  18.963  3.591  -21.037 0.0000000000
73846  18.701  3.208  -20.971 0.0000000000
73856  18.282  3.119  -20.985 0.0000000000
73845  19.000  3.367  -20.987 0.0000000000
73844  19.105  3.359  -20.965 0.0000000000
73843  19.685  3.421  -20.928 0.0000000000
73842  19.966  3.358  -20.723 0.0000000000
73841  19.980  3.365  -20.826 0.0000000000
74743  20.089  3.795  -20.918 0.0000000000
73834  20.058  3.208  -20.666 0.0000000000
73833  20.695  3.149  -20.248 0.0000000000
74737  20.973  3.729  -20.310 0.0000000000
73829  20.961  3.252  -20.077 0.0000000000
73828  20.982  3.389  -20.066 0.0000000000
73827  21.041  3.367  -20.030 0.0000000000
74722  21.439  3.418  -20.071 0.0000000000
73818  21.082  3.314  -19.998 0.0000000000
72927  18.526  2.996  -20.898 0.0000000000
72926  18.886  3.041  -20.948 0.0000000000
73847  18.194  3.182  -20.920 0.0000000000
72925  19.015  3.016  -20.969 0.0000000000
72924  19.515  3.096  -21.002 0.0000000000
72923  19.904  3.032  -20.685 0.0000000000
72918  19.995  3.006  -20.615 0.0000000000
73835  20.027  3.129  -20.639 0.0000000000
72917  20.244  2.993  -20.514 0.0000000000
72916  20.351  3.037  -20.367 0.0000000000
72911  20.693  2.955  -20.069 0.0000000000
72910  20.957  3.052  -20.011 0.0000000000
72905  20.907  3.054  -19.939 0.0000000000
73819  21.072  3.094  -20.004 0.0000000000
71953  18.897  2.813  -20.918 0.0000000000
71952  19.004  2.858  -20.964 0.0000000000
71951  19.384  2.876  -20.907 0.0000000000
71950  19.856  2.999  -20.792 0.0000000000
71944  19.997  2.864  -20.610 0.0000000000
71943  20.024  2.903  -20.534 0.0000000000
71938  20.216  2.662  -20.260 0.0000000000
72912  20.585  2.988  -20.409 0.0000000000
71937  20.624  2.858  -20.190 0.0000000000
71932  20.589  2.803  -19.989 0.0000000000
72906  20.754  2.883  -20.008 0.0000000000
71931  20.730  2.968  -19.990 0.0000000000
70982  18.976  2.273  -20.871 0.0000000000
70981  19.020  2.577  -20.965 0.0000000000
70975  19.164  2.225  -20.862 0.0000000000
71945  19.619  2.579  -20.745 0.0000000000
103262  15.313  15.438  -21.011 0.0000000000
103264  15.220  15.465  -21.091 0.0000000000
