#!ascii label  , from subject  vox2ras=TkReg
435
104847  17.380  16.245  -14.985 0.0000000000
104846  17.869  16.463  -14.969 0.0000000000
104840  17.913  16.446  -14.690 0.0000000000
104841  17.249  16.138  -14.335 0.0000000000
104848  16.995  16.055  -14.954 0.0000000000
104852  17.211  16.310  -15.092 0.0000000000
104853  16.988  16.091  -15.126 0.0000000000
104842  17.058  16.010  -14.373 0.0000000000
104030  17.020  15.982  -14.654 0.0000000000
104036  16.977  16.002  -15.000 0.0000000000
104851  17.756  16.489  -14.985 0.0000000000
105598  17.619  16.425  -15.076 0.0000000000
104860  16.995  16.206  -15.567 0.0000000000
104859  17.066  16.339  -15.878 0.0000000000
105604  17.615  16.846  -15.798 0.0000000000
104043  16.977  16.062  -15.288 0.0000000000
104870  16.974  16.359  -15.987 0.0000000000
104869  17.303  16.254  -15.989 0.0000000000
105610  17.546  16.686  -15.997 0.0000000000
104054  16.961  16.122  -15.542 0.0000000000
104861  16.788  16.229  -15.744 0.0000000000
104871  16.743  16.244  -15.885 0.0000000000
104055  16.975  16.008  -15.725 0.0000000000
104880  16.988  16.335  -16.207 0.0000000000
104879  17.263  16.213  -16.176 0.0000000000
105620  17.498  16.756  -16.302 0.0000000000
104881  16.728  16.221  -16.055 0.0000000000
104063  16.834  16.005  -16.004 0.0000000000
105621  17.013  16.690  -16.170 0.0000000000
104887  16.706  16.249  -16.563 0.0000000000
104886  16.998  16.235  -16.884 0.0000000000
105632  17.132  16.616  -16.601 0.0000000000
104068  16.652  16.002  -16.156 0.0000000000
104893  16.677  16.323  -17.003 0.0000000000
104892  17.009  16.561  -16.974 0.0000000000
105640  17.042  16.847  -17.013 0.0000000000
104073  16.267  16.016  -16.476 0.0000000000
104888  16.197  16.025  -16.667 0.0000000000
104894  16.337  16.138  -16.968 0.0000000000
104074  16.436  16.005  -16.730 0.0000000000
105641  16.997  16.645  -17.004 0.0000000000
104898  16.328  16.010  -17.148 0.0000000000
104897  16.609  16.409  -17.503 0.0000000000
105647  16.838  16.910  -17.143 0.0000000000
104077  16.384  15.975  -17.000 0.0000000000
104903  16.275  16.023  -17.733 0.0000000000
104902  16.622  16.433  -17.964 0.0000000000
105653  16.784  16.824  -17.768 0.0000000000
104080  16.419  15.951  -17.263 0.0000000000
104908  16.229  16.299  -17.989 0.0000000000
104907  16.542  16.505  -18.009 0.0000000000
105657  16.734  16.974  -18.037 0.0000000000
104083  16.193  15.966  -17.831 0.0000000000
105658  16.615  16.727  -18.061 0.0000000000
104086  16.272  15.999  -18.081 0.0000000000
104911  16.246  16.250  -18.442 0.0000000000
105663  16.467  16.915  -18.146 0.0000000000
104090  16.133  16.007  -18.281 0.0000000000
104912  16.023  15.890  -18.576 0.0000000000
104916  16.051  16.080  -18.805 0.0000000000
104915  16.076  16.288  -18.996 0.0000000000
105666  16.351  16.751  -18.969 0.0000000000
104091  15.987  16.030  -18.416 0.0000000000
104920  16.002  16.217  -18.963 0.0000000000
104919  16.087  16.428  -19.027 0.0000000000
105670  16.066  16.715  -19.034 0.0000000000
104094  15.967  16.013  -18.837 0.0000000000
105671  15.996  16.467  -19.032 0.0000000000
104097  15.980  16.024  -19.032 0.0000000000
104923  15.977  16.241  -19.422 0.0000000000
105676  15.902  16.632  -19.124 0.0000000000
104101  15.994  16.000  -19.720 0.0000000000
104926  15.923  16.268  -19.890 0.0000000000
105681  16.002  16.721  -19.816 0.0000000000
105597  17.981  16.709  -15.270 0.0000000000
105603  17.863  16.938  -15.857 0.0000000000
105609  17.822  16.963  -16.008 0.0000000000
105619  17.840  16.974  -16.157 0.0000000000
106379  17.649  16.936  -16.338 0.0000000000
105631  17.333  16.772  -16.830 0.0000000000
106387  17.506  17.002  -16.625 0.0000000000
105639  17.207  16.872  -17.027 0.0000000000
106396  17.352  17.000  -17.031 0.0000000000
106397  17.128  16.931  -17.076 0.0000000000
105646  16.950  16.985  -17.443 0.0000000000
106405  17.068  16.937  -17.306 0.0000000000
105652  16.933  16.902  -17.721 0.0000000000
106412  16.981  17.008  -17.771 0.0000000000
106413  16.866  16.981  -17.822 0.0000000000
106421  16.845  17.073  -17.984 0.0000000000
105662  16.705  16.995  -18.247 0.0000000000
106427  16.656  17.094  -18.431 0.0000000000
106428  16.593  16.993  -18.439 0.0000000000
106433  16.441  16.994  -18.810 0.0000000000
106437  16.317  16.989  -19.000 0.0000000000
105675  15.994  16.919  -19.376 0.0000000000
106441  16.121  17.002  -19.270 0.0000000000
105680  15.988  16.975  -19.996 0.0000000000
106445  16.190  17.102  -19.830 0.0000000000
105685  15.998  16.746  -19.997 0.0000000000
105684  16.156  16.778  -20.006 0.0000000000
106448  16.580  17.006  -19.973 0.0000000000
106378  17.848  17.013  -16.203 0.0000000000
106386  17.693  17.102  -16.734 0.0000000000
106395  17.621  17.155  -16.997 0.0000000000
107171  17.457  17.139  -17.041 0.0000000000
106404  17.149  17.012  -17.191 0.0000000000
107177  17.125  17.220  -17.228 0.0000000000
107178  17.055  17.001  -17.373 0.0000000000
107184  17.007  17.118  -17.676 0.0000000000
106420  16.976  17.141  -17.964 0.0000000000
107190  17.047  17.288  -17.991 0.0000000000
107191  16.998  17.308  -18.015 0.0000000000
107198  16.831  17.345  -18.227 0.0000000000
106432  16.390  17.124  -18.953 0.0000000000
107204  16.706  17.420  -18.798 0.0000000000
107205  16.452  17.054  -18.923 0.0000000000
107211  16.509  17.062  -19.022 0.0000000000
107217  16.368  17.301  -19.227 0.0000000000
107221  16.357  17.116  -19.837 0.0000000000
106444  16.725  17.033  -20.005 0.0000000000
105683  16.847  16.734  -20.077 0.0000000000
106447  16.954  16.974  -19.917 0.0000000000
107170  17.826  17.420  -17.004 0.0000000000
107176  17.841  17.692  -17.498 0.0000000000
107183  17.237  17.440  -17.981 0.0000000000
107182  17.650  17.778  -17.958 0.0000000000
107956  17.634  17.788  -17.995 0.0000000000
107189  17.183  17.489  -17.987 0.0000000000
107962  17.465  17.569  -18.023 0.0000000000
107963  17.234  17.474  -18.050 0.0000000000
107197  16.982  17.572  -18.424 0.0000000000
107970  17.060  17.506  -18.149 0.0000000000
107203  16.971  17.795  -19.001 0.0000000000
107978  17.037  17.656  -18.766 0.0000000000
107979  17.006  17.698  -19.009 0.0000000000
107210  16.654  17.558  -19.017 0.0000000000
107986  16.974  17.574  -19.050 0.0000000000
107216  16.688  17.481  -19.496 0.0000000000
107990  16.989  17.786  -19.124 0.0000000000
107220  16.894  17.184  -20.016 0.0000000000
107215  17.003  17.378  -19.647 0.0000000000
106443  17.055  17.003  -19.965 0.0000000000
107219  17.013  17.055  -19.793 0.0000000000
107955  17.937  17.863  -17.847 0.0000000000
107961  17.952  17.760  -18.024 0.0000000000
107969  17.435  17.768  -18.347 0.0000000000
107968  17.977  18.036  -18.654 0.0000000000
107977  17.505  17.812  -18.999 0.0000000000
107976  17.910  17.982  -19.001 0.0000000000
107984  17.578  17.824  -19.191 0.0000000000
107985  17.049  17.659  -19.002 0.0000000000
107983  17.939  17.796  -19.007 0.0000000000
107988  17.761  17.832  -19.443 0.0000000000
107989  17.010  17.595  -19.307 0.0000000000
107214  17.409  17.131  -19.777 0.0000000000
107213  17.994  17.207  -19.328 0.0000000000
107987  17.986  17.756  -19.216 0.0000000000
107209  17.970  17.525  -19.205 0.0000000000
107208  17.987  17.219  -19.166 0.0000000000
107982  18.197  17.673  -19.159 0.0000000000
107975  18.012  17.961  -19.056 0.0000000000
107207  18.495  17.234  -18.993 0.0000000000
107981  18.659  17.793  -19.007 0.0000000000
108648  18.214  17.989  -18.990 0.0000000000
107206  18.765  17.345  -19.011 0.0000000000
107980  18.976  17.592  -19.032 0.0000000000
107973  18.974  17.762  -18.991 0.0000000000
107974  18.668  18.001  -19.014 0.0000000000
108647  18.332  18.082  -19.031 0.0000000000
107201  18.970  17.146  -18.786 0.0000000000
108646  17.983  17.850  -18.773 0.0000000000
108645  18.018  18.012  -18.801 0.0000000000
108644  18.362  18.208  -18.668 0.0000000000
107200  19.110  17.585  -18.968 0.0000000000
107972  19.040  17.945  -18.833 0.0000000000
108643  18.993  18.007  -18.572 0.0000000000
107199  19.241  17.837  -18.937 0.0000000000
107971  19.289  18.016  -18.830 0.0000000000
108642  18.998  18.111  -18.631 0.0000000000
107194  19.498  17.262  -18.559 0.0000000000
107966  19.639  17.997  -18.525 0.0000000000
108641  19.205  18.109  -18.494 0.0000000000
107967  18.114  18.004  -18.291 0.0000000000
107960  18.064  17.968  -18.017 0.0000000000
108640  18.007  17.868  -18.612 0.0000000000
108639  18.175  18.017  -18.356 0.0000000000
107193  20.013  17.495  -18.362 0.0000000000
107965  19.917  17.996  -18.404 0.0000000000
108635  19.467  18.086  -18.272 0.0000000000
107954  18.127  17.779  -17.755 0.0000000000
107959  18.340  18.003  -18.012 0.0000000000
107953  18.554  17.979  -17.865 0.0000000000
108632  18.155  18.071  -17.997 0.0000000000
108631  18.646  18.127  -17.999 0.0000000000
107949  17.979  17.626  -17.243 0.0000000000
107948  18.012  17.718  -17.111 0.0000000000
107947  18.553  17.929  -17.382 0.0000000000
107952  18.904  18.091  -17.851 0.0000000000
107946  18.930  17.996  -17.514 0.0000000000
108624  18.820  18.110  -17.950 0.0000000000
108623  19.003  18.033  -17.963 0.0000000000
107939  17.981  17.595  -17.083 0.0000000000
107938  18.027  17.626  -17.003 0.0000000000
107937  18.392  17.741  -17.010 0.0000000000
107936  18.945  17.741  -17.023 0.0000000000
107945  19.109  17.999  -17.347 0.0000000000
107935  19.144  17.909  -17.082 0.0000000000
108617  18.990  18.018  -17.590 0.0000000000
107944  19.279  18.006  -17.244 0.0000000000
107934  19.599  18.007  -17.067 0.0000000000
108616  19.170  18.016  -17.593 0.0000000000
108615  19.830  18.076  -17.193 0.0000000000
107169  17.977  17.530  -16.982 0.0000000000
107929  18.048  17.568  -16.981 0.0000000000
107164  17.993  17.431  -16.797 0.0000000000
107928  18.603  17.750  -16.808 0.0000000000
107927  18.975  17.756  -16.809 0.0000000000
107926  19.099  17.879  -16.732 0.0000000000
107925  19.635  17.776  -16.946 0.0000000000
107163  18.387  17.593  -16.661 0.0000000000
107919  18.809  17.705  -16.105 0.0000000000
107158  18.369  17.289  -16.349 0.0000000000
107918  18.939  17.769  -16.189 0.0000000000
107917  19.018  17.740  -16.225 0.0000000000
107916  19.497  17.818  -16.337 0.0000000000
107911  18.709  17.521  -15.979 0.0000000000
107155  18.477  17.499  -16.014 0.0000000000
107910  19.009  17.703  -15.996 0.0000000000
107909  19.041  17.776  -16.039 0.0000000000
107908  19.658  17.783  -16.017 0.0000000000
107154  18.900  17.743  -16.005 0.0000000000
107902  18.947  17.567  -15.813 0.0000000000
107149  18.984  17.634  -15.676 0.0000000000
107901  19.074  17.628  -15.874 0.0000000000
107900  19.609  17.764  -15.830 0.0000000000
107148  19.003  17.424  -15.552 0.0000000000
107147  19.098  17.666  -15.807 0.0000000000
106442  17.180  16.985  -19.887 0.0000000000
107218  17.142  17.014  -19.724 0.0000000000
106440  17.412  16.995  -19.495 0.0000000000
106439  17.894  16.991  -19.275 0.0000000000
106438  18.006  16.993  -19.233 0.0000000000
107212  18.029  17.048  -19.196 0.0000000000
106435  18.071  16.898  -19.182 0.0000000000
106434  18.178  17.042  -19.036 0.0000000000
106430  18.460  16.996  -18.835 0.0000000000
107202  18.726  16.984  -18.959 0.0000000000
106429  18.812  16.988  -18.805 0.0000000000
106424  18.979  17.031  -18.410 0.0000000000
107196  18.999  16.989  -18.551 0.0000000000
107195  19.063  17.090  -18.648 0.0000000000
106423  19.095  17.011  -18.296 0.0000000000
106422  19.286  17.016  -18.372 0.0000000000
106416  19.534  17.008  -18.064 0.0000000000
107188  19.843  17.102  -18.023 0.0000000000
107187  20.016  17.225  -18.095 0.0000000000
107165  17.834  17.274  -16.470 0.0000000000
107160  18.027  17.128  -16.052 0.0000000000
107159  18.007  17.250  -16.185 0.0000000000
106377  17.994  17.032  -15.957 0.0000000000
107156  18.013  17.120  -15.963 0.0000000000
106373  17.907  17.116  -15.972 0.0000000000
107151  18.154  17.076  -15.702 0.0000000000
106369  18.006  17.008  -15.678 0.0000000000
107150  18.515  17.270  -15.475 0.0000000000
106368  18.171  17.136  -15.295 0.0000000000
107145  18.588  17.136  -15.085 0.0000000000
106364  18.419  17.000  -15.116 0.0000000000
107144  18.887  17.225  -15.311 0.0000000000
107143  18.985  17.115  -15.210 0.0000000000
107142  19.430  17.396  -15.219 0.0000000000
106363  18.914  17.043  -15.032 0.0000000000
106362  19.016  17.057  -14.989 0.0000000000
107138  19.155  17.078  -14.995 0.0000000000
106358  19.015  17.000  -14.968 0.0000000000
107137  19.448  17.290  -14.999 0.0000000000
106357  19.499  17.094  -14.865 0.0000000000
105682  16.997  16.784  -19.931 0.0000000000
106446  16.991  16.822  -20.079 0.0000000000
105678  17.027  16.717  -19.966 0.0000000000
105677  17.075  16.947  -19.794 0.0000000000
105673  17.518  16.785  -19.510 0.0000000000
105672  17.813  16.903  -19.258 0.0000000000
105668  17.894  16.784  -19.014 0.0000000000
106436  17.999  16.966  -19.062 0.0000000000
105667  18.038  16.976  -18.989 0.0000000000
105664  18.005  16.942  -18.967 0.0000000000
106431  18.202  16.978  -18.882 0.0000000000
105660  17.948  16.697  -18.406 0.0000000000
106426  18.169  16.840  -18.383 0.0000000000
106425  18.702  16.953  -18.220 0.0000000000
105659  18.545  16.599  -18.227 0.0000000000
105655  18.703  16.575  -18.046 0.0000000000
106419  18.905  16.918  -17.972 0.0000000000
106418  18.979  17.006  -18.027 0.0000000000
106417  19.152  17.023  -18.072 0.0000000000
105654  18.868  16.951  -17.980 0.0000000000
105650  18.940  16.798  -17.788 0.0000000000
106411  18.955  17.007  -17.938 0.0000000000
106410  19.053  17.011  -18.003 0.0000000000
106374  17.898  17.028  -15.880 0.0000000000
106370  17.976  16.957  -15.772 0.0000000000
105602  17.902  16.998  -15.812 0.0000000000
106365  18.035  17.004  -15.246 0.0000000000
105596  17.999  16.869  -15.505 0.0000000000
105595  18.203  16.995  -15.005 0.0000000000
106360  18.748  16.975  -15.017 0.0000000000
105590  18.396  16.789  -15.058 0.0000000000
106359  18.832  17.007  -15.010 0.0000000000
105589  18.923  16.936  -14.990 0.0000000000
105588  18.954  16.950  -15.030 0.0000000000
106353  19.105  16.941  -14.912 0.0000000000
105582  19.000  16.966  -14.893 0.0000000000
106352  19.590  16.958  -14.914 0.0000000000
105581  19.559  16.999  -14.714 0.0000000000
104924  16.967  16.041  -19.943 0.0000000000
104922  16.984  16.062  -19.778 0.0000000000
105674  17.007  16.430  -19.755 0.0000000000
105679  16.987  16.380  -19.959 0.0000000000
104921  17.246  16.031  -19.296 0.0000000000
104918  17.386  16.126  -19.063 0.0000000000
105669  17.712  16.611  -19.024 0.0000000000
104917  17.694  16.431  -18.990 0.0000000000
104913  17.648  16.297  -18.828 0.0000000000
105665  17.893  16.674  -18.634 0.0000000000
104910  17.806  16.267  -18.331 0.0000000000
105661  18.010  16.529  -18.443 0.0000000000
104909  17.976  16.307  -18.242 0.0000000000
104905  18.001  16.160  -18.014 0.0000000000
105656  18.124  16.294  -18.016 0.0000000000
104904  18.193  16.238  -17.977 0.0000000000
104900  18.156  16.226  -17.844 0.0000000000
105651  18.678  16.759  -17.994 0.0000000000
104899  18.750  16.758  -17.864 0.0000000000
105592  17.998  16.559  -15.009 0.0000000000
105591  18.019  16.678  -15.010 0.0000000000
104845  17.921  16.586  -15.032 0.0000000000
105585  18.017  16.391  -14.754 0.0000000000
104839  17.945  16.432  -14.657 0.0000000000
105584  18.251  16.506  -14.609 0.0000000000
105583  18.941  16.731  -14.851 0.0000000000
104838  17.993  16.285  -14.484 0.0000000000
105577  18.617  16.307  -14.056 0.0000000000
104829  18.266  16.301  -14.111 0.0000000000
105576  18.948  16.474  -14.212 0.0000000000
105575  19.014  16.515  -14.323 0.0000000000
105574  19.467  16.694  -14.421 0.0000000000
104828  18.860  16.377  -13.997 0.0000000000
104827  19.006  16.331  -14.016 0.0000000000
104826  19.331  16.311  -13.985 0.0000000000
104099  17.115  16.016  -19.516 0.0000000000
104095  17.319  15.993  -19.206 0.0000000000
104093  17.441  16.003  -18.919 0.0000000000
104914  17.440  16.099  -18.998 0.0000000000
104092  17.471  16.028  -18.916 0.0000000000
104088  17.699  16.014  -18.657 0.0000000000
104085  17.989  16.007  -18.077 0.0000000000
104906  17.930  16.004  -18.004 0.0000000000
104084  18.029  15.980  -18.013 0.0000000000
104082  18.032  15.992  -17.973 0.0000000000
104901  18.069  16.063  -17.958 0.0000000000
104081  18.088  16.028  -17.888 0.0000000000
104833  17.128  16.013  -14.166 0.0000000000
104025  17.012  15.988  -14.219 0.0000000000
104832  17.339  16.152  -14.089 0.0000000000
104831  17.892  16.301  -14.027 0.0000000000
104830  17.982  16.336  -14.136 0.0000000000
104024  17.273  16.032  -14.059 0.0000000000
104816  17.444  16.215  -14.017 0.0000000000
104014  17.202  16.108  -13.994 0.0000000000
104815  17.883  16.415  -13.985 0.0000000000
104814  18.002  16.377  -13.970 0.0000000000
104813  18.200  16.339  -14.015 0.0000000000
104812  18.751  16.312  -13.944 0.0000000000
104811  18.986  16.360  -13.948 0.0000000000
104810  19.280  16.315  -13.967 0.0000000000
104795  17.045  16.268  -13.425 0.0000000000
104001  16.998  16.055  -13.711 0.0000000000
104794  17.794  16.352  -13.503 0.0000000000
104793  18.002  16.430  -13.544 0.0000000000
104792  18.003  16.326  -13.460 0.0000000000
104791  18.673  16.322  -13.484 0.0000000000
104790  18.993  16.337  -13.791 0.0000000000
104102  15.840  15.990  -19.341 0.0000000000
104106  15.696  16.010  -19.985 0.0000000000
104105  15.658  16.135  -19.913 0.0000000000
103241  16.002  15.858  -18.995 0.0000000000
103245  15.907  15.882  -19.010 0.0000000000
104098  15.901  15.996  -19.082 0.0000000000
103239  16.012  15.697  -18.768 0.0000000000
104087  16.118  15.992  -18.053 0.0000000000
103236  16.019  15.742  -18.080 0.0000000000
103237  17.873  15.830  -18.131 0.0000000000
103238  17.647  15.732  -18.437 0.0000000000
104089  17.479  15.925  -18.835 0.0000000000
103235  16.202  15.861  -18.034 0.0000000000
103231  16.176  15.634  -17.890 0.0000000000
103234  17.947  15.719  -18.019 0.0000000000
103233  18.073  15.865  -17.970 0.0000000000
103228  16.128  15.805  -17.621 0.0000000000
103225  16.461  15.736  -17.031 0.0000000000
103222  16.450  15.801  -16.881 0.0000000000
104069  16.622  15.975  -16.425 0.0000000000
103218  16.425  15.987  -16.728 0.0000000000
103217  16.552  15.703  -16.159 0.0000000000
103214  16.787  15.645  -16.114 0.0000000000
103209  16.662  15.791  -15.970 0.0000000000
104044  16.919  15.997  -15.218 0.0000000000
103195  16.666  15.811  -15.482 0.0000000000
104037  16.984  16.003  -15.039 0.0000000000
103183  16.888  15.844  -15.084 0.0000000000
103182  16.945  15.805  -15.006 0.0000000000
103178  17.004  15.826  -14.822 0.0000000000
103175  16.991  15.960  -14.211 0.0000000000
104015  17.173  15.990  -14.010 0.0000000000
102331  17.758  15.066  -18.173 0.0000000000
102329  17.806  15.228  -18.023 0.0000000000
102326  17.817  15.240  -17.965 0.0000000000
103230  17.878  15.586  -17.881 0.0000000000
103229  18.047  15.766  -17.799 0.0000000000
101385  17.758  14.954  -17.982 0.0000000000
101389  17.726  15.019  -18.074 0.0000000000
104927  15.509  16.202  -19.987 0.0000000000
108621  19.611  18.086  -17.848 0.0000000000
108622  19.164  18.102  -17.905 0.0000000000
108620  20.003  18.085  -17.833 0.0000000000
108627  19.991  18.041  -17.997 0.0000000000
108628  19.535  18.100  -18.040 0.0000000000
108629  19.116  18.099  -18.051 0.0000000000
108630  18.953  18.052  -18.067 0.0000000000
108634  19.868  18.095  -18.190 0.0000000000
108636  19.042  18.098  -18.263 0.0000000000
108637  18.939  18.163  -18.304 0.0000000000
108638  18.521  18.105  -18.363 0.0000000000
