#!ascii label  , from subject  vox2ras=TkReg
2181
81674  -13.828  8.862  -18.838 0.0000000000
80809  -13.923  8.739  -18.625 0.0000000000
81671  -13.793  8.918  -18.354 0.0000000000
80820  -13.986  8.644  -19.004 0.0000000000
81683  -13.823  8.948  -19.058 0.0000000000
81673  -13.628  8.980  -18.616 0.0000000000
81682  -13.661  8.985  -18.987 0.0000000000
82474  -13.569  9.171  -18.738 0.0000000000
82478  -13.641  9.167  -18.985 0.0000000000
81701  -13.530  8.963  -19.155 0.0000000000
81702  -13.897  8.763  -18.993 0.0000000000
80836  -13.510  8.829  -19.669 0.0000000000
80837  -13.861  8.539  -19.475 0.0000000000
81713  -13.517  8.986  -19.835 0.0000000000
82492  -13.596  9.070  -19.389 0.0000000000
80841  -13.584  8.794  -19.996 0.0000000000
81717  -13.537  9.014  -20.024 0.0000000000
82511  -13.470  9.038  -19.960 0.0000000000
80852  -13.546  8.794  -20.076 0.0000000000
81716  -13.225  8.994  -20.118 0.0000000000
82516  -13.541  9.055  -20.002 0.0000000000
82515  -13.152  9.219  -20.048 0.0000000000
82471  -13.583  9.082  -18.246 0.0000000000
83195  -13.517  9.591  -18.436 0.0000000000
83198  -13.522  9.697  -18.995 0.0000000000
83202  -13.498  9.677  -19.122 0.0000000000
83207  -13.554  9.630  -19.324 0.0000000000
82491  -13.389  9.437  -19.522 0.0000000000
82510  -13.365  9.324  -19.880 0.0000000000
83206  -13.080  9.692  -19.354 0.0000000000
83226  -13.155  9.611  -19.908 0.0000000000
81725  -13.023  9.048  -20.454 0.0000000000
82522  -13.099  9.006  -20.308 0.0000000000
83236  -13.112  9.519  -20.030 0.0000000000
82514  -13.012  9.519  -20.003 0.0000000000
82521  -12.996  9.162  -20.365 0.0000000000
82520  -12.473  9.088  -20.707 0.0000000000
81724  -12.863  8.994  -20.614 0.0000000000
83235  -12.977  9.678  -20.041 0.0000000000
83242  -12.992  9.388  -20.334 0.0000000000
83192  -13.534  9.693  -18.033 0.0000000000
83889  -13.464  9.961  -18.120 0.0000000000
83895  -13.471  10.000  -18.568 0.0000000000
83899  -13.456  10.060  -18.999 0.0000000000
83903  -13.259  9.990  -19.015 0.0000000000
83201  -13.251  9.985  -19.174 0.0000000000
83908  -13.135  10.006  -19.494 0.0000000000
83924  -13.023  9.951  -19.759 0.0000000000
83225  -13.012  9.888  -20.004 0.0000000000
83942  -12.743  9.858  -19.994 0.0000000000
83234  -12.635  9.991  -20.190 0.0000000000
83241  -12.131  9.835  -20.714 0.0000000000
83870  -13.426  9.975  -17.992 0.0000000000
83888  -13.278  10.048  -17.990 0.0000000000
83894  -13.275  10.074  -18.655 0.0000000000
83898  -13.237  10.106  -19.022 0.0000000000
83902  -13.194  10.069  -19.216 0.0000000000
84654  -13.067  10.129  -19.401 0.0000000000
83907  -12.971  10.013  -19.725 0.0000000000
83923  -12.898  9.963  -19.953 0.0000000000
83941  -12.490  10.006  -20.201 0.0000000000
83922  -12.613  9.986  -20.003 0.0000000000
84648  -13.152  10.274  -19.076 0.0000000000
84653  -12.917  10.265  -19.484 0.0000000000
84647  -12.989  10.533  -19.020 0.0000000000
84659  -12.771  10.050  -19.906 0.0000000000
85355  -12.684  10.700  -19.158 0.0000000000
84652  -12.510  10.424  -19.675 0.0000000000
84658  -12.639  10.335  -19.993 0.0000000000
85354  -12.383  10.986  -19.519 0.0000000000
85360  -12.203  10.901  -19.932 0.0000000000
84643  -13.122  10.286  -18.818 0.0000000000
84642  -12.972  10.412  -18.974 0.0000000000
85351  -12.781  10.677  -18.991 0.0000000000
84638  -13.103  10.297  -18.329 0.0000000000
84637  -12.875  10.210  -18.651 0.0000000000
85347  -12.620  10.568  -18.968 0.0000000000
84621  -13.002  10.408  -18.025 0.0000000000
84620  -12.986  10.348  -18.058 0.0000000000
85341  -12.719  10.662  -18.376 0.0000000000
84603  -13.229  10.345  -17.963 0.0000000000
84602  -12.987  10.387  -18.003 0.0000000000
85324  -12.775  10.614  -17.964 0.0000000000
83869  -13.233  10.022  -17.740 0.0000000000
84598  -13.178  10.197  -17.417 0.0000000000
84597  -13.008  10.329  -17.617 0.0000000000
85317  -12.810  10.719  -17.950 0.0000000000
83864  -13.186  10.027  -17.235 0.0000000000
84593  -13.176  10.136  -17.025 0.0000000000
84592  -12.995  10.101  -16.954 0.0000000000
85312  -12.879  10.570  -17.304 0.0000000000
83861  -13.015  10.096  -17.030 0.0000000000
83860  -13.068  9.955  -16.939 0.0000000000
84587  -12.928  10.054  -16.932 0.0000000000
84586  -12.794  10.310  -16.953 0.0000000000
84591  -12.662  10.637  -16.997 0.0000000000
85307  -12.721  10.552  -17.059 0.0000000000
85306  -12.492  10.833  -17.099 0.0000000000
83856  -12.969  10.006  -16.850 0.0000000000
84583  -12.866  10.106  -16.727 0.0000000000
84582  -12.822  10.315  -16.383 0.0000000000
85303  -12.411  10.987  -16.745 0.0000000000
83853  -12.754  10.000  -16.297 0.0000000000
83948  -12.188  9.999  -20.487 0.0000000000
84677  -12.383  10.242  -20.159 0.0000000000
83940  -12.160  10.076  -20.278 0.0000000000
83947  -12.020  9.986  -20.528 0.0000000000
84676  -12.151  10.479  -20.253 0.0000000000
84689  -12.035  10.217  -20.448 0.0000000000
83175  -13.480  9.790  -17.872 0.0000000000
83174  -13.148  9.915  -17.587 0.0000000000
83157  -13.160  9.911  -17.119 0.0000000000
83152  -13.185  9.849  -16.990 0.0000000000
83857  -13.075  9.999  -16.848 0.0000000000
83148  -12.979  9.991  -16.720 0.0000000000
83147  -12.850  9.729  -16.882 0.0000000000
83143  -12.858  9.651  -16.241 0.0000000000
83849  -12.688  9.935  -16.019 0.0000000000
83852  -12.601  10.031  -16.036 0.0000000000
83141  -12.712  9.784  -16.024 0.0000000000
83848  -12.523  10.004  -15.989 0.0000000000
83240  -12.019  9.723  -20.606 0.0000000000
82519  -12.076  9.354  -20.887 0.0000000000
82527  -12.004  9.133  -20.910 0.0000000000
83247  -11.873  9.547  -20.898 0.0000000000
83239  -11.870  9.920  -20.658 0.0000000000
83246  -11.695  9.614  -20.913 0.0000000000
83946  -11.987  10.032  -20.617 0.0000000000
83953  -11.695  9.980  -20.815 0.0000000000
82468  -13.594  9.166  -17.988 0.0000000000
82459  -13.558  9.179  -17.778 0.0000000000
83158  -13.402  9.631  -17.449 0.0000000000
82439  -13.577  9.100  -17.191 0.0000000000
83153  -13.387  9.505  -17.060 0.0000000000
82435  -13.547  9.140  -16.970 0.0000000000
82434  -13.101  9.276  -16.986 0.0000000000
82430  -12.956  9.332  -16.760 0.0000000000
83144  -13.001  9.624  -16.409 0.0000000000
82427  -13.041  9.261  -16.044 0.0000000000
82426  -12.984  9.243  -15.983 0.0000000000
82422  -12.980  9.249  -15.984 0.0000000000
83138  -12.610  9.590  -15.978 0.0000000000
83140  -12.604  9.995  -15.795 0.0000000000
82419  -12.858  9.033  -15.634 0.0000000000
83135  -12.845  9.603  -15.195 0.0000000000
83137  -12.465  9.996  -15.427 0.0000000000
82417  -12.849  9.102  -15.010 0.0000000000
83134  -12.526  9.780  -15.028 0.0000000000
82526  -11.720  9.224  -20.942 0.0000000000
81734  -11.983  9.003  -20.990 0.0000000000
81735  -12.047  8.970  -20.929 0.0000000000
82528  -12.275  9.001  -20.907 0.0000000000
82525  -11.432  9.134  -20.986 0.0000000000
81733  -11.483  8.986  -20.976 0.0000000000
81741  -11.220  9.008  -21.097 0.0000000000
82531  -11.594  9.270  -21.481 0.0000000000
83245  -11.385  9.842  -21.011 0.0000000000
83250  -11.529  9.725  -21.112 0.0000000000
81723  -12.584  9.009  -20.768 0.0000000000
81736  -12.533  8.944  -20.812 0.0000000000
81670  -13.646  8.997  -18.233 0.0000000000
81666  -13.682  8.990  -18.053 0.0000000000
81662  -13.729  8.978  -17.990 0.0000000000
81641  -13.714  8.969  -17.620 0.0000000000
81631  -13.660  8.976  -17.004 0.0000000000
81627  -13.506  9.021  -16.872 0.0000000000
82431  -13.458  9.119  -16.889 0.0000000000
81626  -13.397  8.997  -16.687 0.0000000000
81622  -13.248  9.014  -16.286 0.0000000000
81618  -13.219  9.005  -15.921 0.0000000000
82423  -13.124  9.245  -15.900 0.0000000000
81615  -13.118  9.068  -15.683 0.0000000000
82420  -13.007  9.219  -15.717 0.0000000000
81614  -12.972  9.068  -15.541 0.0000000000
81610  -12.962  8.972  -15.339 0.0000000000
81608  -12.881  8.896  -15.081 0.0000000000
82414  -12.853  8.999  -14.986 0.0000000000
82416  -12.594  9.443  -14.984 0.0000000000
80889  -11.206  8.994  -21.303 0.0000000000
80888  -11.102  8.687  -21.114 0.0000000000
81740  -11.193  8.861  -21.028 0.0000000000
81744  -11.487  9.017  -21.461 0.0000000000
80875  -11.011  8.770  -20.994 0.0000000000
81732  -11.169  8.992  -20.995 0.0000000000
80879  -12.148  8.688  -20.983 0.0000000000
80880  -12.840  8.610  -20.840 0.0000000000
81737  -12.920  8.936  -20.682 0.0000000000
80878  -11.985  8.619  -20.885 0.0000000000
80877  -11.851  8.794  -20.968 0.0000000000
80876  -11.338  8.655  -20.854 0.0000000000
80865  -13.038  8.639  -20.676 0.0000000000
80851  -13.044  9.016  -20.529 0.0000000000
80864  -12.924  8.743  -20.697 0.0000000000
80805  -13.850  8.564  -18.100 0.0000000000
81667  -13.725  8.866  -18.061 0.0000000000
80801  -14.000  8.719  -18.008 0.0000000000
81663  -13.873  8.993  -18.005 0.0000000000
80798  -13.999  8.966  -17.661 0.0000000000
81642  -13.834  8.813  -17.286 0.0000000000
80780  -13.883  8.351  -17.098 0.0000000000
81632  -13.762  8.751  -17.041 0.0000000000
80769  -13.880  8.518  -17.031 0.0000000000
80768  -13.638  8.816  -16.994 0.0000000000
80764  -13.527  8.771  -16.698 0.0000000000
81623  -13.315  9.033  -16.242 0.0000000000
80760  -13.468  8.609  -16.103 0.0000000000
81619  -13.343  8.800  -16.001 0.0000000000
80758  -13.526  8.517  -16.078 0.0000000000
80757  -13.185  8.975  -15.998 0.0000000000
80754  -13.158  8.876  -15.692 0.0000000000
81611  -12.983  8.970  -15.474 0.0000000000
80751  -13.042  8.685  -15.249 0.0000000000
80750  -12.934  8.720  -15.164 0.0000000000
80746  -12.896  8.624  -14.999 0.0000000000
81606  -12.841  8.934  -14.998 0.0000000000
80893  -11.262  8.690  -21.825 0.0000000000
80017  -10.998  8.346  -21.381 0.0000000000
80887  -10.986  8.645  -21.127 0.0000000000
80023  -11.049  8.067  -21.489 0.0000000000
80892  -11.082  8.397  -21.392 0.0000000000
80874  -10.845  8.700  -20.992 0.0000000000
80016  -10.799  8.147  -21.584 0.0000000000
80886  -10.313  8.481  -21.241 0.0000000000
80873  -10.301  8.802  -21.007 0.0000000000
80015  -10.186  8.077  -21.496 0.0000000000
80885  -9.913  8.344  -21.069 0.0000000000
80872  -10.030  8.652  -21.060 0.0000000000
80014  -10.032  8.103  -21.175 0.0000000000
80006  -12.534  7.926  -20.983 0.0000000000
80007  -12.963  8.113  -20.875 0.0000000000
80881  -12.981  8.406  -20.761 0.0000000000
80005  -12.000  8.102  -20.964 0.0000000000
80004  -11.911  8.190  -20.831 0.0000000000
80003  -11.756  8.330  -20.963 0.0000000000
80863  -11.136  8.455  -20.532 0.0000000000
79992  -11.287  8.152  -20.581 0.0000000000
80862  -11.019  8.584  -20.728 0.0000000000
80861  -10.933  8.372  -20.530 0.0000000000
80860  -10.202  8.801  -20.706 0.0000000000
81722  -10.019  8.856  -21.010 0.0000000000
81731  -10.097  8.705  -21.011 0.0000000000
80002  -9.861  8.231  -21.056 0.0000000000
80871  -9.889  8.737  -20.976 0.0000000000
81730  -10.003  8.734  -20.998 0.0000000000
80001  -9.260  8.340  -21.190 0.0000000000
80870  -9.138  8.420  -21.094 0.0000000000
80857  -9.132  8.502  -20.675 0.0000000000
80858  -9.937  8.683  -20.486 0.0000000000
81729  -9.974  8.803  -20.853 0.0000000000
80000  -9.240  8.050  -21.071 0.0000000000
80869  -9.151  8.215  -21.012 0.0000000000
80856  -8.998  8.179  -20.872 0.0000000000
79999  -9.073  8.024  -20.934 0.0000000000
79994  -13.145  8.154  -20.832 0.0000000000
80866  -13.286  8.642  -20.638 0.0000000000
80008  -13.041  8.100  -20.888 0.0000000000
79991  -11.023  8.078  -20.427 0.0000000000
79990  -10.987  8.182  -20.330 0.0000000000
80850  -10.730  8.066  -20.186 0.0000000000
79981  -10.959  7.996  -20.227 0.0000000000
80849  -10.375  8.297  -20.200 0.0000000000
80859  -10.041  8.672  -20.527 0.0000000000
80848  -10.011  8.397  -20.224 0.0000000000
81721  -10.073  8.846  -20.838 0.0000000000
80847  -9.995  8.517  -20.153 0.0000000000
81720  -10.010  8.978  -20.711 0.0000000000
80846  -9.679  8.349  -20.027 0.0000000000
79989  -9.232  8.149  -20.180 0.0000000000
79988  -8.992  8.136  -20.496 0.0000000000
79983  -13.894  8.454  -20.003 0.0000000000
80853  -13.744  8.591  -19.986 0.0000000000
79995  -13.645  8.217  -20.430 0.0000000000
79980  -10.403  7.988  -20.094 0.0000000000
79979  -10.010  8.026  -20.094 0.0000000000
79978  -9.872  8.061  -20.030 0.0000000000
79977  -9.404  8.004  -20.208 0.0000000000
80842  -13.826  8.471  -19.901 0.0000000000
79967  -14.006  8.183  -19.698 0.0000000000
79952  -13.984  8.310  -19.296 0.0000000000
79972  -13.889  8.000  -19.896 0.0000000000
79953  -14.201  8.291  -19.151 0.0000000000
80821  -14.105  8.547  -19.014 0.0000000000
80810  -13.995  8.701  -18.973 0.0000000000
79939  -14.275  8.392  -18.998 0.0000000000
79935  -14.262  8.459  -18.687 0.0000000000
80806  -14.014  8.742  -18.504 0.0000000000
79931  -14.306  8.366  -18.043 0.0000000000
80802  -14.069  8.617  -18.040 0.0000000000
79927  -14.368  8.257  -17.843 0.0000000000
80799  -14.125  8.579  -17.741 0.0000000000
79912  -14.199  8.238  -17.394 0.0000000000
80781  -14.029  8.502  -17.398 0.0000000000
79911  -14.011  8.057  -17.282 0.0000000000
79897  -14.012  8.152  -17.042 0.0000000000
79892  -14.072  8.195  -16.919 0.0000000000
80765  -13.922  8.429  -16.933 0.0000000000
79888  -13.941  8.053  -16.489 0.0000000000
80761  -13.940  8.283  -16.656 0.0000000000
79887  -13.802  8.152  -16.171 0.0000000000
79883  -13.745  8.077  -16.080 0.0000000000
79881  -13.608  8.075  -15.957 0.0000000000
80755  -13.468  8.556  -15.947 0.0000000000
79880  -13.317  8.327  -15.902 0.0000000000
79877  -13.271  8.186  -15.475 0.0000000000
79875  -13.143  8.268  -14.988 0.0000000000
80747  -13.070  8.651  -14.996 0.0000000000
79874  -13.031  8.410  -14.926 0.0000000000
79871  -12.973  8.266  -14.698 0.0000000000
80743  -12.677  8.732  -14.885 0.0000000000
79120  -11.001  7.982  -21.591 0.0000000000
80022  -11.007  8.012  -21.636 0.0000000000
79121  -11.122  7.986  -21.565 0.0000000000
80024  -11.339  8.010  -21.790 0.0000000000
79119  -10.751  7.869  -21.569 0.0000000000
80021  -10.545  8.018  -21.656 0.0000000000
79118  -10.254  8.004  -21.406 0.0000000000
79114  -10.011  8.017  -21.346 0.0000000000
79113  -9.985  7.968  -21.237 0.0000000000
80013  -9.792  8.185  -21.475 0.0000000000
79112  -9.568  8.010  -21.380 0.0000000000
80012  -9.184  8.044  -21.403 0.0000000000
79111  -9.208  7.998  -21.121 0.0000000000
79105  -13.188  8.013  -20.781 0.0000000000
79104  -13.034  7.971  -20.898 0.0000000000
79103  -12.970  7.900  -20.936 0.0000000000
79102  -12.166  8.003  -20.890 0.0000000000
79101  -11.987  7.994  -20.899 0.0000000000
79993  -11.905  7.997  -20.713 0.0000000000
79092  -12.071  7.995  -20.757 0.0000000000
79100  -8.993  8.064  -21.005 0.0000000000
79099  -8.979  7.922  -20.878 0.0000000000
79094  -13.383  8.058  -20.631 0.0000000000
79095  -13.668  8.016  -20.545 0.0000000000
79996  -13.916  8.073  -20.276 0.0000000000
79984  -13.938  8.069  -20.015 0.0000000000
79091  -11.654  8.005  -20.594 0.0000000000
79090  -11.150  8.016  -20.399 0.0000000000
79982  -10.997  8.005  -20.310 0.0000000000
79083  -11.094  7.983  -20.351 0.0000000000
79089  -8.977  7.938  -20.370 0.0000000000
79976  -9.133  8.024  -20.265 0.0000000000
79085  -14.044  7.878  -20.045 0.0000000000
79096  -13.937  7.999  -20.099 0.0000000000
79082  -10.974  7.956  -20.353 0.0000000000
79081  -10.652  7.970  -20.237 0.0000000000
79080  -10.156  8.009  -20.232 0.0000000000
79079  -9.991  7.999  -20.190 0.0000000000
79078  -9.787  7.946  -20.055 0.0000000000
79077  -9.224  8.016  -20.113 0.0000000000
79072  -14.072  7.951  -19.992 0.0000000000
79973  -13.997  8.097  -20.000 0.0000000000
79968  -14.111  8.222  -19.574 0.0000000000
79055  -14.461  8.083  -19.134 0.0000000000
79954  -14.391  8.137  -18.964 0.0000000000
79067  -14.273  8.056  -19.302 0.0000000000
79940  -14.595  8.090  -18.998 0.0000000000
79936  -14.512  8.172  -18.422 0.0000000000
79932  -14.492  8.004  -18.029 0.0000000000
79033  -14.224  7.999  -17.696 0.0000000000
79034  -14.521  8.024  -17.935 0.0000000000
79928  -14.454  7.994  -17.989 0.0000000000
79019  -14.237  7.992  -17.107 0.0000000000
79898  -14.326  8.099  -17.015 0.0000000000
79005  -14.274  7.897  -16.990 0.0000000000
79893  -14.203  8.041  -16.956 0.0000000000
78997  -14.181  8.027  -16.880 0.0000000000
78996  -13.902  7.982  -16.811 0.0000000000
78992  -13.973  7.911  -16.410 0.0000000000
79884  -13.830  7.991  -16.288 0.0000000000
78989  -13.871  7.872  -16.141 0.0000000000
78988  -13.770  8.026  -16.010 0.0000000000
78984  -13.646  7.962  -15.850 0.0000000000
79878  -13.560  8.017  -15.761 0.0000000000
78982  -13.458  8.015  -15.337 0.0000000000
78981  -13.200  8.031  -15.008 0.0000000000
78978  -13.208  7.998  -14.956 0.0000000000
79872  -13.155  8.111  -14.819 0.0000000000
78976  -13.032  7.962  -14.724 0.0000000000
78975  -13.007  8.011  -14.678 0.0000000000
79861  -12.947  8.005  -14.559 0.0000000000
79860  -12.584  8.120  -14.203 0.0000000000
79870  -12.657  8.346  -14.546 0.0000000000
78966  -12.805  7.902  -14.360 0.0000000000
78175  -13.070  7.644  -20.934 0.0000000000
78176  -13.137  7.529  -20.929 0.0000000000
79106  -13.393  7.987  -20.709 0.0000000000
78174  -12.976  7.541  -20.921 0.0000000000
78173  -12.746  7.484  -20.912 0.0000000000
79093  -12.006  7.893  -20.807 0.0000000000
78172  -12.000  7.397  -20.913 0.0000000000
78167  -13.985  7.715  -20.317 0.0000000000
78157  -14.034  7.917  -20.081 0.0000000000
78166  -13.745  7.620  -20.299 0.0000000000
78165  -12.010  7.545  -20.710 0.0000000000
78164  -12.017  7.487  -20.552 0.0000000000
79084  -11.127  7.989  -20.262 0.0000000000
78163  -11.619  7.578  -20.026 0.0000000000
78158  -14.262  7.599  -20.110 0.0000000000
79086  -14.105  7.970  -19.976 0.0000000000
79073  -14.054  8.084  -19.806 0.0000000000
78156  -11.023  7.557  -20.087 0.0000000000
78155  -11.024  7.481  -20.208 0.0000000000
78154  -10.978  7.580  -20.264 0.0000000000
78153  -10.291  7.596  -20.063 0.0000000000
78152  -9.999  7.557  -20.164 0.0000000000
78151  -9.955  7.586  -20.015 0.0000000000
78150  -9.553  7.565  -19.996 0.0000000000
78144  -14.276  7.808  -19.997 0.0000000000
78145  -14.570  7.470  -19.998 0.0000000000
79074  -14.359  7.910  -19.739 0.0000000000
79068  -14.425  7.969  -19.262 0.0000000000
78139  -14.920  7.382  -19.361 0.0000000000
78126  -14.740  7.583  -18.993 0.0000000000
79056  -14.564  7.947  -19.017 0.0000000000
78111  -14.611  7.895  -18.939 0.0000000000
79042  -14.598  8.019  -18.835 0.0000000000
79039  -14.585  7.999  -18.340 0.0000000000
78107  -14.612  7.921  -18.079 0.0000000000
79036  -14.594  8.023  -17.993 0.0000000000
78103  -14.614  7.665  -17.984 0.0000000000
78100  -14.602  7.587  -17.863 0.0000000000
79020  -14.404  8.010  -17.588 0.0000000000
78087  -14.670  7.622  -17.002 0.0000000000
79006  -14.332  7.895  -17.047 0.0000000000
78076  -14.502  7.651  -17.012 0.0000000000
78075  -14.321  7.765  -16.906 0.0000000000
78064  -14.262  7.707  -16.961 0.0000000000
78993  -14.010  7.989  -16.647 0.0000000000
78060  -13.973  7.478  -16.415 0.0000000000
78059  -13.995  7.667  -16.206 0.0000000000
78055  -13.952  7.550  -16.040 0.0000000000
78985  -13.846  7.910  -15.997 0.0000000000
78052  -13.927  7.590  -15.990 0.0000000000
78051  -13.593  7.702  -15.677 0.0000000000
78048  -13.461  7.629  -15.018 0.0000000000
78979  -13.266  7.973  -15.015 0.0000000000
78045  -13.366  7.640  -14.975 0.0000000000
78044  -13.265  7.794  -14.887 0.0000000000
78041  -13.068  7.921  -14.318 0.0000000000
78040  -12.934  7.709  -14.528 0.0000000000
78030  -12.799  7.536  -14.180 0.0000000000
78965  -12.535  7.863  -14.144 0.0000000000
77219  -13.239  7.099  -20.917 0.0000000000
77208  -13.611  7.109  -20.837 0.0000000000
77218  -12.982  7.037  -20.992 0.0000000000
77217  -12.975  7.020  -20.915 0.0000000000
77216  -12.170  7.015  -20.942 0.0000000000
77215  -12.015  7.034  -20.653 0.0000000000
77209  -14.000  7.029  -20.618 0.0000000000
77210  -14.005  7.032  -20.563 0.0000000000
78168  -14.102  7.498  -20.334 0.0000000000
77207  -11.890  7.074  -20.525 0.0000000000
77206  -11.631  7.010  -20.308 0.0000000000
77205  -11.192  7.108  -20.105 0.0000000000
77200  -14.256  7.171  -20.360 0.0000000000
77201  -14.642  7.050  -20.131 0.0000000000
78159  -14.497  7.441  -20.002 0.0000000000
77198  -11.092  7.014  -20.109 0.0000000000
77197  -10.999  6.988  -20.215 0.0000000000
77196  -10.531  7.011  -20.259 0.0000000000
77195  -10.031  7.040  -20.100 0.0000000000
77194  -9.956  7.135  -20.033 0.0000000000
77193  -9.689  7.150  -20.030 0.0000000000
77186  -14.782  6.994  -20.050 0.0000000000
77177  -14.930  7.032  -19.756 0.0000000000
77178  -14.959  7.011  -19.327 0.0000000000
78140  -14.944  7.193  -19.043 0.0000000000
78112  -14.803  7.346  -18.929 0.0000000000
78127  -14.889  7.257  -18.937 0.0000000000
77150  -14.948  6.896  -18.952 0.0000000000
77146  -14.879  6.992  -18.576 0.0000000000
78108  -14.894  7.467  -18.418 0.0000000000
77142  -14.940  7.018  -18.003 0.0000000000
78104  -14.749  7.465  -17.984 0.0000000000
77141  -14.756  7.360  -18.010 0.0000000000
77137  -14.843  7.158  -17.977 0.0000000000
77124  -14.920  7.075  -17.430 0.0000000000
77113  -14.720  7.042  -17.036 0.0000000000
78065  -14.570  7.443  -17.015 0.0000000000
77102  -14.633  6.996  -16.921 0.0000000000
77101  -14.192  7.091  -16.548 0.0000000000
77093  -14.195  7.131  -16.001 0.0000000000
78056  -14.063  7.411  -16.019 0.0000000000
77089  -14.122  7.197  -15.946 0.0000000000
77088  -14.007  7.172  -15.974 0.0000000000
77084  -13.964  7.090  -15.619 0.0000000000
77083  -13.603  7.124  -15.219 0.0000000000
77079  -13.526  7.137  -15.023 0.0000000000
77077  -13.357  7.272  -14.842 0.0000000000
77076  -13.200  7.354  -14.644 0.0000000000
77073  -13.128  7.055  -14.307 0.0000000000
78031  -12.982  7.476  -14.291 0.0000000000
77065  -12.909  7.000  -14.126 0.0000000000
77064  -12.830  7.022  -14.044 0.0000000000
78018  -12.849  7.326  -14.019 0.0000000000
78029  -12.614  7.660  -14.026 0.0000000000
76298  -13.016  6.991  -20.887 0.0000000000
76299  -13.478  7.001  -20.961 0.0000000000
77220  -13.731  6.950  -20.762 0.0000000000
76297  -12.995  6.960  -20.973 0.0000000000
76296  -12.684  6.969  -20.965 0.0000000000
76295  -12.163  6.932  -20.788 0.0000000000
76287  -12.007  6.981  -20.610 0.0000000000
76289  -14.118  6.930  -20.712 0.0000000000
76288  -13.956  6.927  -20.645 0.0000000000
76300  -13.998  7.033  -20.700 0.0000000000
76286  -12.004  6.989  -20.440 0.0000000000
77199  -11.373  6.991  -20.184 0.0000000000
76278  -11.682  6.962  -20.390 0.0000000000
76280  -14.670  6.931  -20.180 0.0000000000
76265  -14.592  6.980  -20.015 0.0000000000
76279  -14.506  7.007  -20.410 0.0000000000
76277  -11.140  6.851  -20.097 0.0000000000
76276  -10.997  6.812  -20.049 0.0000000000
76275  -10.714  6.928  -20.051 0.0000000000
76274  -10.284  6.966  -20.010 0.0000000000
76273  -10.019  6.988  -20.019 0.0000000000
77185  -10.014  7.027  -19.925 0.0000000000
76261  -10.010  6.992  -19.993 0.0000000000
77184  -9.726  7.082  -19.905 0.0000000000
77187  -14.780  7.022  -19.851 0.0000000000
76260  -9.771  6.983  -19.976 0.0000000000
76252  -14.853  6.919  -19.509 0.0000000000
76244  -14.961  6.887  -19.071 0.0000000000
77164  -14.959  6.999  -18.989 0.0000000000
76234  -14.785  6.754  -19.046 0.0000000000
76230  -14.949  6.766  -18.651 0.0000000000
76227  -14.915  6.854  -18.133 0.0000000000
76225  -14.979  6.899  -17.902 0.0000000000
77138  -14.947  6.994  -17.849 0.0000000000
76213  -14.953  6.867  -17.483 0.0000000000
77125  -14.940  6.987  -17.250 0.0000000000
76203  -14.926  6.807  -17.063 0.0000000000
77114  -14.850  6.986  -16.996 0.0000000000
76202  -14.759  6.987  -16.988 0.0000000000
76190  -14.668  6.920  -16.949 0.0000000000
76182  -14.333  6.993  -16.359 0.0000000000
77094  -14.407  7.071  -16.384 0.0000000000
76181  -14.260  7.018  -16.066 0.0000000000
76177  -14.105  7.009  -15.970 0.0000000000
76174  -14.191  6.992  -15.780 0.0000000000
77085  -14.077  7.089  -15.737 0.0000000000
76173  -14.016  6.992  -15.660 0.0000000000
76170  -13.775  6.894  -15.323 0.0000000000
77080  -13.721  7.007  -15.295 0.0000000000
76169  -13.594  7.009  -15.072 0.0000000000
76165  -13.330  6.999  -14.992 0.0000000000
76160  -13.459  7.008  -14.653 0.0000000000
77074  -13.316  7.009  -14.581 0.0000000000
76159  -13.234  7.001  -14.430 0.0000000000
76150  -13.088  6.929  -14.185 0.0000000000
76149  -12.941  6.956  -14.134 0.0000000000
76138  -12.983  6.931  -14.005 0.0000000000
77052  -12.772  6.989  -13.962 0.0000000000
75468  -13.921  6.538  -20.858 0.0000000000
75455  -13.953  6.567  -20.628 0.0000000000
75467  -13.350  6.375  -21.000 0.0000000000
75465  -12.998  6.486  -20.949 0.0000000000
75466  -12.999  6.485  -20.901 0.0000000000
75464  -12.982  6.679  -20.989 0.0000000000
75463  -12.571  6.655  -20.976 0.0000000000
75454  -11.995  6.332  -20.651 0.0000000000
75456  -14.026  6.557  -20.809 0.0000000000
75445  -14.283  6.658  -20.142 0.0000000000
75453  -11.984  6.523  -20.520 0.0000000000
75444  -11.990  6.502  -20.361 0.0000000000
75446  -14.778  6.501  -20.080 0.0000000000
75443  -11.602  6.622  -19.921 0.0000000000
75442  -11.109  6.664  -19.988 0.0000000000
76264  -11.010  6.707  -19.860 0.0000000000
75433  -11.071  6.425  -19.896 0.0000000000
76263  -10.955  6.966  -19.923 0.0000000000
76262  -10.448  6.976  -19.887 0.0000000000
75435  -14.693  6.465  -19.938 0.0000000000
76266  -14.668  6.937  -19.991 0.0000000000
75432  -10.885  6.533  -19.931 0.0000000000
75431  -10.686  6.491  -19.809 0.0000000000
75430  -9.998  6.584  -19.832 0.0000000000
75429  -9.969  6.720  -19.806 0.0000000000
75421  -14.870  6.473  -19.208 0.0000000000
75436  -14.914  6.300  -20.008 0.0000000000
75410  -14.978  6.490  -19.017 0.0000000000
75400  -15.010  6.498  -18.815 0.0000000000
75395  -14.992  6.594  -18.332 0.0000000000
75391  -14.946  6.691  -18.034 0.0000000000
75387  -14.938  6.474  -17.892 0.0000000000
75375  -14.974  6.477  -17.305 0.0000000000
75366  -14.976  6.303  -17.006 0.0000000000
76191  -14.931  6.720  -16.998 0.0000000000
75355  -14.930  6.231  -16.962 0.0000000000
75354  -14.489  6.549  -16.785 0.0000000000
75343  -14.527  6.324  -16.060 0.0000000000
76178  -14.356  6.770  -16.013 0.0000000000
75340  -14.509  6.523  -15.971 0.0000000000
75339  -14.362  6.592  -15.894 0.0000000000
75335  -13.982  6.493  -15.788 0.0000000000
75334  -13.909  6.663  -15.473 0.0000000000
75330  -13.887  6.506  -15.223 0.0000000000
76166  -13.752  6.775  -14.977 0.0000000000
75325  -13.791  6.526  -15.019 0.0000000000
75324  -13.700  6.571  -14.939 0.0000000000
75318  -13.598  6.469  -14.743 0.0000000000
76151  -13.243  6.919  -14.366 0.0000000000
75310  -13.296  6.563  -14.145 0.0000000000
75309  -13.155  6.485  -14.008 0.0000000000
76139  -13.093  6.737  -13.996 0.0000000000
75296  -13.068  6.460  -13.935 0.0000000000
75295  -13.007  6.420  -13.934 0.0000000000
76137  -12.787  6.980  -13.929 0.0000000000
74645  -14.003  6.388  -20.724 0.0000000000
74644  -13.740  6.007  -20.748 0.0000000000
74643  -13.128  5.998  -20.874 0.0000000000
74642  -13.007  6.041  -20.929 0.0000000000
74641  -12.908  6.071  -20.946 0.0000000000
74640  -12.188  6.015  -20.570 0.0000000000
74633  -14.151  6.164  -20.577 0.0000000000
74632  -14.043  6.017  -20.626 0.0000000000
74629  -12.073  6.003  -20.441 0.0000000000
74628  -12.025  6.085  -20.363 0.0000000000
74619  -14.560  6.131  -20.231 0.0000000000
74607  -14.638  6.027  -19.963 0.0000000000
74618  -14.382  5.989  -20.562 0.0000000000
74616  -11.799  6.002  -20.042 0.0000000000
75434  -11.293  6.382  -19.937 0.0000000000
74615  -11.414  6.066  -19.924 0.0000000000
74608  -14.803  6.006  -19.997 0.0000000000
74595  -14.990  6.003  -19.605 0.0000000000
74605  -11.374  6.147  -19.893 0.0000000000
74604  -11.044  6.134  -19.878 0.0000000000
74603  -10.900  6.031  -19.831 0.0000000000
74602  -10.162  6.029  -19.662 0.0000000000
75420  -9.974  6.424  -19.668 0.0000000000
74601  -9.986  6.197  -19.642 0.0000000000
74583  -15.014  6.082  -19.199 0.0000000000
74572  -15.027  6.180  -19.013 0.0000000000
74573  -15.243  6.047  -18.981 0.0000000000
75401  -15.257  6.237  -18.690 0.0000000000
75396  -15.289  6.340  -18.416 0.0000000000
74568  -15.293  6.083  -18.505 0.0000000000
74565  -15.316  6.095  -18.112 0.0000000000
75392  -15.241  6.391  -18.039 0.0000000000
74562  -15.293  6.065  -17.870 0.0000000000
75388  -15.225  6.417  -17.757 0.0000000000
74553  -15.240  6.123  -17.389 0.0000000000
75376  -15.161  6.409  -17.481 0.0000000000
74552  -15.029  6.234  -17.243 0.0000000000
74541  -15.057  6.185  -17.133 0.0000000000
74531  -15.087  6.125  -16.866 0.0000000000
74520  -14.941  6.018  -16.517 0.0000000000
75344  -14.922  6.120  -16.522 0.0000000000
74519  -14.829  6.015  -16.137 0.0000000000
74510  -14.730  5.996  -16.027 0.0000000000
74507  -14.660  6.020  -15.923 0.0000000000
75336  -14.509  6.353  -15.942 0.0000000000
74506  -14.357  6.114  -15.625 0.0000000000
74503  -14.209  6.135  -15.022 0.0000000000
75331  -13.994  6.442  -15.284 0.0000000000
74502  -13.985  6.164  -15.051 0.0000000000
74495  -13.998  6.083  -15.109 0.0000000000
74494  -13.896  6.165  -14.983 0.0000000000
74486  -13.905  6.104  -14.934 0.0000000000
74480  -13.612  5.976  -14.471 0.0000000000
74479  -13.208  6.017  -14.055 0.0000000000
74467  -13.126  6.149  -13.959 0.0000000000
74466  -13.006  6.051  -13.885 0.0000000000
74465  -12.568  5.999  -13.862 0.0000000000
75294  -12.566  6.567  -13.815 0.0000000000
73821  -13.302  5.958  -20.800 0.0000000000
73808  -13.861  5.991  -20.550 0.0000000000
74631  -13.929  6.019  -20.608 0.0000000000
73820  -13.018  5.996  -20.916 0.0000000000
73819  -12.985  5.979  -20.988 0.0000000000
74630  -12.245  5.991  -20.564 0.0000000000
73807  -12.462  6.011  -20.863 0.0000000000
73818  -12.794  5.997  -20.968 0.0000000000
73810  -14.033  6.003  -20.420 0.0000000000
73796  -14.264  6.030  -20.324 0.0000000000
73809  -14.004  5.876  -20.447 0.0000000000
73806  -12.026  5.943  -20.549 0.0000000000
74617  -11.938  5.976  -20.230 0.0000000000
73794  -11.978  5.784  -20.224 0.0000000000
73797  -14.565  5.898  -20.023 0.0000000000
73793  -11.957  5.761  -20.082 0.0000000000
74606  -11.606  5.985  -19.974 0.0000000000
73784  -11.856  5.948  -19.998 0.0000000000
73786  -14.862  5.868  -19.707 0.0000000000
73785  -14.673  6.051  -20.056 0.0000000000
73783  -11.467  5.930  -19.926 0.0000000000
73782  -11.121  5.988  -19.916 0.0000000000
73781  -10.982  5.988  -19.872 0.0000000000
73780  -10.735  5.991  -19.886 0.0000000000
74594  -10.028  6.011  -19.549 0.0000000000
73770  -10.436  5.976  -19.660 0.0000000000
74593  -9.983  6.017  -19.496 0.0000000000
73774  -14.961  5.922  -19.196 0.0000000000
73769  -10.072  5.991  -19.483 0.0000000000
73760  -15.119  5.770  -19.172 0.0000000000
74584  -15.155  5.981  -19.102 0.0000000000
73749  -15.302  5.908  -18.720 0.0000000000
73761  -15.289  5.820  -18.990 0.0000000000
73745  -15.412  5.981  -18.117 0.0000000000
73742  -15.291  5.893  -18.005 0.0000000000
73739  -15.316  5.812  -17.599 0.0000000000
73733  -15.286  5.929  -17.058 0.0000000000
74542  -15.231  6.064  -17.053 0.0000000000
73721  -15.292  5.926  -16.982 0.0000000000
74532  -15.240  6.009  -16.931 0.0000000000
73712  -15.198  5.942  -16.740 0.0000000000
73711  -15.003  5.943  -16.576 0.0000000000
73700  -14.946  5.812  -16.244 0.0000000000
74511  -14.971  6.002  -16.129 0.0000000000
73690  -14.876  5.896  -16.089 0.0000000000
73689  -14.741  5.982  -16.005 0.0000000000
73686  -14.547  5.982  -15.768 0.0000000000
73685  -14.174  6.016  -15.207 0.0000000000
73678  -14.125  5.904  -15.012 0.0000000000
74496  -14.073  6.004  -15.069 0.0000000000
73671  -14.105  5.961  -14.977 0.0000000000
73670  -14.038  6.005  -14.975 0.0000000000
74487  -14.028  6.060  -14.974 0.0000000000
73662  -13.992  6.014  -14.872 0.0000000000
73661  -13.725  5.995  -14.636 0.0000000000
73653  -13.302  5.914  -14.121 0.0000000000
73652  -13.127  5.984  -13.980 0.0000000000
73638  -13.105  5.822  -13.915 0.0000000000
73637  -12.875  5.977  -13.904 0.0000000000
72962  -13.060  5.666  -20.830 0.0000000000
72947  -13.515  5.411  -20.591 0.0000000000
72961  -12.986  5.629  -20.904 0.0000000000
72960  -12.992  5.765  -21.024 0.0000000000
72959  -12.628  5.982  -20.977 0.0000000000
73795  -14.109  5.882  -20.465 0.0000000000
72948  -13.989  5.458  -20.430 0.0000000000
72932  -13.999  5.419  -20.134 0.0000000000
72944  -12.576  5.409  -20.852 0.0000000000
72943  -11.986  5.352  -20.288 0.0000000000
72934  -14.470  5.927  -20.123 0.0000000000
72922  -14.442  5.528  -19.990 0.0000000000
72933  -14.189  5.416  -20.093 0.0000000000
72931  -12.079  5.305  -20.100 0.0000000000
72930  -11.968  5.663  -20.031 0.0000000000
72923  -14.653  5.902  -19.954 0.0000000000
72912  -15.002  5.665  -19.382 0.0000000000
72919  -11.988  5.462  -20.013 0.0000000000
73773  -11.124  5.904  -19.756 0.0000000000
72918  -11.506  5.482  -19.741 0.0000000000
73772  -11.036  5.848  -19.707 0.0000000000
73771  -10.948  5.857  -19.785 0.0000000000
72899  -14.993  5.410  -19.093 0.0000000000
72910  -11.000  5.322  -19.460 0.0000000000
72909  -11.011  5.458  -19.547 0.0000000000
72908  -10.837  5.479  -19.542 0.0000000000
72907  -10.012  5.347  -19.205 0.0000000000
72900  -15.085  5.517  -18.999 0.0000000000
72887  -15.259  5.393  -19.001 0.0000000000
72882  -15.290  5.440  -18.385 0.0000000000
72878  -15.321  5.441  -18.017 0.0000000000
72875  -15.298  5.383  -17.805 0.0000000000
72872  -15.301  5.441  -17.331 0.0000000000
72862  -15.305  5.417  -16.976 0.0000000000
72852  -15.281  5.461  -16.707 0.0000000000
72842  -15.145  5.472  -16.353 0.0000000000
73701  -15.023  5.707  -16.438 0.0000000000
72841  -15.000  5.364  -16.193 0.0000000000
72829  -14.830  5.420  -16.046 0.0000000000
72828  -14.785  5.709  -16.015 0.0000000000
72817  -14.813  5.424  -15.861 0.0000000000
72811  -14.550  5.302  -15.426 0.0000000000
73679  -14.229  5.858  -15.149 0.0000000000
72810  -14.187  5.522  -15.001 0.0000000000
72802  -14.118  5.525  -14.908 0.0000000000
72801  -14.002  5.869  -14.942 0.0000000000
72792  -14.003  5.562  -14.630 0.0000000000
73654  -13.810  5.924  -14.630 0.0000000000
72783  -13.701  5.345  -14.098 0.0000000000
72782  -13.442  5.456  -13.938 0.0000000000
73639  -13.294  5.754  -13.950 0.0000000000
72768  -13.217  5.366  -13.907 0.0000000000
72767  -13.005  5.457  -13.884 0.0000000000
72766  -12.635  5.512  -13.893 0.0000000000
73636  -12.299  5.986  -13.955 0.0000000000
72765  -12.075  5.551  -13.954 0.0000000000
73635  -12.010  5.880  -13.868 0.0000000000
74464  -12.004  6.034  -13.838 0.0000000000
72764  -11.965  5.443  -13.867 0.0000000000
73634  -11.934  5.878  -13.816 0.0000000000
74463  -11.828  6.014  -13.879 0.0000000000
72946  -13.004  5.360  -20.725 0.0000000000
72945  -12.989  5.322  -20.721 0.0000000000
72052  -13.994  5.150  -20.195 0.0000000000
72051  -13.718  5.019  -20.285 0.0000000000
72050  -13.183  4.995  -20.538 0.0000000000
72049  -12.980  4.995  -20.593 0.0000000000
72048  -12.822  5.013  -20.602 0.0000000000
72047  -12.370  4.982  -20.461 0.0000000000
72029  -12.105  4.998  -20.044 0.0000000000
72921  -14.268  5.293  -20.021 0.0000000000
72033  -14.078  5.231  -20.005 0.0000000000
72032  -14.015  5.083  -20.085 0.0000000000
72920  -12.055  5.278  -19.969 0.0000000000
72016  -12.076  5.104  -19.972 0.0000000000
72911  -14.526  5.393  -19.916 0.0000000000
72019  -14.342  5.096  -19.883 0.0000000000
72018  -14.043  5.054  -19.963 0.0000000000
72015  -11.987  5.104  -19.889 0.0000000000
72014  -11.845  5.087  -19.837 0.0000000000
72004  -11.214  5.002  -19.532 0.0000000000
72007  -14.963  5.204  -19.056 0.0000000000
72006  -14.720  5.062  -19.341 0.0000000000
72003  -11.019  5.045  -19.473 0.0000000000
72002  -10.989  4.998  -19.508 0.0000000000
72001  -10.563  5.012  -19.316 0.0000000000
72886  -15.008  5.264  -18.984 0.0000000000
71995  -14.950  5.020  -18.991 0.0000000000
71982  -15.001  5.068  -18.837 0.0000000000
71977  -15.107  5.005  -18.516 0.0000000000
71981  -15.009  5.082  -18.861 0.0000000000
71972  -15.295  5.004  -18.006 0.0000000000
71969  -15.302  5.001  -17.958 0.0000000000
71966  -15.294  5.089  -17.518 0.0000000000
71958  -15.299  5.029  -17.036 0.0000000000
71946  -15.289  5.003  -16.876 0.0000000000
71935  -15.238  5.002  -16.326 0.0000000000
71934  -15.030  5.133  -16.060 0.0000000000
71921  -15.007  5.038  -16.057 0.0000000000
71907  -14.962  4.993  -15.858 0.0000000000
72818  -14.990  5.258  -15.999 0.0000000000
71906  -14.934  5.120  -15.799 0.0000000000
71893  -14.822  5.009  -15.452 0.0000000000
71892  -14.371  5.094  -15.102 0.0000000000
71885  -14.341  5.064  -15.019 0.0000000000
71879  -14.166  5.072  -14.636 0.0000000000
72793  -14.083  5.403  -14.706 0.0000000000
71878  -14.118  5.079  -14.467 0.0000000000
71868  -13.939  5.010  -14.215 0.0000000000
71867  -13.639  5.082  -14.055 0.0000000000
71853  -13.534  5.073  -13.946 0.0000000000
71852  -13.013  5.034  -14.006 0.0000000000
71851  -12.958  5.025  -13.851 0.0000000000
71850  -12.408  5.042  -13.916 0.0000000000
71849  -12.020  5.034  -13.716 0.0000000000
71200  -13.310  4.960  -20.455 0.0000000000
71182  -13.463  4.910  -20.190 0.0000000000
72031  -13.881  5.010  -20.139 0.0000000000
71199  -12.995  4.970  -20.495 0.0000000000
71198  -12.915  4.989  -20.437 0.0000000000
72030  -12.423  5.001  -20.298 0.0000000000
71197  -12.751  5.002  -20.335 0.0000000000
71183  -14.022  4.935  -20.053 0.0000000000
71162  -14.061  4.969  -19.993 0.0000000000
72017  -13.980  4.893  -20.000 0.0000000000
71179  -12.684  4.795  -20.121 0.0000000000
71161  -12.026  4.917  -19.960 0.0000000000
71178  -12.477  4.929  -19.981 0.0000000000
71164  -14.622  5.004  -19.505 0.0000000000
71163  -14.194  4.963  -19.908 0.0000000000
71160  -12.016  4.902  -19.918 0.0000000000
72005  -11.786  5.018  -19.760 0.0000000000
71146  -11.933  4.838  -19.837 0.0000000000
71148  -14.643  4.927  -19.336 0.0000000000
71994  -14.891  5.017  -19.121 0.0000000000
71145  -11.604  4.996  -19.547 0.0000000000
71144  -11.098  4.974  -19.394 0.0000000000
71143  -11.009  5.043  -19.408 0.0000000000
71993  -10.676  4.974  -19.147 0.0000000000
71128  -10.895  4.856  -19.124 0.0000000000
71992  -10.145  5.058  -19.072 0.0000000000
71132  -14.957  4.987  -18.936 0.0000000000
71131  -14.892  4.853  -19.006 0.0000000000
71127  -10.514  4.978  -18.982 0.0000000000
71976  -15.000  4.979  -18.678 0.0000000000
71116  -14.924  4.908  -18.771 0.0000000000
71111  -15.103  5.027  -18.074 0.0000000000
71110  -14.993  4.993  -18.214 0.0000000000
71107  -15.133  4.898  -18.010 0.0000000000
71103  -15.436  4.991  -17.709 0.0000000000
71100  -15.314  4.942  -17.151 0.0000000000
71098  -15.306  4.841  -17.013 0.0000000000
71088  -15.295  4.766  -16.581 0.0000000000
71077  -15.271  4.937  -16.131 0.0000000000
71922  -15.126  4.984  -16.016 0.0000000000
71066  -15.152  4.891  -15.988 0.0000000000
71065  -15.016  5.011  -15.952 0.0000000000
71050  -15.022  4.754  -15.705 0.0000000000
71894  -14.926  4.982  -15.738 0.0000000000
71034  -14.910  4.690  -15.484 0.0000000000
71033  -14.652  4.672  -15.258 0.0000000000
71886  -14.466  5.013  -15.056 0.0000000000
71022  -14.509  4.781  -15.018 0.0000000000
71021  -14.354  5.000  -14.928 0.0000000000
71014  -14.228  4.981  -14.485 0.0000000000
71869  -14.017  4.906  -14.331 0.0000000000
71003  -14.035  4.890  -14.213 0.0000000000
71002  -13.974  4.723  -14.111 0.0000000000
70987  -13.894  4.756  -14.073 0.0000000000
71854  -13.904  5.011  -14.011 0.0000000000
70986  -13.696  4.929  -13.939 0.0000000000
70985  -13.142  4.961  -13.874 0.0000000000
70984  -13.017  4.979  -13.846 0.0000000000
70969  -12.994  4.732  -13.696 0.0000000000
71835  -13.002  4.983  -13.723 0.0000000000
71834  -12.593  5.018  -13.639 0.0000000000
71833  -12.018  4.954  -13.659 0.0000000000
70968  -12.803  4.788  -13.486 0.0000000000
70967  -12.200  4.746  -13.570 0.0000000000
71181  -13.020  4.743  -20.236 0.0000000000
71180  -12.989  4.838  -20.139 0.0000000000
70323  -13.981  4.384  -20.043 0.0000000000
70305  -14.017  4.336  -19.987 0.0000000000
70322  -13.297  4.143  -20.260 0.0000000000
70321  -12.992  4.169  -20.167 0.0000000000
70320  -13.004  4.266  -19.993 0.0000000000
70319  -12.473  4.175  -19.997 0.0000000000
70318  -12.142  4.449  -19.976 0.0000000000
70306  -14.020  4.792  -19.960 0.0000000000
70287  -14.020  4.399  -19.726 0.0000000000
71147  -14.425  4.949  -19.743 0.0000000000
70302  -12.102  4.365  -19.749 0.0000000000
70301  -11.967  4.458  -19.805 0.0000000000
70288  -14.249  4.403  -19.263 0.0000000000
70270  -14.640  4.401  -19.020 0.0000000000
70284  -11.871  4.282  -19.425 0.0000000000
71130  -11.152  4.660  -19.218 0.0000000000
70283  -11.448  4.308  -19.241 0.0000000000
71129  -11.006  4.658  -19.141 0.0000000000
70249  -14.605  4.332  -18.878 0.0000000000
71115  -14.767  4.829  -19.019 0.0000000000
70267  -11.323  4.414  -18.999 0.0000000000
70266  -11.028  4.282  -18.973 0.0000000000
70265  -10.712  4.703  -18.992 0.0000000000
71126  -10.073  4.977  -19.052 0.0000000000
70264  -10.124  4.760  -19.012 0.0000000000
70250  -14.525  4.689  -18.872 0.0000000000
70234  -14.826  4.563  -18.141 0.0000000000
70225  -14.933  4.437  -18.019 0.0000000000
71106  -15.012  4.809  -18.028 0.0000000000
70226  -14.998  4.636  -17.987 0.0000000000
70222  -15.220  4.388  -17.964 0.0000000000
70218  -15.295  4.404  -17.286 0.0000000000
70215  -15.284  4.392  -17.005 0.0000000000
70207  -15.386  4.300  -16.913 0.0000000000
70192  -15.299  4.470  -16.314 0.0000000000
70180  -15.284  4.413  -15.906 0.0000000000
71051  -15.162  4.714  -15.852 0.0000000000
70169  -15.142  4.328  -15.669 0.0000000000
70168  -14.987  4.213  -15.538 0.0000000000
70157  -14.898  4.271  -15.223 0.0000000000
70156  -14.640  4.418  -14.995 0.0000000000
70142  -14.791  4.357  -14.994 0.0000000000
71015  -14.515  4.889  -14.964 0.0000000000
70131  -14.429  4.395  -14.592 0.0000000000
70130  -14.056  4.374  -14.213 0.0000000000
70119  -14.046  4.238  -14.106 0.0000000000
70118  -13.925  4.369  -14.104 0.0000000000
70107  -13.876  4.259  -13.975 0.0000000000
70106  -13.511  4.508  -13.922 0.0000000000
70105  -13.022  4.477  -13.656 0.0000000000
70970  -13.036  4.669  -13.676 0.0000000000
70091  -12.996  4.268  -13.537 0.0000000000
70090  -13.010  4.249  -13.494 0.0000000000
70089  -12.389  4.183  -13.321 0.0000000000
70304  -13.838  4.044  -20.108 0.0000000000
69456  -13.428  4.001  -20.021 0.0000000000
69455  -13.141  4.022  -20.018 0.0000000000
69454  -12.996  4.010  -20.012 0.0000000000
69453  -12.884  4.092  -20.013 0.0000000000
70303  -12.366  4.198  -19.718 0.0000000000
69440  -12.775  4.000  -19.985 0.0000000000
70286  -14.009  4.324  -19.737 0.0000000000
69444  -13.840  4.256  -19.776 0.0000000000
69443  -13.569  4.104  -19.900 0.0000000000
69439  -12.125  3.995  -19.732 0.0000000000
70285  -11.991  4.153  -19.547 0.0000000000
69425  -11.995  4.013  -19.577 0.0000000000
70269  -14.191  4.013  -19.147 0.0000000000
69428  -14.041  4.014  -19.322 0.0000000000
69427  -13.905  4.081  -19.564 0.0000000000
69424  -11.932  3.997  -19.387 0.0000000000
70268  -11.580  4.054  -19.180 0.0000000000
69407  -11.771  3.992  -19.157 0.0000000000
69410  -14.437  4.148  -19.002 0.0000000000
69409  -14.134  3.980  -19.035 0.0000000000
69406  -11.386  4.002  -19.002 0.0000000000
69405  -11.185  4.099  -18.992 0.0000000000
70248  -10.980  4.148  -18.856 0.0000000000
69389  -11.005  4.060  -18.815 0.0000000000
70247  -10.956  4.274  -18.894 0.0000000000
70246  -10.236  4.384  -19.010 0.0000000000
70263  -9.936  4.703  -19.019 0.0000000000
70245  -9.964  4.382  -18.989 0.0000000000
70233  -14.580  4.012  -18.600 0.0000000000
69392  -14.362  4.014  -18.997 0.0000000000
69373  -14.591  3.931  -18.664 0.0000000000
69388  -10.881  4.023  -18.699 0.0000000000
69387  -10.478  4.041  -18.589 0.0000000000
69386  -9.987  4.095  -18.756 0.0000000000
69374  -14.750  4.026  -18.292 0.0000000000
69358  -14.891  4.113  -18.042 0.0000000000
70221  -15.011  4.280  -18.040 0.0000000000
69348  -14.958  4.129  -17.896 0.0000000000
69349  -15.005  4.027  -17.999 0.0000000000
69345  -15.194  4.030  -17.584 0.0000000000
69341  -15.277  4.014  -17.098 0.0000000000
69339  -15.280  4.025  -16.986 0.0000000000
69326  -15.299  4.019  -16.672 0.0000000000
69311  -15.307  4.009  -16.015 0.0000000000
69296  -15.234  4.002  -15.693 0.0000000000
69295  -15.069  4.031  -15.465 0.0000000000
69282  -15.004  3.973  -15.268 0.0000000000
69270  -14.924  3.988  -15.082 0.0000000000
70143  -14.869  4.136  -15.077 0.0000000000
69269  -14.843  4.021  -14.996 0.0000000000
69256  -14.563  4.020  -14.662 0.0000000000
69255  -14.270  4.011  -14.321 0.0000000000
69240  -14.117  4.005  -14.083 0.0000000000
69239  -13.955  3.993  -14.065 0.0000000000
69226  -13.972  4.125  -13.940 0.0000000000
69225  -13.752  4.003  -13.879 0.0000000000
70092  -13.408  4.039  -13.542 0.0000000000
69211  -13.262  4.006  -13.548 0.0000000000
69210  -12.984  3.995  -13.525 0.0000000000
69209  -12.717  3.960  -13.532 0.0000000000
69442  -13.111  4.000  -19.952 0.0000000000
69441  -12.978  3.985  -19.897 0.0000000000
68577  -13.322  3.989  -19.894 0.0000000000
69426  -13.629  4.010  -19.766 0.0000000000
68576  -13.083  3.881  -19.874 0.0000000000
68575  -12.992  3.918  -19.930 0.0000000000
68574  -12.715  3.919  -19.906 0.0000000000
68559  -12.000  3.752  -19.546 0.0000000000
68573  -12.186  3.838  -19.847 0.0000000000
68564  -13.982  3.879  -19.298 0.0000000000
69408  -13.966  3.983  -19.188 0.0000000000
68563  -13.665  3.998  -19.657 0.0000000000
68558  -12.004  3.962  -19.420 0.0000000000
68543  -11.898  3.775  -19.097 0.0000000000
68546  -13.979  3.774  -18.990 0.0000000000
69391  -14.172  3.999  -18.938 0.0000000000
68545  -14.076  3.770  -19.033 0.0000000000
68542  -11.878  4.012  -18.997 0.0000000000
69390  -11.253  4.007  -18.939 0.0000000000
68525  -11.518  3.837  -19.010 0.0000000000
68528  -14.472  3.995  -18.757 0.0000000000
68527  -14.121  3.826  -18.768 0.0000000000
68524  -11.130  3.983  -18.811 0.0000000000
69372  -11.017  3.971  -18.614 0.0000000000
68509  -11.002  3.817  -18.529 0.0000000000
69371  -11.010  4.014  -18.574 0.0000000000
69370  -10.494  4.009  -18.521 0.0000000000
69369  -10.063  4.011  -18.520 0.0000000000
69357  -14.841  3.947  -18.155 0.0000000000
68512  -14.663  3.932  -18.240 0.0000000000
68508  -10.984  3.894  -18.437 0.0000000000
68507  -10.763  4.020  -18.333 0.0000000000
68506  -10.250  3.985  -18.197 0.0000000000
68496  -14.946  3.989  -17.891 0.0000000000
68495  -14.897  3.859  -18.013 0.0000000000
69344  -15.009  3.983  -17.728 0.0000000000
68481  -14.907  3.930  -17.744 0.0000000000
68474  -15.090  3.961  -17.175 0.0000000000
68473  -14.987  3.982  -17.152 0.0000000000
68470  -15.103  3.861  -16.984 0.0000000000
68467  -15.283  3.947  -16.896 0.0000000000
68458  -15.289  3.770  -16.362 0.0000000000
68443  -15.270  3.859  -16.011 0.0000000000
68428  -15.398  3.825  -15.983 0.0000000000
68416  -15.297  3.761  -15.495 0.0000000000
69283  -15.133  3.997  -15.376 0.0000000000
68415  -15.011  3.736  -15.210 0.0000000000
68403  -14.987  3.780  -15.029 0.0000000000
68402  -14.895  4.032  -14.992 0.0000000000
68389  -14.835  3.796  -14.983 0.0000000000
68374  -14.528  3.850  -14.299 0.0000000000
69241  -14.340  3.992  -14.208 0.0000000000
68373  -14.219  3.824  -14.042 0.0000000000
68359  -14.099  3.982  -13.999 0.0000000000
69227  -14.020  3.977  -13.983 0.0000000000
68358  -14.009  3.733  -13.878 0.0000000000
68357  -13.937  3.999  -13.946 0.0000000000
68346  -13.723  3.927  -13.901 0.0000000000
68345  -13.061  3.867  -13.541 0.0000000000
68344  -12.972  3.920  -13.553 0.0000000000
67699  -13.072  3.548  -19.704 0.0000000000
67690  -13.112  3.286  -19.550 0.0000000000
68562  -13.280  3.801  -19.723 0.0000000000
68561  -12.961  3.694  -19.834 0.0000000000
67698  -12.991  3.384  -19.830 0.0000000000
68560  -12.444  3.380  -19.563 0.0000000000
67692  -13.979  3.416  -19.453 0.0000000000
67676  -14.000  3.326  -19.011 0.0000000000
67691  -13.297  3.015  -19.405 0.0000000000
67689  -12.936  3.087  -19.465 0.0000000000
67688  -12.295  3.184  -19.161 0.0000000000
68544  -11.990  3.685  -19.236 0.0000000000
67687  -12.008  3.325  -19.150 0.0000000000
67677  -14.020  3.500  -19.002 0.0000000000
67659  -14.003  3.384  -18.732 0.0000000000
67673  -12.112  3.376  -18.988 0.0000000000
68526  -11.909  3.785  -19.007 0.0000000000
67672  -12.063  3.555  -18.970 0.0000000000
67639  -14.172  3.023  -18.620 0.0000000000
68511  -14.526  3.396  -18.523 0.0000000000
67656  -11.922  3.328  -18.976 0.0000000000
68510  -11.260  3.883  -18.830 0.0000000000
67655  -11.731  3.563  -18.961 0.0000000000
67640  -14.622  3.136  -18.072 0.0000000000
67624  -14.567  3.401  -18.001 0.0000000000
67637  -11.497  3.074  -18.402 0.0000000000
68494  -10.994  3.611  -18.248 0.0000000000
67636  -10.986  3.379  -18.279 0.0000000000
68493  -10.989  3.616  -18.096 0.0000000000
68492  -10.668  3.756  -17.999 0.0000000000
67625  -14.990  3.654  -18.015 0.0000000000
67622  -11.009  3.168  -18.048 0.0000000000
67621  -10.998  3.274  -17.980 0.0000000000
68491  -10.103  3.802  -18.012 0.0000000000
67620  -10.512  3.574  -18.007 0.0000000000
67609  -14.910  3.349  -17.605 0.0000000000
67594  -14.995  3.296  -17.024 0.0000000000
68469  -14.998  3.644  -17.006 0.0000000000
67587  -15.170  3.683  -17.018 0.0000000000
67586  -15.004  3.383  -16.932 0.0000000000
67583  -15.274  3.493  -16.664 0.0000000000
67580  -15.223  3.266  -16.070 0.0000000000
67567  -15.294  3.268  -15.983 0.0000000000
67549  -15.242  3.297  -15.711 0.0000000000
67534  -15.149  3.419  -15.321 0.0000000000
67533  -15.089  3.289  -15.068 0.0000000000
67519  -14.946  3.333  -15.045 0.0000000000
68390  -14.942  3.624  -15.046 0.0000000000
67507  -14.919  3.274  -14.995 0.0000000000
67506  -14.765  3.254  -14.542 0.0000000000
67490  -14.557  3.148  -14.018 0.0000000000
67489  -14.284  3.524  -13.995 0.0000000000
67471  -14.234  3.367  -13.864 0.0000000000
67470  -14.024  3.485  -13.857 0.0000000000
67458  -14.048  3.346  -13.739 0.0000000000
68347  -13.968  3.666  -13.845 0.0000000000
67457  -13.884  3.251  -13.578 0.0000000000
67456  -13.460  3.519  -13.761 0.0000000000
67675  -13.759  2.999  -19.093 0.0000000000
66813  -13.091  3.006  -19.285 0.0000000000
66803  -13.345  2.983  -19.069 0.0000000000
66812  -13.020  2.988  -19.384 0.0000000000
66811  -12.632  3.011  -19.164 0.0000000000
67674  -12.211  3.050  -18.987 0.0000000000
66810  -12.267  2.999  -19.003 0.0000000000
67658  -14.008  3.284  -18.902 0.0000000000
66804  -13.781  3.032  -19.027 0.0000000000
66788  -13.823  2.981  -18.909 0.0000000000
66800  -12.360  2.934  -18.940 0.0000000000
67657  -11.980  3.264  -18.927 0.0000000000
66799  -12.098  3.161  -18.927 0.0000000000
66789  -13.940  3.020  -18.788 0.0000000000
66767  -14.018  3.016  -18.426 0.0000000000
66785  -11.973  3.110  -18.728 0.0000000000
67638  -11.890  3.011  -18.657 0.0000000000
66784  -11.967  3.038  -18.700 0.0000000000
66768  -14.395  3.008  -18.255 0.0000000000
66749  -14.352  2.993  -18.008 0.0000000000
66764  -11.782  2.998  -18.314 0.0000000000
67623  -11.171  3.044  -18.067 0.0000000000
66763  -11.425  3.015  -18.190 0.0000000000
66733  -14.629  2.992  -17.905 0.0000000000
67608  -14.625  3.079  -17.889 0.0000000000
66746  -11.138  2.993  -18.030 0.0000000000
66745  -10.992  3.005  -17.976 0.0000000000
67607  -10.839  3.144  -17.955 0.0000000000
66744  -10.987  3.026  -17.947 0.0000000000
67619  -9.997  3.454  -17.940 0.0000000000
67606  -10.397  3.241  -17.796 0.0000000000
66734  -14.723  3.019  -17.632 0.0000000000
66718  -14.924  3.000  -17.128 0.0000000000
66731  -10.815  2.975  -17.815 0.0000000000
67605  -9.996  3.197  -17.756 0.0000000000
66730  -10.172  3.038  -17.620 0.0000000000
66706  -14.923  3.023  -16.871 0.0000000000
66699  -14.935  3.004  -16.533 0.0000000000
67582  -15.031  3.164  -16.427 0.0000000000
66695  -14.990  2.935  -16.119 0.0000000000
67579  -15.062  2.995  -16.117 0.0000000000
66696  -15.078  2.982  -16.049 0.0000000000
66690  -15.171  2.997  -16.009 0.0000000000
66675  -15.054  2.989  -15.732 0.0000000000
67548  -15.057  3.017  -15.397 0.0000000000
66674  -14.926  2.990  -15.483 0.0000000000
66659  -14.965  3.015  -15.102 0.0000000000
66646  -14.959  2.997  -14.984 0.0000000000
66635  -14.929  2.991  -14.667 0.0000000000
66634  -14.632  2.987  -14.199 0.0000000000
66618  -14.578  2.982  -14.004 0.0000000000
67472  -14.463  3.066  -14.006 0.0000000000
66599  -14.458  2.975  -13.968 0.0000000000
66598  -14.422  3.006  -13.784 0.0000000000
67459  -14.164  3.137  -13.669 0.0000000000
66802  -13.045  2.974  -19.084 0.0000000000
66801  -12.894  3.008  -18.963 0.0000000000
66787  -13.592  2.974  -18.984 0.0000000000
65918  -13.311  3.051  -19.006 0.0000000000
65917  -13.106  2.971  -19.018 0.0000000000
65916  -12.969  2.908  -18.992 0.0000000000
65915  -12.768  2.928  -19.043 0.0000000000
66786  -12.186  2.999  -18.715 0.0000000000
65906  -12.310  2.799  -18.814 0.0000000000
66766  -14.020  2.989  -18.692 0.0000000000
65910  -13.843  2.768  -18.780 0.0000000000
65892  -14.014  2.876  -18.609 0.0000000000
65909  -13.375  2.714  -19.001 0.0000000000
65905  -12.016  2.989  -18.687 0.0000000000
66765  -11.977  2.971  -18.619 0.0000000000
65890  -12.058  2.670  -18.459 0.0000000000
66748  -14.188  2.965  -18.139 0.0000000000
65893  -14.067  2.802  -18.291 0.0000000000
65873  -14.107  2.661  -18.033 0.0000000000
65889  -11.879  2.843  -18.430 0.0000000000
66747  -11.568  2.993  -18.031 0.0000000000
65870  -11.763  2.654  -18.168 0.0000000000
65874  -14.177  2.698  -17.986 0.0000000000
65857  -14.401  2.545  -17.820 0.0000000000
65869  -11.127  2.782  -17.999 0.0000000000
65868  -10.990  2.966  -17.998 0.0000000000
66732  -10.985  2.898  -17.900 0.0000000000
66717  -14.901  2.988  -17.370 0.0000000000
65841  -14.797  2.691  -17.283 0.0000000000
65854  -11.009  2.702  -17.692 0.0000000000
65853  -10.673  2.992  -17.564 0.0000000000
66716  -10.058  2.979  -17.437 0.0000000000
65852  -10.148  2.997  -17.399 0.0000000000
66729  -9.990  3.020  -17.662 0.0000000000
66715  -9.976  2.976  -17.351 0.0000000000
65842  -14.948  2.862  -17.088 0.0000000000
65828  -14.881  2.720  -16.970 0.0000000000
65838  -10.148  2.849  -17.129 0.0000000000
65837  -9.956  2.683  -17.135 0.0000000000
65816  -14.924  2.650  -16.635 0.0000000000
65809  -14.913  2.662  -16.189 0.0000000000
66689  -14.984  2.924  -15.875 0.0000000000
65804  -14.928  2.628  -15.989 0.0000000000
65794  -14.954  2.674  -15.569 0.0000000000
65779  -14.920  2.787  -15.075 0.0000000000
65765  -14.993  2.663  -14.986 0.0000000000
65753  -14.996  2.713  -14.770 0.0000000000
65742  -14.793  3.010  -14.048 0.0000000000
66619  -14.719  3.007  -14.180 0.0000000000
65741  -14.561  2.874  -14.008 0.0000000000
65908  -13.009  2.663  -19.020 0.0000000000
65907  -12.971  2.704  -19.003 0.0000000000
65034  -14.009  2.312  -18.422 0.0000000000
65033  -13.497  2.069  -18.661 0.0000000000
65032  -13.050  2.218  -18.840 0.0000000000
65031  -12.990  2.236  -18.766 0.0000000000
65030  -12.861  2.289  -18.800 0.0000000000
65891  -12.013  2.500  -18.445 0.0000000000
65018  -12.472  2.030  -18.458 0.0000000000
65872  -13.989  2.496  -18.148 0.0000000000
65021  -13.965  2.177  -18.196 0.0000000000
65017  -12.015  2.108  -18.173 0.0000000000
65871  -12.054  2.553  -18.010 0.0000000000
65000  -11.987  2.130  -18.061 0.0000000000
65856  -14.170  2.296  -17.984 0.0000000000
65002  -14.042  2.105  -17.987 0.0000000000
65001  -14.033  2.103  -18.004 0.0000000000
64999  -11.932  2.095  -17.970 0.0000000000
64998  -11.692  2.267  -17.993 0.0000000000
65855  -11.188  2.452  -17.707 0.0000000000
64981  -11.373  2.079  -17.602 0.0000000000
64984  -14.339  2.233  -17.591 0.0000000000
64983  -14.132  1.997  -17.710 0.0000000000
64980  -11.022  2.282  -17.390 0.0000000000
65840  -11.046  2.526  -17.354 0.0000000000
64966  -11.016  2.137  -17.193 0.0000000000
65839  -10.894  2.837  -17.501 0.0000000000
65827  -14.898  2.652  -17.011 0.0000000000
64969  -14.550  2.015  -17.207 0.0000000000
64954  -14.809  2.318  -17.004 0.0000000000
64965  -10.888  2.220  -17.095 0.0000000000
64964  -10.477  2.525  -16.987 0.0000000000
65826  -10.121  2.354  -16.987 0.0000000000
64951  -10.425  2.170  -16.995 0.0000000000
65825  -10.002  2.469  -17.024 0.0000000000
64940  -14.921  2.165  -16.871 0.0000000000
64950  -9.976  2.084  -16.953 0.0000000000
64929  -14.930  2.261  -16.348 0.0000000000
64921  -14.875  2.154  -15.989 0.0000000000
64916  -14.935  2.172  -15.872 0.0000000000
64904  -14.907  2.318  -15.293 0.0000000000
64889  -14.949  2.241  -15.015 0.0000000000
64876  -14.999  2.173  -14.765 0.0000000000
64864  -14.844  2.275  -14.171 0.0000000000
64863  -14.761  2.389  -14.013 0.0000000000
64098  -13.501  1.918  -18.588 0.0000000000
65020  -13.837  1.992  -18.374 0.0000000000
64097  -13.324  1.973  -18.674 0.0000000000
64096  -12.994  2.002  -18.759 0.0000000000
65019  -12.957  1.989  -18.494 0.0000000000
64089  -12.934  2.003  -18.627 0.0000000000
64092  -14.006  1.967  -18.014 0.0000000000
64091  -13.747  1.999  -18.239 0.0000000000
64088  -12.623  1.859  -18.387 0.0000000000
64087  -12.171  1.972  -18.280 0.0000000000
64072  -12.001  1.956  -18.010 0.0000000000
64076  -14.039  1.977  -17.730 0.0000000000
64075  -13.987  1.801  -17.821 0.0000000000
64071  -11.941  2.013  -17.978 0.0000000000
64982  -11.850  2.103  -17.933 0.0000000000
64054  -11.939  1.889  -17.848 0.0000000000
64968  -14.683  1.767  -16.979 0.0000000000
64056  -14.041  1.735  -17.247 0.0000000000
64053  -11.733  1.972  -17.760 0.0000000000
64967  -11.052  2.074  -17.168 0.0000000000
64040  -11.191  1.952  -17.194 0.0000000000
121484  -14.946  1.456  -16.237 0.0000000000
63068  -14.881  1.934  -16.304 0.0000000000
59491  -14.143  0.953  -16.501 0.0000000000
64039  -11.000  1.977  -17.161 0.0000000000
64953  -10.972  1.976  -17.052 0.0000000000
64029  -10.952  1.700  -17.015 0.0000000000
64952  -10.917  1.991  -17.011 0.0000000000
64028  -10.677  1.942  -16.978 0.0000000000
64938  -10.167  2.111  -16.736 0.0000000000
64939  -10.460  1.711  -16.689 0.0000000000
121498  -9.999  1.925  -16.752 0.0000000000
61293  -10.017  1.239  -16.381 0.0000000000
62181  -10.851  1.356  -16.679 0.0000000000
61294  -10.537  1.074  -16.349 0.0000000000
64000  -14.924  2.002  -16.104 0.0000000000
63995  -14.922  2.001  -15.988 0.0000000000
63988  -14.932  1.976  -15.567 0.0000000000
63974  -14.946  1.996  -15.126 0.0000000000
63961  -14.950  1.994  -14.891 0.0000000000
63948  -14.975  1.997  -14.320 0.0000000000
64090  -13.246  1.786  -18.472 0.0000000000
63154  -13.918  1.545  -17.995 0.0000000000
64074  -13.889  1.673  -17.939 0.0000000000
63153  -13.473  1.526  -18.136 0.0000000000
63152  -13.008  1.617  -18.162 0.0000000000
63151  -13.011  1.595  -18.354 0.0000000000
64073  -12.327  1.817  -18.154 0.0000000000
63139  -12.702  1.620  -18.068 0.0000000000
63143  -13.995  1.345  -17.313 0.0000000000
63142  -13.756  1.252  -17.568 0.0000000000
63138  -12.284  1.634  -17.998 0.0000000000
64055  -12.034  1.907  -17.965 0.0000000000
63123  -12.160  1.420  -17.656 0.0000000000
63122  -12.015  1.668  -17.723 0.0000000000
64041  -11.663  1.812  -17.489 0.0000000000
63108  -11.832  1.443  -17.347 0.0000000000
63107  -11.483  1.639  -17.183 0.0000000000
64030  -11.208  1.759  -17.010 0.0000000000
63097  -11.346  1.539  -17.068 0.0000000000
63098  -11.315  1.345  -17.010 0.0000000000
61303  -11.143  1.280  -16.809 0.0000000000
121496  -11.123  1.435  -16.939 0.0000000000
62182  -10.982  1.453  -16.741 0.0000000000
63063  -14.931  1.672  -15.859 0.0000000000
63052  -14.935  1.578  -15.362 0.0000000000
63038  -14.936  1.563  -15.021 0.0000000000
63024  -14.921  1.796  -14.638 0.0000000000
63141  -13.161  1.266  -17.973 0.0000000000
63140  -12.994  1.300  -18.041 0.0000000000
62229  -13.331  0.871  -17.562 0.0000000000
62230  -13.749  0.599  -17.291 0.0000000000
63125  -13.980  0.908  -17.014 0.0000000000
62228  -13.013  1.088  -17.817 0.0000000000
62227  -12.806  1.162  -18.000 0.0000000000
63124  -12.566  1.327  -17.962 0.0000000000
58603  -13.937  0.520  -16.824 0.0000000000
62218  -12.542  0.980  -17.617 0.0000000000
63109  -12.033  1.165  -17.206 0.0000000000
62205  -12.245  0.696  -16.962 0.0000000000
62204  -12.013  0.999  -17.042 0.0000000000
121494  -11.888  1.017  -16.991 0.0000000000
60411  -11.554  1.011  -16.684 0.0000000000
62151  -14.928  1.158  -15.671 0.0000000000
62140  -14.928  1.167  -15.018 0.0000000000
62124  -14.949  1.319  -14.579 0.0000000000
121493  -13.393  0.523  -17.245 0.0000000000
58602  -13.599  0.067  -16.813 0.0000000000
62219  -13.003  0.488  -17.377 0.0000000000
121487  -13.108  0.071  -17.099 0.0000000000
58618  -13.016  0.050  -17.017 0.0000000000
58630  -12.630  0.288  -17.048 0.0000000000
121489  -12.624  0.343  -17.065 0.0000000000
59528  -12.324  0.228  -16.945 0.0000000000
121491  -12.371  0.426  -17.068 0.0000000000
59513  -12.069  0.171  -16.692 0.0000000000
59512  -11.990  0.403  -16.679 0.0000000000
60412  -11.865  0.849  -16.816 0.0000000000
60403  -12.016  0.606  -16.722 0.0000000000
61295  -10.979  0.986  -16.587 0.0000000000
61261  -14.947  0.987  -15.133 0.0000000000
60364  -14.816  0.629  -15.518 0.0000000000
61256  -14.937  1.018  -14.843 0.0000000000
61296  -11.132  1.019  -16.699 0.0000000000
60401  -11.063  0.710  -16.477 0.0000000000
60400  -11.006  0.875  -16.181 0.0000000000
61283  -10.339  0.987  -16.053 0.0000000000
60399  -10.689  0.963  -16.028 0.0000000000
61282  -10.162  0.982  -16.052 0.0000000000
61292  -9.758  1.095  -16.441 0.0000000000
61281  -9.920  0.951  -16.008 0.0000000000
62180  -9.882  1.228  -16.477 0.0000000000
64018  -9.859  1.427  -16.688 0.0000000000
60388  -10.514  0.759  -15.989 0.0000000000
60387  -9.988  0.774  -16.007 0.0000000000
60356  -14.949  0.779  -15.007 0.0000000000
60402  -11.591  0.615  -16.606 0.0000000000
59502  -11.869  0.225  -16.401 0.0000000000
59501  -11.326  0.232  -16.281 0.0000000000
59500  -11.019  0.160  -16.123 0.0000000000
60389  -10.953  0.538  -15.993 0.0000000000
59499  -11.010  0.243  -16.017 0.0000000000
59488  -10.950  0.186  -15.974 0.0000000000
60376  -10.108  0.674  -15.832 0.0000000000
59487  -10.566  0.309  -15.997 0.0000000000
60386  -9.970  0.334  -16.008 0.0000000000
60375  -9.944  0.382  -15.857 0.0000000000
59476  -10.012  0.199  -15.500 0.0000000000
60374  -9.746  0.340  -15.711 0.0000000000
59475  -9.923  0.187  -15.528 0.0000000000
59479  -14.494  0.215  -15.800 0.0000000000
59464  -14.703  0.199  -15.225 0.0000000000
59465  -14.941  0.406  -15.134 0.0000000000
59514  -12.183  0.085  -16.763 0.0000000000
58629  -12.602  0.054  -17.017 0.0000000000
58616  -12.479  -0.012  -16.907 0.0000000000
58615  -12.190  -0.004  -16.477 0.0000000000
59503  -12.008  0.062  -16.426 0.0000000000
58599  -11.988  -0.102  -16.317 0.0000000000
58598  -11.983  -0.102  -16.243 0.0000000000
58597  -11.598  -0.009  -16.230 0.0000000000
59490  -11.126  0.090  -16.026 0.0000000000
58582  -11.286  0.012  -16.020 0.0000000000
59489  -11.055  0.142  -15.997 0.0000000000
58586  -14.007  0.143  -16.415 0.0000000000
58569  -14.075  -0.009  -15.934 0.0000000000
59478  -14.282  0.193  -16.126 0.0000000000
58581  -10.976  0.007  -15.994 0.0000000000
58580  -10.981  0.079  -16.010 0.0000000000
59477  -10.594  0.077  -15.684 0.0000000000
58566  -10.826  0.013  -15.925 0.0000000000
58570  -14.290  0.033  -15.771 0.0000000000
58554  -14.487  -0.013  -15.210 0.0000000000
58565  -10.281  -0.017  -15.618 0.0000000000
58564  -10.022  0.005  -15.504 0.0000000000
59463  -9.909  0.054  -15.348 0.0000000000
58551  -9.997  -0.026  -15.294 0.0000000000
59474  -9.820  0.094  -15.547 0.0000000000
59452  -14.876  0.188  -14.958 0.0000000000
58540  -14.716  0.003  -15.016 0.0000000000
59451  -14.689  0.020  -14.982 0.0000000000
59462  -9.883  0.011  -15.329 0.0000000000
58550  -9.898  -0.027  -15.211 0.0000000000
58617  -12.881  -0.024  -17.011 0.0000000000
57672  -12.990  -0.218  -16.864 0.0000000000
57673  -13.014  -0.320  -16.666 0.0000000000
58601  -13.358  -0.040  -16.923 0.0000000000
57674  -13.088  -0.132  -16.809 0.0000000000
57671  -12.894  -0.182  -16.895 0.0000000000
58600  -12.119  -0.055  -16.596 0.0000000000
57655  -12.566  -0.517  -16.470 0.0000000000
57659  -13.978  -0.183  -16.290 0.0000000000
57642  -14.001  -0.246  -16.059 0.0000000000
58585  -13.985  -0.071  -16.194 0.0000000000
57658  -13.534  -0.260  -16.350 0.0000000000
57654  -12.003  -0.250  -16.282 0.0000000000
58584  -12.004  -0.289  -16.125 0.0000000000
57639  -12.097  -0.550  -16.043 0.0000000000
58583  -11.711  -0.142  -16.069 0.0000000000
58568  -14.020  -0.072  -16.048 0.0000000000
57625  -13.904  -0.370  -15.860 0.0000000000
57638  -11.998  -0.407  -15.988 0.0000000000
57637  -11.351  -0.171  -15.984 0.0000000000
57636  -11.019  -0.005  -15.990 0.0000000000
58567  -11.004  -0.178  -15.875 0.0000000000
57622  -11.025  -0.231  -15.869 0.0000000000
58553  -14.277  -0.191  -15.540 0.0000000000
57626  -13.984  -0.461  -15.754 0.0000000000
57611  -14.056  -0.609  -15.428 0.0000000000
57621  -10.987  -0.348  -15.608 0.0000000000
57620  -10.728  -0.076  -15.680 0.0000000000
58552  -10.151  -0.087  -15.357 0.0000000000
57612  -14.383  -0.434  -15.272 0.0000000000
57598  -14.670  -0.413  -15.019 0.0000000000
57608  -10.605  -0.362  -15.061 0.0000000000
58539  -9.992  -0.364  -15.122 0.0000000000
57607  -10.030  -0.366  -15.015 0.0000000000
58538  -9.894  -0.303  -15.019 0.0000000000
57595  -10.014  -0.624  -14.969 0.0000000000
57657  -13.013  -0.509  -16.496 0.0000000000
57656  -12.988  -0.600  -16.480 0.0000000000
57641  -13.869  -0.600  -16.015 0.0000000000
56727  -13.217  -0.938  -16.145 0.0000000000
56726  -13.015  -0.892  -16.161 0.0000000000
56725  -13.017  -0.922  -16.190 0.0000000000
57640  -12.368  -0.829  -16.050 0.0000000000
56724  -12.686  -0.988  -16.091 0.0000000000
56709  -13.823  -0.651  -15.929 0.0000000000
56708  -13.360  -0.994  -16.007 0.0000000000
56705  -12.344  -0.988  -16.034 0.0000000000
56704  -12.032  -0.943  -15.928 0.0000000000
57624  -11.871  -0.723  -15.932 0.0000000000
56703  -11.965  -0.837  -15.874 0.0000000000
57623  -11.707  -0.462  -15.851 0.0000000000
57610  -13.939  -0.697  -15.411 0.0000000000
56690  -13.791  -0.880  -15.702 0.0000000000
56687  -11.804  -0.815  -15.728 0.0000000000
56686  -11.563  -0.623  -15.615 0.0000000000
56685  -11.008  -0.843  -15.512 0.0000000000
57609  -10.961  -0.678  -15.377 0.0000000000
56684  -10.981  -0.894  -15.383 0.0000000000
57597  -14.224  -0.819  -15.079 0.0000000000
56674  -14.004  -0.947  -15.141 0.0000000000
56673  -14.001  -0.947  -15.346 0.0000000000
56671  -10.950  -0.990  -15.079 0.0000000000
57596  -10.231  -0.649  -14.982 0.0000000000
56670  -10.426  -0.888  -15.001 0.0000000000
56657  -10.237  -0.884  -14.953 0.0000000000
57594  -9.824  -0.742  -14.962 0.0000000000
56656  -9.996  -0.948  -14.964 0.0000000000
56707  -12.995  -1.007  -16.018 0.0000000000
56706  -12.741  -0.989  -16.001 0.0000000000
55806  -13.215  -1.028  -15.980 0.0000000000
55785  -13.392  -1.148  -15.908 0.0000000000
56689  -13.484  -0.999  -15.951 0.0000000000
55805  -13.017  -1.019  -16.001 0.0000000000
55804  -12.762  -1.083  -15.995 0.0000000000
55803  -12.459  -0.990  -15.907 0.0000000000
55802  -12.217  -1.017  -15.930 0.0000000000
56688  -11.969  -0.938  -15.795 0.0000000000
55781  -12.033  -1.021  -15.763 0.0000000000
55786  -13.843  -1.009  -15.544 0.0000000000
55765  -14.011  -1.092  -15.248 0.0000000000
55780  -11.899  -1.010  -15.693 0.0000000000
55779  -11.386  -1.005  -15.623 0.0000000000
55778  -11.016  -1.009  -15.506 0.0000000000
56672  -10.962  -1.010  -15.236 0.0000000000
55760  -11.008  -1.110  -15.341 0.0000000000
55759  -10.928  -1.069  -15.102 0.0000000000
56658  -10.589  -0.973  -14.973 0.0000000000
55747  -11.053  -1.023  -14.950 0.0000000000
55784  -13.027  -1.198  -15.876 0.0000000000
55783  -13.018  -1.203  -15.983 0.0000000000
55782  -12.435  -1.129  -15.968 0.0000000000
55764  -13.913  -1.191  -15.310 0.0000000000
54912  -13.173  -1.643  -15.398 0.0000000000
54890  -13.589  -1.737  -15.127 0.0000000000
54911  -13.014  -1.542  -15.484 0.0000000000
54910  -12.986  -1.590  -15.504 0.0000000000
54909  -12.689  -1.728  -15.533 0.0000000000
54908  -12.079  -1.294  -15.591 0.0000000000
55763  -12.007  -1.427  -15.382 0.0000000000
55762  -11.977  -1.287  -15.399 0.0000000000
55761  -11.561  -1.256  -15.434 0.0000000000
54886  -12.138  -1.803  -15.099 0.0000000000
54885  -11.905  -1.568  -15.130 0.0000000000
54884  -11.170  -1.567  -15.213 0.0000000000
55748  -10.980  -1.215  -15.007 0.0000000000
54883  -10.984  -1.339  -15.046 0.0000000000
54889  -13.081  -1.913  -15.157 0.0000000000
54888  -12.994  -1.875  -15.206 0.0000000000
54887  -12.731  -1.916  -15.138 0.0000000000
79122  -11.605  7.990  -21.778 0.0000000000
80025  -11.849  8.097  -21.950 0.0000000000
80894  -11.994  8.657  -21.916 0.0000000000
81745  -11.857  9.009  -21.885 0.0000000000
80026  -12.028  8.256  -21.850 0.0000000000
80895  -12.136  8.790  -21.849 0.0000000000
81746  -12.015  8.951  -21.796 0.0000000000
82535  -11.779  9.001  -21.733 0.0000000000
82536  -11.943  9.050  -21.823 0.0000000000
81750  -12.228  9.020  -21.925 0.0000000000
82537  -12.037  9.041  -21.756 0.0000000000
82532  -11.944  9.324  -21.895 0.0000000000
83251  -11.692  9.946  -21.579 0.0000000000
83254  -12.000  9.760  -21.810 0.0000000000
83255  -11.998  9.719  -21.680 0.0000000000
82541  -12.303  9.010  -21.998 0.0000000000
83261  -12.073  9.239  -21.804 0.0000000000
83952  -11.443  10.058  -20.983 0.0000000000
83957  -11.581  10.010  -21.074 0.0000000000
83958  -11.795  10.011  -21.354 0.0000000000
83962  -11.956  9.988  -21.627 0.0000000000
83963  -12.015  9.967  -21.630 0.0000000000
83262  -12.571  9.829  -22.053 0.0000000000
83256  -12.198  9.695  -21.760 0.0000000000
83964  -12.413  10.005  -21.660 0.0000000000
83968  -12.683  10.014  -21.815 0.0000000000
84688  -11.780  10.298  -20.509 0.0000000000
84693  -11.654  10.074  -20.896 0.0000000000
84692  -11.335  10.420  -21.018 0.0000000000
84696  -11.497  10.384  -21.312 0.0000000000
84697  -11.584  10.027  -21.434 0.0000000000
84701  -11.856  10.234  -21.663 0.0000000000
84702  -12.023  10.263  -21.641 0.0000000000
84703  -12.384  10.380  -21.628 0.0000000000
85375  -12.250  10.773  -20.095 0.0000000000
84675  -11.993  10.582  -20.139 0.0000000000
85374  -12.047  10.966  -20.068 0.0000000000
85392  -11.546  10.781  -20.346 0.0000000000
84687  -11.392  10.538  -20.739 0.0000000000
85399  -11.273  10.949  -21.011 0.0000000000
85403  -11.376  10.979  -20.992 0.0000000000
84700  -11.704  10.565  -21.613 0.0000000000
85407  -11.607  10.915  -21.351 0.0000000000
85408  -11.975  10.909  -21.719 0.0000000000
85409  -11.987  10.808  -21.643 0.0000000000
85410  -12.212  10.878  -21.585 0.0000000000
84704  -12.902  10.251  -21.633 0.0000000000
85411  -12.753  10.846  -21.575 0.0000000000
86043  -12.390  11.001  -16.980 0.0000000000
85311  -12.563  10.802  -17.591 0.0000000000
86047  -12.388  10.995  -17.173 0.0000000000
85316  -12.569  10.965  -18.016 0.0000000000
86051  -12.486  10.981  -17.901 0.0000000000
85323  -12.473  10.938  -18.076 0.0000000000
86056  -12.442  11.030  -18.030 0.0000000000
85340  -12.312  10.958  -18.764 0.0000000000
86071  -12.486  11.006  -18.334 0.0000000000
85346  -12.523  10.993  -18.943 0.0000000000
86081  -12.492  11.065  -18.938 0.0000000000
85350  -12.422  10.985  -19.050 0.0000000000
86085  -12.562  11.032  -19.006 0.0000000000
86090  -12.637  11.018  -19.423 0.0000000000
86096  -12.210  11.032  -19.775 0.0000000000
85359  -12.048  11.117  -19.969 0.0000000000
85373  -11.802  10.993  -20.046 0.0000000000
86102  -12.032  11.017  -19.987 0.0000000000
86101  -11.931  11.036  -20.064 0.0000000000
85391  -11.268  10.998  -20.814 0.0000000000
85372  -11.427  10.977  -20.425 0.0000000000
86129  -11.261  11.043  -21.000 0.0000000000
86134  -11.307  11.027  -21.030 0.0000000000
86138  -11.401  10.979  -21.226 0.0000000000
86139  -11.884  11.001  -21.598 0.0000000000
86140  -12.031  11.007  -21.645 0.0000000000
86141  -12.247  11.014  -21.629 0.0000000000
86142  -12.551  10.979  -21.496 0.0000000000
86042  -12.247  11.126  -17.007 0.0000000000
86046  -12.290  11.143  -17.056 0.0000000000
86804  -12.353  11.049  -17.135 0.0000000000
86808  -12.400  11.322  -17.549 0.0000000000
86813  -12.387  11.407  -18.001 0.0000000000
86823  -12.550  11.288  -17.997 0.0000000000
86838  -12.646  11.385  -18.740 0.0000000000
86846  -12.472  11.566  -19.021 0.0000000000
86852  -12.465  11.268  -19.058 0.0000000000
86089  -12.092  11.085  -19.564 0.0000000000
86851  -12.169  11.463  -19.008 0.0000000000
86095  -11.992  11.134  -20.003 0.0000000000
86100  -11.631  11.007  -20.297 0.0000000000
86094  -11.940  11.119  -20.003 0.0000000000
86862  -11.822  11.460  -19.991 0.0000000000
86861  -11.708  11.310  -20.014 0.0000000000
86118  -11.368  11.001  -20.678 0.0000000000
86117  -11.209  11.126  -20.957 0.0000000000
86128  -11.178  11.222  -21.041 0.0000000000
86133  -11.235  11.282  -21.006 0.0000000000
86894  -11.246  11.432  -21.090 0.0000000000
86897  -11.309  11.093  -21.452 0.0000000000
86898  -11.998  11.271  -21.763 0.0000000000
86899  -12.026  11.469  -21.700 0.0000000000
86135  -12.673  11.011  -21.425 0.0000000000
86136  -12.829  11.021  -21.293 0.0000000000
86895  -12.242  11.411  -21.580 0.0000000000
86900  -12.085  11.643  -21.607 0.0000000000
86803  -12.060  11.391  -17.178 0.0000000000
86807  -12.114  11.749  -17.830 0.0000000000
86812  -12.205  11.817  -18.011 0.0000000000
87534  -12.335  11.792  -18.008 0.0000000000
87538  -12.507  11.881  -18.266 0.0000000000
87551  -12.341  11.942  -18.972 0.0000000000
87565  -12.317  11.852  -18.987 0.0000000000
86845  -12.384  11.605  -18.998 0.0000000000
87564  -12.238  11.886  -19.015 0.0000000000
86857  -12.022  11.651  -19.825 0.0000000000
87570  -12.051  11.967  -19.464 0.0000000000
86856  -11.912  11.391  -19.886 0.0000000000
87575  -12.040  11.991  -19.860 0.0000000000
87574  -12.020  11.902  -19.990 0.0000000000
86875  -11.174  11.453  -20.324 0.0000000000
87579  -11.518  11.960  -20.083 0.0000000000
87580  -11.774  11.942  -20.028 0.0000000000
86874  -11.101  11.219  -20.731 0.0000000000
87589  -11.205  11.879  -20.225 0.0000000000
87588  -11.024  11.916  -20.595 0.0000000000
86893  -11.114  11.572  -21.093 0.0000000000
87608  -11.022  11.980  -21.040 0.0000000000
87609  -11.152  11.996  -21.244 0.0000000000
86896  -12.892  11.612  -21.102 0.0000000000
87610  -12.395  12.010  -21.500 0.0000000000
86890  -12.974  11.457  -21.113 0.0000000000
87605  -12.993  11.918  -21.054 0.0000000000
87611  -12.817  11.998  -21.217 0.0000000000
87612  -11.592  11.980  -21.570 0.0000000000
87613  -11.992  11.918  -21.796 0.0000000000
87614  -12.010  11.934  -21.724 0.0000000000
87615  -12.089  11.963  -21.600 0.0000000000
87533  -12.087  11.984  -17.984 0.0000000000
88273  -12.172  12.032  -17.981 0.0000000000
88274  -12.348  11.982  -18.093 0.0000000000
88279  -12.352  11.982  -18.620 0.0000000000
88284  -12.233  12.014  -18.941 0.0000000000
87550  -12.244  11.977  -19.019 0.0000000000
88283  -12.177  12.031  -18.897 0.0000000000
88296  -12.018  11.985  -19.013 0.0000000000
88308  -12.077  12.083  -19.487 0.0000000000
88313  -11.905  12.093  -19.841 0.0000000000
88314  -11.995  12.015  -19.683 0.0000000000
87578  -11.157  11.991  -20.353 0.0000000000
88318  -11.334  12.102  -20.161 0.0000000000
88319  -11.685  12.043  -20.038 0.0000000000
88320  -11.873  11.997  -20.008 0.0000000000
86889  -11.031  11.577  -20.999 0.0000000000
87604  -11.002  11.945  -20.958 0.0000000000
88324  -11.099  12.019  -20.763 0.0000000000
88339  -11.038  11.996  -20.969 0.0000000000
88350  -11.091  12.003  -21.047 0.0000000000
88351  -11.342  12.003  -21.357 0.0000000000
88352  -12.567  12.050  -21.357 0.0000000000
88357  -12.179  12.095  -21.566 0.0000000000
88353  -12.980  12.005  -21.040 0.0000000000
88354  -11.854  12.062  -21.683 0.0000000000
88355  -12.001  12.064  -21.646 0.0000000000
88356  -11.946  11.946  -21.652 0.0000000000
88278  -12.229  12.181  -18.365 0.0000000000
89038  -12.134  12.555  -18.021 0.0000000000
89041  -12.120  12.519  -18.567 0.0000000000
89045  -12.196  12.494  -18.996 0.0000000000
89053  -12.132  12.482  -19.197 0.0000000000
89066  -12.091  12.490  -19.391 0.0000000000
88307  -12.045  12.030  -19.530 0.0000000000
89065  -12.007  12.432  -19.608 0.0000000000
89072  -11.699  12.635  -19.986 0.0000000000
88312  -11.722  12.084  -19.936 0.0000000000
89077  -11.326  12.324  -20.019 0.0000000000
89076  -10.996  12.504  -20.478 0.0000000000
89071  -11.460  12.592  -19.963 0.0000000000
89081  -10.994  12.454  -20.955 0.0000000000
89090  -11.015  12.386  -21.028 0.0000000000
89103  -11.126  12.477  -21.075 0.0000000000
89104  -11.541  12.398  -21.716 0.0000000000
89105  -12.949  12.477  -21.159 0.0000000000
89113  -12.503  12.238  -21.425 0.0000000000
89110  -11.978  12.501  -21.764 0.0000000000
89111  -11.940  12.485  -21.623 0.0000000000
89112  -12.050  12.416  -21.592 0.0000000000
89814  -12.090  12.909  -18.306 0.0000000000
89817  -12.093  12.983  -18.793 0.0000000000
89820  -12.168  12.990  -18.985 0.0000000000
89825  -12.037  12.874  -19.176 0.0000000000
89838  -11.992  12.999  -19.266 0.0000000000
89837  -11.956  12.972  -19.393 0.0000000000
89850  -11.680  12.982  -19.898 0.0000000000
89849  -11.408  13.012  -19.941 0.0000000000
89855  -11.379  12.808  -20.077 0.0000000000
89854  -11.043  12.990  -20.342 0.0000000000
89859  -11.044  12.933  -20.856 0.0000000000
89862  -11.063  12.856  -20.981 0.0000000000
89874  -11.093  12.926  -21.029 0.0000000000
89875  -11.317  12.958  -21.240 0.0000000000
89888  -11.856  12.937  -21.664 0.0000000000
89889  -12.027  12.915  -21.667 0.0000000000
89890  -12.036  12.898  -21.618 0.0000000000
89891  -12.590  12.970  -21.670 0.0000000000
90619  -11.994  13.007  -18.505 0.0000000000
90622  -11.997  13.015  -18.879 0.0000000000
90626  -12.012  13.053  -19.034 0.0000000000
89824  -11.925  12.989  -19.168 0.0000000000
90632  -11.827  13.065  -19.386 0.0000000000
90644  -11.617  13.054  -19.710 0.0000000000
90643  -11.437  13.057  -20.014 0.0000000000
90654  -11.342  13.034  -19.999 0.0000000000
90653  -11.179  12.915  -19.975 0.0000000000
90658  -11.110  13.100  -20.533 0.0000000000
90661  -11.069  13.097  -20.994 0.0000000000
90665  -11.118  13.007  -21.050 0.0000000000
90666  -11.200  13.081  -21.057 0.0000000000
90677  -11.355  12.994  -21.397 0.0000000000
90678  -11.946  13.056  -21.666 0.0000000000
90679  -12.017  13.016  -21.640 0.0000000000
90680  -12.266  13.000  -21.468 0.0000000000
89876  -12.914  12.939  -21.299 0.0000000000
90667  -12.712  12.943  -21.404 0.0000000000
91429  -11.961  13.342  -18.814 0.0000000000
91434  -12.001  13.139  -18.987 0.0000000000
90625  -12.017  13.158  -19.098 0.0000000000
91433  -11.945  13.504  -19.006 0.0000000000
91439  -11.845  13.628  -19.080 0.0000000000
90631  -11.425  13.215  -19.956 0.0000000000
91438  -11.435  13.873  -19.653 0.0000000000
91446  -11.331  13.557  -19.902 0.0000000000
91457  -11.349  13.401  -20.014 0.0000000000
91456  -11.081  13.440  -20.004 0.0000000000
91466  -11.058  13.568  -20.585 0.0000000000
91470  -11.085  13.682  -21.022 0.0000000000
90662  -11.108  13.233  -21.025 0.0000000000
91471  -11.216  13.654  -21.013 0.0000000000
91474  -11.232  13.787  -21.402 0.0000000000
90668  -12.777  13.137  -21.425 0.0000000000
91477  -11.829  13.581  -21.799 0.0000000000
91478  -11.980  13.468  -21.733 0.0000000000
91479  -11.983  13.453  -21.607 0.0000000000
90681  -12.921  13.017  -21.462 0.0000000000
91480  -12.506  13.462  -21.627 0.0000000000
91428  -11.997  13.607  -19.005 0.0000000000
92294  -11.816  13.994  -18.995 0.0000000000
92299  -11.659  13.993  -18.992 0.0000000000
92303  -11.596  13.972  -19.275 0.0000000000
92302  -11.324  14.001  -19.785 0.0000000000
92308  -11.177  13.995  -19.923 0.0000000000
91445  -11.173  13.861  -19.987 0.0000000000
92307  -11.130  13.981  -20.007 0.0000000000
92313  -11.129  13.989  -20.136 0.0000000000
92322  -11.058  13.980  -20.724 0.0000000000
92331  -11.233  13.925  -20.974 0.0000000000
92332  -11.336  14.014  -21.008 0.0000000000
92340  -11.657  13.999  -21.546 0.0000000000
92344  -11.974  13.823  -21.755 0.0000000000
92345  -11.890  13.985  -21.578 0.0000000000
92346  -12.009  13.970  -21.627 0.0000000000
93137  -11.779  14.250  -19.010 0.0000000000
92298  -11.514  13.999  -19.276 0.0000000000
93136  -11.650  14.086  -19.067 0.0000000000
93140  -11.329  14.208  -19.476 0.0000000000
93144  -11.268  13.994  -19.813 0.0000000000
93143  -11.139  14.090  -19.931 0.0000000000
93148  -11.094  14.165  -20.013 0.0000000000
93153  -11.023  14.096  -20.271 0.0000000000
93158  -11.076  14.069  -20.838 0.0000000000
93159  -11.209  14.065  -21.023 0.0000000000
93168  -11.196  14.123  -21.226 0.0000000000
92341  -11.909  14.009  -21.601 0.0000000000
93169  -11.705  14.077  -21.548 0.0000000000
93177  -12.000  14.072  -21.503 0.0000000000
93178  -12.024  14.007  -21.585 0.0000000000
93998  -11.390  14.568  -19.030 0.0000000000
94002  -11.232  14.524  -19.075 0.0000000000
93139  -11.095  14.154  -19.875 0.0000000000
94001  -11.058  14.577  -19.517 0.0000000000
94005  -11.010  14.680  -19.926 0.0000000000
94008  -11.053  14.517  -20.065 0.0000000000
94012  -11.009  14.579  -20.466 0.0000000000
94017  -11.031  14.504  -20.963 0.0000000000
94018  -11.228  14.581  -21.008 0.0000000000
94024  -11.522  14.611  -21.227 0.0000000000
94025  -11.905  14.532  -21.436 0.0000000000
94031  -12.007  14.276  -21.427 0.0000000000
93997  -11.193  14.975  -19.151 0.0000000000
94894  -11.083  14.966  -19.486 0.0000000000
94898  -11.012  14.964  -19.816 0.0000000000
94902  -10.973  14.887  -19.991 0.0000000000
94905  -11.012  14.890  -20.203 0.0000000000
94908  -10.979  14.981  -20.536 0.0000000000
94910  -10.983  14.957  -20.905 0.0000000000
94911  -11.101  14.945  -20.994 0.0000000000
94914  -11.420  14.981  -21.080 0.0000000000
94915  -11.790  14.944  -21.028 0.0000000000
95929  -11.003  15.063  -19.809 0.0000000000
95932  -10.888  15.182  -19.904 0.0000000000
94901  -10.812  14.980  -20.025 0.0000000000
94904  -10.755  14.995  -20.368 0.0000000000
94907  -10.796  14.974  -20.624 0.0000000000
95938  -10.883  15.227  -20.451 0.0000000000
95941  -11.080  15.063  -20.926 0.0000000000
95942  -11.491  15.113  -21.049 0.0000000000
95945  -11.439  14.999  -21.153 0.0000000000
95946  -11.751  15.042  -21.085 0.0000000000
95931  -10.782  15.066  -19.991 0.0000000000
96858  -11.052  15.557  -19.988 0.0000000000
95935  -10.774  15.321  -20.039 0.0000000000
96860  -11.009  15.597  -20.051 0.0000000000
95934  -10.717  15.060  -20.119 0.0000000000
96863  -11.015  15.567  -20.174 0.0000000000
95937  -10.588  15.028  -20.395 0.0000000000
96866  -10.986  15.676  -20.864 0.0000000000
96867  -11.301  15.465  -20.984 0.0000000000
95943  -11.953  15.104  -20.953 0.0000000000
96868  -11.774  15.444  -21.001 0.0000000000
97688  -11.076  15.992  -20.000 0.0000000000
97692  -11.002  15.983  -20.140 0.0000000000
97695  -10.916  15.977  -20.496 0.0000000000
97698  -11.063  15.919  -20.919 0.0000000000
97699  -11.447  15.939  -21.010 0.0000000000
96864  -12.051  15.554  -20.852 0.0000000000
97700  -11.967  15.839  -20.876 0.0000000000
98479  -11.069  16.258  -20.182 0.0000000000
98482  -11.037  16.031  -20.506 0.0000000000
98485  -11.027  16.000  -20.697 0.0000000000
98486  -11.227  16.038  -21.016 0.0000000000
97696  -11.804  16.023  -20.833 0.0000000000
97697  -11.982  15.973  -20.488 0.0000000000
98475  -11.143  16.226  -19.994 0.0000000000
98480  -11.446  16.352  -20.133 0.0000000000
98483  -11.320  16.355  -20.562 0.0000000000
98484  -11.765  16.195  -20.348 0.0000000000
64027  -9.774  1.878  -16.877 0.0000000000
97693  -11.995  16.014  -20.161 0.0000000000
96861  -12.155  15.910  -20.343 0.0000000000
64050  -9.877  1.898  -17.579 0.0000000000
64038  -9.793  1.491  -17.889 0.0000000000
64037  -9.947  1.495  -17.286 0.0000000000
64051  -9.902  1.754  -18.029 0.0000000000
64962  -9.720  2.007  -17.209 0.0000000000
64978  -9.773  1.999  -17.771 0.0000000000
64979  -9.938  1.987  -17.991 0.0000000000
64069  -9.948  1.965  -18.020 0.0000000000
64052  -10.140  1.344  -17.845 0.0000000000
63106  -9.987  1.041  -17.676 0.0000000000
63136  -10.414  1.202  -18.014 0.0000000000
63121  -10.765  0.817  -18.010 0.0000000000
64070  -10.072  1.835  -18.003 0.0000000000
60421  -10.264  0.985  -17.446 0.0000000000
121497  -10.014  1.050  -17.651 0.0000000000
64996  -9.978  2.155  -18.003 0.0000000000
63148  -10.340  1.678  -17.994 0.0000000000
64085  -10.240  1.978  -18.057 0.0000000000
64997  -10.117  2.030  -17.978 0.0000000000
64026  -9.735  1.555  -17.007 0.0000000000
64949  -9.970  1.962  -17.006 0.0000000000
64963  -9.901  2.139  -17.030 0.0000000000
65836  -9.737  2.402  -17.433 0.0000000000
65850  -9.737  2.679  -17.966 0.0000000000
64995  -9.923  2.224  -17.995 0.0000000000
65866  -9.905  2.633  -18.065 0.0000000000
65867  -9.941  2.604  -18.231 0.0000000000
65014  -10.012  2.346  -17.981 0.0000000000
65015  -10.196  2.196  -18.175 0.0000000000
65887  -10.027  2.805  -18.287 0.0000000000
65851  -9.909  2.891  -17.711 0.0000000000
66728  -9.770  3.009  -17.875 0.0000000000
66742  -9.756  2.977  -18.182 0.0000000000
66743  -9.970  2.831  -18.232 0.0000000000
66761  -10.004  2.985  -18.609 0.0000000000
65888  -10.227  2.825  -18.693 0.0000000000
66762  -10.083  3.010  -18.648 0.0000000000
67604  -9.812  3.131  -17.772 0.0000000000
67618  -9.725  3.258  -17.931 0.0000000000
66760  -9.967  3.014  -18.328 0.0000000000
67634  -9.709  3.312  -18.431 0.0000000000
67635  -9.897  3.075  -18.628 0.0000000000
66782  -10.267  2.958  -19.060 0.0000000000
66781  -10.080  3.018  -18.915 0.0000000000
67653  -9.994  3.141  -18.897 0.0000000000
67654  -10.154  3.002  -18.971 0.0000000000
68490  -9.931  3.443  -18.048 0.0000000000
68505  -9.991  3.741  -18.325 0.0000000000
67652  -9.779  3.469  -18.741 0.0000000000
68522  -9.668  3.796  -18.712 0.0000000000
68523  -9.893  3.830  -19.031 0.0000000000
67671  -10.201  3.076  -19.011 0.0000000000
67670  -10.007  3.352  -18.991 0.0000000000
68540  -9.944  3.718  -19.041 0.0000000000
68541  -10.001  3.584  -19.059 0.0000000000
69368  -9.795  4.008  -18.574 0.0000000000
69385  -9.746  4.029  -18.951 0.0000000000
68539  -9.923  4.009  -18.989 0.0000000000
69403  -9.951  4.001  -19.074 0.0000000000
69404  -9.803  3.951  -19.199 0.0000000000
68555  -9.984  3.810  -19.253 0.0000000000
68556  -10.038  3.691  -19.383 0.0000000000
69422  -9.938  3.989  -19.628 0.0000000000
70244  -9.987  4.250  -19.070 0.0000000000
70262  -9.922  4.330  -19.103 0.0000000000
69421  -9.934  4.027  -19.207 0.0000000000
70281  -9.790  4.138  -19.632 0.0000000000
69423  -10.154  3.990  -19.785 0.0000000000
70282  -9.985  4.223  -20.020 0.0000000000
69436  -10.072  4.059  -19.939 0.0000000000
71125  -9.957  4.870  -18.935 0.0000000000
71141  -9.729  4.701  -19.463 0.0000000000
71142  -9.920  4.624  -20.010 0.0000000000
70299  -10.073  4.243  -19.990 0.0000000000
71158  -9.994  4.756  -19.964 0.0000000000
71991  -9.999  5.004  -19.087 0.0000000000
71990  -9.865  4.998  -19.231 0.0000000000
72000  -9.609  5.006  -19.701 0.0000000000
71157  -9.750  4.990  -19.897 0.0000000000
72012  -9.718  5.001  -20.014 0.0000000000
71159  -10.028  4.751  -20.100 0.0000000000
72013  -9.971  5.009  -20.010 0.0000000000
71175  -10.020  4.940  -20.100 0.0000000000
71176  -10.174  4.840  -20.332 0.0000000000
72027  -9.974  5.119  -20.187 0.0000000000
72028  -10.034  5.011  -20.149 0.0000000000
71989  -9.460  5.023  -19.158 0.0000000000
71999  -9.343  5.001  -19.543 0.0000000000
72896  -9.699  5.491  -18.997 0.0000000000
72897  -9.960  5.457  -19.209 0.0000000000
72898  -10.000  5.090  -19.221 0.0000000000
72895  -9.089  5.310  -19.183 0.0000000000
72905  -9.072  5.125  -19.783 0.0000000000
72011  -9.343  5.011  -19.973 0.0000000000
72917  -9.123  5.283  -20.015 0.0000000000
72025  -9.362  5.127  -20.002 0.0000000000
72026  -9.820  5.073  -20.039 0.0000000000
72927  -9.368  5.492  -20.193 0.0000000000
72928  -9.950  5.389  -20.432 0.0000000000
72929  -10.008  5.319  -20.370 0.0000000000
72043  -10.081  5.098  -20.295 0.0000000000
72044  -10.231  5.089  -20.415 0.0000000000
72940  -10.005  5.505  -20.529 0.0000000000
71193  -10.401  4.986  -20.427 0.0000000000
72045  -10.681  4.996  -20.583 0.0000000000
72941  -10.492  5.503  -20.778 0.0000000000
72894  -9.001  5.492  -19.527 0.0000000000
73756  -8.992  5.738  -19.256 0.0000000000
73757  -9.298  5.984  -19.121 0.0000000000
73758  -9.867  5.979  -19.156 0.0000000000
73759  -10.015  5.866  -19.339 0.0000000000
72906  -10.001  5.561  -19.298 0.0000000000
72904  -9.005  5.548  -19.889 0.0000000000
72916  -9.103  5.563  -20.003 0.0000000000
72926  -9.132  5.814  -20.019 0.0000000000
73791  -9.127  5.979  -20.194 0.0000000000
73792  -9.455  5.854  -20.454 0.0000000000
72939  -10.033  5.724  -20.640 0.0000000000
73803  -9.991  5.979  -20.689 0.0000000000
73804  -10.026  5.989  -20.792 0.0000000000
73805  -10.068  5.891  -20.782 0.0000000000
72942  -10.912  5.250  -20.890 0.0000000000
72956  -10.987  5.408  -20.937 0.0000000000
72955  -10.705  5.868  -20.991 0.0000000000
73815  -10.327  5.991  -20.929 0.0000000000
73816  -10.769  5.848  -21.041 0.0000000000
73766  -9.025  5.933  -19.578 0.0000000000
73767  -9.171  5.983  -19.236 0.0000000000
74582  -9.637  6.026  -19.233 0.0000000000
74581  -9.408  6.005  -19.266 0.0000000000
73768  -9.962  6.039  -19.406 0.0000000000
74592  -9.726  6.020  -19.336 0.0000000000
73779  -8.952  5.881  -19.982 0.0000000000
74591  -9.159  6.014  -19.390 0.0000000000
74590  -8.963  6.098  -19.784 0.0000000000
73790  -9.031  5.991  -20.016 0.0000000000
74600  -8.963  6.172  -20.004 0.0000000000
74613  -9.050  6.035  -20.104 0.0000000000
74614  -9.121  6.023  -20.252 0.0000000000
73802  -9.525  5.991  -20.586 0.0000000000
74625  -9.215  6.000  -20.460 0.0000000000
74626  -9.801  6.060  -20.795 0.0000000000
74627  -10.004  6.063  -20.816 0.0000000000
73814  -10.008  5.986  -21.007 0.0000000000
74637  -9.978  6.031  -21.021 0.0000000000
74638  -10.173  6.015  -21.056 0.0000000000
74639  -10.535  5.985  -21.006 0.0000000000
73817  -11.001  5.775  -20.977 0.0000000000
73825  -11.018  5.818  -21.197 0.0000000000
73824  -10.974  6.005  -21.158 0.0000000000
74649  -10.719  5.987  -21.077 0.0000000000
74650  -10.960  6.075  -21.251 0.0000000000
75417  -8.997  6.225  -19.632 0.0000000000
75427  -9.015  6.543  -19.994 0.0000000000
75418  -9.118  6.307  -19.439 0.0000000000
75419  -10.003  6.420  -19.567 0.0000000000
75441  -9.022  6.555  -20.048 0.0000000000
74624  -9.003  6.236  -20.234 0.0000000000
75450  -9.042  6.514  -20.561 0.0000000000
75451  -9.514  6.420  -20.978 0.0000000000
75452  -9.875  6.239  -20.990 0.0000000000
74636  -10.008  6.194  -20.924 0.0000000000
75460  -9.830  6.479  -21.056 0.0000000000
75461  -10.017  6.385  -21.018 0.0000000000
75462  -10.164  6.116  -21.011 0.0000000000
74648  -10.346  6.022  -21.150 0.0000000000
75473  -10.369  6.460  -21.193 0.0000000000
75474  -11.015  6.573  -21.458 0.0000000000
74651  -11.088  6.091  -21.283 0.0000000000
75475  -11.045  6.494  -21.504 0.0000000000
75428  -9.472  6.856  -19.782 0.0000000000
76259  -9.411  6.993  -19.911 0.0000000000
76258  -9.041  6.863  -20.003 0.0000000000
76271  -9.009  7.014  -20.087 0.0000000000
76284  -8.998  6.923  -20.515 0.0000000000
76285  -9.196  6.973  -20.941 0.0000000000
75459  -9.519  6.678  -21.015 0.0000000000
76293  -9.246  6.998  -20.995 0.0000000000
76294  -9.556  6.803  -21.073 0.0000000000
75472  -10.008  6.606  -21.077 0.0000000000
75471  -9.996  6.626  -21.286 0.0000000000
76304  -9.725  6.852  -21.214 0.0000000000
76305  -9.982  6.992  -21.413 0.0000000000
76306  -10.080  6.999  -21.261 0.0000000000
76307  -10.770  7.002  -21.262 0.0000000000
76308  -10.937  6.893  -21.491 0.0000000000
75476  -11.247  6.321  -21.430 0.0000000000
75480  -11.492  6.536  -21.601 0.0000000000
75479  -11.037  6.929  -21.587 0.0000000000
76313  -11.068  6.943  -21.515 0.0000000000
76314  -11.424  7.015  -21.632 0.0000000000
76272  -9.067  7.004  -19.993 0.0000000000
77183  -9.498  7.106  -19.914 0.0000000000
77192  -9.274  7.078  -20.028 0.0000000000
77191  -8.970  7.112  -20.381 0.0000000000
77204  -8.987  7.102  -20.815 0.0000000000
76292  -9.096  7.019  -20.996 0.0000000000
77213  -9.107  7.069  -21.005 0.0000000000
77214  -9.274  6.996  -21.071 0.0000000000
76303  -9.367  6.962  -21.167 0.0000000000
77224  -9.504  7.024  -21.260 0.0000000000
77225  -9.933  7.084  -21.263 0.0000000000
77226  -10.027  7.091  -21.259 0.0000000000
77227  -10.491  7.116  -21.304 0.0000000000
77228  -10.764  6.962  -21.474 0.0000000000
76312  -10.973  6.988  -21.558 0.0000000000
77234  -10.961  7.141  -21.519 0.0000000000
77235  -11.144  7.133  -21.655 0.0000000000
76315  -11.855  6.929  -21.686 0.0000000000
77236  -11.681  7.030  -21.789 0.0000000000
60420  -9.995  0.999  -17.134 0.0000000000
61309  -9.830  1.009  -17.005 0.0000000000
61301  -9.698  1.158  -16.828 0.0000000000
61310  -9.997  1.047  -17.246 0.0000000000
60410  -9.967  0.682  -16.983 0.0000000000
61302  -9.874  0.936  -16.988 0.0000000000
60409  -9.719  0.984  -16.777 0.0000000000
60397  -9.667  0.501  -16.146 0.0000000000
59526  -10.155  0.419  -17.020 0.0000000000
59536  -10.357  0.443  -17.361 0.0000000000
60432  -10.802  0.551  -17.872 0.0000000000
59525  -10.028  0.431  -17.022 0.0000000000
59510  -9.981  0.158  -16.995 0.0000000000
60398  -9.991  0.548  -16.755 0.0000000000
59498  -9.890  0.146  -16.373 0.0000000000
59497  -9.768  0.098  -16.006 0.0000000000
59486  -9.662  0.122  -15.878 0.0000000000
59527  -10.504  0.071  -17.081 0.0000000000
59537  -10.885  0.084  -17.743 0.0000000000
58628  -10.286  -0.080  -17.050 0.0000000000
58633  -10.734  -0.058  -17.259 0.0000000000
58627  -10.377  0.078  -16.968 0.0000000000
59511  -10.078  0.119  -16.990 0.0000000000
58613  -10.246  0.025  -16.890 0.0000000000
58612  -9.926  -0.003  -16.541 0.0000000000
58595  -9.869  -0.032  -16.311 0.0000000000
58594  -9.650  0.010  -16.047 0.0000000000
58578  -9.736  -0.159  -16.026 0.0000000000
58563  -9.761  -0.035  -15.848 0.0000000000
57683  -11.004  -0.416  -17.338 0.0000000000
57681  -10.859  -0.520  -17.166 0.0000000000
58634  -10.946  -0.108  -17.851 0.0000000000
57670  -10.746  -0.425  -17.006 0.0000000000
58614  -10.465  -0.010  -16.991 0.0000000000
57669  -10.721  -0.332  -16.950 0.0000000000
57653  -10.255  -0.312  -16.434 0.0000000000
58596  -10.009  -0.007  -16.489 0.0000000000
57652  -9.991  -0.390  -16.140 0.0000000000
57635  -9.981  -0.545  -16.067 0.0000000000
58579  -9.908  -0.335  -16.085 0.0000000000
57634  -9.922  -0.761  -16.008 0.0000000000
57619  -9.755  -0.797  -16.014 0.0000000000
57606  -9.669  -0.544  -15.398 0.0000000000
57684  -11.154  -0.487  -17.527 0.0000000000
56741  -11.023  -0.832  -17.001 0.0000000000
56742  -11.045  -0.946  -16.988 0.0000000000
57682  -11.004  -0.762  -17.082 0.0000000000
56737  -10.917  -0.898  -16.922 0.0000000000
56736  -10.741  -0.801  -16.799 0.0000000000
56722  -10.146  -0.929  -16.125 0.0000000000
56721  -10.006  -0.945  -16.113 0.0000000000
56701  -10.006  -1.032  -16.017 0.0000000000
56700  -9.854  -1.020  -16.013 0.0000000000
56682  -9.712  -0.998  -15.767 0.0000000000
56669  -9.727  -0.996  -15.210 0.0000000000
56738  -11.013  -0.981  -16.955 0.0000000000
56723  -10.762  -1.001  -16.632 0.0000000000
55816  -10.426  -1.012  -16.132 0.0000000000
55800  -10.159  -1.091  -15.959 0.0000000000
56702  -10.076  -0.981  -15.991 0.0000000000
55799  -10.070  -1.031  -15.967 0.0000000000
55776  -9.985  -1.188  -15.755 0.0000000000
56683  -9.993  -1.014  -16.002 0.0000000000
55775  -9.876  -1.025  -15.706 0.0000000000
55757  -9.760  -1.196  -15.410 0.0000000000
56746  -10.979  -0.955  -17.096 0.0000000000
58635  -11.088  -0.007  -17.622 0.0000000000
59538  -11.019  0.002  -17.543 0.0000000000
60433  -10.964  0.306  -17.790 0.0000000000
59539  -11.038  0.189  -17.716 0.0000000000
59540  -11.078  0.112  -17.765 0.0000000000
121495  -11.006  0.406  -17.878 0.0000000000
