#!ascii label  , from subject  vox2ras=TkReg
1168
52152  -10.016  -2.871  -13.888 0.0000000000
51266  -10.034  -2.991  -14.192 0.0000000000
51249  -9.988  -3.006  -14.006 0.0000000000
52137  -9.988  -2.839  -13.791 0.0000000000
52171  -10.004  -2.873  -14.460 0.0000000000
52138  -10.374  -2.764  -13.788 0.0000000000
52153  -10.546  -2.477  -14.012 0.0000000000
53031  -10.001  -2.220  -14.030 0.0000000000
52139  -10.860  -2.721  -13.956 0.0000000000
52154  -10.973  -2.468  -13.985 0.0000000000
53032  -10.673  -2.114  -13.994 0.0000000000
52140  -11.019  -2.749  -13.941 0.0000000000
52155  -11.032  -2.659  -14.046 0.0000000000
53033  -10.972  -2.196  -14.296 0.0000000000
52141  -11.308  -2.794  -13.915 0.0000000000
52156  -11.390  -2.671  -14.015 0.0000000000
53034  -10.983  -2.251  -14.334 0.0000000000
52142  -11.803  -2.765  -13.891 0.0000000000
52157  -11.984  -2.669  -13.984 0.0000000000
53035  -11.697  -2.212  -14.082 0.0000000000
52143  -12.016  -2.840  -13.976 0.0000000000
52158  -11.998  -2.722  -14.083 0.0000000000
53036  -12.015  -2.358  -14.361 0.0000000000
51255  -12.173  -3.027  -13.937 0.0000000000
51267  -12.078  -2.987  -13.995 0.0000000000
52159  -12.255  -2.910  -14.121 0.0000000000
53037  -11.992  -2.462  -14.394 0.0000000000
52173  -12.013  -2.614  -14.493 0.0000000000
51268  -12.555  -2.992  -14.010 0.0000000000
52160  -12.791  -2.940  -14.130 0.0000000000
52174  -12.378  -2.590  -14.341 0.0000000000
51269  -12.901  -2.975  -14.015 0.0000000000
52161  -12.997  -2.944  -14.084 0.0000000000
52175  -13.006  -2.470  -14.447 0.0000000000
51270  -13.072  -2.949  -14.020 0.0000000000
51258  -13.067  -2.924  -13.982 0.0000000000
52144  -13.059  -2.930  -14.001 0.0000000000
52145  -13.376  -2.683  -13.751 0.0000000000
52162  -13.545  -2.526  -14.006 0.0000000000
52176  -12.987  -2.525  -14.536 0.0000000000
53038  -13.217  -2.383  -14.284 0.0000000000
52146  -13.835  -2.377  -13.990 0.0000000000
52163  -13.968  -2.353  -14.076 0.0000000000
53039  -13.927  -2.274  -14.143 0.0000000000
53024  -14.002  -2.320  -14.022 0.0000000000
53040  -14.024  -2.157  -14.205 0.0000000000
51280  -10.092  -2.966  -14.552 0.0000000000
52172  -10.128  -2.971  -14.852 0.0000000000
53050  -10.007  -2.270  -14.734 0.0000000000
52185  -10.070  -2.777  -14.965 0.0000000000
51281  -10.369  -2.999  -14.910 0.0000000000
52186  -10.244  -2.841  -15.017 0.0000000000
53055  -12.066  -2.093  -14.685 0.0000000000
53056  -12.706  -2.192  -14.884 0.0000000000
53057  -12.966  -2.230  -14.739 0.0000000000
53058  -13.090  -2.086  -14.878 0.0000000000
53069  -10.044  -2.250  -15.021 0.0000000000
51295  -10.529  -3.012  -15.010 0.0000000000
51307  -10.537  -2.976  -15.025 0.0000000000
52198  -10.397  -2.792  -15.044 0.0000000000
53070  -10.131  -2.392  -15.000 0.0000000000
51308  -10.738  -2.991  -15.313 0.0000000000
52199  -10.831  -2.547  -15.461 0.0000000000
53087  -10.285  -2.140  -15.503 0.0000000000
51314  -10.998  -2.805  -15.490 0.0000000000
52206  -11.004  -2.527  -15.755 0.0000000000
53088  -10.852  -2.212  -15.845 0.0000000000
51315  -11.057  -2.837  -15.637 0.0000000000
52207  -11.134  -2.507  -15.883 0.0000000000
53099  -10.899  -2.115  -15.998 0.0000000000
51316  -11.460  -2.833  -15.663 0.0000000000
52208  -11.630  -2.735  -15.840 0.0000000000
53100  -11.005  -2.215  -16.013 0.0000000000
52213  -11.199  -2.383  -15.989 0.0000000000
53105  -11.013  -2.160  -16.051 0.0000000000
51317  -11.948  -2.985  -15.858 0.0000000000
52209  -12.099  -2.879  -15.994 0.0000000000
52214  -11.531  -2.814  -16.062 0.0000000000
52215  -12.008  -2.831  -15.987 0.0000000000
51325  -12.121  -2.973  -15.830 0.0000000000
53106  -11.108  -2.501  -16.039 0.0000000000
52224  -12.000  -2.729  -16.069 0.0000000000
52223  -11.779  -2.534  -16.127 0.0000000000
53111  -11.426  -2.265  -16.373 0.0000000000
51326  -12.256  -2.868  -16.106 0.0000000000
52216  -12.346  -2.836  -15.987 0.0000000000
52225  -12.206  -2.668  -16.134 0.0000000000
53112  -11.998  -2.361  -16.602 0.0000000000
53113  -12.078  -2.198  -16.619 0.0000000000
53016  -14.039  -2.266  -13.908 0.0000000000
53025  -14.141  -2.176  -14.005 0.0000000000
53041  -14.086  -2.173  -14.070 0.0000000000
53017  -14.280  -2.040  -13.796 0.0000000000
53918  -14.245  -2.051  -13.990 0.0000000000
53930  -14.137  -2.053  -14.193 0.0000000000
53927  -10.216  -2.014  -14.080 0.0000000000
53926  -10.040  -2.006  -14.150 0.0000000000
53940  -10.004  -2.003  -14.513 0.0000000000
53928  -10.762  -1.976  -14.178 0.0000000000
53052  -11.129  -2.040  -14.597 0.0000000000
53051  -10.998  -2.007  -14.571 0.0000000000
53942  -11.005  -1.991  -14.492 0.0000000000
53053  -11.384  -2.006  -14.653 0.0000000000
53054  -11.953  -2.058  -14.610 0.0000000000
53059  -13.727  -2.015  -14.498 0.0000000000
53060  -13.953  -2.123  -14.320 0.0000000000
53929  -13.977  -2.003  -14.319 0.0000000000
53949  -13.961  -1.999  -14.658 0.0000000000
53959  -10.006  -2.002  -14.912 0.0000000000
53943  -11.000  -1.992  -14.644 0.0000000000
53944  -11.267  -1.873  -14.617 0.0000000000
53945  -11.640  -1.985  -14.622 0.0000000000
53946  -12.003  -1.979  -14.756 0.0000000000
53072  -12.499  -2.040  -14.969 0.0000000000
53071  -12.148  -1.994  -14.875 0.0000000000
53964  -12.029  -1.906  -14.857 0.0000000000
53073  -12.900  -2.060  -14.973 0.0000000000
53074  -12.980  -2.082  -14.960 0.0000000000
53948  -13.277  -2.007  -14.769 0.0000000000
53947  -13.018  -2.008  -14.994 0.0000000000
53967  -13.016  -1.990  -14.992 0.0000000000
53086  -10.000  -2.019  -15.109 0.0000000000
53980  -10.007  -1.997  -15.011 0.0000000000
53965  -12.322  -2.008  -14.984 0.0000000000
53966  -12.806  -2.013  -14.949 0.0000000000
53981  -10.138  -1.989  -15.253 0.0000000000
53098  -10.583  -1.995  -15.683 0.0000000000
53998  -10.295  -1.992  -15.565 0.0000000000
53999  -10.629  -1.982  -15.958 0.0000000000
53104  -10.901  -2.066  -16.033 0.0000000000
54002  -10.746  -2.009  -16.034 0.0000000000
54003  -10.933  -2.047  -16.064 0.0000000000
53110  -11.012  -2.040  -16.275 0.0000000000
54007  -10.986  -2.043  -16.165 0.0000000000
54008  -11.092  -1.998  -16.332 0.0000000000
53121  -11.936  -2.097  -16.731 0.0000000000
53120  -11.650  -2.028  -16.670 0.0000000000
54013  -11.372  -2.103  -16.677 0.0000000000
53122  -12.007  -2.067  -16.679 0.0000000000
54014  -11.913  -2.123  -16.808 0.0000000000
54015  -12.029  -1.991  -16.844 0.0000000000
53909  -14.294  -1.998  -13.837 0.0000000000
53910  -14.461  -2.019  -13.519 0.0000000000
53919  -14.329  -1.998  -13.973 0.0000000000
54821  -14.539  -1.935  -13.527 0.0000000000
54831  -14.675  -1.542  -14.012 0.0000000000
53931  -14.386  -1.955  -14.037 0.0000000000
53941  -10.315  -2.014  -14.291 0.0000000000
53950  -14.025  -1.955  -14.420 0.0000000000
54840  -14.159  -1.878  -14.359 0.0000000000
54841  -14.611  -1.363  -14.047 0.0000000000
54850  -9.985  -1.854  -14.733 0.0000000000
54851  -10.642  -1.701  -14.608 0.0000000000
54852  -11.010  -1.744  -14.668 0.0000000000
53960  -11.009  -1.848  -14.683 0.0000000000
53961  -11.007  -1.785  -14.938 0.0000000000
53962  -11.370  -1.836  -14.895 0.0000000000
53963  -11.832  -1.907  -14.866 0.0000000000
53968  -13.630  -1.998  -14.990 0.0000000000
53969  -13.868  -2.003  -14.950 0.0000000000
54853  -14.002  -1.865  -14.886 0.0000000000
54854  -14.055  -1.458  -14.889 0.0000000000
54862  -9.932  -1.558  -14.971 0.0000000000
54864  -10.961  -1.373  -14.878 0.0000000000
54865  -10.968  -1.482  -15.003 0.0000000000
54866  -11.564  -1.627  -14.989 0.0000000000
54867  -11.958  -1.777  -14.989 0.0000000000
54868  -12.053  -1.804  -14.960 0.0000000000
53982  -12.149  -1.901  -14.971 0.0000000000
53983  -12.510  -1.973  -15.002 0.0000000000
53984  -12.941  -1.992  -15.022 0.0000000000
53985  -13.074  -1.966  -15.006 0.0000000000
53986  -13.397  -1.909  -15.004 0.0000000000
54869  -13.705  -1.729  -15.033 0.0000000000
54870  -13.988  -1.546  -15.060 0.0000000000
54881  -9.989  -1.671  -15.348 0.0000000000
54882  -10.085  -1.982  -15.495 0.0000000000
54886  -12.138  -1.803  -15.099 0.0000000000
54887  -12.731  -1.916  -15.138 0.0000000000
54888  -12.994  -1.875  -15.206 0.0000000000
54889  -13.081  -1.913  -15.157 0.0000000000
54890  -13.589  -1.737  -15.127 0.0000000000
54906  -10.251  -1.735  -15.929 0.0000000000
54907  -10.731  -1.853  -15.987 0.0000000000
54924  -10.731  -1.835  -16.032 0.0000000000
54006  -10.911  -1.961  -16.079 0.0000000000
54927  -10.946  -1.663  -16.389 0.0000000000
54928  -10.989  -1.773  -16.428 0.0000000000
54012  -11.002  -1.836  -16.373 0.0000000000
54932  -11.025  -1.413  -16.661 0.0000000000
54933  -11.675  -1.719  -16.816 0.0000000000
54934  -11.961  -1.846  -16.945 0.0000000000
54022  -11.929  -1.887  -16.940 0.0000000000
53900  -14.547  -1.945  -13.130 0.0000000000
54809  -14.596  -1.662  -13.009 0.0000000000
54810  -14.739  -1.519  -13.006 0.0000000000
54822  -15.002  -1.349  -13.667 0.0000000000
55695  -14.902  -1.046  -13.261 0.0000000000
55704  -14.987  -1.017  -13.924 0.0000000000
54832  -14.919  -1.163  -14.005 0.0000000000
55712  -14.783  -1.248  -13.996 0.0000000000
55713  -14.919  -1.005  -14.030 0.0000000000
55720  -14.168  -1.049  -14.459 0.0000000000
55721  -14.795  -1.009  -14.215 0.0000000000
55733  -10.038  -1.268  -14.913 0.0000000000
55734  -10.267  -1.144  -14.873 0.0000000000
54863  -10.697  -1.203  -14.925 0.0000000000
54871  -14.006  -1.336  -14.981 0.0000000000
55735  -14.227  -1.066  -14.939 0.0000000000
55750  -14.077  -1.103  -15.014 0.0000000000
55745  -10.024  -1.036  -14.943 0.0000000000
54861  -9.730  -1.456  -15.132 0.0000000000
55744  -9.815  -1.127  -14.956 0.0000000000
55746  -10.510  -1.018  -14.965 0.0000000000
55747  -11.053  -1.023  -14.950 0.0000000000
55748  -10.980  -1.215  -15.007 0.0000000000
54884  -11.170  -1.567  -15.213 0.0000000000
54883  -10.984  -1.339  -15.046 0.0000000000
54885  -11.905  -1.568  -15.130 0.0000000000
54891  -13.918  -1.404  -15.085 0.0000000000
55749  -13.930  -1.054  -15.018 0.0000000000
55765  -14.011  -1.092  -15.248 0.0000000000
54880  -9.854  -1.412  -15.310 0.0000000000
55758  -9.936  -1.343  -15.430 0.0000000000
54905  -9.987  -1.562  -15.718 0.0000000000
55776  -9.985  -1.188  -15.755 0.0000000000
55764  -13.913  -1.191  -15.310 0.0000000000
55777  -10.106  -1.282  -15.976 0.0000000000
54923  -10.415  -1.443  -16.004 0.0000000000
55800  -10.159  -1.091  -15.959 0.0000000000
55801  -10.605  -1.327  -16.014 0.0000000000
55817  -10.639  -1.349  -16.350 0.0000000000
54940  -11.978  -1.758  -16.998 0.0000000000
55694  -14.734  -1.153  -13.001 0.0000000000
56627  -14.749  -1.002  -13.035 0.0000000000
56629  -14.923  -0.931  -13.496 0.0000000000
56631  -14.953  -0.955  -13.990 0.0000000000
55722  -14.834  -1.026  -14.024 0.0000000000
56634  -14.884  -0.977  -14.067 0.0000000000
55736  -14.520  -0.999  -14.533 0.0000000000
56633  -14.629  -0.996  -14.312 0.0000000000
56644  -14.547  -0.910  -14.524 0.0000000000
56643  -14.338  -0.980  -14.795 0.0000000000
56659  -14.244  -0.980  -15.008 0.0000000000
55757  -9.760  -1.196  -15.410 0.0000000000
56656  -9.996  -0.948  -14.964 0.0000000000
56655  -9.862  -0.955  -14.954 0.0000000000
56669  -9.727  -0.996  -15.210 0.0000000000
56657  -10.237  -0.884  -14.953 0.0000000000
56658  -10.589  -0.973  -14.973 0.0000000000
55766  -13.963  -1.007  -14.987 0.0000000000
56674  -14.004  -0.947  -15.141 0.0000000000
56626  -14.656  -1.032  -13.011 0.0000000000
57565  -14.665  -0.576  -13.069 0.0000000000
57566  -14.884  -0.618  -13.142 0.0000000000
57569  -14.931  -0.521  -13.683 0.0000000000
57572  -14.944  -0.527  -14.011 0.0000000000
57575  -14.868  -0.403  -14.105 0.0000000000
56645  -14.871  -0.830  -14.231 0.0000000000
56660  -14.271  -0.928  -14.994 0.0000000000
57583  -14.541  -0.472  -14.938 0.0000000000
57584  -14.906  -0.021  -14.530 0.0000000000
57597  -14.224  -0.819  -15.079 0.0000000000
57598  -14.670  -0.413  -15.019 0.0000000000
57558  -14.631  -0.738  -13.002 0.0000000000
58494  -14.633  -0.141  -12.941 0.0000000000
58505  -14.636  -0.161  -13.061 0.0000000000
58506  -14.936  -0.054  -13.346 0.0000000000
58516  -14.967  -0.018  -13.910 0.0000000000
58522  -14.944  -0.016  -14.015 0.0000000000
58524  -14.927  0.017  -14.163 0.0000000000
58527  -14.680  -0.026  -14.964 0.0000000000
58528  -14.918  -0.008  -14.744 0.0000000000
58481  -14.665  -0.244  -12.963 0.0000000000
59401  -14.622  0.026  -12.781 0.0000000000
59412  -14.613  0.013  -12.978 0.0000000000
59413  -14.714  0.005  -13.105 0.0000000000
59424  -14.862  0.128  -13.419 0.0000000000
59434  -14.943  0.148  -13.917 0.0000000000
59441  -14.939  0.157  -14.019 0.0000000000
59443  -14.940  0.271  -14.408 0.0000000000
58540  -14.716  0.003  -15.016 0.0000000000
58541  -14.723  -0.077  -14.954 0.0000000000
59452  -14.876  0.188  -14.958 0.0000000000
59388  -14.439  -0.013  -12.637 0.0000000000
59387  -14.221  0.039  -12.279 0.0000000000
59400  -14.298  0.327  -12.733 0.0000000000
60297  -14.622  0.761  -12.948 0.0000000000
60308  -14.530  0.411  -12.986 0.0000000000
59423  -14.605  0.104  -13.000 0.0000000000
60320  -14.616  0.481  -13.095 0.0000000000
60321  -14.853  0.553  -13.586 0.0000000000
60334  -14.961  0.620  -13.971 0.0000000000
60347  -14.959  0.649  -14.104 0.0000000000
60354  -14.961  0.664  -14.584 0.0000000000
60296  -14.110  0.663  -12.565 0.0000000000
61193  -14.204  1.020  -12.793 0.0000000000
61194  -14.343  0.933  -12.989 0.0000000000
61205  -14.411  0.901  -13.054 0.0000000000
61216  -14.588  0.989  -13.325 0.0000000000
61217  -14.942  0.986  -13.865 0.0000000000
61230  -14.930  0.998  -14.037 0.0000000000
61243  -14.942  0.985  -14.313 0.0000000000
61174  -13.976  1.019  -12.643 0.0000000000
61192  -14.013  1.002  -12.768 0.0000000000
62071  -14.029  1.260  -12.830 0.0000000000
62072  -14.146  1.273  -12.907 0.0000000000
61204  -14.266  1.032  -12.964 0.0000000000
62087  -14.201  1.140  -12.983 0.0000000000
62088  -14.487  1.053  -13.237 0.0000000000
62099  -14.788  1.073  -13.643 0.0000000000
62100  -14.956  1.069  -13.978 0.0000000000
62112  -14.942  1.183  -14.110 0.0000000000
62052  -13.870  1.124  -12.664 0.0000000000
62945  -13.980  1.607  -12.903 0.0000000000
62967  -13.869  1.640  -12.991 0.0000000000
62968  -14.091  1.519  -12.950 0.0000000000
62985  -14.056  1.638  -13.106 0.0000000000
62098  -14.238  1.115  -13.142 0.0000000000
62999  -14.272  1.607  -13.479 0.0000000000
63000  -14.826  1.677  -13.915 0.0000000000
62111  -14.964  1.183  -13.994 0.0000000000
62944  -13.426  1.356  -12.741 0.0000000000
62966  -13.670  1.998  -12.828 0.0000000000
62965  -13.022  1.859  -12.830 0.0000000000
63886  -13.058  2.016  -12.850 0.0000000000
63887  -13.645  2.007  -12.966 0.0000000000
63888  -13.893  2.001  -13.012 0.0000000000
62984  -13.952  1.723  -13.056 0.0000000000
63907  -13.975  1.913  -13.043 0.0000000000
63908  -14.046  1.977  -13.175 0.0000000000
63925  -14.307  1.996  -13.464 0.0000000000
63926  -14.636  1.993  -13.822 0.0000000000
63885  -12.858  2.055  -12.836 0.0000000000
64788  -12.982  2.282  -12.724 0.0000000000
64789  -13.253  2.269  -12.919 0.0000000000
64790  -13.374  2.177  -12.909 0.0000000000
64791  -13.903  2.017  -12.987 0.0000000000
64813  -13.999  2.084  -13.042 0.0000000000
64814  -13.975  2.132  -13.131 0.0000000000
64833  -14.377  2.140  -13.429 0.0000000000
64834  -14.475  2.014  -13.610 0.0000000000
64787  -12.530  2.163  -12.865 0.0000000000
64810  -12.679  2.322  -13.023 0.0000000000
64811  -13.015  2.537  -12.982 0.0000000000
65665  -13.064  2.330  -13.001 0.0000000000
65666  -13.147  2.448  -13.025 0.0000000000
65667  -13.261  2.652  -13.022 0.0000000000
64812  -13.588  2.249  -12.951 0.0000000000
64809  -12.089  2.177  -13.001 0.0000000000
65681  -12.394  2.579  -13.174 0.0000000000
65682  -12.882  2.632  -13.121 0.0000000000
65684  -13.168  2.898  -13.022 0.0000000000
65685  -13.986  2.825  -13.250 0.0000000000
65686  -13.993  2.541  -13.281 0.0000000000
65705  -14.038  2.597  -13.353 0.0000000000
65683  -13.004  2.764  -13.078 0.0000000000
65680  -12.023  2.585  -13.165 0.0000000000
66564  -12.091  2.967  -13.211 0.0000000000
66565  -12.581  2.918  -13.164 0.0000000000
66566  -12.966  3.004  -13.163 0.0000000000
66567  -13.030  2.991  -13.140 0.0000000000
66568  -13.621  2.960  -13.257 0.0000000000
66569  -13.942  2.965  -13.275 0.0000000000
65704  -13.993  2.955  -13.461 0.0000000000
66582  -13.969  3.029  -13.498 0.0000000000
67437  -12.269  3.002  -13.155 0.0000000000
67438  -12.850  3.326  -13.218 0.0000000000
67439  -12.990  3.129  -13.178 0.0000000000
67440  -13.331  3.205  -13.245 0.0000000000
67441  -13.737  2.969  -13.418 0.0000000000
66581  -13.863  3.034  -13.459 0.0000000000
67454  -12.048  3.348  -13.419 0.0000000000
67455  -12.451  3.300  -13.229 0.0000000000
68330  -12.994  3.568  -13.304 0.0000000000
68329  -12.990  3.741  -13.336 0.0000000000
68343  -12.512  3.676  -13.418 0.0000000000
68331  -13.014  3.440  -13.310 0.0000000000
64786  -12.116  2.099  -12.843 0.0000000000
64808  -11.892  2.237  -12.959 0.0000000000
63884  -12.457  1.999  -12.835 0.0000000000
63883  -12.123  1.990  -12.858 0.0000000000
64785  -11.983  2.068  -12.815 0.0000000000
63882  -11.990  1.987  -12.906 0.0000000000
63906  -11.872  2.046  -12.874 0.0000000000
62964  -12.920  1.919  -12.889 0.0000000000
62963  -12.529  1.849  -12.943 0.0000000000
62962  -12.127  1.588  -12.892 0.0000000000
62943  -13.015  1.441  -12.457 0.0000000000
62942  -12.969  1.601  -12.695 0.0000000000
62941  -12.535  1.582  -12.629 0.0000000000
62940  -12.139  1.304  -12.553 0.0000000000
62047  -12.004  1.072  -12.412 0.0000000000
62070  -12.014  1.472  -12.718 0.0000000000
62961  -11.967  1.886  -12.804 0.0000000000
62051  -13.308  1.002  -12.521 0.0000000000
62050  -12.986  1.159  -12.308 0.0000000000
62049  -12.969  1.219  -12.399 0.0000000000
62048  -12.360  1.031  -12.196 0.0000000000
62069  -11.898  1.232  -12.723 0.0000000000
61173  -13.946  0.973  -12.611 0.0000000000
61172  -13.261  0.986  -12.329 0.0000000000
61171  -13.007  1.024  -12.098 0.0000000000
62031  -12.983  1.076  -12.247 0.0000000000
62030  -12.862  0.951  -12.164 0.0000000000
62029  -12.336  1.074  -12.078 0.0000000000
62028  -12.048  0.958  -12.213 0.0000000000
61150  -12.005  0.969  -12.188 0.0000000000
61170  -11.936  0.989  -12.403 0.0000000000
62046  -11.851  1.002  -12.454 0.0000000000
61153  -12.948  0.908  -12.098 0.0000000000
61152  -12.770  1.000  -11.989 0.0000000000
61151  -12.326  1.064  -12.001 0.0000000000
60280  -14.012  0.526  -12.159 0.0000000000
60279  -13.975  0.428  -12.344 0.0000000000
61155  -13.764  0.844  -12.127 0.0000000000
61154  -13.116  0.928  -12.095 0.0000000000
61169  -11.971  0.956  -12.353 0.0000000000
60262  -13.847  0.148  -12.026 0.0000000000
60261  -13.421  0.494  -11.959 0.0000000000
60260  -13.063  0.703  -12.003 0.0000000000
60242  -13.044  0.699  -11.702 0.0000000000
61134  -12.970  0.681  -11.965 0.0000000000
61133  -12.593  0.987  -11.873 0.0000000000
61132  -12.076  1.000  -11.959 0.0000000000
61131  -11.993  0.724  -11.999 0.0000000000
61149  -11.816  0.835  -12.028 0.0000000000
60241  -12.964  0.502  -11.674 0.0000000000
60240  -12.362  0.522  -11.775 0.0000000000
60239  -12.014  0.579  -11.833 0.0000000000
60238  -11.772  0.571  -11.880 0.0000000000
61130  -11.994  0.812  -11.978 0.0000000000
59386  -14.005  0.114  -12.284 0.0000000000
59370  -13.994  0.009  -12.021 0.0000000000
59369  -13.764  0.167  -11.956 0.0000000000
59352  -13.586  0.148  -11.845 0.0000000000
60243  -13.317  0.391  -11.808 0.0000000000
59351  -13.198  0.237  -11.774 0.0000000000
59350  -13.006  0.172  -11.743 0.0000000000
59349  -12.685  0.005  -11.503 0.0000000000
59348  -12.026  0.093  -11.593 0.0000000000
59347  -11.867  0.228  -11.832 0.0000000000
58480  -14.328  -0.053  -12.406 0.0000000000
58469  -14.056  -0.138  -12.168 0.0000000000
59371  -14.019  -0.008  -12.113 0.0000000000
58468  -14.096  -0.199  -12.027 0.0000000000
58456  -13.983  -0.143  -11.962 0.0000000000
59353  -13.780  0.024  -11.994 0.0000000000
58455  -13.765  -0.001  -11.889 0.0000000000
58454  -13.210  -0.004  -11.764 0.0000000000
58453  -12.994  0.015  -11.778 0.0000000000
58452  -12.657  0.030  -11.791 0.0000000000
58451  -12.212  -0.012  -11.776 0.0000000000
58450  -12.021  0.026  -11.787 0.0000000000
57548  -14.585  -0.766  -12.789 0.0000000000
57547  -14.298  -0.676  -12.124 0.0000000000
57533  -13.964  -0.581  -12.062 0.0000000000
57532  -13.968  -0.524  -11.990 0.0000000000
57519  -13.909  -0.374  -11.930 0.0000000000
57518  -13.424  -0.290  -11.716 0.0000000000
57517  -13.015  -0.223  -11.476 0.0000000000
58431  -13.007  -0.133  -11.594 0.0000000000
58430  -12.985  -0.110  -11.641 0.0000000000
58429  -12.670  -0.121  -11.653 0.0000000000
58428  -11.998  -0.162  -11.638 0.0000000000
57516  -12.015  -0.116  -11.754 0.0000000000
57495  -12.995  -0.504  -11.430 0.0000000000
57494  -12.966  -0.528  -11.486 0.0000000000
57493  -12.405  -0.745  -11.259 0.0000000000
57492  -12.015  -0.613  -11.462 0.0000000000
56623  -14.637  -1.000  -12.980 0.0000000000
56620  -14.572  -0.983  -12.625 0.0000000000
56619  -14.207  -0.966  -12.231 0.0000000000
56612  -13.963  -0.988  -12.041 0.0000000000
56611  -13.984  -0.949  -11.967 0.0000000000
56599  -13.892  -0.947  -11.863 0.0000000000
56598  -13.798  -0.780  -11.691 0.0000000000
56578  -13.605  -0.910  -11.524 0.0000000000
57496  -13.025  -0.698  -11.320 0.0000000000
57515  -11.996  -0.242  -11.786 0.0000000000
56577  -13.043  -0.899  -11.187 0.0000000000
56576  -12.985  -0.738  -11.317 0.0000000000
56548  -12.966  -1.024  -11.167 0.0000000000
57473  -12.696  -0.979  -11.123 0.0000000000
57472  -12.450  -1.001  -11.130 0.0000000000
56547  -12.682  -0.968  -11.115 0.0000000000
56575  -12.281  -0.958  -11.124 0.0000000000
56574  -12.042  -0.988  -11.275 0.0000000000
56573  -11.987  -0.973  -11.518 0.0000000000
57491  -11.650  -0.656  -11.467 0.0000000000
55688  -14.607  -1.181  -13.011 0.0000000000
55684  -14.649  -1.089  -12.924 0.0000000000
55683  -14.238  -1.017  -12.310 0.0000000000
55680  -14.024  -1.161  -12.007 0.0000000000
55679  -14.090  -1.008  -12.037 0.0000000000
55675  -13.985  -1.143  -11.893 0.0000000000
55666  -13.911  -1.103  -11.742 0.0000000000
56579  -13.883  -1.006  -11.738 0.0000000000
55665  -13.655  -1.046  -11.475 0.0000000000
56550  -13.355  -0.981  -11.158 0.0000000000
56549  -13.146  -0.985  -11.124 0.0000000000
56546  -12.103  -0.986  -11.024 0.0000000000
55664  -11.968  -1.039  -11.295 0.0000000000
55645  -13.119  -1.137  -11.095 0.0000000000
55644  -13.009  -1.115  -11.013 0.0000000000
55643  -12.970  -1.311  -11.034 0.0000000000
55642  -12.503  -1.021  -10.954 0.0000000000
55641  -12.031  -1.088  -11.071 0.0000000000
54798  -14.620  -1.715  -12.942 0.0000000000
54794  -14.563  -1.820  -12.567 0.0000000000
54793  -14.224  -1.543  -11.997 0.0000000000
54790  -14.233  -1.593  -11.944 0.0000000000
55676  -14.148  -1.363  -11.891 0.0000000000
54787  -14.141  -1.631  -11.839 0.0000000000
54786  -14.005  -1.657  -11.795 0.0000000000
54783  -13.909  -1.682  -11.606 0.0000000000
54782  -13.441  -1.670  -11.025 0.0000000000
54771  -13.210  -1.602  -11.011 0.0000000000
54770  -13.105  -1.592  -10.956 0.0000000000
54769  -12.986  -1.614  -11.007 0.0000000000
55619  -12.850  -1.344  -10.968 0.0000000000
55618  -12.458  -1.190  -10.702 0.0000000000
54747  -12.229  -1.563  -10.945 0.0000000000
54768  -12.115  -1.680  -11.136 0.0000000000
54748  -12.927  -1.595  -10.520 0.0000000000
53887  -14.596  -1.989  -12.923 0.0000000000
53880  -14.497  -2.007  -12.544 0.0000000000
53879  -14.454  -1.988  -12.322 0.0000000000
53876  -14.311  -2.000  -12.103 0.0000000000
53874  -14.201  -1.907  -11.941 0.0000000000
53873  -13.996  -2.030  -11.897 0.0000000000
53871  -13.916  -2.010  -11.527 0.0000000000
53870  -13.767  -2.005  -11.282 0.0000000000
53866  -13.559  -2.001  -11.021 0.0000000000
53865  -13.266  -1.794  -10.955 0.0000000000
53851  -13.265  -1.948  -10.737 0.0000000000
54749  -12.996  -1.693  -10.730 0.0000000000
53850  -13.017  -1.987  -10.480 0.0000000000
53849  -12.467  -1.831  -10.515 0.0000000000
53018  -14.431  -2.086  -13.488 0.0000000000
53008  -14.612  -2.035  -13.065 0.0000000000
52995  -14.572  -2.051  -12.967 0.0000000000
52983  -14.589  -2.096  -12.712 0.0000000000
52980  -14.550  -2.098  -12.259 0.0000000000
53877  -14.475  -2.007  -12.169 0.0000000000
52979  -14.289  -2.049  -12.004 0.0000000000
52976  -14.198  -2.085  -11.957 0.0000000000
52975  -14.003  -2.020  -11.679 0.0000000000
52971  -13.933  -2.304  -11.338 0.0000000000
53867  -13.868  -2.053  -11.184 0.0000000000
52967  -13.740  -2.397  -11.094 0.0000000000
52966  -13.642  -2.271  -11.002 0.0000000000
53852  -13.508  -2.005  -10.940 0.0000000000
52960  -13.758  -2.280  -10.871 0.0000000000
52959  -13.182  -2.253  -10.536 0.0000000000
53828  -13.012  -2.099  -10.597 0.0000000000
53827  -13.019  -2.001  -10.589 0.0000000000
53826  -12.809  -2.017  -10.555 0.0000000000
52946  -13.050  -2.260  -10.396 0.0000000000
52945  -13.017  -2.174  -10.373 0.0000000000
53007  -14.257  -2.222  -13.269 0.0000000000
52129  -14.074  -2.423  -13.421 0.0000000000
52128  -13.786  -2.694  -13.428 0.0000000000
52117  -14.423  -2.501  -13.007 0.0000000000
52116  -14.044  -2.888  -13.010 0.0000000000
52105  -14.341  -2.438  -12.947 0.0000000000
52091  -14.544  -2.526  -12.525 0.0000000000
52083  -14.431  -2.405  -12.021 0.0000000000
52082  -14.222  -2.780  -12.004 0.0000000000
52079  -14.235  -2.687  -11.739 0.0000000000
52972  -14.038  -2.393  -11.541 0.0000000000
52076  -14.037  -2.840  -11.338 0.0000000000
52075  -14.036  -2.869  -11.159 0.0000000000
52072  -13.711  -2.851  -11.080 0.0000000000
52071  -13.697  -2.859  -10.978 0.0000000000
52067  -13.471  -2.950  -10.587 0.0000000000
52066  -13.569  -2.725  -10.264 0.0000000000
52061  -13.071  -2.766  -10.217 0.0000000000
52060  -12.998  -2.521  -10.246 0.0000000000
51259  -13.133  -2.965  -13.884 0.0000000000
51240  -13.591  -2.880  -13.599 0.0000000000
52127  -13.506  -2.988  -13.491 0.0000000000
51254  -12.017  -2.988  -13.918 0.0000000000
51253  -11.582  -2.994  -13.897 0.0000000000
51252  -11.109  -2.969  -13.768 0.0000000000
51251  -10.992  -2.963  -13.741 0.0000000000
51250  -10.805  -2.888  -13.862 0.0000000000
52126  -10.091  -2.886  -13.717 0.0000000000
51236  -10.410  -2.991  -13.660 0.0000000000
51235  -9.982  -2.953  -13.666 0.0000000000
52125  -10.002  -2.992  -13.783 0.0000000000
51241  -13.907  -2.984  -13.105 0.0000000000
51227  -14.017  -3.008  -13.068 0.0000000000
52115  -14.008  -2.951  -13.092 0.0000000000
51228  -14.024  -2.997  -13.022 0.0000000000
51215  -14.055  -3.008  -12.987 0.0000000000
52104  -14.197  -2.950  -12.898 0.0000000000
51203  -14.247  -3.003  -12.631 0.0000000000
52090  -14.196  -2.982  -12.258 0.0000000000
51191  -14.265  -2.999  -12.220 0.0000000000
51188  -14.322  -3.028  -11.987 0.0000000000
51185  -14.271  -3.002  -11.719 0.0000000000
51184  -14.008  -3.011  -11.380 0.0000000000
51181  -13.780  -2.997  -11.077 0.0000000000
51180  -13.635  -3.007  -11.008 0.0000000000
51176  -13.621  -3.008  -10.929 0.0000000000
51172  -13.434  -3.011  -10.410 0.0000000000
52062  -13.255  -2.965  -10.274 0.0000000000
51171  -13.126  -2.981  -10.039 0.0000000000
51318  -12.115  -2.932  -15.821 0.0000000000
51319  -12.390  -2.994  -15.777 0.0000000000
51327  -12.833  -2.884  -15.872 0.0000000000
50385  -12.290  -3.018  -15.747 0.0000000000
50386  -12.828  -3.054  -15.768 0.0000000000
51320  -12.990  -2.973  -15.847 0.0000000000
50384  -12.003  -3.048  -15.739 0.0000000000
50383  -11.876  -3.021  -15.740 0.0000000000
50382  -11.427  -3.016  -15.596 0.0000000000
51310  -11.038  -2.980  -15.439 0.0000000000
51309  -10.981  -3.033  -15.426 0.0000000000
50373  -11.071  -3.151  -15.304 0.0000000000
50372  -10.996  -3.410  -15.262 0.0000000000
50371  -10.808  -3.276  -15.133 0.0000000000
51296  -10.666  -3.114  -15.099 0.0000000000
50366  -10.635  -3.448  -14.990 0.0000000000
50365  -10.534  -3.063  -14.997 0.0000000000
50352  -10.365  -3.003  -14.731 0.0000000000
50351  -9.986  -3.025  -14.277 0.0000000000
51257  -12.934  -2.973  -13.918 0.0000000000
51256  -12.633  -3.012  -14.002 0.0000000000
50339  -10.004  -3.327  -14.013 0.0000000000
51239  -13.143  -3.006  -13.928 0.0000000000
50331  -13.020  -3.048  -13.978 0.0000000000
50330  -12.824  -3.061  -13.976 0.0000000000
50329  -12.344  -3.066  -13.978 0.0000000000
50328  -12.036  -3.072  -13.919 0.0000000000
50327  -11.895  -3.072  -13.937 0.0000000000
50326  -11.491  -3.018  -13.981 0.0000000000
51238  -10.989  -3.030  -13.818 0.0000000000
50325  -11.037  -3.095  -13.775 0.0000000000
51237  -11.001  -3.002  -13.613 0.0000000000
50324  -9.947  -3.383  -14.032 0.0000000000
51248  -9.965  -2.975  -14.039 0.0000000000
51234  -9.847  -2.999  -13.745 0.0000000000
50323  -9.606  -3.349  -14.004 0.0000000000
51226  -13.887  -3.007  -13.183 0.0000000000
50317  -13.529  -3.004  -13.570 0.0000000000
50316  -13.113  -3.384  -13.578 0.0000000000
50310  -10.967  -3.200  -13.651 0.0000000000
50309  -10.941  -3.267  -13.408 0.0000000000
51225  -10.081  -3.024  -13.149 0.0000000000
50308  -10.361  -3.201  -13.126 0.0000000000
51224  -10.004  -3.003  -13.307 0.0000000000
51223  -9.822  -2.981  -13.389 0.0000000000
50307  -9.678  -3.382  -13.413 0.0000000000
51214  -13.989  -3.089  -12.990 0.0000000000
50300  -13.957  -3.047  -13.065 0.0000000000
50299  -13.550  -3.394  -13.132 0.0000000000
50296  -10.042  -3.313  -13.023 0.0000000000
50295  -9.998  -3.357  -13.022 0.0000000000
50294  -9.906  -3.250  -12.987 0.0000000000
50286  -14.017  -3.038  -12.853 0.0000000000
50285  -13.957  -3.313  -12.827 0.0000000000
50276  -14.316  -3.231  -12.435 0.0000000000
50261  -14.195  -3.226  -12.097 0.0000000000
50251  -14.372  -3.145  -11.911 0.0000000000
50247  -14.190  -3.234  -11.623 0.0000000000
50246  -14.021  -3.201  -11.590 0.0000000000
50242  -13.885  -3.228  -11.214 0.0000000000
50241  -13.732  -3.174  -11.011 0.0000000000
50237  -13.604  -3.295  -10.987 0.0000000000
50233  -13.329  -3.215  -10.604 0.0000000000
50232  -13.207  -3.273  -10.007 0.0000000000
50377  -12.561  -3.481  -15.491 0.0000000000
50378  -12.998  -3.420  -15.348 0.0000000000
50387  -13.095  -3.049  -15.738 0.0000000000
50376  -12.073  -3.404  -15.409 0.0000000000
50375  -12.006  -3.367  -15.458 0.0000000000
50374  -11.546  -3.292  -15.469 0.0000000000
49443  -13.022  -3.755  -15.018 0.0000000000
49442  -12.887  -3.789  -15.028 0.0000000000
50379  -13.359  -3.413  -15.372 0.0000000000
49441  -12.381  -3.744  -15.057 0.0000000000
49440  -11.989  -3.713  -15.016 0.0000000000
49439  -11.869  -3.732  -15.080 0.0000000000
49438  -11.337  -3.616  -15.222 0.0000000000
49437  -11.088  -3.471  -15.120 0.0000000000
49427  -11.086  -3.753  -15.026 0.0000000000
50367  -10.939  -3.483  -15.015 0.0000000000
49426  -10.967  -3.791  -15.008 0.0000000000
49416  -10.893  -3.813  -14.887 0.0000000000
50353  -10.828  -3.368  -14.981 0.0000000000
49415  -10.727  -3.845  -14.763 0.0000000000
49402  -10.244  -3.810  -14.277 0.0000000000
50340  -9.972  -3.458  -14.208 0.0000000000
49401  -10.102  -3.707  -14.061 0.0000000000
49393  -10.006  -3.748  -14.118 0.0000000000
50315  -12.650  -3.249  -13.747 0.0000000000
50314  -12.105  -3.336  -13.771 0.0000000000
50313  -12.009  -3.367  -13.677 0.0000000000
50312  -11.886  -3.314  -13.770 0.0000000000
50311  -11.092  -3.239  -13.779 0.0000000000
49392  -9.980  -3.961  -14.078 0.0000000000
49377  -9.604  -3.978  -13.630 0.0000000000
49385  -12.987  -3.599  -13.312 0.0000000000
49368  -13.190  -3.782  -13.181 0.0000000000
50298  -13.293  -3.713  -13.282 0.0000000000
49384  -13.027  -3.695  -13.360 0.0000000000
49383  -12.526  -3.814  -13.208 0.0000000000
49382  -12.023  -3.703  -13.373 0.0000000000
49381  -11.989  -3.720  -13.333 0.0000000000
49380  -11.531  -3.672  -13.244 0.0000000000
49379  -11.020  -3.794  -13.393 0.0000000000
49378  -10.995  -3.534  -13.393 0.0000000000
50297  -10.552  -3.652  -12.997 0.0000000000
49361  -10.883  -3.958  -13.115 0.0000000000
49358  -9.690  -3.866  -12.980 0.0000000000
49369  -13.401  -3.621  -12.990 0.0000000000
49349  -13.423  -3.738  -12.986 0.0000000000
50284  -13.760  -3.327  -13.022 0.0000000000
49360  -10.384  -3.677  -12.971 0.0000000000
49359  -10.001  -3.700  -12.986 0.0000000000
49350  -13.859  -3.575  -12.638 0.0000000000
49336  -13.948  -3.667  -12.160 0.0000000000
50275  -14.047  -3.447  -12.207 0.0000000000
50260  -14.006  -3.427  -12.031 0.0000000000
49326  -13.876  -3.664  -12.069 0.0000000000
50250  -14.049  -3.352  -11.892 0.0000000000
49314  -13.922  -3.766  -11.924 0.0000000000
49307  -14.005  -3.669  -11.238 0.0000000000
49304  -13.756  -3.645  -11.065 0.0000000000
49303  -13.640  -3.732  -11.018 0.0000000000
49299  -13.585  -3.781  -10.951 0.0000000000
49294  -13.434  -3.846  -10.239 0.0000000000
49433  -13.149  -3.896  -14.948 0.0000000000
49432  -12.982  -3.947  -14.967 0.0000000000
49444  -13.526  -3.710  -15.073 0.0000000000
49431  -12.568  -3.958  -14.957 0.0000000000
49430  -12.127  -3.930  -15.015 0.0000000000
49429  -11.999  -3.902  -14.948 0.0000000000
49428  -11.794  -3.892  -14.979 0.0000000000
48499  -13.049  -4.095  -14.989 0.0000000000
48500  -13.552  -4.023  -14.987 0.0000000000
49434  -13.685  -3.901  -15.009 0.0000000000
48498  -12.760  -4.047  -14.888 0.0000000000
48497  -12.211  -4.016  -14.957 0.0000000000
48496  -12.000  -4.016  -14.945 0.0000000000
48495  -11.856  -3.944  -15.001 0.0000000000
48494  -11.392  -3.975  -14.968 0.0000000000
48493  -11.074  -3.934  -14.884 0.0000000000
48492  -10.976  -3.983  -14.876 0.0000000000
48484  -10.950  -4.084  -14.706 0.0000000000
48483  -10.599  -3.988  -14.511 0.0000000000
48471  -10.229  -4.032  -14.104 0.0000000000
48470  -10.052  -4.030  -14.103 0.0000000000
48459  -9.984  -4.021  -14.010 0.0000000000
48458  -9.914  -3.992  -13.795 0.0000000000
49367  -13.013  -3.902  -13.144 0.0000000000
49366  -12.745  -3.965  -13.106 0.0000000000
49365  -12.315  -3.985  -13.105 0.0000000000
49364  -11.990  -3.954  -13.114 0.0000000000
49363  -11.836  -3.991  -13.082 0.0000000000
49362  -11.200  -3.989  -13.079 0.0000000000
48451  -9.809  -3.998  -13.510 0.0000000000
49348  -13.112  -3.923  -13.028 0.0000000000
48445  -13.041  -3.988  -13.070 0.0000000000
48444  -12.898  -3.996  -13.088 0.0000000000
48443  -12.551  -4.002  -13.050 0.0000000000
48442  -12.132  -3.990  -13.059 0.0000000000
48441  -12.002  -4.008  -13.067 0.0000000000
48440  -11.497  -4.021  -13.030 0.0000000000
48439  -11.038  -3.963  -13.002 0.0000000000
49347  -10.830  -3.979  -12.980 0.0000000000
48438  -10.982  -4.033  -13.006 0.0000000000
49346  -10.587  -3.818  -12.926 0.0000000000
49345  -10.154  -3.792  -12.895 0.0000000000
49344  -9.868  -3.833  -12.851 0.0000000000
48437  -9.705  -4.007  -13.008 0.0000000000
48420  -9.811  -4.008  -12.928 0.0000000000
49335  -13.836  -3.642  -12.643 0.0000000000
48431  -13.127  -3.977  -12.979 0.0000000000
48411  -13.588  -3.931  -12.573 0.0000000000
48430  -13.036  -4.048  -13.015 0.0000000000
48423  -10.816  -3.929  -12.938 0.0000000000
48422  -10.309  -3.883  -12.802 0.0000000000
48421  -9.949  -3.963  -12.816 0.0000000000
48412  -13.733  -3.933  -12.098 0.0000000000
48397  -13.774  -3.982  -12.043 0.0000000000
48383  -13.859  -3.977  -12.001 0.0000000000
48372  -13.847  -4.016  -11.613 0.0000000000
48368  -13.721  -4.014  -11.054 0.0000000000
48367  -13.644  -4.015  -11.166 0.0000000000
48363  -13.592  -3.987  -10.994 0.0000000000
48358  -13.619  -3.992  -10.433 0.0000000000
48488  -13.265  -4.012  -14.832 0.0000000000
48489  -13.807  -3.991  -14.785 0.0000000000
48501  -13.841  -3.856  -14.876 0.0000000000
48487  -13.053  -4.135  -14.931 0.0000000000
47573  -13.022  -4.341  -14.746 0.0000000000
47582  -12.985  -4.223  -14.863 0.0000000000
47581  -12.888  -4.062  -15.005 0.0000000000
47580  -12.341  -4.091  -14.999 0.0000000000
47579  -11.982  -4.080  -14.941 0.0000000000
47578  -11.826  -4.006  -14.938 0.0000000000
47577  -11.618  -3.983  -14.966 0.0000000000
47568  -11.463  -4.107  -14.861 0.0000000000
48486  -11.150  -4.056  -14.857 0.0000000000
48485  -11.032  -3.984  -14.742 0.0000000000
47575  -14.023  -4.033  -14.628 0.0000000000
47574  -13.487  -4.042  -14.740 0.0000000000
48490  -14.199  -4.069  -14.532 0.0000000000
49417  -14.026  -3.885  -14.705 0.0000000000
47567  -11.007  -4.400  -14.504 0.0000000000
47566  -10.943  -4.274  -14.533 0.0000000000
47555  -10.789  -4.436  -14.253 0.0000000000
48472  -10.609  -4.149  -14.326 0.0000000000
47554  -10.393  -4.239  -14.085 0.0000000000
48460  -10.090  -4.000  -13.999 0.0000000000
47541  -10.226  -4.254  -13.932 0.0000000000
47540  -10.008  -4.245  -13.948 0.0000000000
48452  -10.003  -4.040  -13.949 0.0000000000
47533  -9.963  -4.342  -13.620 0.0000000000
47532  -9.674  -4.395  -13.314 0.0000000000
48429  -12.826  -4.006  -12.991 0.0000000000
48428  -12.453  -4.030  -12.981 0.0000000000
48427  -12.059  -4.060  -12.993 0.0000000000
48426  -11.921  -4.050  -13.006 0.0000000000
48424  -11.160  -4.002  -12.988 0.0000000000
48425  -11.634  -4.049  -12.997 0.0000000000
47527  -9.749  -4.504  -13.007 0.0000000000
48410  -13.240  -4.044  -12.888 0.0000000000
48409  -13.019  -4.033  -12.818 0.0000000000
47521  -12.783  -4.065  -12.927 0.0000000000
47520  -12.305  -4.138  -12.898 0.0000000000
47519  -12.020  -4.228  -12.841 0.0000000000
47518  -11.781  -4.156  -12.887 0.0000000000
47517  -11.257  -4.170  -12.883 0.0000000000
47516  -11.067  -4.172  -12.873 0.0000000000
48408  -10.824  -4.037  -12.838 0.0000000000
47515  -10.953  -4.147  -12.888 0.0000000000
48407  -10.441  -3.991  -12.843 0.0000000000
48406  -9.988  -3.988  -12.640 0.0000000000
48405  -9.925  -4.033  -12.816 0.0000000000
47514  -9.810  -4.410  -12.910 0.0000000000
48396  -13.853  -4.002  -12.164 0.0000000000
48395  -13.221  -4.080  -12.396 0.0000000000
47506  -13.020  -4.209  -12.496 0.0000000000
47505  -12.747  -4.522  -12.445 0.0000000000
47499  -10.802  -4.163  -12.751 0.0000000000
47498  -10.085  -4.249  -12.465 0.0000000000
47497  -9.938  -4.248  -12.364 0.0000000000
47496  -9.622  -4.329  -12.529 0.0000000000
48382  -13.679  -4.003  -11.990 0.0000000000
47487  -13.668  -4.285  -12.035 0.0000000000
47486  -13.108  -4.591  -12.127 0.0000000000
48371  -13.740  -4.021  -11.635 0.0000000000
47472  -13.429  -4.290  -11.983 0.0000000000
47459  -13.631  -4.122  -11.360 0.0000000000
47452  -13.547  -4.275  -10.982 0.0000000000
47449  -13.622  -4.353  -10.888 0.0000000000
47572  -13.004  -4.430  -14.756 0.0000000000
47571  -12.540  -4.525  -14.693 0.0000000000
47570  -12.019  -4.428  -14.694 0.0000000000
47569  -11.900  -4.317  -14.855 0.0000000000
47559  -13.982  -4.547  -14.272 0.0000000000
47558  -13.876  -4.506  -14.239 0.0000000000
47576  -14.045  -4.196  -14.464 0.0000000000
47557  -13.102  -4.410  -14.478 0.0000000000
46631  -13.310  -4.865  -14.214 0.0000000000
46641  -13.008  -4.628  -14.439 0.0000000000
46640  -12.965  -4.780  -14.371 0.0000000000
46639  -12.698  -4.938  -14.398 0.0000000000
46638  -12.066  -4.856  -14.321 0.0000000000
46637  -11.917  -4.704  -14.505 0.0000000000
46636  -11.568  -4.625  -14.532 0.0000000000
46635  -11.055  -4.449  -14.493 0.0000000000
46625  -11.100  -4.869  -14.152 0.0000000000
47556  -11.005  -4.726  -14.218 0.0000000000
46633  -14.012  -4.840  -14.077 0.0000000000
46632  -13.871  -4.878  -14.134 0.0000000000
47560  -14.265  -4.428  -14.218 0.0000000000
46624  -11.016  -4.835  -14.076 0.0000000000
46612  -10.930  -4.822  -14.013 0.0000000000
47542  -10.633  -4.526  -13.994 0.0000000000
46611  -10.469  -4.887  -13.835 0.0000000000
46610  -10.110  -4.566  -13.850 0.0000000000
46598  -9.993  -5.019  -13.609 0.0000000000
46597  -9.837  -4.717  -13.422 0.0000000000
46589  -9.755  -4.948  -13.117 0.0000000000
46583  -9.721  -4.937  -13.018 0.0000000000
47504  -12.022  -4.559  -12.497 0.0000000000
47503  -11.965  -4.576  -12.505 0.0000000000
47502  -11.492  -4.535  -12.536 0.0000000000
47501  -11.024  -4.504  -12.513 0.0000000000
47500  -10.973  -4.381  -12.620 0.0000000000
46569  -9.666  -4.802  -12.872 0.0000000000
46577  -12.670  -4.935  -12.111 0.0000000000
46559  -12.861  -4.820  -12.013 0.0000000000
47485  -13.005  -4.679  -12.064 0.0000000000
46576  -12.151  -4.836  -12.204 0.0000000000
46575  -11.986  -4.846  -12.199 0.0000000000
46574  -11.707  -4.908  -12.166 0.0000000000
46573  -11.235  -4.884  -12.150 0.0000000000
46572  -10.991  -4.849  -12.203 0.0000000000
46571  -10.904  -4.805  -12.266 0.0000000000
46570  -10.318  -4.838  -12.132 0.0000000000
47484  -10.070  -4.580  -12.128 0.0000000000
46552  -10.302  -4.789  -11.989 0.0000000000
47483  -9.986  -4.182  -12.153 0.0000000000
46568  -9.313  -4.946  -12.370 0.0000000000
47495  -9.251  -4.569  -12.113 0.0000000000
47482  -9.682  -4.347  -11.999 0.0000000000
46549  -9.378  -4.812  -11.917 0.0000000000
47481  -9.248  -4.506  -12.005 0.0000000000
46560  -13.010  -4.793  -11.994 0.0000000000
46540  -13.131  -4.844  -11.826 0.0000000000
47471  -13.083  -4.667  -11.967 0.0000000000
46551  -10.025  -4.721  -11.988 0.0000000000
46550  -9.886  -4.698  -12.006 0.0000000000
46541  -13.244  -4.602  -11.733 0.0000000000
46524  -13.266  -4.833  -11.183 0.0000000000
46513  -13.442  -4.941  -11.009 0.0000000000
46630  -13.030  -4.977  -14.188 0.0000000000
46629  -12.891  -5.009  -14.173 0.0000000000
46628  -12.328  -5.044  -14.250 0.0000000000
46627  -12.012  -4.983  -14.211 0.0000000000
46626  -11.675  -4.980  -14.182 0.0000000000
46614  -14.008  -4.917  -13.978 0.0000000000
45702  -13.935  -4.963  -13.979 0.0000000000
46634  -14.089  -4.979  -14.184 0.0000000000
45701  -13.689  -5.025  -14.148 0.0000000000
45700  -13.312  -5.036  -14.129 0.0000000000
45699  -13.017  -5.060  -14.093 0.0000000000
45698  -12.633  -5.023  -14.148 0.0000000000
45697  -12.221  -5.039  -14.147 0.0000000000
45696  -11.872  -5.046  -14.121 0.0000000000
45695  -11.512  -5.064  -14.104 0.0000000000
45694  -11.121  -5.000  -14.051 0.0000000000
46613  -11.049  -4.949  -13.999 0.0000000000
45689  -14.024  -4.990  -13.907 0.0000000000
45688  -13.969  -5.004  -13.968 0.0000000000
46615  -14.123  -4.716  -14.020 0.0000000000
45680  -11.048  -5.038  -13.959 0.0000000000
45679  -10.779  -5.010  -13.846 0.0000000000
45678  -10.427  -4.998  -13.679 0.0000000000
46599  -10.277  -5.005  -13.564 0.0000000000
45665  -10.381  -5.005  -13.520 0.0000000000
45664  -10.092  -5.000  -13.408 0.0000000000
45656  -9.999  -5.017  -13.196 0.0000000000
46590  -9.902  -5.018  -13.172 0.0000000000
45655  -9.875  -5.016  -13.100 0.0000000000
45649  -9.859  -5.074  -12.988 0.0000000000
45643  -9.682  -4.995  -12.792 0.0000000000
46558  -12.433  -4.944  -12.025 0.0000000000
46557  -11.980  -5.021  -12.135 0.0000000000
46556  -11.793  -4.993  -12.094 0.0000000000
46555  -11.423  -5.021  -12.052 0.0000000000
46554  -11.000  -5.013  -12.071 0.0000000000
46553  -10.807  -4.968  -12.062 0.0000000000
45642  -9.426  -5.032  -12.529 0.0000000000
46539  -13.002  -4.919  -12.037 0.0000000000
45635  -12.794  -4.968  -11.995 0.0000000000
45617  -12.927  -4.917  -11.846 0.0000000000
45634  -12.547  -5.022  -12.050 0.0000000000
45633  -12.111  -5.098  -11.977 0.0000000000
45632  -11.908  -5.052  -12.034 0.0000000000
45631  -11.560  -5.070  -12.012 0.0000000000
45630  -11.079  -5.056  -12.009 0.0000000000
45629  -10.899  -5.007  -12.009 0.0000000000
45628  -10.606  -4.931  -12.016 0.0000000000
46538  -10.247  -4.891  -11.830 0.0000000000
45610  -10.498  -5.024  -12.004 0.0000000000
46537  -9.981  -4.812  -11.831 0.0000000000
46536  -9.725  -4.826  -11.847 0.0000000000
45618  -13.051  -5.000  -11.761 0.0000000000
45598  -13.151  -5.137  -11.445 0.0000000000
46523  -13.194  -4.995  -11.204 0.0000000000
45580  -13.218  -5.131  -11.068 0.0000000000
46512  -13.282  -5.008  -11.034 0.0000000000
45687  -13.589  -5.113  -14.028 0.0000000000
45686  -13.215  -5.152  -14.093 0.0000000000
45685  -12.901  -5.088  -14.060 0.0000000000
45684  -12.523  -5.085  -14.093 0.0000000000
45683  -12.023  -5.097  -14.066 0.0000000000
45682  -11.834  -5.104  -13.992 0.0000000000
45681  -11.491  -5.113  -13.972 0.0000000000
45668  -14.249  -5.076  -13.831 0.0000000000
44756  -14.041  -5.060  -13.942 0.0000000000
45690  -14.270  -4.970  -13.912 0.0000000000
44755  -13.913  -5.126  -13.947 0.0000000000
44754  -13.417  -5.287  -14.002 0.0000000000
44753  -13.011  -5.203  -13.950 0.0000000000
44752  -12.964  -5.129  -13.981 0.0000000000
44751  -12.483  -5.127  -14.002 0.0000000000
44750  -12.011  -5.253  -13.928 0.0000000000
44749  -11.960  -5.255  -13.960 0.0000000000
44748  -11.471  -5.172  -13.985 0.0000000000
44747  -11.002  -5.194  -13.877 0.0000000000
45667  -11.008  -5.108  -13.844 0.0000000000
45666  -10.955  -5.043  -13.818 0.0000000000
44740  -14.550  -5.520  -13.344 0.0000000000
44739  -14.031  -5.456  -13.707 0.0000000000
45669  -14.768  -4.998  -13.490 0.0000000000
44730  -10.995  -5.483  -13.441 0.0000000000
44729  -10.991  -5.218  -13.577 0.0000000000
44728  -10.557  -5.278  -13.281 0.0000000000
45657  -10.100  -5.106  -13.268 0.0000000000
44717  -10.281  -5.442  -13.021 0.0000000000
44716  -10.012  -5.251  -13.016 0.0000000000
45650  -9.948  -5.175  -13.039 0.0000000000
44709  -9.981  -5.333  -12.909 0.0000000000
44708  -9.883  -5.127  -12.905 0.0000000000
44701  -9.513  -5.705  -12.532 0.0000000000
45627  -9.486  -5.017  -12.252 0.0000000000
45626  -9.340  -4.993  -12.129 0.0000000000
45616  -12.840  -5.040  -11.991 0.0000000000
45615  -12.220  -5.094  -11.957 0.0000000000
45614  -11.981  -5.081  -11.980 0.0000000000
45613  -11.725  -5.048  -11.961 0.0000000000
45612  -11.308  -5.035  -11.953 0.0000000000
45611  -11.003  -5.041  -11.959 0.0000000000
44696  -9.430  -5.511  -12.003 0.0000000000
45597  -13.026  -5.002  -11.673 0.0000000000
44687  -12.966  -5.080  -11.713 0.0000000000
44686  -12.482  -5.095  -11.883 0.0000000000
44685  -12.111  -5.263  -11.779 0.0000000000
44684  -11.980  -5.239  -11.786 0.0000000000
44683  -11.590  -5.129  -11.885 0.0000000000
44682  -11.093  -5.170  -11.854 0.0000000000
44681  -10.947  -5.130  -11.875 0.0000000000
44669  -13.079  -5.333  -11.397 0.0000000000
44647  -13.099  -5.468  -11.159 0.0000000000
44668  -12.992  -5.181  -11.511 0.0000000000
44738  -13.756  -5.576  -13.719 0.0000000000
44737  -13.106  -5.683  -13.595 0.0000000000
44736  -12.988  -5.524  -13.616 0.0000000000
44735  -12.805  -5.332  -13.646 0.0000000000
44734  -12.196  -5.600  -13.620 0.0000000000
44733  -12.009  -5.530  -13.629 0.0000000000
44732  -11.991  -5.540  -13.699 0.0000000000
44731  -11.259  -5.573  -13.598 0.0000000000
44720  -14.920  -5.576  -13.015 0.0000000000
43803  -14.585  -5.927  -13.042 0.0000000000
43822  -14.415  -5.955  -13.209 0.0000000000
43821  -14.221  -5.875  -13.242 0.0000000000
45658  -14.926  -5.148  -13.100 0.0000000000
43820  -13.989  -5.816  -13.420 0.0000000000
43819  -13.495  -5.902  -13.263 0.0000000000
43818  -13.100  -5.874  -13.288 0.0000000000
43817  -12.985  -5.837  -13.283 0.0000000000
43816  -12.391  -5.822  -13.188 0.0000000000
43815  -12.014  -5.854  -13.276 0.0000000000
43814  -11.994  -5.898  -13.375 0.0000000000
43813  -11.748  -5.930  -13.230 0.0000000000
43812  -11.093  -5.873  -13.143 0.0000000000
43793  -11.032  -5.912  -13.086 0.0000000000
44719  -10.990  -5.595  -13.289 0.0000000000
44718  -10.947  -5.746  -13.100 0.0000000000
44721  -14.748  -5.443  -12.999 0.0000000000
43792  -10.831  -5.823  -13.030 0.0000000000
43791  -10.267  -5.853  -13.025 0.0000000000
44710  -10.014  -5.357  -12.997 0.0000000000
43781  -10.202  -5.762  -12.836 0.0000000000
43780  -9.998  -5.758  -12.696 0.0000000000
44702  -9.995  -5.655  -12.619 0.0000000000
43773  -9.985  -5.974  -12.381 0.0000000000
43772  -9.643  -5.991  -12.174 0.0000000000
44667  -12.362  -5.602  -11.107 0.0000000000
44666  -12.071  -5.692  -11.385 0.0000000000
44665  -11.979  -5.600  -11.440 0.0000000000
44664  -11.443  -5.582  -11.452 0.0000000000
44663  -11.014  -5.496  -11.494 0.0000000000
44646  -12.995  -5.770  -11.057 0.0000000000
43749  -12.734  -5.881  -11.118 0.0000000000
43748  -12.366  -5.990  -11.312 0.0000000000
43747  -12.003  -5.979  -11.333 0.0000000000
43746  -11.729  -5.953  -11.139 0.0000000000
43745  -11.289  -5.904  -11.115 0.0000000000
43802  -14.204  -6.003  -13.296 0.0000000000
43801  -13.946  -6.005  -13.132 0.0000000000
43800  -13.365  -5.975  -13.133 0.0000000000
43799  -13.005  -5.997  -13.155 0.0000000000
43798  -12.732  -6.000  -13.225 0.0000000000
43797  -12.257  -6.013  -13.245 0.0000000000
43796  -12.005  -6.019  -13.158 0.0000000000
43795  -11.721  -6.044  -13.145 0.0000000000
43794  -11.240  -6.106  -13.090 0.0000000000
43784  -14.704  -5.990  -13.010 0.0000000000
42919  -14.627  -6.024  -12.976 0.0000000000
42939  -14.498  -6.045  -13.078 0.0000000000
42938  -14.286  -6.089  -13.139 0.0000000000
43785  -14.731  -5.898  -12.920 0.0000000000
43804  -14.644  -5.685  -12.995 0.0000000000
42937  -14.014  -6.120  -13.177 0.0000000000
42936  -13.622  -6.183  -13.136 0.0000000000
42935  -13.250  -5.975  -13.003 0.0000000000
42934  -12.933  -6.086  -13.106 0.0000000000
42933  -12.482  -6.058  -13.119 0.0000000000
42932  -12.035  -6.211  -13.197 0.0000000000
42931  -11.784  -6.111  -13.068 0.0000000000
42930  -11.400  -6.107  -13.071 0.0000000000
42929  -11.132  -6.005  -12.990 0.0000000000
42910  -11.094  -6.026  -12.943 0.0000000000
43783  -10.981  -5.881  -12.994 0.0000000000
43782  -10.497  -5.945  -13.008 0.0000000000
42909  -10.783  -5.973  -12.921 0.0000000000
42908  -10.276  -6.022  -12.979 0.0000000000
42898  -10.232  -5.985  -12.602 0.0000000000
43774  -10.058  -5.995  -12.518 0.0000000000
42897  -9.932  -6.016  -12.582 0.0000000000
42896  -9.770  -5.966  -12.459 0.0000000000
42889  -9.673  -6.105  -12.220 0.0000000000
43766  -9.420  -5.949  -11.998 0.0000000000
42918  -14.303  -6.216  -13.043 0.0000000000
42028  -14.066  -6.294  -13.175 0.0000000000
42027  -13.903  -6.368  -13.117 0.0000000000
42026  -13.801  -6.492  -13.078 0.0000000000
42917  -13.593  -6.397  -13.007 0.0000000000
42916  -13.384  -6.100  -12.954 0.0000000000
42915  -13.029  -6.119  -13.013 0.0000000000
42914  -12.753  -6.119  -12.998 0.0000000000
42913  -12.308  -6.133  -13.023 0.0000000000
42912  -12.016  -6.148  -13.007 0.0000000000
42911  -11.487  -6.150  -12.998 0.0000000000
42016  -13.594  -6.642  -12.926 0.0000000000
42015  -13.178  -6.526  -12.766 0.0000000000
42014  -13.001  -6.238  -12.903 0.0000000000
42013  -12.658  -6.182  -12.972 0.0000000000
42012  -12.143  -6.199  -12.932 0.0000000000
42011  -11.993  -6.262  -12.872 0.0000000000
42010  -11.702  -6.283  -12.784 0.0000000000
42901  -11.133  -6.226  -12.516 0.0000000000
42900  -11.011  -6.104  -12.713 0.0000000000
42899  -10.775  -6.020  -12.811 0.0000000000
41997  -11.162  -6.623  -12.149 0.0000000000
41996  -10.991  -6.517  -12.304 0.0000000000
41995  -10.964  -6.447  -12.462 0.0000000000
41994  -10.334  -6.183  -12.653 0.0000000000
41993  -10.008  -6.075  -12.504 0.0000000000
41980  -10.002  -6.437  -12.264 0.0000000000
42890  -9.894  -6.244  -12.226 0.0000000000
42001  -12.931  -6.637  -12.701 0.0000000000
42002  -12.983  -6.674  -12.681 0.0000000000
42000  -12.500  -6.549  -12.589 0.0000000000
41999  -12.020  -6.528  -12.498 0.0000000000
41998  -11.929  -6.527  -12.494 0.0000000000
41982  -10.942  -6.748  -12.122 0.0000000000
41981  -10.506  -6.765  -12.127 0.0000000000
44711  -14.944  -5.480  -12.759 0.0000000000
45651  -14.983  -5.009  -12.855 0.0000000000
45659  -14.941  -4.980  -13.026 0.0000000000
45670  -14.950  -4.979  -13.137 0.0000000000
46601  -14.990  -4.824  -13.435 0.0000000000
46600  -14.725  -5.004  -13.670 0.0000000000
46616  -14.461  -4.677  -13.991 0.0000000000
46617  -14.975  -4.762  -13.868 0.0000000000
47544  -14.522  -4.412  -14.006 0.0000000000
47543  -14.054  -4.408  -14.001 0.0000000000
47545  -14.857  -4.331  -13.864 0.0000000000
47561  -14.649  -4.402  -14.110 0.0000000000
48461  -14.839  -4.048  -14.015 0.0000000000
48474  -14.616  -4.109  -14.141 0.0000000000
48473  -14.380  -4.060  -14.377 0.0000000000
48491  -14.560  -4.002  -14.354 0.0000000000
49418  -14.016  -3.780  -14.679 0.0000000000
49435  -14.008  -3.768  -15.005 0.0000000000
49436  -14.010  -3.692  -14.902 0.0000000000
49445  -13.892  -3.636  -15.018 0.0000000000
