#!ascii label  , from subject  vox2ras=TkReg
1606
102921  -15.921  18.994  -14.935 0.0000000000
102351  -15.941  18.691  -14.854 0.0000000000
102916  -15.998  18.935  -14.751 0.0000000000
102920  -15.913  18.849  -15.024 0.0000000000
103482  -16.025  19.010  -14.886 0.0000000000
102926  -15.983  18.905  -15.047 0.0000000000
103487  -16.023  18.998  -15.063 0.0000000000
102925  -15.874  18.915  -15.191 0.0000000000
103478  -16.019  19.006  -14.722 0.0000000000
103479  -16.211  19.005  -14.550 0.0000000000
103483  -16.297  19.159  -14.947 0.0000000000
103480  -16.670  19.164  -14.630 0.0000000000
103484  -16.736  19.047  -15.024 0.0000000000
103488  -16.351  19.106  -15.265 0.0000000000
103485  -16.907  18.946  -14.959 0.0000000000
102922  -16.961  18.845  -15.057 0.0000000000
103489  -16.739  18.993  -15.078 0.0000000000
103481  -16.998  19.049  -14.704 0.0000000000
102918  -17.029  18.834  -14.794 0.0000000000
102923  -16.997  18.800  -15.016 0.0000000000
103486  -15.903  19.005  -15.211 0.0000000000
103490  -15.781  19.100  -15.412 0.0000000000
103491  -15.970  19.164  -15.567 0.0000000000
102927  -16.464  18.982  -15.450 0.0000000000
103492  -16.186  19.149  -15.732 0.0000000000
102928  -17.018  18.937  -15.113 0.0000000000
102931  -15.637  19.005  -15.710 0.0000000000
103494  -15.652  19.070  -15.918 0.0000000000
103495  -15.992  19.102  -15.982 0.0000000000
102932  -16.317  18.981  -15.986 0.0000000000
103496  -16.133  19.038  -15.986 0.0000000000
102936  -15.448  18.930  -15.984 0.0000000000
103493  -15.361  18.985  -16.027 0.0000000000
102935  -15.162  18.881  -16.006 0.0000000000
103497  -15.362  19.078  -16.281 0.0000000000
103498  -15.838  19.109  -16.245 0.0000000000
103499  -15.983  18.964  -16.021 0.0000000000
102937  -16.034  19.021  -16.097 0.0000000000
102938  -16.339  18.763  -16.025 0.0000000000
102942  -15.054  18.773  -16.351 0.0000000000
102949  -15.120  18.948  -16.767 0.0000000000
103500  -15.415  18.997  -16.707 0.0000000000
103501  -15.677  19.005  -16.521 0.0000000000
102944  -16.013  18.848  -16.430 0.0000000000
102943  -15.925  18.995  -16.548 0.0000000000
102950  -15.644  18.931  -16.994 0.0000000000
103477  -16.994  19.067  -14.306 0.0000000000
102914  -17.110  18.942  -14.254 0.0000000000
103476  -16.632  19.158  -14.228 0.0000000000
102917  -15.956  18.879  -14.393 0.0000000000
102913  -16.031  18.632  -14.146 0.0000000000
103475  -16.308  18.989  -14.021 0.0000000000
103474  -16.971  19.084  -13.971 0.0000000000
102910  -17.111  18.907  -14.017 0.0000000000
103473  -16.519  19.009  -13.920 0.0000000000
102908  -16.211  18.592  -14.009 0.0000000000
103472  -16.326  18.884  -13.963 0.0000000000
103471  -16.791  19.116  -13.817 0.0000000000
102906  -16.999  18.963  -13.815 0.0000000000
102909  -16.231  18.742  -13.865 0.0000000000
102905  -16.608  18.977  -13.741 0.0000000000
103470  -16.665  19.036  -13.824 0.0000000000
102376  -15.964  18.363  -16.777 0.0000000000
102375  -15.777  18.792  -17.011 0.0000000000
102951  -15.997  18.759  -16.643 0.0000000000
102381  -15.683  18.480  -16.985 0.0000000000
102957  -15.517  18.767  -17.019 0.0000000000
102956  -15.221  18.822  -17.134 0.0000000000
102948  -14.934  18.893  -16.854 0.0000000000
102955  -14.984  18.898  -17.026 0.0000000000
102947  -14.702  18.861  -16.937 0.0000000000
102941  -15.001  18.888  -16.540 0.0000000000
102954  -14.571  18.884  -17.014 0.0000000000
102374  -14.368  18.633  -16.710 0.0000000000
102940  -14.739  18.713  -16.415 0.0000000000
102946  -14.178  18.645  -16.983 0.0000000000
102953  -14.116  18.760  -17.063 0.0000000000
102373  -14.004  18.244  -16.662 0.0000000000
102379  -14.001  18.653  -16.994 0.0000000000
102371  -16.343  18.490  -16.247 0.0000000000
102370  -16.020  18.847  -16.698 0.0000000000
102945  -16.152  18.910  -16.065 0.0000000000
102934  -14.999  18.691  -16.042 0.0000000000
102369  -14.969  18.619  -16.106 0.0000000000
102368  -14.475  18.129  -16.145 0.0000000000
102366  -16.617  18.244  -15.957 0.0000000000
102365  -16.486  18.379  -16.019 0.0000000000
102939  -16.578  18.654  -15.997 0.0000000000
102930  -15.201  18.699  -15.985 0.0000000000
102364  -15.007  18.595  -16.002 0.0000000000
102363  -14.895  18.372  -15.998 0.0000000000
102933  -16.624  18.868  -15.808 0.0000000000
102924  -15.353  18.632  -15.397 0.0000000000
102359  -15.031  18.321  -15.739 0.0000000000
102357  -16.996  18.363  -15.163 0.0000000000
102356  -16.970  18.554  -15.270 0.0000000000
102929  -17.048  18.878  -14.944 0.0000000000
102360  -16.990  18.307  -15.571 0.0000000000
102355  -15.606  18.279  -15.044 0.0000000000
102354  -15.219  18.076  -15.295 0.0000000000
102352  -17.108  18.565  -14.943 0.0000000000
102350  -15.713  18.185  -14.885 0.0000000000
102349  -17.463  18.137  -14.489 0.0000000000
102348  -17.228  18.414  -14.992 0.0000000000
102919  -17.063  18.787  -14.266 0.0000000000
102912  -15.924  18.468  -14.238 0.0000000000
102347  -15.876  18.308  -14.560 0.0000000000
102915  -17.230  18.775  -14.013 0.0000000000
102343  -16.142  18.233  -14.164 0.0000000000
102342  -15.997  18.062  -14.169 0.0000000000
102911  -17.239  18.837  -13.994 0.0000000000
102339  -16.275  18.301  -13.796 0.0000000000
102338  -16.263  18.186  -13.996 0.0000000000
102335  -17.009  18.298  -13.444 0.0000000000
102903  -16.981  18.701  -13.367 0.0000000000
102907  -17.222  18.993  -13.729 0.0000000000
102334  -16.769  18.256  -13.410 0.0000000000
102331  -16.956  18.416  -13.163 0.0000000000
102332  -17.161  18.361  -13.019 0.0000000000
102904  -17.221  18.856  -13.260 0.0000000000
101776  -15.870  18.094  -17.011 0.0000000000
101775  -15.355  18.007  -16.993 0.0000000000
102380  -15.594  18.682  -17.128 0.0000000000
102382  -15.903  18.083  -16.940 0.0000000000
102387  -15.193  18.392  -17.341 0.0000000000
102378  -13.851  18.331  -16.957 0.0000000000
102952  -14.055  18.608  -17.062 0.0000000000
101774  -13.752  18.130  -16.883 0.0000000000
101768  -13.897  18.157  -16.719 0.0000000000
102372  -13.996  18.315  -16.782 0.0000000000
102377  -13.506  18.161  -16.977 0.0000000000
101773  -13.457  18.117  -16.974 0.0000000000
102384  -13.433  18.312  -17.329 0.0000000000
102385  -13.982  18.682  -17.163 0.0000000000
101764  -16.070  18.008  -16.763 0.0000000000
101770  -15.998  18.061  -16.734 0.0000000000
101769  -14.110  18.059  -16.652 0.0000000000
101762  -14.151  18.030  -16.322 0.0000000000
102367  -14.069  18.106  -16.402 0.0000000000
101759  -16.608  17.990  -16.009 0.0000000000
101765  -16.277  17.983  -16.596 0.0000000000
101763  -14.393  18.002  -16.039 0.0000000000
101757  -14.629  18.114  -16.001 0.0000000000
102362  -14.611  18.253  -16.008 0.0000000000
101754  -16.846  18.033  -15.731 0.0000000000
101760  -16.653  18.007  -16.012 0.0000000000
101758  -14.794  18.181  -15.882 0.0000000000
101752  -14.921  18.156  -15.732 0.0000000000
102358  -15.001  18.183  -15.880 0.0000000000
102361  -17.000  18.181  -15.531 0.0000000000
101753  -15.000  18.076  -15.544 0.0000000000
101747  -15.164  18.013  -15.327 0.0000000000
101744  -17.188  18.133  -15.128 0.0000000000
101749  -17.072  18.066  -15.409 0.0000000000
101748  -15.404  17.992  -15.029 0.0000000000
101743  -15.536  18.025  -14.983 0.0000000000
102353  -17.362  18.004  -14.994 0.0000000000
101738  -15.672  18.008  -14.707 0.0000000000
102346  -15.650  18.113  -14.647 0.0000000000
102344  -17.645  18.387  -14.028 0.0000000000
101736  -17.660  18.006  -14.260 0.0000000000
101740  -17.480  17.890  -14.695 0.0000000000
101739  -15.969  18.026  -14.397 0.0000000000
101734  -16.034  18.064  -14.332 0.0000000000
102345  -17.908  18.044  -13.984 0.0000000000
102340  -17.650  18.681  -14.003 0.0000000000
102341  -17.982  18.151  -13.968 0.0000000000
101735  -16.257  18.016  -14.153 0.0000000000
101730  -16.344  18.002  -14.002 0.0000000000
102337  -17.983  18.204  -13.626 0.0000000000
101728  -18.029  18.003  -13.729 0.0000000000
101732  -17.972  18.001  -13.942 0.0000000000
102336  -17.588  18.712  -13.351 0.0000000000
101731  -16.461  18.002  -13.936 0.0000000000
101726  -16.830  18.111  -13.671 0.0000000000
102333  -17.675  18.137  -13.079 0.0000000000
101725  -17.709  18.004  -13.254 0.0000000000
101727  -16.981  17.991  -13.421 0.0000000000
101723  -17.019  18.040  -13.266 0.0000000000
101724  -17.313  18.009  -13.070 0.0000000000
101166  -16.006  18.001  -16.998 0.0000000000
101165  -15.925  17.873  -17.008 0.0000000000
101777  -15.963  18.059  -16.951 0.0000000000
101173  -15.628  17.939  -17.214 0.0000000000
101783  -15.647  17.998  -17.106 0.0000000000
101782  -15.408  17.983  -17.520 0.0000000000
101767  -13.624  18.036  -16.771 0.0000000000
101772  -13.151  18.073  -17.051 0.0000000000
101766  -13.288  18.018  -16.960 0.0000000000
101780  -13.180  17.962  -17.115 0.0000000000
101164  -13.128  17.963  -17.080 0.0000000000
101170  -13.013  18.008  -17.112 0.0000000000
101779  -13.089  18.074  -17.372 0.0000000000
101161  -16.077  17.977  -16.837 0.0000000000
101160  -15.993  18.020  -16.884 0.0000000000
101771  -16.031  17.995  -16.846 0.0000000000
101761  -13.957  18.005  -16.475 0.0000000000
101159  -13.985  17.957  -16.731 0.0000000000
101158  -13.716  17.937  -16.807 0.0000000000
101157  -13.231  17.969  -16.890 0.0000000000
101154  -16.643  17.850  -16.404 0.0000000000
101756  -14.346  17.968  -16.078 0.0000000000
101153  -14.140  17.949  -16.264 0.0000000000
101152  -13.980  17.978  -16.294 0.0000000000
101148  -16.794  17.762  -15.895 0.0000000000
101147  -16.728  17.977  -16.017 0.0000000000
101751  -14.730  18.077  -15.809 0.0000000000
101146  -14.579  17.995  -15.966 0.0000000000
101145  -14.241  17.829  -16.079 0.0000000000
101141  -16.998  17.986  -15.688 0.0000000000
101140  -16.921  17.996  -15.746 0.0000000000
101755  -16.957  18.024  -15.546 0.0000000000
101746  -14.977  17.999  -15.380 0.0000000000
101139  -14.921  18.049  -15.578 0.0000000000
101138  -14.555  17.991  -15.751 0.0000000000
101136  -17.105  17.968  -15.353 0.0000000000
101135  -17.051  17.909  -15.563 0.0000000000
101750  -17.409  18.017  -15.368 0.0000000000
101742  -15.379  17.974  -15.122 0.0000000000
101134  -15.143  17.887  -15.244 0.0000000000
101133  -15.008  17.887  -15.292 0.0000000000
101745  -17.371  18.008  -15.024 0.0000000000
101129  -15.473  17.947  -14.995 0.0000000000
101128  -15.123  17.847  -15.032 0.0000000000
101125  -17.885  17.833  -14.619 0.0000000000
101124  -17.510  17.915  -14.854 0.0000000000
101741  -17.683  17.982  -14.468 0.0000000000
101130  -17.442  17.839  -14.951 0.0000000000
101123  -15.977  18.014  -14.494 0.0000000000
101122  -15.735  17.928  -14.712 0.0000000000
101737  -17.887  17.984  -14.044 0.0000000000
101118  -16.237  17.883  -14.214 0.0000000000
101117  -16.058  17.808  -14.325 0.0000000000
101115  -17.987  17.905  -13.959 0.0000000000
101114  -18.014  17.979  -14.034 0.0000000000
101733  -17.990  17.994  -13.884 0.0000000000
101119  -17.857  17.851  -14.014 0.0000000000
101112  -16.807  17.747  -13.774 0.0000000000
101111  -16.138  17.707  -14.001 0.0000000000
101103  -17.935  17.727  -13.176 0.0000000000
101108  -18.018  17.996  -13.405 0.0000000000
101729  -18.073  17.942  -13.693 0.0000000000
101106  -17.030  17.845  -13.376 0.0000000000
101105  -16.999  18.004  -13.652 0.0000000000
101102  -17.255  17.830  -13.176 0.0000000000
101101  -17.034  18.004  -13.292 0.0000000000
100525  -15.561  17.587  -17.296 0.0000000000
101172  -15.240  17.859  -17.394 0.0000000000
100524  -15.166  17.181  -17.284 0.0000000000
101171  -14.983  17.654  -17.495 0.0000000000
101781  -15.006  17.999  -17.504 0.0000000000
100523  -14.865  17.067  -17.365 0.0000000000
100532  -14.889  17.590  -17.632 0.0000000000
101178  -14.898  18.021  -17.672 0.0000000000
101169  -13.018  17.996  -17.426 0.0000000000
101778  -12.985  18.070  -17.553 0.0000000000
101168  -12.962  17.819  -17.352 0.0000000000
101163  -13.010  17.789  -17.078 0.0000000000
101174  -12.796  17.870  -17.967 0.0000000000
101175  -12.849  18.013  -17.828 0.0000000000
100521  -12.386  17.262  -17.123 0.0000000000
101162  -12.696  17.491  -17.013 0.0000000000
100528  -12.497  17.587  -17.917 0.0000000000
100518  -16.026  17.389  -16.990 0.0000000000
100519  -16.041  17.947  -16.908 0.0000000000
101167  -15.994  17.993  -16.930 0.0000000000
100517  -15.476  17.271  -17.087 0.0000000000
100515  -12.808  17.628  -17.013 0.0000000000
101156  -12.988  17.815  -16.996 0.0000000000
100514  -12.449  17.293  -16.969 0.0000000000
100512  -16.187  17.695  -16.893 0.0000000000
101151  -13.735  17.765  -16.494 0.0000000000
100510  -12.974  17.719  -16.807 0.0000000000
101150  -12.990  17.861  -16.423 0.0000000000
100509  -12.807  17.547  -16.743 0.0000000000
100507  -16.713  17.212  -16.075 0.0000000000
100506  -16.337  17.069  -16.240 0.0000000000
101155  -16.782  17.759  -15.993 0.0000000000
101144  -14.001  17.691  -16.091 0.0000000000
100504  -13.366  17.371  -16.025 0.0000000000
101143  -13.681  17.510  -16.010 0.0000000000
100503  -12.999  17.401  -16.359 0.0000000000
100500  -16.979  17.384  -15.985 0.0000000000
100499  -16.890  17.313  -16.001 0.0000000000
101149  -16.991  17.796  -15.960 0.0000000000
100498  -14.002  17.547  -16.002 0.0000000000
101137  -14.181  17.640  -16.004 0.0000000000
100497  -13.815  17.627  -15.868 0.0000000000
100496  -13.299  17.337  -15.937 0.0000000000
100492  -17.161  17.411  -15.638 0.0000000000
100491  -17.012  17.542  -15.798 0.0000000000
101142  -16.988  17.888  -15.572 0.0000000000
100490  -14.234  17.563  -15.838 0.0000000000
101132  -14.863  17.756  -15.401 0.0000000000
100489  -14.006  17.146  -15.613 0.0000000000
100484  -17.273  17.596  -14.991 0.0000000000
100483  -14.983  17.549  -15.005 0.0000000000
101127  -14.971  17.610  -15.013 0.0000000000
100482  -14.475  17.085  -15.255 0.0000000000
100479  -17.761  17.483  -14.947 0.0000000000
100478  -17.626  17.651  -14.966 0.0000000000
101131  -17.606  17.590  -15.032 0.0000000000
100477  -15.416  17.561  -15.054 0.0000000000
100476  -14.943  17.324  -14.979 0.0000000000
100475  -14.859  17.185  -15.047 0.0000000000
100472  -18.034  17.359  -14.732 0.0000000000
100471  -17.967  17.415  -14.984 0.0000000000
101126  -17.979  17.523  -14.595 0.0000000000
101120  -18.029  17.745  -14.114 0.0000000000
100470  -15.968  17.794  -14.531 0.0000000000
100469  -15.446  17.324  -14.690 0.0000000000
100466  -18.483  17.393  -14.099 0.0000000000
100465  -18.064  17.649  -14.257 0.0000000000
101121  -18.257  17.641  -14.015 0.0000000000
101116  -18.274  17.658  -13.993 0.0000000000
100464  -16.201  17.350  -14.222 0.0000000000
100463  -15.991  17.238  -14.241 0.0000000000
101110  -18.267  17.864  -13.946 0.0000000000
100460  -18.605  17.450  -14.003 0.0000000000
101109  -18.134  17.845  -13.648 0.0000000000
100458  -16.724  17.163  -13.980 0.0000000000
100459  -16.984  17.388  -13.813 0.0000000000
101113  -17.013  17.867  -13.665 0.0000000000
100457  -16.229  17.020  -14.013 0.0000000000
100455  -18.386  17.759  -13.517 0.0000000000
101104  -18.022  17.694  -13.282 0.0000000000
100454  -18.021  17.578  -13.326 0.0000000000
100451  -16.978  17.113  -13.636 0.0000000000
100452  -17.168  17.268  -13.214 0.0000000000
101107  -17.074  17.878  -13.276 0.0000000000
100448  -18.010  17.205  -13.031 0.0000000000
100447  -17.864  17.204  -13.019 0.0000000000
100446  -17.567  17.348  -13.003 0.0000000000
100531  -14.441  17.160  -17.729 0.0000000000
101177  -14.538  17.758  -17.844 0.0000000000
100522  -14.560  17.029  -17.497 0.0000000000
99849  -14.564  17.009  -17.455 0.0000000000
99857  -14.396  17.000  -17.614 0.0000000000
99856  -13.999  16.999  -17.801 0.0000000000
100530  -14.004  17.234  -17.811 0.0000000000
101176  -14.160  17.502  -17.983 0.0000000000
99855  -13.848  17.020  -17.837 0.0000000000
100529  -13.931  17.146  -17.913 0.0000000000
100538  -13.908  17.236  -18.017 0.0000000000
100539  -14.091  17.539  -18.061 0.0000000000
100527  -12.015  17.137  -17.635 0.0000000000
100534  -12.047  17.387  -17.990 0.0000000000
100535  -12.444  17.727  -18.010 0.0000000000
99853  -11.924  17.043  -17.572 0.0000000000
99847  -12.034  16.897  -17.343 0.0000000000
100520  -12.034  17.017  -17.088 0.0000000000
100526  -11.938  17.104  -17.753 0.0000000000
99852  -11.868  17.014  -17.661 0.0000000000
100533  -11.872  17.200  -17.844 0.0000000000
100516  -15.282  16.998  -17.196 0.0000000000
99843  -15.198  16.976  -17.072 0.0000000000
99851  -15.049  16.987  -17.176 0.0000000000
99850  -14.969  16.911  -17.248 0.0000000000
99840  -12.054  17.022  -17.095 0.0000000000
100513  -12.186  17.025  -17.003 0.0000000000
100511  -16.002  17.146  -16.495 0.0000000000
99839  -15.909  17.058  -16.512 0.0000000000
99845  -15.908  17.021  -16.973 0.0000000000
99844  -15.380  17.014  -17.004 0.0000000000
99841  -12.225  17.004  -17.008 0.0000000000
99836  -12.325  17.018  -16.799 0.0000000000
100508  -12.524  17.255  -16.535 0.0000000000
100505  -15.991  17.059  -16.406 0.0000000000
99832  -16.050  16.979  -16.221 0.0000000000
100502  -12.870  17.229  -16.161 0.0000000000
99829  -12.546  17.055  -16.275 0.0000000000
100501  -12.599  17.027  -16.253 0.0000000000
99827  -16.693  17.020  -15.969 0.0000000000
99834  -16.464  17.012  -15.988 0.0000000000
99833  -16.248  17.106  -16.059 0.0000000000
100495  -12.989  17.220  -16.009 0.0000000000
99830  -12.829  17.026  -16.022 0.0000000000
99822  -12.910  17.103  -15.932 0.0000000000
100494  -12.920  17.197  -16.011 0.0000000000
99818  -17.119  17.000  -15.749 0.0000000000
99828  -16.824  17.006  -15.782 0.0000000000
100488  -13.679  17.239  -15.707 0.0000000000
99824  -13.178  17.104  -15.869 0.0000000000
99815  -13.488  17.024  -15.680 0.0000000000
100487  -13.446  17.236  -15.761 0.0000000000
99823  -13.020  17.072  -15.939 0.0000000000
99819  -17.182  16.996  -15.661 0.0000000000
100493  -17.516  17.011  -15.525 0.0000000000
100485  -17.833  17.045  -15.158 0.0000000000
99817  -13.989  16.959  -15.387 0.0000000000
99808  -14.235  16.916  -15.266 0.0000000000
100481  -14.142  17.013  -15.346 0.0000000000
99816  -13.976  17.007  -15.346 0.0000000000
100486  -18.032  17.130  -15.241 0.0000000000
99810  -17.994  17.019  -15.235 0.0000000000
100480  -18.040  17.321  -15.103 0.0000000000
99809  -14.358  17.011  -15.049 0.0000000000
100474  -14.382  17.165  -14.958 0.0000000000
99797  -18.125  17.193  -14.996 0.0000000000
99804  -18.179  17.122  -15.091 0.0000000000
99803  -14.988  17.037  -14.913 0.0000000000
100468  -15.029  17.030  -14.796 0.0000000000
99802  -14.847  17.098  -14.854 0.0000000000
99801  -14.587  16.942  -14.995 0.0000000000
99798  -18.299  17.029  -14.815 0.0000000000
100473  -18.286  17.212  -14.587 0.0000000000
99796  -15.278  17.004  -14.602 0.0000000000
100462  -15.657  17.141  -14.351 0.0000000000
99795  -14.994  16.961  -14.671 0.0000000000
99792  -18.798  17.061  -14.262 0.0000000000
99791  -18.747  17.162  -14.415 0.0000000000
100467  -18.795  17.143  -14.042 0.0000000000
100461  -18.764  17.228  -14.021 0.0000000000
99790  -16.144  16.984  -14.048 0.0000000000
99789  -16.004  16.960  -14.123 0.0000000000
99788  -15.475  16.986  -14.334 0.0000000000
100456  -18.858  17.113  -13.858 0.0000000000
99785  -19.002  17.067  -13.959 0.0000000000
99784  -16.858  17.001  -13.691 0.0000000000
99783  -16.323  17.019  -13.947 0.0000000000
99782  -16.061  16.923  -13.985 0.0000000000
100450  -18.908  17.057  -13.380 0.0000000000
99779  -19.000  17.045  -13.522 0.0000000000
100449  -18.303  17.175  -13.009 0.0000000000
99777  -17.043  17.082  -13.593 0.0000000000
99778  -17.663  17.000  -13.249 0.0000000000
100453  -17.752  17.013  -13.169 0.0000000000
99776  -17.043  17.045  -13.594 0.0000000000
99774  -18.836  17.064  -13.089 0.0000000000
99773  -18.225  16.990  -13.025 0.0000000000
99772  -18.004  17.000  -13.108 0.0000000000
99771  -17.940  17.014  -13.175 0.0000000000
99848  -14.206  16.954  -17.657 0.0000000000
99167  -14.062  16.719  -17.584 0.0000000000
99174  -14.095  16.919  -17.755 0.0000000000
99173  -13.984  16.666  -17.836 0.0000000000
99172  -13.544  16.769  -17.857 0.0000000000
99854  -13.727  17.015  -17.919 0.0000000000
99862  -13.974  17.023  -17.994 0.0000000000
99861  -13.560  16.889  -17.988 0.0000000000
99846  -11.928  16.970  -17.461 0.0000000000
99170  -11.777  16.693  -17.717 0.0000000000
99164  -11.857  16.908  -17.288 0.0000000000
99859  -11.769  16.976  -17.963 0.0000000000
99842  -15.019  16.953  -17.121 0.0000000000
99162  -15.000  16.795  -17.093 0.0000000000
99169  -14.944  16.845  -17.121 0.0000000000
99168  -14.708  16.625  -17.148 0.0000000000
99165  -11.930  17.002  -17.035 0.0000000000
99160  -12.003  16.703  -17.067 0.0000000000
99838  -15.643  16.934  -16.745 0.0000000000
99837  -15.311  16.932  -16.989 0.0000000000
99157  -15.133  16.761  -16.924 0.0000000000
99163  -15.091  16.835  -17.016 0.0000000000
99835  -12.105  16.954  -17.062 0.0000000000
99154  -12.109  16.778  -16.990 0.0000000000
99831  -15.924  16.949  -16.393 0.0000000000
99152  -15.969  16.932  -16.288 0.0000000000
99158  -15.530  17.002  -16.759 0.0000000000
99155  -12.179  17.006  -16.850 0.0000000000
99150  -12.420  16.765  -16.299 0.0000000000
99826  -16.300  16.978  -16.073 0.0000000000
99825  -16.121  16.964  -16.086 0.0000000000
99145  -16.022  16.870  -16.022 0.0000000000
99153  -16.016  16.847  -16.131 0.0000000000
99821  -12.768  17.021  -16.016 0.0000000000
99141  -12.736  16.996  -16.011 0.0000000000
99138  -16.994  16.919  -15.721 0.0000000000
99148  -16.971  17.005  -15.843 0.0000000000
99147  -16.618  16.987  -15.930 0.0000000000
99146  -16.287  16.885  -16.003 0.0000000000
99814  -13.080  16.986  -15.884 0.0000000000
99813  -12.986  17.021  -15.922 0.0000000000
99142  -12.668  16.787  -15.919 0.0000000000
99132  -12.912  16.967  -15.798 0.0000000000
99139  -17.206  16.861  -15.694 0.0000000000
99820  -17.664  16.968  -15.634 0.0000000000
99807  -14.037  16.887  -15.262 0.0000000000
99806  -13.871  16.943  -15.318 0.0000000000
99134  -13.373  16.805  -15.490 0.0000000000
99126  -13.610  16.679  -15.192 0.0000000000
99133  -13.001  16.682  -15.707 0.0000000000
99811  -18.103  16.998  -15.251 0.0000000000
99129  -17.994  16.911  -15.312 0.0000000000
99128  -14.090  16.718  -15.140 0.0000000000
99121  -14.240  16.739  -15.003 0.0000000000
99800  -14.348  16.921  -15.020 0.0000000000
99127  -14.000  16.798  -15.176 0.0000000000
99805  -18.317  17.024  -15.007 0.0000000000
99812  -18.255  16.983  -15.197 0.0000000000
99794  -14.868  16.938  -14.810 0.0000000000
99122  -14.423  16.887  -14.997 0.0000000000
99113  -14.496  16.955  -14.935 0.0000000000
99793  -14.444  17.083  -14.743 0.0000000000
99799  -18.660  16.954  -14.509 0.0000000000
99116  -18.397  16.996  -14.879 0.0000000000
99115  -14.969  16.819  -14.435 0.0000000000
99106  -15.174  16.623  -14.285 0.0000000000
99787  -15.090  16.979  -14.515 0.0000000000
99114  -14.923  16.894  -14.485 0.0000000000
99101  -18.914  16.963  -13.996 0.0000000000
99109  -18.818  16.934  -14.046 0.0000000000
99108  -15.941  16.860  -14.013 0.0000000000
99097  -16.019  16.801  -14.004 0.0000000000
99781  -15.996  16.954  -14.009 0.0000000000
99107  -15.694  16.755  -14.156 0.0000000000
99786  -18.959  16.978  -13.861 0.0000000000
99780  -19.014  16.985  -13.504 0.0000000000
99100  -17.070  17.010  -13.721 0.0000000000
99090  -17.147  16.800  -13.550 0.0000000000
99099  -16.935  16.960  -13.785 0.0000000000
99098  -16.201  16.735  -13.874 0.0000000000
99775  -19.040  17.042  -13.178 0.0000000000
99086  -19.129  16.950  -13.104 0.0000000000
99093  -19.102  16.964  -13.710 0.0000000000
99092  -17.629  16.667  -13.487 0.0000000000
99083  -18.019  16.983  -13.233 0.0000000000
99091  -17.116  16.916  -13.632 0.0000000000
99765  -18.947  17.048  -12.821 0.0000000000
99076  -19.162  16.905  -12.921 0.0000000000
99764  -18.707  17.029  -12.976 0.0000000000
99085  -18.102  16.528  -13.114 0.0000000000
99074  -18.326  16.736  -13.022 0.0000000000
99763  -18.457  17.005  -13.007 0.0000000000
99084  -17.926  16.692  -13.034 0.0000000000
99755  -18.959  16.866  -12.726 0.0000000000
99065  -19.005  16.640  -12.374 0.0000000000
99075  -18.503  16.744  -12.955 0.0000000000
99754  -18.842  16.969  -12.865 0.0000000000
99064  -18.893  16.601  -12.549 0.0000000000
99166  -14.005  16.634  -17.626 0.0000000000
98453  -14.014  16.257  -17.396 0.0000000000
98459  -13.941  16.261  -17.446 0.0000000000
98458  -13.584  16.319  -17.639 0.0000000000
98457  -13.161  16.399  -17.956 0.0000000000
99171  -13.273  16.737  -18.007 0.0000000000
99179  -13.297  17.022  -17.985 0.0000000000
99178  -13.193  16.719  -18.158 0.0000000000
98456  -11.765  16.062  -17.950 0.0000000000
98451  -11.862  16.281  -17.413 0.0000000000
99176  -11.702  16.493  -18.042 0.0000000000
99161  -14.786  16.587  -17.033 0.0000000000
98449  -14.524  16.283  -17.033 0.0000000000
98455  -14.665  16.186  -17.140 0.0000000000
98454  -14.141  16.028  -17.330 0.0000000000
99159  -11.921  16.803  -17.006 0.0000000000
98446  -11.897  16.458  -17.005 0.0000000000
99156  -15.062  16.761  -16.995 0.0000000000
98444  -14.996  16.578  -16.785 0.0000000000
98450  -14.937  16.637  -17.012 0.0000000000
98447  -12.000  16.032  -17.075 0.0000000000
98442  -12.117  16.280  -16.994 0.0000000000
99151  -15.474  16.663  -16.316 0.0000000000
98441  -15.032  16.232  -16.372 0.0000000000
98445  -15.009  16.453  -16.621 0.0000000000
99149  -12.156  16.832  -16.816 0.0000000000
98437  -12.131  16.378  -16.746 0.0000000000
99144  -15.772  16.627  -16.053 0.0000000000
99143  -15.678  16.589  -16.074 0.0000000000
98434  -15.170  16.264  -16.025 0.0000000000
98438  -12.180  16.054  -16.296 0.0000000000
98431  -12.533  16.371  -15.992 0.0000000000
99137  -16.767  16.737  -15.881 0.0000000000
99136  -16.250  16.751  -15.911 0.0000000000
99135  -16.040  16.621  -15.907 0.0000000000
98425  -16.015  16.326  -15.621 0.0000000000
98436  -15.992  16.560  -15.917 0.0000000000
98435  -15.661  16.527  -15.984 0.0000000000
98432  -12.376  16.577  -15.928 0.0000000000
98421  -12.763  16.370  -15.713 0.0000000000
98429  -17.217  16.253  -15.542 0.0000000000
98428  -17.032  16.413  -15.578 0.0000000000
99140  -17.708  16.725  -15.584 0.0000000000
98427  -16.988  16.358  -15.448 0.0000000000
98426  -16.464  16.400  -15.547 0.0000000000
99125  -13.259  16.495  -15.366 0.0000000000
98422  -12.993  16.218  -15.388 0.0000000000
98409  -13.055  16.159  -15.241 0.0000000000
99130  -18.022  16.701  -15.228 0.0000000000
98416  -17.983  16.475  -15.297 0.0000000000
99120  -13.990  16.700  -14.997 0.0000000000
99119  -13.853  16.662  -15.050 0.0000000000
98410  -13.300  16.301  -15.017 0.0000000000
98403  -13.627  16.317  -15.024 0.0000000000
99112  -14.121  16.677  -14.691 0.0000000000
99111  -14.012  16.736  -14.906 0.0000000000
98404  -13.761  16.523  -14.991 0.0000000000
98398  -13.981  16.529  -14.689 0.0000000000
99124  -18.695  16.523  -14.899 0.0000000000
99123  -18.534  16.795  -14.995 0.0000000000
99117  -18.804  16.765  -14.534 0.0000000000
99105  -14.988  16.520  -14.071 0.0000000000
99104  -14.717  16.616  -14.166 0.0000000000
99103  -14.160  16.618  -14.517 0.0000000000
98399  -14.050  16.482  -14.365 0.0000000000
98391  -14.028  16.323  -14.098 0.0000000000
99110  -19.060  16.693  -14.011 0.0000000000
99118  -19.026  16.763  -14.109 0.0000000000
99096  -15.823  16.725  -14.014 0.0000000000
99095  -15.582  16.546  -14.052 0.0000000000
98394  -15.042  16.520  -14.019 0.0000000000
98383  -15.231  16.578  -14.032 0.0000000000
98393  -14.973  16.476  -14.014 0.0000000000
98392  -14.525  16.374  -14.003 0.0000000000
99102  -19.008  16.819  -13.927 0.0000000000
99089  -16.981  16.649  -13.541 0.0000000000
99088  -16.689  16.696  -13.528 0.0000000000
98386  -16.015  16.180  -13.559 0.0000000000
98371  -16.465  16.192  -13.548 0.0000000000
98385  -15.964  16.500  -13.875 0.0000000000
98384  -15.781  16.553  -13.926 0.0000000000
99094  -19.413  16.585  -13.414 0.0000000000
98376  -19.176  16.459  -13.970 0.0000000000
98375  -17.816  16.119  -13.536 0.0000000000
98357  -18.016  16.374  -13.177 0.0000000000
98374  -17.076  16.314  -13.643 0.0000000000
98373  -17.076  16.337  -13.462 0.0000000000
98372  -16.933  16.292  -13.458 0.0000000000
99087  -19.528  16.671  -12.989 0.0000000000
98359  -18.195  16.224  -13.021 0.0000000000
98358  -18.096  16.230  -13.120 0.0000000000
99066  -19.512  16.974  -12.510 0.0000000000
99077  -19.758  16.697  -12.969 0.0000000000
98340  -18.672  16.028  -12.697 0.0000000000
98339  -18.332  16.193  -13.018 0.0000000000
98452  -13.892  16.093  -17.377 0.0000000000
97665  -13.869  15.988  -17.343 0.0000000000
97670  -13.399  16.011  -17.753 0.0000000000
97669  -13.138  16.005  -17.972 0.0000000000
98463  -13.030  16.310  -17.989 0.0000000000
97668  -11.741  15.934  -17.987 0.0000000000
97663  -11.901  15.991  -17.544 0.0000000000
98461  -11.638  16.009  -18.015 0.0000000000
98448  -14.368  15.996  -17.041 0.0000000000
97661  -14.164  15.990  -17.116 0.0000000000
97667  -14.060  15.954  -17.166 0.0000000000
97666  -14.023  16.025  -17.161 0.0000000000
97658  -11.961  15.994  -17.120 0.0000000000
98443  -14.733  16.356  -16.783 0.0000000000
97657  -14.651  16.080  -16.900 0.0000000000
97662  -14.305  16.043  -16.952 0.0000000000
97659  -12.092  15.878  -17.126 0.0000000000
97655  -12.084  16.015  -17.013 0.0000000000
98440  -15.008  16.216  -16.273 0.0000000000
98439  -14.997  16.361  -16.393 0.0000000000
97653  -14.807  16.120  -16.285 0.0000000000
97650  -12.110  15.977  -16.664 0.0000000000
98433  -15.058  16.137  -16.117 0.0000000000
97648  -15.012  16.066  -15.982 0.0000000000
97654  -14.966  16.075  -16.064 0.0000000000
97651  -12.460  15.987  -16.192 0.0000000000
97646  -12.490  16.003  -15.991 0.0000000000
98424  -15.788  16.401  -15.751 0.0000000000
98423  -15.382  16.421  -15.975 0.0000000000
97643  -15.275  16.085  -15.781 0.0000000000
97649  -15.053  16.015  -15.977 0.0000000000
98420  -12.356  16.360  -15.911 0.0000000000
97640  -12.466  16.115  -15.772 0.0000000000
98415  -17.565  15.988  -15.379 0.0000000000
98414  -17.099  16.051  -15.381 0.0000000000
98430  -17.779  16.159  -15.635 0.0000000000
98413  -17.002  16.073  -15.265 0.0000000000
98412  -16.780  16.009  -15.274 0.0000000000
98411  -16.093  16.021  -15.412 0.0000000000
97631  -16.036  16.005  -15.349 0.0000000000
97645  -16.000  16.052  -15.404 0.0000000000
97644  -15.833  16.153  -15.614 0.0000000000
98408  -12.903  16.036  -15.440 0.0000000000
97641  -12.749  16.011  -15.538 0.0000000000
97636  -17.984  16.005  -15.255 0.0000000000
98417  -18.061  16.244  -15.415 0.0000000000
97635  -17.287  16.004  -15.297 0.0000000000
97634  -17.035  15.932  -15.282 0.0000000000
97633  -16.923  15.959  -15.244 0.0000000000
97632  -16.455  15.965  -15.193 0.0000000000
98402  -13.271  16.015  -15.034 0.0000000000
97629  -13.067  16.001  -15.224 0.0000000000
97628  -12.986  16.013  -15.336 0.0000000000
98397  -13.612  16.267  -14.820 0.0000000000
97625  -13.416  16.135  -14.947 0.0000000000
97624  -13.290  16.011  -14.996 0.0000000000
98390  -13.928  16.357  -14.066 0.0000000000
98389  -13.663  16.278  -14.252 0.0000000000
97621  -13.550  16.023  -14.529 0.0000000000
98382  -14.989  16.393  -13.978 0.0000000000
98381  -14.606  16.327  -13.891 0.0000000000
98380  -14.108  16.340  -13.940 0.0000000000
98379  -13.986  16.466  -13.977 0.0000000000
98378  -13.853  16.121  -13.992 0.0000000000
97618  -13.611  16.015  -14.025 0.0000000000
98370  -15.995  16.156  -13.478 0.0000000000
98369  -15.911  16.110  -13.317 0.0000000000
98368  -15.365  16.341  -13.448 0.0000000000
98367  -15.020  16.404  -13.470 0.0000000000
98366  -14.728  16.368  -13.494 0.0000000000
98365  -14.264  16.409  -13.563 0.0000000000
98364  -14.005  16.360  -13.689 0.0000000000
98363  -13.584  16.272  -13.617 0.0000000000
97615  -13.523  16.008  -13.965 0.0000000000
98388  -19.581  16.015  -13.967 0.0000000000
98387  -19.284  16.451  -13.984 0.0000000000
98377  -19.531  16.118  -13.535 0.0000000000
98356  -17.774  15.976  -13.486 0.0000000000
97612  -17.318  15.993  -13.408 0.0000000000
97611  -17.078  16.031  -13.404 0.0000000000
97610  -16.970  16.015  -13.310 0.0000000000
97609  -16.641  15.997  -13.369 0.0000000000
97608  -16.101  15.997  -13.400 0.0000000000
97607  -15.958  15.995  -13.335 0.0000000000
98355  -15.718  15.876  -13.077 0.0000000000
97594  -15.777  15.886  -13.198 0.0000000000
98354  -15.506  16.001  -13.003 0.0000000000
98353  -15.026  16.106  -13.054 0.0000000000
98352  -14.952  16.254  -13.057 0.0000000000
98351  -14.481  16.333  -13.118 0.0000000000
98350  -13.980  16.350  -13.035 0.0000000000
98349  -13.750  16.345  -13.050 0.0000000000
97606  -13.419  16.053  -13.513 0.0000000000
98362  -13.337  16.161  -13.416 0.0000000000
98348  -13.184  16.295  -13.124 0.0000000000
97605  -13.207  16.092  -13.163 0.0000000000
97602  -18.263  16.031  -13.057 0.0000000000
97601  -18.157  16.002  -13.077 0.0000000000
97600  -18.011  16.005  -13.143 0.0000000000
97599  -17.610  16.012  -13.192 0.0000000000
97593  -15.437  16.008  -12.988 0.0000000000
97592  -15.114  16.043  -13.009 0.0000000000
98338  -15.007  16.110  -12.987 0.0000000000
97579  -15.013  16.000  -12.968 0.0000000000
98337  -14.794  16.302  -12.937 0.0000000000
98336  -14.203  16.342  -12.857 0.0000000000
97583  -18.339  15.981  -12.953 0.0000000000
97578  -14.990  16.152  -12.782 0.0000000000
96838  -13.694  15.921  -17.443 0.0000000000
96842  -13.170  15.699  -17.915 0.0000000000
96841  -13.089  15.647  -17.986 0.0000000000
97674  -13.011  15.981  -18.010 0.0000000000
96840  -11.771  15.614  -17.735 0.0000000000
96844  -11.709  15.635  -18.011 0.0000000000
97672  -11.642  16.021  -17.972 0.0000000000
97660  -14.052  15.882  -17.106 0.0000000000
96834  -13.972  15.635  -17.070 0.0000000000
96839  -13.935  15.810  -17.146 0.0000000000
96836  -12.008  15.627  -17.250 0.0000000000
97664  -12.068  15.871  -17.299 0.0000000000
97656  -14.278  15.961  -16.971 0.0000000000
96832  -14.048  15.724  -16.996 0.0000000000
96835  -14.083  15.802  -17.063 0.0000000000
96833  -12.103  15.619  -17.018 0.0000000000
96837  -12.082  15.608  -17.166 0.0000000000
97652  -14.451  16.030  -16.540 0.0000000000
96827  -14.163  15.772  -16.435 0.0000000000
96829  -12.205  15.638  -16.662 0.0000000000
97647  -14.916  16.022  -16.016 0.0000000000
96823  -14.637  15.862  -15.982 0.0000000000
96828  -14.697  16.012  -16.213 0.0000000000
96826  -12.474  15.713  -16.205 0.0000000000
96825  -12.267  15.880  -16.373 0.0000000000
97642  -15.011  16.034  -15.933 0.0000000000
96818  -14.821  15.797  -15.813 0.0000000000
96824  -14.918  16.020  -15.985 0.0000000000
96821  -12.497  15.843  -16.010 0.0000000000
97630  -15.952  15.995  -15.380 0.0000000000
96805  -15.427  15.830  -15.632 0.0000000000
96820  -15.452  16.055  -15.635 0.0000000000
96819  -15.031  15.852  -15.738 0.0000000000
96816  -12.860  15.921  -15.252 0.0000000000
96815  -12.581  15.939  -15.725 0.0000000000
96811  -17.673  15.776  -15.232 0.0000000000
96812  -17.982  15.722  -15.192 0.0000000000
97637  -18.006  15.958  -15.324 0.0000000000
96810  -17.199  15.817  -15.326 0.0000000000
96809  -17.018  15.793  -15.183 0.0000000000
96808  -16.851  15.794  -15.356 0.0000000000
96807  -16.303  15.734  -15.232 0.0000000000
96806  -15.985  15.686  -15.200 0.0000000000
96803  -13.152  15.732  -15.136 0.0000000000
96802  -12.995  15.901  -15.037 0.0000000000
96791  -13.426  15.844  -14.903 0.0000000000
96790  -13.374  15.837  -15.020 0.0000000000
96786  -13.573  15.996  -14.312 0.0000000000
96782  -13.713  15.825  -14.008 0.0000000000
96778  -13.509  15.968  -13.924 0.0000000000
97598  -17.087  15.940  -13.254 0.0000000000
97597  -17.012  15.906  -13.404 0.0000000000
97596  -16.431  15.891  -13.224 0.0000000000
97595  -15.980  15.868  -13.268 0.0000000000
96774  -13.327  15.973  -13.266 0.0000000000
97591  -13.151  16.017  -13.147 0.0000000000
96771  -18.058  15.894  -13.092 0.0000000000
97582  -18.085  15.974  -12.996 0.0000000000
96770  -17.833  15.810  -13.163 0.0000000000
96769  -17.376  15.779  -13.129 0.0000000000
96768  -17.011  15.680  -13.094 0.0000000000
96767  -16.729  15.729  -13.104 0.0000000000
96766  -16.116  15.548  -13.160 0.0000000000
96765  -15.948  15.730  -13.108 0.0000000000
97581  -15.592  15.858  -12.985 0.0000000000
96764  -15.780  15.733  -13.066 0.0000000000
97580  -15.343  15.940  -12.900 0.0000000000
96746  -15.681  15.708  -12.934 0.0000000000
95916  -11.709  15.201  -18.049 0.0000000000
95912  -11.765  15.128  -17.925 0.0000000000
96843  -11.511  15.797  -18.001 0.0000000000
95915  -11.607  15.294  -18.215 0.0000000000
96847  -11.306  15.930  -18.414 0.0000000000
97671  -11.479  16.000  -18.175 0.0000000000
95914  -13.318  15.071  -17.759 0.0000000000
95913  -13.114  15.327  -18.004 0.0000000000
95918  -13.096  15.260  -18.051 0.0000000000
96846  -13.093  15.635  -18.123 0.0000000000
95908  -11.770  15.022  -17.319 0.0000000000
95911  -13.895  15.394  -16.993 0.0000000000
95910  -13.746  15.269  -17.136 0.0000000000
95909  -12.000  15.293  -17.217 0.0000000000
95905  -12.026  15.222  -17.061 0.0000000000
96831  -13.951  15.469  -16.927 0.0000000000
95907  -13.992  15.214  -17.018 0.0000000000
95900  -12.090  15.204  -16.999 0.0000000000
95903  -14.005  15.347  -16.603 0.0000000000
95902  -14.004  15.223  -16.784 0.0000000000
95901  -12.218  15.023  -16.745 0.0000000000
96830  -12.482  15.388  -16.517 0.0000000000
96822  -14.486  15.590  -15.988 0.0000000000
95899  -13.994  15.120  -16.171 0.0000000000
95897  -12.510  15.070  -16.162 0.0000000000
95893  -12.506  15.226  -16.008 0.0000000000
96817  -14.568  15.591  -15.907 0.0000000000
95896  -14.457  15.452  -15.992 0.0000000000
95895  -14.332  15.242  -16.071 0.0000000000
95887  -12.486  15.348  -15.929 0.0000000000
96804  -15.069  15.620  -15.679 0.0000000000
95892  -14.990  15.379  -15.617 0.0000000000
95891  -14.926  15.307  -15.602 0.0000000000
95890  -14.465  15.351  -15.820 0.0000000000
95888  -12.776  15.419  -15.481 0.0000000000
95878  -12.977  15.160  -15.168 0.0000000000
95884  -17.996  15.389  -15.117 0.0000000000
95872  -18.003  15.286  -14.998 0.0000000000
96798  -17.968  15.833  -15.011 0.0000000000
96813  -18.008  15.871  -15.423 0.0000000000
96797  -17.520  15.975  -15.016 0.0000000000
96796  -17.011  15.842  -14.998 0.0000000000
96795  -17.006  15.584  -15.001 0.0000000000
96794  -16.482  15.726  -15.006 0.0000000000
96793  -16.132  15.576  -14.991 0.0000000000
96792  -15.996  15.458  -15.007 0.0000000000
95883  -16.009  15.265  -15.020 0.0000000000
95882  -15.654  15.258  -15.221 0.0000000000
95881  -15.053  15.249  -15.458 0.0000000000
95879  -13.062  15.332  -15.124 0.0000000000
95863  -13.121  15.277  -14.997 0.0000000000
95871  -17.991  15.384  -14.787 0.0000000000
95870  -17.339  15.431  -14.917 0.0000000000
95869  -16.984  15.506  -14.965 0.0000000000
95868  -16.724  15.360  -14.883 0.0000000000
95867  -16.138  15.316  -14.895 0.0000000000
95866  -15.984  15.218  -14.995 0.0000000000
95864  -13.417  15.417  -14.993 0.0000000000
95853  -13.644  15.336  -14.980 0.0000000000
95849  -13.746  15.408  -14.146 0.0000000000
95850  -13.813  15.183  -14.003 0.0000000000
96783  -13.805  15.367  -14.064 0.0000000000
96779  -13.794  15.430  -13.950 0.0000000000
95846  -13.968  15.062  -14.055 0.0000000000
95842  -13.909  15.089  -13.578 0.0000000000
96775  -13.727  15.571  -13.303 0.0000000000
96753  -18.008  15.706  -13.015 0.0000000000
96752  -17.631  15.822  -12.908 0.0000000000
96751  -17.074  15.721  -12.957 0.0000000000
96750  -16.982  15.591  -12.997 0.0000000000
96749  -16.745  15.571  -12.997 0.0000000000
96748  -16.011  15.723  -13.014 0.0000000000
96747  -15.958  15.655  -12.988 0.0000000000
95824  -17.409  15.380  -12.827 0.0000000000
95825  -17.978  15.237  -12.969 0.0000000000
95823  -17.036  15.386  -12.827 0.0000000000
95822  -16.873  15.390  -12.856 0.0000000000
95821  -16.377  15.350  -12.822 0.0000000000
95820  -15.982  15.331  -12.747 0.0000000000
95819  -15.951  15.416  -12.785 0.0000000000
94882  -13.219  14.998  -17.939 0.0000000000
94886  -13.092  15.012  -18.026 0.0000000000
94885  -13.025  14.989  -18.061 0.0000000000
95917  -13.032  15.325  -18.092 0.0000000000
95922  -12.947  15.083  -18.079 0.0000000000
96845  -12.995  15.690  -18.082 0.0000000000
94884  -11.780  14.961  -18.061 0.0000000000
94881  -11.756  14.994  -18.000 0.0000000000
95920  -11.569  14.980  -18.435 0.0000000000
95919  -11.403  15.269  -18.873 0.0000000000
94880  -13.572  15.007  -17.160 0.0000000000
94883  -13.261  15.033  -17.774 0.0000000000
94878  -11.675  14.985  -17.543 0.0000000000
95906  -13.799  15.150  -17.014 0.0000000000
94876  -13.753  15.020  -17.008 0.0000000000
95904  -11.938  15.045  -17.136 0.0000000000
94874  -11.843  14.988  -17.055 0.0000000000
94873  -13.893  15.077  -16.908 0.0000000000
94877  -13.761  14.990  -17.047 0.0000000000
94875  -11.943  15.007  -16.973 0.0000000000
94871  -12.002  14.977  -16.843 0.0000000000
95898  -13.925  15.097  -16.344 0.0000000000
94869  -14.001  14.995  -16.419 0.0000000000
94872  -12.185  14.950  -16.862 0.0000000000
94868  -12.495  14.949  -16.418 0.0000000000
95894  -13.969  15.010  -16.066 0.0000000000
94865  -12.506  14.982  -16.115 0.0000000000
95889  -14.291  15.149  -15.987 0.0000000000
94867  -14.096  14.979  -15.951 0.0000000000
94866  -13.924  15.017  -15.993 0.0000000000
94860  -12.471  14.993  -15.989 0.0000000000
95880  -14.984  15.080  -15.377 0.0000000000
94864  -14.997  15.016  -15.377 0.0000000000
94863  -14.678  14.966  -15.566 0.0000000000
94862  -14.238  14.997  -15.902 0.0000000000
94861  -12.690  15.015  -15.615 0.0000000000
94854  -12.982  15.019  -15.209 0.0000000000
95885  -18.134  15.286  -15.386 0.0000000000
95865  -15.852  15.155  -15.026 0.0000000000
94859  -15.736  14.985  -15.012 0.0000000000
94858  -15.335  14.915  -15.218 0.0000000000
94857  -15.017  14.986  -15.140 0.0000000000
94855  -13.029  15.059  -15.187 0.0000000000
94840  -13.168  15.004  -15.141 0.0000000000
94847  -18.039  15.094  -14.935 0.0000000000
94846  -18.006  15.099  -14.891 0.0000000000
95873  -18.424  15.187  -15.011 0.0000000000
94835  -18.001  15.050  -14.828 0.0000000000
95859  -17.937  15.039  -14.541 0.0000000000
95858  -17.453  15.141  -14.611 0.0000000000
95857  -17.035  15.075  -14.654 0.0000000000
95856  -16.990  15.161  -14.521 0.0000000000
95855  -16.510  15.167  -14.655 0.0000000000
94845  -16.181  15.055  -14.854 0.0000000000
94844  -16.005  15.040  -14.867 0.0000000000
94843  -15.799  15.015  -14.958 0.0000000000
94841  -13.245  15.015  -15.029 0.0000000000
94828  -13.448  14.999  -14.929 0.0000000000
94834  -17.605  15.014  -14.673 0.0000000000
94833  -17.128  14.940  -14.626 0.0000000000
94832  -16.995  14.998  -14.605 0.0000000000
94831  -16.624  14.993  -14.712 0.0000000000
94829  -13.586  14.994  -14.590 0.0000000000
95854  -13.815  15.105  -14.185 0.0000000000
94825  -13.889  14.968  -14.099 0.0000000000
94820  -13.948  14.945  -13.934 0.0000000000
94814  -13.975  15.149  -13.622 0.0000000000
93987  -13.222  14.623  -17.962 0.0000000000
93990  -13.085  14.799  -17.986 0.0000000000
93988  -11.787  14.597  -17.981 0.0000000000
93991  -11.773  14.629  -18.334 0.0000000000
94888  -11.627  14.985  -18.518 0.0000000000
94879  -13.252  14.979  -17.715 0.0000000000
93984  -13.300  14.484  -17.662 0.0000000000
93986  -11.775  14.576  -17.769 0.0000000000
93981  -13.642  14.630  -17.015 0.0000000000
93985  -13.583  14.474  -17.116 0.0000000000
93983  -11.771  14.605  -17.144 0.0000000000
93979  -13.845  14.685  -16.952 0.0000000000
93982  -13.776  14.980  -17.013 0.0000000000
94870  -11.845  14.854  -16.894 0.0000000000
93980  -11.781  14.584  -16.952 0.0000000000
93974  -13.971  14.522  -16.654 0.0000000000
93977  -12.432  14.738  -16.564 0.0000000000
93976  -12.168  14.518  -16.587 0.0000000000
93975  -11.874  14.566  -16.752 0.0000000000
93970  -13.968  14.678  -16.028 0.0000000000
93973  -12.448  14.561  -16.263 0.0000000000
93967  -14.079  14.642  -16.019 0.0000000000
93971  -14.022  14.657  -15.989 0.0000000000
93969  -12.477  14.830  -15.982 0.0000000000
94856  -14.979  14.975  -15.346 0.0000000000
93962  -14.889  14.680  -15.268 0.0000000000
93968  -14.334  14.891  -15.738 0.0000000000
93966  -12.973  14.986  -15.416 0.0000000000
93965  -12.735  14.730  -15.569 0.0000000000
94842  -15.508  14.886  -15.032 0.0000000000
93950  -15.081  14.698  -15.025 0.0000000000
93964  -15.172  14.703  -15.228 0.0000000000
93963  -15.005  14.519  -15.139 0.0000000000
93961  -13.142  14.853  -15.178 0.0000000000
93960  -13.049  14.727  -15.235 0.0000000000
94836  -18.016  14.992  -14.859 0.0000000000
94848  -18.570  15.091  -14.930 0.0000000000
94830  -16.039  14.985  -14.936 0.0000000000
93933  -16.018  14.772  -14.540 0.0000000000
93952  -15.946  14.961  -14.916 0.0000000000
93951  -15.589  14.776  -14.887 0.0000000000
93948  -13.263  14.934  -15.005 0.0000000000
93947  -13.119  14.669  -15.022 0.0000000000
93939  -17.963  14.718  -14.560 0.0000000000
93940  -18.061  14.800  -14.648 0.0000000000
94837  -18.268  14.996  -14.861 0.0000000000
93938  -17.824  14.860  -14.623 0.0000000000
93937  -17.342  14.907  -14.565 0.0000000000
93936  -17.002  14.835  -14.576 0.0000000000
93935  -16.826  14.763  -14.586 0.0000000000
93934  -16.192  14.587  -14.833 0.0000000000
94824  -13.679  15.003  -14.725 0.0000000000
93931  -13.461  14.664  -14.752 0.0000000000
93921  -13.911  14.700  -14.012 0.0000000000
93920  -13.823  14.632  -14.167 0.0000000000
93916  -13.977  14.701  -13.947 0.0000000000
94821  -14.005  14.990  -13.944 0.0000000000
93128  -11.912  14.168  -18.066 0.0000000000
93133  -11.892  14.171  -18.741 0.0000000000
93995  -11.538  14.663  -18.952 0.0000000000
93124  -11.811  14.191  -17.970 0.0000000000
93122  -11.780  14.167  -17.599 0.0000000000
93121  -13.634  14.026  -17.152 0.0000000000
93119  -11.792  14.014  -17.104 0.0000000000
93117  -11.777  14.159  -16.970 0.0000000000
93978  -13.674  14.514  -16.941 0.0000000000
93118  -13.588  14.097  -16.978 0.0000000000
93113  -11.775  14.284  -16.851 0.0000000000
93116  -13.923  14.036  -16.652 0.0000000000
93115  -13.492  14.105  -16.828 0.0000000000
93114  -11.983  14.150  -16.684 0.0000000000
93110  -12.075  13.988  -16.395 0.0000000000
93972  -12.253  14.302  -16.302 0.0000000000
93112  -13.984  14.102  -16.059 0.0000000000
93111  -12.374  14.100  -16.075 0.0000000000
93107  -12.333  14.247  -16.007 0.0000000000
93109  -14.043  14.200  -16.007 0.0000000000
93108  -13.991  14.256  -16.018 0.0000000000
93103  -12.375  14.334  -15.682 0.0000000000
93105  -14.557  14.320  -15.309 0.0000000000
93104  -14.229  14.197  -15.845 0.0000000000
93097  -12.457  14.327  -15.256 0.0000000000
93959  -12.901  14.643  -15.140 0.0000000000
93949  -15.048  14.326  -14.964 0.0000000000
93101  -14.986  14.272  -15.014 0.0000000000
93100  -14.822  14.224  -15.039 0.0000000000
93098  -12.717  14.416  -14.990 0.0000000000
93088  -12.835  14.321  -14.988 0.0000000000
93946  -13.009  14.526  -15.019 0.0000000000
93932  -15.851  14.662  -14.433 0.0000000000
93093  -15.746  14.316  -14.676 0.0000000000
93092  -15.152  14.184  -14.888 0.0000000000
93091  -14.978  14.188  -14.967 0.0000000000
93089  -12.977  14.375  -14.885 0.0000000000
93073  -13.004  14.255  -14.608 0.0000000000
93930  -13.066  14.496  -14.957 0.0000000000
93080  -18.226  14.091  -14.262 0.0000000000
93079  -18.005  14.310  -14.373 0.0000000000
93941  -18.684  14.530  -14.677 0.0000000000
93953  -18.560  14.990  -14.949 0.0000000000
93064  -17.975  14.065  -14.200 0.0000000000
93927  -17.994  14.407  -14.268 0.0000000000
93926  -17.600  14.524  -14.329 0.0000000000
93925  -17.020  14.495  -14.263 0.0000000000
93924  -16.919  14.464  -14.301 0.0000000000
93923  -16.618  14.441  -14.262 0.0000000000
93922  -16.281  14.303  -14.358 0.0000000000
93078  -16.010  14.113  -14.371 0.0000000000
93077  -16.019  14.306  -14.460 0.0000000000
93076  -15.878  14.083  -14.296 0.0000000000
93074  -13.098  14.190  -14.656 0.0000000000
93055  -13.550  14.153  -14.219 0.0000000000
93063  -17.865  14.035  -14.186 0.0000000000
93062  -17.374  14.068  -14.154 0.0000000000
93061  -17.015  14.060  -14.142 0.0000000000
93060  -16.825  14.013  -14.199 0.0000000000
93059  -16.352  13.984  -14.179 0.0000000000
93056  -13.831  14.252  -14.010 0.0000000000
93049  -13.870  14.152  -13.934 0.0000000000
93050  -14.027  14.251  -13.976 0.0000000000
93917  -14.058  14.852  -13.837 0.0000000000
92294  -11.816  13.994  -18.995 0.0000000000
92295  -11.903  13.879  -18.882 0.0000000000
93134  -11.977  14.033  -18.560 0.0000000000
93137  -11.779  14.250  -19.010 0.0000000000
93129  -11.919  13.999  -18.194 0.0000000000
92290  -12.000  13.826  -18.391 0.0000000000
92288  -12.008  13.889  -18.016 0.0000000000
93125  -11.947  13.958  -18.055 0.0000000000
92287  -11.967  14.005  -18.019 0.0000000000
92284  -11.883  13.949  -17.949 0.0000000000
92281  -11.778  13.839  -17.385 0.0000000000
92278  -11.809  13.871  -17.000 0.0000000000
92276  -13.592  13.985  -16.895 0.0000000000
92279  -13.582  13.977  -16.999 0.0000000000
92274  -11.744  13.993  -16.872 0.0000000000
92273  -13.897  13.961  -16.151 0.0000000000
92277  -13.906  13.877  -16.676 0.0000000000
92275  -11.945  14.012  -16.753 0.0000000000
92272  -12.116  13.900  -16.452 0.0000000000
92270  -13.995  13.946  -15.997 0.0000000000
93106  -12.120  13.999  -15.997 0.0000000000
92269  -12.117  13.907  -16.003 0.0000000000
92268  -14.124  14.011  -15.870 0.0000000000
92271  -14.037  13.994  -16.003 0.0000000000
93102  -12.091  14.010  -15.752 0.0000000000
92266  -12.129  13.791  -15.760 0.0000000000
93099  -14.553  14.065  -15.218 0.0000000000
92263  -14.421  13.999  -15.283 0.0000000000
93096  -12.009  13.942  -15.145 0.0000000000
92262  -11.997  13.904  -15.368 0.0000000000
93090  -14.914  14.173  -14.999 0.0000000000
92258  -14.855  14.003  -14.958 0.0000000000
92264  -14.704  14.032  -15.016 0.0000000000
93087  -12.283  14.180  -14.988 0.0000000000
93086  -12.187  14.030  -15.029 0.0000000000
92256  -11.999  13.901  -14.999 0.0000000000
93075  -15.439  14.015  -14.598 0.0000000000
92248  -15.376  14.000  -14.625 0.0000000000
92260  -15.079  14.001  -14.930 0.0000000000
92259  -14.972  14.094  -14.969 0.0000000000
93072  -12.836  14.208  -14.536 0.0000000000
93071  -12.595  14.216  -14.758 0.0000000000
92257  -12.160  13.969  -14.945 0.0000000000
92245  -12.531  13.963  -14.612 0.0000000000
93065  -18.464  13.999  -14.215 0.0000000000
93081  -18.931  14.121  -14.299 0.0000000000
93058  -16.002  13.992  -14.183 0.0000000000
93057  -15.887  13.934  -14.280 0.0000000000
92226  -15.822  13.970  -14.206 0.0000000000
92249  -15.575  14.021  -14.495 0.0000000000
93054  -13.060  14.016  -14.326 0.0000000000
93053  -12.974  14.060  -14.342 0.0000000000
92246  -12.923  13.944  -14.339 0.0000000000
92222  -13.018  13.980  -14.184 0.0000000000
92234  -18.669  13.917  -14.075 0.0000000000
92233  -18.099  13.938  -14.127 0.0000000000
93066  -18.956  13.960  -14.225 0.0000000000
92232  -17.931  13.919  -14.113 0.0000000000
92231  -17.586  13.940  -14.124 0.0000000000
92230  -17.162  13.978  -14.170 0.0000000000
92229  -16.875  13.961  -14.138 0.0000000000
92228  -16.521  13.930  -14.116 0.0000000000
92227  -16.081  13.870  -14.112 0.0000000000
93048  -13.662  14.020  -14.004 0.0000000000
92224  -13.566  14.013  -13.870 0.0000000000
92223  -13.344  13.954  -14.134 0.0000000000
92203  -13.594  13.927  -13.982 0.0000000000
92204  -13.986  14.004  -13.869 0.0000000000
91429  -11.961  13.342  -18.814 0.0000000000
91428  -11.997  13.607  -19.005 0.0000000000
91433  -11.945  13.504  -19.006 0.0000000000
92299  -11.659  13.993  -18.992 0.0000000000
91424  -12.014  13.409  -18.229 0.0000000000
91422  -12.018  13.448  -17.992 0.0000000000
92285  -12.019  13.862  -17.953 0.0000000000
91419  -12.052  13.532  -17.726 0.0000000000
91418  -11.842  13.599  -17.517 0.0000000000
91414  -11.819  13.420  -17.008 0.0000000000
91410  -11.944  13.557  -16.952 0.0000000000
91406  -13.876  13.513  -16.381 0.0000000000
91409  -13.902  13.389  -16.993 0.0000000000
92280  -13.739  13.905  -16.956 0.0000000000
91408  -12.050  13.513  -16.762 0.0000000000
91407  -11.913  13.836  -16.894 0.0000000000
91404  -13.893  13.527  -15.981 0.0000000000
91405  -12.122  13.530  -16.229 0.0000000000
92267  -13.966  13.824  -15.888 0.0000000000
91400  -13.903  13.547  -15.887 0.0000000000
91403  -12.042  13.561  -16.032 0.0000000000
91396  -14.331  13.571  -15.326 0.0000000000
91401  -13.992  13.538  -15.709 0.0000000000
91399  -12.074  13.574  -15.960 0.0000000000
92265  -12.032  13.876  -15.778 0.0000000000
92261  -11.929  13.849  -15.308 0.0000000000
91398  -11.754  13.450  -15.962 0.0000000000
91392  -14.624  13.579  -14.969 0.0000000000
91397  -14.715  13.893  -15.024 0.0000000000
92255  -11.856  13.879  -14.999 0.0000000000
91395  -11.602  13.464  -15.207 0.0000000000
92247  -15.001  13.957  -14.898 0.0000000000
91387  -14.934  13.581  -14.663 0.0000000000
91393  -14.976  13.725  -15.000 0.0000000000
92244  -12.093  13.893  -14.683 0.0000000000
92243  -11.933  13.994  -14.668 0.0000000000
91390  -11.648  13.595  -15.055 0.0000000000
92254  -11.740  13.790  -14.964 0.0000000000
92242  -11.590  13.831  -14.789 0.0000000000
91389  -11.454  13.483  -15.030 0.0000000000
92225  -15.513  13.778  -14.306 0.0000000000
91388  -15.024  13.844  -14.717 0.0000000000
92221  -12.826  13.913  -14.143 0.0000000000
92220  -12.355  13.881  -14.279 0.0000000000
92219  -12.003  13.910  -14.265 0.0000000000
92213  -18.402  13.941  -14.007 0.0000000000
92214  -18.793  13.863  -14.034 0.0000000000
92235  -18.931  13.827  -14.210 0.0000000000
92212  -18.014  13.892  -14.003 0.0000000000
92211  -17.856  13.979  -13.976 0.0000000000
92210  -17.344  13.951  -14.014 0.0000000000
92209  -17.003  13.991  -14.001 0.0000000000
92208  -16.735  13.988  -13.982 0.0000000000
92207  -16.232  14.007  -13.997 0.0000000000
92206  -16.020  13.795  -13.973 0.0000000000
91375  -16.012  13.717  -14.039 0.0000000000
91374  -15.722  13.420  -14.001 0.0000000000
91373  -15.101  13.193  -14.246 0.0000000000
92202  -13.242  13.882  -14.046 0.0000000000
92201  -12.990  13.880  -14.003 0.0000000000
92200  -12.658  13.899  -13.993 0.0000000000
92199  -12.065  13.894  -14.018 0.0000000000
91362  -18.006  13.705  -13.971 0.0000000000
91363  -18.150  13.772  -13.883 0.0000000000
91361  -17.614  13.745  -14.001 0.0000000000
91360  -16.984  13.725  -13.987 0.0000000000
91359  -16.923  13.589  -13.914 0.0000000000
91358  -16.539  13.555  -13.890 0.0000000000
91357  -16.033  13.512  -13.969 0.0000000000
91356  -15.905  13.458  -13.943 0.0000000000
90622  -11.997  13.015  -18.879 0.0000000000
90619  -11.994  13.007  -18.505 0.0000000000
91434  -12.001  13.139  -18.987 0.0000000000
90616  -12.057  13.077  -18.065 0.0000000000
90613  -12.131  13.198  -17.889 0.0000000000
90611  -12.053  13.212  -17.379 0.0000000000
91415  -11.752  13.188  -17.358 0.0000000000
90610  -11.939  13.115  -17.055 0.0000000000
90606  -11.986  13.256  -16.995 0.0000000000
90607  -12.039  13.179  -17.001 0.0000000000
91411  -12.006  13.369  -16.939 0.0000000000
90604  -12.112  13.043  -16.989 0.0000000000
90602  -12.074  13.028  -16.506 0.0000000000
90603  -13.893  13.077  -16.070 0.0000000000
90605  -13.894  13.012  -16.624 0.0000000000
90600  -12.051  13.028  -16.010 0.0000000000
90601  -13.905  13.209  -15.920 0.0000000000
90599  -11.993  13.025  -16.042 0.0000000000
91402  -11.999  13.320  -15.989 0.0000000000
90596  -11.885  13.008  -15.998 0.0000000000
90598  -14.188  13.176  -15.543 0.0000000000
90597  -13.935  13.264  -15.772 0.0000000000
90594  -11.681  13.019  -15.283 0.0000000000
91391  -14.386  13.438  -15.066 0.0000000000
90595  -14.291  13.087  -15.139 0.0000000000
90593  -11.478  12.964  -15.028 0.0000000000
91394  -11.536  13.247  -15.012 0.0000000000
91386  -14.613  13.400  -14.788 0.0000000000
90592  -14.431  13.064  -14.931 0.0000000000
90591  -14.354  13.141  -14.990 0.0000000000
91372  -14.997  13.323  -14.410 0.0000000000
90589  -14.978  13.024  -14.501 0.0000000000
90588  -14.691  13.206  -14.603 0.0000000000
91355  -15.762  13.328  -13.940 0.0000000000
90579  -15.645  13.206  -13.976 0.0000000000
90578  -15.344  13.004  -14.049 0.0000000000
90577  -15.063  13.010  -14.269 0.0000000000
90565  -18.008  13.248  -13.775 0.0000000000
90564  -18.003  13.227  -13.951 0.0000000000
90563  -17.398  13.277  -13.851 0.0000000000
90562  -17.020  13.220  -13.783 0.0000000000
90561  -16.957  13.066  -13.822 0.0000000000
90560  -16.364  13.152  -13.805 0.0000000000
90559  -15.982  13.196  -13.914 0.0000000000
90558  -15.791  13.225  -13.905 0.0000000000
89811  -12.126  12.985  -18.015 0.0000000000
89808  -12.178  13.010  -17.745 0.0000000000
89805  -12.153  12.985  -17.153 0.0000000000
89803  -12.149  12.985  -17.012 0.0000000000
89801  -12.209  12.989  -16.832 0.0000000000
89799  -12.160  12.942  -16.145 0.0000000000
89796  -13.935  12.981  -15.775 0.0000000000
89800  -13.886  12.880  -15.988 0.0000000000
89798  -12.020  12.848  -15.999 0.0000000000
89795  -11.935  12.819  -16.006 0.0000000000
89794  -14.237  13.005  -15.101 0.0000000000
89797  -14.142  12.992  -15.600 0.0000000000
89793  -11.637  12.973  -15.708 0.0000000000
89790  -14.350  13.006  -15.007 0.0000000000
89792  -11.510  12.991  -15.167 0.0000000000
89787  -14.604  13.003  -14.452 0.0000000000
89791  -14.419  12.973  -14.993 0.0000000000
89780  -15.082  12.924  -14.064 0.0000000000
89788  -14.986  12.984  -14.306 0.0000000000
90557  -15.591  13.086  -13.930 0.0000000000
89765  -15.308  12.999  -13.897 0.0000000000
89781  -15.101  12.997  -14.016 0.0000000000
90548  -17.996  13.012  -13.586 0.0000000000
90547  -17.767  13.057  -13.623 0.0000000000
90546  -17.088  13.062  -13.624 0.0000000000
90545  -16.960  13.046  -13.569 0.0000000000
90544  -16.660  13.024  -13.527 0.0000000000
89749  -16.382  12.996  -13.696 0.0000000000
89768  -16.393  13.002  -13.758 0.0000000000
89767  -16.059  13.030  -13.891 0.0000000000
89766  -15.919  12.983  -13.864 0.0000000000
89032  -12.128  12.539  -17.460 0.0000000000
89035  -12.138  12.511  -17.947 0.0000000000
89030  -12.124  12.572  -17.040 0.0000000000
89028  -12.152  12.546  -16.942 0.0000000000
89026  -12.132  12.520  -16.469 0.0000000000
89024  -12.046  12.455  -16.002 0.0000000000
89023  -12.000  12.488  -16.022 0.0000000000
89019  -14.234  12.604  -15.444 0.0000000000
89022  -13.994  12.878  -15.897 0.0000000000
89021  -13.907  12.489  -15.860 0.0000000000
89020  -11.900  12.483  -15.995 0.0000000000
89015  -14.270  12.551  -15.031 0.0000000000
89018  -11.727  12.506  -15.345 0.0000000000
89012  -14.523  12.621  -14.861 0.0000000000
89016  -14.357  12.833  -14.996 0.0000000000
89779  -14.988  12.854  -14.120 0.0000000000
89007  -14.758  12.421  -14.154 0.0000000000
89764  -15.002  12.959  -13.994 0.0000000000
88997  -15.010  12.471  -13.986 0.0000000000
89008  -15.008  12.605  -14.021 0.0000000000
89748  -16.006  12.963  -13.823 0.0000000000
89747  -15.957  12.779  -13.622 0.0000000000
88978  -15.733  12.438  -13.577 0.0000000000
88999  -15.769  12.803  -13.950 0.0000000000
88998  -15.304  12.559  -13.861 0.0000000000
88268  -12.082  12.068  -17.222 0.0000000000
88270  -12.089  12.102  -17.762 0.0000000000
88266  -12.132  12.014  -16.990 0.0000000000
88264  -12.200  12.063  -16.741 0.0000000000
88262  -12.136  12.077  -16.131 0.0000000000
88260  -11.998  12.117  -15.990 0.0000000000
88259  -11.963  12.063  -16.022 0.0000000000
88258  -13.993  12.271  -15.673 0.0000000000
88256  -11.903  12.063  -15.652 0.0000000000
88255  -14.176  12.057  -15.245 0.0000000000
89011  -14.236  12.214  -14.954 0.0000000000
88252  -14.221  12.030  -14.988 0.0000000000
88249  -14.483  12.022  -14.552 0.0000000000
88248  -14.229  12.006  -14.846 0.0000000000
88245  -14.873  12.147  -13.987 0.0000000000
88244  -14.669  12.051  -14.101 0.0000000000
88977  -15.299  12.202  -13.637 0.0000000000
88238  -14.994  12.185  -13.897 0.0000000000
88237  -14.855  12.071  -13.929 0.0000000000
87505  -14.551  11.969  -14.391 0.0000000000
88236  -14.758  11.990  -13.990 0.0000000000
87501  -14.592  11.971  -14.058 0.0000000000
88221  -15.015  11.986  -13.775 0.0000000000
88220  -14.931  12.000  -13.837 0.0000000000
87497  -14.885  11.838  -13.820 0.0000000000
87496  -14.795  11.922  -13.960 0.0000000000
87484  -14.957  11.892  -13.719 0.0000000000
86753  -14.913  11.348  -13.706 0.0000000000
86752  -14.756  11.455  -13.887 0.0000000000
93067  -19.050  13.993  -14.294 0.0000000000
93082  -19.062  14.061  -14.373 0.0000000000
92236  -19.100  14.005  -14.306 0.0000000000
93942  -18.985  14.419  -14.585 0.0000000000
92250  -19.210  14.006  -14.468 0.0000000000
93083  -19.258  14.013  -14.673 0.0000000000
93943  -19.004  14.368  -14.674 0.0000000000
92251  -19.624  13.989  -14.505 0.0000000000
93084  -19.975  14.066  -14.563 0.0000000000
93095  -19.833  14.060  -14.794 0.0000000000
93094  -19.510  14.357  -14.972 0.0000000000
93956  -19.134  14.686  -14.991 0.0000000000
93957  -19.884  14.909  -14.956 0.0000000000
93944  -20.091  14.457  -14.850 0.0000000000
93136  -11.650  14.086  -19.067 0.0000000000
93999  -11.623  14.610  -18.999 0.0000000000
93998  -11.390  14.568  -19.030 0.0000000000
93954  -18.974  14.841  -14.959 0.0000000000
93955  -19.074  14.801  -14.846 0.0000000000
93945  -20.016  14.717  -14.703 0.0000000000
94849  -18.908  15.049  -14.929 0.0000000000
94850  -19.041  15.009  -14.968 0.0000000000
94851  -19.484  14.989  -14.975 0.0000000000
93958  -20.012  14.979  -14.833 0.0000000000
94852  -19.944  15.015  -14.789 0.0000000000
94853  -19.988  14.904  -14.558 0.0000000000
94892  -11.433  14.974  -18.927 0.0000000000
93994  -11.479  14.846  -19.008 0.0000000000
95874  -18.838  15.310  -15.065 0.0000000000
95875  -18.887  15.193  -15.026 0.0000000000
95876  -19.262  15.151  -14.996 0.0000000000
95877  -19.754  15.014  -14.808 0.0000000000
94838  -20.037  15.012  -14.612 0.0000000000
95861  -20.036  15.168  -14.621 0.0000000000
94839  -20.037  14.959  -14.432 0.0000000000
94887  -11.458  14.988  -18.865 0.0000000000
94891  -11.394  15.001  -19.011 0.0000000000
95862  -20.130  15.183  -14.556 0.0000000000
95851  -19.966  15.297  -14.124 0.0000000000
96785  -20.024  15.617  -14.115 0.0000000000
96789  -19.991  15.559  -14.515 0.0000000000
95860  -19.780  15.237  -14.875 0.0000000000
95852  -20.156  15.187  -14.211 0.0000000000
95886  -18.906  15.504  -15.013 0.0000000000
96800  -19.111  15.849  -14.871 0.0000000000
96799  -19.031  15.833  -15.052 0.0000000000
96801  -19.028  15.596  -14.956 0.0000000000
96788  -19.241  15.871  -14.636 0.0000000000
96814  -18.753  15.857  -15.398 0.0000000000
95923  -11.392  15.292  -18.994 0.0000000000
96850  -11.340  15.811  -18.979 0.0000000000
95926  -11.304  15.150  -19.077 0.0000000000
96853  -11.388  15.637  -19.024 0.0000000000
94895  -11.357  15.004  -19.059 0.0000000000
95925  -11.115  15.148  -19.245 0.0000000000
94894  -11.083  14.966  -19.486 0.0000000000
96852  -11.195  15.591  -19.164 0.0000000000
96781  -19.617  15.572  -14.030 0.0000000000
96784  -19.527  15.910  -14.088 0.0000000000
97620  -19.414  16.003  -14.304 0.0000000000
97623  -19.251  16.034  -14.668 0.0000000000
96787  -19.102  16.016  -14.862 0.0000000000
97622  -19.087  15.997  -14.826 0.0000000000
97626  -19.002  15.939  -14.993 0.0000000000
97639  -19.003  16.006  -15.061 0.0000000000
97627  -19.065  16.015  -14.968 0.0000000000
97638  -18.473  16.000  -15.394 0.0000000000
96849  -12.800  15.811  -18.313 0.0000000000
97673  -13.001  15.966  -18.079 0.0000000000
97677  -12.854  16.013  -18.252 0.0000000000
97675  -11.393  15.979  -18.725 0.0000000000
95921  -12.434  15.038  -18.403 0.0000000000
96848  -12.481  15.662  -18.812 0.0000000000
97676  -12.542  16.019  -18.770 0.0000000000
97678  -11.388  16.010  -18.992 0.0000000000
96856  -10.990  15.766  -19.536 0.0000000000
97682  -11.328  15.995  -19.082 0.0000000000
97681  -11.240  15.919  -19.403 0.0000000000
97616  -19.579  15.938  -13.941 0.0000000000
98396  -19.382  16.176  -14.034 0.0000000000
97619  -19.089  16.056  -14.347 0.0000000000
98395  -19.441  16.539  -14.008 0.0000000000
98401  -19.157  16.348  -14.690 0.0000000000
98407  -18.981  16.092  -14.853 0.0000000000
98406  -18.863  16.069  -14.957 0.0000000000
98419  -18.895  16.025  -15.042 0.0000000000
98418  -18.476  16.142  -15.283 0.0000000000
98460  -11.532  16.322  -18.065 0.0000000000
98464  -11.359  16.224  -18.631 0.0000000000
98462  -12.995  16.456  -18.035 0.0000000000
98465  -12.929  16.246  -18.253 0.0000000000
98466  -11.456  16.148  -18.898 0.0000000000
97679  -12.449  15.987  -18.980 0.0000000000
97680  -12.671  16.017  -18.655 0.0000000000
98468  -12.665  15.998  -18.745 0.0000000000
98469  -11.404  16.242  -19.035 0.0000000000
96851  -12.429  15.524  -18.976 0.0000000000
97684  -12.432  15.970  -19.011 0.0000000000
98467  -12.494  16.276  -18.961 0.0000000000
98471  -12.533  16.004  -19.020 0.0000000000
97685  -11.180  15.973  -19.867 0.0000000000
97686  -11.166  16.011  -19.568 0.0000000000
98472  -11.197  16.020  -19.448 0.0000000000
96855  -12.464  15.719  -18.998 0.0000000000
97683  -12.320  15.947  -19.165 0.0000000000
97689  -11.097  16.030  -19.931 0.0000000000
98476  -11.404  16.090  -20.006 0.0000000000
98360  -19.801  16.203  -13.039 0.0000000000
97603  -19.840  15.940  -13.111 0.0000000000
97613  -19.614  15.995  -13.743 0.0000000000
98400  -18.980  16.366  -14.717 0.0000000000
98405  -18.679  16.218  -15.105 0.0000000000
99131  -18.197  16.645  -15.223 0.0000000000
99175  -11.633  16.838  -17.988 0.0000000000
99180  -11.416  16.694  -18.495 0.0000000000
99177  -13.013  16.892  -18.114 0.0000000000
99181  -12.930  16.918  -18.546 0.0000000000
99183  -11.409  16.646  -18.992 0.0000000000
99185  -12.981  16.759  -18.827 0.0000000000
99186  -11.637  16.786  -19.102 0.0000000000
99184  -12.559  16.972  -19.092 0.0000000000
99188  -12.555  16.685  -19.157 0.0000000000
99189  -11.482  16.644  -19.228 0.0000000000
98470  -12.295  16.010  -19.365 0.0000000000
98474  -12.217  16.244  -19.146 0.0000000000
99192  -12.470  16.455  -19.512 0.0000000000
99193  -11.244  16.361  -19.815 0.0000000000
98473  -12.130  16.088  -19.656 0.0000000000
98342  -19.960  16.204  -12.982 0.0000000000
98341  -19.736  16.478  -13.003 0.0000000000
99078  -19.996  16.418  -12.891 0.0000000000
99067  -19.955  16.728  -12.428 0.0000000000
98326  -20.027  16.201  -12.674 0.0000000000
99858  -11.677  17.005  -18.044 0.0000000000
99863  -11.571  17.015  -18.432 0.0000000000
99182  -13.057  16.775  -18.574 0.0000000000
99860  -13.238  17.053  -18.116 0.0000000000
99866  -13.044  16.961  -18.495 0.0000000000
99867  -11.471  17.000  -18.934 0.0000000000
99865  -12.964  16.970  -18.565 0.0000000000
99870  -12.925  17.000  -18.796 0.0000000000
99872  -11.660  16.913  -19.022 0.0000000000
99869  -12.677  16.994  -19.026 0.0000000000
99875  -12.527  17.054  -19.123 0.0000000000
99190  -11.884  16.984  -19.386 0.0000000000
99187  -11.853  16.993  -19.097 0.0000000000
99873  -11.792  17.119  -19.112 0.0000000000
99877  -11.897  17.033  -19.212 0.0000000000
99879  -12.163  16.991  -19.136 0.0000000000
99194  -11.663  16.587  -19.854 0.0000000000
99195  -12.012  16.492  -19.826 0.0000000000
99191  -12.034  16.744  -19.517 0.0000000000
99878  -11.989  17.071  -19.298 0.0000000000
98477  -11.871  16.118  -19.973 0.0000000000
98478  -11.968  16.035  -19.958 0.0000000000
99864  -11.713  17.097  -18.229 0.0000000000
100540  -11.832  17.303  -18.002 0.0000000000
100537  -13.548  17.019  -18.035 0.0000000000
100536  -13.185  17.028  -18.284 0.0000000000
100542  -13.091  17.012  -18.542 0.0000000000
99868  -11.737  17.131  -18.700 0.0000000000
100544  -11.872  17.346  -18.451 0.0000000000
99871  -12.988  17.008  -18.783 0.0000000000
100547  -12.989  17.285  -18.696 0.0000000000
100548  -11.907  17.426  -18.985 0.0000000000
99876  -12.728  17.000  -18.931 0.0000000000
100546  -13.005  17.117  -19.014 0.0000000000
100551  -12.803  17.150  -19.009 0.0000000000
99874  -12.136  17.188  -19.168 0.0000000000
100549  -12.012  17.438  -19.007 0.0000000000
100550  -12.435  17.392  -19.176 0.0000000000
100541  -12.008  17.426  -18.079 0.0000000000
101179  -12.141  17.596  -17.998 0.0000000000
101180  -12.501  17.913  -18.009 0.0000000000
100543  -13.527  17.446  -18.569 0.0000000000
101182  -13.799  17.626  -18.098 0.0000000000
101183  -14.001  17.822  -18.148 0.0000000000
101184  -14.288  17.902  -18.103 0.0000000000
101186  -12.044  17.759  -18.156 0.0000000000
100545  -12.000  17.618  -18.597 0.0000000000
101188  -13.089  17.605  -18.792 0.0000000000
101189  -13.672  17.993  -18.555 0.0000000000
101191  -11.996  17.876  -18.692 0.0000000000
101193  -12.965  17.670  -19.001 0.0000000000
101194  -13.071  17.926  -18.751 0.0000000000
101196  -12.093  17.907  -19.008 0.0000000000
101197  -12.445  17.895  -19.039 0.0000000000
101198  -12.760  17.629  -19.184 0.0000000000
101784  -12.898  18.214  -17.820 0.0000000000
101181  -12.694  18.027  -18.006 0.0000000000
101185  -14.475  17.980  -18.003 0.0000000000
101786  -14.696  18.029  -17.965 0.0000000000
101787  -14.982  18.018  -17.696 0.0000000000
101187  -12.269  18.006  -18.344 0.0000000000
101788  -12.482  18.014  -18.277 0.0000000000
101789  -12.875  18.203  -18.041 0.0000000000
101190  -13.979  17.927  -18.337 0.0000000000
101790  -14.033  18.012  -18.058 0.0000000000
101791  -14.303  18.093  -18.093 0.0000000000
101792  -14.438  17.998  -18.001 0.0000000000
101793  -12.626  17.997  -18.820 0.0000000000
101192  -12.504  18.028  -18.918 0.0000000000
101195  -13.477  17.990  -18.738 0.0000000000
101795  -13.740  17.992  -18.619 0.0000000000
101796  -14.000  17.997  -18.534 0.0000000000
101798  -12.915  18.021  -18.941 0.0000000000
101799  -12.977  17.999  -18.872 0.0000000000
101800  -13.110  18.032  -18.909 0.0000000000
101801  -13.711  17.997  -18.887 0.0000000000
101785  -12.996  18.112  -17.663 0.0000000000
102383  -13.057  18.154  -17.535 0.0000000000
102389  -13.006  18.322  -17.775 0.0000000000
102386  -14.988  18.342  -17.522 0.0000000000
102393  -14.999  18.213  -17.710 0.0000000000
102388  -12.901  18.336  -17.872 0.0000000000
102394  -13.008  18.398  -17.968 0.0000000000
102392  -14.782  18.340  -18.001 0.0000000000
102399  -14.504  18.064  -18.025 0.0000000000
101794  -12.801  18.239  -18.484 0.0000000000
102400  -13.005  18.501  -18.220 0.0000000000
101797  -14.036  18.073  -18.251 0.0000000000
102398  -14.281  18.415  -18.005 0.0000000000
102403  -14.200  18.271  -18.349 0.0000000000
102404  -13.013  18.307  -18.597 0.0000000000
101802  -13.990  17.997  -18.724 0.0000000000
102402  -14.021  18.424  -18.529 0.0000000000
102407  -13.996  18.132  -18.857 0.0000000000
102405  -12.982  18.379  -18.690 0.0000000000
102406  -13.431  18.207  -19.001 0.0000000000
102390  -13.355  18.585  -17.973 0.0000000000
102958  -13.857  18.839  -17.619 0.0000000000
102959  -14.008  18.780  -17.426 0.0000000000
102962  -14.996  18.691  -17.328 0.0000000000
102963  -15.005  18.782  -17.324 0.0000000000
102395  -13.139  18.510  -18.019 0.0000000000
102964  -13.846  18.866  -17.912 0.0000000000
102396  -13.574  18.692  -17.986 0.0000000000
102391  -14.391  18.842  -18.009 0.0000000000
102966  -14.228  18.987  -17.896 0.0000000000
102967  -14.995  18.809  -17.575 0.0000000000
102968  -14.981  18.651  -17.543 0.0000000000
102401  -13.028  18.633  -18.053 0.0000000000
102969  -13.453  18.570  -18.050 0.0000000000
102973  -13.377  18.568  -18.145 0.0000000000
102970  -13.624  18.609  -18.007 0.0000000000
102972  -14.181  18.904  -18.036 0.0000000000
102397  -14.077  18.589  -18.220 0.0000000000
102976  -13.009  18.740  -18.346 0.0000000000
102971  -14.028  18.817  -18.029 0.0000000000
102975  -13.998  18.771  -18.681 0.0000000000
102977  -13.341  18.783  -18.831 0.0000000000
102978  -13.835  18.676  -18.925 0.0000000000
102960  -14.079  19.000  -17.327 0.0000000000
102961  -14.802  19.012  -17.284 0.0000000000
102965  -14.018  18.882  -17.844 0.0000000000
102974  -13.551  18.965  -18.157 0.0000000000
97687  -12.038  15.988  -19.719 0.0000000000
97604  -19.898  15.863  -13.003 0.0000000000
98361  -19.908  15.979  -12.983 0.0000000000
97571  -20.002  16.033  -12.911 0.0000000000
97585  -19.952  15.967  -12.959 0.0000000000
96854  -12.186  15.910  -19.236 0.0000000000
96780  -19.595  15.939  -13.990 0.0000000000
97617  -19.654  15.947  -13.892 0.0000000000
97614  -19.776  15.885  -13.773 0.0000000000
96776  -19.909  15.611  -13.568 0.0000000000
96772  -19.968  15.794  -13.010 0.0000000000
95847  -19.951  15.089  -13.979 0.0000000000
93997  -11.193  14.975  -19.151 0.0000000000
