#!ascii label  , from subject  vox2ras=TkReg
127
4517  -25.648  13.492  9.825 0.0000000000
4516  -25.046  13.474  10.087 0.0000000000
4506  -25.496  13.797  10.160 0.0000000000
4507  -25.930  13.713  10.056 0.0000000000
4518  -26.043  13.516  9.878 0.0000000000
4525  -25.325  13.275  9.540 0.0000000000
4526  -25.826  13.285  9.403 0.0000000000
4508  -26.389  13.654  10.125 0.0000000000
4519  -26.598  13.291  9.944 0.0000000000
4527  -26.255  13.291  9.459 0.0000000000
4509  -26.870  13.459  10.195 0.0000000000
4094  -26.888  12.857  10.251 0.0000000000
4106  -26.957  12.957  10.057 0.0000000000
4528  -26.657  13.136  9.615 0.0000000000
4114  -25.464  12.882  8.906 0.0000000000
4113  -24.778  13.013  9.346 0.0000000000
4524  -24.968  13.280  9.694 0.0000000000
4115  -26.009  13.108  8.900 0.0000000000
4534  -25.890  13.281  9.018 0.0000000000
4116  -26.431  13.029  9.234 0.0000000000
4535  -26.174  13.168  9.140 0.0000000000
4117  -26.765  12.935  9.587 0.0000000000
4122  -26.076  13.187  8.997 0.0000000000
4123  -26.170  13.120  9.025 0.0000000000
4104  -24.666  13.223  9.771 0.0000000000
4515  -24.880  13.358  9.921 0.0000000000
4505  -24.867  13.580  10.206 0.0000000000
4092  -24.704  13.335  9.981 0.0000000000
4510  -27.186  13.226  10.398 0.0000000000
4905  -26.719  13.925  10.320 0.0000000000
4906  -27.144  13.684  10.472 0.0000000000
4904  -26.194  13.969  10.217 0.0000000000
4903  -25.728  13.935  10.304 0.0000000000
4902  -25.247  13.833  10.415 0.0000000000
4091  -24.329  13.168  9.903 0.0000000000
4504  -24.329  13.367  10.285 0.0000000000
4495  -24.454  13.675  10.669 0.0000000000
4496  -25.015  13.851  10.630 0.0000000000
4901  -25.043  13.862  10.445 0.0000000000
4503  -24.048  13.107  10.115 0.0000000000
4494  -23.881  13.308  10.525 0.0000000000
4090  -23.922  13.072  10.115 0.0000000000
4891  -24.996  13.975  10.880 0.0000000000
4485  -23.982  13.650  10.957 0.0000000000
4486  -24.277  13.772  10.997 0.0000000000
4890  -24.516  13.853  11.018 0.0000000000
4080  -23.579  13.142  10.439 0.0000000000
4493  -23.499  13.241  10.683 0.0000000000
4484  -23.373  13.448  11.119 0.0000000000
4079  -23.209  13.105  10.669 0.0000000000
4881  -24.244  13.873  11.270 0.0000000000
4880  -23.783  13.773  11.390 0.0000000000
4105  -26.593  12.761  9.504 0.0000000000
3691  -26.194  12.594  9.017 0.0000000000
3690  -25.680  12.836  8.776 0.0000000000
3689  -25.088  12.866  8.993 0.0000000000
3688  -24.726  12.748  8.966 0.0000000000
3687  -24.318  12.680  9.028 0.0000000000
4112  -24.097  12.771  9.412 0.0000000000
4103  -24.279  13.020  9.746 0.0000000000
3686  -23.839  12.521  9.077 0.0000000000
4111  -23.520  12.686  9.419 0.0000000000
4102  -23.754  12.832  9.813 0.0000000000
4093  -26.625  12.683  9.862 0.0000000000
3676  -26.354  12.419  9.547 0.0000000000
4101  -23.195  12.700  9.811 0.0000000000
4089  -23.450  12.925  10.223 0.0000000000
4082  -26.802  12.788  10.841 0.0000000000
3648  -26.727  12.500  10.472 0.0000000000
3661  -26.716  12.550  10.295 0.0000000000
3660  -26.513  12.386  10.144 0.0000000000
4083  -27.154  12.974  10.599 0.0000000000
4095  -27.126  12.972  10.385 0.0000000000
4088  -22.996  12.819  10.326 0.0000000000
4497  -27.045  13.086  10.851 0.0000000000
4498  -27.462  13.413  10.819 0.0000000000
4078  -23.015  13.105  10.833 0.0000000000
4070  -22.919  13.186  10.985 0.0000000000
3295  -26.228  12.038  9.066 0.0000000000
3703  -26.113  12.187  8.816 0.0000000000
3702  -25.836  12.356  8.555 0.0000000000
3701  -25.321  12.558  8.523 0.0000000000
3700  -24.872  12.588  8.603 0.0000000000
3699  -24.426  12.517  8.666 0.0000000000
3698  -23.994  12.382  8.751 0.0000000000
3280  -26.224  11.992  9.670 0.0000000000
3647  -26.412  12.277  10.764 0.0000000000
3268  -26.199  11.937  10.246 0.0000000000
3294  -25.950  11.685  9.255 0.0000000000
3307  -25.990  11.915  8.703 0.0000000000
3308  -26.143  12.036  8.846 0.0000000000
3279  -26.013  11.742  9.794 0.0000000000
3710  -24.080  12.281  8.329 0.0000000000
3711  -24.551  12.354  8.287 0.0000000000
3712  -25.002  12.359  8.190 0.0000000000
3713  -25.459  12.214  8.097 0.0000000000
3714  -25.842  12.002  8.198 0.0000000000
3719  -24.269  12.256  8.014 0.0000000000
3720  -24.640  12.241  7.928 0.0000000000
3721  -25.086  12.168  7.837 0.0000000000
4882  -24.713  14.066  11.234 0.0000000000
4883  -25.157  14.000  10.863 0.0000000000
4892  -25.200  13.933  10.713 0.0000000000
5343  -25.525  14.373  11.114 0.0000000000
5353  -25.553  13.925  10.797 0.0000000000
4893  -25.691  13.929  10.454 0.0000000000
5354  -25.922  14.271  10.829 0.0000000000
5364  -25.830  14.029  10.343 0.0000000000
5365  -26.042  14.225  10.477 0.0000000000
5366  -26.406  14.235  10.430 0.0000000000
4894  -27.041  13.863  10.280 0.0000000000
5356  -26.796  14.368  10.652 0.0000000000
4895  -27.386  13.996  10.693 0.0000000000
5344  -25.832  14.374  10.895 0.0000000000
5355  -26.277  14.463  10.793 0.0000000000
5345  -26.099  14.761  11.028 0.0000000000
5830  -26.305  14.659  11.030 0.0000000000
5831  -26.655  14.716  10.944 0.0000000000
5357  -27.225  14.367  10.716 0.0000000000
5832  -27.115  14.697  10.966 0.0000000000
5358  -27.541  14.332  10.789 0.0000000000
5833  -27.406  14.622  10.857 0.0000000000
5347  -27.693  14.353  11.025 0.0000000000
4896  -27.649  13.977  10.907 0.0000000000
5825  -27.734  14.773  11.097 0.0000000000
5824  -27.391  14.688  11.189 0.0000000000
5342  -25.058  14.263  11.306 0.0000000000
