#!ascii label  , from subject  vox2ras=TkReg
87
34678  -21.255  26.649  27.524 0.0000000000
32880  -21.035  26.291  27.125 0.0000000000
32879  -20.922  26.231  27.318 0.0000000000
34677  -20.778  26.610  27.734 0.0000000000
34697  -21.168  26.385  27.015 0.0000000000
34649  -21.017  26.883  28.031 0.0000000000
34650  -21.392  26.932  28.022 0.0000000000
34679  -21.772  26.838  27.536 0.0000000000
34698  -21.616  26.580  27.189 0.0000000000
34651  -21.921  27.105  28.060 0.0000000000
34680  -22.086  26.943  27.442 0.0000000000
34699  -22.194  26.825  27.036 0.0000000000
32904  -21.214  26.144  26.996 0.0000000000
32905  -21.841  26.342  26.747 0.0000000000
32878  -20.461  26.307  27.547 0.0000000000
34676  -20.287  26.718  27.889 0.0000000000
34648  -20.552  26.889  28.084 0.0000000000
32877  -20.047  26.425  27.666 0.0000000000
34675  -19.894  26.883  27.983 0.0000000000
34647  -20.056  26.990  28.152 0.0000000000
32876  -19.958  26.634  27.807 0.0000000000
34674  -19.543  26.986  27.775 0.0000000000
36354  -19.852  27.275  28.119 0.0000000000
36366  -19.684  27.360  27.912 0.0000000000
32875  -19.328  26.589  27.593 0.0000000000
34673  -18.997  26.922  27.599 0.0000000000
36365  -19.265  27.425  27.734 0.0000000000
32901  -19.011  26.386  27.291 0.0000000000
34696  -18.751  26.720  27.290 0.0000000000
34672  -18.725  27.013  27.379 0.0000000000
36364  -18.830  27.491  27.518 0.0000000000
34695  -18.465  26.921  27.148 0.0000000000
36363  -18.628  27.335  27.301 0.0000000000
34622  -20.895  27.312  27.975 0.0000000000
34623  -21.495  27.197  28.317 0.0000000000
34621  -20.795  27.185  28.365 0.0000000000
34620  -20.271  27.050  28.206 0.0000000000
36332  -19.986  27.401  28.368 0.0000000000
31108  -21.399  26.053  26.856 0.0000000000
31130  -21.812  25.915  26.405 0.0000000000
32924  -22.005  26.164  26.364 0.0000000000
32925  -22.256  26.342  26.345 0.0000000000
32906  -21.960  26.510  26.897 0.0000000000
31107  -21.220  25.809  26.934 0.0000000000
32903  -20.996  25.991  27.122 0.0000000000
31106  -20.667  25.830  27.100 0.0000000000
31102  -18.846  25.950  26.977 0.0000000000
32900  -18.687  26.371  27.066 0.0000000000
31103  -19.319  25.929  27.133 0.0000000000
32902  -19.413  26.287  27.412 0.0000000000
31101  -18.928  26.231  27.068 0.0000000000
31126  -18.814  25.880  26.859 0.0000000000
32923  -18.260  26.467  26.728 0.0000000000
31084  -20.504  25.993  27.260 0.0000000000
31083  -19.877  26.033  27.364 0.0000000000
31082  -19.818  26.092  27.366 0.0000000000
31081  -19.622  26.164  27.376 0.0000000000
31129  -21.309  25.762  26.726 0.0000000000
29384  -20.678  25.610  26.914 0.0000000000
29407  -21.236  25.431  26.822 0.0000000000
29383  -20.292  25.570  26.891 0.0000000000
31105  -20.269  25.715  27.095 0.0000000000
29382  -19.852  25.383  26.810 0.0000000000
31104  -19.874  25.726  27.118 0.0000000000
29381  -19.527  25.521  26.885 0.0000000000
29380  -18.987  25.894  26.989 0.0000000000
31128  -18.839  25.895  26.963 0.0000000000
31127  -18.807  25.802  26.733 0.0000000000
29406  -20.516  25.261  26.763 0.0000000000
34711  -22.353  26.737  26.665 0.0000000000
31131  -22.121  26.041  26.174 0.0000000000
31147  -22.239  25.962  26.017 0.0000000000
32936  -22.235  26.160  26.076 0.0000000000
32937  -22.614  26.344  25.970 0.0000000000
32926  -22.596  26.543  26.199 0.0000000000
34712  -22.674  26.729  26.423 0.0000000000
34726  -22.992  26.849  25.868 0.0000000000
34710  -18.165  27.077  26.823 0.0000000000
36377  -18.434  27.542  27.156 0.0000000000
38105  -19.777  27.743  28.105 0.0000000000
36378  -18.652  27.730  27.325 0.0000000000
38116  -19.055  27.922  27.678 0.0000000000
38115  -18.742  28.006  27.357 0.0000000000
38117  -19.506  27.797  27.772 0.0000000000
36392  -18.200  27.566  26.899 0.0000000000
38131  -18.720  27.901  27.163 0.0000000000
38130  -18.360  27.972  27.095 0.0000000000
