#!ascii label  , from subject  vox2ras=TkReg
799
45392  -24.927  -5.012  -4.767 0.0000000000
44459  -25.109  -5.215  -4.591 0.0000000000
44458  -24.950  -5.491  -4.514 0.0000000000
45393  -24.986  -5.004  -4.713 0.0000000000
44475  -24.703  -5.454  -4.995 0.0000000000
45410  -24.783  -4.960  -5.000 0.0000000000
46324  -25.028  -4.912  -4.965 0.0000000000
46323  -24.904  -4.837  -4.857 0.0000000000
45372  -25.136  -5.127  -4.448 0.0000000000
46304  -25.098  -4.985  -4.493 0.0000000000
45409  -24.719  -5.097  -5.026 0.0000000000
46342  -24.909  -4.731  -5.007 0.0000000000
45417  -24.567  -5.034  -5.399 0.0000000000
45418  -24.733  -5.009  -5.264 0.0000000000
44481  -24.431  -5.536  -5.278 0.0000000000
44490  -24.409  -5.559  -5.952 0.0000000000
45426  -24.329  -5.073  -5.957 0.0000000000
46354  -24.471  -4.992  -5.673 0.0000000000
46355  -24.783  -4.852  -5.275 0.0000000000
44500  -24.407  -5.149  -6.011 0.0000000000
45436  -24.418  -4.992  -6.011 0.0000000000
46362  -24.346  -4.867  -5.987 0.0000000000
45435  -24.310  -5.090  -6.141 0.0000000000
46371  -24.395  -4.806  -6.047 0.0000000000
45444  -24.263  -5.099  -6.277 0.0000000000
45445  -24.391  -4.995  -6.267 0.0000000000
44499  -24.117  -5.428  -5.996 0.0000000000
44508  -24.075  -5.499  -6.567 0.0000000000
45454  -24.023  -5.084  -6.826 0.0000000000
46379  -24.137  -5.013  -6.751 0.0000000000
46380  -24.515  -4.865  -6.485 0.0000000000
44526  -24.044  -5.458  -7.002 0.0000000000
45470  -24.038  -5.030  -7.001 0.0000000000
46388  -24.081  -4.940  -6.967 0.0000000000
44544  -24.225  -5.417  -6.993 0.0000000000
45486  -24.002  -5.019  -7.204 0.0000000000
46396  -24.057  -4.995  -7.078 0.0000000000
44556  -24.082  -5.496  -7.525 0.0000000000
45500  -24.107  -5.069  -7.902 0.0000000000
46410  -24.057  -4.998  -7.650 0.0000000000
44568  -24.038  -5.551  -7.986 0.0000000000
45515  -24.042  -5.179  -8.092 0.0000000000
46424  -24.065  -4.994  -8.015 0.0000000000
44576  -23.969  -5.385  -8.018 0.0000000000
44575  -23.916  -5.471  -8.044 0.0000000000
45514  -23.997  -5.049  -8.218 0.0000000000
46439  -24.039  -4.888  -8.173 0.0000000000
46438  -23.941  -4.971  -8.220 0.0000000000
46285  -25.130  -4.993  -3.967 0.0000000000
45354  -25.151  -5.112  -4.182 0.0000000000
47243  -25.346  -4.547  -4.136 0.0000000000
47265  -25.166  -4.430  -4.887 0.0000000000
46343  -24.983  -4.709  -4.919 0.0000000000
47286  -25.043  -4.471  -5.085 0.0000000000
47285  -24.996  -4.462  -5.150 0.0000000000
47298  -24.987  -4.306  -5.444 0.0000000000
46363  -24.451  -4.982  -5.827 0.0000000000
47307  -24.564  -4.432  -5.871 0.0000000000
47306  -24.515  -4.298  -6.007 0.0000000000
47315  -24.524  -4.273  -6.193 0.0000000000
46389  -24.215  -4.744  -6.980 0.0000000000
47321  -24.520  -4.378  -6.955 0.0000000000
47330  -24.315  -4.419  -6.995 0.0000000000
47329  -24.143  -4.594  -7.031 0.0000000000
47338  -24.074  -4.581  -7.401 0.0000000000
47347  -24.077  -4.620  -7.999 0.0000000000
47362  -24.306  -4.762  -8.002 0.0000000000
46455  -23.819  -4.755  -8.524 0.0000000000
47379  -24.187  -4.310  -8.285 0.0000000000
46456  -24.055  -4.607  -8.476 0.0000000000
47218  -25.177  -4.419  -3.959 0.0000000000
47219  -25.316  -4.211  -4.011 0.0000000000
47244  -25.473  -4.169  -4.421 0.0000000000
48129  -25.343  -4.011  -4.041 0.0000000000
48157  -25.382  -4.017  -4.325 0.0000000000
47266  -25.306  -4.033  -4.729 0.0000000000
48180  -25.225  -3.996  -4.992 0.0000000000
48197  -25.147  -4.082  -5.080 0.0000000000
48181  -25.560  -4.014  -4.702 0.0000000000
47299  -25.029  -4.330  -5.293 0.0000000000
48210  -25.060  -4.086  -5.440 0.0000000000
48209  -24.996  -4.015  -5.524 0.0000000000
48218  -24.757  -4.023  -5.894 0.0000000000
48217  -24.620  -4.010  -5.984 0.0000000000
48228  -24.589  -3.969  -6.036 0.0000000000
48238  -24.439  -3.991  -6.511 0.0000000000
48246  -24.377  -4.024  -6.909 0.0000000000
47339  -24.357  -4.306  -7.209 0.0000000000
48253  -24.425  -4.049  -7.047 0.0000000000
47348  -24.419  -4.239  -7.724 0.0000000000
48259  -24.424  -4.002  -7.364 0.0000000000
47363  -24.325  -4.170  -7.985 0.0000000000
48266  -24.455  -3.985  -7.945 0.0000000000
47380  -24.453  -4.395  -7.993 0.0000000000
48128  -25.197  -4.010  -4.010 0.0000000000
48156  -25.168  -3.981  -4.139 0.0000000000
49091  -25.183  -3.781  -4.331 0.0000000000
49092  -25.539  -3.974  -4.270 0.0000000000
49116  -25.194  -3.783  -4.825 0.0000000000
49117  -25.574  -3.898  -4.492 0.0000000000
49134  -25.141  -3.725  -5.221 0.0000000000
49149  -25.163  -3.704  -5.657 0.0000000000
48219  -24.973  -3.958  -5.779 0.0000000000
48229  -24.733  -4.025  -6.003 0.0000000000
49156  -24.850  -3.744  -5.930 0.0000000000
49157  -25.007  -3.663  -5.867 0.0000000000
49164  -24.606  -3.908  -6.156 0.0000000000
49165  -24.802  -3.604  -5.923 0.0000000000
49173  -24.450  -3.841  -6.663 0.0000000000
49181  -24.425  -3.872  -7.009 0.0000000000
49190  -24.481  -3.936  -7.072 0.0000000000
49198  -24.434  -3.760  -7.501 0.0000000000
49067  -25.016  -3.886  -3.998 0.0000000000
49090  -25.096  -3.636  -4.147 0.0000000000
49066  -24.968  -3.661  -3.973 0.0000000000
49988  -25.018  -3.392  -4.483 0.0000000000
50013  -25.098  -3.347  -4.766 0.0000000000
50029  -25.166  -3.334  -5.010 0.0000000000
50043  -25.199  -3.288  -5.374 0.0000000000
50052  -25.018  -3.292  -5.822 0.0000000000
50051  -24.871  -3.202  -5.926 0.0000000000
50061  -24.825  -3.189  -5.997 0.0000000000
49174  -24.794  -3.900  -6.469 0.0000000000
50074  -24.740  -3.345  -6.487 0.0000000000
50073  -24.432  -3.668  -6.680 0.0000000000
50090  -24.479  -3.435  -6.974 0.0000000000
50107  -24.538  -3.355  -7.138 0.0000000000
49987  -24.985  -3.307  -4.187 0.0000000000
50012  -24.993  -3.076  -4.751 0.0000000000
50919  -24.963  -3.021  -4.687 0.0000000000
50945  -24.918  -2.937  -4.976 0.0000000000
50946  -25.019  -3.165  -4.999 0.0000000000
50966  -24.988  -3.075  -4.989 0.0000000000
50979  -24.972  -3.004  -5.302 0.0000000000
50991  -24.894  -3.010  -5.982 0.0000000000
50992  -24.848  -2.989  -5.718 0.0000000000
51008  -24.816  -2.986  -6.171 0.0000000000
51025  -24.784  -3.016  -6.580 0.0000000000
50091  -24.662  -3.079  -6.989 0.0000000000
50918  -24.678  -2.994  -4.613 0.0000000000
50944  -24.426  -2.893  -4.688 0.0000000000
51853  -24.565  -2.677  -4.855 0.0000000000
50965  -24.980  -2.975  -5.134 0.0000000000
51874  -24.735  -2.895  -4.975 0.0000000000
50978  -24.964  -2.979  -5.663 0.0000000000
51894  -24.929  -2.860  -5.433 0.0000000000
51910  -24.948  -2.880  -5.903 0.0000000000
51923  -24.780  -2.829  -6.030 0.0000000000
51930  -24.794  -2.800  -6.538 0.0000000000
51042  -24.796  -2.928  -6.925 0.0000000000
51852  -24.221  -2.702  -4.821 0.0000000000
51873  -24.347  -2.542  -4.981 0.0000000000
51872  -23.984  -2.529  -5.002 0.0000000000
52780  -24.032  -2.313  -5.065 0.0000000000
52781  -24.225  -2.323  -5.001 0.0000000000
51893  -24.705  -2.681  -5.001 0.0000000000
52797  -24.440  -2.212  -5.368 0.0000000000
52798  -24.948  -2.592  -5.931 0.0000000000
52808  -24.716  -2.315  -5.994 0.0000000000
52816  -24.719  -2.271  -6.156 0.0000000000
52779  -23.875  -2.466  -5.115 0.0000000000
52796  -24.016  -2.184  -5.465 0.0000000000
52795  -23.942  -2.308  -5.416 0.0000000000
52806  -24.026  -2.039  -5.830 0.0000000000
52807  -24.241  -2.031  -5.856 0.0000000000
52778  -23.600  -2.432  -5.011 0.0000000000
51871  -23.848  -2.383  -4.992 0.0000000000
51851  -23.981  -2.771  -4.745 0.0000000000
51870  -23.386  -2.483  -4.990 0.0000000000
51850  -23.628  -2.704  -4.817 0.0000000000
50943  -24.072  -2.994  -4.697 0.0000000000
50942  -23.911  -2.871  -4.660 0.0000000000
51849  -23.121  -2.737  -4.815 0.0000000000
50941  -23.377  -2.939  -4.676 0.0000000000
51848  -23.016  -2.845  -4.910 0.0000000000
50940  -22.991  -2.944  -4.785 0.0000000000
51869  -23.000  -2.746  -4.999 0.0000000000
50917  -24.046  -3.023  -4.495 0.0000000000
50916  -24.001  -3.014  -4.601 0.0000000000
50011  -23.748  -3.007  -4.681 0.0000000000
50010  -23.208  -3.003  -4.749 0.0000000000
50939  -22.814  -2.993  -4.877 0.0000000000
50009  -23.000  -3.211  -4.729 0.0000000000
50964  -22.919  -2.897  -4.926 0.0000000000
50938  -22.475  -2.842  -5.000 0.0000000000
50008  -22.730  -3.110  -4.789 0.0000000000
50963  -22.741  -2.926  -4.988 0.0000000000
50937  -22.010  -2.956  -4.957 0.0000000000
50007  -22.065  -3.098  -4.835 0.0000000000
50962  -22.233  -2.981  -5.024 0.0000000000
50006  -21.943  -3.138  -4.989 0.0000000000
50028  -21.906  -3.033  -5.042 0.0000000000
50961  -22.070  -2.964  -5.013 0.0000000000
49986  -24.254  -3.272  -4.254 0.0000000000
49985  -23.999  -3.343  -4.285 0.0000000000
49984  -23.745  -3.150  -4.407 0.0000000000
49983  -23.060  -3.297  -4.646 0.0000000000
49115  -22.963  -3.622  -4.543 0.0000000000
49086  -23.052  -3.725  -4.438 0.0000000000
49982  -22.988  -3.367  -4.645 0.0000000000
49114  -22.845  -3.628  -4.637 0.0000000000
49113  -22.369  -3.594  -4.707 0.0000000000
49112  -22.017  -3.611  -4.758 0.0000000000
50005  -21.487  -3.188  -4.787 0.0000000000
49111  -21.816  -3.562  -4.691 0.0000000000
50027  -21.705  -3.194  -5.027 0.0000000000
50004  -21.031  -3.267  -4.962 0.0000000000
49110  -21.283  -3.617  -4.822 0.0000000000
50026  -21.131  -3.496  -5.010 0.0000000000
49974  -24.563  -3.499  -4.003 0.0000000000
49973  -24.061  -3.597  -4.106 0.0000000000
49089  -24.014  -3.729  -4.098 0.0000000000
49064  -23.993  -3.767  -4.010 0.0000000000
49972  -24.002  -3.523  -4.093 0.0000000000
49088  -23.962  -3.717  -4.161 0.0000000000
49087  -23.316  -3.750  -4.424 0.0000000000
49065  -24.130  -3.666  -3.976 0.0000000000
49085  -22.985  -3.893  -4.394 0.0000000000
49084  -22.482  -3.927  -4.411 0.0000000000
48179  -22.096  -3.886  -4.598 0.0000000000
48178  -22.019  -3.987  -4.635 0.0000000000
48177  -21.665  -3.897  -4.725 0.0000000000
49109  -20.953  -3.782  -4.803 0.0000000000
48176  -21.099  -3.990  -4.752 0.0000000000
49133  -20.981  -3.670  -4.925 0.0000000000
49108  -20.669  -3.821  -4.841 0.0000000000
48175  -20.829  -4.000  -4.730 0.0000000000
49132  -20.916  -3.654  -4.983 0.0000000000
49063  -23.997  -3.897  -4.001 0.0000000000
48155  -23.699  -4.020  -4.115 0.0000000000
48126  -23.879  -3.907  -4.028 0.0000000000
48154  -23.168  -3.999  -4.272 0.0000000000
48153  -23.039  -3.985  -4.361 0.0000000000
48152  -22.779  -3.995  -4.395 0.0000000000
48151  -22.293  -4.039  -4.566 0.0000000000
49049  -25.029  -3.937  -3.945 0.0000000000
48113  -25.050  -3.997  -3.948 0.0000000000
49048  -25.018  -3.835  -3.743 0.0000000000
49047  -24.485  -3.685  -3.762 0.0000000000
49046  -24.009  -3.550  -3.861 0.0000000000
48127  -23.989  -3.854  -3.899 0.0000000000
48110  -24.011  -3.843  -3.709 0.0000000000
48112  -24.995  -3.991  -3.821 0.0000000000
48111  -24.537  -3.895  -3.693 0.0000000000
48150  -21.984  -4.093  -4.507 0.0000000000
48149  -21.654  -3.988  -4.642 0.0000000000
47264  -21.058  -4.052  -4.775 0.0000000000
48148  -21.252  -4.005  -4.720 0.0000000000
47263  -21.000  -4.071  -4.758 0.0000000000
48125  -23.529  -4.099  -4.131 0.0000000000
48124  -23.169  -4.101  -4.155 0.0000000000
47242  -22.980  -4.168  -4.341 0.0000000000
47241  -22.666  -4.306  -4.324 0.0000000000
47240  -22.233  -4.557  -4.279 0.0000000000
47239  -22.005  -4.493  -4.328 0.0000000000
47238  -21.461  -4.209  -4.471 0.0000000000
47237  -21.055  -4.286  -4.629 0.0000000000
48109  -23.985  -3.986  -3.889 0.0000000000
47217  -23.851  -4.017  -3.984 0.0000000000
47216  -23.470  -4.225  -4.028 0.0000000000
47215  -23.005  -4.339  -4.010 0.0000000000
47201  -25.099  -4.443  -3.632 0.0000000000
48103  -24.993  -3.980  -3.654 0.0000000000
47200  -25.015  -4.235  -3.623 0.0000000000
48102  -24.695  -3.979  -3.633 0.0000000000
48101  -24.094  -4.009  -3.607 0.0000000000
47199  -23.998  -4.011  -3.779 0.0000000000
47198  -23.970  -4.236  -3.812 0.0000000000
47185  -25.006  -4.402  -3.264 0.0000000000
47184  -24.301  -4.119  -3.384 0.0000000000
47183  -24.013  -4.309  -3.377 0.0000000000
47214  -22.594  -4.605  -4.124 0.0000000000
46303  -22.013  -4.825  -3.980 0.0000000000
46282  -22.291  -4.936  -3.985 0.0000000000
47213  -22.184  -4.905  -4.137 0.0000000000
46302  -21.984  -4.812  -4.140 0.0000000000
46301  -21.730  -4.824  -4.090 0.0000000000
46300  -21.114  -4.748  -4.225 0.0000000000
46261  -25.154  -4.896  -3.710 0.0000000000
47197  -23.360  -4.526  -3.752 0.0000000000
46284  -22.990  -4.464  -3.999 0.0000000000
46259  -23.003  -4.646  -3.737 0.0000000000
47196  -23.020  -4.536  -3.899 0.0000000000
46283  -22.964  -4.549  -3.981 0.0000000000
47186  -24.988  -4.685  -3.187 0.0000000000
46243  -25.105  -4.970  -3.188 0.0000000000
47182  -23.756  -4.479  -3.215 0.0000000000
46260  -23.032  -4.760  -3.460 0.0000000000
47181  -23.340  -4.757  -3.198 0.0000000000
46242  -24.992  -4.805  -2.996 0.0000000000
47167  -24.645  -4.611  -3.027 0.0000000000
47166  -24.238  -4.568  -3.063 0.0000000000
47165  -24.027  -4.523  -3.101 0.0000000000
46241  -23.730  -4.680  -3.027 0.0000000000
47164  -23.986  -4.597  -3.007 0.0000000000
46240  -23.294  -4.779  -3.108 0.0000000000
46227  -24.794  -4.808  -2.960 0.0000000000
46226  -24.310  -4.403  -2.998 0.0000000000
46225  -23.989  -4.550  -3.012 0.0000000000
46224  -23.732  -4.713  -2.957 0.0000000000
46281  -21.999  -5.021  -3.987 0.0000000000
46280  -21.729  -5.000  -4.087 0.0000000000
46279  -21.314  -4.948  -4.046 0.0000000000
46299  -20.974  -4.825  -4.170 0.0000000000
46278  -21.025  -4.971  -4.055 0.0000000000
45328  -25.226  -5.018  -3.995 0.0000000000
46258  -22.638  -4.921  -3.557 0.0000000000
46257  -22.045  -4.918  -3.794 0.0000000000
45353  -21.909  -5.076  -3.905 0.0000000000
45325  -22.033  -4.990  -3.749 0.0000000000
46256  -21.964  -4.938  -3.871 0.0000000000
45352  -21.695  -5.073  -3.997 0.0000000000
45351  -21.367  -4.992  -4.002 0.0000000000
45350  -21.025  -5.007  -4.034 0.0000000000
45306  -25.017  -5.079  -3.356 0.0000000000
46239  -22.989  -4.961  -3.080 0.0000000000
45327  -22.570  -5.051  -3.487 0.0000000000
45304  -22.693  -5.024  -3.098 0.0000000000
46238  -22.965  -5.047  -3.062 0.0000000000
45326  -22.252  -5.076  -3.548 0.0000000000
46228  -24.957  -4.985  -2.995 0.0000000000
45294  -25.045  -5.039  -3.003 0.0000000000
46223  -23.253  -4.660  -3.001 0.0000000000
45305  -22.956  -5.013  -2.978 0.0000000000
45292  -22.961  -5.009  -2.900 0.0000000000
46222  -22.963  -4.940  -2.884 0.0000000000
45293  -24.864  -4.959  -2.979 0.0000000000
46213  -24.670  -4.745  -2.721 0.0000000000
45280  -24.917  -4.968  -2.847 0.0000000000
46212  -24.013  -4.679  -2.547 0.0000000000
46211  -23.981  -4.720  -2.766 0.0000000000
46210  -23.667  -4.650  -2.623 0.0000000000
46209  -23.007  -4.804  -2.583 0.0000000000
45278  -22.941  -5.006  -2.655 0.0000000000
46208  -22.992  -5.011  -2.613 0.0000000000
46203  -24.210  -4.958  -2.227 0.0000000000
45272  -24.771  -4.981  -2.355 0.0000000000
46202  -23.995  -4.878  -2.163 0.0000000000
46201  -23.939  -4.889  -2.221 0.0000000000
46200  -23.530  -4.879  -2.021 0.0000000000
45279  -23.118  -4.991  -2.497 0.0000000000
46199  -23.302  -4.995  -2.303 0.0000000000
45271  -24.178  -5.009  -2.038 0.0000000000
45270  -24.006  -4.927  -1.991 0.0000000000
46195  -23.856  -4.977  -2.076 0.0000000000
45260  -23.985  -4.925  -2.000 0.0000000000
45269  -23.565  -4.988  -1.993 0.0000000000
46194  -23.807  -4.943  -1.969 0.0000000000
45268  -23.108  -4.993  -2.037 0.0000000000
45259  -23.820  -5.017  -1.935 0.0000000000
45528  -23.725  -4.999  -8.487 0.0000000000
44474  -24.552  -5.599  -5.040 0.0000000000
44440  -25.135  -5.390  -4.230 0.0000000000
44420  -25.139  -5.280  -4.052 0.0000000000
45324  -21.818  -5.003  -3.923 0.0000000000
45323  -21.395  -5.006  -3.986 0.0000000000
45322  -21.002  -5.074  -3.989 0.0000000000
44398  -25.137  -5.293  -3.929 0.0000000000
45303  -22.253  -5.068  -3.116 0.0000000000
45302  -21.992  -5.156  -3.323 0.0000000000
45301  -21.980  -5.128  -3.484 0.0000000000
44397  -21.383  -5.159  -3.849 0.0000000000
44372  -21.827  -5.379  -3.206 0.0000000000
44396  -21.009  -5.221  -3.848 0.0000000000
44395  -20.979  -5.261  -3.783 0.0000000000
44419  -20.972  -5.059  -4.008 0.0000000000
44358  -25.119  -5.264  -2.986 0.0000000000
44374  -25.001  -5.526  -3.224 0.0000000000
45291  -22.687  -5.078  -2.930 0.0000000000
45290  -22.289  -5.138  -2.988 0.0000000000
45289  -22.024  -5.226  -3.078 0.0000000000
44373  -22.024  -5.371  -3.012 0.0000000000
44356  -21.987  -5.344  -3.013 0.0000000000
45281  -25.025  -5.041  -2.930 0.0000000000
44349  -25.136  -5.348  -2.806 0.0000000000
45277  -22.742  -5.162  -2.553 0.0000000000
45276  -22.423  -4.990  -2.974 0.0000000000
44357  -22.076  -5.320  -2.992 0.0000000000
44346  -22.160  -5.381  -2.738 0.0000000000
44348  -25.009  -5.019  -2.860 0.0000000000
44338  -24.953  -5.178  -2.480 0.0000000000
45267  -22.976  -5.253  -2.159 0.0000000000
44347  -22.601  -5.767  -2.604 0.0000000000
44336  -22.942  -5.420  -2.010 0.0000000000
45266  -22.969  -5.290  -2.124 0.0000000000
45262  -24.345  -5.024  -2.013 0.0000000000
44329  -24.720  -5.308  -2.013 0.0000000000
45261  -24.135  -5.019  -1.979 0.0000000000
45258  -23.190  -5.103  -1.982 0.0000000000
44337  -23.012  -5.384  -1.986 0.0000000000
44326  -23.045  -5.350  -1.911 0.0000000000
45257  -23.041  -5.283  -2.014 0.0000000000
44328  -24.365  -5.023  -1.977 0.0000000000
45253  -24.064  -5.036  -1.843 0.0000000000
44319  -24.288  -5.142  -1.684 0.0000000000
45252  -23.965  -5.061  -1.765 0.0000000000
45251  -23.871  -5.075  -1.711 0.0000000000
44327  -22.992  -5.390  -1.875 0.0000000000
44316  -23.171  -5.330  -1.575 0.0000000000
45250  -23.446  -5.117  -1.799 0.0000000000
44318  -24.010  -5.026  -1.646 0.0000000000
45246  -24.002  -5.260  -1.471 0.0000000000
44308  -24.016  -5.240  -1.271 0.0000000000
44317  -23.817  -5.340  -1.181 0.0000000000
44307  -23.956  -5.414  -1.139 0.0000000000
45245  -23.947  -5.366  -1.244 0.0000000000
44567  -23.997  -5.630  -7.989 0.0000000000
43647  -23.831  -5.876  -8.004 0.0000000000
43646  -23.729  -5.946  -8.093 0.0000000000
44574  -23.695  -5.754  -8.141 0.0000000000
44585  -23.648  -5.502  -8.359 0.0000000000
43655  -23.277  -5.952  -8.561 0.0000000000
44584  -23.090  -5.419  -8.727 0.0000000000
43631  -24.124  -5.999  -7.764 0.0000000000
43639  -24.033  -5.905  -8.007 0.0000000000
43638  -23.895  -5.922  -7.971 0.0000000000
43624  -24.064  -5.980  -7.327 0.0000000000
43613  -24.079  -5.945  -7.017 0.0000000000
43595  -24.019  -5.958  -6.869 0.0000000000
43585  -24.065  -6.016  -6.377 0.0000000000
44489  -24.165  -5.698  -6.001 0.0000000000
43574  -24.101  -5.907  -6.042 0.0000000000
43565  -24.179  -5.974  -5.570 0.0000000000
43575  -24.097  -5.963  -5.953 0.0000000000
43555  -24.423  -5.935  -5.037 0.0000000000
43545  -24.667  -5.880  -4.746 0.0000000000
43556  -24.498  -5.872  -5.000 0.0000000000
44439  -25.125  -5.630  -4.119 0.0000000000
43530  -24.939  -5.885  -4.084 0.0000000000
43511  -25.058  -5.636  -3.996 0.0000000000
43531  -25.111  -5.665  -3.990 0.0000000000
43493  -25.078  -5.871  -3.607 0.0000000000
44371  -21.053  -5.668  -3.355 0.0000000000
44370  -21.002  -5.445  -3.478 0.0000000000
43477  -25.123  -5.915  -3.058 0.0000000000
44355  -21.730  -5.437  -3.030 0.0000000000
44354  -21.329  -5.571  -3.017 0.0000000000
43476  -21.025  -5.750  -3.154 0.0000000000
44369  -20.916  -5.519  -3.310 0.0000000000
43475  -21.005  -5.817  -3.125 0.0000000000
43461  -25.139  -5.769  -2.925 0.0000000000
44345  -22.017  -5.428  -2.834 0.0000000000
44344  -21.806  -5.299  -3.017 0.0000000000
44343  -21.347  -5.575  -2.938 0.0000000000
43460  -21.040  -5.787  -3.013 0.0000000000
44339  -25.135  -5.585  -2.578 0.0000000000
43447  -25.102  -5.861  -2.697 0.0000000000
44335  -22.183  -5.584  -2.135 0.0000000000
44334  -22.002  -5.531  -2.301 0.0000000000
44333  -21.968  -5.443  -2.406 0.0000000000
43445  -21.519  -5.514  -2.767 0.0000000000
43444  -21.024  -5.773  -2.709 0.0000000000
43438  -25.015  -5.962  -2.405 0.0000000000
43437  -24.899  -5.825  -2.192 0.0000000000
44325  -22.814  -5.395  -1.996 0.0000000000
44324  -22.451  -5.533  -2.012 0.0000000000
44323  -21.952  -5.681  -2.009 0.0000000000
43436  -21.879  -5.734  -2.076 0.0000000000
43435  -21.478  -5.797  -2.011 0.0000000000
44320  -24.800  -5.661  -1.664 0.0000000000
43429  -24.798  -5.887  -2.027 0.0000000000
44315  -23.010  -5.531  -1.570 0.0000000000
44314  -23.008  -5.404  -1.891 0.0000000000
43428  -22.340  -5.639  -2.000 0.0000000000
43420  -22.588  -5.693  -1.767 0.0000000000
43427  -22.005  -5.781  -1.938 0.0000000000
43426  -21.848  -5.853  -1.990 0.0000000000
44310  -24.717  -5.917  -1.168 0.0000000000
43414  -24.739  -5.983  -1.376 0.0000000000
43422  -24.784  -6.000  -1.822 0.0000000000
44309  -24.359  -5.500  -1.040 0.0000000000
44306  -23.279  -5.619  -1.012 0.0000000000
44305  -23.000  -5.669  -1.230 0.0000000000
43421  -22.927  -5.712  -1.449 0.0000000000
43411  -23.024  -5.901  -1.100 0.0000000000
43413  -24.601  -5.982  -1.009 0.0000000000
44301  -24.258  -5.633  -0.879 0.0000000000
43405  -24.370  -5.819  -0.940 0.0000000000
44300  -24.028  -5.511  -0.975 0.0000000000
44299  -23.983  -5.516  -0.996 0.0000000000
44298  -23.718  -5.553  -0.993 0.0000000000
43412  -23.194  -5.839  -0.995 0.0000000000
43402  -23.418  -5.758  -0.891 0.0000000000
43404  -24.137  -5.804  -0.797 0.0000000000
43403  -23.846  -5.715  -0.802 0.0000000000
42778  -23.288  -6.000  -8.519 0.0000000000
43654  -22.984  -5.845  -8.817 0.0000000000
42770  -23.817  -6.012  -7.989 0.0000000000
42769  -23.659  -6.016  -8.123 0.0000000000
42762  -24.034  -6.053  -7.710 0.0000000000
42761  -23.929  -6.010  -7.939 0.0000000000
42754  -24.108  -6.113  -7.395 0.0000000000
42746  -24.178  -6.010  -7.011 0.0000000000
42735  -24.120  -6.038  -6.982 0.0000000000
42723  -24.074  -6.151  -6.640 0.0000000000
42712  -24.072  -6.144  -6.254 0.0000000000
43564  -24.074  -5.975  -5.937 0.0000000000
42700  -24.062  -6.060  -5.978 0.0000000000
42693  -24.360  -6.018  -5.283 0.0000000000
42692  -24.037  -6.013  -5.549 0.0000000000
43544  -24.446  -5.942  -4.977 0.0000000000
42673  -24.516  -6.006  -5.013 0.0000000000
42685  -24.337  -6.001  -4.989 0.0000000000
42659  -24.824  -6.001  -4.254 0.0000000000
42674  -24.675  -5.995  -4.693 0.0000000000
43510  -24.870  -5.882  -3.872 0.0000000000
42640  -24.810  -5.996  -3.977 0.0000000000
43492  -24.900  -5.948  -3.816 0.0000000000
42621  -24.892  -6.132  -3.655 0.0000000000
42609  -25.088  -6.009  -3.176 0.0000000000
42622  -25.087  -6.041  -3.419 0.0000000000
42598  -25.007  -5.948  -3.004 0.0000000000
43474  -20.578  -5.958  -3.146 0.0000000000
43459  -20.987  -5.818  -2.921 0.0000000000
42582  -25.129  -6.020  -2.907 0.0000000000
43458  -20.716  -5.839  -2.797 0.0000000000
43443  -20.916  -5.894  -2.590 0.0000000000
43446  -24.886  -5.970  -2.400 0.0000000000
42581  -24.963  -6.082  -2.582 0.0000000000
42566  -24.902  -5.994  -2.121 0.0000000000
43434  -21.090  -5.950  -2.342 0.0000000000
42580  -20.934  -5.974  -2.445 0.0000000000
43433  -20.998  -5.998  -2.172 0.0000000000
43442  -20.806  -5.900  -2.677 0.0000000000
42579  -20.783  -5.989  -2.604 0.0000000000
42565  -21.798  -6.000  -2.456 0.0000000000
43425  -21.724  -5.956  -2.033 0.0000000000
42564  -21.242  -6.067  -2.226 0.0000000000
42563  -20.992  -6.100  -2.258 0.0000000000
42558  -24.833  -6.016  -2.020 0.0000000000
43419  -22.024  -5.849  -1.819 0.0000000000
43418  -21.967  -5.919  -1.826 0.0000000000
42557  -21.785  -5.922  -1.896 0.0000000000
42556  -21.543  -6.076  -2.058 0.0000000000
42551  -24.816  -5.996  -1.560 0.0000000000
43410  -22.906  -5.879  -1.249 0.0000000000
43409  -22.240  -5.980  -1.176 0.0000000000
42550  -22.062  -6.017  -1.591 0.0000000000
42549  -21.956  -6.011  -1.645 0.0000000000
42544  -24.617  -6.091  -1.108 0.0000000000
42543  -24.497  -6.012  -0.905 0.0000000000
43401  -22.995  -5.986  -1.008 0.0000000000
42542  -22.988  -5.924  -1.027 0.0000000000
42541  -22.837  -6.061  -1.047 0.0000000000
42540  -22.280  -6.169  -1.262 0.0000000000
42534  -24.375  -5.996  -1.008 0.0000000000
43397  -24.048  -5.875  -0.581 0.0000000000
42533  -24.181  -5.981  -0.604 0.0000000000
43396  -23.976  -5.924  -0.542 0.0000000000
43395  -23.562  -5.822  -0.663 0.0000000000
42532  -23.216  -5.916  -0.893 0.0000000000
42531  -22.959  -6.003  -0.968 0.0000000000
41856  -23.352  -6.263  -8.379 0.0000000000
41864  -23.003  -6.518  -8.767 0.0000000000
42777  -23.014  -5.992  -8.806 0.0000000000
41848  -23.879  -6.244  -7.972 0.0000000000
41857  -23.804  -6.475  -7.989 0.0000000000
41843  -24.086  -6.399  -7.494 0.0000000000
41849  -24.012  -6.140  -7.990 0.0000000000
41835  -24.080  -6.404  -7.135 0.0000000000
41824  -24.074  -6.351  -6.926 0.0000000000
41812  -24.041  -6.416  -6.478 0.0000000000
41798  -24.035  -6.282  -6.004 0.0000000000
41780  -24.066  -6.279  -5.934 0.0000000000
42684  -24.181  -6.172  -5.238 0.0000000000
41769  -24.075  -6.323  -5.515 0.0000000000
42672  -24.104  -6.283  -5.041 0.0000000000
41760  -24.009  -6.456  -5.002 0.0000000000
42658  -24.498  -6.179  -4.423 0.0000000000
41748  -24.233  -6.370  -4.725 0.0000000000
41747  -24.002  -6.458  -4.908 0.0000000000
42639  -24.595  -6.167  -3.994 0.0000000000
41736  -24.322  -6.642  -4.174 0.0000000000
42620  -24.704  -6.318  -3.992 0.0000000000
41716  -24.190  -6.469  -3.976 0.0000000000
42608  -24.998  -6.132  -3.210 0.0000000000
41684  -24.774  -6.379  -3.160 0.0000000000
41697  -24.672  -6.666  -3.386 0.0000000000
41696  -24.270  -6.604  -3.771 0.0000000000
42597  -25.034  -6.019  -2.996 0.0000000000
41670  -24.867  -6.223  -2.973 0.0000000000
41656  -24.998  -6.131  -2.758 0.0000000000
41635  -24.911  -6.158  -2.346 0.0000000000
41626  -24.812  -6.200  -2.006 0.0000000000
42555  -21.072  -6.222  -2.044 0.0000000000
41632  -20.992  -6.321  -2.000 0.0000000000
42554  -21.018  -6.373  -2.053 0.0000000000
42562  -20.958  -6.073  -2.330 0.0000000000
41631  -20.862  -6.345  -2.131 0.0000000000
41617  -24.765  -6.226  -1.886 0.0000000000
41624  -21.668  -6.153  -2.020 0.0000000000
42548  -21.804  -6.007  -1.946 0.0000000000
41623  -21.170  -6.327  -1.984 0.0000000000
41622  -20.961  -6.494  -1.975 0.0000000000
41609  -24.771  -6.185  -1.193 0.0000000000
41615  -22.003  -6.121  -1.621 0.0000000000
42539  -22.036  -6.179  -1.400 0.0000000000
41614  -21.641  -6.282  -1.786 0.0000000000
42535  -24.607  -6.108  -0.966 0.0000000000
41600  -24.727  -6.269  -0.992 0.0000000000
42530  -22.536  -6.046  -0.976 0.0000000000
41607  -22.254  -6.348  -1.134 0.0000000000
42529  -22.241  -6.157  -0.973 0.0000000000
41606  -22.002  -6.465  -1.247 0.0000000000
41599  -24.612  -6.700  -0.896 0.0000000000
40916  -23.809  -6.956  -8.011 0.0000000000
40926  -23.777  -6.972  -7.988 0.0000000000
40925  -23.589  -6.992  -8.154 0.0000000000
40909  -23.988  -6.851  -7.728 0.0000000000
40917  -23.954  -6.565  -8.034 0.0000000000
40900  -24.043  -6.790  -7.141 0.0000000000
40889  -23.949  -6.689  -6.985 0.0000000000
40875  -24.028  -6.701  -6.950 0.0000000000
41811  -24.006  -6.534  -6.140 0.0000000000
40874  -23.811  -6.719  -6.528 0.0000000000
41797  -23.978  -6.439  -5.972 0.0000000000
40862  -23.643  -6.796  -6.120 0.0000000000
41779  -24.040  -6.551  -5.994 0.0000000000
41778  -23.710  -6.801  -5.986 0.0000000000
40838  -23.490  -6.779  -5.965 0.0000000000
41768  -23.984  -6.501  -5.337 0.0000000000
41767  -23.342  -6.860  -5.154 0.0000000000
40837  -23.063  -7.000  -5.792 0.0000000000
41759  -23.874  -6.525  -5.016 0.0000000000
41758  -23.363  -6.737  -5.006 0.0000000000
40820  -22.990  -6.854  -5.285 0.0000000000
41746  -23.669  -6.377  -4.958 0.0000000000
41745  -23.252  -6.730  -4.996 0.0000000000
40808  -23.012  -6.857  -5.023 0.0000000000
41735  -24.013  -6.498  -4.259 0.0000000000
41734  -23.971  -6.556  -4.455 0.0000000000
41733  -23.396  -6.662  -4.540 0.0000000000
40794  -23.003  -6.865  -4.649 0.0000000000
41715  -24.005  -6.538  -4.003 0.0000000000
41714  -23.905  -6.475  -4.054 0.0000000000
41713  -23.425  -6.469  -4.012 0.0000000000
40781  -23.005  -6.831  -4.162 0.0000000000
41695  -24.019  -6.522  -3.801 0.0000000000
41694  -23.948  -6.485  -3.885 0.0000000000
41693  -23.561  -6.538  -3.977 0.0000000000
40762  -23.106  -6.840  -4.021 0.0000000000
41683  -24.211  -6.570  -3.173 0.0000000000
41682  -24.001  -6.600  -3.189 0.0000000000
41681  -23.863  -6.554  -3.170 0.0000000000
41680  -23.512  -6.561  -3.575 0.0000000000
40744  -23.012  -6.854  -3.706 0.0000000000
41669  -24.283  -6.553  -2.997 0.0000000000
41668  -24.021  -6.637  -3.006 0.0000000000
41667  -24.026  -6.551  -2.987 0.0000000000
40716  -23.724  -6.724  -2.908 0.0000000000
40728  -23.668  -6.785  -2.993 0.0000000000
40727  -23.331  -6.979  -3.140 0.0000000000
41655  -24.779  -6.603  -2.634 0.0000000000
41654  -24.057  -6.782  -2.587 0.0000000000
41653  -24.036  -6.673  -2.844 0.0000000000
40703  -23.899  -6.778  -2.546 0.0000000000
41634  -24.391  -6.702  -2.111 0.0000000000
41633  -24.152  -6.906  -2.098 0.0000000000
40680  -24.077  -6.908  -2.254 0.0000000000
40704  -24.007  -6.877  -2.378 0.0000000000
41625  -24.509  -6.677  -2.017 0.0000000000
40673  -24.241  -6.990  -1.998 0.0000000000
40681  -24.280  -6.939  -1.933 0.0000000000
41616  -24.321  -6.601  -1.381 0.0000000000
40665  -24.416  -7.017  -1.770 0.0000000000
40671  -21.001  -6.768  -1.912 0.0000000000
41613  -21.131  -6.605  -1.945 0.0000000000
40670  -20.963  -6.798  -1.898 0.0000000000
41621  -20.731  -6.634  -1.982 0.0000000000
40669  -20.679  -6.810  -1.978 0.0000000000
40664  -21.555  -6.842  -1.336 0.0000000000
41605  -21.922  -6.600  -1.220 0.0000000000
40663  -21.250  -6.898  -1.583 0.0000000000
41608  -24.560  -6.747  -1.002 0.0000000000
40908  -23.869  -7.026  -7.977 0.0000000000
39947  -23.836  -7.009  -7.692 0.0000000000
39956  -23.758  -7.046  -8.004 0.0000000000
39939  -24.016  -6.994  -7.398 0.0000000000
39948  -23.976  -7.011  -7.805 0.0000000000
40899  -23.765  -6.933  -7.052 0.0000000000
39938  -23.894  -7.013  -7.058 0.0000000000
40888  -23.825  -6.933  -7.004 0.0000000000
39926  -23.651  -7.122  -7.028 0.0000000000
39914  -23.819  -6.999  -6.895 0.0000000000
40873  -23.327  -6.964  -6.099 0.0000000000
39913  -23.261  -7.059  -6.386 0.0000000000
40861  -23.166  -6.943  -6.017 0.0000000000
39905  -23.115  -7.006  -6.023 0.0000000000
40860  -22.993  -6.872  -6.004 0.0000000000
39904  -23.099  -6.986  -6.076 0.0000000000
40859  -22.906  -6.890  -5.989 0.0000000000
39903  -22.998  -7.005  -6.012 0.0000000000
40836  -23.017  -6.975  -5.777 0.0000000000
40835  -22.819  -6.958  -5.817 0.0000000000
40819  -22.994  -6.986  -5.228 0.0000000000
40834  -22.623  -6.989  -5.851 0.0000000000
39884  -22.593  -7.082  -5.892 0.0000000000
40818  -22.634  -6.860  -5.373 0.0000000000
40817  -22.019  -6.874  -5.303 0.0000000000
39883  -22.207  -7.168  -5.714 0.0000000000
40807  -22.886  -6.862  -5.007 0.0000000000
40806  -22.364  -6.875  -5.009 0.0000000000
40816  -21.982  -6.991  -5.046 0.0000000000
39864  -22.038  -7.246  -5.380 0.0000000000
40805  -22.091  -6.983  -5.030 0.0000000000
40804  -21.984  -7.076  -5.007 0.0000000000
39863  -21.957  -7.064  -5.409 0.0000000000
40793  -23.002  -6.963  -4.703 0.0000000000
40792  -22.501  -6.796  -4.908 0.0000000000
40791  -22.040  -6.921  -4.993 0.0000000000
40790  -21.968  -7.049  -4.945 0.0000000000
39850  -21.853  -7.058  -5.018 0.0000000000
40780  -22.897  -6.863  -4.302 0.0000000000
40779  -22.607  -6.853  -4.398 0.0000000000
40778  -22.210  -6.957  -4.516 0.0000000000
40777  -22.007  -6.978  -4.664 0.0000000000
39836  -21.857  -7.066  -4.773 0.0000000000
40761  -23.001  -6.986  -4.031 0.0000000000
40760  -22.669  -6.835  -4.050 0.0000000000
40759  -22.269  -6.916  -4.113 0.0000000000
40758  -21.984  -7.004  -4.244 0.0000000000
39825  -21.979  -7.074  -4.351 0.0000000000
40743  -22.943  -6.856  -3.694 0.0000000000
40742  -22.644  -6.898  -3.750 0.0000000000
40741  -22.392  -6.917  -3.950 0.0000000000
39813  -22.185  -7.089  -3.986 0.0000000000
39812  -21.977  -7.262  -3.987 0.0000000000
40726  -23.001  -6.903  -3.298 0.0000000000
40725  -22.862  -6.891  -3.315 0.0000000000
39788  -22.698  -6.988  -3.254 0.0000000000
39800  -22.445  -7.057  -3.662 0.0000000000
39799  -22.248  -7.094  -3.918 0.0000000000
40715  -23.313  -6.914  -2.991 0.0000000000
40714  -22.995  -6.937  -2.977 0.0000000000
40713  -22.969  -7.008  -3.093 0.0000000000
39776  -22.881  -7.095  -2.986 0.0000000000
40702  -23.566  -6.902  -2.742 0.0000000000
40701  -23.103  -6.924  -2.824 0.0000000000
39765  -22.996  -7.091  -2.825 0.0000000000
39777  -22.940  -6.988  -2.978 0.0000000000
40679  -23.989  -6.990  -2.311 0.0000000000
39743  -23.912  -6.997  -2.219 0.0000000000
39767  -23.744  -6.977  -2.529 0.0000000000
39766  -23.454  -6.991  -2.664 0.0000000000
40672  -24.118  -7.024  -2.041 0.0000000000
39726  -24.046  -7.175  -2.014 0.0000000000
39744  -23.995  -6.990  -2.227 0.0000000000
39718  -24.278  -7.070  -1.814 0.0000000000
39727  -24.158  -7.035  -2.015 0.0000000000
39724  -20.934  -6.985  -1.876 0.0000000000
40662  -21.068  -6.988  -1.779 0.0000000000
39723  -20.672  -6.985  -2.021 0.0000000000
38998  -23.915  -7.149  -7.262 0.0000000000
39004  -23.798  -7.402  -7.975 0.0000000000
38986  -23.792  -7.205  -7.006 0.0000000000
39925  -23.459  -7.278  -6.796 0.0000000000
38985  -23.400  -7.458  -6.887 0.0000000000
39924  -23.127  -7.218  -6.551 0.0000000000
38984  -23.108  -7.412  -6.829 0.0000000000
39912  -23.090  -7.209  -6.336 0.0000000000
39911  -22.979  -7.163  -6.227 0.0000000000
38976  -23.013  -7.458  -6.680 0.0000000000
39910  -22.795  -7.180  -6.048 0.0000000000
38975  -22.884  -7.427  -6.641 0.0000000000
39909  -22.092  -7.204  -6.144 0.0000000000
38974  -22.095  -7.532  -6.613 0.0000000000
39902  -22.409  -7.193  -5.978 0.0000000000
39901  -22.060  -7.238  -6.032 0.0000000000
38973  -21.946  -7.548  -6.536 0.0000000000
39900  -22.008  -7.198  -6.001 0.0000000000
38967  -22.016  -7.283  -6.192 0.0000000000
39882  -22.041  -7.198  -5.829 0.0000000000
39862  -21.958  -7.204  -5.674 0.0000000000
39881  -21.909  -7.143  -5.992 0.0000000000
39849  -21.913  -7.142  -5.179 0.0000000000
38942  -21.551  -7.423  -5.451 0.0000000000
38955  -21.562  -7.472  -6.004 0.0000000000
39835  -21.882  -7.152  -4.963 0.0000000000
38931  -21.500  -7.465  -5.098 0.0000000000
39824  -21.912  -7.140  -4.601 0.0000000000
38918  -21.410  -7.473  -4.970 0.0000000000
39811  -21.886  -7.297  -4.004 0.0000000000
38997  -23.227  -7.718  -7.029 0.0000000000
39003  -23.549  -7.649  -7.414 0.0000000000
38996  -23.003  -7.660  -7.010 0.0000000000
38983  -22.846  -7.573  -7.013 0.0000000000
38995  -23.006  -7.611  -7.027 0.0000000000
38982  -22.358  -7.832  -6.978 0.0000000000
38981  -22.014  -7.785  -6.870 0.0000000000
38930  -21.146  -7.861  -5.079 0.0000000000
38941  -21.239  -7.812  -5.886 0.0000000000
38917  -21.214  -7.792  -4.950 0.0000000000
38040  -21.060  -7.942  -5.024 0.0000000000
38048  -21.014  -7.944  -5.397 0.0000000000
44583  -23.039  -5.412  -8.902 0.0000000000
45527  -23.166  -5.020  -8.918 0.0000000000
46454  -23.481  -4.907  -8.661 0.0000000000
51867  -22.062  -2.901  -5.071 0.0000000000
51868  -22.443  -2.785  -5.072 0.0000000000
