#!ascii label  , from subject  vox2ras=TkReg
1187
54753  -18.995  -1.522  -10.632 0.0000000000
54752  -18.458  -1.516  -10.863 0.0000000000
54732  -18.878  -1.898  -10.271 0.0000000000
54733  -19.058  -1.745  -10.275 0.0000000000
54754  -19.002  -1.509  -10.592 0.0000000000
55625  -18.858  -1.179  -11.003 0.0000000000
55626  -19.041  -1.225  -10.944 0.0000000000
55602  -19.018  -1.386  -10.646 0.0000000000
55603  -19.238  -1.288  -10.584 0.0000000000
54734  -19.535  -1.554  -10.236 0.0000000000
55604  -19.903  -1.194  -10.636 0.0000000000
55627  -19.465  -1.161  -10.994 0.0000000000
54735  -19.980  -1.542  -10.309 0.0000000000
55605  -20.056  -1.164  -10.506 0.0000000000
55628  -19.897  -1.010  -10.920 0.0000000000
54736  -20.113  -1.512  -10.243 0.0000000000
55583  -20.049  -1.476  -10.216 0.0000000000
55584  -20.415  -1.269  -10.113 0.0000000000
55606  -20.377  -1.014  -10.046 0.0000000000
55629  -19.980  -0.966  -10.830 0.0000000000
56513  -20.082  -0.993  -10.748 0.0000000000
56492  -20.841  -1.013  -10.012 0.0000000000
56514  -20.660  -0.827  -10.347 0.0000000000
55624  -18.273  -1.181  -10.991 0.0000000000
55648  -18.437  -1.286  -11.090 0.0000000000
55649  -18.866  -1.235  -11.133 0.0000000000
55650  -19.208  -1.224  -11.146 0.0000000000
55651  -19.572  -1.118  -11.112 0.0000000000
55652  -19.857  -1.021  -11.006 0.0000000000
56532  -19.993  -0.960  -11.026 0.0000000000
56533  -19.999  -0.913  -10.993 0.0000000000
55647  -18.076  -1.084  -11.063 0.0000000000
56554  -18.314  -0.992  -11.140 0.0000000000
56555  -18.513  -1.124  -11.255 0.0000000000
55667  -18.680  -1.210  -11.281 0.0000000000
55668  -18.991  -1.258  -11.420 0.0000000000
55669  -19.266  -1.154  -11.347 0.0000000000
55670  -19.507  -1.051  -11.256 0.0000000000
56556  -19.750  -0.930  -11.055 0.0000000000
56557  -19.971  -0.921  -11.041 0.0000000000
56582  -18.579  -0.983  -11.507 0.0000000000
56583  -18.983  -1.006  -11.490 0.0000000000
56584  -19.109  -1.032  -11.434 0.0000000000
56585  -19.786  -0.970  -11.363 0.0000000000
55585  -20.977  -1.137  -10.002 0.0000000000
56493  -20.934  -1.004  -10.002 0.0000000000
56515  -20.924  -0.913  -10.019 0.0000000000
56534  -20.446  -0.848  -10.791 0.0000000000
57442  -20.986  -0.655  -10.151 0.0000000000
57441  -20.977  -0.539  -10.449 0.0000000000
57460  -20.708  -0.552  -10.656 0.0000000000
56558  -20.025  -0.981  -11.022 0.0000000000
56559  -20.312  -0.883  -10.985 0.0000000000
57478  -20.710  -0.538  -10.999 0.0000000000
56553  -17.897  -1.019  -11.073 0.0000000000
56581  -18.134  -0.813  -11.408 0.0000000000
56586  -19.896  -0.957  -11.237 0.0000000000
56587  -20.015  -0.905  -11.237 0.0000000000
56588  -20.213  -0.882  -11.011 0.0000000000
57502  -20.424  -0.811  -11.221 0.0000000000
56580  -17.992  -0.917  -11.206 0.0000000000
57500  -18.002  -0.727  -11.446 0.0000000000
56601  -18.451  -0.750  -11.748 0.0000000000
56600  -17.988  -0.835  -11.808 0.0000000000
57521  -18.013  -0.477  -11.754 0.0000000000
56602  -19.011  -0.899  -11.857 0.0000000000
56603  -19.007  -0.857  -11.847 0.0000000000
56604  -19.490  -0.868  -11.881 0.0000000000
56605  -20.044  -0.815  -11.821 0.0000000000
56606  -19.996  -0.840  -11.601 0.0000000000
57501  -20.012  -0.926  -11.351 0.0000000000
57525  -20.096  -0.707  -11.737 0.0000000000
57522  -18.206  -0.436  -12.035 0.0000000000
57523  -18.678  -0.596  -11.921 0.0000000000
56614  -19.012  -0.805  -11.984 0.0000000000
56613  -18.924  -0.765  -12.001 0.0000000000
57536  -18.830  -0.648  -12.069 0.0000000000
56615  -19.304  -0.783  -12.013 0.0000000000
56616  -19.819  -0.737  -11.994 0.0000000000
57524  -20.005  -0.644  -11.992 0.0000000000
57539  -19.899  -0.682  -11.978 0.0000000000
57537  -19.005  -0.719  -12.067 0.0000000000
57538  -19.220  -0.716  -12.025 0.0000000000
57461  -20.975  -0.319  -10.838 0.0000000000
57479  -20.960  -0.384  -11.022 0.0000000000
58401  -21.010  -0.228  -10.987 0.0000000000
58417  -21.013  -0.146  -11.081 0.0000000000
57503  -20.997  -0.265  -11.431 0.0000000000
57499  -17.826  -0.668  -11.116 0.0000000000
57520  -18.018  -0.479  -11.698 0.0000000000
57526  -20.663  -0.522  -11.950 0.0000000000
58436  -21.054  -0.095  -11.595 0.0000000000
57527  -21.002  -0.256  -11.925 0.0000000000
58435  -17.997  -0.272  -11.673 0.0000000000
58459  -17.918  -0.022  -11.932 0.0000000000
58460  -17.983  -0.134  -12.029 0.0000000000
57534  -18.004  -0.277  -11.997 0.0000000000
57535  -18.272  -0.359  -12.023 0.0000000000
57540  -20.092  -0.531  -12.004 0.0000000000
57541  -20.671  -0.414  -11.985 0.0000000000
58461  -21.082  -0.163  -11.983 0.0000000000
57542  -20.985  -0.279  -11.969 0.0000000000
58471  -18.019  -0.072  -12.171 0.0000000000
58472  -18.127  -0.039  -12.335 0.0000000000
57549  -18.556  -0.408  -12.276 0.0000000000
57550  -19.005  -0.619  -12.541 0.0000000000
57551  -19.009  -0.570  -12.314 0.0000000000
57552  -19.512  -0.622  -12.143 0.0000000000
57553  -19.997  -0.526  -12.306 0.0000000000
57554  -20.073  -0.507  -12.303 0.0000000000
57555  -20.616  -0.443  -12.118 0.0000000000
58473  -20.971  -0.194  -12.073 0.0000000000
58474  -21.054  -0.182  -12.164 0.0000000000
58483  -18.519  -0.117  -12.737 0.0000000000
58484  -18.924  -0.136  -12.865 0.0000000000
58485  -19.019  -0.205  -12.868 0.0000000000
57559  -19.236  -0.445  -12.909 0.0000000000
57560  -19.827  -0.289  -12.874 0.0000000000
57561  -19.954  -0.371  -12.694 0.0000000000
57562  -20.013  -0.432  -12.760 0.0000000000
58486  -20.199  -0.232  -12.738 0.0000000000
58487  -21.013  -0.084  -12.582 0.0000000000
58497  -19.306  -0.157  -13.030 0.0000000000
58498  -19.976  -0.175  -13.034 0.0000000000
58499  -20.022  -0.275  -12.926 0.0000000000
58500  -20.141  -0.070  -13.009 0.0000000000
58434  -17.577  0.014  -11.375 0.0000000000
58458  -17.247  0.006  -11.760 0.0000000000
59356  -17.603  0.153  -11.923 0.0000000000
59357  -17.847  0.021  -12.087 0.0000000000
58470  -18.026  -0.008  -11.987 0.0000000000
58462  -21.218  -0.087  -11.920 0.0000000000
58475  -21.198  -0.133  -12.060 0.0000000000
59374  -17.910  0.114  -12.189 0.0000000000
59375  -18.014  0.034  -12.173 0.0000000000
58482  -18.035  0.062  -12.329 0.0000000000
58488  -21.020  -0.044  -12.492 0.0000000000
58489  -21.123  -0.148  -12.321 0.0000000000
59376  -21.300  -0.008  -11.972 0.0000000000
59393  -21.193  -0.003  -12.422 0.0000000000
59390  -18.130  0.213  -12.539 0.0000000000
59391  -18.700  0.040  -12.460 0.0000000000
58496  -18.889  -0.088  -13.008 0.0000000000
58495  -18.771  -0.004  -12.983 0.0000000000
59403  -18.508  0.049  -13.002 0.0000000000
58501  -20.680  -0.077  -12.942 0.0000000000
58502  -20.888  -0.004  -12.839 0.0000000000
59392  -21.004  0.106  -12.579 0.0000000000
59405  -21.008  0.011  -12.903 0.0000000000
59404  -18.806  0.074  -12.978 0.0000000000
58508  -19.125  -0.081  -13.048 0.0000000000
58507  -18.942  -0.101  -13.042 0.0000000000
59415  -18.882  0.026  -13.113 0.0000000000
58509  -19.605  -0.113  -13.280 0.0000000000
58510  -19.963  -0.262  -13.288 0.0000000000
58511  -20.231  -0.166  -13.122 0.0000000000
58512  -20.745  -0.104  -13.045 0.0000000000
58513  -20.692  -0.003  -13.020 0.0000000000
59419  -20.924  0.007  -13.098 0.0000000000
59416  -18.972  -0.033  -13.111 0.0000000000
59417  -19.211  -0.016  -13.178 0.0000000000
58518  -19.971  -0.083  -13.459 0.0000000000
58517  -19.848  -0.003  -13.515 0.0000000000
59427  -19.545  0.209  -13.542 0.0000000000
58519  -20.110  -0.160  -13.330 0.0000000000
58520  -20.391  -0.161  -13.221 0.0000000000
59418  -20.831  -0.140  -13.124 0.0000000000
59430  -20.514  -0.048  -13.397 0.0000000000
59428  -20.043  -0.006  -13.560 0.0000000000
59429  -20.084  0.012  -13.551 0.0000000000
59355  -17.107  0.176  -11.879 0.0000000000
59373  -17.377  0.225  -12.012 0.0000000000
59372  -17.094  0.368  -11.990 0.0000000000
60265  -17.034  0.465  -12.031 0.0000000000
60266  -17.576  0.333  -12.032 0.0000000000
59389  -17.991  0.174  -12.337 0.0000000000
60283  -17.989  0.550  -12.551 0.0000000000
60284  -17.990  0.496  -12.665 0.0000000000
59402  -18.275  0.390  -12.928 0.0000000000
60299  -18.008  0.652  -12.876 0.0000000000
59406  -21.002  0.104  -12.844 0.0000000000
59394  -21.316  0.077  -12.153 0.0000000000
59407  -21.143  0.113  -12.632 0.0000000000
60300  -18.333  0.436  -12.989 0.0000000000
59414  -18.676  0.144  -13.000 0.0000000000
60310  -18.284  0.542  -13.014 0.0000000000
59420  -21.031  0.112  -13.012 0.0000000000
60302  -21.309  0.233  -12.808 0.0000000000
60301  -21.056  0.141  -12.989 0.0000000000
60311  -18.756  0.249  -13.230 0.0000000000
59425  -18.990  0.190  -13.348 0.0000000000
60323  -18.980  0.456  -13.558 0.0000000000
59426  -19.047  0.187  -13.393 0.0000000000
59431  -20.846  0.115  -13.178 0.0000000000
60313  -21.104  0.193  -13.119 0.0000000000
60312  -20.975  0.204  -13.101 0.0000000000
60324  -18.985  0.457  -13.654 0.0000000000
60325  -19.177  0.505  -13.690 0.0000000000
59435  -19.949  0.335  -13.884 0.0000000000
60337  -19.391  0.731  -13.959 0.0000000000
59436  -20.009  0.280  -13.811 0.0000000000
59437  -20.054  0.265  -13.839 0.0000000000
59438  -20.209  0.344  -13.884 0.0000000000
60327  -21.012  0.219  -13.472 0.0000000000
60326  -20.837  0.229  -13.339 0.0000000000
60338  -19.882  0.564  -14.016 0.0000000000
60339  -20.013  0.522  -13.994 0.0000000000
60340  -20.436  0.409  -14.034 0.0000000000
60264  -16.950  0.519  -12.005 0.0000000000
60281  -16.987  0.732  -12.243 0.0000000000
60282  -17.150  0.676  -12.299 0.0000000000
61176  -16.998  0.978  -12.438 0.0000000000
61177  -17.130  0.972  -12.445 0.0000000000
61178  -17.573  0.989  -12.729 0.0000000000
60298  -18.011  0.722  -12.887 0.0000000000
61196  -17.947  0.981  -12.990 0.0000000000
61197  -17.961  0.871  -12.990 0.0000000000
60309  -17.995  0.692  -12.984 0.0000000000
61207  -17.880  0.930  -13.037 0.0000000000
61208  -18.053  0.894  -13.128 0.0000000000
60322  -18.577  0.709  -13.514 0.0000000000
61219  -18.155  0.983  -13.373 0.0000000000
60314  -21.262  0.362  -13.030 0.0000000000
60328  -21.019  0.490  -13.462 0.0000000000
61220  -18.739  0.926  -13.877 0.0000000000
60335  -18.989  0.717  -13.820 0.0000000000
60336  -19.028  0.806  -14.013 0.0000000000
60341  -20.967  0.707  -13.917 0.0000000000
60329  -21.560  0.681  -13.443 0.0000000000
60342  -21.064  0.782  -13.964 0.0000000000
61221  -21.366  0.801  -13.761 0.0000000000
61232  -18.831  0.962  -14.016 0.0000000000
61233  -19.002  0.906  -14.036 0.0000000000
61234  -19.290  0.857  -14.082 0.0000000000
60348  -19.628  0.627  -14.142 0.0000000000
60349  -20.013  0.449  -14.182 0.0000000000
60350  -20.027  0.542  -14.148 0.0000000000
60351  -20.458  0.694  -14.178 0.0000000000
61235  -20.716  0.933  -13.985 0.0000000000
61236  -20.995  0.889  -14.038 0.0000000000
61237  -21.185  0.904  -13.994 0.0000000000
61246  -19.568  0.843  -14.156 0.0000000000
61247  -19.989  0.773  -14.392 0.0000000000
61248  -20.242  0.828  -14.234 0.0000000000
61249  -20.673  0.902  -14.144 0.0000000000
61158  -16.849  0.776  -12.171 0.0000000000
61175  -16.816  0.905  -12.309 0.0000000000
62055  -16.938  1.021  -12.497 0.0000000000
62056  -17.088  1.040  -12.519 0.0000000000
61195  -17.640  1.010  -12.824 0.0000000000
62075  -17.394  1.199  -12.786 0.0000000000
62076  -17.936  1.134  -12.930 0.0000000000
61206  -17.859  1.025  -13.061 0.0000000000
62090  -17.775  1.004  -13.030 0.0000000000
62091  -17.987  1.037  -13.204 0.0000000000
61218  -17.996  1.020  -13.182 0.0000000000
62102  -18.024  1.200  -13.342 0.0000000000
62103  -18.301  1.077  -13.580 0.0000000000
61231  -18.598  1.002  -13.812 0.0000000000
62114  -18.448  1.127  -14.023 0.0000000000
62115  -18.838  0.984  -14.009 0.0000000000
61244  -18.904  0.984  -14.084 0.0000000000
61245  -19.039  0.980  -14.089 0.0000000000
61250  -20.981  0.962  -14.152 0.0000000000
62126  -18.842  1.127  -14.028 0.0000000000
62127  -19.074  1.049  -14.218 0.0000000000
62128  -19.698  0.973  -14.275 0.0000000000
62129  -19.994  1.004  -14.234 0.0000000000
62130  -20.206  1.020  -14.111 0.0000000000
62131  -20.774  0.997  -14.203 0.0000000000
61251  -21.116  0.953  -14.152 0.0000000000
62132  -20.979  1.118  -14.222 0.0000000000
62054  -16.672  0.997  -12.255 0.0000000000
62073  -16.997  1.161  -12.632 0.0000000000
62074  -17.081  1.330  -12.538 0.0000000000
62948  -16.585  1.331  -12.541 0.0000000000
62970  -16.878  1.677  -12.855 0.0000000000
62971  -17.016  1.658  -12.907 0.0000000000
62972  -17.400  1.723  -12.957 0.0000000000
62089  -17.582  1.283  -13.010 0.0000000000
62987  -17.257  1.556  -13.024 0.0000000000
62988  -17.784  1.205  -13.239 0.0000000000
62101  -17.997  1.134  -13.327 0.0000000000
63002  -17.903  1.690  -13.840 0.0000000000
63003  -18.011  1.531  -13.681 0.0000000000
62113  -18.154  1.315  -13.714 0.0000000000
63014  -18.091  1.708  -14.003 0.0000000000
63015  -18.307  1.478  -14.013 0.0000000000
62125  -18.661  1.151  -14.016 0.0000000000
63026  -18.378  1.561  -14.110 0.0000000000
63027  -18.874  1.581  -14.313 0.0000000000
63028  -19.002  1.493  -14.346 0.0000000000
62142  -19.339  1.123  -14.299 0.0000000000
62141  -19.008  1.317  -14.251 0.0000000000
62143  -19.973  1.228  -14.417 0.0000000000
62144  -20.011  1.133  -14.367 0.0000000000
62145  -20.441  1.043  -14.259 0.0000000000
62146  -20.943  1.203  -14.298 0.0000000000
63040  -19.084  1.835  -14.652 0.0000000000
63041  -19.632  1.687  -14.857 0.0000000000
63042  -19.946  1.476  -14.685 0.0000000000
63043  -20.078  1.454  -14.632 0.0000000000
63044  -20.805  1.505  -14.729 0.0000000000
63045  -20.996  1.618  -14.562 0.0000000000
62947  -16.147  1.423  -12.139 0.0000000000
62969  -16.300  1.824  -12.624 0.0000000000
63869  -16.100  1.999  -12.449 0.0000000000
63889  -16.553  2.006  -12.855 0.0000000000
63890  -16.828  1.957  -13.005 0.0000000000
63891  -16.984  1.855  -12.993 0.0000000000
62986  -17.013  1.804  -13.003 0.0000000000
63910  -16.972  1.911  -13.101 0.0000000000
63911  -17.104  1.916  -13.258 0.0000000000
63001  -17.474  1.882  -13.544 0.0000000000
63928  -17.357  2.017  -13.588 0.0000000000
63929  -17.759  1.961  -13.948 0.0000000000
63013  -17.940  1.797  -13.937 0.0000000000
63939  -17.797  2.023  -14.004 0.0000000000
63940  -17.979  1.847  -13.993 0.0000000000
63025  -18.009  1.897  -14.019 0.0000000000
63868  -15.977  2.013  -12.387 0.0000000000
64773  -16.109  2.290  -12.355 0.0000000000
64774  -16.284  2.196  -12.652 0.0000000000
64793  -16.478  2.243  -12.923 0.0000000000
64794  -16.780  2.010  -13.052 0.0000000000
63909  -16.877  1.972  -13.054 0.0000000000
64816  -16.817  2.113  -13.124 0.0000000000
64817  -17.000  2.002  -13.200 0.0000000000
63927  -17.057  1.998  -13.265 0.0000000000
64836  -17.131  2.305  -13.576 0.0000000000
64837  -17.385  2.183  -13.758 0.0000000000
63938  -17.391  1.998  -14.002 0.0000000000
64760  -15.991  1.975  -12.241 0.0000000000
64772  -15.969  2.044  -12.270 0.0000000000
65658  -15.948  2.643  -12.758 0.0000000000
65659  -16.024  2.678  -12.874 0.0000000000
64792  -16.138  2.376  -12.760 0.0000000000
65669  -16.011  2.583  -13.007 0.0000000000
65670  -16.222  2.613  -13.018 0.0000000000
64815  -16.563  2.249  -13.012 0.0000000000
65648  -15.622  2.444  -12.037 0.0000000000
65657  -15.286  2.932  -12.216 0.0000000000
66547  -15.637  3.007  -12.659 0.0000000000
65668  -15.980  2.846  -12.898 0.0000000000
66555  -15.973  2.932  -12.902 0.0000000000
66546  -15.283  3.012  -12.132 0.0000000000
67420  -15.598  3.085  -12.561 0.0000000000
67428  -15.909  3.277  -12.960 0.0000000000
67419  -15.205  3.319  -12.049 0.0000000000
68313  -15.293  3.836  -12.448 0.0000000000
68314  -15.681  3.421  -12.938 0.0000000000
67414  -15.022  3.246  -11.971 0.0000000000
66538  -15.225  2.965  -12.015 0.0000000000
68311  -15.038  3.732  -12.042 0.0000000000
65647  -15.374  2.607  -11.992 0.0000000000
66536  -15.166  2.996  -11.938 0.0000000000
65640  -15.118  2.705  -11.984 0.0000000000
64758  -15.614  2.238  -11.995 0.0000000000
64759  -15.780  2.051  -12.074 0.0000000000
64745  -15.471  2.160  -11.962 0.0000000000
65639  -15.008  2.912  -11.713 0.0000000000
64744  -15.049  2.236  -11.975 0.0000000000
63856  -15.908  1.930  -12.107 0.0000000000
64746  -15.709  2.036  -12.089 0.0000000000
63855  -15.774  1.890  -12.096 0.0000000000
63840  -15.709  1.977  -11.997 0.0000000000
64738  -15.239  2.119  -11.587 0.0000000000
63839  -15.334  1.983  -11.752 0.0000000000
64737  -14.990  2.150  -11.356 0.0000000000
63825  -15.001  1.978  -11.343 0.0000000000
62946  -15.933  1.670  -12.160 0.0000000000
62928  -15.880  1.611  -12.046 0.0000000000
62927  -15.770  1.740  -12.006 0.0000000000
62914  -15.710  1.722  -11.904 0.0000000000
62897  -15.037  1.702  -11.245 0.0000000000
62913  -15.359  1.893  -11.772 0.0000000000
63824  -14.938  1.943  -11.214 0.0000000000
62896  -14.937  1.657  -11.298 0.0000000000
62929  -16.005  1.469  -12.009 0.0000000000
62033  -16.147  1.220  -11.986 0.0000000000
62053  -16.380  1.060  -12.037 0.0000000000
62032  -15.945  1.141  -11.970 0.0000000000
62915  -15.891  1.531  -11.926 0.0000000000
62014  -15.983  1.232  -11.735 0.0000000000
62013  -15.898  1.265  -11.731 0.0000000000
62898  -15.320  1.502  -11.598 0.0000000000
62001  -15.803  1.007  -11.375 0.0000000000
62000  -15.405  0.997  -11.095 0.0000000000
62882  -14.971  1.467  -11.036 0.0000000000
61985  -15.135  1.218  -10.964 0.0000000000
62881  -15.001  1.635  -11.005 0.0000000000
61984  -15.045  1.384  -10.951 0.0000000000
62874  -14.957  1.587  -10.951 0.0000000000
61971  -15.038  1.201  -10.782 0.0000000000
63816  -14.881  1.920  -11.064 0.0000000000
62873  -14.789  1.765  -10.829 0.0000000000
61970  -14.994  1.222  -10.841 0.0000000000
63813  -14.880  1.988  -11.021 0.0000000000
62871  -14.485  1.572  -10.217 0.0000000000
61961  -14.898  1.053  -10.490 0.0000000000
63812  -14.672  1.992  -10.852 0.0000000000
62868  -14.301  1.647  -10.101 0.0000000000
61956  -14.580  1.033  -10.082 0.0000000000
62870  -14.228  1.918  -10.101 0.0000000000
63810  -14.535  1.986  -10.536 0.0000000000
62867  -14.234  1.724  -9.978 0.0000000000
61955  -14.399  1.323  -10.018 0.0000000000
62034  -16.346  1.010  -12.004 0.0000000000
61157  -16.631  0.839  -12.067 0.0000000000
61156  -16.031  0.974  -12.008 0.0000000000
62015  -16.095  1.170  -11.829 0.0000000000
61136  -16.246  1.024  -11.820 0.0000000000
61135  -16.019  1.064  -11.654 0.0000000000
62002  -15.942  1.036  -11.534 0.0000000000
61116  -16.004  0.964  -11.140 0.0000000000
61115  -15.922  1.009  -11.235 0.0000000000
61986  -15.515  0.978  -11.044 0.0000000000
61101  -15.765  0.884  -11.081 0.0000000000
61100  -15.403  1.025  -10.986 0.0000000000
61972  -15.167  1.140  -10.808 0.0000000000
61089  -15.282  0.992  -10.800 0.0000000000
61088  -15.125  1.081  -10.754 0.0000000000
61962  -14.971  1.044  -10.540 0.0000000000
61079  -15.002  0.942  -10.494 0.0000000000
61078  -14.979  0.988  -10.331 0.0000000000
61069  -14.813  0.866  -10.219 0.0000000000
61953  -14.520  1.096  -9.995 0.0000000000
61064  -14.630  0.991  -9.979 0.0000000000
61952  -14.393  1.138  -9.967 0.0000000000
61063  -14.448  0.999  -9.900 0.0000000000
61949  -14.240  1.272  -9.388 0.0000000000
61060  -14.262  0.997  -9.447 0.0000000000
62865  -14.106  1.710  -9.735 0.0000000000
60263  -16.810  0.639  -12.046 0.0000000000
61137  -16.496  0.860  -11.902 0.0000000000
60245  -16.840  0.543  -11.966 0.0000000000
60244  -16.601  0.957  -11.994 0.0000000000
61117  -16.029  0.988  -11.583 0.0000000000
60222  -16.248  0.821  -11.589 0.0000000000
60221  -15.996  0.858  -11.232 0.0000000000
61102  -15.928  0.753  -11.129 0.0000000000
60207  -16.026  0.500  -11.162 0.0000000000
60206  -15.926  0.666  -11.082 0.0000000000
61090  -15.612  0.852  -11.007 0.0000000000
60192  -15.866  0.546  -11.014 0.0000000000
60191  -15.425  0.877  -10.852 0.0000000000
61080  -15.079  0.928  -10.524 0.0000000000
60180  -15.121  0.530  -10.442 0.0000000000
60179  -14.991  0.761  -10.316 0.0000000000
61070  -14.930  0.798  -10.237 0.0000000000
60170  -14.882  0.545  -9.973 0.0000000000
60169  -14.770  0.743  -10.018 0.0000000000
61061  -14.543  0.960  -9.729 0.0000000000
60161  -14.732  0.528  -9.882 0.0000000000
60155  -14.364  0.573  -9.401 0.0000000000
61057  -14.219  1.011  -9.046 0.0000000000
60154  -14.194  0.935  -9.093 0.0000000000
60246  -16.896  0.439  -11.968 0.0000000000
59354  -17.006  0.281  -11.878 0.0000000000
60223  -16.799  0.269  -11.673 0.0000000000
59331  -16.928  0.061  -11.551 0.0000000000
59330  -16.530  0.118  -11.199 0.0000000000
60208  -16.206  0.424  -11.055 0.0000000000
59317  -16.361  0.112  -11.023 0.0000000000
60193  -15.995  0.366  -10.957 0.0000000000
59316  -16.054  0.199  -10.980 0.0000000000
59302  -16.050  0.166  -10.731 0.0000000000
60181  -15.699  0.422  -10.493 0.0000000000
59301  -15.981  0.178  -10.708 0.0000000000
59289  -15.683  -0.011  -10.259 0.0000000000
60171  -15.139  0.348  -10.031 0.0000000000
59288  -15.252  0.203  -10.010 0.0000000000
59280  -15.304  0.162  -10.009 0.0000000000
60162  -14.923  0.467  -9.986 0.0000000000
59279  -15.065  0.118  -10.049 0.0000000000
59271  -15.038  0.120  -9.716 0.0000000000
59270  -14.921  0.092  -9.583 0.0000000000
60150  -14.457  0.281  -9.006 0.0000000000
59261  -14.700  -0.015  -9.261 0.0000000000
60149  -14.270  0.619  -8.979 0.0000000000
59253  -14.567  0.066  -8.979 0.0000000000
59332  -17.021  0.019  -11.757 0.0000000000
58457  -17.089  -0.089  -11.745 0.0000000000
58433  -16.997  -0.116  -11.423 0.0000000000
59318  -16.700  -0.046  -11.278 0.0000000000
58432  -16.880  -0.143  -11.298 0.0000000000
58415  -16.782  -0.229  -11.056 0.0000000000
59303  -16.285  0.098  -10.873 0.0000000000
58414  -16.428  -0.014  -10.992 0.0000000000
58399  -16.246  -0.016  -10.777 0.0000000000
59290  -15.998  0.013  -10.530 0.0000000000
58398  -16.028  -0.003  -10.595 0.0000000000
58383  -15.911  -0.098  -10.253 0.0000000000
59281  -15.539  -0.006  -10.072 0.0000000000
58382  -15.919  0.026  -10.054 0.0000000000
58371  -15.607  -0.165  -9.998 0.0000000000
59272  -15.195  0.080  -9.805 0.0000000000
58370  -15.339  0.031  -9.887 0.0000000000
58362  -15.133  -0.022  -9.645 0.0000000000
59262  -14.915  -0.039  -9.404 0.0000000000
58361  -14.993  -0.065  -9.485 0.0000000000
58354  -14.893  -0.193  -9.245 0.0000000000
58353  -14.657  -0.085  -9.141 0.0000000000
57498  -17.180  -0.492  -11.093 0.0000000000
58416  -16.980  -0.313  -11.164 0.0000000000
57497  -16.988  -0.540  -11.191 0.0000000000
57475  -17.003  -0.651  -10.996 0.0000000000
58400  -16.564  -0.156  -10.986 0.0000000000
57458  -16.894  -0.589  -10.884 0.0000000000
57474  -16.938  -0.518  -10.984 0.0000000000
57457  -16.487  -0.161  -10.898 0.0000000000
58384  -16.077  -0.113  -10.542 0.0000000000
57439  -16.291  -0.103  -10.428 0.0000000000
57438  -16.019  -0.313  -10.328 0.0000000000
58372  -15.836  -0.248  -10.139 0.0000000000
57424  -16.028  -0.419  -10.019 0.0000000000
57423  -15.844  -0.688  -10.007 0.0000000000
58363  -15.416  -0.029  -9.906 0.0000000000
57418  -15.639  -0.529  -9.843 0.0000000000
57417  -15.437  -0.048  -9.609 0.0000000000
58355  -15.066  -0.102  -9.446 0.0000000000
57409  -15.224  -0.486  -9.289 0.0000000000
57408  -15.004  -0.436  -9.170 0.0000000000
58345  -14.775  -0.233  -9.044 0.0000000000
57400  -15.035  -0.519  -8.985 0.0000000000
57477  -17.701  -0.777  -11.000 0.0000000000
57476  -17.062  -0.680  -11.006 0.0000000000
56552  -17.386  -0.852  -10.925 0.0000000000
56551  -17.094  -0.804  -10.914 0.0000000000
57459  -16.989  -0.631  -10.891 0.0000000000
56529  -17.078  -0.881  -10.742 0.0000000000
56528  -17.154  -0.863  -10.610 0.0000000000
57440  -16.711  -0.910  -10.503 0.0000000000
56511  -16.773  -0.923  -10.427 0.0000000000
56510  -16.305  -0.973  -10.093 0.0000000000
56509  -15.995  -0.735  -10.104 0.0000000000
56489  -16.006  -1.063  -10.043 0.0000000000
56488  -15.998  -0.952  -9.981 0.0000000000
57410  -15.636  -0.803  -9.512 0.0000000000
56475  -15.883  -0.987  -9.880 0.0000000000
56465  -15.586  -1.014  -9.336 0.0000000000
57401  -15.260  -0.767  -8.998 0.0000000000
56464  -15.251  -0.966  -9.002 0.0000000000
56458  -15.202  -0.896  -8.882 0.0000000000
56531  -17.949  -1.075  -10.998 0.0000000000
55646  -17.935  -1.127  -11.018 0.0000000000
56530  -17.601  -0.931  -10.843 0.0000000000
55622  -17.887  -1.191  -10.863 0.0000000000
55621  -17.347  -1.002  -10.762 0.0000000000
56512  -16.972  -1.047  -10.475 0.0000000000
55620  -17.013  -0.896  -10.416 0.0000000000
55599  -17.068  -1.127  -10.189 0.0000000000
56491  -16.755  -0.993  -10.015 0.0000000000
55598  -16.884  -1.150  -10.261 0.0000000000
56490  -16.468  -1.012  -10.021 0.0000000000
55581  -16.804  -1.029  -9.980 0.0000000000
55580  -16.343  -1.078  -9.982 0.0000000000
56476  -16.003  -1.014  -9.911 0.0000000000
55579  -16.099  -1.086  -9.908 0.0000000000
55565  -15.979  -1.210  -9.715 0.0000000000
55564  -15.741  -1.153  -9.543 0.0000000000
55551  -15.511  -1.275  -9.086 0.0000000000
55550  -15.274  -1.024  -8.987 0.0000000000
56449  -15.102  -0.966  -8.698 0.0000000000
55530  -15.171  -1.005  -8.661 0.0000000000
55537  -15.290  -1.070  -8.918 0.0000000000
56457  -15.090  -0.820  -8.854 0.0000000000
56448  -15.014  -0.896  -8.679 0.0000000000
57391  -15.030  -0.667  -8.946 0.0000000000
55529  -14.992  -1.095  -8.549 0.0000000000
56440  -14.771  -0.974  -8.396 0.0000000000
55523  -14.977  -1.084  -8.226 0.0000000000
56447  -14.856  -0.904  -8.513 0.0000000000
57390  -14.698  -0.405  -8.837 0.0000000000
56439  -14.498  -0.980  -8.032 0.0000000000
57381  -14.540  -0.687  -8.412 0.0000000000
55522  -14.636  -1.035  -8.160 0.0000000000
55623  -17.992  -1.243  -10.842 0.0000000000
54751  -18.001  -1.460  -10.666 0.0000000000
54750  -17.985  -1.451  -10.683 0.0000000000
55601  -17.779  -1.297  -10.685 0.0000000000
54729  -17.998  -1.672  -10.490 0.0000000000
55600  -17.041  -1.232  -10.387 0.0000000000
54728  -17.392  -1.803  -10.333 0.0000000000
54727  -16.993  -1.560  -10.139 0.0000000000
55582  -17.039  -1.191  -10.048 0.0000000000
54708  -17.038  -1.583  -10.000 0.0000000000
54715  -20.986  -1.233  -9.856 0.0000000000
54695  -20.981  -1.537  -9.654 0.0000000000
55567  -21.016  -1.240  -9.890 0.0000000000
54714  -20.424  -1.398  -9.985 0.0000000000
55568  -21.078  -1.265  -9.731 0.0000000000
55586  -21.078  -1.076  -10.001 0.0000000000
54713  -20.040  -1.722  -10.000 0.0000000000
54707  -16.897  -1.399  -9.981 0.0000000000
54706  -16.667  -1.246  -9.967 0.0000000000
55566  -16.083  -1.145  -9.931 0.0000000000
54690  -16.472  -1.599  -9.995 0.0000000000
54689  -16.008  -1.549  -9.875 0.0000000000
55552  -15.832  -1.350  -9.389 0.0000000000
54677  -16.009  -1.780  -9.350 0.0000000000
54676  -15.704  -1.630  -9.010 0.0000000000
55538  -15.507  -1.334  -8.993 0.0000000000
54661  -15.832  -1.734  -8.991 0.0000000000
54660  -15.460  -1.351  -8.996 0.0000000000
54647  -15.258  -1.514  -8.625 0.0000000000
54646  -15.006  -1.445  -8.418 0.0000000000
54637  -14.955  -1.629  -8.226 0.0000000000
54636  -14.836  -1.486  -8.346 0.0000000000
55515  -14.481  -1.062  -7.951 0.0000000000
54629  -14.723  -1.583  -8.025 0.0000000000
55507  -14.248  -1.035  -7.679 0.0000000000
54624  -14.446  -1.472  -7.549 0.0000000000
55514  -14.376  -1.012  -8.013 0.0000000000
55506  -14.330  -0.987  -7.587 0.0000000000
56429  -14.365  -1.005  -8.003 0.0000000000
54623  -14.213  -1.048  -7.553 0.0000000000
54731  -18.091  -1.748  -10.342 0.0000000000
54730  -18.028  -1.755  -10.417 0.0000000000
54712  -19.849  -1.816  -10.018 0.0000000000
54711  -19.198  -1.843  -9.896 0.0000000000
53834  -18.982  -1.997  -10.108 0.0000000000
53811  -19.067  -2.003  -10.068 0.0000000000
54710  -19.009  -1.927  -10.004 0.0000000000
53833  -18.933  -2.019  -10.054 0.0000000000
53832  -18.420  -1.997  -10.092 0.0000000000
53831  -18.016  -1.987  -10.105 0.0000000000
53830  -17.987  -1.991  -10.222 0.0000000000
53829  -17.833  -1.937  -10.159 0.0000000000
54709  -17.131  -1.826  -10.054 0.0000000000
53806  -17.509  -1.978  -10.040 0.0000000000
54694  -20.880  -1.543  -9.742 0.0000000000
54693  -20.218  -1.751  -9.892 0.0000000000
53814  -19.987  -1.899  -9.948 0.0000000000
53793  -20.083  -1.980  -9.742 0.0000000000
53813  -20.031  -1.981  -10.010 0.0000000000
53812  -19.532  -1.958  -9.942 0.0000000000
53805  -17.159  -1.790  -9.948 0.0000000000
54692  -17.046  -1.710  -9.869 0.0000000000
54691  -16.993  -1.724  -9.861 0.0000000000
53795  -20.928  -1.907  -9.433 0.0000000000
53777  -21.020  -1.995  -9.333 0.0000000000
54679  -21.024  -1.812  -9.394 0.0000000000
53794  -20.539  -1.853  -9.647 0.0000000000
54696  -20.990  -1.572  -9.585 0.0000000000
53789  -17.136  -1.891  -9.802 0.0000000000
53788  -16.860  -1.987  -9.687 0.0000000000
54678  -16.308  -1.991  -9.451 0.0000000000
53787  -16.617  -1.987  -9.613 0.0000000000
53778  -21.081  -2.001  -9.141 0.0000000000
54680  -20.986  -1.636  -9.272 0.0000000000
53773  -16.337  -2.013  -9.246 0.0000000000
54662  -15.987  -1.914  -9.001 0.0000000000
53772  -16.040  -1.984  -9.033 0.0000000000
53761  -16.076  -1.929  -8.988 0.0000000000
54648  -15.689  -1.802  -8.832 0.0000000000
53760  -15.962  -1.969  -8.916 0.0000000000
53747  -15.640  -1.898  -8.642 0.0000000000
54638  -15.055  -1.854  -8.132 0.0000000000
53746  -15.292  -1.989  -8.235 0.0000000000
53735  -15.141  -1.999  -8.016 0.0000000000
54630  -14.951  -1.824  -8.085 0.0000000000
53734  -15.006  -1.906  -8.034 0.0000000000
53724  -14.984  -1.915  -7.889 0.0000000000
53723  -14.794  -1.958  -7.792 0.0000000000
54616  -14.461  -1.652  -7.036 0.0000000000
53716  -14.671  -2.012  -7.257 0.0000000000
54615  -14.219  -1.198  -7.222 0.0000000000
54606  -14.692  -1.771  -6.980 0.0000000000
53710  -14.605  -2.011  -6.999 0.0000000000
54605  -14.241  -1.434  -6.998 0.0000000000
55498  -14.219  -1.062  -7.106 0.0000000000
53810  -18.932  -2.071  -10.067 0.0000000000
53809  -18.662  -2.082  -10.034 0.0000000000
53808  -18.134  -2.046  -10.077 0.0000000000
53807  -17.956  -2.038  -10.061 0.0000000000
53792  -19.955  -1.943  -9.795 0.0000000000
53791  -19.654  -1.957  -9.767 0.0000000000
52929  -19.220  -2.009  -9.924 0.0000000000
52928  -18.968  -2.288  -10.014 0.0000000000
52927  -18.752  -2.186  -9.997 0.0000000000
52926  -18.358  -2.197  -10.017 0.0000000000
52925  -18.003  -2.133  -10.012 0.0000000000
52924  -17.880  -2.106  -9.975 0.0000000000
53790  -17.353  -1.978  -9.889 0.0000000000
52923  -17.499  -2.023  -10.017 0.0000000000
53776  -20.715  -2.000  -9.377 0.0000000000
53775  -20.174  -2.008  -9.552 0.0000000000
52911  -20.016  -2.031  -9.730 0.0000000000
52910  -19.992  -2.103  -9.628 0.0000000000
52909  -19.320  -2.146  -10.013 0.0000000000
52906  -17.203  -2.012  -9.773 0.0000000000
52905  -17.006  -2.138  -9.755 0.0000000000
53774  -16.643  -2.044  -9.474 0.0000000000
52904  -16.884  -2.170  -9.629 0.0000000000
52895  -21.007  -2.298  -9.202 0.0000000000
52896  -21.186  -2.044  -9.241 0.0000000000
52894  -20.575  -2.133  -9.346 0.0000000000
52893  -20.130  -2.226  -9.494 0.0000000000
52890  -16.661  -2.312  -9.265 0.0000000000
53762  -16.106  -2.019  -9.013 0.0000000000
52889  -16.181  -2.027  -9.033 0.0000000000
52880  -16.215  -2.150  -8.939 0.0000000000
53748  -15.966  -2.024  -8.863 0.0000000000
52871  -15.997  -2.293  -8.609 0.0000000000
52879  -15.988  -2.017  -8.958 0.0000000000
52870  -15.833  -2.077  -8.642 0.0000000000
53736  -15.319  -2.069  -8.174 0.0000000000
52860  -15.607  -2.313  -8.255 0.0000000000
52859  -15.171  -2.024  -7.998 0.0000000000
53725  -14.948  -2.032  -8.019 0.0000000000
52849  -15.091  -2.065  -7.925 0.0000000000
52848  -14.944  -2.080  -7.931 0.0000000000
53717  -14.893  -2.031  -7.464 0.0000000000
52839  -14.940  -2.118  -7.679 0.0000000000
53711  -14.940  -1.995  -6.977 0.0000000000
52832  -14.968  -2.200  -7.136 0.0000000000
52831  -14.770  -2.136  -6.968 0.0000000000
53704  -14.570  -2.013  -6.880 0.0000000000
52825  -14.689  -2.225  -6.981 0.0000000000
52046  -18.966  -2.557  -9.849 0.0000000000
52023  -19.018  -2.723  -9.846 0.0000000000
52908  -19.045  -2.339  -10.002 0.0000000000
52045  -18.946  -2.522  -9.871 0.0000000000
52044  -18.382  -2.432  -9.902 0.0000000000
52043  -18.044  -2.312  -9.968 0.0000000000
52042  -18.013  -2.314  -10.018 0.0000000000
52907  -17.662  -2.218  -9.957 0.0000000000
52019  -17.990  -2.605  -9.895 0.0000000000
52025  -19.967  -2.651  -9.323 0.0000000000
52005  -20.015  -2.618  -9.355 0.0000000000
52892  -19.989  -2.308  -9.516 0.0000000000
52024  -19.577  -2.618  -9.535 0.0000000000
52018  -17.477  -2.597  -9.643 0.0000000000
52017  -17.008  -2.350  -9.524 0.0000000000
52891  -16.906  -2.338  -9.435 0.0000000000
52002  -17.032  -2.748  -9.204 0.0000000000
52883  -21.161  -2.274  -9.079 0.0000000000
53763  -21.333  -1.992  -9.014 0.0000000000
52008  -20.943  -2.601  -9.021 0.0000000000
51990  -21.004  -2.579  -8.993 0.0000000000
52882  -21.003  -2.217  -8.926 0.0000000000
52007  -20.831  -2.662  -9.035 0.0000000000
52006  -20.158  -2.671  -9.279 0.0000000000
52001  -16.996  -2.714  -9.143 0.0000000000
52881  -16.732  -2.232  -8.990 0.0000000000
51986  -16.947  -2.790  -9.018 0.0000000000
51991  -21.131  -2.453  -8.997 0.0000000000
52884  -21.382  -2.157  -8.991 0.0000000000
51985  -16.548  -2.472  -9.004 0.0000000000
52872  -16.061  -2.137  -8.877 0.0000000000
51975  -16.466  -2.574  -8.708 0.0000000000
51974  -16.006  -2.402  -8.543 0.0000000000
52861  -16.003  -2.235  -8.183 0.0000000000
51966  -16.016  -2.746  -8.180 0.0000000000
51965  -15.832  -2.683  -7.972 0.0000000000
52850  -15.415  -2.316  -7.998 0.0000000000
51957  -15.839  -2.755  -7.960 0.0000000000
51956  -15.381  -2.403  -7.925 0.0000000000
52840  -14.995  -2.203  -7.570 0.0000000000
51947  -15.360  -2.615  -7.576 0.0000000000
52833  -15.015  -2.400  -7.202 0.0000000000
51940  -15.101  -2.640  -7.018 0.0000000000
52826  -14.973  -2.402  -7.002 0.0000000000
51939  -15.006  -2.562  -7.006 0.0000000000
52820  -14.999  -2.575  -6.856 0.0000000000
51932  -15.056  -2.769  -6.903 0.0000000000
52819  -14.789  -2.347  -6.648 0.0000000000
51926  -14.972  -2.884  -6.550 0.0000000000
52022  -18.985  -2.824  -9.714 0.0000000000
52021  -18.887  -2.870  -9.657 0.0000000000
52020  -18.003  -2.732  -9.724 0.0000000000
52004  -19.899  -2.949  -9.239 0.0000000000
51146  -19.321  -2.992  -9.585 0.0000000000
51145  -18.992  -2.989  -9.682 0.0000000000
51144  -18.880  -2.987  -9.679 0.0000000000
51143  -18.217  -3.004  -9.670 0.0000000000
51142  -17.998  -2.990  -9.681 0.0000000000
51141  -17.985  -2.978  -9.742 0.0000000000
52003  -17.251  -2.917  -9.313 0.0000000000
51140  -17.584  -2.958  -9.514 0.0000000000
51989  -20.818  -2.801  -8.965 0.0000000000
51988  -20.509  -2.974  -8.995 0.0000000000
51130  -20.173  -3.010  -9.210 0.0000000000
51129  -19.983  -3.009  -9.325 0.0000000000
51128  -19.735  -2.987  -9.346 0.0000000000
51126  -17.263  -3.022  -9.121 0.0000000000
51987  -17.026  -2.941  -9.003 0.0000000000
51125  -17.135  -3.033  -9.016 0.0000000000
51117  -21.029  -2.823  -8.974 0.0000000000
51977  -21.190  -2.855  -8.857 0.0000000000
51992  -21.314  -2.533  -8.996 0.0000000000
51116  -21.043  -2.919  -8.930 0.0000000000
51115  -20.566  -3.003  -8.946 0.0000000000
51114  -20.320  -3.034  -9.012 0.0000000000
51112  -17.011  -2.982  -8.978 0.0000000000
51976  -16.898  -2.849  -8.979 0.0000000000
51111  -16.964  -2.984  -8.912 0.0000000000
51098  -16.829  -2.959  -8.813 0.0000000000
51967  -16.059  -2.845  -8.190 0.0000000000
51097  -16.294  -2.995  -8.358 0.0000000000
51084  -16.073  -3.011  -8.049 0.0000000000
51958  -15.994  -2.858  -7.987 0.0000000000
51083  -16.052  -2.914  -8.070 0.0000000000
51073  -15.996  -2.945  -7.932 0.0000000000
51948  -15.765  -2.953  -7.866 0.0000000000
51072  -15.932  -2.989  -7.857 0.0000000000
51062  -15.677  -3.038  -7.523 0.0000000000
51061  -15.362  -2.915  -7.045 0.0000000000
51933  -15.173  -2.813  -6.900 0.0000000000
51050  -15.313  -2.953  -6.929 0.0000000000
51037  -15.189  -2.907  -6.825 0.0000000000
51036  -15.015  -2.989  -6.844 0.0000000000
50210  -19.304  -3.011  -9.677 0.0000000000
50187  -19.681  -3.239  -9.338 0.0000000000
50209  -19.029  -3.063  -9.676 0.0000000000
50208  -19.015  -3.070  -9.759 0.0000000000
50207  -18.562  -3.144  -9.694 0.0000000000
50206  -18.035  -3.030  -9.626 0.0000000000
50205  -18.014  -3.105  -9.647 0.0000000000
51127  -17.646  -3.043  -9.511 0.0000000000
50183  -17.982  -3.451  -9.550 0.0000000000
50189  -20.120  -3.242  -9.143 0.0000000000
50171  -20.277  -3.236  -9.011 0.0000000000
50188  -20.004  -3.251  -9.268 0.0000000000
50182  -17.589  -3.194  -9.319 0.0000000000
51113  -17.096  -3.005  -8.976 0.0000000000
50168  -17.556  -3.282  -9.108 0.0000000000
51101  -21.367  -3.007  -8.749 0.0000000000
50173  -20.919  -3.009  -8.889 0.0000000000
50161  -21.027  -3.034  -8.817 0.0000000000
51100  -21.079  -2.992  -8.798 0.0000000000
50172  -20.681  -3.061  -8.991 0.0000000000
50167  -17.111  -3.076  -8.955 0.0000000000
51099  -17.019  -2.992  -8.913 0.0000000000
50159  -17.033  -3.105  -8.872 0.0000000000
50162  -21.248  -3.178  -8.896 0.0000000000
50148  -21.325  -3.186  -8.343 0.0000000000
51085  -21.558  -3.073  -8.516 0.0000000000
51086  -21.804  -2.989  -8.276 0.0000000000
51102  -21.581  -2.989  -8.651 0.0000000000
50158  -16.830  -3.029  -8.698 0.0000000000
50157  -16.477  -3.009  -8.612 0.0000000000
50145  -16.339  -3.276  -8.162 0.0000000000
51074  -16.085  -2.985  -7.995 0.0000000000
50133  -16.197  -3.072  -7.993 0.0000000000
50132  -16.036  -2.987  -7.921 0.0000000000
51063  -15.894  -2.993  -7.761 0.0000000000
50118  -16.002  -3.038  -7.502 0.0000000000
50117  -15.870  -3.099  -7.616 0.0000000000
51051  -15.578  -3.056  -7.116 0.0000000000
50102  -15.816  -3.368  -7.304 0.0000000000
51038  -15.407  -2.977  -6.971 0.0000000000
50086  -15.614  -3.347  -6.993 0.0000000000
50085  -15.262  -2.990  -6.800 0.0000000000
51021  -15.063  -2.994  -6.595 0.0000000000
51020  -14.976  -3.088  -6.412 0.0000000000
50068  -15.028  -3.260  -6.403 0.0000000000
50186  -19.221  -3.418  -9.474 0.0000000000
49275  -19.027  -3.354  -9.597 0.0000000000
49274  -19.005  -3.490  -9.677 0.0000000000
50185  -18.138  -3.423  -9.436 0.0000000000
49273  -18.624  -3.744  -9.584 0.0000000000
50184  -18.011  -3.342  -9.481 0.0000000000
50170  -20.007  -3.481  -9.004 0.0000000000
49259  -19.949  -3.599  -9.037 0.0000000000
49258  -19.525  -3.833  -9.180 0.0000000000
49257  -19.010  -3.921  -9.346 0.0000000000
49255  -18.236  -3.987  -9.232 0.0000000000
49254  -18.060  -3.848  -9.173 0.0000000000
50169  -17.890  -3.642  -9.171 0.0000000000
49253  -17.987  -3.807  -9.114 0.0000000000
50160  -20.907  -3.136  -8.816 0.0000000000
49240  -20.443  -3.346  -8.971 0.0000000000
49239  -20.094  -3.911  -8.907 0.0000000000
49238  -19.865  -3.913  -8.980 0.0000000000
49235  -17.905  -3.873  -8.987 0.0000000000
49234  -17.420  -3.663  -8.925 0.0000000000
49233  -17.029  -3.527  -8.943 0.0000000000
50147  -21.033  -3.536  -8.499 0.0000000000
49222  -20.991  -3.463  -8.354 0.0000000000
49221  -20.532  -3.857  -8.503 0.0000000000
49218  -17.006  -3.617  -8.647 0.0000000000
50146  -16.490  -3.256  -8.326 0.0000000000
49217  -16.908  -3.666  -8.479 0.0000000000
49212  -21.159  -3.607  -8.144 0.0000000000
50134  -21.335  -3.480  -8.015 0.0000000000
50149  -21.588  -3.211  -7.993 0.0000000000
49211  -20.946  -3.825  -8.070 0.0000000000
49208  -16.547  -3.800  -7.985 0.0000000000
49207  -16.388  -3.630  -8.000 0.0000000000
49204  -21.011  -3.670  -8.033 0.0000000000
50120  -21.278  -3.481  -7.915 0.0000000000
50135  -21.623  -3.149  -7.928 0.0000000000
50119  -16.431  -3.297  -7.837 0.0000000000
49201  -16.285  -3.957  -7.974 0.0000000000
49196  -20.924  -3.710  -7.930 0.0000000000
49197  -21.187  -3.641  -7.637 0.0000000000
50121  -21.729  -3.120  -7.605 0.0000000000
49194  -16.308  -3.788  -7.539 0.0000000000
50103  -15.994  -3.348  -7.168 0.0000000000
49185  -16.039  -3.838  -7.136 0.0000000000
49193  -15.994  -3.582  -7.329 0.0000000000
49184  -15.987  -3.839  -7.094 0.0000000000
49177  -15.953  -3.808  -7.008 0.0000000000
50069  -15.561  -3.345  -6.665 0.0000000000
49169  -15.839  -3.809  -6.889 0.0000000000
49168  -15.401  -3.859  -6.446 0.0000000000
50057  -15.009  -3.416  -6.144 0.0000000000
49160  -15.124  -3.753  -6.108 0.0000000000
50067  -14.974  -3.176  -6.323 0.0000000000
49256  -18.808  -3.973  -9.345 0.0000000000
48329  -19.483  -4.007  -9.013 0.0000000000
48313  -19.634  -3.999  -9.002 0.0000000000
49237  -19.645  -3.891  -9.011 0.0000000000
48328  -19.233  -4.090  -9.184 0.0000000000
48327  -18.987  -4.115  -9.351 0.0000000000
48326  -18.466  -4.110  -9.233 0.0000000000
48325  -18.028  -3.992  -9.129 0.0000000000
49236  -18.031  -3.919  -9.016 0.0000000000
48310  -18.180  -4.013  -9.034 0.0000000000
48315  -20.047  -3.981  -8.751 0.0000000000
48293  -20.239  -4.054  -8.572 0.0000000000
49220  -20.228  -3.993  -8.746 0.0000000000
48314  -19.930  -4.001  -8.873 0.0000000000
48309  -17.989  -4.048  -8.982 0.0000000000
48308  -17.775  -3.955  -8.936 0.0000000000
49219  -17.204  -3.786  -8.678 0.0000000000
48290  -17.458  -4.014  -8.732 0.0000000000
48294  -20.506  -4.005  -8.352 0.0000000000
49210  -20.782  -3.993  -8.094 0.0000000000
48289  -17.067  -3.997  -8.370 0.0000000000
49209  -16.923  -3.980  -8.237 0.0000000000
48274  -16.951  -4.038  -8.186 0.0000000000
48278  -20.871  -3.975  -7.970 0.0000000000
49203  -20.997  -3.765  -7.989 0.0000000000
48277  -20.628  -4.139  -8.213 0.0000000000
48273  -16.784  -3.903  -8.055 0.0000000000
49202  -16.523  -3.819  -7.880 0.0000000000
48265  -20.734  -3.966  -7.997 0.0000000000
49195  -20.971  -3.784  -7.892 0.0000000000
48262  -16.727  -4.001  -7.998 0.0000000000
48261  -16.566  -3.994  -7.876 0.0000000000
49188  -21.149  -3.669  -7.080 0.0000000000
49189  -21.637  -3.339  -7.068 0.0000000000
49187  -20.937  -3.826  -7.189 0.0000000000
48258  -20.958  -3.977  -7.595 0.0000000000
49186  -16.171  -3.879  -7.134 0.0000000000
48255  -16.328  -3.985  -7.453 0.0000000000
50105  -21.837  -3.277  -7.011 0.0000000000
49179  -20.985  -3.770  -6.994 0.0000000000
49180  -21.013  -3.807  -6.961 0.0000000000
50104  -21.343  -3.501  -6.957 0.0000000000
48252  -20.835  -3.949  -7.096 0.0000000000
48250  -16.039  -4.020  -7.099 0.0000000000
49178  -16.002  -3.974  -6.980 0.0000000000
48249  -15.989  -4.047  -6.999 0.0000000000
49171  -20.885  -3.832  -6.620 0.0000000000
49172  -21.015  -3.749  -6.824 0.0000000000
50087  -21.147  -3.619  -6.990 0.0000000000
48245  -20.856  -3.924  -6.984 0.0000000000
48242  -15.972  -4.057  -6.867 0.0000000000
48241  -15.940  -3.945  -6.891 0.0000000000
50071  -21.005  -3.499  -6.377 0.0000000000
48237  -20.800  -4.003  -6.988 0.0000000000
49170  -20.513  -3.881  -6.614 0.0000000000
49162  -20.505  -3.886  -6.263 0.0000000000
49163  -20.833  -3.612  -6.156 0.0000000000
50070  -21.011  -3.462  -6.110 0.0000000000
48236  -20.239  -3.962  -6.589 0.0000000000
48233  -15.703  -3.973  -6.543 0.0000000000
48232  -15.324  -4.004  -6.212 0.0000000000
48227  -20.305  -4.005  -6.110 0.0000000000
49161  -20.284  -3.988  -6.142 0.0000000000
49153  -20.133  -3.995  -5.991 0.0000000000
49154  -20.552  -3.651  -6.032 0.0000000000
48226  -20.143  -4.036  -6.065 0.0000000000
49159  -15.013  -3.896  -6.117 0.0000000000
48223  -15.142  -4.010  -6.017 0.0000000000
48216  -20.057  -3.995  -6.012 0.0000000000
49146  -20.132  -3.940  -5.825 0.0000000000
48208  -20.030  -4.028  -5.364 0.0000000000
49130  -20.210  -3.982  -5.139 0.0000000000
49147  -20.605  -3.575  -5.294 0.0000000000
48312  -19.287  -4.011  -8.986 0.0000000000
47417  -19.023  -4.315  -9.272 0.0000000000
47404  -19.198  -4.273  -9.059 0.0000000000
47416  -18.717  -4.299  -9.261 0.0000000000
48311  -18.411  -4.168  -9.122 0.0000000000
47415  -18.504  -4.233  -9.203 0.0000000000
48292  -20.014  -4.104  -8.839 0.0000000000
47406  -19.839  -4.036  -8.927 0.0000000000
47391  -19.997  -4.097  -8.872 0.0000000000
47405  -19.488  -4.101  -8.920 0.0000000000
47402  -18.459  -4.416  -9.051 0.0000000000
47401  -18.018  -4.251  -8.994 0.0000000000
48291  -17.829  -3.984  -8.994 0.0000000000
47388  -17.916  -4.343  -8.864 0.0000000000
47400  -17.946  -4.134  -8.995 0.0000000000
47392  -20.100  -4.289  -8.606 0.0000000000
47377  -20.279  -4.313  -8.271 0.0000000000
48276  -20.441  -3.983  -8.308 0.0000000000
47387  -17.763  -4.161  -8.839 0.0000000000
48275  -17.061  -4.010  -8.303 0.0000000000
47375  -17.153  -4.158  -8.239 0.0000000000
47378  -20.501  -4.200  -8.002 0.0000000000
47361  -20.520  -4.256  -8.004 0.0000000000
48264  -20.754  -4.012  -7.900 0.0000000000
47374  -17.026  -4.288  -8.087 0.0000000000
48263  -16.990  -4.002  -7.988 0.0000000000
47359  -16.998  -4.249  -7.993 0.0000000000
47346  -20.525  -4.264  -7.569 0.0000000000
48257  -20.804  -3.979  -7.280 0.0000000000
47358  -16.911  -4.147  -7.988 0.0000000000
48256  -16.627  -4.025  -7.842 0.0000000000
47343  -16.837  -4.383  -7.735 0.0000000000
47337  -20.568  -4.185  -7.017 0.0000000000
48251  -20.774  -4.056  -7.106 0.0000000000
47342  -16.597  -4.140  -7.684 0.0000000000
47334  -16.106  -4.423  -7.297 0.0000000000
47328  -20.518  -4.219  -6.984 0.0000000000
48244  -20.616  -4.081  -6.968 0.0000000000
47333  -15.982  -4.223  -7.022 0.0000000000
47324  -15.996  -4.526  -7.009 0.0000000000
47327  -20.217  -4.484  -6.986 0.0000000000
48243  -20.303  -4.074  -6.881 0.0000000000
47320  -20.126  -4.386  -6.499 0.0000000000
48235  -20.223  -4.087  -6.154 0.0000000000
48234  -15.984  -4.003  -6.859 0.0000000000
47318  -16.008  -4.230  -6.873 0.0000000000
47314  -20.028  -4.230  -6.067 0.0000000000
47317  -16.008  -4.267  -6.678 0.0000000000
48224  -15.393  -4.008  -6.065 0.0000000000
47311  -15.589  -4.325  -6.106 0.0000000000
47313  -19.952  -4.179  -6.050 0.0000000000
48225  -19.999  -4.092  -5.991 0.0000000000
47305  -19.929  -4.085  -5.877 0.0000000000
48215  -20.006  -4.018  -5.527 0.0000000000
47403  -18.935  -4.484  -9.053 0.0000000000
47390  -19.865  -4.177  -8.931 0.0000000000
46467  -19.368  -4.386  -9.093 0.0000000000
46466  -19.082  -4.606  -8.938 0.0000000000
46465  -18.990  -4.701  -8.902 0.0000000000
46464  -18.473  -4.683  -8.872 0.0000000000
47389  -17.998  -4.467  -8.779 0.0000000000
46463  -18.048  -4.710  -8.727 0.0000000000
47376  -19.996  -4.527  -8.348 0.0000000000
46453  -19.986  -4.464  -8.510 0.0000000000
46452  -19.491  -4.929  -8.582 0.0000000000
46448  -18.053  -4.773  -8.503 0.0000000000
46447  -17.936  -4.675  -8.532 0.0000000000
46446  -17.496  -4.823  -8.183 0.0000000000
47360  -20.194  -4.495  -8.009 0.0000000000
46437  -20.005  -4.664  -8.021 0.0000000000
46436  -19.963  -4.797  -8.054 0.0000000000
46431  -17.198  -4.729  -8.019 0.0000000000
46430  -17.022  -4.572  -7.993 0.0000000000
47345  -20.123  -4.694  -7.853 0.0000000000
46423  -20.047  -4.700  -7.975 0.0000000000
47344  -17.018  -4.502  -7.802 0.0000000000
46419  -17.089  -4.641  -7.851 0.0000000000
47336  -20.223  -4.636  -7.159 0.0000000000
46409  -19.993  -4.769  -7.734 0.0000000000
46395  -20.014  -4.740  -7.187 0.0000000000
46406  -17.022  -4.785  -7.488 0.0000000000
47335  -16.805  -4.659  -7.559 0.0000000000
46405  -17.016  -4.844  -7.484 0.0000000000
46387  -20.065  -4.721  -7.013 0.0000000000
46392  -16.740  -4.942  -7.085 0.0000000000
47325  -16.111  -4.446  -6.980 0.0000000000
46391  -16.571  -4.989  -7.002 0.0000000000
46386  -19.984  -4.723  -6.968 0.0000000000
47326  -20.019  -4.594  -6.997 0.0000000000
47319  -19.996  -4.521  -6.690 0.0000000000
46378  -19.834  -4.432  -6.777 0.0000000000
46383  -16.375  -4.793  -6.840 0.0000000000
46382  -15.908  -4.600  -6.953 0.0000000000
46370  -19.956  -4.255  -6.171 0.0000000000
46375  -16.028  -4.667  -6.449 0.0000000000
46374  -15.849  -4.895  -6.399 0.0000000000
46369  -19.900  -4.679  -6.001 0.0000000000
47312  -19.720  -4.491  -6.036 0.0000000000
47304  -19.723  -4.433  -5.987 0.0000000000
46361  -19.497  -4.742  -6.013 0.0000000000
46451  -19.004  -4.888  -8.495 0.0000000000
46450  -18.980  -4.925  -8.614 0.0000000000
46449  -18.342  -4.977  -8.522 0.0000000000
46435  -19.444  -4.971  -8.155 0.0000000000
45525  -19.001  -4.998  -8.303 0.0000000000
46434  -19.122  -5.002  -8.249 0.0000000000
45524  -19.027  -5.047  -8.388 0.0000000000
45523  -18.805  -5.039  -8.422 0.0000000000
45522  -18.330  -5.042  -8.479 0.0000000000
46433  -18.008  -4.981  -8.218 0.0000000000
45509  -18.019  -5.049  -8.244 0.0000000000
46432  -17.701  -4.979  -8.244 0.0000000000
46422  -19.816  -4.784  -7.984 0.0000000000
45513  -19.379  -5.023  -8.086 0.0000000000
46421  -19.570  -4.919  -8.054 0.0000000000
45512  -19.159  -5.076  -8.157 0.0000000000
45508  -17.836  -5.053  -8.133 0.0000000000
45507  -17.528  -5.043  -8.092 0.0000000000
46420  -17.301  -4.782  -7.940 0.0000000000
45499  -19.666  -4.885  -7.932 0.0000000000
46408  -19.926  -4.805  -7.884 0.0000000000
45498  -19.307  -5.034  -7.983 0.0000000000
46407  -17.277  -4.790  -7.716 0.0000000000
45492  -17.383  -4.993  -7.913 0.0000000000
46394  -19.965  -4.803  -7.180 0.0000000000
45485  -19.835  -4.977  -7.662 0.0000000000
45481  -17.214  -5.024  -7.475 0.0000000000
46393  -16.924  -4.973  -7.208 0.0000000000
45480  -16.959  -4.997  -7.133 0.0000000000
45469  -19.867  -4.987  -7.012 0.0000000000
45465  -16.961  -5.098  -7.108 0.0000000000
46384  -16.725  -5.003  -6.982 0.0000000000
45464  -16.980  -4.985  -6.998 0.0000000000
45453  -19.621  -5.000  -7.016 0.0000000000
46385  -19.630  -4.996  -6.945 0.0000000000
46377  -19.610  -4.773  -6.911 0.0000000000
45452  -19.484  -5.001  -7.063 0.0000000000
45449  -16.694  -4.985  -6.967 0.0000000000
46376  -16.090  -4.924  -6.437 0.0000000000
45448  -16.395  -5.010  -6.767 0.0000000000
45443  -19.381  -4.964  -6.535 0.0000000000
45434  -19.441  -4.990  -6.061 0.0000000000
45511  -18.878  -5.084  -8.182 0.0000000000
45510  -18.483  -5.088  -8.241 0.0000000000
45497  -19.019  -5.431  -7.984 0.0000000000
45496  -18.642  -5.120  -8.046 0.0000000000
45495  -18.207  -5.043  -8.016 0.0000000000
45494  -17.963  -5.105  -8.057 0.0000000000
45493  -17.789  -5.152  -8.007 0.0000000000
45484  -19.464  -5.076  -7.533 0.0000000000
44566  -19.003  -5.337  -7.694 0.0000000000
44555  -19.084  -5.314  -7.410 0.0000000000
45483  -19.226  -5.226  -7.320 0.0000000000
44565  -18.918  -5.302  -7.855 0.0000000000
44564  -18.261  -5.186  -7.995 0.0000000000
44563  -18.003  -5.179  -7.979 0.0000000000
44562  -17.949  -5.175  -7.989 0.0000000000
45482  -17.680  -5.032  -7.910 0.0000000000
44551  -17.859  -5.380  -7.767 0.0000000000
45468  -19.762  -5.111  -6.996 0.0000000000
44543  -19.001  -5.539  -7.032 0.0000000000
45467  -19.140  -5.012  -7.108 0.0000000000
44550  -17.567  -5.227  -7.621 0.0000000000
45466  -17.084  -5.165  -7.165 0.0000000000
44538  -17.450  -5.406  -7.218 0.0000000000
44525  -19.157  -5.280  -6.905 0.0000000000
45451  -19.288  -4.953  -6.961 0.0000000000
44537  -17.016  -5.205  -6.930 0.0000000000
45450  -16.962  -5.149  -7.000 0.0000000000
44519  -16.981  -5.306  -6.987 0.0000000000
45442  -19.269  -5.070  -6.489 0.0000000000
44518  -16.929  -5.384  -6.901 0.0000000000
44517  -16.608  -5.034  -6.890 0.0000000000
44507  -19.063  -5.433  -6.384 0.0000000000
45433  -19.155  -5.044  -6.079 0.0000000000
44554  -19.004  -5.507  -7.298 0.0000000000
44553  -18.527  -5.444  -7.469 0.0000000000
44552  -18.013  -5.446  -7.637 0.0000000000
44542  -18.955  -5.418  -7.099 0.0000000000
44541  -18.679  -5.486  -7.014 0.0000000000
44540  -18.199  -5.489  -7.032 0.0000000000
44539  -17.985  -5.583  -7.106 0.0000000000
44524  -18.979  -5.364  -6.954 0.0000000000
44523  -18.362  -5.545  -6.960 0.0000000000
44522  -17.987  -5.464  -6.998 0.0000000000
44521  -17.849  -5.620  -6.934 0.0000000000
44520  -17.321  -5.520  -6.933 0.0000000000
43612  -18.872  -5.536  -6.941 0.0000000000
43594  -19.008  -5.730  -6.338 0.0000000000
44506  -18.991  -5.527  -6.193 0.0000000000
43611  -18.375  -5.622  -6.877 0.0000000000
43610  -18.044  -5.704  -6.962 0.0000000000
43609  -17.999  -5.690  -6.902 0.0000000000
43608  -17.604  -5.768  -6.849 0.0000000000
43607  -17.125  -5.772  -6.848 0.0000000000
43606  -17.000  -5.585  -6.887 0.0000000000
44498  -19.051  -5.412  -6.026 0.0000000000
63815  -14.816  2.013  -10.988 0.0000000000
68310  -14.995  3.764  -12.041 0.0000000000
69183  -15.069  3.964  -12.018 0.0000000000
69184  -15.217  4.010  -12.091 0.0000000000
69180  -15.064  4.062  -11.976 0.0000000000
69181  -15.152  4.048  -12.002 0.0000000000
