#!ascii label  , from subject  vox2ras=TkReg
562
74525  -21.637  6.023  -16.323 0.0000000000
74524  -21.187  5.997  -16.500 0.0000000000
73706  -21.216  5.976  -16.600 0.0000000000
73707  -21.856  5.885  -16.226 0.0000000000
74526  -21.965  6.034  -16.241 0.0000000000
75348  -21.446  6.164  -16.275 0.0000000000
75349  -21.913  6.518  -16.296 0.0000000000
73708  -21.962  5.955  -16.128 0.0000000000
74515  -21.966  5.979  -16.134 0.0000000000
74527  -22.075  6.059  -16.113 0.0000000000
75350  -21.984  6.489  -16.293 0.0000000000
74516  -22.122  5.969  -16.054 0.0000000000
74528  -22.703  6.019  -16.124 0.0000000000
75351  -22.400  6.503  -16.337 0.0000000000
74517  -22.801  6.021  -16.015 0.0000000000
74529  -23.046  5.915  -16.198 0.0000000000
75352  -22.944  6.415  -16.388 0.0000000000
74518  -23.026  5.993  -15.997 0.0000000000
73698  -22.995  5.859  -16.036 0.0000000000
73709  -23.035  5.898  -16.175 0.0000000000
74530  -23.101  6.035  -16.401 0.0000000000
75353  -23.011  6.432  -16.442 0.0000000000
74540  -23.405  5.998  -16.532 0.0000000000
74539  -23.083  6.008  -16.214 0.0000000000
73710  -23.293  5.963  -16.696 0.0000000000
75364  -23.187  6.494  -16.663 0.0000000000
73720  -23.408  5.964  -16.998 0.0000000000
74551  -23.491  6.007  -16.976 0.0000000000
75365  -23.456  6.457  -16.978 0.0000000000
73732  -23.315  5.980  -17.064 0.0000000000
74561  -23.409  6.047  -17.184 0.0000000000
75374  -23.325  6.497  -17.023 0.0000000000
73738  -23.356  5.976  -17.557 0.0000000000
74564  -23.393  6.027  -17.687 0.0000000000
75386  -23.312  6.484  -17.430 0.0000000000
73741  -23.065  5.974  -17.878 0.0000000000
74563  -23.047  6.047  -18.018 0.0000000000
75390  -23.225  6.257  -17.757 0.0000000000
75362  -21.281  6.471  -16.628 0.0000000000
75363  -21.838  6.668  -16.733 0.0000000000
76186  -21.975  6.860  -16.420 0.0000000000
76185  -21.955  6.933  -16.543 0.0000000000
76187  -22.095  6.965  -16.363 0.0000000000
76188  -22.671  7.015  -16.455 0.0000000000
76189  -22.996  6.876  -16.597 0.0000000000
76200  -23.016  6.947  -16.811 0.0000000000
74538  -21.018  6.055  -16.670 0.0000000000
75361  -20.896  6.533  -16.687 0.0000000000
76196  -20.999  6.939  -16.771 0.0000000000
76197  -21.329  7.009  -16.712 0.0000000000
76201  -23.273  6.923  -16.909 0.0000000000
76212  -23.120  6.732  -16.955 0.0000000000
76224  -23.234  6.765  -17.054 0.0000000000
75389  -23.079  6.477  -17.844 0.0000000000
75385  -23.133  6.732  -17.613 0.0000000000
76223  -23.105  6.957  -17.226 0.0000000000
74567  -22.981  6.046  -18.037 0.0000000000
75394  -22.979  6.433  -17.974 0.0000000000
76226  -23.080  6.993  -17.806 0.0000000000
76229  -23.005  6.811  -17.968 0.0000000000
76198  -21.808  7.021  -16.622 0.0000000000
77098  -22.010  6.993  -16.426 0.0000000000
77109  -21.966  7.025  -16.479 0.0000000000
77099  -22.109  7.031  -16.439 0.0000000000
77100  -22.646  7.000  -16.627 0.0000000000
76199  -22.853  7.006  -16.729 0.0000000000
76195  -20.970  7.015  -16.876 0.0000000000
77106  -20.988  7.082  -16.816 0.0000000000
77107  -21.020  7.080  -16.735 0.0000000000
77108  -21.551  7.233  -16.702 0.0000000000
77111  -22.964  7.149  -16.766 0.0000000000
77112  -23.031  7.050  -16.865 0.0000000000
76211  -23.028  6.980  -16.915 0.0000000000
77123  -22.889  7.119  -16.987 0.0000000000
77136  -23.031  7.104  -17.446 0.0000000000
77140  -23.011  7.057  -17.876 0.0000000000
76228  -22.934  6.833  -18.088 0.0000000000
77145  -22.847  6.982  -17.957 0.0000000000
77110  -22.367  7.255  -16.575 0.0000000000
77121  -20.882  7.185  -16.953 0.0000000000
78069  -20.982  7.316  -16.793 0.0000000000
78082  -21.000  7.580  -16.962 0.0000000000
78070  -21.215  7.659  -16.798 0.0000000000
78071  -21.753  7.595  -16.703 0.0000000000
78072  -22.020  7.642  -16.698 0.0000000000
78073  -22.443  7.687  -16.815 0.0000000000
78074  -22.920  7.623  -16.995 0.0000000000
77122  -22.959  7.317  -16.956 0.0000000000
76210  -20.837  7.004  -17.007 0.0000000000
77120  -20.589  7.181  -17.008 0.0000000000
78081  -20.713  7.559  -17.034 0.0000000000
78085  -22.688  7.653  -17.076 0.0000000000
78086  -22.936  7.261  -17.002 0.0000000000
78099  -22.989  7.193  -17.720 0.0000000000
78102  -22.930  7.130  -17.996 0.0000000000
77139  -22.914  7.067  -18.078 0.0000000000
77144  -22.774  7.109  -17.964 0.0000000000
78083  -21.010  7.900  -16.990 0.0000000000
79002  -21.737  8.002  -16.916 0.0000000000
79001  -21.347  7.991  -16.952 0.0000000000
79003  -21.972  7.962  -16.881 0.0000000000
79004  -22.084  7.914  -16.964 0.0000000000
78084  -22.488  7.616  -16.956 0.0000000000
79017  -22.312  7.862  -16.934 0.0000000000
78080  -20.368  7.496  -17.076 0.0000000000
79011  -20.404  7.955  -17.042 0.0000000000
79012  -20.954  7.959  -17.047 0.0000000000
79013  -21.076  7.957  -17.052 0.0000000000
79014  -21.394  7.990  -16.993 0.0000000000
79018  -22.529  7.954  -17.035 0.0000000000
78098  -22.728  7.810  -17.217 0.0000000000
79032  -22.664  7.980  -17.759 0.0000000000
78101  -22.814  7.529  -17.979 0.0000000000
78106  -22.685  7.724  -18.012 0.0000000000
79035  -22.686  7.998  -18.022 0.0000000000
77143  -22.734  7.142  -18.049 0.0000000000
78105  -22.300  7.744  -18.221 0.0000000000
79038  -22.475  7.967  -18.036 0.0000000000
79037  -22.351  8.004  -18.178 0.0000000000
79015  -21.789  7.995  -16.998 0.0000000000
79016  -22.045  8.000  -16.965 0.0000000000
78097  -20.132  7.658  -17.343 0.0000000000
79031  -19.994  7.995  -17.352 0.0000000000
79904  -20.802  8.055  -17.041 0.0000000000
79903  -20.252  8.036  -17.175 0.0000000000
79905  -20.930  8.031  -17.022 0.0000000000
79906  -21.007  8.153  -16.999 0.0000000000
79907  -21.457  8.183  -17.052 0.0000000000
79908  -21.977  8.067  -17.025 0.0000000000
79909  -22.212  8.061  -17.012 0.0000000000
79910  -22.346  7.997  -17.004 0.0000000000
79926  -22.455  8.006  -17.252 0.0000000000
79030  -19.990  8.002  -17.409 0.0000000000
79923  -20.038  8.266  -17.345 0.0000000000
79930  -22.678  8.016  -17.759 0.0000000000
79934  -22.592  8.048  -17.995 0.0000000000
78110  -22.159  7.677  -18.607 0.0000000000
79041  -22.034  8.008  -18.560 0.0000000000
79933  -22.417  8.277  -18.059 0.0000000000
79938  -22.176  8.264  -18.363 0.0000000000
79040  -21.984  7.972  -18.653 0.0000000000
79937  -22.053  8.191  -18.852 0.0000000000
79924  -20.138  8.201  -17.343 0.0000000000
80774  -20.959  8.540  -17.153 0.0000000000
80794  -20.582  8.838  -17.068 0.0000000000
80775  -20.984  8.591  -17.040 0.0000000000
80776  -21.107  8.425  -17.011 0.0000000000
80777  -21.643  8.544  -17.070 0.0000000000
80778  -21.997  8.387  -16.989 0.0000000000
80779  -22.160  8.382  -17.036 0.0000000000
79925  -22.567  8.091  -17.205 0.0000000000
79922  -19.987  8.149  -17.393 0.0000000000
80792  -19.969  8.635  -17.450 0.0000000000
80793  -20.040  8.740  -17.372 0.0000000000
80797  -22.453  8.713  -17.356 0.0000000000
79929  -22.712  8.257  -17.891 0.0000000000
80800  -22.270  8.762  -18.021 0.0000000000
80804  -22.151  8.724  -18.171 0.0000000000
79951  -21.996  8.078  -18.557 0.0000000000
80808  -22.118  8.573  -18.595 0.0000000000
80807  -21.984  8.813  -18.404 0.0000000000
81638  -21.005  8.959  -17.210 0.0000000000
81637  -20.923  9.018  -17.184 0.0000000000
81639  -21.029  8.939  -17.190 0.0000000000
81640  -21.318  8.975  -17.092 0.0000000000
80795  -21.949  8.844  -17.353 0.0000000000
81659  -21.477  8.991  -17.266 0.0000000000
80796  -22.018  8.661  -17.225 0.0000000000
80791  -19.654  8.632  -17.383 0.0000000000
81654  -19.942  8.987  -17.391 0.0000000000
81655  -20.006  8.998  -17.404 0.0000000000
81656  -20.369  8.954  -17.334 0.0000000000
81660  -22.029  9.051  -17.550 0.0000000000
81661  -22.131  8.979  -17.523 0.0000000000
81665  -22.090  9.013  -17.796 0.0000000000
81669  -22.092  8.905  -18.018 0.0000000000
80803  -22.069  8.905  -18.142 0.0000000000
81668  -22.058  9.016  -18.034 0.0000000000
80819  -21.874  8.533  -18.748 0.0000000000
81672  -22.013  9.002  -18.299 0.0000000000
81681  -21.942  8.997  -18.733 0.0000000000
81657  -20.912  9.021  -17.271 0.0000000000
81658  -21.006  9.081  -17.236 0.0000000000
81653  -19.388  8.976  -17.290 0.0000000000
82451  -19.746  9.109  -17.398 0.0000000000
82452  -19.954  9.105  -17.393 0.0000000000
82453  -20.116  9.038  -17.377 0.0000000000
82454  -20.673  9.069  -17.348 0.0000000000
82455  -21.012  9.054  -17.324 0.0000000000
82456  -21.155  9.354  -17.211 0.0000000000
82457  -21.937  9.088  -17.443 0.0000000000
82458  -21.969  9.020  -17.786 0.0000000000
81664  -22.049  9.036  -17.870 0.0000000000
82467  -21.974  9.092  -17.979 0.0000000000
82470  -21.984  9.023  -18.174 0.0000000000
82473  -21.883  9.014  -18.602 0.0000000000
80818  -21.634  8.620  -18.963 0.0000000000
81680  -21.640  9.016  -19.017 0.0000000000
82477  -21.790  9.035  -18.742 0.0000000000
82476  -21.584  9.082  -18.944 0.0000000000
82450  -19.170  8.996  -17.423 0.0000000000
82463  -19.310  9.210  -17.819 0.0000000000
82464  -19.572  9.450  -17.586 0.0000000000
83169  -20.001  9.513  -17.406 0.0000000000
83168  -19.868  9.568  -17.560 0.0000000000
83170  -20.088  9.555  -17.523 0.0000000000
83171  -20.302  9.525  -17.278 0.0000000000
83172  -20.908  9.410  -17.558 0.0000000000
83173  -20.980  9.599  -17.426 0.0000000000
82465  -21.558  9.374  -17.697 0.0000000000
83190  -21.073  9.771  -17.777 0.0000000000
82466  -21.954  9.270  -17.942 0.0000000000
82462  -19.006  9.410  -17.697 0.0000000000
83184  -19.187  9.916  -17.761 0.0000000000
83185  -19.792  9.897  -17.482 0.0000000000
83191  -21.629  9.713  -17.966 0.0000000000
82469  -21.726  9.376  -18.041 0.0000000000
83194  -21.595  9.573  -17.993 0.0000000000
82472  -21.920  9.192  -18.590 0.0000000000
83197  -21.568  9.790  -18.388 0.0000000000
83200  -21.634  9.317  -18.840 0.0000000000
81700  -21.471  8.989  -19.052 0.0000000000
82490  -21.480  9.006  -18.993 0.0000000000
82489  -21.306  9.246  -19.119 0.0000000000
82475  -21.610  9.360  -19.025 0.0000000000
83199  -21.310  9.599  -18.925 0.0000000000
81699  -21.054  8.990  -19.201 0.0000000000
82488  -21.002  9.228  -19.223 0.0000000000
83205  -21.228  9.587  -19.073 0.0000000000
83204  -21.076  9.696  -19.158 0.0000000000
83186  -19.989  9.926  -17.744 0.0000000000
83187  -20.168  9.939  -17.743 0.0000000000
83188  -20.696  9.988  -17.747 0.0000000000
83189  -20.999  9.923  -17.788 0.0000000000
83183  -19.029  9.884  -17.779 0.0000000000
83881  -19.263  10.061  -17.752 0.0000000000
83882  -19.769  10.057  -17.751 0.0000000000
83883  -20.020  10.007  -17.809 0.0000000000
83884  -20.108  10.024  -17.844 0.0000000000
83885  -20.603  10.085  -17.859 0.0000000000
83886  -20.991  10.099  -17.914 0.0000000000
83887  -21.102  10.004  -17.912 0.0000000000
83193  -21.274  9.866  -17.898 0.0000000000
83892  -21.148  10.018  -17.986 0.0000000000
83893  -21.354  9.876  -17.981 0.0000000000
83897  -21.325  9.953  -18.070 0.0000000000
83196  -21.250  9.991  -18.875 0.0000000000
83896  -21.324  10.079  -18.423 0.0000000000
83901  -21.167  10.015  -18.898 0.0000000000
83906  -21.066  9.991  -19.044 0.0000000000
83224  -20.987  9.781  -19.225 0.0000000000
83203  -20.935  10.006  -19.123 0.0000000000
83905  -21.013  10.012  -19.038 0.0000000000
82509  -20.992  9.173  -19.443 0.0000000000
83223  -20.860  9.875  -19.289 0.0000000000
83880  -19.013  9.993  -17.793 0.0000000000
84615  -19.160  10.249  -17.782 0.0000000000
84616  -19.574  10.264  -17.805 0.0000000000
84617  -19.954  10.258  -17.797 0.0000000000
84618  -20.084  10.348  -17.675 0.0000000000
84619  -20.297  10.323  -17.669 0.0000000000
83891  -20.979  9.956  -17.930 0.0000000000
83890  -20.761  10.068  -18.003 0.0000000000
84634  -20.483  10.331  -17.981 0.0000000000
84635  -20.977  10.013  -18.064 0.0000000000
84636  -21.029  10.074  -18.013 0.0000000000
84641  -21.161  10.236  -18.169 0.0000000000
84646  -21.216  10.260  -18.648 0.0000000000
83900  -21.058  10.109  -18.963 0.0000000000
83904  -20.823  10.062  -19.121 0.0000000000
84651  -20.986  10.117  -19.019 0.0000000000
84631  -19.447  10.399  -18.006 0.0000000000
84632  -19.873  10.419  -17.976 0.0000000000
84633  -20.058  10.447  -17.907 0.0000000000
85337  -19.797  10.624  -18.163 0.0000000000
85338  -20.007  10.503  -18.043 0.0000000000
85339  -20.135  10.533  -17.969 0.0000000000
84640  -20.993  10.369  -18.309 0.0000000000
84639  -20.611  10.467  -18.554 0.0000000000
85345  -20.204  10.711  -18.238 0.0000000000
84645  -21.002  10.260  -18.987 0.0000000000
84644  -20.677  10.519  -19.022 0.0000000000
85349  -20.282  10.807  -18.810 0.0000000000
84650  -20.844  10.261  -19.103 0.0000000000
85353  -20.391  10.721  -19.022 0.0000000000
85344  -20.008  10.957  -18.484 0.0000000000
85348  -20.154  10.992  -18.938 0.0000000000
83921  -20.491  9.967  -19.415 0.0000000000
84657  -20.552  10.021  -19.517 0.0000000000
80790  -19.097  8.624  -17.406 0.0000000000
79921  -19.446  8.142  -17.391 0.0000000000
79029  -19.870  7.997  -17.401 0.0000000000
78096  -20.020  7.606  -17.411 0.0000000000
77135  -20.027  7.213  -17.338 0.0000000000
77119  -20.221  7.170  -17.217 0.0000000000
76209  -20.260  7.018  -16.991 0.0000000000
76208  -20.089  6.995  -17.386 0.0000000000
75373  -20.999  6.727  -17.002 0.0000000000
75372  -20.622  6.532  -16.984 0.0000000000
75371  -20.167  6.549  -17.153 0.0000000000
74550  -20.293  6.174  -17.042 0.0000000000
74536  -20.565  6.149  -16.885 0.0000000000
75360  -20.687  6.306  -16.747 0.0000000000
74537  -20.883  6.033  -16.698 0.0000000000
73740  -22.994  5.972  -17.997 0.0000000000
73731  -20.435  6.016  -16.999 0.0000000000
74549  -20.064  6.103  -17.102 0.0000000000
73730  -20.218  5.913  -17.027 0.0000000000
73719  -21.015  5.987  -16.686 0.0000000000
73718  -20.996  5.934  -16.663 0.0000000000
73717  -20.628  5.992  -16.802 0.0000000000
73697  -22.819  5.889  -15.962 0.0000000000
73696  -22.467  5.997  -15.995 0.0000000000
73695  -21.992  5.885  -16.045 0.0000000000
72877  -23.113  5.582  -17.752 0.0000000000
72876  -23.025  5.404  -17.954 0.0000000000
72874  -23.369  5.292  -17.198 0.0000000000
72871  -23.402  5.351  -16.980 0.0000000000
72860  -23.479  5.559  -17.012 0.0000000000
72859  -20.880  5.855  -16.683 0.0000000000
72847  -20.945  5.442  -16.401 0.0000000000
73705  -21.042  5.707  -16.429 0.0000000000
73716  -20.238  5.840  -16.999 0.0000000000
72858  -20.250  5.577  -16.818 0.0000000000
72857  -20.045  5.500  -16.855 0.0000000000
73699  -23.164  5.817  -16.157 0.0000000000
72850  -23.800  5.417  -16.305 0.0000000000
72849  -21.441  5.517  -16.243 0.0000000000
72834  -21.827  5.467  -15.990 0.0000000000
73694  -21.908  5.766  -16.000 0.0000000000
72848  -21.025  5.344  -16.347 0.0000000000
72839  -23.342  5.489  -15.969 0.0000000000
72838  -23.013  5.689  -15.998 0.0000000000
72837  -22.854  5.384  -16.022 0.0000000000
72836  -22.025  5.680  -16.056 0.0000000000
72835  -21.973  5.638  -15.782 0.0000000000
72873  -23.359  5.263  -17.699 0.0000000000
71965  -23.388  4.999  -16.946 0.0000000000
71968  -23.360  4.977  -17.186 0.0000000000
71967  -23.016  5.123  -17.638 0.0000000000
71956  -23.501  5.004  -16.981 0.0000000000
72861  -23.590  5.070  -16.750 0.0000000000
72846  -20.829  5.221  -16.354 0.0000000000
71955  -20.153  5.074  -16.638 0.0000000000
71940  -20.511  5.098  -16.432 0.0000000000
71954  -20.014  5.139  -16.723 0.0000000000
72851  -23.617  5.023  -16.176 0.0000000000
72833  -21.336  5.101  -16.018 0.0000000000
71942  -21.038  5.047  -16.193 0.0000000000
71927  -21.093  5.052  -16.018 0.0000000000
71941  -20.985  5.022  -16.214 0.0000000000
72825  -23.281  5.342  -15.770 0.0000000000
71930  -23.367  5.280  -15.813 0.0000000000
71931  -23.595  5.123  -15.910 0.0000000000
72840  -23.532  5.048  -16.020 0.0000000000
72824  -23.136  5.408  -15.743 0.0000000000
72823  -22.937  5.563  -15.738 0.0000000000
72822  -22.427  5.562  -15.735 0.0000000000
72821  -22.039  5.275  -15.883 0.0000000000
71929  -21.868  5.220  -15.888 0.0000000000
71912  -21.915  5.127  -15.728 0.0000000000
71928  -21.626  5.022  -16.071 0.0000000000
71916  -23.264  5.179  -15.570 0.0000000000
71915  -23.010  5.098  -15.457 0.0000000000
71914  -22.614  5.261  -15.402 0.0000000000
71913  -22.058  5.067  -15.512 0.0000000000
71099  -23.433  5.018  -17.001 0.0000000000
71102  -23.262  4.946  -17.465 0.0000000000
71096  -23.432  4.896  -16.925 0.0000000000
71097  -23.440  4.994  -16.765 0.0000000000
71957  -23.668  4.987  -16.502 0.0000000000
71939  -20.220  5.004  -16.540 0.0000000000
71926  -20.988  5.022  -16.064 0.0000000000
71084  -20.993  4.971  -16.151 0.0000000000
71083  -20.901  4.920  -16.232 0.0000000000
71082  -20.111  4.979  -16.385 0.0000000000
71917  -23.579  5.053  -15.775 0.0000000000
71059  -23.782  4.615  -15.985 0.0000000000
71073  -23.674  4.821  -16.062 0.0000000000
71943  -23.713  5.011  -16.007 0.0000000000
71911  -21.679  5.066  -15.785 0.0000000000
71072  -21.534  4.991  -15.959 0.0000000000
71071  -21.334  4.978  -16.001 0.0000000000
71070  -21.021  4.889  -16.061 0.0000000000
71058  -23.489  4.990  -15.623 0.0000000000
71901  -23.028  4.996  -15.239 0.0000000000
71043  -23.175  4.895  -15.244 0.0000000000
71900  -23.010  4.951  -15.301 0.0000000000
71899  -22.821  4.989  -15.350 0.0000000000
71898  -22.186  4.971  -15.498 0.0000000000
71897  -21.995  4.980  -15.578 0.0000000000
71057  -21.899  4.931  -15.566 0.0000000000
71056  -21.732  4.941  -15.715 0.0000000000
71042  -22.971  4.821  -15.155 0.0000000000
71041  -22.915  4.797  -15.206 0.0000000000
71040  -22.346  4.819  -15.170 0.0000000000
71039  -22.019  4.804  -15.349 0.0000000000
70217  -23.312  4.241  -16.960 0.0000000000
70220  -23.332  4.487  -17.099 0.0000000000
71085  -23.692  4.899  -16.127 0.0000000000
70214  -23.679  4.490  -16.498 0.0000000000
70213  -23.377  4.367  -16.925 0.0000000000
70203  -23.667  4.373  -16.076 0.0000000000
70201  -20.464  4.532  -16.271 0.0000000000
70184  -20.607  4.321  -16.029 0.0000000000
71069  -20.998  4.716  -16.054 0.0000000000
70187  -23.759  4.223  -15.968 0.0000000000
70186  -21.021  4.592  -16.010 0.0000000000
71055  -21.262  4.688  -15.719 0.0000000000
70185  -20.976  4.294  -16.002 0.0000000000
71044  -23.627  4.803  -15.479 0.0000000000
70164  -23.856  4.148  -15.528 0.0000000000
70175  -23.837  4.133  -15.874 0.0000000000
70174  -21.612  4.259  -15.585 0.0000000000
71038  -21.986  4.630  -15.458 0.0000000000
70173  -21.011  4.217  -15.721 0.0000000000
70163  -23.572  4.467  -15.084 0.0000000000
71028  -23.004  4.722  -15.029 0.0000000000
70150  -23.385  4.628  -14.987 0.0000000000
71027  -22.975  4.660  -14.966 0.0000000000
71026  -22.625  4.610  -14.967 0.0000000000
70162  -21.992  4.247  -14.989 0.0000000000
71025  -22.309  4.561  -15.017 0.0000000000
70161  -22.004  4.212  -15.063 0.0000000000
70160  -21.975  4.227  -15.177 0.0000000000
70149  -23.026  4.481  -14.910 0.0000000000
70148  -22.785  4.359  -14.774 0.0000000000
70147  -22.377  4.236  -14.959 0.0000000000
70202  -23.457  4.085  -16.562 0.0000000000
69340  -23.429  3.984  -16.619 0.0000000000
69343  -23.283  4.018  -17.001 0.0000000000
69335  -23.680  4.014  -16.004 0.0000000000
69334  -23.724  4.000  -16.146 0.0000000000
70200  -20.148  4.208  -16.272 0.0000000000
69320  -23.791  3.990  -15.996 0.0000000000
69319  -20.721  4.113  -15.942 0.0000000000
69301  -20.807  4.057  -15.790 0.0000000000
70172  -20.937  4.157  -15.791 0.0000000000
70183  -20.280  4.054  -16.069 0.0000000000
69318  -20.391  4.010  -16.023 0.0000000000
69317  -20.106  3.969  -16.069 0.0000000000
69304  -23.929  4.006  -15.559 0.0000000000
69303  -21.288  4.044  -15.559 0.0000000000
69288  -21.740  3.971  -15.304 0.0000000000
69302  -20.962  4.012  -15.688 0.0000000000
70151  -23.863  4.104  -15.006 0.0000000000
69290  -23.964  4.014  -15.074 0.0000000000
69289  -22.008  4.014  -15.063 0.0000000000
69273  -22.052  3.986  -14.985 0.0000000000
70146  -22.083  4.047  -14.980 0.0000000000
70137  -23.819  4.308  -14.845 0.0000000000
69276  -23.903  4.071  -14.881 0.0000000000
70136  -23.389  4.352  -14.698 0.0000000000
70135  -22.983  4.294  -14.605 0.0000000000
69275  -22.502  4.127  -14.886 0.0000000000
69260  -22.860  4.102  -14.679 0.0000000000
70134  -23.016  4.212  -14.468 0.0000000000
69274  -22.141  4.029  -14.998 0.0000000000
69263  -23.863  4.051  -14.704 0.0000000000
69262  -23.261  4.098  -14.523 0.0000000000
69261  -23.011  4.017  -14.549 0.0000000000
68453  -23.720  3.769  -15.991 0.0000000000
68464  -23.735  3.984  -16.047 0.0000000000
68463  -23.584  3.725  -16.228 0.0000000000
68436  -23.840  3.900  -15.964 0.0000000000
69300  -20.609  3.990  -15.879 0.0000000000
68451  -20.379  3.971  -15.994 0.0000000000
68450  -20.146  3.923  -15.947 0.0000000000
68437  -24.003  3.641  -15.585 0.0000000000
69305  -23.955  3.996  -15.155 0.0000000000
69287  -21.148  4.005  -15.660 0.0000000000
68435  -21.081  3.815  -15.606 0.0000000000
68434  -20.980  3.851  -15.682 0.0000000000
68433  -20.522  3.863  -15.803 0.0000000000
69291  -23.899  3.928  -15.021 0.0000000000
68422  -22.007  3.832  -15.031 0.0000000000
68408  -22.078  3.720  -14.941 0.0000000000
68421  -21.916  3.880  -15.439 0.0000000000
68420  -21.212  3.842  -15.550 0.0000000000
69277  -24.016  4.005  -15.042 0.0000000000
69259  -22.283  4.003  -14.900 0.0000000000
68409  -22.066  3.721  -14.974 0.0000000000
68394  -22.095  3.742  -15.028 0.0000000000
69246  -23.813  4.001  -14.423 0.0000000000
68397  -23.992  3.927  -14.560 0.0000000000
68398  -24.134  3.786  -14.566 0.0000000000
69264  -24.013  4.014  -14.917 0.0000000000
69245  -23.486  3.957  -14.306 0.0000000000
69244  -23.023  3.956  -14.316 0.0000000000
68396  -22.945  3.897  -14.526 0.0000000000
68378  -23.017  3.613  -14.239 0.0000000000
68395  -22.688  3.741  -14.685 0.0000000000
68380  -23.756  3.592  -14.151 0.0000000000
68379  -23.175  3.568  -14.153 0.0000000000
67560  -23.697  3.215  -15.957 0.0000000000
67575  -23.564  3.352  -15.980 0.0000000000
68452  -23.543  3.618  -16.009 0.0000000000
68423  -24.096  3.672  -15.203 0.0000000000
67541  -24.119  3.226  -15.432 0.0000000000
67561  -24.013  3.242  -15.586 0.0000000000
67559  -21.074  3.585  -15.507 0.0000000000
67558  -21.000  3.454  -15.605 0.0000000000
67557  -20.804  3.425  -15.664 0.0000000000
68432  -20.217  3.704  -15.931 0.0000000000
67556  -20.223  3.462  -15.688 0.0000000000
67573  -20.081  3.510  -15.861 0.0000000000
68410  -24.089  3.774  -15.011 0.0000000000
67527  -24.129  3.247  -15.053 0.0000000000
68407  -21.984  3.645  -14.857 0.0000000000
67540  -21.630  3.434  -15.045 0.0000000000
67539  -21.335  3.260  -15.381 0.0000000000
67514  -24.206  3.404  -14.730 0.0000000000
67526  -21.924  3.463  -15.022 0.0000000000
67525  -21.996  3.364  -14.823 0.0000000000
67524  -21.763  3.286  -15.018 0.0000000000
68377  -22.970  3.692  -14.380 0.0000000000
67513  -22.573  3.199  -14.453 0.0000000000
67512  -22.139  3.186  -14.655 0.0000000000
67496  -22.993  3.329  -14.000 0.0000000000
68362  -23.289  3.578  -14.009 0.0000000000
67495  -23.021  3.203  -14.050 0.0000000000
67494  -22.997  3.283  -14.168 0.0000000000
66685  -23.893  3.001  -15.511 0.0000000000
66684  -23.784  2.991  -15.727 0.0000000000
66692  -23.621  3.030  -15.988 0.0000000000
66683  -21.016  3.074  -15.353 0.0000000000
67538  -21.116  3.004  -15.312 0.0000000000
66682  -20.721  3.004  -15.496 0.0000000000
66669  -24.017  2.980  -15.408 0.0000000000
66667  -21.247  2.947  -15.176 0.0000000000
67523  -21.388  3.073  -15.055 0.0000000000
66666  -21.004  2.959  -15.295 0.0000000000
66652  -21.901  3.095  -14.532 0.0000000000
67511  -22.001  3.097  -14.902 0.0000000000
66651  -21.860  3.078  -14.843 0.0000000000
66650  -21.415  3.020  -14.984 0.0000000000
66642  -22.729  3.024  -14.208 0.0000000000
66641  -22.509  3.001  -14.406 0.0000000000
66640  -22.031  3.008  -14.566 0.0000000000
66668  -23.950  2.986  -15.385 0.0000000000
65800  -23.651  2.930  -15.804 0.0000000000
65806  -23.572  2.942  -15.933 0.0000000000
65788  -21.122  2.698  -15.163 0.0000000000
65771  -21.212  2.630  -15.000 0.0000000000
66665  -20.998  2.912  -15.321 0.0000000000
65787  -20.985  2.610  -15.183 0.0000000000
65772  -21.565  3.012  -14.919 0.0000000000
65758  -21.866  2.965  -14.641 0.0000000000
66639  -21.996  2.955  -14.624 0.0000000000
65770  -21.011  2.592  -14.926 0.0000000000
65757  -21.576  2.876  -14.873 0.0000000000
64898  -21.091  2.145  -14.953 0.0000000000
64880  -21.175  2.218  -14.885 0.0000000000
64897  -20.976  2.133  -14.975 0.0000000000
64881  -21.664  2.243  -14.514 0.0000000000
63982  -21.001  2.071  -14.834 0.0000000000
63967  -21.084  2.022  -14.824 0.0000000000
63981  -21.016  2.022  -14.890 0.0000000000
63968  -21.429  1.985  -14.489 0.0000000000
63966  -21.053  1.933  -14.769 0.0000000000
83222  -20.093  9.755  -19.599 0.0000000000
83920  -20.044  9.987  -19.601 0.0000000000
