#!ascii label  , from subject  vox2ras=TkReg
1008
51264  -23.121  -3.091  -14.013 0.0000000000
50338  -23.237  -3.092  -13.913 0.0000000000
50337  -23.126  -3.303  -13.863 0.0000000000
51265  -23.226  -2.999  -14.014 0.0000000000
50350  -23.008  -3.301  -14.095 0.0000000000
51278  -23.085  -3.009  -14.168 0.0000000000
51279  -23.244  -2.981  -14.049 0.0000000000
51247  -23.299  -2.989  -13.976 0.0000000000
52151  -23.325  -2.698  -13.998 0.0000000000
52170  -23.386  -2.784  -14.231 0.0000000000
51277  -22.993  -3.048  -14.271 0.0000000000
51294  -22.981  -3.021  -14.337 0.0000000000
52169  -23.122  -2.692  -14.259 0.0000000000
52184  -22.998  -2.688  -14.442 0.0000000000
51293  -22.721  -2.877  -14.478 0.0000000000
52136  -23.352  -2.669  -13.584 0.0000000000
53023  -23.373  -2.268  -13.833 0.0000000000
53030  -23.456  -2.216  -13.990 0.0000000000
53048  -23.101  -2.329  -14.332 0.0000000000
53049  -23.302  -2.321  -14.165 0.0000000000
52183  -22.658  -2.822  -14.586 0.0000000000
53068  -22.994  -2.175  -14.517 0.0000000000
53067  -22.999  -2.086  -14.617 0.0000000000
53015  -23.362  -2.231  -13.457 0.0000000000
53917  -23.392  -1.946  -13.890 0.0000000000
53925  -23.388  -2.012  -13.997 0.0000000000
53939  -23.184  -2.002  -14.165 0.0000000000
53938  -23.013  -2.022  -14.474 0.0000000000
53957  -22.994  -1.970  -14.565 0.0000000000
52197  -22.619  -2.367  -14.865 0.0000000000
53085  -22.745  -2.004  -14.843 0.0000000000
53956  -22.898  -2.016  -14.645 0.0000000000
53978  -22.834  -1.901  -14.938 0.0000000000
53084  -22.267  -2.137  -14.993 0.0000000000
53908  -23.179  -2.005  -13.390 0.0000000000
54830  -23.364  -1.619  -13.721 0.0000000000
54839  -23.498  -1.719  -13.957 0.0000000000
54849  -23.379  -1.754  -14.005 0.0000000000
53958  -23.126  -2.012  -14.406 0.0000000000
53979  -22.895  -1.892  -14.692 0.0000000000
54859  -23.096  -1.705  -14.692 0.0000000000
54860  -23.363  -1.564  -14.417 0.0000000000
53977  -22.210  -2.017  -15.000 0.0000000000
54877  -22.358  -1.994  -15.006 0.0000000000
54878  -22.975  -1.824  -14.968 0.0000000000
54879  -23.043  -1.519  -14.910 0.0000000000
54820  -23.078  -1.577  -12.996 0.0000000000
55703  -23.326  -1.150  -13.126 0.0000000000
55711  -23.417  -1.168  -13.920 0.0000000000
55719  -23.444  -1.256  -14.023 0.0000000000
55732  -23.605  -1.133  -14.140 0.0000000000
55743  -23.303  -1.095  -14.810 0.0000000000
55742  -23.035  -1.097  -14.997 0.0000000000
53997  -22.170  -1.996  -15.098 0.0000000000
54903  -22.390  -1.640  -15.193 0.0000000000
54904  -22.626  -1.610  -15.001 0.0000000000
55756  -22.903  -1.154  -14.929 0.0000000000
55755  -22.873  -1.093  -15.015 0.0000000000
54902  -22.023  -1.730  -15.333 0.0000000000
55773  -22.285  -1.199  -15.382 0.0000000000
55774  -22.672  -1.154  -15.199 0.0000000000
55702  -23.068  -1.355  -13.011 0.0000000000
55693  -23.254  -1.040  -12.929 0.0000000000
55692  -23.083  -1.196  -12.869 0.0000000000
56628  -23.310  -0.983  -13.015 0.0000000000
56630  -23.383  -0.998  -13.696 0.0000000000
56632  -23.459  -1.004  -14.002 0.0000000000
56642  -23.368  -1.036  -14.109 0.0000000000
56654  -23.147  -1.021  -14.653 0.0000000000
56653  -22.981  -1.063  -14.849 0.0000000000
56667  -22.948  -0.987  -14.925 0.0000000000
56666  -22.843  -1.012  -15.020 0.0000000000
56680  -22.698  -1.011  -15.152 0.0000000000
55772  -22.095  -1.226  -15.539 0.0000000000
55798  -21.986  -1.021  -15.670 0.0000000000
56679  -22.294  -1.008  -15.429 0.0000000000
56698  -22.126  -0.963  -15.674 0.0000000000
55797  -22.000  -1.135  -15.624 0.0000000000
56625  -23.176  -0.998  -12.934 0.0000000000
57567  -23.353  -0.763  -13.015 0.0000000000
57570  -23.397  -0.825  -13.295 0.0000000000
57573  -23.388  -0.812  -14.006 0.0000000000
57581  -23.526  -0.709  -14.041 0.0000000000
57593  -23.397  -0.720  -14.509 0.0000000000
56668  -23.060  -0.948  -14.882 0.0000000000
56681  -22.982  -0.856  -15.015 0.0000000000
57604  -23.219  -0.771  -15.033 0.0000000000
57605  -23.246  -0.337  -14.949 0.0000000000
56699  -22.490  -0.974  -15.433 0.0000000000
57617  -22.992  -0.731  -15.185 0.0000000000
57618  -22.988  -0.352  -15.175 0.0000000000
56697  -21.854  -0.898  -15.853 0.0000000000
57631  -21.982  -0.683  -15.842 0.0000000000
57632  -22.199  -0.446  -15.919 0.0000000000
57633  -22.849  -0.456  -15.680 0.0000000000
57564  -23.087  -0.624  -12.895 0.0000000000
58503  -23.514  -0.225  -13.015 0.0000000000
58514  -23.500  -0.379  -13.030 0.0000000000
57568  -23.554  -0.489  -13.024 0.0000000000
57571  -23.679  -0.424  -13.556 0.0000000000
58515  -23.726  0.003  -13.203 0.0000000000
58521  -23.755  -0.003  -13.667 0.0000000000
57574  -23.687  -0.332  -13.987 0.0000000000
58523  -23.767  -0.006  -13.986 0.0000000000
57582  -23.700  -0.266  -14.061 0.0000000000
58525  -23.764  -0.257  -14.189 0.0000000000
58526  -23.731  0.017  -14.191 0.0000000000
58536  -23.502  -0.128  -14.926 0.0000000000
58549  -23.331  -0.291  -15.027 0.0000000000
58548  -22.991  -0.128  -14.980 0.0000000000
58561  -23.103  -0.155  -15.257 0.0000000000
58560  -23.006  -0.035  -15.446 0.0000000000
56720  -21.850  -0.750  -15.938 0.0000000000
57650  -22.007  -0.448  -16.017 0.0000000000
57651  -22.092  -0.403  -16.001 0.0000000000
58576  -22.623  0.004  -15.923 0.0000000000
58575  -22.423  -0.151  -15.999 0.0000000000
58592  -22.209  -0.207  -16.066 0.0000000000
57649  -21.849  -0.732  -16.005 0.0000000000
57668  -22.007  -0.483  -16.073 0.0000000000
58591  -22.051  -0.272  -16.090 0.0000000000
58610  -21.992  -0.243  -16.261 0.0000000000
57667  -21.910  -0.575  -16.223 0.0000000000
58490  -23.335  -0.007  -12.671 0.0000000000
58504  -23.689  -0.006  -12.998 0.0000000000
59421  -23.832  -0.001  -13.003 0.0000000000
59432  -23.895  0.090  -13.384 0.0000000000
59439  -23.834  0.250  -13.922 0.0000000000
59442  -23.721  0.105  -14.065 0.0000000000
58537  -23.684  0.010  -14.494 0.0000000000
59450  -23.428  0.032  -14.706 0.0000000000
59449  -23.396  -0.003  -14.928 0.0000000000
59460  -23.479  -0.045  -15.052 0.0000000000
58562  -23.167  -0.188  -15.141 0.0000000000
59473  -23.241  -0.042  -15.235 0.0000000000
58577  -22.998  -0.005  -15.433 0.0000000000
59472  -23.024  0.045  -15.379 0.0000000000
59485  -23.012  0.040  -15.685 0.0000000000
58593  -22.485  -0.025  -16.002 0.0000000000
59484  -22.737  0.117  -15.775 0.0000000000
59496  -22.593  0.150  -15.903 0.0000000000
58611  -22.142  -0.133  -16.238 0.0000000000
59495  -22.360  0.003  -16.002 0.0000000000
59509  -22.279  -0.019  -16.217 0.0000000000
58609  -21.579  -0.045  -16.516 0.0000000000
59507  -21.871  0.000  -16.340 0.0000000000
59508  -22.008  -0.003  -16.389 0.0000000000
59433  -23.996  0.013  -13.767 0.0000000000
59440  -23.963  0.458  -13.958 0.0000000000
60343  -23.987  0.515  -14.018 0.0000000000
60352  -23.975  0.532  -14.010 0.0000000000
60344  -24.036  0.552  -13.963 0.0000000000
60355  -23.750  0.475  -14.352 0.0000000000
59461  -23.407  0.189  -15.014 0.0000000000
60363  -23.618  0.526  -14.889 0.0000000000
60362  -23.519  0.466  -15.012 0.0000000000
60373  -23.382  0.440  -15.199 0.0000000000
60372  -23.160  0.036  -15.451 0.0000000000
60383  -22.779  0.322  -15.720 0.0000000000
60384  -23.036  0.598  -15.719 0.0000000000
60394  -22.374  0.102  -16.060 0.0000000000
60395  -22.784  0.569  -15.955 0.0000000000
59523  -21.670  0.025  -16.594 0.0000000000
59524  -21.975  0.218  -16.512 0.0000000000
60406  -22.032  0.143  -16.378 0.0000000000
60407  -22.420  0.511  -16.298 0.0000000000
58626  -21.373  -0.014  -16.586 0.0000000000
59522  -21.098  0.046  -16.752 0.0000000000
60416  -21.261  0.545  -16.718 0.0000000000
60417  -21.915  0.498  -16.841 0.0000000000
60418  -22.073  0.641  -16.708 0.0000000000
60353  -24.066  0.722  -14.079 0.0000000000
61252  -24.011  0.739  -14.175 0.0000000000
61257  -23.958  0.974  -14.422 0.0000000000
61262  -23.618  0.862  -15.010 0.0000000000
61263  -23.770  1.019  -14.927 0.0000000000
61271  -23.668  0.993  -15.160 0.0000000000
60385  -23.385  1.010  -15.513 0.0000000000
60396  -22.971  0.960  -15.890 0.0000000000
61279  -23.032  1.003  -15.833 0.0000000000
61280  -23.295  1.001  -15.523 0.0000000000
60408  -22.808  0.910  -16.026 0.0000000000
61290  -22.924  1.044  -15.956 0.0000000000
61291  -23.018  0.987  -16.006 0.0000000000
60419  -22.296  0.894  -16.734 0.0000000000
61299  -22.604  0.977  -16.461 0.0000000000
61300  -22.797  0.995  -16.105 0.0000000000
59535  -21.041  0.405  -16.976 0.0000000000
60429  -21.452  0.708  -17.012 0.0000000000
60430  -21.881  0.963  -17.025 0.0000000000
60431  -21.945  0.829  -16.957 0.0000000000
61307  -22.229  1.010  -16.951 0.0000000000
61306  -22.003  0.897  -16.975 0.0000000000
60428  -21.116  0.624  -17.032 0.0000000000
61316  -21.326  0.896  -17.089 0.0000000000
61317  -21.744  0.997  -17.049 0.0000000000
61318  -21.987  1.060  -17.023 0.0000000000
61253  -24.056  0.951  -14.152 0.0000000000
61258  -24.053  0.991  -14.371 0.0000000000
62147  -23.943  1.156  -14.644 0.0000000000
62152  -23.886  1.304  -14.903 0.0000000000
61272  -23.746  1.093  -14.982 0.0000000000
62160  -23.743  1.227  -15.016 0.0000000000
62159  -23.503  1.061  -15.220 0.0000000000
62169  -23.072  1.195  -15.772 0.0000000000
62168  -22.997  1.191  -15.914 0.0000000000
62179  -22.974  1.254  -16.010 0.0000000000
62178  -22.900  1.116  -16.010 0.0000000000
61308  -22.451  1.030  -16.589 0.0000000000
62187  -22.877  1.284  -16.279 0.0000000000
61319  -22.034  1.000  -17.024 0.0000000000
62194  -22.300  1.348  -16.923 0.0000000000
62193  -22.146  1.170  -17.038 0.0000000000
62201  -21.820  1.013  -17.009 0.0000000000
62202  -22.003  1.153  -17.075 0.0000000000
62203  -22.092  1.063  -17.104 0.0000000000
62148  -24.128  1.189  -14.428 0.0000000000
62153  -24.054  1.265  -15.003 0.0000000000
63059  -24.007  1.757  -14.869 0.0000000000
63058  -23.976  1.637  -15.007 0.0000000000
63065  -23.825  1.813  -15.019 0.0000000000
63064  -23.421  1.986  -15.633 0.0000000000
63073  -23.162  1.575  -16.000 0.0000000000
63072  -23.084  1.440  -16.012 0.0000000000
62188  -22.950  1.259  -16.070 0.0000000000
63082  -23.062  1.656  -16.094 0.0000000000
63090  -22.965  1.658  -16.267 0.0000000000
63089  -22.779  1.939  -16.779 0.0000000000
63096  -22.453  1.702  -16.967 0.0000000000
63095  -22.317  1.561  -17.020 0.0000000000
63104  -22.193  1.529  -17.108 0.0000000000
63984  -24.014  1.984  -14.969 0.0000000000
63983  -23.957  1.905  -15.004 0.0000000000
63990  -23.884  1.981  -15.211 0.0000000000
63989  -23.553  1.981  -15.531 0.0000000000
63996  -23.339  1.979  -15.891 0.0000000000
63083  -23.311  1.711  -16.099 0.0000000000
64008  -23.159  1.928  -16.047 0.0000000000
64007  -23.172  1.989  -16.161 0.0000000000
64017  -23.003  2.012  -16.335 0.0000000000
63991  -24.013  1.981  -15.040 0.0000000000
63997  -23.583  2.002  -15.512 0.0000000000
64912  -24.069  2.222  -15.137 0.0000000000
64911  -23.992  2.220  -15.090 0.0000000000
64918  -23.794  2.273  -15.531 0.0000000000
64917  -23.394  2.376  -15.921 0.0000000000
64926  -23.279  2.192  -15.996 0.0000000000
65800  -23.651  2.930  -15.804 0.0000000000
65799  -23.450  2.738  -15.985 0.0000000000
65789  -23.999  2.988  -15.243 0.0000000000
59534  -21.005  0.293  -17.000 0.0000000000
60427  -20.983  0.505  -17.050 0.0000000000
61315  -21.039  0.746  -17.308 0.0000000000
59533  -20.707  0.221  -16.935 0.0000000000
60426  -20.562  0.239  -17.065 0.0000000000
60437  -20.911  0.652  -17.392 0.0000000000
61314  -20.985  0.998  -17.243 0.0000000000
59532  -20.287  0.154  -16.940 0.0000000000
60425  -20.079  0.236  -17.043 0.0000000000
60436  -20.360  0.578  -17.425 0.0000000000
59531  -19.984  0.126  -17.004 0.0000000000
60424  -19.772  0.516  -17.182 0.0000000000
60435  -20.019  0.725  -17.352 0.0000000000
59521  -20.903  0.094  -16.768 0.0000000000
59520  -20.566  0.089  -16.802 0.0000000000
59519  -20.248  0.034  -16.905 0.0000000000
58632  -20.088  0.002  -17.003 0.0000000000
58631  -19.923  0.013  -16.916 0.0000000000
59518  -19.937  0.004  -16.867 0.0000000000
59530  -19.743  0.251  -16.997 0.0000000000
59517  -19.548  0.145  -16.808 0.0000000000
59529  -19.088  0.359  -16.928 0.0000000000
60423  -19.088  0.729  -17.008 0.0000000000
59516  -19.032  0.206  -16.601 0.0000000000
60415  -19.054  0.469  -16.797 0.0000000000
58625  -21.009  -0.027  -16.677 0.0000000000
58624  -20.939  -0.067  -16.743 0.0000000000
58623  -20.372  0.000  -16.808 0.0000000000
58622  -20.091  -0.042  -16.935 0.0000000000
58621  -19.923  -0.008  -16.980 0.0000000000
58620  -19.439  -0.016  -16.714 0.0000000000
58619  -18.989  0.000  -16.484 0.0000000000
59506  -18.980  0.021  -16.367 0.0000000000
59515  -18.963  0.198  -16.576 0.0000000000
60414  -18.982  0.571  -16.927 0.0000000000
59505  -18.868  0.025  -16.256 0.0000000000
60405  -18.960  0.265  -16.579 0.0000000000
58605  -18.990  -0.133  -16.235 0.0000000000
58604  -18.852  -0.109  -16.122 0.0000000000
59494  -18.605  -0.059  -16.063 0.0000000000
59504  -18.589  0.028  -16.039 0.0000000000
60404  -18.578  0.390  -16.321 0.0000000000
58608  -21.042  -0.135  -16.609 0.0000000000
58607  -21.000  -0.169  -16.618 0.0000000000
57665  -21.010  -0.431  -16.454 0.0000000000
57680  -20.983  -0.341  -16.611 0.0000000000
57679  -20.669  -0.232  -16.736 0.0000000000
57678  -20.035  -0.199  -16.837 0.0000000000
57677  -19.953  -0.139  -16.836 0.0000000000
57676  -19.857  -0.061  -16.818 0.0000000000
57661  -19.518  -0.458  -16.426 0.0000000000
58606  -19.188  -0.068  -16.518 0.0000000000
57666  -21.112  -0.435  -16.338 0.0000000000
57660  -19.025  -0.316  -16.174 0.0000000000
57646  -19.078  -0.438  -16.011 0.0000000000
58590  -18.954  -0.239  -16.049 0.0000000000
58589  -18.775  -0.148  -15.992 0.0000000000
57645  -18.983  -0.423  -15.973 0.0000000000
57664  -20.903  -0.543  -16.421 0.0000000000
57663  -20.083  -0.656  -16.396 0.0000000000
57662  -19.959  -0.554  -16.482 0.0000000000
57648  -21.390  -0.864  -16.025 0.0000000000
56735  -21.006  -0.857  -16.176 0.0000000000
56734  -20.928  -0.877  -16.183 0.0000000000
56733  -20.451  -0.936  -16.063 0.0000000000
56732  -20.056  -0.948  -16.114 0.0000000000
56731  -19.851  -0.929  -16.126 0.0000000000
56730  -19.632  -0.906  -16.076 0.0000000000
57647  -19.453  -0.702  -16.103 0.0000000000
56719  -21.490  -0.937  -15.976 0.0000000000
56718  -21.031  -0.982  -16.038 0.0000000000
56713  -19.459  -0.859  -15.968 0.0000000000
56712  -19.212  -0.762  -15.833 0.0000000000
57630  -19.094  -0.659  -15.775 0.0000000000
57629  -18.980  -0.596  -15.730 0.0000000000
56694  -19.090  -0.877  -15.576 0.0000000000
57563  -22.994  -0.782  -12.291 0.0000000000
56624  -23.057  -0.979  -12.724 0.0000000000
57557  -23.108  -0.203  -12.169 0.0000000000
57556  -23.012  -0.624  -12.007 0.0000000000
56622  -22.904  -0.856  -12.338 0.0000000000
56717  -20.638  -1.003  -16.010 0.0000000000
56716  -20.260  -1.011  -16.011 0.0000000000
56715  -19.978  -1.014  -16.037 0.0000000000
56714  -19.790  -1.005  -16.033 0.0000000000
56696  -21.636  -0.945  -15.896 0.0000000000
55796  -21.560  -1.064  -15.879 0.0000000000
55815  -21.216  -1.020  -15.993 0.0000000000
55814  -21.035  -1.017  -16.005 0.0000000000
55813  -20.807  -1.042  -16.002 0.0000000000
55812  -20.380  -1.097  -15.942 0.0000000000
55811  -20.050  -1.054  -15.991 0.0000000000
55810  -19.828  -1.053  -15.994 0.0000000000
55809  -19.644  -1.015  -15.989 0.0000000000
55790  -19.500  -1.067  -15.788 0.0000000000
56695  -19.304  -0.907  -15.758 0.0000000000
55789  -19.183  -1.004  -15.552 0.0000000000
55770  -19.006  -1.134  -15.279 0.0000000000
56678  -18.964  -0.999  -15.295 0.0000000000
56693  -18.979  -0.930  -15.373 0.0000000000
55687  -23.009  -0.998  -12.624 0.0000000000
56621  -22.776  -0.910  -12.257 0.0000000000
55686  -22.874  -1.009  -12.499 0.0000000000
56618  -22.983  -0.796  -12.051 0.0000000000
56617  -22.813  -0.891  -12.131 0.0000000000
55682  -22.737  -0.977  -12.017 0.0000000000
56607  -22.674  -0.881  -12.013 0.0000000000
55795  -21.022  -1.164  -15.908 0.0000000000
55794  -20.971  -1.197  -15.869 0.0000000000
55793  -20.599  -1.173  -15.902 0.0000000000
55792  -20.088  -1.148  -15.904 0.0000000000
55791  -19.971  -1.148  -15.940 0.0000000000
54922  -21.938  -1.567  -15.410 0.0000000000
54921  -21.795  -1.585  -15.416 0.0000000000
54920  -21.291  -1.543  -15.522 0.0000000000
54919  -21.011  -1.634  -15.457 0.0000000000
54918  -20.819  -1.659  -15.357 0.0000000000
54917  -20.172  -1.551  -15.510 0.0000000000
54916  -20.005  -1.597  -15.506 0.0000000000
54915  -19.962  -1.441  -15.652 0.0000000000
54895  -19.706  -1.751  -15.306 0.0000000000
55771  -19.177  -1.273  -15.495 0.0000000000
54894  -19.172  -1.460  -15.074 0.0000000000
54819  -23.042  -1.566  -13.001 0.0000000000
55691  -23.001  -1.266  -12.855 0.0000000000
54808  -23.009  -1.535  -12.987 0.0000000000
54807  -22.926  -1.547  -12.927 0.0000000000
55685  -22.641  -1.012  -12.325 0.0000000000
54797  -22.590  -1.333  -12.724 0.0000000000
55681  -22.601  -1.103  -12.122 0.0000000000
54796  -22.084  -1.605  -12.181 0.0000000000
55678  -22.644  -0.980  -11.935 0.0000000000
55677  -22.609  -1.124  -12.000 0.0000000000
54792  -22.302  -1.459  -12.027 0.0000000000
55672  -22.441  -0.993  -11.375 0.0000000000
55671  -22.660  -1.073  -11.657 0.0000000000
56589  -22.778  -0.977  -11.475 0.0000000000
54789  -22.278  -1.416  -11.987 0.0000000000
55653  -22.415  -1.336  -11.121 0.0000000000
54785  -22.201  -1.531  -11.474 0.0000000000
55654  -22.698  -1.010  -11.057 0.0000000000
54774  -22.488  -1.446  -11.017 0.0000000000
54773  -22.221  -1.858  -11.000 0.0000000000
54901  -21.936  -1.870  -15.246 0.0000000000
54900  -21.480  -1.890  -15.286 0.0000000000
54899  -21.064  -1.903  -15.266 0.0000000000
54898  -20.908  -1.929  -15.269 0.0000000000
54897  -20.359  -1.979  -15.265 0.0000000000
54896  -19.987  -1.798  -15.286 0.0000000000
53996  -22.020  -2.002  -15.088 0.0000000000
53995  -21.643  -2.004  -15.229 0.0000000000
53994  -21.087  -2.011  -15.289 0.0000000000
53993  -20.971  -2.009  -15.296 0.0000000000
53992  -20.471  -2.025  -15.234 0.0000000000
53991  -20.001  -1.947  -15.227 0.0000000000
53990  -19.892  -2.007  -15.198 0.0000000000
53989  -19.763  -1.998  -15.119 0.0000000000
54876  -19.516  -1.840  -15.108 0.0000000000
54875  -19.200  -1.643  -14.946 0.0000000000
53974  -19.566  -1.970  -15.017 0.0000000000
53907  -22.966  -1.974  -12.990 0.0000000000
53899  -22.982  -1.784  -12.995 0.0000000000
53898  -22.817  -1.958  -13.010 0.0000000000
54806  -22.336  -1.738  -12.926 0.0000000000
53897  -22.519  -1.967  -12.895 0.0000000000
53886  -22.242  -1.952  -12.593 0.0000000000
54795  -22.027  -1.811  -12.068 0.0000000000
53885  -22.013  -1.913  -12.238 0.0000000000
54791  -21.984  -1.744  -12.048 0.0000000000
53878  -22.044  -1.928  -12.061 0.0000000000
54788  -21.974  -1.757  -11.764 0.0000000000
53875  -21.963  -1.903  -11.949 0.0000000000
54784  -21.982  -1.834  -11.320 0.0000000000
53872  -21.962  -1.961  -11.624 0.0000000000
54772  -22.139  -1.951  -11.046 0.0000000000
53868  -22.001  -2.002  -11.164 0.0000000000
54755  -22.243  -1.939  -11.006 0.0000000000
53853  -22.267  -1.984  -10.998 0.0000000000
53869  -22.164  -1.942  -10.978 0.0000000000
54756  -22.374  -1.763  -10.850 0.0000000000
53976  -21.979  -1.992  -15.000 0.0000000000
53083  -22.014  -2.128  -14.999 0.0000000000
53097  -21.997  -2.137  -15.083 0.0000000000
53096  -21.983  -2.054  -15.242 0.0000000000
53095  -21.362  -2.080  -15.553 0.0000000000
53094  -21.006  -2.307  -15.208 0.0000000000
53093  -20.625  -2.228  -15.204 0.0000000000
53092  -20.063  -2.058  -15.274 0.0000000000
53091  -20.028  -2.017  -15.157 0.0000000000
53078  -19.934  -2.221  -15.110 0.0000000000
53975  -19.803  -2.029  -15.069 0.0000000000
53077  -19.745  -2.047  -15.009 0.0000000000
53014  -23.005  -2.159  -13.080 0.0000000000
53906  -22.842  -2.001  -13.102 0.0000000000
53013  -22.875  -2.268  -13.168 0.0000000000
53006  -22.662  -2.251  -13.027 0.0000000000
53005  -22.356  -2.192  -12.774 0.0000000000
52994  -22.127  -2.010  -12.570 0.0000000000
52993  -21.987  -2.148  -12.533 0.0000000000
52982  -21.937  -1.997  -12.144 0.0000000000
52978  -21.961  -2.003  -11.954 0.0000000000
52974  -21.976  -2.098  -11.479 0.0000000000
52970  -22.142  -2.104  -11.068 0.0000000000
52969  -21.969  -2.177  -11.006 0.0000000000
52963  -22.419  -2.007  -10.787 0.0000000000
52962  -22.169  -2.240  -10.954 0.0000000000
53854  -22.490  -1.911  -10.784 0.0000000000
53082  -21.996  -2.358  -15.058 0.0000000000
52205  -21.861  -2.402  -15.360 0.0000000000
52204  -21.132  -2.589  -15.178 0.0000000000
52203  -21.019  -2.698  -15.017 0.0000000000
53081  -21.015  -2.560  -15.044 0.0000000000
53080  -20.924  -2.574  -15.049 0.0000000000
53079  -20.276  -2.407  -15.107 0.0000000000
52196  -22.053  -2.611  -14.923 0.0000000000
52195  -22.012  -2.607  -14.995 0.0000000000
52194  -21.820  -2.963  -15.119 0.0000000000
52192  -20.971  -2.727  -14.998 0.0000000000
52191  -20.614  -2.684  -14.942 0.0000000000
52190  -20.061  -2.613  -14.968 0.0000000000
52189  -19.982  -2.481  -14.901 0.0000000000
53066  -19.946  -2.331  -14.989 0.0000000000
53065  -19.557  -2.098  -14.869 0.0000000000
52180  -19.858  -2.661  -14.569 0.0000000000
52124  -23.203  -2.524  -13.201 0.0000000000
52123  -22.967  -2.658  -13.100 0.0000000000
52122  -22.742  -2.637  -13.091 0.0000000000
52114  -22.654  -2.677  -12.825 0.0000000000
53004  -22.016  -2.461  -12.731 0.0000000000
52113  -22.177  -2.750  -12.839 0.0000000000
52112  -21.979  -2.901  -12.640 0.0000000000
52992  -21.723  -2.345  -12.342 0.0000000000
52103  -21.816  -2.703  -12.520 0.0000000000
52981  -21.718  -2.323  -12.068 0.0000000000
52102  -21.614  -2.706  -12.255 0.0000000000
52977  -21.845  -2.235  -11.982 0.0000000000
52089  -21.583  -2.875  -12.011 0.0000000000
52973  -21.646  -2.427  -11.370 0.0000000000
52081  -21.472  -2.910  -11.901 0.0000000000
52968  -21.901  -2.478  -11.004 0.0000000000
52073  -21.637  -2.720  -11.010 0.0000000000
52078  -21.404  -2.978  -11.335 0.0000000000
52961  -22.029  -2.308  -11.006 0.0000000000
52069  -21.931  -2.549  -10.886 0.0000000000
52074  -21.996  -2.597  -11.005 0.0000000000
52947  -22.343  -2.264  -10.671 0.0000000000
52063  -22.206  -2.613  -10.589 0.0000000000
52070  -22.012  -2.726  -10.747 0.0000000000
52948  -22.620  -2.049  -10.625 0.0000000000
52193  -21.153  -2.974  -14.995 0.0000000000
52182  -22.168  -2.996  -14.732 0.0000000000
51292  -22.180  -3.013  -14.766 0.0000000000
51306  -22.027  -2.935  -14.880 0.0000000000
51305  -21.883  -2.875  -14.912 0.0000000000
51304  -21.403  -2.916  -14.875 0.0000000000
51303  -21.070  -2.935  -14.860 0.0000000000
51302  -20.972  -2.917  -14.889 0.0000000000
51301  -20.441  -2.940  -14.913 0.0000000000
51300  -19.993  -2.818  -14.682 0.0000000000
52181  -19.996  -2.754  -14.657 0.0000000000
51286  -20.072  -2.977  -14.494 0.0000000000
51285  -19.987  -2.964  -14.508 0.0000000000
52135  -23.012  -2.861  -13.260 0.0000000000
51246  -23.240  -2.994  -13.462 0.0000000000
51233  -22.985  -3.012  -13.241 0.0000000000
51232  -22.799  -2.957  -13.140 0.0000000000
51222  -22.682  -2.976  -13.001 0.0000000000
51221  -22.435  -2.981  -12.932 0.0000000000
51220  -22.015  -3.000  -12.712 0.0000000000
51213  -21.953  -3.014  -12.617 0.0000000000
51212  -21.670  -2.993  -12.474 0.0000000000
51202  -21.529  -2.987  -12.031 0.0000000000
51190  -21.556  -2.988  -11.937 0.0000000000
52080  -21.355  -3.016  -11.701 0.0000000000
51189  -21.372  -3.020  -11.988 0.0000000000
52077  -21.344  -2.985  -11.421 0.0000000000
51186  -21.260  -3.023  -11.494 0.0000000000
51183  -21.587  -2.981  -10.980 0.0000000000
51187  -21.359  -3.009  -11.231 0.0000000000
52068  -21.805  -2.640  -10.924 0.0000000000
51177  -21.690  -2.787  -10.821 0.0000000000
51174  -22.224  -3.013  -10.439 0.0000000000
51179  -22.124  -2.979  -10.536 0.0000000000
51178  -21.935  -2.892  -10.746 0.0000000000
51291  -21.995  -2.991  -14.803 0.0000000000
51290  -21.756  -2.996  -14.869 0.0000000000
51289  -21.165  -2.993  -14.775 0.0000000000
51288  -20.986  -2.969  -14.816 0.0000000000
51287  -20.870  -2.996  -14.772 0.0000000000
50364  -22.526  -3.005  -14.605 0.0000000000
50363  -22.014  -3.211  -14.612 0.0000000000
50362  -21.978  -3.259  -14.604 0.0000000000
50361  -21.522  -3.268  -14.727 0.0000000000
50360  -21.093  -3.195  -14.682 0.0000000000
50359  -20.964  -3.196  -14.648 0.0000000000
50358  -20.610  -3.252  -14.829 0.0000000000
50357  -20.126  -3.026  -14.459 0.0000000000
51276  -20.008  -3.029  -14.334 0.0000000000
51275  -19.904  -2.997  -14.275 0.0000000000
50349  -22.571  -3.294  -14.529 0.0000000000
50346  -20.025  -3.327  -14.114 0.0000000000
50322  -23.330  -3.188  -13.762 0.0000000000
50321  -23.099  -3.281  -13.482 0.0000000000
50306  -22.865  -3.163  -13.057 0.0000000000
50305  -22.794  -3.106  -12.990 0.0000000000
50293  -22.648  -3.102  -12.992 0.0000000000
50292  -22.027  -3.124  -12.941 0.0000000000
50291  -22.008  -3.083  -12.675 0.0000000000
50283  -21.945  -3.396  -12.811 0.0000000000
50282  -21.593  -3.385  -12.226 0.0000000000
51201  -21.403  -3.064  -12.006 0.0000000000
50274  -21.359  -3.460  -12.012 0.0000000000
50273  -21.290  -3.354  -12.027 0.0000000000
50259  -21.251  -3.222  -11.938 0.0000000000
51182  -21.386  -2.986  -10.989 0.0000000000
50249  -21.088  -3.390  -11.201 0.0000000000
50245  -21.596  -3.010  -10.933 0.0000000000
50244  -21.383  -3.211  -10.981 0.0000000000
51173  -22.011  -3.007  -10.600 0.0000000000
50240  -21.958  -3.002  -10.658 0.0000000000
50239  -21.780  -3.011  -10.726 0.0000000000
50235  -22.045  -3.342  -10.553 0.0000000000
50348  -22.054  -3.357  -14.662 0.0000000000
49412  -22.139  -3.758  -14.552 0.0000000000
49425  -22.007  -3.570  -14.415 0.0000000000
49424  -21.965  -3.635  -14.455 0.0000000000
49423  -21.850  -3.783  -14.487 0.0000000000
49422  -21.205  -3.622  -14.540 0.0000000000
49421  -20.982  -3.627  -14.461 0.0000000000
49420  -20.999  -3.512  -14.610 0.0000000000
49407  -20.872  -3.945  -14.249 0.0000000000
50347  -20.264  -3.322  -14.287 0.0000000000
49400  -23.018  -3.644  -14.002 0.0000000000
49414  -22.945  -3.599  -14.020 0.0000000000
49413  -22.742  -3.679  -14.114 0.0000000000
49406  -20.321  -3.696  -14.006 0.0000000000
49397  -20.277  -3.806  -13.950 0.0000000000
50336  -20.082  -3.343  -14.009 0.0000000000
50345  -20.002  -3.300  -14.075 0.0000000000
50335  -19.963  -3.370  -13.991 0.0000000000
51263  -19.886  -3.185  -14.087 0.0000000000
49391  -23.048  -3.630  -13.812 0.0000000000
49396  -19.990  -3.903  -14.012 0.0000000000
49376  -22.977  -3.671  -13.225 0.0000000000
49375  -22.918  -3.558  -12.938 0.0000000000
49357  -22.686  -3.542  -12.984 0.0000000000
49356  -22.355  -3.658  -12.787 0.0000000000
49355  -22.017  -3.604  -12.901 0.0000000000
49342  -22.013  -3.852  -12.380 0.0000000000
49341  -21.814  -3.929  -12.619 0.0000000000
49334  -21.402  -3.830  -12.164 0.0000000000
49333  -21.299  -3.829  -12.041 0.0000000000
49325  -21.171  -3.910  -11.889 0.0000000000
50248  -20.993  -3.656  -11.046 0.0000000000
49313  -20.983  -3.868  -11.568 0.0000000000
50243  -21.108  -3.681  -11.047 0.0000000000
49312  -20.917  -3.786  -11.232 0.0000000000
50238  -21.401  -3.339  -10.934 0.0000000000
49306  -21.094  -3.538  -10.991 0.0000000000
49305  -20.993  -3.798  -10.988 0.0000000000
50234  -21.990  -3.394  -10.437 0.0000000000
49302  -21.451  -3.429  -10.760 0.0000000000
49301  -21.039  -3.776  -10.842 0.0000000000
49297  -22.010  -3.882  -10.146 0.0000000000
49298  -22.249  -3.585  -10.215 0.0000000000
50236  -22.371  -3.113  -10.193 0.0000000000
49296  -21.566  -3.908  -10.421 0.0000000000
49411  -22.041  -3.945  -14.210 0.0000000000
49410  -21.959  -4.015  -14.212 0.0000000000
49409  -21.352  -3.997  -14.337 0.0000000000
49408  -21.002  -3.895  -14.258 0.0000000000
49399  -22.876  -3.894  -13.985 0.0000000000
48482  -22.569  -4.012  -14.101 0.0000000000
48481  -22.228  -3.997  -14.135 0.0000000000
48480  -22.003  -4.102  -14.111 0.0000000000
48479  -21.567  -4.129  -14.232 0.0000000000
48478  -21.026  -4.023  -14.214 0.0000000000
48477  -20.883  -4.072  -14.136 0.0000000000
48476  -20.731  -4.029  -14.049 0.0000000000
49398  -20.597  -3.991  -14.006 0.0000000000
48469  -22.927  -3.925  -13.997 0.0000000000
48468  -22.550  -4.078  -13.979 0.0000000000
48464  -20.549  -4.000  -13.964 0.0000000000
48463  -20.291  -3.980  -13.876 0.0000000000
49390  -20.210  -3.838  -13.753 0.0000000000
49389  -20.041  -3.674  -13.604 0.0000000000
48457  -22.899  -4.002  -13.799 0.0000000000
48455  -20.098  -3.976  -13.594 0.0000000000
48450  -22.722  -3.882  -13.191 0.0000000000
48449  -22.580  -3.969  -13.028 0.0000000000
48436  -22.626  -3.970  -12.939 0.0000000000
49343  -22.293  -3.985  -12.465 0.0000000000
48435  -22.323  -3.994  -12.811 0.0000000000
48419  -22.034  -4.018  -12.448 0.0000000000
48418  -21.997  -3.948  -12.477 0.0000000000
48404  -21.595  -3.990  -12.267 0.0000000000
48417  -21.991  -4.022  -12.556 0.0000000000
48403  -21.319  -4.000  -12.042 0.0000000000
48394  -21.224  -3.990  -11.979 0.0000000000
49324  -20.983  -3.945  -11.597 0.0000000000
48393  -20.998  -4.001  -11.720 0.0000000000
48381  -20.875  -3.985  -11.382 0.0000000000
48370  -20.898  -3.877  -11.060 0.0000000000
49300  -20.976  -3.779  -10.897 0.0000000000
48365  -20.943  -3.876  -10.844 0.0000000000
49295  -21.101  -4.000  -10.663 0.0000000000
48360  -21.243  -3.997  -10.453 0.0000000000
48366  -20.997  -3.949  -10.731 0.0000000000
49287  -22.171  -3.873  -10.028 0.0000000000
50225  -22.307  -3.094  -10.015 0.0000000000
49286  -22.004  -4.026  -10.017 0.0000000000
48351  -22.009  -3.987  -10.023 0.0000000000
48362  -21.990  -4.012  -10.083 0.0000000000
48361  -21.844  -4.028  -10.178 0.0000000000
49276  -22.073  -3.939  -10.012 0.0000000000
48340  -22.280  -3.993  -9.816 0.0000000000
48352  -22.068  -4.018  -9.972 0.0000000000
49277  -22.519  -3.755  -9.772 0.0000000000
49288  -22.560  -3.272  -10.010 0.0000000000
48467  -22.159  -4.135  -13.995 0.0000000000
48466  -21.983  -4.178  -14.031 0.0000000000
47551  -22.009  -4.425  -14.007 0.0000000000
47565  -21.925  -4.146  -14.087 0.0000000000
47564  -21.749  -4.306  -14.181 0.0000000000
47563  -21.286  -4.299  -14.162 0.0000000000
47562  -20.981  -4.243  -14.115 0.0000000000
47548  -20.846  -4.277  -13.982 0.0000000000
48465  -20.779  -4.053  -14.008 0.0000000000
48456  -22.820  -4.007  -13.479 0.0000000000
47539  -22.581  -4.392  -13.634 0.0000000000
47553  -22.483  -4.067  -13.974 0.0000000000
47552  -22.210  -4.406  -13.923 0.0000000000
47547  -20.582  -4.243  -13.983 0.0000000000
47546  -20.204  -4.005  -13.683 0.0000000000
47531  -22.738  -4.073  -13.043 0.0000000000
47526  -22.637  -4.057  -12.949 0.0000000000
47525  -22.436  -4.251  -12.762 0.0000000000
47513  -22.053  -4.413  -12.238 0.0000000000
47512  -21.999  -4.384  -12.432 0.0000000000
47511  -21.632  -4.142  -12.384 0.0000000000
47493  -21.475  -4.312  -12.030 0.0000000000
47492  -21.219  -4.257  -11.976 0.0000000000
47480  -21.164  -4.345  -11.816 0.0000000000
47479  -21.007  -4.200  -11.730 0.0000000000
48380  -20.634  -3.996  -11.234 0.0000000000
47470  -20.942  -4.325  -11.541 0.0000000000
48369  -20.787  -4.005  -11.043 0.0000000000
47469  -20.457  -4.419  -11.047 0.0000000000
48364  -20.808  -3.989  -10.946 0.0000000000
47458  -20.656  -4.300  -10.957 0.0000000000
48359  -21.017  -4.017  -10.652 0.0000000000
47451  -20.931  -4.001  -10.725 0.0000000000
47450  -20.687  -4.316  -10.694 0.0000000000
48350  -21.912  -4.083  -10.058 0.0000000000
48349  -21.527  -4.095  -10.140 0.0000000000
47448  -21.194  -4.191  -10.363 0.0000000000
47447  -21.015  -4.183  -10.420 0.0000000000
48339  -22.048  -4.070  -9.993 0.0000000000
47439  -22.001  -4.062  -9.988 0.0000000000
47438  -21.823  -4.154  -9.999 0.0000000000
47437  -21.190  -4.237  -9.976 0.0000000000
47429  -22.282  -4.133  -9.773 0.0000000000
47430  -22.877  -4.027  -9.543 0.0000000000
48341  -22.773  -3.971  -9.628 0.0000000000
47428  -21.996  -4.208  -9.839 0.0000000000
47550  -21.519  -4.636  -14.027 0.0000000000
47549  -21.025  -4.508  -14.011 0.0000000000
47538  -22.270  -4.525  -13.978 0.0000000000
46608  -22.140  -4.825  -13.774 0.0000000000
46623  -22.023  -4.732  -13.984 0.0000000000
46622  -21.978  -4.577  -13.970 0.0000000000
46621  -21.839  -4.564  -13.943 0.0000000000
46620  -21.156  -4.530  -13.910 0.0000000000
46619  -21.014  -4.688  -13.894 0.0000000000
46618  -20.889  -4.690  -14.017 0.0000000000
46604  -20.741  -4.747  -13.677 0.0000000000
47537  -20.324  -4.431  -13.606 0.0000000000
47536  -20.042  -4.391  -13.510 0.0000000000
46596  -22.716  -4.497  -12.992 0.0000000000
46609  -22.481  -4.798  -13.246 0.0000000000
46603  -20.163  -4.842  -13.399 0.0000000000
46588  -22.652  -4.365  -12.998 0.0000000000
46587  -22.496  -4.690  -12.982 0.0000000000
46582  -22.349  -4.917  -12.582 0.0000000000
46581  -22.036  -4.992  -12.413 0.0000000000
47494  -21.794  -4.511  -12.162 0.0000000000
46567  -21.930  -4.946  -12.309 0.0000000000
46566  -21.635  -4.885  -12.009 0.0000000000
46565  -21.378  -4.648  -11.993 0.0000000000
46547  -21.349  -4.730  -11.878 0.0000000000
46546  -21.033  -4.833  -11.924 0.0000000000
46534  -20.986  -4.888  -11.686 0.0000000000
46533  -20.660  -4.801  -11.356 0.0000000000
46522  -20.490  -4.933  -11.004 0.0000000000
46511  -20.347  -4.758  -10.894 0.0000000000
47446  -20.934  -4.286  -10.321 0.0000000000
46507  -20.537  -4.876  -10.296 0.0000000000
47436  -21.015  -4.653  -10.000 0.0000000000
46508  -20.914  -4.645  -10.018 0.0000000000
47427  -21.785  -4.269  -9.670 0.0000000000
46500  -21.313  -4.563  -10.016 0.0000000000
46499  -21.020  -4.760  -9.910 0.0000000000
46498  -20.904  -4.903  -10.037 0.0000000000
47419  -22.818  -4.315  -9.155 0.0000000000
48330  -22.979  -4.024  -9.433 0.0000000000
47418  -22.383  -4.705  -9.135 0.0000000000
46490  -22.059  -4.794  -9.536 0.0000000000
46489  -21.989  -4.963  -9.658 0.0000000000
46488  -21.377  -4.789  -9.780 0.0000000000
46479  -22.673  -4.945  -9.083 0.0000000000
46480  -22.993  -4.724  -9.060 0.0000000000
47420  -22.997  -4.370  -9.386 0.0000000000
46478  -22.096  -4.988  -9.327 0.0000000000
46607  -22.019  -4.981  -13.651 0.0000000000
46606  -21.987  -4.830  -13.621 0.0000000000
45693  -21.514  -4.840  -13.781 0.0000000000
45692  -21.169  -4.947  -13.738 0.0000000000
45691  -21.017  -4.966  -13.750 0.0000000000
46605  -21.001  -4.975  -13.726 0.0000000000
46595  -22.343  -4.941  -13.107 0.0000000000
45677  -22.216  -5.029  -13.415 0.0000000000
45676  -22.025  -5.057  -13.508 0.0000000000
45675  -21.726  -4.980  -13.667 0.0000000000
45673  -21.004  -5.006  -13.735 0.0000000000
45672  -20.791  -5.033  -13.552 0.0000000000
45663  -22.311  -5.024  -13.112 0.0000000000
45654  -22.342  -5.016  -12.941 0.0000000000
45648  -22.027  -5.000  -12.587 0.0000000000
45647  -22.005  -5.025  -12.347 0.0000000000
45641  -21.880  -5.009  -12.120 0.0000000000
46548  -21.579  -5.028  -11.941 0.0000000000
45625  -21.700  -5.003  -12.017 0.0000000000
45640  -21.649  -5.036  -12.021 0.0000000000
45624  -21.574  -4.982  -11.911 0.0000000000
45623  -21.104  -4.990  -11.753 0.0000000000
45606  -20.985  -4.998  -11.666 0.0000000000
45605  -20.910  -5.035  -11.584 0.0000000000
45592  -20.427  -5.000  -11.260 0.0000000000
46521  -20.270  -4.982  -11.030 0.0000000000
45591  -20.362  -5.018  -11.030 0.0000000000
46510  -20.238  -5.000  -10.789 0.0000000000
45579  -20.308  -5.081  -11.021 0.0000000000
46506  -20.340  -5.006  -10.543 0.0000000000
45570  -20.417  -4.996  -10.603 0.0000000000
46497  -20.745  -4.980  -10.014 0.0000000000
45563  -20.691  -5.007  -9.982 0.0000000000
45571  -20.604  -5.009  -10.032 0.0000000000
46487  -20.978  -4.870  -9.836 0.0000000000
46486  -20.900  -4.911  -9.902 0.0000000000
45552  -20.871  -4.986  -9.850 0.0000000000
45564  -20.828  -4.936  -9.955 0.0000000000
46477  -22.017  -4.941  -9.418 0.0000000000
45543  -22.001  -5.068  -9.392 0.0000000000
45555  -21.988  -4.971  -9.457 0.0000000000
45554  -21.592  -4.992  -9.643 0.0000000000
45553  -21.067  -5.011  -9.696 0.0000000000
46468  -22.811  -4.974  -8.991 0.0000000000
45534  -22.645  -5.057  -9.046 0.0000000000
45545  -22.612  -5.051  -9.141 0.0000000000
45544  -22.305  -5.202  -9.219 0.0000000000
46469  -22.965  -4.857  -8.994 0.0000000000
45535  -22.919  -5.170  -8.946 0.0000000000
45674  -21.177  -5.038  -13.831 0.0000000000
45662  -22.154  -5.165  -13.278 0.0000000000
44746  -21.992  -5.068  -13.439 0.0000000000
44745  -21.634  -5.582  -13.566 0.0000000000
44744  -21.040  -5.339  -13.485 0.0000000000
44743  -21.008  -5.343  -13.636 0.0000000000
44742  -20.773  -5.475  -13.480 0.0000000000
45671  -20.176  -4.986  -13.364 0.0000000000
44741  -20.137  -5.019  -13.240 0.0000000000
45661  -20.027  -5.012  -13.199 0.0000000000
44727  -22.288  -5.233  -13.079 0.0000000000
44726  -21.990  -5.499  -13.135 0.0000000000
44715  -22.309  -5.297  -12.839 0.0000000000
44707  -22.250  -5.245  -12.552 0.0000000000
44706  -22.019  -5.418  -12.362 0.0000000000
44700  -21.734  -5.305  -12.069 0.0000000000
44699  -21.777  -5.430  -12.001 0.0000000000
44694  -21.802  -5.405  -11.911 0.0000000000
44693  -21.356  -5.038  -11.558 0.0000000000
44692  -21.003  -5.176  -11.596 0.0000000000
44676  -20.996  -5.292  -11.642 0.0000000000
44675  -20.785  -5.410  -11.471 0.0000000000
44656  -20.307  -5.551  -10.998 0.0000000000
44655  -20.262  -5.404  -11.022 0.0000000000
44640  -20.199  -5.433  -10.995 0.0000000000
44630  -20.553  -5.331  -9.997 0.0000000000
44629  -20.231  -5.537  -10.340 0.0000000000
45551  -20.842  -5.010  -9.944 0.0000000000
44610  -20.624  -5.155  -9.806 0.0000000000
44622  -20.530  -5.340  -9.973 0.0000000000
45542  -21.774  -5.021  -9.499 0.0000000000
45541  -21.362  -5.050  -9.542 0.0000000000
44601  -21.198  -5.372  -9.488 0.0000000000
44612  -21.032  -5.313  -9.608 0.0000000000
44611  -20.940  -5.201  -9.697 0.0000000000
45533  -22.252  -5.077  -9.040 0.0000000000
44592  -22.110  -5.452  -9.000 0.0000000000
44604  -22.118  -5.489  -9.139 0.0000000000
44603  -22.027  -5.482  -9.215 0.0000000000
44602  -21.830  -5.446  -9.375 0.0000000000
44593  -22.673  -5.527  -8.994 0.0000000000
44725  -21.962  -5.676  -13.236 0.0000000000
43810  -21.704  -5.885  -13.135 0.0000000000
43826  -21.353  -5.933  -13.209 0.0000000000
43825  -21.017  -5.745  -13.344 0.0000000000
43824  -21.008  -5.698  -13.444 0.0000000000
43823  -21.010  -5.708  -13.510 0.0000000000
43807  -20.714  -5.970  -13.248 0.0000000000
44724  -20.256  -5.711  -13.157 0.0000000000
44723  -19.993  -5.404  -13.143 0.0000000000
44714  -22.090  -5.502  -12.824 0.0000000000
43790  -21.896  -5.863  -13.002 0.0000000000
43811  -21.976  -5.760  -13.026 0.0000000000
43806  -20.190  -5.924  -13.039 0.0000000000
43779  -21.997  -5.862  -12.793 0.0000000000
43771  -21.833  -5.713  -12.208 0.0000000000
43770  -21.558  -5.740  -12.026 0.0000000000
43764  -21.575  -5.922  -11.967 0.0000000000
43763  -21.366  -5.888  -11.721 0.0000000000
44677  -21.062  -5.493  -11.599 0.0000000000
43757  -21.069  -5.968  -11.583 0.0000000000
43756  -20.999  -5.914  -11.271 0.0000000000
43755  -20.540  -5.888  -11.269 0.0000000000
43740  -20.305  -5.958  -10.996 0.0000000000
43739  -20.273  -5.939  -11.008 0.0000000000
43720  -20.199  -5.996  -10.546 0.0000000000
44621  -20.340  -5.621  -9.990 0.0000000000
43704  -20.309  -5.985  -10.107 0.0000000000
43691  -20.496  -5.821  -10.005 0.0000000000
43690  -20.305  -5.989  -10.034 0.0000000000
44600  -21.006  -5.664  -9.467 0.0000000000
43679  -20.948  -5.830  -9.508 0.0000000000
43678  -20.588  -5.927  -9.805 0.0000000000
44591  -22.016  -5.854  -9.079 0.0000000000
43672  -22.001  -5.987  -9.090 0.0000000000
43671  -22.009  -5.975  -9.215 0.0000000000
43670  -21.376  -5.823  -9.320 0.0000000000
43669  -20.986  -5.931  -9.403 0.0000000000
43661  -22.253  -5.980  -8.998 0.0000000000
43660  -22.060  -6.034  -9.071 0.0000000000
43809  -21.203  -6.047  -13.148 0.0000000000
43808  -21.012  -5.975  -13.235 0.0000000000
43789  -21.793  -5.954  -13.014 0.0000000000
42927  -21.659  -5.991  -13.018 0.0000000000
42944  -21.540  -6.034  -13.066 0.0000000000
42943  -21.261  -6.081  -13.103 0.0000000000
42942  -21.026  -6.058  -13.140 0.0000000000
42941  -20.728  -6.126  -13.163 0.0000000000
42940  -20.476  -6.048  -13.144 0.0000000000
42907  -21.992  -6.003  -12.910 0.0000000000
42928  -21.847  -6.010  -12.991 0.0000000000
43778  -21.753  -5.994  -12.200 0.0000000000
42906  -21.828  -5.975  -12.499 0.0000000000
42895  -21.579  -6.126  -12.088 0.0000000000
42887  -21.523  -6.003  -12.014 0.0000000000
42886  -21.554  -6.025  -11.895 0.0000000000
42881  -21.339  -6.013  -11.419 0.0000000000
42880  -20.989  -6.001  -11.383 0.0000000000
42879  -20.894  -6.006  -11.438 0.0000000000
42869  -20.458  -6.012  -11.086 0.0000000000
42868  -20.325  -6.092  -11.000 0.0000000000
42852  -20.197  -6.012  -10.823 0.0000000000
42836  -20.205  -6.074  -10.167 0.0000000000
42819  -20.423  -6.014  -9.925 0.0000000000
42820  -20.394  -5.978  -10.057 0.0000000000
42805  -20.791  -6.033  -9.520 0.0000000000
42804  -20.470  -6.034  -9.877 0.0000000000
42797  -21.949  -6.055  -9.185 0.0000000000
42796  -21.534  -6.001  -9.275 0.0000000000
42795  -21.110  -6.062  -9.365 0.0000000000
42794  -21.001  -6.030  -9.370 0.0000000000
42926  -21.358  -6.145  -13.031 0.0000000000
42925  -21.056  -6.137  -13.051 0.0000000000
42030  -20.920  -6.195  -13.107 0.0000000000
42029  -20.764  -6.291  -13.163 0.0000000000
42924  -20.632  -6.201  -13.076 0.0000000000
42923  -20.345  -6.106  -13.051 0.0000000000
42025  -21.549  -6.051  -12.907 0.0000000000
42024  -21.101  -6.345  -13.001 0.0000000000
42023  -20.982  -6.347  -12.959 0.0000000000
42022  -20.612  -6.348  -13.012 0.0000000000
42009  -21.725  -6.192  -12.532 0.0000000000
42894  -21.468  -6.102  -11.987 0.0000000000
41992  -21.582  -6.115  -11.993 0.0000000000
41991  -21.305  -6.480  -11.994 0.0000000000
41977  -21.221  -6.488  -11.753 0.0000000000
41969  -21.185  -6.304  -11.365 0.0000000000
41968  -20.950  -6.476  -11.447 0.0000000000
41967  -20.563  -6.116  -11.188 0.0000000000
41959  -20.628  -6.450  -11.038 0.0000000000
41943  -20.341  -6.484  -10.981 0.0000000000
41958  -20.453  -6.293  -11.012 0.0000000000
41926  -20.215  -6.361  -10.581 0.0000000000
41907  -20.262  -6.399  -10.126 0.0000000000
42803  -20.262  -5.994  -9.917 0.0000000000
41888  -20.241  -6.164  -10.006 0.0000000000
41879  -21.016  -6.162  -9.365 0.0000000000
41890  -20.947  -6.582  -9.490 0.0000000000
41889  -20.543  -6.422  -9.721 0.0000000000
41881  -21.760  -6.468  -9.335 0.0000000000
41880  -21.106  -6.378  -9.319 0.0000000000
42008  -21.229  -6.627  -12.842 0.0000000000
42007  -21.017  -6.672  -12.591 0.0000000000
41085  -20.983  -6.631  -12.757 0.0000000000
41076  -21.019  -6.932  -12.201 0.0000000000
41075  -20.834  -6.950  -12.275 0.0000000000
41064  -20.995  -6.787  -12.035 0.0000000000
41976  -21.107  -6.779  -11.781 0.0000000000
41050  -20.991  -6.878  -11.965 0.0000000000
41049  -20.981  -7.025  -11.912 0.0000000000
41960  -20.722  -6.671  -11.000 0.0000000000
41036  -20.959  -6.949  -11.622 0.0000000000
41029  -20.674  -6.931  -10.974 0.0000000000
41944  -20.623  -6.780  -11.017 0.0000000000
41028  -20.678  -7.000  -11.002 0.0000000000
41020  -20.652  -6.992  -10.945 0.0000000000
41019  -20.444  -6.834  -10.965 0.0000000000
41005  -20.439  -6.982  -10.302 0.0000000000
41908  -20.402  -6.691  -9.991 0.0000000000
40986  -20.447  -6.976  -9.984 0.0000000000
40949  -21.007  -6.707  -9.394 0.0000000000
40967  -20.970  -6.998  -9.462 0.0000000000
40966  -20.696  -7.001  -9.892 0.0000000000
40950  -21.203  -6.895  -9.337 0.0000000000
41084  -20.458  -6.707  -12.755 0.0000000000
41063  -21.001  -6.988  -12.056 0.0000000000
40084  -20.963  -7.013  -12.078 0.0000000000
40094  -20.835  -6.969  -12.227 0.0000000000
40076  -20.866  -7.013  -11.946 0.0000000000
40064  -20.949  -7.036  -11.445 0.0000000000
40055  -20.771  -7.039  -10.984 0.0000000000
40054  -20.616  -7.014  -10.980 0.0000000000
41006  -20.495  -6.991  -10.216 0.0000000000
40047  -20.559  -7.057  -10.677 0.0000000000
40987  -20.548  -6.993  -9.989 0.0000000000
40041  -20.569  -7.030  -10.127 0.0000000000
40017  -20.516  -7.058  -9.594 0.0000000000
40031  -20.470  -7.267  -10.000 0.0000000000
39996  -21.020  -6.972  -9.494 0.0000000000
40018  -20.867  -7.163  -9.625 0.0000000000
39133  -20.863  -7.472  -11.874 0.0000000000
39142  -20.731  -7.508  -11.953 0.0000000000
39121  -20.906  -7.636  -11.207 0.0000000000
39109  -20.771  -7.569  -11.052 0.0000000000
39108  -20.542  -7.234  -11.011 0.0000000000
39090  -20.621  -7.519  -10.334 0.0000000000
39099  -20.679  -7.473  -10.982 0.0000000000
39079  -20.650  -7.503  -9.989 0.0000000000
39066  -20.708  -7.434  -9.745 0.0000000000
38218  -20.988  -7.984  -11.779 0.0000000000
38228  -20.827  -7.883  -11.993 0.0000000000
60413  -18.838  0.636  -16.853 0.0000000000
61304  -18.624  0.943  -16.730 0.0000000000
61305  -18.840  0.881  -16.986 0.0000000000
60422  -18.991  0.825  -17.041 0.0000000000
61311  -18.972  0.912  -17.041 0.0000000000
