#!ascii label  , from subject  vox2ras=TkReg
631
36326  -23.829  -8.678  -1.962 0.0000000000
36310  -23.999  -8.611  -2.015 0.0000000000
35579  -23.782  -8.977  -2.083 0.0000000000
36325  -23.588  -8.933  -2.393 0.0000000000
36309  -23.623  -8.463  -1.947 0.0000000000
35578  -23.339  -8.968  -2.363 0.0000000000
36324  -23.015  -8.730  -2.224 0.0000000000
37088  -23.050  -8.221  -2.013 0.0000000000
35577  -23.021  -8.966  -2.563 0.0000000000
35594  -22.913  -9.076  -2.627 0.0000000000
36342  -22.999  -8.743  -2.433 0.0000000000
36323  -22.986  -8.297  -2.354 0.0000000000
37087  -23.037  -8.107  -2.354 0.0000000000
36341  -22.831  -8.665  -2.399 0.0000000000
37086  -22.959  -8.012  -2.294 0.0000000000
37100  -22.792  -8.229  -2.456 0.0000000000
35561  -24.023  -8.987  -1.933 0.0000000000
35560  -23.998  -9.010  -2.014 0.0000000000
36311  -24.045  -8.547  -1.985 0.0000000000
37076  -23.780  -8.246  -1.931 0.0000000000
37077  -23.999  -8.274  -2.091 0.0000000000
37075  -23.468  -8.099  -2.019 0.0000000000
34871  -22.980  -9.161  -2.496 0.0000000000
35593  -22.679  -9.008  -2.671 0.0000000000
34872  -23.312  -9.227  -2.589 0.0000000000
35595  -23.139  -9.031  -2.551 0.0000000000
34870  -22.435  -9.133  -2.682 0.0000000000
35592  -22.267  -9.011  -2.832 0.0000000000
36340  -22.289  -8.587  -2.876 0.0000000000
34869  -22.149  -9.014  -2.785 0.0000000000
34878  -22.014  -9.037  -2.975 0.0000000000
35605  -22.095  -8.866  -2.991 0.0000000000
34853  -23.880  -9.007  -1.977 0.0000000000
34865  -23.735  -9.119  -2.118 0.0000000000
34864  -23.452  -9.037  -2.317 0.0000000000
35547  -24.078  -8.987  -1.365 0.0000000000
34838  -24.096  -9.020  -1.648 0.0000000000
34854  -23.965  -9.195  -1.927 0.0000000000
36297  -24.170  -8.636  -1.622 0.0000000000
35535  -24.096  -9.084  -1.034 0.0000000000
34820  -24.176  -9.164  -1.105 0.0000000000
36286  -24.371  -8.871  -1.072 0.0000000000
35525  -24.061  -9.012  -0.958 0.0000000000
34805  -24.278  -9.144  -0.981 0.0000000000
36276  -24.115  -8.941  -0.996 0.0000000000
35517  -24.066  -9.064  -0.480 0.0000000000
34793  -24.104  -9.354  -0.736 0.0000000000
36266  -24.153  -8.824  -0.401 0.0000000000
35509  -24.066  -8.986  -0.073 0.0000000000
34784  -24.099  -9.372  -0.264 0.0000000000
35508  -23.904  -9.006  -0.087 0.0000000000
34783  -23.956  -9.285  -0.229 0.0000000000
35499  -24.002  -8.986  -0.017 0.0000000000
36258  -24.073  -8.744  -0.003 0.0000000000
35498  -23.874  -8.993  -0.003 0.0000000000
34774  -23.850  -9.253  -0.089 0.0000000000
36248  -23.940  -8.700  0.016 0.0000000000
35487  -23.689  -9.017  0.499 0.0000000000
34763  -23.759  -9.057  0.040 0.0000000000
36247  -23.855  -8.840  0.166 0.0000000000
34187  -22.151  -9.756  -2.998 0.0000000000
34186  -22.005  -9.497  -2.997 0.0000000000
34877  -21.940  -9.131  -3.032 0.0000000000
34879  -22.522  -9.175  -3.001 0.0000000000
35604  -21.996  -8.921  -3.006 0.0000000000
34185  -21.871  -9.298  -2.998 0.0000000000
34876  -21.888  -9.100  -3.004 0.0000000000
35603  -21.893  -8.993  -3.019 0.0000000000
34897  -21.785  -9.102  -3.004 0.0000000000
34176  -23.372  -9.761  -2.944 0.0000000000
34175  -23.046  -9.632  -2.847 0.0000000000
34873  -23.791  -9.433  -2.504 0.0000000000
34174  -22.846  -9.598  -2.732 0.0000000000
34866  -24.028  -9.420  -2.086 0.0000000000
34170  -24.003  -9.610  -2.290 0.0000000000
34164  -24.019  -9.522  -1.844 0.0000000000
34167  -24.087  -9.655  -2.006 0.0000000000
34153  -24.089  -9.641  -1.323 0.0000000000
34137  -24.103  -9.660  -1.010 0.0000000000
34117  -24.018  -9.740  -0.573 0.0000000000
34094  -24.004  -9.730  -0.040 0.0000000000
34093  -23.868  -9.673  -0.317 0.0000000000
33529  -22.439  -9.938  -3.077 0.0000000000
33528  -22.039  -9.863  -3.154 0.0000000000
34188  -22.780  -9.850  -3.008 0.0000000000
34210  -21.991  -9.955  -3.223 0.0000000000
34209  -21.637  -9.639  -3.216 0.0000000000
34190  -23.173  -9.901  -2.949 0.0000000000
34191  -23.520  -9.925  -2.998 0.0000000000
34177  -23.886  -9.961  -2.765 0.0000000000
34189  -23.006  -9.867  -3.016 0.0000000000
34178  -24.017  -9.907  -2.558 0.0000000000
34171  -24.058  -9.764  -2.220 0.0000000000
33508  -24.151  -9.998  -1.780 0.0000000000
33511  -24.071  -10.000  -2.007 0.0000000000
33501  -24.085  -9.997  -1.149 0.0000000000
33494  -24.053  -9.996  -1.020 0.0000000000
34116  -24.008  -9.982  -0.542 0.0000000000
33485  -24.008  -9.995  -0.790 0.0000000000
33552  -22.151  -10.007  -3.140 0.0000000000
33553  -22.694  -10.049  -3.098 0.0000000000
33530  -22.807  -10.012  -2.984 0.0000000000
33551  -22.003  -9.995  -3.251 0.0000000000
33554  -22.974  -10.026  -3.159 0.0000000000
33531  -22.992  -10.009  -2.990 0.0000000000
33555  -23.188  -9.982  -3.114 0.0000000000
33532  -23.370  -9.943  -3.060 0.0000000000
33556  -23.544  -10.044  -3.063 0.0000000000
33533  -23.831  -10.064  -2.987 0.0000000000
32866  -22.001  -10.228  -3.403 0.0000000000
32865  -21.891  -10.157  -3.354 0.0000000000
33550  -21.790  -9.977  -3.254 0.0000000000
32867  -22.485  -10.089  -3.338 0.0000000000
32868  -22.960  -10.106  -3.295 0.0000000000
32869  -23.024  -10.145  -3.331 0.0000000000
32870  -23.350  -10.078  -3.251 0.0000000000
33514  -24.074  -9.994  -2.424 0.0000000000
33517  -23.893  -10.042  -2.848 0.0000000000
33518  -24.033  -9.988  -2.829 0.0000000000
33549  -21.177  -9.965  -3.469 0.0000000000
34208  -21.004  -9.699  -3.607 0.0000000000
34896  -21.265  -9.351  -3.552 0.0000000000
34912  -21.012  -9.117  -3.803 0.0000000000
35618  -21.389  -8.994  -3.342 0.0000000000
35619  -21.796  -8.916  -2.998 0.0000000000
34223  -20.985  -9.374  -3.700 0.0000000000
34911  -20.902  -9.086  -3.851 0.0000000000
35639  -21.006  -8.961  -3.757 0.0000000000
35638  -20.924  -8.834  -3.897 0.0000000000
36355  -21.943  -8.770  -3.011 0.0000000000
36356  -22.036  -8.533  -3.053 0.0000000000
36357  -22.094  -8.535  -3.015 0.0000000000
36368  -21.788  -8.596  -3.233 0.0000000000
36367  -21.134  -8.865  -3.682 0.0000000000
34923  -20.879  -9.011  -3.966 0.0000000000
35655  -20.895  -8.833  -3.998 0.0000000000
36383  -21.105  -8.542  -3.967 0.0000000000
36382  -20.993  -8.629  -3.994 0.0000000000
36401  -21.006  -8.658  -4.055 0.0000000000
35654  -20.793  -9.004  -4.088 0.0000000000
35666  -20.818  -8.938  -4.109 0.0000000000
36417  -21.004  -8.673  -4.339 0.0000000000
35665  -20.361  -8.824  -4.281 0.0000000000
36238  -23.634  -8.725  0.810 0.0000000000
37008  -23.784  -8.180  0.387 0.0000000000
37016  -24.004  -8.206  0.074 0.0000000000
37017  -24.048  -8.284  0.033 0.0000000000
37028  -24.127  -8.266  -0.212 0.0000000000
37038  -24.225  -8.404  -0.476 0.0000000000
36267  -24.401  -8.622  -0.837 0.0000000000
36277  -24.366  -8.476  -0.975 0.0000000000
37039  -24.429  -8.092  -0.719 0.0000000000
37047  -24.420  -8.022  -1.006 0.0000000000
36287  -24.361  -8.322  -1.003 0.0000000000
36298  -24.511  -8.466  -1.111 0.0000000000
37056  -24.448  -8.032  -1.137 0.0000000000
37066  -24.262  -8.046  -1.625 0.0000000000
37065  -24.090  -8.124  -1.900 0.0000000000
37099  -22.332  -8.052  -2.758 0.0000000000
37113  -22.093  -8.137  -2.920 0.0000000000
36369  -21.981  -8.554  -3.062 0.0000000000
37112  -22.063  -8.204  -3.069 0.0000000000
37127  -21.970  -8.114  -3.124 0.0000000000
36384  -21.505  -8.672  -3.787 0.0000000000
37126  -21.880  -8.078  -3.355 0.0000000000
37141  -21.510  -8.151  -3.769 0.0000000000
36402  -21.030  -8.509  -4.021 0.0000000000
37140  -21.223  -8.115  -4.002 0.0000000000
37157  -21.187  -8.244  -4.118 0.0000000000
37156  -21.072  -8.422  -4.072 0.0000000000
37177  -21.038  -8.215  -4.299 0.0000000000
36416  -20.790  -8.647  -4.440 0.0000000000
36423  -20.534  -8.692  -4.747 0.0000000000
36424  -20.903  -8.182  -4.780 0.0000000000
37192  -20.963  -8.044  -4.813 0.0000000000
37191  -20.580  -8.336  -4.987 0.0000000000
37001  -23.487  -8.143  0.951 0.0000000000
37837  -23.663  -7.994  0.766 0.0000000000
37846  -23.888  -8.006  0.233 0.0000000000
37847  -23.993  -8.000  0.148 0.0000000000
37855  -24.073  -7.949  0.014 0.0000000000
37029  -24.325  -8.034  -0.282 0.0000000000
37856  -24.213  -7.991  -0.025 0.0000000000
37866  -24.483  -7.995  -0.355 0.0000000000
37876  -24.527  -7.946  -0.957 0.0000000000
37890  -24.423  -7.948  -1.056 0.0000000000
37906  -24.189  -7.993  -1.596 0.0000000000
37905  -24.013  -7.999  -1.893 0.0000000000
37924  -23.997  -8.034  -1.986 0.0000000000
37923  -23.585  -7.982  -1.951 0.0000000000
37922  -23.343  -8.034  -2.110 0.0000000000
37937  -23.080  -7.984  -2.265 0.0000000000
37936  -22.949  -7.972  -2.408 0.0000000000
37935  -22.914  -7.964  -2.310 0.0000000000
37949  -22.703  -7.988  -2.493 0.0000000000
37948  -22.224  -7.851  -2.933 0.0000000000
37960  -22.058  -8.007  -3.071 0.0000000000
37961  -22.135  -7.975  -3.006 0.0000000000
37971  -21.809  -7.991  -3.444 0.0000000000
37972  -22.009  -7.966  -3.260 0.0000000000
37982  -21.371  -7.988  -3.990 0.0000000000
37983  -21.582  -7.965  -3.766 0.0000000000
37996  -21.284  -7.969  -4.040 0.0000000000
37178  -21.176  -8.122  -4.356 0.0000000000
38013  -21.003  -8.010  -4.620 0.0000000000
38014  -21.055  -7.991  -4.474 0.0000000000
38028  -20.992  -7.987  -4.901 0.0000000000
37202  -20.776  -8.249  -5.033 0.0000000000
37203  -20.979  -8.018  -5.051 0.0000000000
37828  -23.385  -8.010  0.984 0.0000000000
37836  -23.314  -7.957  1.015 0.0000000000
38693  -23.307  -7.617  0.685 0.0000000000
38694  -23.990  -7.728  0.494 0.0000000000
37838  -23.990  -8.001  0.368 0.0000000000
38695  -24.068  -7.954  0.208 0.0000000000
38706  -24.045  -7.599  0.158 0.0000000000
38721  -24.065  -7.580  0.014 0.0000000000
38722  -24.330  -7.598  -0.014 0.0000000000
38740  -24.435  -7.505  -0.599 0.0000000000
38756  -24.529  -7.454  -1.006 0.0000000000
38771  -24.430  -7.455  -1.029 0.0000000000
38785  -24.318  -7.530  -1.540 0.0000000000
38784  -24.012  -7.750  -1.890 0.0000000000
38805  -23.929  -7.647  -1.915 0.0000000000
38803  -23.405  -7.987  -2.015 0.0000000000
38825  -23.214  -7.799  -2.280 0.0000000000
38804  -23.636  -7.624  -1.991 0.0000000000
37950  -22.920  -7.956  -2.473 0.0000000000
38824  -23.017  -7.693  -2.486 0.0000000000
38845  -22.934  -7.734  -2.581 0.0000000000
38844  -22.611  -7.606  -2.835 0.0000000000
38843  -22.343  -7.624  -2.952 0.0000000000
38856  -22.328  -7.584  -3.015 0.0000000000
38855  -22.109  -7.848  -3.061 0.0000000000
38867  -21.995  -7.688  -3.358 0.0000000000
37984  -21.830  -8.010  -3.445 0.0000000000
38879  -21.852  -7.643  -3.713 0.0000000000
37997  -21.406  -7.925  -3.977 0.0000000000
38878  -21.628  -7.694  -3.898 0.0000000000
38890  -21.614  -7.603  -4.022 0.0000000000
38889  -21.270  -7.928  -4.210 0.0000000000
38029  -21.016  -7.996  -4.842 0.0000000000
38903  -21.117  -7.892  -4.629 0.0000000000
38039  -21.025  -7.998  -5.010 0.0000000000
38917  -21.214  -7.792  -4.950 0.0000000000
38040  -21.060  -7.942  -5.024 0.0000000000
38047  -21.029  -7.994  -5.193 0.0000000000
38684  -23.139  -7.884  1.016 0.0000000000
38692  -23.003  -7.469  0.566 0.0000000000
38683  -23.002  -7.832  0.869 0.0000000000
39645  -23.084  -7.319  0.296 0.0000000000
39646  -23.419  -7.159  0.319 0.0000000000
39647  -23.839  -7.137  0.251 0.0000000000
38705  -24.010  -7.304  0.176 0.0000000000
39665  -23.771  -7.074  0.079 0.0000000000
39666  -24.008  -7.181  0.087 0.0000000000
39683  -24.031  -7.149  -0.002 0.0000000000
39684  -24.307  -7.006  -0.333 0.0000000000
39694  -24.427  -7.057  -0.801 0.0000000000
39702  -24.460  -7.018  -0.983 0.0000000000
39710  -24.434  -7.071  -1.296 0.0000000000
39717  -24.086  -7.343  -1.981 0.0000000000
39726  -24.046  -7.175  -2.014 0.0000000000
39718  -24.278  -7.070  -1.814 0.0000000000
38826  -23.503  -7.439  -2.247 0.0000000000
39725  -23.909  -7.329  -1.965 0.0000000000
39743  -23.912  -6.997  -2.219 0.0000000000
39741  -22.975  -7.505  -2.515 0.0000000000
39765  -22.996  -7.091  -2.825 0.0000000000
39742  -23.260  -7.256  -2.395 0.0000000000
38857  -22.532  -7.415  -2.994 0.0000000000
39764  -22.949  -7.150  -2.856 0.0000000000
39776  -22.881  -7.095  -2.986 0.0000000000
38868  -22.074  -7.707  -3.054 0.0000000000
39775  -22.649  -7.163  -2.997 0.0000000000
39787  -22.200  -7.418  -3.272 0.0000000000
39786  -22.011  -7.322  -3.587 0.0000000000
39798  -22.020  -7.290  -3.880 0.0000000000
38891  -21.664  -7.205  -4.002 0.0000000000
39812  -21.977  -7.262  -3.987 0.0000000000
38904  -21.610  -7.579  -4.248 0.0000000000
39811  -21.886  -7.297  -4.004 0.0000000000
38918  -21.410  -7.473  -4.970 0.0000000000
39824  -21.912  -7.140  -4.601 0.0000000000
39644  -23.014  -7.266  0.334 0.0000000000
39663  -23.011  -7.007  0.053 0.0000000000
39664  -23.085  -6.909  0.159 0.0000000000
39662  -22.867  -7.148  0.044 0.0000000000
39681  -22.874  -7.076  -0.058 0.0000000000
39682  -23.006  -7.004  -0.019 0.0000000000
40623  -23.004  -6.952  -0.011 0.0000000000
40624  -23.341  -6.910  0.092 0.0000000000
40625  -23.817  -6.927  0.146 0.0000000000
40626  -24.063  -6.989  0.088 0.0000000000
39680  -22.294  -7.280  -0.139 0.0000000000
40630  -22.370  -7.050  -0.125 0.0000000000
40631  -22.858  -6.991  -0.152 0.0000000000
40632  -23.019  -6.997  -0.043 0.0000000000
40635  -24.047  -6.953  -0.029 0.0000000000
40636  -24.316  -6.907  -0.473 0.0000000000
40644  -24.540  -6.959  -0.917 0.0000000000
40651  -24.474  -6.991  -1.035 0.0000000000
40658  -24.498  -6.977  -1.104 0.0000000000
40665  -24.416  -7.017  -1.770 0.0000000000
39766  -23.454  -6.991  -2.664 0.0000000000
39788  -22.698  -6.988  -3.254 0.0000000000
39799  -22.248  -7.094  -3.918 0.0000000000
39800  -22.445  -7.057  -3.662 0.0000000000
39813  -22.185  -7.089  -3.986 0.0000000000
40633  -23.118  -6.847  -0.066 0.0000000000
41573  -23.504  -6.720  0.134 0.0000000000
41574  -23.904  -6.806  0.014 0.0000000000
40634  -24.014  -6.865  -0.002 0.0000000000
39693  -22.146  -7.156  -0.417 0.0000000000
40641  -22.162  -6.999  -0.537 0.0000000000
40642  -22.846  -6.887  -0.256 0.0000000000
40643  -23.020  -6.708  -0.328 0.0000000000
41578  -22.999  -6.718  -0.234 0.0000000000
41579  -23.418  -6.513  -0.234 0.0000000000
41580  -24.010  -6.571  -0.058 0.0000000000
41581  -23.993  -6.531  -0.209 0.0000000000
41582  -24.078  -6.759  -0.134 0.0000000000
41591  -24.400  -6.549  -0.563 0.0000000000
40640  -22.019  -7.019  -0.664 0.0000000000
40649  -21.959  -6.899  -0.898 0.0000000000
40650  -22.012  -6.834  -0.847 0.0000000000
41587  -22.568  -6.455  -0.623 0.0000000000
41586  -22.211  -6.722  -0.747 0.0000000000
41588  -23.005  -6.312  -0.667 0.0000000000
41599  -24.612  -6.700  -0.896 0.0000000000
39701  -21.927  -7.008  -0.801 0.0000000000
40648  -21.753  -6.987  -0.994 0.0000000000
39700  -21.705  -7.014  -0.951 0.0000000000
40656  -21.654  -6.979  -1.084 0.0000000000
40657  -21.934  -6.793  -1.018 0.0000000000
41596  -22.193  -6.484  -1.019 0.0000000000
41595  -21.991  -6.681  -1.012 0.0000000000
41608  -24.560  -6.747  -1.002 0.0000000000
39709  -21.669  -7.002  -1.025 0.0000000000
40655  -21.385  -7.005  -1.278 0.0000000000
39708  -21.344  -7.068  -1.123 0.0000000000
40663  -21.250  -6.898  -1.583 0.0000000000
40664  -21.555  -6.842  -1.336 0.0000000000
41606  -22.002  -6.465  -1.247 0.0000000000
41605  -21.922  -6.600  -1.220 0.0000000000
41616  -24.321  -6.601  -1.381 0.0000000000
41589  -23.148  -6.111  -0.653 0.0000000000
42516  -23.662  -6.299  -0.215 0.0000000000
42517  -23.971  -6.187  -0.432 0.0000000000
42518  -24.003  -6.185  -0.505 0.0000000000
41590  -24.059  -6.330  -0.253 0.0000000000
41597  -22.807  -6.195  -1.002 0.0000000000
41598  -23.025  -6.136  -0.870 0.0000000000
42523  -23.347  -5.999  -0.743 0.0000000000
42522  -23.049  -6.102  -0.854 0.0000000000
42525  -24.012  -6.030  -0.575 0.0000000000
42526  -24.102  -6.054  -0.648 0.0000000000
42534  -24.375  -5.996  -1.008 0.0000000000
41607  -22.254  -6.348  -1.134 0.0000000000
42530  -22.536  -6.046  -0.976 0.0000000000
42529  -22.241  -6.157  -0.973 0.0000000000
42531  -22.959  -6.003  -0.968 0.0000000000
42524  -23.955  -5.994  -0.616 0.0000000000
42532  -23.216  -5.916  -0.893 0.0000000000
43395  -23.562  -5.822  -0.663 0.0000000000
43396  -23.976  -5.924  -0.542 0.0000000000
43397  -24.048  -5.875  -0.581 0.0000000000
42533  -24.181  -5.981  -0.604 0.0000000000
39716  -21.154  -6.979  -1.555 0.0000000000
39692  -21.991  -7.089  -0.513 0.0000000000
39715  -20.992  -7.005  -1.651 0.0000000000
38783  -20.914  -7.632  -1.382 0.0000000000
39707  -21.031  -7.331  -1.222 0.0000000000
39714  -20.667  -7.118  -1.953 0.0000000000
38782  -20.625  -7.505  -1.690 0.0000000000
39723  -20.672  -6.985  -2.021 0.0000000000
39724  -20.934  -6.985  -1.876 0.0000000000
40662  -21.068  -6.988  -1.779 0.0000000000
38770  -21.198  -7.696  -1.149 0.0000000000
39699  -21.369  -7.317  -1.013 0.0000000000
38769  -21.030  -7.908  -1.118 0.0000000000
38755  -21.447  -7.391  -1.001 0.0000000000
39691  -21.766  -7.168  -0.805 0.0000000000
38754  -21.161  -7.894  -1.003 0.0000000000
38739  -21.950  -7.481  -0.400 0.0000000000
38719  -21.995  -7.696  -0.118 0.0000000000
39679  -21.982  -7.444  -0.200 0.0000000000
38738  -21.492  -7.962  -0.641 0.0000000000
38720  -22.021  -7.672  -0.054 0.0000000000
38703  -22.141  -7.566  0.009 0.0000000000
39661  -22.360  -7.321  0.010 0.0000000000
38704  -22.582  -7.269  0.096 0.0000000000
38691  -22.950  -7.283  0.503 0.0000000000
37904  -20.948  -7.992  -1.137 0.0000000000
37903  -20.605  -7.976  -1.483 0.0000000000
37889  -21.099  -7.971  -1.002 0.0000000000
37888  -20.990  -7.973  -1.018 0.0000000000
37875  -21.237  -7.972  -0.886 0.0000000000
37874  -21.125  -7.995  -0.907 0.0000000000
37865  -21.881  -7.988  -0.186 0.0000000000
37864  -21.536  -7.989  -0.483 0.0000000000
38702  -21.986  -7.802  0.023 0.0000000000
37854  -21.956  -7.986  -0.005 0.0000000000
38690  -22.252  -7.811  0.345 0.0000000000
37845  -22.019  -7.963  0.153 0.0000000000
37844  -22.002  -8.001  0.220 0.0000000000
38682  -23.004  -7.761  0.874 0.0000000000
37835  -22.693  -7.823  0.910 0.0000000000
37834  -22.278  -8.040  0.591 0.0000000000
37827  -23.188  -7.937  1.096 0.0000000000
37826  -23.005  -7.896  1.039 0.0000000000
37825  -22.789  -7.961  1.000 0.0000000000
37064  -20.456  -8.091  -1.515 0.0000000000
37054  -20.844  -8.172  -1.113 0.0000000000
37887  -20.857  -8.083  -1.253 0.0000000000
37902  -20.308  -8.003  -1.724 0.0000000000
37063  -20.129  -8.170  -1.879 0.0000000000
37920  -20.125  -7.946  -1.963 0.0000000000
37921  -20.279  -7.871  -1.953 0.0000000000
37055  -20.902  -8.251  -1.051 0.0000000000
37045  -20.999  -8.127  -0.974 0.0000000000
37873  -21.013  -8.023  -1.013 0.0000000000
37046  -21.102  -8.080  -0.943 0.0000000000
37036  -21.171  -8.103  -0.840 0.0000000000
37863  -21.290  -8.001  -0.778 0.0000000000
37037  -21.653  -8.077  -0.305 0.0000000000
37026  -21.821  -8.107  -0.121 0.0000000000
37853  -21.864  -8.061  -0.149 0.0000000000
37027  -21.883  -8.072  0.013 0.0000000000
37015  -21.999  -8.099  0.014 0.0000000000
37006  -22.030  -8.108  0.563 0.0000000000
37833  -22.010  -7.990  0.609 0.0000000000
37000  -23.323  -8.281  0.975 0.0000000000
36296  -20.096  -8.646  -1.629 0.0000000000
36284  -20.458  -8.899  -1.085 0.0000000000
36295  -19.992  -8.637  -1.765 0.0000000000
37074  -19.947  -8.066  -1.986 0.0000000000
36285  -20.793  -8.567  -1.013 0.0000000000
36274  -21.001  -8.676  -0.986 0.0000000000
36275  -21.004  -8.225  -0.990 0.0000000000
37025  -21.355  -8.397  -0.286 0.0000000000
36265  -20.998  -8.722  -0.648 0.0000000000
37014  -21.805  -8.261  0.010 0.0000000000
36257  -21.575  -8.516  -0.013 0.0000000000
36256  -21.160  -8.933  -0.076 0.0000000000
37005  -21.796  -8.294  0.373 0.0000000000
36246  -21.445  -8.879  0.118 0.0000000000
36230  -23.463  -8.656  0.986 0.0000000000
36283  -20.011  -8.983  -1.368 0.0000000000
35546  -19.983  -8.999  -1.413 0.0000000000
36294  -19.896  -8.741  -1.738 0.0000000000
36308  -20.048  -8.480  -1.978 0.0000000000
35545  -19.775  -9.002  -1.460 0.0000000000
35559  -19.731  -8.906  -1.792 0.0000000000
36307  -19.994  -8.576  -2.033 0.0000000000
36273  -20.644  -8.802  -0.936 0.0000000000
35534  -20.351  -9.015  -1.027 0.0000000000
35533  -20.171  -9.095  -1.170 0.0000000000
35524  -20.826  -8.838  -0.779 0.0000000000
36264  -20.987  -8.948  -0.800 0.0000000000
35523  -20.376  -8.987  -0.798 0.0000000000
35516  -21.011  -8.949  -0.329 0.0000000000
35515  -21.025  -9.014  -0.443 0.0000000000
35507  -21.040  -8.999  -0.119 0.0000000000
36245  -21.098  -8.984  0.019 0.0000000000
35496  -21.054  -8.990  0.020 0.0000000000
35477  -23.481  -8.961  0.958 0.0000000000
34922  -20.745  -9.231  -3.989 0.0000000000
34932  -20.725  -8.969  -4.288 0.0000000000
35558  -19.351  -8.971  -1.922 0.0000000000
36306  -19.728  -8.690  -2.003 0.0000000000
34852  -19.307  -9.047  -2.009 0.0000000000
35544  -19.473  -9.015  -1.984 0.0000000000
35557  -19.017  -9.030  -2.016 0.0000000000
34851  -19.083  -9.116  -1.948 0.0000000000
35575  -18.985  -8.996  -2.150 0.0000000000
35576  -19.389  -8.987  -2.037 0.0000000000
35556  -19.026  -9.082  -2.051 0.0000000000
34850  -18.932  -9.136  -2.009 0.0000000000
35574  -18.803  -9.076  -2.184 0.0000000000
34863  -18.974  -9.218  -2.056 0.0000000000
34837  -19.740  -9.235  -1.410 0.0000000000
34818  -19.982  -9.263  -1.138 0.0000000000
35532  -20.005  -9.085  -1.243 0.0000000000
34836  -19.395  -9.271  -1.690 0.0000000000
34819  -20.099  -9.233  -1.072 0.0000000000
34803  -20.139  -9.238  -0.975 0.0000000000
35522  -20.249  -9.066  -1.027 0.0000000000
34804  -20.354  -9.099  -0.907 0.0000000000
34791  -20.954  -9.244  -0.421 0.0000000000
35514  -20.870  -9.013  -0.536 0.0000000000
34792  -20.990  -9.097  -0.176 0.0000000000
34782  -20.991  -9.112  -0.012 0.0000000000
35506  -20.999  -9.066  -0.044 0.0000000000
34772  -21.012  -9.153  0.116 0.0000000000
35495  -21.005  -8.982  0.063 0.0000000000
34222  -20.945  -9.657  -3.544 0.0000000000
34910  -20.720  -9.429  -3.757 0.0000000000
34221  -20.634  -9.799  -3.814 0.0000000000
34862  -18.562  -9.254  -2.182 0.0000000000
34861  -18.156  -9.238  -2.201 0.0000000000
34849  -18.149  -9.369  -2.047 0.0000000000
35573  -18.356  -9.104  -2.303 0.0000000000
34860  -17.982  -9.369  -2.183 0.0000000000
34848  -17.943  -9.274  -2.038 0.0000000000
35572  -18.018  -9.024  -2.363 0.0000000000
34859  -17.397  -9.262  -2.178 0.0000000000
34847  -17.639  -9.300  -2.017 0.0000000000
35571  -17.597  -9.005  -2.128 0.0000000000
34835  -18.982  -9.354  -1.721 0.0000000000
34834  -18.554  -9.408  -1.820 0.0000000000
34832  -17.985  -9.312  -1.841 0.0000000000
34833  -18.062  -9.328  -1.852 0.0000000000
34831  -17.720  -9.310  -1.763 0.0000000000
34817  -19.458  -9.428  -1.196 0.0000000000
34816  -19.176  -9.446  -1.402 0.0000000000
34802  -20.007  -9.327  -0.985 0.0000000000
34801  -19.795  -9.336  -1.015 0.0000000000
34790  -20.028  -9.411  -0.573 0.0000000000
34789  -19.981  -9.385  -0.716 0.0000000000
34781  -20.892  -9.290  0.025 0.0000000000
34780  -20.302  -9.604  -0.018 0.0000000000
34771  -20.994  -9.166  0.063 0.0000000000
34207  -21.023  -9.750  -3.520 0.0000000000
33548  -20.990  -9.955  -3.533 0.0000000000
33574  -20.826  -10.048  -3.674 0.0000000000
33573  -20.516  -10.017  -3.953 0.0000000000
34234  -20.365  -9.907  -4.008 0.0000000000
32891  -20.901  -10.359  -3.755 0.0000000000
32890  -20.598  -10.200  -3.823 0.0000000000
33575  -21.000  -10.012  -3.600 0.0000000000
33585  -20.290  -10.016  -4.007 0.0000000000
32864  -21.398  -10.000  -3.341 0.0000000000
33534  -24.033  -10.211  -2.915 0.0000000000
32892  -21.011  -10.176  -3.634 0.0000000000
32221  -21.015  -10.771  -3.945 0.0000000000
32235  -21.006  -10.702  -3.995 0.0000000000
32906  -20.979  -10.240  -4.071 0.0000000000
32905  -20.329  -10.282  -3.952 0.0000000000
32895  -22.133  -10.381  -3.876 0.0000000000
32896  -22.933  -10.339  -3.646 0.0000000000
32894  -21.996  -10.442  -3.742 0.0000000000
32893  -21.730  -10.276  -3.634 0.0000000000
32236  -21.099  -10.994  -3.955 0.0000000000
32222  -21.300  -10.786  -3.935 0.0000000000
32237  -21.602  -10.928  -4.025 0.0000000000
32223  -21.966  -10.701  -3.967 0.0000000000
32234  -20.850  -10.737  -4.006 0.0000000000
35570  -17.099  -8.994  -2.387 0.0000000000
35586  -17.275  -9.015  -2.826 0.0000000000
35587  -17.849  -9.020  -2.852 0.0000000000
35588  -18.049  -8.991  -2.540 0.0000000000
35589  -18.591  -8.985  -2.374 0.0000000000
35590  -18.988  -8.978  -2.357 0.0000000000
35591  -18.985  -8.886  -2.536 0.0000000000
36320  -19.083  -8.947  -2.242 0.0000000000
36321  -19.765  -8.581  -2.064 0.0000000000
35585  -17.024  -9.014  -2.529 0.0000000000
35599  -17.001  -8.993  -2.950 0.0000000000
35600  -17.412  -8.999  -2.943 0.0000000000
35601  -18.033  -8.884  -2.957 0.0000000000
35602  -17.986  -8.780  -2.944 0.0000000000
36335  -18.054  -8.822  -2.800 0.0000000000
36336  -18.847  -8.783  -2.779 0.0000000000
36337  -18.928  -8.479  -2.689 0.0000000000
36338  -19.027  -8.475  -2.676 0.0000000000
35598  -17.008  -8.926  -2.872 0.0000000000
36348  -17.010  -8.729  -3.018 0.0000000000
36349  -17.135  -8.752  -2.998 0.0000000000
36350  -17.652  -8.719  -2.989 0.0000000000
36351  -17.998  -8.673  -3.020 0.0000000000
36352  -18.018  -8.648  -2.998 0.0000000000
36322  -19.833  -8.631  -2.006 0.0000000000
37073  -19.987  -8.079  -2.004 0.0000000000
37085  -19.919  -8.255  -2.079 0.0000000000
36339  -19.295  -8.629  -2.345 0.0000000000
37084  -19.811  -8.006  -2.210 0.0000000000
37098  -19.320  -8.038  -2.717 0.0000000000
36353  -18.532  -8.404  -2.921 0.0000000000
36354  -18.991  -8.328  -2.906 0.0000000000
37097  -19.067  -8.101  -2.903 0.0000000000
37096  -19.027  -8.134  -2.932 0.0000000000
37110  -18.990  -8.110  -3.025 0.0000000000
36334  -17.017  -8.789  -2.976 0.0000000000
36347  -16.410  -8.607  -3.014 0.0000000000
36333  -16.781  -8.591  -2.908 0.0000000000
36362  -16.994  -8.671  -3.283 0.0000000000
36363  -17.024  -8.594  -3.230 0.0000000000
36364  -17.502  -8.701  -3.046 0.0000000000
36365  -18.017  -8.610  -3.103 0.0000000000
36366  -18.049  -8.607  -3.073 0.0000000000
37109  -18.394  -8.149  -2.912 0.0000000000
37108  -18.037  -8.552  -2.994 0.0000000000
37123  -18.125  -8.373  -3.225 0.0000000000
36361  -16.308  -8.634  -2.997 0.0000000000
37121  -16.602  -8.520  -3.327 0.0000000000
36379  -17.010  -8.481  -3.604 0.0000000000
36378  -17.008  -8.509  -3.725 0.0000000000
37134  -16.905  -8.312  -3.808 0.0000000000
36380  -17.263  -8.605  -3.581 0.0000000000
36381  -17.859  -8.601  -3.178 0.0000000000
37122  -18.021  -8.494  -3.302 0.0000000000
37137  -17.823  -8.233  -3.586 0.0000000000
37135  -16.981  -8.260  -3.962 0.0000000000
37136  -17.163  -8.264  -3.896 0.0000000000
37919  -20.022  -7.991  -2.031 0.0000000000
37933  -19.996  -7.924  -2.115 0.0000000000
37124  -18.498  -8.160  -3.376 0.0000000000
37120  -15.999  -8.346  -3.341 0.0000000000
37133  -16.187  -8.235  -3.917 0.0000000000
37138  -18.067  -8.189  -3.773 0.0000000000
37132  -15.928  -8.085  -3.843 0.0000000000
37149  -16.089  -8.052  -3.922 0.0000000000
37150  -16.312  -8.089  -4.025 0.0000000000
37151  -16.736  -8.275  -4.040 0.0000000000
37152  -17.015  -8.248  -4.052 0.0000000000
37153  -17.371  -8.255  -4.041 0.0000000000
37154  -17.776  -8.252  -4.043 0.0000000000
37978  -15.989  -7.997  -3.956 0.0000000000
37991  -15.972  -8.038  -4.011 0.0000000000
37992  -16.516  -8.007  -3.986 0.0000000000
37993  -16.727  -8.170  -4.150 0.0000000000
37172  -16.889  -8.243  -4.196 0.0000000000
37173  -17.114  -8.215  -4.252 0.0000000000
37174  -17.454  -8.198  -4.295 0.0000000000
37934  -20.059  -7.983  -2.029 0.0000000000
38802  -20.346  -7.458  -1.987 0.0000000000
38801  -20.299  -7.505  -2.010 0.0000000000
38823  -20.218  -7.559  -2.143 0.0000000000
37977  -15.926  -7.983  -3.823 0.0000000000
39722  -20.562  -7.035  -2.177 0.0000000000
