#!ascii label  , from subject  vox2ras=TkReg
694
53000  -17.919  -2.011  -12.878 0.0000000000
52989  -18.004  -2.224  -12.759 0.0000000000
52988  -17.647  -2.199  -12.761 0.0000000000
52999  -17.763  -1.998  -12.875 0.0000000000
53001  -18.049  -2.003  -12.844 0.0000000000
53894  -17.814  -1.997  -12.858 0.0000000000
53895  -18.035  -1.895  -12.921 0.0000000000
52990  -18.011  -2.298  -12.530 0.0000000000
53002  -18.478  -2.267  -12.883 0.0000000000
53896  -18.257  -2.080  -12.992 0.0000000000
52109  -18.882  -2.407  -12.700 0.0000000000
52991  -18.300  -2.156  -12.665 0.0000000000
52110  -18.806  -2.659  -12.929 0.0000000000
53003  -18.821  -2.469  -12.989 0.0000000000
53011  -18.823  -2.339  -13.167 0.0000000000
53010  -18.493  -2.093  -12.977 0.0000000000
53904  -18.410  -2.016  -13.028 0.0000000000
52120  -18.996  -2.686  -12.983 0.0000000000
53905  -18.621  -2.130  -13.152 0.0000000000
52121  -19.059  -2.782  -12.990 0.0000000000
53012  -18.995  -2.551  -13.154 0.0000000000
53022  -19.084  -2.197  -13.598 0.0000000000
53021  -18.949  -2.138  -13.510 0.0000000000
53915  -18.806  -2.023  -13.443 0.0000000000
52133  -19.207  -2.637  -13.147 0.0000000000
53916  -19.028  -1.985  -13.769 0.0000000000
52149  -19.170  -2.544  -13.869 0.0000000000
53028  -19.116  -2.081  -13.996 0.0000000000
53924  -19.036  -2.015  -13.882 0.0000000000
52150  -19.450  -2.681  -13.892 0.0000000000
53029  -19.322  -2.429  -14.000 0.0000000000
53047  -19.190  -2.183  -14.142 0.0000000000
53046  -19.088  -2.001  -14.272 0.0000000000
53937  -19.014  -1.977  -14.021 0.0000000000
52167  -19.468  -2.624  -13.996 0.0000000000
53065  -19.557  -2.098  -14.869 0.0000000000
53064  -19.310  -2.009  -14.575 0.0000000000
53954  -19.150  -1.877  -14.403 0.0000000000
52179  -19.493  -2.708  -14.459 0.0000000000
53955  -19.378  -1.992  -14.708 0.0000000000
53893  -17.413  -1.939  -12.753 0.0000000000
54804  -17.697  -1.801  -12.926 0.0000000000
54805  -17.946  -1.854  -12.943 0.0000000000
53903  -18.141  -1.838  -12.982 0.0000000000
54817  -18.006  -1.669  -13.050 0.0000000000
54818  -18.149  -1.819  -13.022 0.0000000000
53914  -18.628  -2.006  -13.240 0.0000000000
54828  -18.600  -1.688  -13.376 0.0000000000
54829  -18.954  -1.819  -13.809 0.0000000000
53923  -19.003  -1.967  -13.826 0.0000000000
54838  -18.816  -1.725  -14.009 0.0000000000
53936  -18.979  -1.926  -13.971 0.0000000000
54847  -18.808  -1.610  -14.212 0.0000000000
54848  -19.001  -1.726  -14.309 0.0000000000
54858  -19.067  -1.645  -14.727 0.0000000000
53973  -19.236  -1.859  -14.769 0.0000000000
53974  -19.566  -1.970  -15.017 0.0000000000
54875  -19.200  -1.643  -14.946 0.0000000000
54803  -17.062  -1.672  -12.919 0.0000000000
54815  -17.334  -1.439  -12.991 0.0000000000
54816  -17.985  -1.590  -13.002 0.0000000000
54814  -16.990  -1.576  -12.992 0.0000000000
55698  -17.012  -1.384  -13.300 0.0000000000
55699  -17.619  -1.278  -13.311 0.0000000000
55700  -17.953  -1.473  -13.268 0.0000000000
55701  -18.012  -1.526  -13.286 0.0000000000
54827  -18.035  -1.570  -13.239 0.0000000000
55710  -17.984  -1.251  -13.620 0.0000000000
54836  -18.037  -1.290  -13.724 0.0000000000
54837  -18.502  -1.500  -13.957 0.0000000000
55717  -18.017  -1.229  -13.987 0.0000000000
55718  -18.195  -1.208  -14.020 0.0000000000
54846  -18.549  -1.504  -14.054 0.0000000000
55730  -18.311  -1.151  -14.168 0.0000000000
55731  -18.722  -1.296  -14.469 0.0000000000
54857  -18.930  -1.512  -14.812 0.0000000000
55741  -18.755  -1.001  -14.694 0.0000000000
54874  -19.007  -1.313  -14.975 0.0000000000
55753  -18.854  -1.181  -15.026 0.0000000000
55754  -19.009  -1.301  -15.036 0.0000000000
55690  -16.879  -1.526  -13.051 0.0000000000
55689  -16.993  -1.309  -12.919 0.0000000000
55697  -16.987  -1.237  -13.171 0.0000000000
55707  -17.015  -1.209  -13.758 0.0000000000
55708  -17.319  -1.180  -13.860 0.0000000000
55709  -17.874  -1.237  -13.772 0.0000000000
55706  -16.865  -1.308  -13.788 0.0000000000
54826  -16.898  -1.381  -13.986 0.0000000000
54835  -16.926  -1.375  -13.998 0.0000000000
55714  -17.016  -1.226  -14.088 0.0000000000
55715  -17.332  -1.218  -14.027 0.0000000000
55716  -17.886  -1.203  -14.114 0.0000000000
54845  -16.870  -1.275  -14.054 0.0000000000
55726  -17.017  -1.180  -14.260 0.0000000000
55727  -17.228  -1.151  -14.162 0.0000000000
55728  -17.626  -1.137  -14.156 0.0000000000
55729  -17.991  -1.088  -14.118 0.0000000000
55725  -16.930  -1.067  -14.223 0.0000000000
56637  -16.997  -0.987  -14.208 0.0000000000
56638  -17.018  -1.080  -14.178 0.0000000000
56639  -17.415  -1.019  -14.220 0.0000000000
56640  -18.009  -1.063  -14.227 0.0000000000
56641  -18.049  -1.016  -14.148 0.0000000000
55740  -18.427  -0.998  -14.430 0.0000000000
56651  -18.400  -0.946  -14.209 0.0000000000
56652  -18.534  -0.939  -14.679 0.0000000000
56665  -18.688  -0.915  -14.974 0.0000000000
55770  -19.006  -1.134  -15.279 0.0000000000
55769  -18.910  -1.089  -15.199 0.0000000000
56677  -18.846  -0.997  -15.157 0.0000000000
56678  -18.964  -0.999  -15.295 0.0000000000
56636  -16.643  -0.998  -14.248 0.0000000000
57576  -16.947  -0.874  -14.191 0.0000000000
57577  -17.021  -0.739  -14.223 0.0000000000
57578  -17.119  -0.810  -14.216 0.0000000000
57579  -17.598  -0.894  -14.161 0.0000000000
57580  -17.997  -0.795  -14.321 0.0000000000
56650  -18.017  -0.856  -14.191 0.0000000000
57591  -18.037  -0.558  -14.456 0.0000000000
57592  -18.282  -0.620  -14.715 0.0000000000
56664  -18.587  -0.801  -14.687 0.0000000000
57602  -18.276  -0.296  -14.990 0.0000000000
57603  -18.704  -0.757  -14.975 0.0000000000
57616  -18.889  -0.809  -15.301 0.0000000000
56693  -18.979  -0.930  -15.373 0.0000000000
57587  -16.720  -0.574  -14.474 0.0000000000
57588  -16.987  -0.416  -14.453 0.0000000000
57589  -17.138  -0.429  -14.442 0.0000000000
57590  -17.838  -0.370  -14.553 0.0000000000
56649  -16.479  -0.927  -14.315 0.0000000000
57586  -16.179  -0.529  -14.627 0.0000000000
58530  -16.364  -0.000  -14.834 0.0000000000
58531  -16.957  -0.006  -14.570 0.0000000000
58532  -16.990  -0.056  -14.628 0.0000000000
58533  -17.370  0.006  -14.678 0.0000000000
58534  -17.855  0.001  -14.993 0.0000000000
58535  -18.033  -0.136  -14.870 0.0000000000
57601  -18.042  -0.085  -14.948 0.0000000000
58546  -18.006  -0.005  -15.002 0.0000000000
58547  -18.065  -0.048  -15.001 0.0000000000
57615  -18.411  -0.394  -14.983 0.0000000000
58558  -18.188  -0.001  -15.212 0.0000000000
58559  -18.387  -0.320  -15.012 0.0000000000
57629  -18.980  -0.596  -15.730 0.0000000000
58574  -18.660  -0.212  -15.503 0.0000000000
58529  -16.011  -0.194  -14.923 0.0000000000
58544  -16.100  0.004  -14.969 0.0000000000
59445  -16.576  0.123  -14.703 0.0000000000
59444  -16.376  0.054  -14.861 0.0000000000
59454  -16.267  0.099  -14.947 0.0000000000
59446  -16.985  0.100  -14.684 0.0000000000
59447  -17.048  0.013  -14.755 0.0000000000
59448  -17.558  0.157  -14.727 0.0000000000
58545  -17.996  -0.006  -14.946 0.0000000000
59458  -17.887  0.270  -14.914 0.0000000000
58543  -15.988  0.041  -14.983 0.0000000000
59459  -18.025  0.050  -15.041 0.0000000000
58557  -18.079  0.022  -15.115 0.0000000000
59470  -18.020  0.108  -15.111 0.0000000000
59471  -18.148  0.054  -15.218 0.0000000000
58573  -18.507  -0.021  -15.645 0.0000000000
59483  -18.652  0.236  -15.733 0.0000000000
58589  -18.775  -0.148  -15.992 0.0000000000
58588  -18.651  -0.004  -15.928 0.0000000000
59493  -18.691  -0.001  -16.004 0.0000000000
59455  -16.671  0.239  -14.825 0.0000000000
59456  -17.023  0.404  -14.675 0.0000000000
59457  -17.320  0.282  -14.891 0.0000000000
59453  -16.091  -0.010  -15.073 0.0000000000
59467  -15.991  0.040  -15.220 0.0000000000
59468  -16.148  0.071  -15.075 0.0000000000
60357  -16.415  0.162  -14.981 0.0000000000
60366  -16.310  0.277  -15.088 0.0000000000
60358  -16.898  0.385  -14.978 0.0000000000
60359  -17.031  0.465  -14.987 0.0000000000
60360  -17.241  0.406  -14.981 0.0000000000
60361  -17.781  0.255  -14.954 0.0000000000
59469  -17.931  0.070  -15.011 0.0000000000
58556  -15.933  -0.049  -15.082 0.0000000000
58555  -15.913  -0.058  -15.191 0.0000000000
59466  -15.914  -0.004  -15.234 0.0000000000
59480  -15.740  0.011  -15.369 0.0000000000
59481  -15.898  0.144  -15.377 0.0000000000
60365  -15.966  0.072  -15.146 0.0000000000
60378  -16.008  0.486  -15.541 0.0000000000
60370  -17.883  0.429  -15.300 0.0000000000
60371  -18.032  0.336  -15.282 0.0000000000
59482  -18.171  0.321  -15.154 0.0000000000
58572  -15.570  -0.014  -15.886 0.0000000000
59492  -15.573  0.305  -15.926 0.0000000000
60377  -15.837  0.290  -15.567 0.0000000000
60381  -18.258  0.875  -15.817 0.0000000000
60382  -18.507  0.458  -16.006 0.0000000000
59494  -18.605  -0.059  -16.063 0.0000000000
60393  -18.356  0.480  -15.992 0.0000000000
59504  -18.589  0.028  -16.039 0.0000000000
60367  -16.972  0.571  -15.173 0.0000000000
60368  -16.984  0.667  -15.130 0.0000000000
60369  -17.217  0.547  -15.129 0.0000000000
60379  -16.260  0.897  -15.692 0.0000000000
61266  -16.756  0.878  -15.313 0.0000000000
61267  -17.000  1.010  -15.342 0.0000000000
61268  -17.045  0.984  -15.244 0.0000000000
61269  -17.582  0.938  -15.530 0.0000000000
61270  -17.924  0.860  -15.769 0.0000000000
60380  -18.002  0.731  -15.617 0.0000000000
60390  -15.882  0.595  -15.851 0.0000000000
60391  -15.995  0.935  -15.946 0.0000000000
61273  -16.159  0.948  -15.917 0.0000000000
61274  -16.615  0.979  -15.615 0.0000000000
61277  -17.992  0.942  -15.906 0.0000000000
61278  -18.019  0.901  -15.929 0.0000000000
60392  -18.184  0.834  -15.964 0.0000000000
61288  -18.079  0.922  -16.010 0.0000000000
60404  -18.578  0.390  -16.321 0.0000000000
61289  -18.215  0.806  -16.053 0.0000000000
61275  -16.987  1.016  -15.409 0.0000000000
62156  -17.038  1.007  -15.451 0.0000000000
62157  -17.202  1.038  -15.246 0.0000000000
62158  -17.329  1.017  -15.518 0.0000000000
61276  -17.731  0.997  -15.693 0.0000000000
62166  -17.591  1.096  -15.776 0.0000000000
62167  -17.949  1.035  -15.931 0.0000000000
61287  -17.984  1.004  -15.993 0.0000000000
62176  -17.804  1.119  -16.043 0.0000000000
62177  -18.010  1.020  -16.024 0.0000000000
61298  -18.297  0.910  -16.243 0.0000000000
61297  -18.080  0.972  -16.044 0.0000000000
62185  -18.017  1.006  -16.356 0.0000000000
62186  -18.359  1.014  -16.407 0.0000000000
61304  -18.624  0.943  -16.730 0.0000000000
62191  -18.560  1.025  -16.673 0.0000000000
57628  -15.585  -0.277  -15.549 0.0000000000
57627  -15.172  -0.435  -15.967 0.0000000000
58571  -15.332  -0.010  -16.012 0.0000000000
58587  -15.396  0.151  -16.011 0.0000000000
57644  -15.109  -0.121  -16.017 0.0000000000
58542  -15.932  -0.191  -14.981 0.0000000000
57614  -15.737  -0.470  -15.020 0.0000000000
57600  -15.926  -0.116  -14.835 0.0000000000
57599  -15.839  -0.720  -14.981 0.0000000000
57585  -15.994  -0.638  -14.774 0.0000000000
57613  -15.291  -0.902  -15.512 0.0000000000
56692  -15.043  -0.932  -15.812 0.0000000000
56711  -15.138  -0.446  -16.010 0.0000000000
56676  -15.598  -1.014  -15.042 0.0000000000
56675  -15.307  -0.993  -15.180 0.0000000000
56663  -15.920  -0.723  -14.875 0.0000000000
56662  -15.650  -0.955  -14.914 0.0000000000
56648  -16.120  -0.995  -14.587 0.0000000000
56647  -15.864  -0.917  -14.670 0.0000000000
55768  -15.122  -1.267  -15.440 0.0000000000
55788  -14.962  -1.011  -15.871 0.0000000000
55787  -15.096  -1.119  -15.987 0.0000000000
56691  -14.995  -0.993  -15.965 0.0000000000
56710  -15.029  -0.814  -16.049 0.0000000000
56661  -15.523  -0.965  -15.005 0.0000000000
55751  -15.410  -1.129  -15.031 0.0000000000
56646  -15.855  -0.989  -14.769 0.0000000000
55737  -15.808  -0.989  -14.772 0.0000000000
55752  -15.571  -1.099  -14.921 0.0000000000
56635  -16.360  -0.985  -14.466 0.0000000000
55724  -16.416  -1.069  -14.369 0.0000000000
55739  -16.067  -1.015  -14.672 0.0000000000
55738  -15.967  -1.021  -14.637 0.0000000000
55767  -14.997  -1.368  -15.562 0.0000000000
54914  -14.947  -1.574  -15.836 0.0000000000
55808  -15.033  -1.188  -16.067 0.0000000000
54893  -15.343  -1.665  -15.021 0.0000000000
54892  -15.009  -1.869  -15.358 0.0000000000
54873  -15.527  -1.326  -14.994 0.0000000000
54872  -15.286  -1.670  -14.989 0.0000000000
55723  -16.035  -1.288  -14.541 0.0000000000
54856  -15.950  -1.392  -14.542 0.0000000000
54855  -15.797  -1.688  -14.701 0.0000000000
54844  -16.780  -1.449  -14.034 0.0000000000
54843  -16.237  -1.774  -14.406 0.0000000000
54842  -16.025  -1.816  -14.277 0.0000000000
55705  -16.399  -1.258  -13.583 0.0000000000
54825  -16.494  -1.583  -13.925 0.0000000000
55696  -16.497  -1.348  -13.054 0.0000000000
54824  -16.175  -1.657  -13.555 0.0000000000
54813  -16.702  -1.364  -12.970 0.0000000000
54812  -16.178  -1.764  -13.003 0.0000000000
54802  -17.062  -1.471  -12.856 0.0000000000
54801  -16.611  -1.654  -12.875 0.0000000000
53988  -15.177  -1.970  -15.029 0.0000000000
53972  -15.383  -1.931  -14.900 0.0000000000
53971  -15.199  -1.995  -14.968 0.0000000000
53953  -15.986  -1.934  -14.324 0.0000000000
53952  -15.569  -1.980  -14.662 0.0000000000
54834  -16.555  -1.632  -13.994 0.0000000000
53922  -16.503  -2.005  -13.969 0.0000000000
53935  -16.518  -1.893  -14.001 0.0000000000
53934  -16.286  -2.028  -14.177 0.0000000000
53933  -15.999  -2.024  -14.275 0.0000000000
54833  -16.190  -1.837  -14.004 0.0000000000
53921  -16.215  -2.011  -14.009 0.0000000000
53913  -16.111  -1.995  -13.775 0.0000000000
54823  -15.982  -1.878  -13.123 0.0000000000
53912  -16.049  -2.001  -13.497 0.0000000000
54811  -16.009  -1.893  -12.984 0.0000000000
53902  -16.006  -1.979  -13.083 0.0000000000
54800  -16.049  -1.809  -12.920 0.0000000000
54799  -15.983  -1.892  -12.938 0.0000000000
53889  -15.960  -1.971  -12.898 0.0000000000
53892  -16.959  -1.863  -12.608 0.0000000000
53891  -16.896  -1.774  -12.632 0.0000000000
53890  -16.310  -1.887  -12.763 0.0000000000
53932  -15.882  -1.976  -14.349 0.0000000000
53043  -15.918  -2.217  -14.219 0.0000000000
53063  -15.602  -1.984  -14.564 0.0000000000
53062  -15.156  -2.157  -14.894 0.0000000000
53951  -15.299  -2.016  -14.844 0.0000000000
53027  -16.305  -2.119  -14.051 0.0000000000
53045  -16.258  -2.169  -14.133 0.0000000000
53044  -16.122  -2.212  -14.192 0.0000000000
53920  -16.103  -2.100  -13.832 0.0000000000
53026  -16.192  -2.270  -14.045 0.0000000000
53020  -16.000  -2.291  -13.778 0.0000000000
53911  -15.952  -2.005  -13.271 0.0000000000
53019  -15.934  -2.010  -13.491 0.0000000000
53901  -15.834  -1.943  -13.261 0.0000000000
53009  -15.793  -2.063  -13.127 0.0000000000
53888  -15.878  -1.907  -13.026 0.0000000000
53884  -17.298  -2.003  -12.665 0.0000000000
53883  -17.093  -2.010  -12.590 0.0000000000
53882  -16.974  -1.988  -12.576 0.0000000000
53881  -16.679  -2.017  -12.656 0.0000000000
52998  -16.231  -2.009  -12.802 0.0000000000
52997  -16.092  -2.013  -12.942 0.0000000000
52996  -15.777  -2.220  -12.875 0.0000000000
52987  -17.054  -2.178  -12.485 0.0000000000
52986  -16.981  -2.197  -12.471 0.0000000000
52985  -16.550  -2.229  -12.479 0.0000000000
53042  -15.404  -2.448  -14.305 0.0000000000
52166  -15.935  -2.344  -14.035 0.0000000000
52165  -15.703  -2.737  -14.043 0.0000000000
52148  -15.823  -2.522  -13.994 0.0000000000
52132  -15.917  -2.436  -13.807 0.0000000000
52131  -15.771  -2.641  -13.602 0.0000000000
52119  -15.555  -2.560  -12.998 0.0000000000
52984  -16.031  -2.240  -12.681 0.0000000000
52108  -15.891  -2.425  -12.783 0.0000000000
52107  -15.584  -2.782  -12.771 0.0000000000
52100  -18.150  -2.833  -12.294 0.0000000000
52099  -17.994  -2.712  -12.415 0.0000000000
52098  -17.948  -2.659  -12.471 0.0000000000
52097  -17.302  -2.649  -12.345 0.0000000000
52096  -16.983  -2.573  -12.378 0.0000000000
52095  -16.845  -2.676  -12.216 0.0000000000
52094  -16.339  -2.795  -12.345 0.0000000000
52093  -15.854  -2.802  -12.420 0.0000000000
52168  -19.830  -3.001  -14.248 0.0000000000
52180  -19.858  -2.661  -14.569 0.0000000000
51275  -19.904  -2.997  -14.275 0.0000000000
51274  -19.681  -2.994  -14.043 0.0000000000
51262  -19.696  -3.012  -13.988 0.0000000000
51245  -19.521  -2.999  -13.706 0.0000000000
52134  -19.543  -2.672  -13.691 0.0000000000
52147  -15.690  -2.798  -13.984 0.0000000000
51244  -19.400  -3.008  -13.436 0.0000000000
51230  -19.183  -2.998  -13.122 0.0000000000
51219  -19.081  -3.001  -12.922 0.0000000000
52111  -19.000  -2.787  -12.885 0.0000000000
51218  -18.985  -2.922  -12.929 0.0000000000
51211  -18.928  -2.992  -12.777 0.0000000000
52101  -18.839  -2.985  -12.619 0.0000000000
51210  -18.364  -3.007  -12.371 0.0000000000
51209  -18.012  -3.004  -12.278 0.0000000000
51208  -18.012  -2.983  -12.333 0.0000000000
51198  -17.919  -3.053  -12.210 0.0000000000
52088  -17.606  -2.995  -12.126 0.0000000000
52087  -17.101  -2.960  -12.076 0.0000000000
52086  -17.006  -2.967  -12.106 0.0000000000
52085  -16.650  -2.991  -12.103 0.0000000000
52084  -16.422  -3.013  -12.123 0.0000000000
51194  -16.513  -3.082  -12.198 0.0000000000
51207  -16.107  -3.006  -12.178 0.0000000000
51206  -15.990  -2.996  -12.334 0.0000000000
51205  -15.693  -2.957  -12.462 0.0000000000
52092  -15.665  -2.883  -12.513 0.0000000000
51197  -17.513  -3.108  -12.136 0.0000000000
51196  -17.116  -3.079  -12.153 0.0000000000
51195  -17.001  -3.095  -12.070 0.0000000000
50334  -19.674  -3.077  -13.974 0.0000000000
50335  -19.963  -3.370  -13.991 0.0000000000
51263  -19.886  -3.185  -14.087 0.0000000000
50319  -19.479  -3.226  -13.490 0.0000000000
51231  -19.296  -3.048  -13.315 0.0000000000
50304  -19.194  -3.337  -13.069 0.0000000000
50303  -19.131  -3.339  -12.998 0.0000000000
50290  -19.085  -3.343  -12.860 0.0000000000
50289  -19.041  -3.150  -12.874 0.0000000000
50280  -18.930  -3.264  -12.679 0.0000000000
50279  -18.483  -3.006  -12.349 0.0000000000
51200  -18.339  -3.015  -12.292 0.0000000000
51199  -18.028  -3.027  -12.222 0.0000000000
51193  -16.162  -3.140  -12.175 0.0000000000
51192  -15.987  -3.054  -12.207 0.0000000000
50271  -18.103  -3.355  -12.037 0.0000000000
50270  -18.017  -3.330  -12.034 0.0000000000
50269  -17.828  -3.260  -12.085 0.0000000000
50268  -17.446  -3.262  -12.076 0.0000000000
50267  -17.018  -3.362  -12.119 0.0000000000
50266  -16.979  -3.379  -12.131 0.0000000000
50265  -16.467  -3.273  -12.063 0.0000000000
50264  -16.032  -3.512  -12.022 0.0000000000
50320  -19.915  -3.487  -13.917 0.0000000000
49389  -20.041  -3.674  -13.604 0.0000000000
49388  -19.980  -3.773  -13.625 0.0000000000
49373  -19.748  -3.935  -13.229 0.0000000000
49372  -19.283  -3.704  -12.990 0.0000000000
49353  -19.306  -3.809  -12.873 0.0000000000
49340  -19.081  -3.721  -12.588 0.0000000000
50281  -19.033  -3.454  -12.662 0.0000000000
49339  -18.976  -3.881  -12.464 0.0000000000
49332  -18.714  -3.818  -12.172 0.0000000000
50272  -18.565  -3.215  -12.248 0.0000000000
49331  -18.333  -3.668  -12.029 0.0000000000
49330  -18.120  -3.555  -11.961 0.0000000000
50258  -17.985  -3.439  -11.997 0.0000000000
50257  -17.815  -3.219  -11.963 0.0000000000
50256  -17.444  -3.117  -11.897 0.0000000000
50255  -17.003  -3.264  -12.008 0.0000000000
50254  -16.927  -3.258  -12.013 0.0000000000
50253  -16.258  -3.386  -11.879 0.0000000000
49322  -18.022  -3.611  -11.841 0.0000000000
49321  -17.798  -3.570  -11.836 0.0000000000
49320  -17.232  -3.686  -11.654 0.0000000000
49319  -16.996  -3.573  -11.618 0.0000000000
49318  -16.667  -3.630  -11.698 0.0000000000
49317  -16.257  -3.824  -11.725 0.0000000000
50252  -16.027  -3.507  -11.914 0.0000000000
48447  -19.305  -3.984  -13.157 0.0000000000
49354  -19.552  -3.983  -13.050 0.0000000000
48448  -19.802  -3.986  -13.332 0.0000000000
49374  -19.982  -4.006  -13.477 0.0000000000
48434  -19.464  -4.092  -12.976 0.0000000000
48433  -19.374  -4.013  -12.890 0.0000000000
48416  -19.007  -4.017  -12.444 0.0000000000
48415  -18.956  -3.938  -12.380 0.0000000000
48401  -18.909  -4.011  -12.173 0.0000000000
48400  -18.660  -3.985  -12.067 0.0000000000
48391  -18.573  -4.013  -11.987 0.0000000000
49323  -18.270  -3.725  -11.868 0.0000000000
48390  -18.178  -3.929  -11.768 0.0000000000
48389  -17.989  -3.904  -11.778 0.0000000000
48388  -17.603  -3.954  -11.672 0.0000000000
48377  -17.504  -4.008  -11.617 0.0000000000
49311  -17.122  -3.802  -11.468 0.0000000000
49310  -17.003  -3.840  -11.443 0.0000000000
49309  -16.577  -3.836  -11.450 0.0000000000
48376  -17.021  -3.986  -11.467 0.0000000000
48375  -17.004  -3.994  -11.390 0.0000000000
47530  -19.685  -4.391  -13.204 0.0000000000
47535  -19.944  -4.385  -13.442 0.0000000000
48454  -19.990  -3.992  -13.551 0.0000000000
47529  -19.474  -4.259  -13.004 0.0000000000
47524  -19.516  -4.532  -12.978 0.0000000000
47523  -19.124  -4.177  -12.504 0.0000000000
47509  -19.028  -4.497  -12.191 0.0000000000
48402  -19.009  -4.225  -12.141 0.0000000000
47491  -19.016  -4.402  -12.024 0.0000000000
47490  -18.876  -4.416  -12.047 0.0000000000
48392  -18.927  -4.002  -12.014 0.0000000000
47478  -18.865  -4.320  -11.902 0.0000000000
47477  -18.513  -4.044  -11.830 0.0000000000
47476  -18.077  -4.106  -11.669 0.0000000000
48379  -18.019  -4.017  -11.672 0.0000000000
48378  -17.980  -4.029  -11.558 0.0000000000
47467  -18.001  -4.381  -11.451 0.0000000000
47466  -17.994  -4.206  -11.433 0.0000000000
47465  -17.192  -3.993  -11.413 0.0000000000
47464  -17.005  -4.118  -11.434 0.0000000000
46602  -20.008  -4.752  -13.281 0.0000000000
46593  -19.835  -4.916  -13.218 0.0000000000
47536  -20.042  -4.391  -13.510 0.0000000000
46592  -19.736  -4.714  -13.061 0.0000000000
46585  -19.791  -4.870  -13.005 0.0000000000
46580  -19.565  -4.981  -12.756 0.0000000000
47510  -19.217  -4.499  -12.426 0.0000000000
46579  -19.097  -4.954  -12.193 0.0000000000
46564  -19.005  -4.856  -12.185 0.0000000000
46563  -18.858  -4.855  -12.122 0.0000000000
46545  -18.929  -4.823  -11.932 0.0000000000
46544  -18.758  -4.713  -11.590 0.0000000000
47468  -18.216  -4.399  -11.378 0.0000000000
46531  -18.201  -4.875  -11.381 0.0000000000
46530  -18.028  -4.863  -11.229 0.0000000000
46529  -18.031  -4.822  -11.212 0.0000000000
47457  -17.603  -4.373  -11.064 0.0000000000
47456  -17.200  -4.468  -11.102 0.0000000000
46519  -17.547  -4.994  -11.044 0.0000000000
46603  -20.163  -4.842  -13.399 0.0000000000
45660  -19.981  -4.960  -13.013 0.0000000000
45653  -19.879  -5.100  -13.071 0.0000000000
46586  -19.745  -4.963  -13.063 0.0000000000
46594  -19.982  -4.902  -13.178 0.0000000000
45652  -19.850  -4.996  -12.992 0.0000000000
45646  -19.637  -5.078  -12.843 0.0000000000
45645  -19.258  -5.014  -12.464 0.0000000000
45639  -19.001  -5.101  -12.092 0.0000000000
45638  -18.972  -5.013  -12.027 0.0000000000
45621  -18.845  -5.083  -11.997 0.0000000000
45604  -18.836  -5.014  -11.727 0.0000000000
46532  -18.619  -4.984  -11.519 0.0000000000
45603  -18.253  -5.072  -11.283 0.0000000000
45602  -18.067  -5.011  -11.151 0.0000000000
45589  -17.966  -5.066  -11.093 0.0000000000
46520  -17.921  -4.969  -11.066 0.0000000000
45588  -17.770  -5.008  -10.930 0.0000000000
44722  -19.930  -5.324  -13.118 0.0000000000
44723  -19.993  -5.404  -13.143 0.0000000000
45661  -20.027  -5.012  -13.199 0.0000000000
44713  -19.884  -5.416  -13.074 0.0000000000
44712  -19.835  -5.408  -12.986 0.0000000000
44705  -19.529  -5.463  -12.705 0.0000000000
44704  -19.165  -5.427  -12.194 0.0000000000
44698  -19.144  -5.443  -11.992 0.0000000000
45622  -19.029  -5.125  -11.982 0.0000000000
44691  -19.084  -5.441  -11.863 0.0000000000
44690  -18.996  -5.410  -11.790 0.0000000000
44674  -18.784  -5.386  -11.380 0.0000000000
44673  -18.388  -5.368  -11.134 0.0000000000
44654  -18.198  -5.262  -10.995 0.0000000000
45590  -18.020  -5.191  -11.089 0.0000000000
44653  -18.047  -5.457  -11.005 0.0000000000
44652  -17.880  -5.249  -11.036 0.0000000000
43805  -20.004  -5.733  -13.018 0.0000000000
43787  -19.935  -5.936  -13.117 0.0000000000
43786  -19.862  -5.862  -12.894 0.0000000000
43777  -19.486  -5.989  -12.364 0.0000000000
43776  -19.175  -5.777  -12.016 0.0000000000
43768  -19.029  -5.890  -11.938 0.0000000000
43762  -19.053  -5.786  -11.669 0.0000000000
43761  -18.996  -5.810  -11.618 0.0000000000
43753  -18.860  -6.005  -11.244 0.0000000000
43752  -18.562  -5.917  -11.002 0.0000000000
43737  -18.295  -5.787  -10.938 0.0000000000
43736  -18.105  -5.667  -10.846 0.0000000000
44639  -18.018  -5.322  -10.723 0.0000000000
44638  -17.924  -5.333  -10.928 0.0000000000
43718  -17.984  -5.879  -10.774 0.0000000000
43788  -20.014  -5.942  -13.059 0.0000000000
43806  -20.190  -5.924  -13.039 0.0000000000
42923  -20.345  -6.106  -13.051 0.0000000000
42922  -20.002  -5.994  -12.850 0.0000000000
42921  -19.976  -5.997  -12.949 0.0000000000
42904  -19.641  -5.999  -12.819 0.0000000000
42893  -19.248  -6.040  -12.138 0.0000000000
43769  -19.183  -6.000  -12.015 0.0000000000
42892  -19.177  -6.027  -11.975 0.0000000000
42885  -19.144  -6.035  -11.615 0.0000000000
42878  -19.016  -6.000  -11.195 0.0000000000
43754  -19.000  -5.989  -11.436 0.0000000000
42877  -18.841  -6.148  -11.289 0.0000000000
42867  -18.711  -6.101  -11.110 0.0000000000
43738  -18.543  -6.012  -11.019 0.0000000000
42866  -18.427  -6.059  -10.957 0.0000000000
42851  -18.255  -6.013  -10.824 0.0000000000
43719  -18.158  -5.858  -10.781 0.0000000000
42850  -18.020  -6.009  -10.704 0.0000000000
42020  -20.001  -6.456  -12.655 0.0000000000
42905  -19.978  -6.128  -12.924 0.0000000000
42021  -20.118  -6.271  -12.927 0.0000000000
42006  -19.996  -6.456  -12.816 0.0000000000
42005  -19.553  -6.481  -12.587 0.0000000000
41990  -19.385  -6.577  -11.996 0.0000000000
41989  -19.175  -6.261  -12.029 0.0000000000
41974  -19.203  -6.625  -11.875 0.0000000000
41966  -19.038  -6.509  -11.257 0.0000000000
41965  -18.950  -6.351  -11.326 0.0000000000
41956  -18.773  -6.472  -11.082 0.0000000000
41955  -18.567  -6.233  -11.003 0.0000000000
41941  -18.280  -6.316  -10.702 0.0000000000
41940  -18.010  -6.095  -10.661 0.0000000000
41083  -20.047  -6.770  -12.566 0.0000000000
41084  -20.458  -6.707  -12.755 0.0000000000
42022  -20.612  -6.348  -13.012 0.0000000000
41082  -20.009  -6.816  -12.763 0.0000000000
41072  -19.882  -6.976  -12.422 0.0000000000
41071  -19.459  -6.992  -12.106 0.0000000000
41062  -19.543  -6.989  -12.059 0.0000000000
41975  -19.453  -6.709  -11.932 0.0000000000
41048  -19.475  -6.981  -11.996 0.0000000000
41047  -19.312  -6.987  -11.812 0.0000000000
41035  -19.154  -6.879  -11.363 0.0000000000
41027  -19.047  -6.889  -10.951 0.0000000000
41957  -18.999  -6.835  -11.058 0.0000000000
41026  -18.960  -6.807  -10.938 0.0000000000
41017  -18.919  -6.973  -10.721 0.0000000000
41942  -18.808  -6.584  -11.068 0.0000000000
41016  -18.758  -6.831  -10.700 0.0000000000
41003  -18.483  -6.969  -10.295 0.0000000000
41925  -18.033  -6.548  -10.221 0.0000000000
41924  -17.918  -6.410  -10.346 0.0000000000
41002  -18.035  -6.736  -10.030 0.0000000000
41073  -19.946  -6.995  -12.465 0.0000000000
41074  -20.208  -6.976  -12.489 0.0000000000
40093  -20.602  -7.006  -12.424 0.0000000000
40092  -19.983  -7.013  -12.579 0.0000000000
41075  -20.834  -6.950  -12.275 0.0000000000
40091  -19.784  -7.157  -12.431 0.0000000000
40090  -19.935  -6.975  -12.557 0.0000000000
40081  -19.323  -7.054  -12.083 0.0000000000
40075  -19.493  -7.126  -11.940 0.0000000000
40074  -19.410  -6.974  -11.895 0.0000000000
40062  -19.279  -6.996  -11.534 0.0000000000
40052  -19.064  -7.027  -11.007 0.0000000000
40046  -19.018  -7.092  -10.790 0.0000000000
41018  -19.035  -6.978  -10.812 0.0000000000
40045  -19.002  -7.006  -10.792 0.0000000000
40039  -18.804  -7.116  -10.417 0.0000000000
41004  -18.708  -7.014  -10.434 0.0000000000
40038  -18.522  -7.055  -10.316 0.0000000000
40028  -18.444  -7.092  -10.095 0.0000000000
40985  -18.242  -6.989  -10.012 0.0000000000
40984  -18.014  -6.873  -9.921 0.0000000000
40027  -18.176  -6.987  -9.966 0.0000000000
40083  -20.889  -7.006  -12.291 0.0000000000
39151  -20.462  -7.395  -12.520 0.0000000000
39150  -20.009  -7.394  -12.565 0.0000000000
40094  -20.835  -6.969  -12.227 0.0000000000
39149  -19.955  -7.593  -12.418 0.0000000000
39140  -19.837  -7.712  -12.322 0.0000000000
40082  -19.382  -7.197  -12.243 0.0000000000
40084  -20.963  -7.013  -12.078 0.0000000000
39141  -20.904  -7.498  -12.049 0.0000000000
39139  -19.365  -7.675  -11.996 0.0000000000
39132  -19.523  -7.735  -11.972 0.0000000000
39120  -19.374  -7.639  -11.425 0.0000000000
40063  -19.283  -7.274  -11.255 0.0000000000
39107  -19.458  -7.664  -11.002 0.0000000000
40053  -19.288  -7.419  -11.006 0.0000000000
39106  -19.294  -7.512  -10.981 0.0000000000
39097  -19.135  -7.486  -11.011 0.0000000000
39088  -19.260  -7.644  -10.279 0.0000000000
40040  -19.028  -7.328  -10.177 0.0000000000
39078  -19.110  -7.642  -9.928 0.0000000000
40030  -19.009  -7.606  -9.995 0.0000000000
40029  -18.846  -7.292  -10.055 0.0000000000
39077  -18.967  -7.416  -9.994 0.0000000000
39064  -18.939  -7.509  -9.898 0.0000000000
40016  -18.874  -7.353  -9.982 0.0000000000
40015  -18.653  -7.195  -10.011 0.0000000000
40014  -18.062  -6.991  -9.803 0.0000000000
39063  -18.305  -7.493  -9.628 0.0000000000
38236  -20.564  -7.897  -12.174 0.0000000000
38235  -20.087  -7.879  -12.363 0.0000000000
38234  -19.987  -7.767  -12.375 0.0000000000
38225  -19.950  -8.013  -12.106 0.0000000000
39142  -20.731  -7.508  -11.953 0.0000000000
38227  -20.722  -7.948  -12.080 0.0000000000
38224  -19.934  -8.010  -12.130 0.0000000000
38216  -19.687  -7.997  -12.014 0.0000000000
38209  -19.550  -7.987  -11.552 0.0000000000
38197  -19.469  -7.998  -11.062 0.0000000000
38190  -19.565  -8.002  -10.976 0.0000000000
39098  -19.660  -7.857  -10.752 0.0000000000
38182  -19.518  -7.992  -10.449 0.0000000000
39089  -19.693  -7.972  -10.297 0.0000000000
38181  -19.628  -7.967  -10.247 0.0000000000
38169  -19.239  -7.968  -10.027 0.0000000000
38156  -19.069  -7.887  -9.724 0.0000000000
39065  -19.015  -7.729  -9.850 0.0000000000
38155  -18.833  -8.009  -9.593 0.0000000000
38154  -18.549  -7.746  -9.562 0.0000000000
38226  -20.306  -8.020  -12.173 0.0000000000
37401  -20.510  -8.158  -12.120 0.0000000000
37402  -20.839  -8.011  -12.001 0.0000000000
38228  -20.827  -7.883  -11.993 0.0000000000
37400  -20.132  -8.193  -12.127 0.0000000000
37399  -19.985  -8.181  -12.055 0.0000000000
38217  -19.882  -8.055  -12.029 0.0000000000
37390  -19.839  -8.110  -11.992 0.0000000000
37389  -19.370  -8.053  -11.661 0.0000000000
37384  -19.326  -8.188  -11.142 0.0000000000
37373  -19.490  -8.156  -11.012 0.0000000000
37361  -19.705  -8.092  -10.784 0.0000000000
37354  -19.502  -8.171  -10.164 0.0000000000
38170  -19.307  -8.004  -10.064 0.0000000000
37341  -19.328  -8.175  -10.003 0.0000000000
37340  -19.016  -8.209  -10.005 0.0000000000
37326  -19.107  -8.092  -9.633 0.0000000000
37325  -19.003  -8.009  -9.669 0.0000000000
36607  -20.074  -8.326  -11.963 0.0000000000
36606  -19.978  -8.403  -12.093 0.0000000000
36596  -19.943  -8.584  -11.933 0.0000000000
36595  -19.709  -8.567  -12.018 0.0000000000
36587  -19.629  -8.633  -11.498 0.0000000000
36581  -19.488  -8.649  -11.051 0.0000000000
37316  -18.838  -8.212  -9.487 0.0000000000
48455  -20.098  -3.976  -13.594 0.0000000000
