#!ascii label  , from subject  vox2ras=TkReg
1189
28113  -19.264  -12.992  -10.837 0.0000000000
27352  -19.204  -13.064  -10.884 0.0000000000
28112  -19.053  -12.966  -10.946 0.0000000000
27365  -19.605  -13.028  -11.010 0.0000000000
28127  -19.786  -12.850  -10.979 0.0000000000
28859  -19.009  -12.519  -10.644 0.0000000000
28860  -19.595  -12.461  -10.722 0.0000000000
28114  -19.864  -12.724  -10.957 0.0000000000
28128  -19.991  -12.937  -10.933 0.0000000000
28861  -20.000  -12.437  -10.826 0.0000000000
27366  -20.007  -12.974  -11.081 0.0000000000
28129  -20.053  -12.814  -10.990 0.0000000000
28869  -20.016  -12.595  -10.998 0.0000000000
27367  -20.056  -12.973  -11.177 0.0000000000
28135  -20.023  -12.935  -11.141 0.0000000000
28870  -20.216  -12.403  -10.947 0.0000000000
28130  -20.041  -12.777  -11.092 0.0000000000
28136  -20.387  -12.944  -11.329 0.0000000000
28871  -20.538  -12.195  -11.160 0.0000000000
27375  -20.024  -13.033  -11.313 0.0000000000
27376  -20.464  -13.004  -11.635 0.0000000000
28137  -20.957  -12.861  -11.506 0.0000000000
28877  -20.967  -12.303  -11.436 0.0000000000
27377  -20.966  -13.042  -11.476 0.0000000000
28138  -21.016  -13.006  -11.434 0.0000000000
28878  -21.033  -12.469  -11.331 0.0000000000
28858  -19.000  -12.409  -10.737 0.0000000000
29585  -18.962  -12.045  -10.416 0.0000000000
29586  -19.418  -12.038  -10.604 0.0000000000
29587  -19.895  -11.983  -10.773 0.0000000000
28862  -20.167  -12.230  -10.847 0.0000000000
29588  -20.097  -12.055  -10.806 0.0000000000
29596  -20.245  -11.997  -10.924 0.0000000000
29597  -20.424  -12.023  -11.075 0.0000000000
29604  -20.784  -12.012  -11.270 0.0000000000
29605  -20.986  -12.107  -11.335 0.0000000000
29584  -18.843  -12.090  -10.489 0.0000000000
29573  -19.025  -11.993  -10.423 0.0000000000
29574  -19.013  -12.001  -10.410 0.0000000000
30318  -19.310  -11.987  -10.300 0.0000000000
30325  -19.733  -12.003  -10.648 0.0000000000
30326  -20.025  -11.804  -10.723 0.0000000000
30327  -20.159  -11.764  -10.834 0.0000000000
30317  -19.019  -11.927  -10.342 0.0000000000
31096  -19.098  -11.631  -10.090 0.0000000000
31097  -19.578  -11.357  -10.004 0.0000000000
30319  -19.952  -11.856  -10.546 0.0000000000
31098  -19.979  -11.336  -10.624 0.0000000000
31104  -20.059  -11.390  -10.723 0.0000000000
30335  -20.037  -11.844  -11.010 0.0000000000
31105  -20.055  -11.338  -10.968 0.0000000000
30305  -18.984  -11.552  -10.035 0.0000000000
31088  -19.158  -11.310  -9.914 0.0000000000
31089  -19.260  -11.015  -9.998 0.0000000000
31740  -19.415  -10.992  -10.049 0.0000000000
31741  -19.727  -11.010  -10.249 0.0000000000
31747  -20.009  -10.989  -10.709 0.0000000000
31748  -20.122  -11.035  -10.868 0.0000000000
31733  -19.251  -11.029  -9.984 0.0000000000
32379  -19.500  -10.783  -10.000 0.0000000000
32386  -19.551  -10.917  -10.143 0.0000000000
32387  -19.828  -10.677  -10.398 0.0000000000
32393  -20.048  -10.757  -10.659 0.0000000000
32378  -19.232  -10.955  -9.906 0.0000000000
32367  -19.462  -10.717  -9.688 0.0000000000
33025  -19.714  -10.237  -9.820 0.0000000000
33038  -19.676  -10.309  -10.023 0.0000000000
32380  -19.873  -10.690  -10.034 0.0000000000
33039  -19.881  -10.187  -10.243 0.0000000000
33047  -19.915  -10.138  -10.769 0.0000000000
33024  -19.269  -10.166  -9.350 0.0000000000
33696  -19.367  -10.030  -9.761 0.0000000000
33697  -19.629  -9.985  -9.963 0.0000000000
33709  -19.658  -9.982  -10.030 0.0000000000
33710  -19.883  -10.040  -10.385 0.0000000000
33685  -19.056  -10.007  -9.350 0.0000000000
34350  -19.308  -9.963  -9.686 0.0000000000
34351  -19.688  -9.863  -9.851 0.0000000000
34359  -19.583  -9.740  -10.021 0.0000000000
34360  -19.660  -9.933  -10.062 0.0000000000
34341  -19.211  -9.753  -9.477 0.0000000000
34342  -19.714  -9.697  -9.670 0.0000000000
35049  -19.534  -9.137  -9.683 0.0000000000
35056  -19.519  -9.237  -9.976 0.0000000000
35039  -19.468  -9.202  -9.391 0.0000000000
33684  -18.995  -9.967  -9.336 0.0000000000
34340  -19.043  -9.651  -9.323 0.0000000000
35038  -19.185  -9.216  -9.460 0.0000000000
34329  -18.999  -9.656  -9.279 0.0000000000
35037  -18.979  -9.086  -9.309 0.0000000000
33671  -18.858  -9.996  -9.227 0.0000000000
34328  -18.591  -9.611  -9.013 0.0000000000
35028  -18.844  -9.114  -9.156 0.0000000000
33670  -18.383  -10.005  -8.995 0.0000000000
34327  -18.180  -9.619  -8.941 0.0000000000
35027  -18.318  -9.216  -8.965 0.0000000000
33669  -18.035  -9.919  -8.988 0.0000000000
34326  -18.012  -9.656  -8.970 0.0000000000
35026  -18.049  -9.279  -8.946 0.0000000000
33668  -17.882  -10.018  -8.963 0.0000000000
34325  -17.603  -9.662  -8.953 0.0000000000
35025  -17.938  -9.232  -8.871 0.0000000000
33667  -17.388  -9.996  -8.944 0.0000000000
34324  -17.137  -9.759  -8.912 0.0000000000
35024  -17.380  -9.339  -8.959 0.0000000000
33666  -16.997  -10.015  -8.959 0.0000000000
34323  -16.990  -9.759  -8.972 0.0000000000
35023  -17.030  -9.353  -8.832 0.0000000000
33665  -16.817  -9.995  -8.969 0.0000000000
34322  -16.716  -9.700  -8.960 0.0000000000
35022  -16.946  -9.285  -8.992 0.0000000000
33664  -16.330  -9.978  -9.020 0.0000000000
34321  -16.047  -9.812  -9.000 0.0000000000
35021  -16.451  -9.182  -8.972 0.0000000000
33663  -15.992  -10.021  -9.047 0.0000000000
33681  -16.012  -10.013  -9.211 0.0000000000
34339  -16.006  -9.971  -9.172 0.0000000000
34320  -15.981  -9.566  -9.026 0.0000000000
35020  -15.991  -9.235  -8.977 0.0000000000
34338  -15.970  -9.593  -9.106 0.0000000000
35019  -15.877  -9.197  -8.988 0.0000000000
33012  -18.987  -10.170  -9.308 0.0000000000
33011  -18.946  -10.240  -9.308 0.0000000000
33683  -18.716  -9.983  -9.194 0.0000000000
33010  -18.426  -10.302  -9.193 0.0000000000
33006  -16.031  -10.278  -9.265 0.0000000000
33680  -15.918  -9.963  -9.256 0.0000000000
33007  -16.100  -10.154  -9.322 0.0000000000
33682  -16.042  -9.970  -9.220 0.0000000000
33005  -15.904  -10.426  -9.320 0.0000000000
33679  -15.390  -10.005  -9.198 0.0000000000
34337  -15.332  -9.879  -9.384 0.0000000000
33004  -15.407  -10.455  -9.361 0.0000000000
33023  -15.022  -10.243  -9.727 0.0000000000
33695  -15.079  -9.990  -9.682 0.0000000000
32997  -18.176  -10.140  -8.972 0.0000000000
32996  -18.020  -10.139  -8.976 0.0000000000
32995  -17.638  -10.178  -8.957 0.0000000000
32994  -17.243  -10.212  -8.953 0.0000000000
32993  -16.963  -10.221  -8.968 0.0000000000
32992  -16.654  -10.163  -9.054 0.0000000000
32991  -16.292  -9.981  -9.070 0.0000000000
32366  -19.091  -10.856  -9.660 0.0000000000
32339  -15.239  -10.725  -9.567 0.0000000000
32364  -14.998  -10.925  -9.674 0.0000000000
33022  -14.881  -10.359  -9.670 0.0000000000
33694  -14.996  -9.997  -9.760 0.0000000000
32363  -14.838  -10.829  -9.520 0.0000000000
33021  -14.656  -10.620  -9.749 0.0000000000
33036  -14.691  -10.275  -9.973 0.0000000000
33037  -14.930  -10.014  -9.876 0.0000000000
32362  -14.553  -10.946  -9.733 0.0000000000
32377  -14.352  -10.750  -9.910 0.0000000000
32350  -19.013  -10.656  -9.486 0.0000000000
32349  -18.773  -10.795  -9.345 0.0000000000
32348  -18.065  -10.764  -9.245 0.0000000000
33009  -18.065  -10.361  -9.009 0.0000000000
32347  -17.982  -10.652  -9.159 0.0000000000
32342  -15.994  -10.942  -9.394 0.0000000000
32343  -16.574  -10.763  -9.348 0.0000000000
33008  -16.520  -10.236  -9.524 0.0000000000
32341  -16.004  -10.884  -9.264 0.0000000000
32340  -15.709  -10.916  -9.316 0.0000000000
32332  -17.858  -10.485  -8.961 0.0000000000
32331  -17.422  -10.387  -8.980 0.0000000000
32330  -17.032  -10.596  -8.975 0.0000000000
32329  -16.998  -10.557  -9.101 0.0000000000
32328  -16.811  -10.645  -9.030 0.0000000000
31732  -19.139  -11.030  -9.848 0.0000000000
31711  -14.616  -10.989  -9.816 0.0000000000
31731  -14.383  -11.040  -9.976 0.0000000000
32376  -14.386  -10.989  -10.080 0.0000000000
33035  -14.399  -10.350  -10.019 0.0000000000
31730  -14.419  -11.071  -10.001 0.0000000000
32385  -14.201  -10.964  -10.128 0.0000000000
31721  -19.047  -11.070  -9.716 0.0000000000
31720  -18.906  -11.021  -9.636 0.0000000000
32365  -18.980  -10.863  -9.626 0.0000000000
31698  -18.863  -11.019  -9.436 0.0000000000
31688  -15.220  -10.987  -9.552 0.0000000000
31713  -14.997  -11.008  -9.663 0.0000000000
31712  -14.908  -10.997  -9.505 0.0000000000
31697  -18.536  -10.999  -9.405 0.0000000000
31696  -17.998  -10.976  -9.356 0.0000000000
31695  -17.923  -10.973  -9.357 0.0000000000
32346  -17.699  -10.912  -9.129 0.0000000000
31694  -17.498  -10.974  -9.353 0.0000000000
32345  -17.112  -10.878  -9.285 0.0000000000
31693  -16.963  -10.958  -9.406 0.0000000000
32344  -16.971  -10.941  -9.342 0.0000000000
31692  -16.808  -10.982  -9.376 0.0000000000
31691  -16.254  -10.988  -9.306 0.0000000000
31690  -16.005  -11.001  -9.290 0.0000000000
31689  -15.815  -11.019  -9.319 0.0000000000
31072  -19.122  -11.176  -9.780 0.0000000000
31060  -14.693  -11.299  -9.759 0.0000000000
31081  -14.315  -11.403  -9.987 0.0000000000
31080  -14.264  -11.358  -10.169 0.0000000000
31739  -14.238  -11.013  -10.311 0.0000000000
31071  -19.016  -11.284  -9.722 0.0000000000
31070  -18.607  -11.345  -9.750 0.0000000000
31719  -18.370  -11.106  -9.553 0.0000000000
31069  -18.080  -11.368  -9.825 0.0000000000
31718  -17.986  -11.051  -9.525 0.0000000000
31068  -17.956  -11.398  -9.826 0.0000000000
31717  -17.816  -11.074  -9.489 0.0000000000
31067  -17.552  -11.351  -9.815 0.0000000000
31716  -17.289  -11.094  -9.530 0.0000000000
31066  -17.039  -11.571  -9.765 0.0000000000
31715  -16.986  -11.115  -9.531 0.0000000000
31065  -16.923  -11.303  -9.762 0.0000000000
31714  -16.995  -10.996  -9.503 0.0000000000
31048  -16.720  -11.017  -9.398 0.0000000000
31062  -15.006  -11.381  -9.672 0.0000000000
31061  -15.005  -11.302  -9.513 0.0000000000
31047  -16.427  -11.203  -9.161 0.0000000000
31046  -16.028  -11.337  -9.294 0.0000000000
31045  -15.948  -11.328  -9.245 0.0000000000
31044  -15.423  -11.187  -9.347 0.0000000000
30304  -18.953  -11.505  -10.004 0.0000000000
31087  -18.995  -11.436  -10.009 0.0000000000
30303  -18.609  -11.720  -10.128 0.0000000000
31086  -18.157  -11.610  -10.000 0.0000000000
30302  -18.002  -11.897  -10.030 0.0000000000
31085  -17.970  -11.584  -9.998 0.0000000000
30301  -17.873  -11.766  -10.180 0.0000000000
31084  -17.897  -11.581  -10.014 0.0000000000
30300  -17.450  -11.838  -10.179 0.0000000000
31083  -17.213  -11.848  -10.026 0.0000000000
30299  -16.993  -11.992  -10.008 0.0000000000
31082  -17.004  -11.879  -10.006 0.0000000000
30288  -16.966  -11.910  -9.962 0.0000000000
30297  -14.361  -11.895  -9.911 0.0000000000
30296  -14.385  -11.940  -10.000 0.0000000000
30311  -14.256  -11.736  -10.416 0.0000000000
31095  -14.242  -11.368  -10.608 0.0000000000
30287  -16.902  -11.968  -9.870 0.0000000000
30286  -16.478  -11.838  -9.870 0.0000000000
31064  -16.482  -11.272  -9.782 0.0000000000
30270  -16.407  -11.623  -9.529 0.0000000000
30283  -15.273  -11.893  -9.699 0.0000000000
30282  -14.959  -11.902  -9.680 0.0000000000
31063  -15.601  -11.568  -9.574 0.0000000000
30281  -14.748  -11.778  -9.673 0.0000000000
30269  -16.040  -11.845  -9.500 0.0000000000
30268  -15.983  -11.793  -9.331 0.0000000000
30316  -18.981  -11.759  -10.436 0.0000000000
29572  -18.606  -11.985  -10.444 0.0000000000
30315  -18.338  -11.881  -10.317 0.0000000000
29571  -18.051  -12.008  -10.424 0.0000000000
30314  -17.989  -11.928  -10.368 0.0000000000
29570  -17.998  -11.987  -10.435 0.0000000000
30313  -17.777  -11.881  -10.337 0.0000000000
29569  -17.821  -11.994  -10.392 0.0000000000
30312  -17.557  -11.916  -10.337 0.0000000000
29568  -17.345  -12.006  -10.167 0.0000000000
29566  -14.343  -11.996  -10.148 0.0000000000
29580  -14.250  -11.998  -10.752 0.0000000000
30324  -14.239  -11.772  -10.934 0.0000000000
29559  -17.062  -11.986  -10.013 0.0000000000
29558  -16.983  -12.178  -10.005 0.0000000000
30298  -16.974  -12.024  -9.994 0.0000000000
29557  -16.973  -12.140  -9.957 0.0000000000
29556  -14.543  -12.066  -9.912 0.0000000000
29555  -14.334  -12.013  -9.910 0.0000000000
29548  -16.957  -12.031  -9.595 0.0000000000
29547  -16.101  -12.112  -9.638 0.0000000000
30285  -16.141  -11.972  -9.623 0.0000000000
29546  -16.112  -12.089  -9.561 0.0000000000
29544  -15.073  -12.015  -9.675 0.0000000000
29545  -15.680  -12.038  -9.511 0.0000000000
30284  -15.676  -11.943  -9.620 0.0000000000
29543  -15.001  -11.991  -9.535 0.0000000000
29542  -14.776  -12.004  -9.637 0.0000000000
29532  -16.020  -11.950  -9.467 0.0000000000
29531  -15.960  -11.983  -9.475 0.0000000000
28857  -18.585  -12.463  -10.747 0.0000000000
29583  -18.406  -12.066  -10.468 0.0000000000
28856  -18.015  -12.438  -10.777 0.0000000000
29582  -18.015  -12.133  -10.493 0.0000000000
28855  -17.996  -12.477  -10.861 0.0000000000
29581  -18.010  -12.123  -10.539 0.0000000000
28847  -18.004  -12.085  -10.587 0.0000000000
28844  -14.342  -12.400  -10.344 0.0000000000
28853  -14.198  -12.381  -10.765 0.0000000000
29595  -14.016  -12.085  -10.965 0.0000000000
30334  -14.051  -11.976  -11.002 0.0000000000
28846  -17.789  -12.183  -10.576 0.0000000000
28845  -17.006  -12.421  -10.248 0.0000000000
29567  -16.991  -12.061  -10.055 0.0000000000
28837  -17.040  -12.543  -10.047 0.0000000000
28834  -14.173  -12.365  -9.950 0.0000000000
28836  -16.919  -12.557  -10.065 0.0000000000
28828  -16.986  -12.653  -9.962 0.0000000000
28822  -14.709  -12.411  -9.700 0.0000000000
28835  -14.453  -12.301  -9.888 0.0000000000
28827  -16.291  -12.538  -9.539 0.0000000000
28826  -16.006  -12.393  -9.540 0.0000000000
28813  -16.032  -12.072  -9.511 0.0000000000
28812  -16.011  -11.945  -9.543 0.0000000000
28825  -15.900  -12.483  -9.576 0.0000000000
28824  -15.396  -12.508  -9.655 0.0000000000
28823  -14.992  -12.457  -9.651 0.0000000000
28111  -18.846  -12.885  -10.975 0.0000000000
28110  -18.258  -12.887  -11.012 0.0000000000
28109  -17.994  -12.873  -11.026 0.0000000000
28108  -17.914  -12.864  -10.987 0.0000000000
28854  -17.914  -12.802  -10.900 0.0000000000
28107  -17.595  -12.945  -11.005 0.0000000000
28843  -14.005  -12.633  -10.428 0.0000000000
28852  -13.969  -12.571  -10.778 0.0000000000
28868  -14.057  -12.395  -10.995 0.0000000000
28106  -13.972  -12.955  -10.492 0.0000000000
28120  -13.879  -12.857  -10.922 0.0000000000
28867  -14.059  -12.399  -11.042 0.0000000000
28100  -17.156  -12.981  -10.455 0.0000000000
28099  -17.006  -12.873  -10.167 0.0000000000
28098  -14.253  -12.845  -10.041 0.0000000000
28097  -14.021  -12.994  -10.376 0.0000000000
28091  -17.004  -12.935  -10.015 0.0000000000
28090  -16.695  -13.017  -10.045 0.0000000000
28089  -14.502  -12.594  -9.952 0.0000000000
28088  -14.308  -12.943  -9.848 0.0000000000
28082  -16.614  -12.993  -9.854 0.0000000000
28081  -16.197  -12.984  -9.685 0.0000000000
28080  -16.018  -12.962  -9.661 0.0000000000
28079  -15.660  -12.936  -9.648 0.0000000000
28078  -15.185  -12.918  -9.658 0.0000000000
28077  -14.991  -12.899  -9.598 0.0000000000
28076  -14.655  -12.936  -9.776 0.0000000000
27351  -18.984  -13.030  -10.955 0.0000000000
28126  -18.861  -13.142  -10.991 0.0000000000
28125  -18.963  -12.973  -11.050 0.0000000000
28124  -18.589  -12.950  -11.044 0.0000000000
28123  -18.156  -12.965  -11.006 0.0000000000
28122  -17.988  -13.006  -10.985 0.0000000000
28121  -17.805  -12.987  -11.073 0.0000000000
27350  -17.269  -12.980  -10.860 0.0000000000
27359  -17.646  -13.029  -11.008 0.0000000000
27343  -17.060  -13.070  -10.274 0.0000000000
27342  -17.009  -13.008  -10.116 0.0000000000
27341  -14.227  -13.098  -10.144 0.0000000000
27335  -17.013  -13.123  -9.972 0.0000000000
27334  -16.813  -13.016  -9.980 0.0000000000
28075  -14.424  -13.011  -9.928 0.0000000000
27333  -14.174  -13.104  -9.994 0.0000000000
27327  -16.549  -12.906  -9.754 0.0000000000
27326  -16.073  -13.062  -9.523 0.0000000000
27325  -15.993  -13.091  -9.671 0.0000000000
27324  -15.580  -13.101  -9.670 0.0000000000
27323  -15.037  -13.014  -9.542 0.0000000000
27322  -14.980  -13.079  -9.636 0.0000000000
27321  -14.680  -13.131  -9.627 0.0000000000
27320  -14.260  -13.203  -9.838 0.0000000000
26598  -20.998  -13.652  -11.326 0.0000000000
26597  -20.731  -13.673  -11.606 0.0000000000
27378  -21.215  -13.377  -11.614 0.0000000000
26596  -20.031  -13.393  -11.566 0.0000000000
26595  -19.971  -13.326  -11.332 0.0000000000
27374  -20.013  -13.096  -11.193 0.0000000000
26584  -20.008  -13.039  -11.074 0.0000000000
26583  -19.769  -13.068  -11.069 0.0000000000
26582  -19.164  -13.167  -10.989 0.0000000000
27364  -19.158  -13.059  -10.985 0.0000000000
26581  -19.007  -13.192  -11.069 0.0000000000
27363  -18.818  -12.993  -11.144 0.0000000000
27373  -18.748  -13.042  -11.256 0.0000000000
27362  -18.427  -13.027  -11.078 0.0000000000
27372  -18.151  -13.083  -11.169 0.0000000000
27361  -18.032  -12.990  -11.048 0.0000000000
27371  -18.010  -13.110  -11.282 0.0000000000
27360  -17.807  -13.108  -11.004 0.0000000000
26580  -17.756  -13.298  -11.209 0.0000000000
26579  -17.504  -13.511  -11.119 0.0000000000
27370  -17.974  -13.039  -11.299 0.0000000000
26572  -17.431  -13.577  -10.999 0.0000000000
26571  -17.077  -13.541  -10.660 0.0000000000
27349  -17.001  -13.097  -10.257 0.0000000000
26564  -17.048  -13.543  -10.133 0.0000000000
26585  -20.993  -13.902  -11.066 0.0000000000
25861  -20.984  -13.856  -11.164 0.0000000000
25860  -20.771  -13.995  -11.445 0.0000000000
26599  -21.099  -13.604  -11.322 0.0000000000
25859  -20.140  -14.007  -11.600 0.0000000000
25858  -19.994  -13.894  -11.612 0.0000000000
25857  -19.724  -13.953  -11.577 0.0000000000
26594  -19.407  -13.478  -11.034 0.0000000000
25856  -19.228  -13.921  -11.625 0.0000000000
26593  -19.062  -13.563  -11.266 0.0000000000
25855  -18.987  -13.899  -11.594 0.0000000000
26592  -18.990  -13.631  -11.488 0.0000000000
25865  -18.992  -13.920  -11.711 0.0000000000
26603  -18.679  -13.951  -11.851 0.0000000000
26591  -18.425  -13.615  -11.802 0.0000000000
26602  -18.198  -13.910  -11.827 0.0000000000
26590  -17.996  -13.479  -11.590 0.0000000000
26601  -17.988  -13.833  -11.681 0.0000000000
26589  -17.721  -13.618  -11.482 0.0000000000
26586  -21.212  -13.581  -11.136 0.0000000000
25851  -21.052  -13.944  -11.123 0.0000000000
25161  -18.864  -14.059  -11.779 0.0000000000
25864  -18.508  -13.989  -11.783 0.0000000000
25162  -18.981  -14.038  -11.788 0.0000000000
25866  -19.041  -14.009  -11.740 0.0000000000
25160  -18.127  -14.007  -11.784 0.0000000000
25863  -18.023  -13.967  -11.822 0.0000000000
25156  -20.956  -14.001  -11.140 0.0000000000
25155  -20.623  -14.336  -11.308 0.0000000000
25154  -20.194  -14.121  -11.480 0.0000000000
25165  -20.025  -14.267  -11.643 0.0000000000
25869  -20.011  -14.011  -11.736 0.0000000000
25868  -19.807  -14.033  -11.539 0.0000000000
25867  -19.502  -13.971  -11.719 0.0000000000
25844  -20.972  -13.951  -10.980 0.0000000000
25151  -20.961  -14.051  -11.043 0.0000000000
25852  -21.093  -13.849  -11.011 0.0000000000
25835  -21.015  -13.882  -10.456 0.0000000000
25145  -20.981  -13.997  -10.871 0.0000000000
25845  -21.098  -13.856  -10.993 0.0000000000
25834  -20.804  -13.945  -10.309 0.0000000000
25137  -20.919  -14.007  -10.609 0.0000000000
25828  -20.934  -13.700  -10.192 0.0000000000
25827  -20.674  -13.849  -10.077 0.0000000000
26565  -21.036  -13.710  -10.048 0.0000000000
25836  -21.057  -13.817  -10.583 0.0000000000
26566  -21.221  -13.329  -10.127 0.0000000000
25136  -20.651  -14.001  -10.060 0.0000000000
26558  -21.018  -13.425  -10.024 0.0000000000
25826  -20.196  -14.003  -9.976 0.0000000000
25129  -20.338  -14.080  -9.989 0.0000000000
25819  -20.622  -13.853  -9.936 0.0000000000
25818  -20.292  -13.948  -9.921 0.0000000000
26557  -20.871  -13.604  -9.992 0.0000000000
25128  -20.077  -14.096  -9.968 0.0000000000
26550  -20.612  -13.605  -9.810 0.0000000000
25817  -20.074  -13.934  -9.685 0.0000000000
25119  -20.020  -14.014  -9.726 0.0000000000
26549  -20.159  -13.558  -9.599 0.0000000000
25805  -19.962  -13.932  -9.581 0.0000000000
25118  -19.984  -14.023  -9.615 0.0000000000
26548  -20.002  -13.710  -9.602 0.0000000000
25804  -19.703  -13.949  -9.431 0.0000000000
25105  -19.828  -14.013  -9.439 0.0000000000
26535  -19.987  -13.496  -9.413 0.0000000000
25803  -19.138  -13.987  -9.238 0.0000000000
25104  -19.537  -14.063  -9.301 0.0000000000
26534  -19.493  -13.688  -9.257 0.0000000000
24445  -20.175  -14.670  -11.373 0.0000000000
24453  -19.982  -14.630  -11.696 0.0000000000
24452  -19.945  -14.641  -11.545 0.0000000000
25164  -19.872  -13.988  -11.712 0.0000000000
24451  -19.434  -14.500  -11.832 0.0000000000
25163  -19.268  -13.994  -11.821 0.0000000000
24450  -19.120  -14.514  -11.877 0.0000000000
24449  -19.007  -14.493  -11.935 0.0000000000
25150  -20.845  -14.226  -11.011 0.0000000000
24441  -20.467  -14.607  -11.014 0.0000000000
24446  -20.432  -14.619  -11.196 0.0000000000
25144  -20.899  -14.138  -10.797 0.0000000000
24437  -20.721  -14.565  -11.013 0.0000000000
24431  -20.658  -14.525  -10.509 0.0000000000
24423  -20.490  -14.268  -9.994 0.0000000000
24422  -20.113  -14.511  -10.070 0.0000000000
25127  -19.964  -14.159  -9.913 0.0000000000
24421  -20.021  -14.568  -10.002 0.0000000000
24414  -19.954  -14.489  -9.957 0.0000000000
25117  -19.910  -14.313  -9.737 0.0000000000
24444  -20.010  -14.876  -11.515 0.0000000000
24440  -20.431  -14.936  -11.168 0.0000000000
23724  -20.338  -14.993  -11.131 0.0000000000
23729  -20.170  -15.020  -11.329 0.0000000000
23728  -19.972  -15.004  -11.528 0.0000000000
23722  -20.394  -14.968  -11.018 0.0000000000
23725  -20.342  -14.862  -11.022 0.0000000000
23714  -20.509  -14.988  -10.936 0.0000000000
24430  -20.207  -14.809  -10.068 0.0000000000
23713  -20.257  -14.988  -10.469 0.0000000000
23704  -20.028  -14.964  -10.033 0.0000000000
23703  -19.941  -14.999  -9.984 0.0000000000
23694  -19.988  -14.895  -9.891 0.0000000000
23721  -20.286  -15.018  -10.873 0.0000000000
23013  -20.209  -15.163  -10.978 0.0000000000
23017  -20.193  -15.155  -11.174 0.0000000000
23009  -20.200  -15.131  -10.670 0.0000000000
23712  -20.075  -15.025  -10.305 0.0000000000
23002  -20.145  -15.062  -10.461 0.0000000000
26573  -21.387  -13.691  -10.992 0.0000000000
26533  -19.062  -13.733  -9.068 0.0000000000
26526  -19.176  -13.452  -8.991 0.0000000000
27314  -19.476  -13.010  -9.014 0.0000000000
27315  -19.879  -13.010  -9.158 0.0000000000
26536  -20.056  -13.393  -9.392 0.0000000000
27316  -19.992  -13.058  -9.256 0.0000000000
27328  -20.030  -13.169  -9.237 0.0000000000
27329  -20.447  -13.155  -9.394 0.0000000000
26551  -20.963  -13.354  -9.981 0.0000000000
27330  -21.004  -13.060  -9.780 0.0000000000
27336  -21.011  -13.085  -9.983 0.0000000000
26559  -21.101  -13.348  -10.028 0.0000000000
27337  -21.083  -13.085  -10.056 0.0000000000
27344  -21.318  -12.986  -10.020 0.0000000000
27353  -21.557  -13.000  -10.403 0.0000000000
26587  -21.367  -13.456  -11.040 0.0000000000
26574  -21.686  -13.128  -11.030 0.0000000000
27354  -21.691  -13.020  -10.979 0.0000000000
27369  -21.604  -13.115  -11.111 0.0000000000
27368  -21.372  -13.254  -11.265 0.0000000000
27306  -19.172  -13.075  -8.988 0.0000000000
27307  -19.513  -13.017  -9.003 0.0000000000
28063  -19.739  -12.809  -9.015 0.0000000000
28070  -19.882  -12.836  -9.171 0.0000000000
28071  -19.992  -12.976  -9.290 0.0000000000
27317  -20.083  -13.020  -9.252 0.0000000000
28072  -20.243  -12.966  -9.341 0.0000000000
28083  -20.708  -13.011  -9.662 0.0000000000
28084  -20.955  -12.982  -9.877 0.0000000000
28092  -21.035  -12.988  -9.956 0.0000000000
28093  -21.165  -12.963  -10.019 0.0000000000
28101  -21.199  -12.975  -10.048 0.0000000000
27345  -21.629  -12.998  -10.553 0.0000000000
28102  -21.492  -12.865  -10.292 0.0000000000
28115  -21.657  -12.986  -10.814 0.0000000000
28131  -21.660  -12.973  -10.994 0.0000000000
27379  -21.537  -13.065  -11.274 0.0000000000
28139  -21.599  -13.009  -11.416 0.0000000000
28062  -19.401  -12.983  -8.983 0.0000000000
28803  -19.754  -12.490  -9.001 0.0000000000
28804  -19.950  -12.453  -9.049 0.0000000000
28814  -19.907  -12.675  -9.201 0.0000000000
28815  -20.022  -12.474  -9.160 0.0000000000
28816  -20.507  -12.527  -9.406 0.0000000000
28829  -20.927  -12.560  -9.692 0.0000000000
28830  -21.035  -12.458  -9.703 0.0000000000
28085  -21.088  -12.907  -9.912 0.0000000000
28831  -21.213  -12.519  -9.769 0.0000000000
28838  -21.444  -12.470  -9.980 0.0000000000
28094  -21.432  -12.743  -10.066 0.0000000000
28839  -21.728  -12.425  -10.087 0.0000000000
28848  -21.877  -12.673  -10.295 0.0000000000
28103  -21.812  -12.835  -10.711 0.0000000000
28116  -21.909  -12.769  -11.019 0.0000000000
28849  -21.993  -12.243  -10.527 0.0000000000
28863  -22.010  -12.370  -10.967 0.0000000000
28132  -21.906  -12.688  -11.036 0.0000000000
28872  -21.826  -12.649  -11.016 0.0000000000
28873  -21.980  -12.340  -11.012 0.0000000000
28880  -21.916  -12.482  -11.518 0.0000000000
28879  -21.045  -12.511  -11.479 0.0000000000
28802  -19.180  -12.918  -8.953 0.0000000000
28799  -19.424  -12.290  -8.723 0.0000000000
28798  -19.162  -12.360  -8.568 0.0000000000
29522  -19.887  -12.057  -8.897 0.0000000000
29523  -20.002  -12.099  -8.957 0.0000000000
28805  -20.068  -12.178  -9.024 0.0000000000
29524  -20.123  -11.947  -8.960 0.0000000000
29533  -20.081  -12.004  -9.019 0.0000000000
29534  -20.250  -12.041  -9.182 0.0000000000
29549  -20.894  -12.080  -9.572 0.0000000000
29550  -20.967  -12.097  -9.598 0.0000000000
29551  -21.082  -11.982  -9.566 0.0000000000
29560  -21.440  -12.107  -9.841 0.0000000000
29561  -21.742  -12.026  -9.968 0.0000000000
28840  -21.995  -12.066  -10.092 0.0000000000
29562  -21.978  -12.005  -10.031 0.0000000000
29575  -22.091  -12.157  -10.251 0.0000000000
29589  -22.101  -12.174  -10.685 0.0000000000
29599  -22.077  -12.124  -11.031 0.0000000000
28866  -14.003  -12.791  -11.078 0.0000000000
28876  -14.022  -12.464  -11.251 0.0000000000
29594  -14.007  -12.071  -11.130 0.0000000000
29603  -14.022  -12.110  -11.212 0.0000000000
28881  -21.897  -12.307  -11.112 0.0000000000
29608  -22.002  -12.076  -11.164 0.0000000000
28875  -13.998  -12.279  -11.445 0.0000000000
29606  -21.022  -12.007  -11.467 0.0000000000
29607  -21.653  -11.991  -11.558 0.0000000000
29518  -19.336  -11.981  -8.612 0.0000000000
29519  -19.877  -11.982  -8.843 0.0000000000
30260  -20.022  -11.985  -8.757 0.0000000000
30262  -19.986  -11.977  -8.950 0.0000000000
30263  -20.143  -11.790  -9.059 0.0000000000
30271  -20.166  -12.010  -9.083 0.0000000000
30272  -20.461  -11.907  -9.293 0.0000000000
29535  -20.893  -11.998  -9.476 0.0000000000
30273  -20.945  -11.824  -9.426 0.0000000000
30289  -20.988  -12.010  -9.614 0.0000000000
30290  -21.164  -11.955  -9.705 0.0000000000
29552  -21.413  -12.038  -9.769 0.0000000000
30291  -21.697  -11.969  -9.958 0.0000000000
30306  -21.839  -11.983  -10.032 0.0000000000
30307  -21.991  -11.889  -10.048 0.0000000000
29563  -22.085  -11.995  -9.983 0.0000000000
29576  -22.209  -12.088  -10.321 0.0000000000
30308  -22.085  -11.864  -10.010 0.0000000000
30333  -14.092  -12.020  -11.043 0.0000000000
30343  -14.077  -11.950  -11.262 0.0000000000
29602  -13.733  -12.018  -11.359 0.0000000000
30259  -19.675  -11.985  -8.614 0.0000000000
31032  -20.053  -11.325  -8.643 0.0000000000
31036  -19.992  -11.738  -8.871 0.0000000000
31037  -20.163  -11.432  -8.878 0.0000000000
30264  -20.352  -11.640  -9.184 0.0000000000
31038  -20.565  -11.341  -9.012 0.0000000000
31049  -20.658  -11.576  -9.241 0.0000000000
31050  -21.006  -11.127  -9.282 0.0000000000
30274  -21.085  -11.659  -9.374 0.0000000000
31051  -21.434  -11.388  -9.427 0.0000000000
31073  -21.587  -11.891  -9.755 0.0000000000
31074  -21.987  -11.466  -9.778 0.0000000000
30292  -21.988  -11.884  -9.992 0.0000000000
31075  -22.103  -11.459  -9.870 0.0000000000
31090  -22.017  -11.585  -10.008 0.0000000000
31103  -14.166  -11.424  -10.995 0.0000000000
31110  -14.262  -11.377  -11.144 0.0000000000
30344  -14.230  -11.788  -11.297 0.0000000000
30342  -13.308  -11.989  -11.343 0.0000000000
30350  -13.763  -11.813  -11.524 0.0000000000
30351  -14.003  -11.648  -11.700 0.0000000000
31119  -14.000  -11.314  -11.467 0.0000000000
31120  -14.148  -11.347  -11.368 0.0000000000
31118  -13.415  -11.626  -11.629 0.0000000000
31128  -13.607  -11.350  -11.772 0.0000000000
31129  -13.991  -11.147  -11.775 0.0000000000
31031  -19.771  -11.369  -8.546 0.0000000000
31028  -19.836  -11.017  -8.368 0.0000000000
31027  -19.457  -11.264  -8.123 0.0000000000
31675  -19.982  -11.005  -8.451 0.0000000000
31678  -19.993  -10.987  -8.550 0.0000000000
31033  -20.091  -11.088  -8.616 0.0000000000
31679  -20.355  -11.038  -8.725 0.0000000000
31682  -20.282  -10.990  -8.997 0.0000000000
31683  -20.811  -10.998  -8.992 0.0000000000
31039  -20.904  -11.010  -8.995 0.0000000000
31684  -20.932  -10.950  -8.956 0.0000000000
31699  -21.031  -10.997  -9.022 0.0000000000
31700  -21.151  -11.005  -9.162 0.0000000000
31052  -21.911  -11.106  -9.548 0.0000000000
31701  -21.879  -10.989  -9.390 0.0000000000
31722  -21.997  -11.035  -9.635 0.0000000000
31723  -22.025  -11.096  -9.522 0.0000000000
31746  -14.171  -10.985  -10.977 0.0000000000
31753  -14.358  -10.996  -10.983 0.0000000000
31762  -14.188  -11.071  -11.415 0.0000000000
31117  -13.017  -11.291  -11.578 0.0000000000
31761  -14.073  -11.032  -11.645 0.0000000000
31772  -13.970  -11.050  -11.726 0.0000000000
31127  -13.232  -11.103  -11.743 0.0000000000
31771  -13.431  -11.017  -11.796 0.0000000000
31674  -19.557  -11.020  -8.267 0.0000000000
32318  -19.868  -10.696  -8.314 0.0000000000
32322  -19.969  -10.922  -8.469 0.0000000000
32323  -20.012  -10.732  -8.468 0.0000000000
31680  -20.591  -10.968  -8.833 0.0000000000
32324  -20.433  -10.603  -8.629 0.0000000000
32333  -20.756  -10.975  -8.920 0.0000000000
32334  -20.985  -10.863  -8.959 0.0000000000
31685  -21.020  -10.955  -8.997 0.0000000000
32335  -21.181  -10.709  -9.003 0.0000000000
32351  -21.277  -10.988  -9.016 0.0000000000
32352  -21.596  -10.655  -9.188 0.0000000000
32392  -14.229  -10.834  -10.712 0.0000000000
32399  -14.209  -10.808  -11.000 0.0000000000
32406  -14.199  -10.826  -11.170 0.0000000000
31773  -14.062  -10.976  -11.411 0.0000000000
31770  -13.061  -10.915  -11.642 0.0000000000
32414  -13.028  -10.797  -11.811 0.0000000000
32415  -13.570  -10.967  -11.757 0.0000000000
32416  -14.008  -10.963  -11.789 0.0000000000
32417  -14.220  -10.605  -11.615 0.0000000000
32317  -19.532  -10.718  -8.110 0.0000000000
32980  -19.787  -10.296  -8.082 0.0000000000
32319  -19.980  -10.545  -8.341 0.0000000000
32981  -19.984  -10.207  -8.194 0.0000000000
32985  -19.995  -10.278  -8.178 0.0000000000
32986  -20.196  -10.152  -8.382 0.0000000000
32325  -21.027  -10.595  -8.799 0.0000000000
32987  -20.917  -10.079  -8.580 0.0000000000
32998  -21.016  -10.373  -8.786 0.0000000000
32999  -21.166  -10.350  -8.820 0.0000000000
32336  -21.710  -10.900  -8.996 0.0000000000
33000  -21.659  -10.179  -8.963 0.0000000000
33046  -14.236  -10.393  -10.371 0.0000000000
33051  -14.182  -10.317  -10.925 0.0000000000
33058  -14.244  -10.308  -11.002 0.0000000000
33068  -14.362  -10.338  -11.263 0.0000000000
32418  -13.162  -10.740  -11.840 0.0000000000
32419  -13.798  -10.759  -11.976 0.0000000000
32420  -14.079  -10.457  -12.005 0.0000000000
33079  -14.106  -10.315  -11.934 0.0000000000
33080  -14.253  -10.092  -11.928 0.0000000000
33081  -13.366  -10.312  -12.126 0.0000000000
33082  -13.797  -10.251  -12.123 0.0000000000
33083  -13.976  -10.144  -12.112 0.0000000000
32979  -19.591  -10.477  -8.011 0.0000000000
32969  -19.877  -10.126  -8.039 0.0000000000
33644  -19.870  -10.003  -8.117 0.0000000000
33645  -20.005  -9.946  -8.300 0.0000000000
33655  -20.208  -10.047  -8.288 0.0000000000
33656  -20.671  -9.963  -8.553 0.0000000000
33657  -20.900  -10.006  -8.637 0.0000000000
32988  -20.990  -10.090  -8.652 0.0000000000
33658  -21.033  -10.006  -8.571 0.0000000000
33672  -21.295  -10.008  -8.921 0.0000000000
33706  -14.431  -9.990  -10.005 0.0000000000
33707  -14.868  -10.000  -9.969 0.0000000000
33708  -14.997  -10.020  -9.982 0.0000000000
33719  -14.219  -9.999  -10.523 0.0000000000
33726  -14.203  -9.984  -10.945 0.0000000000
33733  -14.283  -9.986  -10.999 0.0000000000
33742  -14.207  -9.983  -11.458 0.0000000000
33084  -14.082  -10.105  -12.113 0.0000000000
33752  -14.050  -9.972  -12.048 0.0000000000
33754  -13.645  -9.993  -12.129 0.0000000000
33755  -13.942  -9.908  -11.996 0.0000000000
33756  -13.998  -10.004  -11.927 0.0000000000
33635  -19.832  -10.015  -7.989 0.0000000000
34285  -19.977  -9.753  -8.075 0.0000000000
34291  -19.954  -9.864  -8.141 0.0000000000
34292  -20.024  -9.940  -8.167 0.0000000000
33646  -20.253  -9.925  -8.315 0.0000000000
34293  -20.535  -9.655  -8.248 0.0000000000
34304  -20.953  -9.875  -8.559 0.0000000000
34305  -21.005  -9.829  -8.513 0.0000000000
34349  -15.010  -9.709  -9.742 0.0000000000
34348  -15.008  -9.560  -9.988 0.0000000000
34357  -14.592  -9.643  -9.999 0.0000000000
34356  -14.239  -9.970  -10.113 0.0000000000
34358  -14.922  -9.782  -9.938 0.0000000000
34369  -14.016  -9.695  -10.663 0.0000000000
34379  -14.196  -9.720  -10.970 0.0000000000
34386  -14.429  -9.691  -11.020 0.0000000000
34395  -14.293  -9.794  -11.582 0.0000000000
34405  -14.134  -9.846  -12.010 0.0000000000
34410  -14.025  -9.873  -11.880 0.0000000000
34409  -13.946  -9.826  -11.948 0.0000000000
34284  -19.800  -9.880  -8.018 0.0000000000
34280  -19.985  -9.599  -7.998 0.0000000000
34982  -20.040  -9.416  -7.805 0.0000000000
34988  -20.020  -9.700  -7.972 0.0000000000
34286  -20.034  -9.791  -8.044 0.0000000000
34989  -20.254  -9.594  -7.926 0.0000000000
34287  -20.164  -9.630  -8.049 0.0000000000
34990  -20.716  -9.288  -8.011 0.0000000000
34995  -20.997  -9.207  -8.204 0.0000000000
34294  -20.941  -9.514  -8.296 0.0000000000
34996  -21.029  -9.183  -8.137 0.0000000000
34295  -21.037  -9.476  -8.238 0.0000000000
34306  -21.120  -9.875  -8.669 0.0000000000
35036  -15.659  -9.216  -9.134 0.0000000000
35035  -15.197  -9.190  -9.598 0.0000000000
35047  -14.988  -9.289  -9.773 0.0000000000
35046  -14.943  -8.983  -9.864 0.0000000000
35055  -14.969  -9.409  -10.055 0.0000000000
34370  -14.288  -9.869  -10.052 0.0000000000
35054  -14.774  -9.067  -9.987 0.0000000000
35065  -14.412  -9.336  -10.132 0.0000000000
35064  -14.052  -9.017  -10.584 0.0000000000
35078  -14.084  -9.253  -10.967 0.0000000000
35088  -14.256  -9.234  -11.014 0.0000000000
35096  -14.333  -9.286  -11.358 0.0000000000
35105  -14.163  -9.212  -11.968 0.0000000000
35114  -14.042  -9.637  -12.135 0.0000000000
34981  -19.938  -9.439  -7.863 0.0000000000
34977  -19.975  -9.046  -7.108 0.0000000000
34976  -19.731  -9.366  -7.472 0.0000000000
34983  -20.354  -9.161  -7.568 0.0000000000
34978  -20.010  -8.987  -7.060 0.0000000000
35718  -20.382  -8.995  -7.401 0.0000000000
34984  -20.781  -9.011  -7.795 0.0000000000
35719  -20.702  -8.951  -7.555 0.0000000000
35726  -20.955  -8.995  -7.913 0.0000000000
34991  -20.998  -9.002  -8.014 0.0000000000
35727  -21.015  -8.991  -7.923 0.0000000000
35735  -21.016  -8.978  -8.016 0.0000000000
35760  -16.002  -9.036  -8.995 0.0000000000
35759  -15.895  -9.023  -9.021 0.0000000000
35774  -15.754  -9.004  -9.149 0.0000000000
35761  -16.138  -8.992  -8.979 0.0000000000
35762  -16.580  -9.017  -8.964 0.0000000000
35763  -17.007  -9.001  -8.982 0.0000000000
35764  -17.045  -9.012  -8.832 0.0000000000
35765  -17.588  -8.996  -8.968 0.0000000000
35766  -17.990  -8.992  -8.941 0.0000000000
35767  -18.087  -8.983  -9.020 0.0000000000
35768  -18.530  -9.019  -9.016 0.0000000000
35776  -18.925  -8.983  -9.256 0.0000000000
35773  -15.348  -9.005  -9.386 0.0000000000
35785  -15.028  -8.999  -9.733 0.0000000000
35777  -19.009  -8.968  -9.309 0.0000000000
35048  -19.251  -8.979  -9.603 0.0000000000
35786  -19.265  -9.002  -9.389 0.0000000000
35784  -14.968  -9.007  -9.780 0.0000000000
35795  -14.888  -8.900  -9.922 0.0000000000
35794  -14.794  -8.892  -10.017 0.0000000000
35803  -14.596  -9.014  -10.128 0.0000000000
35802  -14.368  -8.990  -10.396 0.0000000000
35818  -14.192  -9.013  -10.889 0.0000000000
35832  -14.211  -9.009  -11.031 0.0000000000
35841  -14.259  -8.986  -11.367 0.0000000000
35713  -20.106  -9.041  -7.019 0.0000000000
35714  -20.513  -9.058  -7.032 0.0000000000
36470  -20.803  -8.649  -7.277 0.0000000000
35720  -21.014  -8.983  -7.822 0.0000000000
36471  -20.982  -8.499  -7.625 0.0000000000
35775  -15.948  -8.943  -9.097 0.0000000000
36509  -15.995  -8.970  -9.050 0.0000000000
36510  -16.235  -8.963  -9.022 0.0000000000
36511  -16.798  -8.816  -9.034 0.0000000000
36512  -16.995  -8.715  -8.958 0.0000000000
36513  -17.304  -8.758  -9.015 0.0000000000
36514  -17.867  -8.793  -8.983 0.0000000000
36515  -18.012  -8.643  -8.953 0.0000000000
36516  -18.279  -8.604  -8.973 0.0000000000
36517  -18.719  -8.990  -8.991 0.0000000000
36520  -15.571  -8.994  -9.310 0.0000000000
36521  -15.980  -8.723  -9.214 0.0000000000
36522  -16.022  -8.477  -9.306 0.0000000000
36525  -19.016  -8.756  -9.306 0.0000000000
36526  -19.090  -8.713  -9.326 0.0000000000
36531  -14.971  -8.580  -9.801 0.0000000000
36532  -15.037  -8.576  -9.714 0.0000000000
36544  -14.812  -8.601  -9.992 0.0000000000
36545  -14.920  -8.605  -9.887 0.0000000000
36556  -14.233  -8.975  -10.708 0.0000000000
36557  -14.488  -8.645  -10.191 0.0000000000
36567  -14.195  -8.659  -10.970 0.0000000000
36580  -14.282  -8.705  -11.039 0.0000000000
36463  -20.759  -8.848  -6.998 0.0000000000
36464  -20.946  -8.249  -7.133 0.0000000000
36523  -16.088  -8.796  -9.017 0.0000000000
37301  -16.606  -8.496  -8.982 0.0000000000
37302  -16.966  -8.243  -8.975 0.0000000000
37303  -17.090  -8.321  -8.963 0.0000000000
37304  -17.485  -8.322  -8.979 0.0000000000
37305  -17.865  -8.270  -8.971 0.0000000000
37306  -18.016  -8.178  -8.998 0.0000000000
37307  -18.018  -8.318  -9.005 0.0000000000
36524  -18.593  -8.551  -9.202 0.0000000000
37315  -18.254  -8.192  -9.219 0.0000000000
36533  -15.788  -8.386  -9.343 0.0000000000
37311  -15.994  -8.226  -9.419 0.0000000000
37310  -15.990  -8.152  -9.391 0.0000000000
37312  -16.288  -8.127  -9.293 0.0000000000
37316  -18.838  -8.212  -9.487 0.0000000000
37317  -19.015  -8.369  -9.459 0.0000000000
37322  -15.214  -8.051  -9.926 0.0000000000
37321  -15.157  -8.342  -9.929 0.0000000000
37338  -14.997  -8.299  -9.976 0.0000000000
37323  -15.784  -8.019  -9.645 0.0000000000
37337  -14.980  -8.180  -9.949 0.0000000000
37352  -14.806  -8.216  -10.009 0.0000000000
36568  -14.253  -8.610  -10.874 0.0000000000
37360  -14.398  -8.227  -10.695 0.0000000000
37359  -14.224  -8.205  -10.995 0.0000000000
37372  -14.356  -8.261  -10.982 0.0000000000
37313  -16.930  -8.118  -9.009 0.0000000000
38128  -17.004  -8.019  -9.053 0.0000000000
38127  -16.965  -8.035  -9.145 0.0000000000
38138  -16.835  -8.011  -9.140 0.0000000000
38129  -17.117  -8.013  -8.994 0.0000000000
38130  -17.600  -8.030  -9.011 0.0000000000
38131  -18.005  -7.990  -9.140 0.0000000000
37314  -18.076  -8.027  -9.170 0.0000000000
38142  -17.988  -7.929  -9.216 0.0000000000
37324  -16.004  -8.009  -9.478 0.0000000000
38137  -16.178  -8.006  -9.383 0.0000000000
38136  -16.020  -8.015  -9.505 0.0000000000
38152  -15.979  -8.008  -9.594 0.0000000000
38143  -18.170  -7.948  -9.263 0.0000000000
38144  -18.610  -8.004  -9.339 0.0000000000
37339  -15.147  -8.094  -10.009 0.0000000000
38151  -15.613  -7.800  -9.827 0.0000000000
38150  -15.270  -8.006  -9.987 0.0000000000
37353  -14.951  -7.992  -10.067 0.0000000000
38166  -15.035  -8.053  -10.113 0.0000000000
38167  -15.237  -7.918  -10.048 0.0000000000
38178  -14.804  -7.996  -10.276 0.0000000000
38179  -14.972  -7.931  -10.283 0.0000000000
38187  -14.371  -7.999  -10.936 0.0000000000
38188  -14.501  -8.014  -10.720 0.0000000000
38139  -17.019  -7.968  -9.073 0.0000000000
38140  -17.177  -8.002  -9.067 0.0000000000
38141  -17.737  -7.999  -9.131 0.0000000000
38153  -16.047  -7.957  -9.542 0.0000000000
39043  -16.625  -7.963  -9.294 0.0000000000
39060  -16.337  -7.652  -9.580 0.0000000000
39044  -16.846  -7.663  -9.341 0.0000000000
39045  -17.035  -7.716  -9.279 0.0000000000
39046  -17.276  -7.915  -9.151 0.0000000000
39047  -17.988  -7.722  -9.335 0.0000000000
39048  -18.002  -7.581  -9.323 0.0000000000
39049  -18.064  -7.606  -9.355 0.0000000000
38155  -18.833  -8.009  -9.593 0.0000000000
38154  -18.549  -7.746  -9.562 0.0000000000
39063  -18.305  -7.493  -9.628 0.0000000000
38168  -15.638  -7.986  -9.985 0.0000000000
39059  -15.927  -7.526  -9.845 0.0000000000
39058  -15.735  -7.579  -9.873 0.0000000000
39075  -15.769  -7.465  -9.986 0.0000000000
38180  -15.037  -7.997  -10.216 0.0000000000
39074  -15.538  -7.676  -10.024 0.0000000000
39086  -15.211  -7.608  -10.423 0.0000000000
38189  -15.000  -8.002  -10.686 0.0000000000
39085  -14.986  -7.719  -10.497 0.0000000000
39095  -14.949  -7.570  -10.885 0.0000000000
39061  -16.697  -7.375  -9.521 0.0000000000
39991  -17.010  -7.350  -9.404 0.0000000000
40010  -16.975  -7.090  -9.556 0.0000000000
39992  -17.059  -7.288  -9.459 0.0000000000
39993  -17.741  -7.050  -9.673 0.0000000000
39994  -17.960  -7.355  -9.581 0.0000000000
39995  -17.986  -7.352  -9.539 0.0000000000
39062  -18.010  -7.344  -9.451 0.0000000000
39076  -15.965  -7.243  -9.985 0.0000000000
40008  -16.031  -7.228  -9.859 0.0000000000
40025  -15.933  -7.183  -9.987 0.0000000000
40009  -16.427  -6.986  -9.748 0.0000000000
40014  -18.062  -6.991  -9.803 0.0000000000
39087  -15.666  -7.425  -10.083 0.0000000000
40024  -15.927  -7.061  -9.985 0.0000000000
40037  -15.775  -7.163  -10.067 0.0000000000
39096  -14.986  -7.507  -10.746 0.0000000000
40036  -15.450  -7.014  -10.355 0.0000000000
40044  -14.999  -7.139  -10.799 0.0000000000
40011  -17.032  -7.025  -9.676 0.0000000000
40012  -17.484  -7.014  -9.728 0.0000000000
40013  -17.977  -6.932  -9.755 0.0000000000
40026  -16.209  -7.032  -10.007 0.0000000000
40961  -16.918  -6.970  -9.802 0.0000000000
40960  -16.609  -6.964  -9.798 0.0000000000
40979  -16.390  -6.909  -9.911 0.0000000000
40962  -17.035  -6.982  -9.783 0.0000000000
40963  -17.560  -6.998  -9.794 0.0000000000
40964  -17.970  -6.974  -9.870 0.0000000000
40965  -17.997  -6.914  -9.787 0.0000000000
40978  -16.030  -6.986  -9.986 0.0000000000
40977  -15.915  -7.010  -10.103 0.0000000000
41000  -15.829  -6.936  -10.127 0.0000000000
40999  -15.413  -7.011  -10.538 0.0000000000
40980  -16.801  -6.822  -9.933 0.0000000000
40981  -16.986  -6.980  -9.975 0.0000000000
40982  -17.484  -7.022  -10.013 0.0000000000
40983  -17.866  -6.833  -9.944 0.0000000000
40984  -18.014  -6.873  -9.921 0.0000000000
41001  -15.981  -6.951  -10.069 0.0000000000
41901  -16.267  -6.812  -9.977 0.0000000000
41900  -16.014  -6.858  -10.053 0.0000000000
41919  -15.975  -6.543  -10.346 0.0000000000
41902  -16.829  -6.628  -10.000 0.0000000000
41903  -17.015  -6.583  -9.960 0.0000000000
41904  -17.229  -6.330  -9.963 0.0000000000
41905  -17.853  -6.721  -10.077 0.0000000000
41906  -17.980  -6.847  -10.021 0.0000000000
41920  -16.323  -6.439  -10.240 0.0000000000
41921  -16.744  -6.516  -10.007 0.0000000000
42817  -16.986  -6.376  -10.065 0.0000000000
42816  -16.977  -6.385  -10.007 0.0000000000
42831  -16.833  -6.137  -10.233 0.0000000000
42818  -17.061  -6.369  -10.173 0.0000000000
41923  -17.883  -6.439  -10.322 0.0000000000
41922  -17.675  -6.004  -10.467 0.0000000000
42833  -17.061  -6.018  -10.346 0.0000000000
41924  -17.918  -6.410  -10.346 0.0000000000
42834  -17.762  -6.014  -10.539 0.0000000000
42835  -17.941  -6.260  -10.466 0.0000000000
42832  -17.027  -6.039  -10.272 0.0000000000
36459  -20.620  -8.602  -7.009 0.0000000000
35709  -20.523  -8.782  -7.003 0.0000000000
36460  -20.884  -8.462  -7.006 0.0000000000
37245  -20.837  -8.470  -6.984 0.0000000000
37246  -21.025  -8.303  -6.896 0.0000000000
36458  -20.320  -8.775  -6.837 0.0000000000
35708  -20.161  -8.958  -6.991 0.0000000000
36456  -20.684  -8.194  -6.656 0.0000000000
37240  -20.962  -8.260  -6.768 0.0000000000
36455  -20.317  -8.673  -6.172 0.0000000000
35704  -20.026  -8.986  -6.417 0.0000000000
36452  -20.629  -8.353  -6.059 0.0000000000
37236  -20.869  -8.157  -6.217 0.0000000000
36451  -20.288  -8.718  -5.985 0.0000000000
35700  -20.061  -8.958  -6.071 0.0000000000
36447  -20.604  -8.403  -5.994 0.0000000000
37231  -20.912  -8.105  -5.967 0.0000000000
36446  -20.168  -8.848  -5.746 0.0000000000
35695  -20.056  -8.959  -5.944 0.0000000000
36442  -20.275  -8.196  -5.314 0.0000000000
37217  -20.915  -8.093  -5.554 0.0000000000
36441  -20.197  -8.883  -5.168 0.0000000000
35691  -20.064  -8.960  -5.483 0.0000000000
36432  -20.446  -8.801  -5.011 0.0000000000
37202  -20.776  -8.249  -5.033 0.0000000000
36431  -20.263  -8.965  -4.997 0.0000000000
35683  -20.184  -8.997  -5.044 0.0000000000
36423  -20.534  -8.692  -4.747 0.0000000000
35675  -20.325  -8.993  -4.891 0.0000000000
35684  -20.249  -8.992  -4.979 0.0000000000
37191  -20.580  -8.336  -4.987 0.0000000000
35712  -20.004  -9.024  -6.992 0.0000000000
35707  -20.074  -9.049  -6.933 0.0000000000
35703  -19.990  -8.962  -6.657 0.0000000000
34973  -19.947  -9.012  -6.757 0.0000000000
35699  -20.042  -8.958  -6.238 0.0000000000
34968  -19.989  -9.003  -6.369 0.0000000000
35694  -20.005  -9.002  -6.026 0.0000000000
34963  -19.985  -8.999  -6.095 0.0000000000
35690  -20.009  -9.005  -5.733 0.0000000000
34957  -20.047  -9.029  -5.975 0.0000000000
35682  -20.005  -9.015  -5.315 0.0000000000
34952  -19.992  -9.011  -5.593 0.0000000000
35674  -20.249  -9.018  -5.010 0.0000000000
34946  -20.145  -9.094  -5.023 0.0000000000
34945  -19.989  -9.117  -5.170 0.0000000000
35665  -20.361  -8.824  -4.281 0.0000000000
35664  -20.287  -9.018  -4.700 0.0000000000
34939  -20.133  -9.194  -5.004 0.0000000000
34932  -20.725  -8.969  -4.288 0.0000000000
34931  -20.238  -9.315  -4.387 0.0000000000
34279  -19.632  -9.687  -7.786 0.0000000000
34972  -19.758  -9.251  -6.963 0.0000000000
34275  -19.411  -9.721  -7.222 0.0000000000
34967  -19.832  -9.190  -6.413 0.0000000000
34971  -19.248  -9.650  -7.005 0.0000000000
34271  -19.204  -9.732  -7.011 0.0000000000
34966  -19.206  -9.509  -6.729 0.0000000000
34270  -18.986  -9.864  -6.889 0.0000000000
34962  -19.885  -9.093  -6.092 0.0000000000
34961  -19.381  -9.295  -6.040 0.0000000000
34267  -18.992  -9.660  -6.430 0.0000000000
34956  -19.805  -9.210  -5.937 0.0000000000
34955  -19.165  -9.534  -5.922 0.0000000000
34264  -18.993  -9.666  -5.987 0.0000000000
34951  -19.869  -9.121  -5.481 0.0000000000
34260  -19.357  -9.330  -5.832 0.0000000000
34259  -19.046  -9.878  -5.731 0.0000000000
34944  -19.692  -9.326  -5.005 0.0000000000
34255  -19.265  -9.689  -5.239 0.0000000000
34938  -19.982  -9.212  -4.944 0.0000000000
34937  -19.579  -9.540  -4.850 0.0000000000
34250  -19.340  -9.971  -5.026 0.0000000000
34930  -20.022  -9.399  -4.368 0.0000000000
34245  -19.804  -9.580  -4.601 0.0000000000
34244  -19.532  -9.836  -4.632 0.0000000000
34921  -20.395  -9.590  -4.042 0.0000000000
34233  -20.019  -9.851  -4.058 0.0000000000
34240  -19.982  -9.767  -4.152 0.0000000000
34922  -20.745  -9.231  -3.989 0.0000000000
34239  -19.861  -9.846  -4.232 0.0000000000
34234  -20.365  -9.907  -4.008 0.0000000000
33634  -19.744  -9.998  -7.958 0.0000000000
33630  -19.379  -9.993  -7.456 0.0000000000
34274  -19.066  -9.921  -7.003 0.0000000000
33626  -19.069  -9.949  -7.073 0.0000000000
33625  -19.001  -9.985  -6.964 0.0000000000
34269  -18.815  -9.854  -6.675 0.0000000000
33621  -18.908  -10.044  -6.999 0.0000000000
34266  -18.836  -9.809  -6.264 0.0000000000
33617  -18.782  -10.020  -6.505 0.0000000000
33620  -18.853  -10.004  -6.849 0.0000000000
34263  -18.870  -9.827  -5.927 0.0000000000
33613  -18.704  -9.928  -6.033 0.0000000000
34258  -18.937  -9.902  -5.806 0.0000000000
33608  -18.835  -10.003  -5.791 0.0000000000
34254  -19.115  -9.963  -5.215 0.0000000000
33604  -19.012  -10.015  -5.544 0.0000000000
33609  -18.971  -9.951  -5.742 0.0000000000
34249  -19.219  -9.912  -5.080 0.0000000000
33599  -19.117  -10.121  -5.096 0.0000000000
33594  -19.236  -10.038  -4.960 0.0000000000
33600  -19.265  -10.005  -4.988 0.0000000000
34238  -19.713  -9.995  -4.373 0.0000000000
33588  -19.531  -9.980  -4.632 0.0000000000
34232  -19.969  -9.995  -4.118 0.0000000000
33583  -19.972  -10.040  -4.218 0.0000000000
33589  -19.911  -10.031  -4.258 0.0000000000
33584  -20.024  -10.008  -4.034 0.0000000000
33585  -20.290  -10.016  -4.007 0.0000000000
32968  -19.550  -10.429  -8.019 0.0000000000
32956  -19.639  -10.054  -7.862 0.0000000000
33629  -19.040  -10.012  -7.062 0.0000000000
32955  -19.009  -10.453  -7.322 0.0000000000
32948  -19.015  -10.016  -7.103 0.0000000000
33624  -18.988  -10.069  -7.074 0.0000000000
32947  -18.786  -9.995  -7.087 0.0000000000
32943  -18.842  -10.101  -6.982 0.0000000000
32940  -18.867  -10.126  -6.900 0.0000000000
33616  -18.726  -10.070  -6.171 0.0000000000
32939  -18.360  -10.424  -6.560 0.0000000000
33612  -18.658  -10.141  -6.112 0.0000000000
32937  -18.542  -10.405  -6.076 0.0000000000
33607  -18.618  -10.054  -6.012 0.0000000000
32934  -18.434  -10.488  -5.981 0.0000000000
33603  -18.978  -10.019  -5.256 0.0000000000
32931  -18.869  -10.109  -5.392 0.0000000000
32935  -18.588  -10.035  -5.966 0.0000000000
33598  -18.989  -10.150  -5.076 0.0000000000
32926  -18.918  -10.368  -5.030 0.0000000000
33593  -19.134  -10.137  -4.992 0.0000000000
32921  -19.036  -10.398  -4.918 0.0000000000
32927  -19.018  -10.188  -4.976 0.0000000000
32915  -19.524  -10.242  -4.553 0.0000000000
32922  -19.240  -10.195  -4.758 0.0000000000
32903  -19.964  -10.262  -4.139 0.0000000000
32916  -19.887  -10.244  -4.200 0.0000000000
32904  -19.983  -10.176  -3.995 0.0000000000
32314  -19.379  -10.871  -8.022 0.0000000000
32967  -19.265  -10.584  -7.866 0.0000000000
32313  -19.341  -10.968  -7.956 0.0000000000
32302  -19.032  -10.963  -7.680 0.0000000000
32954  -19.013  -10.066  -7.466 0.0000000000
32301  -18.945  -10.639  -7.848 0.0000000000
32291  -18.906  -10.453  -7.259 0.0000000000
32946  -18.581  -10.591  -7.004 0.0000000000
32290  -18.610  -10.706  -7.187 0.0000000000
32942  -18.443  -10.661  -6.965 0.0000000000
32283  -18.398  -10.906  -6.986 0.0000000000
32279  -18.115  -10.900  -6.710 0.0000000000
32275  -18.331  -10.898  -6.197 0.0000000000
32271  -18.181  -10.794  -5.982 0.0000000000
32930  -18.401  -10.627  -5.667 0.0000000000
32267  -18.112  -10.851  -5.664 0.0000000000
32925  -18.762  -10.466  -5.051 0.0000000000
32262  -18.488  -10.811  -5.038 0.0000000000
32920  -18.955  -10.385  -4.956 0.0000000000
32258  -18.878  -10.639  -4.807 0.0000000000
32263  -18.729  -10.670  -4.914 0.0000000000
32914  -19.031  -10.687  -4.670 0.0000000000
32247  -19.119  -10.883  -4.636 0.0000000000
32259  -18.990  -10.765  -4.767 0.0000000000
32249  -19.980  -10.713  -4.143 0.0000000000
32248  -19.845  -10.859  -4.285 0.0000000000
32233  -20.264  -10.726  -4.035 0.0000000000
32232  -19.982  -10.779  -4.074 0.0000000000
32905  -20.329  -10.282  -3.952 0.0000000000
31671  -19.344  -11.001  -8.030 0.0000000000
31670  -19.239  -11.065  -7.992 0.0000000000
31662  -19.079  -10.935  -7.785 0.0000000000
31661  -19.047  -11.068  -7.746 0.0000000000
31650  -18.950  -10.981  -7.317 0.0000000000
31649  -18.565  -11.008  -7.228 0.0000000000
32282  -18.247  -10.993  -7.120 0.0000000000
31638  -18.374  -10.951  -7.042 0.0000000000
32278  -18.267  -11.007  -6.947 0.0000000000
31637  -18.261  -11.077  -7.005 0.0000000000
32274  -18.099  -10.994  -6.331 0.0000000000
32270  -18.094  -11.019  -6.001 0.0000000000
32266  -18.094  -10.959  -5.916 0.0000000000
31673  -19.366  -11.030  -8.047 0.0000000000
31026  -19.124  -11.370  -8.005 0.0000000000
31669  -19.101  -11.252  -7.921 0.0000000000
31024  -19.085  -11.488  -7.983 0.0000000000
31023  -18.998  -11.483  -7.919 0.0000000000
31660  -18.884  -11.024  -7.621 0.0000000000
31019  -18.997  -11.239  -7.947 0.0000000000
31018  -18.631  -11.261  -7.695 0.0000000000
31648  -18.246  -11.148  -7.084 0.0000000000
31008  -18.229  -11.309  -7.114 0.0000000000
30256  -19.145  -11.863  -8.361 0.0000000000
30255  -19.058  -11.879  -8.238 0.0000000000
30252  -19.096  -11.759  -8.003 0.0000000000
30251  -18.983  -11.929  -8.032 0.0000000000
31022  -18.832  -11.474  -7.994 0.0000000000
30250  -18.730  -11.873  -7.993 0.0000000000
29601  -13.050  -12.039  -11.257 0.0000000000
30341  -13.019  -11.871  -11.345 0.0000000000
30258  -19.229  -11.994  -8.477 0.0000000000
29517  -19.018  -12.015  -8.311 0.0000000000
30254  -18.932  -11.914  -8.189 0.0000000000
29515  -19.007  -12.016  -8.272 0.0000000000
29514  -18.868  -12.012  -8.112 0.0000000000
29511  -18.889  -12.001  -7.990 0.0000000000
28874  -13.110  -12.125  -11.461 0.0000000000
28794  -19.004  -12.165  -8.313 0.0000000000
28793  -18.973  -12.171  -8.248 0.0000000000
28134  -13.681  -12.729  -11.449 0.0000000000
28061  -19.017  -12.982  -8.899 0.0000000000
28797  -19.015  -12.569  -8.601 0.0000000000
28057  -19.030  -12.845  -8.788 0.0000000000
37203  -20.979  -8.018  -5.051 0.0000000000
37218  -20.975  -8.027  -5.469 0.0000000000
37232  -20.970  -8.004  -5.787 0.0000000000
38047  -21.029  -7.994  -5.193 0.0000000000
38062  -20.991  -8.025  -5.590 0.0000000000
37237  -20.977  -8.065  -6.008 0.0000000000
38071  -20.989  -8.013  -5.887 0.0000000000
37241  -20.996  -8.081  -6.432 0.0000000000
38075  -21.025  -7.982  -6.027 0.0000000000
38048  -21.014  -7.944  -5.397 0.0000000000
38063  -21.014  -7.956  -5.873 0.0000000000
38072  -21.011  -7.935  -6.036 0.0000000000
