#!ascii label  , from subject  vox2ras=TkReg
712
69400  -20.519  4.012  -18.972 0.0000000000
68536  -20.203  3.975  -18.851 0.0000000000
69399  -20.058  4.024  -18.991 0.0000000000
68537  -20.900  3.976  -18.821 0.0000000000
69401  -21.008  4.009  -18.813 0.0000000000
70257  -20.168  4.281  -18.781 0.0000000000
70258  -20.759  4.417  -18.877 0.0000000000
68538  -21.036  3.998  -18.752 0.0000000000
69402  -21.050  4.079  -18.723 0.0000000000
70259  -20.990  4.369  -18.773 0.0000000000
69382  -21.290  4.030  -18.581 0.0000000000
68519  -21.105  3.882  -18.734 0.0000000000
70260  -21.048  4.403  -18.820 0.0000000000
70280  -20.153  4.389  -19.076 0.0000000000
71121  -20.502  4.829  -18.755 0.0000000000
71120  -20.231  4.737  -18.991 0.0000000000
71122  -20.889  4.811  -18.789 0.0000000000
71123  -21.003  4.896  -18.818 0.0000000000
70240  -21.298  4.642  -18.749 0.0000000000
70261  -21.328  4.879  -18.809 0.0000000000
71124  -21.131  4.988  -18.877 0.0000000000
70241  -21.929  4.428  -18.420 0.0000000000
71112  -21.737  4.990  -18.629 0.0000000000
69420  -20.068  4.132  -19.006 0.0000000000
70279  -20.019  4.463  -19.179 0.0000000000
71140  -20.129  4.740  -19.144 0.0000000000
71113  -22.000  4.817  -18.445 0.0000000000
71978  -21.934  4.992  -18.503 0.0000000000
71987  -21.433  5.040  -18.751 0.0000000000
70242  -22.032  4.333  -18.362 0.0000000000
71114  -22.010  4.998  -18.505 0.0000000000
71979  -21.999  5.078  -18.516 0.0000000000
71108  -22.342  4.863  -18.304 0.0000000000
70243  -22.160  4.457  -18.439 0.0000000000
71980  -22.083  5.024  -18.482 0.0000000000
71983  -20.171  4.998  -18.988 0.0000000000
71998  -20.178  5.037  -19.166 0.0000000000
71984  -20.626  4.994  -18.801 0.0000000000
71985  -20.980  5.031  -18.784 0.0000000000
71986  -21.003  5.043  -18.884 0.0000000000
71139  -19.990  4.809  -19.147 0.0000000000
71997  -20.164  5.011  -19.079 0.0000000000
71988  -21.841  5.235  -18.621 0.0000000000
72884  -22.099  5.277  -18.500 0.0000000000
72883  -22.013  5.561  -18.589 0.0000000000
72893  -21.991  5.477  -18.651 0.0000000000
71973  -22.472  5.025  -18.100 0.0000000000
72888  -20.217  5.370  -18.913 0.0000000000
72903  -20.176  5.427  -19.045 0.0000000000
72889  -20.751  5.428  -18.799 0.0000000000
72890  -21.016  5.498  -18.813 0.0000000000
72891  -21.101  5.506  -19.000 0.0000000000
72892  -21.727  5.544  -18.805 0.0000000000
71996  -19.913  5.021  -19.171 0.0000000000
72901  -19.991  5.560  -19.173 0.0000000000
72902  -20.083  5.453  -19.110 0.0000000000
73747  -22.024  5.880  -18.549 0.0000000000
73746  -22.010  5.993  -18.636 0.0000000000
72879  -22.547  5.271  -18.091 0.0000000000
72885  -22.717  5.535  -18.243 0.0000000000
73748  -22.535  5.941  -18.481 0.0000000000
72880  -22.974  5.339  -18.024 0.0000000000
73743  -22.911  5.798  -18.163 0.0000000000
73751  -20.478  5.874  -18.825 0.0000000000
73750  -20.056  5.860  -18.960 0.0000000000
73752  -20.969  5.958  -18.793 0.0000000000
73753  -21.018  5.979  -18.843 0.0000000000
73754  -21.351  6.006  -18.841 0.0000000000
73755  -21.995  5.995  -18.756 0.0000000000
72915  -19.501  5.499  -19.357 0.0000000000
73764  -20.003  5.933  -19.092 0.0000000000
73763  -19.557  5.992  -19.159 0.0000000000
73765  -20.157  5.805  -19.068 0.0000000000
72010  -19.361  5.065  -19.451 0.0000000000
72914  -19.021  5.408  -19.577 0.0000000000
73778  -19.156  5.890  -19.486 0.0000000000
73744  -22.876  5.786  -18.021 0.0000000000
74566  -22.911  6.060  -18.011 0.0000000000
74571  -22.868  6.011  -18.128 0.0000000000
73740  -22.994  5.972  -17.997 0.0000000000
72881  -22.975  5.376  -18.007 0.0000000000
74567  -22.981  6.046  -18.037 0.0000000000
74569  -22.000  6.038  -18.597 0.0000000000
74580  -21.980  6.094  -18.658 0.0000000000
74570  -22.166  5.997  -18.489 0.0000000000
74575  -20.182  6.063  -18.755 0.0000000000
74589  -19.995  5.997  -18.992 0.0000000000
74576  -20.738  6.133  -18.796 0.0000000000
74577  -20.993  6.081  -18.817 0.0000000000
74578  -21.143  6.089  -18.817 0.0000000000
74579  -21.756  6.043  -18.795 0.0000000000
73777  -19.130  5.904  -19.393 0.0000000000
73762  -19.096  6.016  -19.349 0.0000000000
74586  -19.289  6.222  -19.172 0.0000000000
74587  -19.921  6.023  -19.227 0.0000000000
74588  -20.099  6.070  -19.060 0.0000000000
72913  -18.985  5.388  -19.484 0.0000000000
73776  -18.755  5.770  -19.626 0.0000000000
74599  -18.986  6.041  -19.357 0.0000000000
74598  -19.091  6.011  -19.466 0.0000000000
75394  -22.979  6.433  -17.974 0.0000000000
75393  -22.881  6.493  -18.040 0.0000000000
75398  -22.002  6.543  -18.566 0.0000000000
75397  -22.003  6.505  -18.663 0.0000000000
75399  -22.708  6.660  -18.545 0.0000000000
74574  -20.005  6.034  -18.947 0.0000000000
75404  -20.017  6.509  -18.747 0.0000000000
75405  -20.508  6.532  -18.814 0.0000000000
75406  -20.981  6.550  -18.811 0.0000000000
75407  -20.985  6.532  -18.888 0.0000000000
75408  -21.409  6.560  -18.959 0.0000000000
75409  -22.005  6.511  -18.670 0.0000000000
74585  -18.973  6.318  -19.188 0.0000000000
75414  -19.133  6.615  -19.149 0.0000000000
75415  -19.552  6.703  -18.977 0.0000000000
75416  -19.963  6.244  -19.012 0.0000000000
75403  -19.853  6.500  -18.899 0.0000000000
74597  -18.620  6.017  -19.555 0.0000000000
75413  -18.964  6.689  -19.146 0.0000000000
75426  -18.971  6.179  -19.335 0.0000000000
76228  -22.934  6.833  -18.088 0.0000000000
76233  -22.882  6.999  -18.086 0.0000000000
76231  -21.997  7.003  -18.477 0.0000000000
76243  -22.010  6.981  -18.616 0.0000000000
76232  -22.345  7.006  -18.470 0.0000000000
75402  -19.598  6.754  -18.898 0.0000000000
76236  -19.685  6.931  -18.800 0.0000000000
76237  -20.014  6.947  -18.816 0.0000000000
76238  -20.363  6.981  -18.797 0.0000000000
76239  -20.814  6.971  -18.814 0.0000000000
76240  -20.999  7.014  -18.824 0.0000000000
76241  -21.188  7.008  -18.832 0.0000000000
76242  -21.985  6.983  -18.755 0.0000000000
75425  -18.465  6.546  -19.527 0.0000000000
75412  -18.273  6.920  -19.166 0.0000000000
76248  -18.653  6.996  -19.187 0.0000000000
76249  -19.012  6.995  -19.097 0.0000000000
76250  -19.053  6.905  -19.008 0.0000000000
76251  -19.414  6.928  -18.944 0.0000000000
74596  -18.090  6.150  -19.917 0.0000000000
75424  -17.980  6.518  -19.636 0.0000000000
77148  -22.138  7.128  -18.487 0.0000000000
77147  -22.084  7.042  -18.574 0.0000000000
77149  -22.642  6.991  -18.128 0.0000000000
77144  -22.774  7.109  -17.964 0.0000000000
76235  -19.395  7.006  -18.840 0.0000000000
77156  -19.713  7.043  -18.924 0.0000000000
77157  -20.005  7.119  -18.978 0.0000000000
77158  -20.306  7.161  -18.922 0.0000000000
77159  -20.700  7.161  -18.873 0.0000000000
77160  -21.006  7.240  -18.751 0.0000000000
77161  -21.106  7.166  -18.913 0.0000000000
77162  -21.614  7.070  -18.794 0.0000000000
77163  -21.989  7.073  -18.621 0.0000000000
76247  -18.209  7.000  -19.163 0.0000000000
77170  -18.460  7.154  -19.063 0.0000000000
77171  -19.012  7.125  -19.210 0.0000000000
77172  -19.128  7.004  -19.036 0.0000000000
77155  -19.249  7.177  -18.859 0.0000000000
78110  -22.159  7.677  -18.607 0.0000000000
78109  -21.993  7.524  -18.616 0.0000000000
77143  -22.734  7.142  -18.049 0.0000000000
78105  -22.300  7.744  -18.221 0.0000000000
77154  -18.988  7.115  -18.977 0.0000000000
78119  -19.064  7.670  -18.870 0.0000000000
78120  -19.554  7.613  -18.944 0.0000000000
78121  -19.997  7.303  -18.987 0.0000000000
77174  -20.122  7.317  -19.143 0.0000000000
77173  -19.979  7.384  -19.047 0.0000000000
78134  -20.011  7.741  -19.152 0.0000000000
77175  -20.709  7.265  -19.000 0.0000000000
77176  -20.997  7.223  -19.067 0.0000000000
78123  -21.119  7.634  -18.961 0.0000000000
78122  -21.042  7.638  -19.014 0.0000000000
78124  -21.554  7.578  -18.946 0.0000000000
78125  -21.959  7.574  -18.636 0.0000000000
77169  -18.105  7.171  -19.039 0.0000000000
77152  -18.225  7.324  -18.851 0.0000000000
77153  -18.649  7.266  -18.909 0.0000000000
78135  -19.994  7.715  -19.237 0.0000000000
78136  -20.480  7.664  -19.150 0.0000000000
78137  -21.013  7.617  -19.130 0.0000000000
79040  -21.984  7.972  -18.653 0.0000000000
78118  -19.017  7.721  -18.743 0.0000000000
79050  -19.004  8.003  -18.882 0.0000000000
79051  -19.217  7.898  -18.916 0.0000000000
78133  -19.824  7.968  -19.157 0.0000000000
79061  -19.424  8.002  -19.189 0.0000000000
78138  -21.106  7.717  -19.091 0.0000000000
79053  -21.284  7.964  -18.906 0.0000000000
79052  -21.215  7.887  -19.064 0.0000000000
79054  -21.925  8.003  -18.697 0.0000000000
79062  -19.933  7.969  -19.162 0.0000000000
79063  -20.024  7.886  -19.156 0.0000000000
79064  -20.249  8.000  -19.300 0.0000000000
79065  -20.864  7.979  -19.205 0.0000000000
79066  -21.038  7.965  -19.196 0.0000000000
79049  -18.777  8.006  -18.760 0.0000000000
79947  -18.999  8.219  -18.906 0.0000000000
79948  -19.076  8.110  -18.909 0.0000000000
79060  -19.160  8.033  -18.975 0.0000000000
79949  -21.323  8.008  -18.967 0.0000000000
79965  -21.207  8.176  -19.076 0.0000000000
79950  -21.581  8.118  -18.867 0.0000000000
79951  -21.996  8.078  -18.557 0.0000000000
79959  -19.124  8.117  -19.023 0.0000000000
79960  -19.661  8.059  -19.243 0.0000000000
79961  -20.031  8.026  -19.147 0.0000000000
79962  -20.282  8.112  -19.126 0.0000000000
79963  -20.806  8.101  -19.135 0.0000000000
79964  -20.995  8.219  -19.179 0.0000000000
79946  -18.386  8.118  -18.907 0.0000000000
80817  -18.702  8.526  -18.939 0.0000000000
79958  -18.991  8.277  -19.024 0.0000000000
80827  -18.759  8.600  -19.073 0.0000000000
79966  -21.419  8.063  -19.000 0.0000000000
80819  -21.874  8.533  -18.748 0.0000000000
80818  -21.634  8.620  -18.963 0.0000000000
80828  -18.988  8.643  -19.170 0.0000000000
80829  -19.429  8.603  -19.119 0.0000000000
80830  -19.951  8.565  -19.177 0.0000000000
80831  -20.173  8.573  -19.166 0.0000000000
80832  -20.570  8.584  -19.172 0.0000000000
80833  -21.008  8.647  -19.321 0.0000000000
80834  -21.183  8.603  -19.159 0.0000000000
80835  -21.404  8.522  -19.149 0.0000000000
81693  -18.992  8.992  -19.186 0.0000000000
81694  -19.188  9.020  -19.145 0.0000000000
81695  -19.768  9.022  -19.236 0.0000000000
81696  -20.041  8.999  -19.298 0.0000000000
81697  -20.301  8.942  -19.283 0.0000000000
81698  -20.867  8.982  -19.374 0.0000000000
81699  -21.054  8.990  -19.201 0.0000000000
81700  -21.471  8.989  -19.052 0.0000000000
81707  -19.098  9.022  -19.280 0.0000000000
81708  -19.406  9.024  -19.310 0.0000000000
81709  -19.979  8.997  -19.416 0.0000000000
81710  -20.111  9.032  -19.441 0.0000000000
81711  -20.270  8.992  -19.487 0.0000000000
81712  -20.730  9.012  -19.330 0.0000000000
82488  -21.002  9.228  -19.223 0.0000000000
82506  -20.018  9.381  -19.518 0.0000000000
82507  -20.014  9.284  -19.608 0.0000000000
82508  -20.444  9.308  -19.499 0.0000000000
82509  -20.992  9.173  -19.443 0.0000000000
83221  -20.001  9.776  -19.537 0.0000000000
83222  -20.093  9.755  -19.599 0.0000000000
83223  -20.860  9.875  -19.289 0.0000000000
78117  -18.480  7.666  -18.816 0.0000000000
79048  -18.208  7.975  -18.804 0.0000000000
78116  -18.058  7.704  -18.804 0.0000000000
79047  -18.028  8.025  -18.692 0.0000000000
79945  -18.005  8.261  -18.725 0.0000000000
78115  -17.835  7.626  -18.855 0.0000000000
79046  -17.948  7.937  -18.696 0.0000000000
79944  -17.980  8.239  -18.677 0.0000000000
79045  -17.470  7.938  -18.808 0.0000000000
79943  -17.714  8.060  -18.613 0.0000000000
78114  -17.342  7.703  -18.838 0.0000000000
79044  -17.026  7.948  -18.925 0.0000000000
79942  -17.109  8.183  -18.800 0.0000000000
78113  -17.087  7.828  -18.984 0.0000000000
78130  -17.005  7.728  -19.073 0.0000000000
79059  -16.937  7.858  -18.996 0.0000000000
79058  -16.780  8.000  -18.979 0.0000000000
79043  -17.006  7.995  -18.864 0.0000000000
79941  -16.995  8.171  -18.952 0.0000000000
77166  -17.107  7.278  -19.229 0.0000000000
77165  -17.015  7.378  -19.179 0.0000000000
78129  -16.987  7.643  -19.060 0.0000000000
78131  -17.241  7.520  -19.042 0.0000000000
77180  -16.986  7.158  -19.390 0.0000000000
78143  -16.699  7.355  -19.315 0.0000000000
78128  -16.561  7.843  -19.165 0.0000000000
77151  -17.991  7.288  -18.955 0.0000000000
77168  -17.954  7.189  -19.096 0.0000000000
78132  -17.778  7.409  -18.942 0.0000000000
77181  -17.030  7.086  -19.433 0.0000000000
76253  -16.886  6.896  -19.629 0.0000000000
77190  -16.670  6.986  -19.752 0.0000000000
77179  -16.622  7.020  -19.622 0.0000000000
77189  -16.208  7.198  -19.950 0.0000000000
78142  -16.067  7.689  -19.607 0.0000000000
76246  -18.015  7.048  -19.157 0.0000000000
76245  -17.889  7.007  -19.155 0.0000000000
77167  -17.465  6.974  -19.227 0.0000000000
76255  -17.542  6.945  -19.361 0.0000000000
77182  -17.143  7.067  -19.478 0.0000000000
75423  -17.664  6.568  -19.605 0.0000000000
75422  -17.256  6.791  -19.715 0.0000000000
76256  -17.936  6.922  -19.238 0.0000000000
76270  -17.034  6.856  -19.713 0.0000000000
76254  -16.982  6.936  -19.611 0.0000000000
76269  -16.982  6.820  -19.905 0.0000000000
76268  -16.750  6.878  -19.891 0.0000000000
75411  -18.008  6.838  -19.322 0.0000000000
76257  -18.004  6.888  -19.285 0.0000000000
74611  -18.005  6.044  -19.915 0.0000000000
75440  -17.996  6.151  -19.923 0.0000000000
75439  -17.873  6.178  -20.006 0.0000000000
75438  -17.315  6.560  -20.016 0.0000000000
73788  -18.189  5.824  -20.013 0.0000000000
73787  -18.024  5.974  -20.082 0.0000000000
74612  -18.165  6.011  -19.943 0.0000000000
74623  -17.995  6.027  -20.012 0.0000000000
74610  -17.917  6.058  -19.998 0.0000000000
74622  -17.933  6.137  -20.053 0.0000000000
74609  -17.721  6.123  -20.018 0.0000000000
74621  -17.390  6.238  -20.145 0.0000000000
73775  -18.527  6.028  -19.767 0.0000000000
73789  -18.786  5.539  -19.996 0.0000000000
72924  -18.483  5.259  -19.996 0.0000000000
72938  -18.260  5.342  -20.176 0.0000000000
73801  -18.144  5.601  -20.151 0.0000000000
73800  -18.079  5.810  -20.207 0.0000000000
72925  -18.846  5.170  -19.667 0.0000000000
72023  -18.328  4.987  -20.101 0.0000000000
72042  -18.147  5.002  -20.220 0.0000000000
72937  -18.052  5.382  -20.083 0.0000000000
72041  -17.987  5.013  -20.222 0.0000000000
72936  -18.012  5.372  -20.125 0.0000000000
72040  -17.733  4.991  -20.147 0.0000000000
72935  -17.581  5.067  -20.259 0.0000000000
72954  -17.988  5.415  -20.230 0.0000000000
73799  -17.868  5.833  -20.136 0.0000000000
72039  -17.176  4.968  -20.420 0.0000000000
72953  -17.127  5.433  -20.596 0.0000000000
72008  -18.922  5.039  -19.569 0.0000000000
72024  -18.662  5.006  -19.852 0.0000000000
72009  -19.005  5.003  -19.573 0.0000000000
72876  -23.025  5.404  -17.954 0.0000000000
71971  -22.985  5.044  -17.956 0.0000000000
71975  -22.893  5.122  -17.936 0.0000000000
71974  -22.891  4.985  -17.998 0.0000000000
71192  -18.187  4.830  -20.142 0.0000000000
71191  -18.044  4.834  -20.152 0.0000000000
71190  -17.858  4.842  -20.176 0.0000000000
71189  -17.387  4.863  -20.197 0.0000000000
71154  -18.983  4.976  -19.681 0.0000000000
71174  -18.679  4.962  -19.986 0.0000000000
71173  -18.271  4.780  -20.068 0.0000000000
71138  -19.780  4.976  -19.157 0.0000000000
71156  -19.159  4.993  -19.482 0.0000000000
71155  -18.990  4.940  -19.515 0.0000000000
71970  -22.822  5.007  -17.874 0.0000000000
71104  -22.716  4.950  -17.949 0.0000000000
71109  -22.708  4.835  -18.154 0.0000000000
71967  -23.016  5.123  -17.638 0.0000000000
71101  -23.002  4.984  -17.647 0.0000000000
71105  -22.922  5.001  -17.745 0.0000000000
71172  -18.058  4.734  -20.020 0.0000000000
71171  -17.969  4.791  -19.998 0.0000000000
71170  -17.529  4.775  -20.044 0.0000000000
71169  -17.018  4.781  -20.078 0.0000000000
71188  -17.008  4.910  -20.321 0.0000000000
70314  -18.989  4.644  -19.707 0.0000000000
70313  -18.254  4.229  -19.977 0.0000000000
70312  -18.006  4.413  -19.855 0.0000000000
70311  -17.998  4.453  -19.706 0.0000000000
70310  -17.394  4.492  -19.991 0.0000000000
70309  -17.008  4.715  -19.987 0.0000000000
70298  -19.353  4.366  -19.288 0.0000000000
70297  -19.031  4.447  -19.455 0.0000000000
70296  -18.973  4.357  -19.523 0.0000000000
70278  -19.995  4.410  -19.043 0.0000000000
70232  -22.597  4.459  -18.014 0.0000000000
70231  -22.312  4.393  -18.159 0.0000000000
70224  -22.959  4.461  -17.616 0.0000000000
70223  -22.767  4.501  -17.814 0.0000000000
71102  -23.262  4.946  -17.465 0.0000000000
70219  -23.131  4.376  -17.579 0.0000000000
70295  -18.995  4.131  -19.541 0.0000000000
69433  -18.304  3.942  -19.599 0.0000000000
69448  -17.991  4.032  -19.721 0.0000000000
69447  -18.016  4.054  -19.598 0.0000000000
70294  -17.985  4.153  -19.618 0.0000000000
70293  -17.966  4.098  -19.475 0.0000000000
70292  -17.430  4.256  -19.435 0.0000000000
70291  -16.992  4.565  -19.607 0.0000000000
70277  -19.300  4.165  -19.199 0.0000000000
69417  -19.093  4.005  -19.203 0.0000000000
69435  -19.009  4.236  -19.404 0.0000000000
69434  -18.902  4.013  -19.345 0.0000000000
69432  -18.024  4.004  -19.498 0.0000000000
69431  -17.881  3.996  -19.244 0.0000000000
69419  -19.935  4.057  -19.096 0.0000000000
69418  -19.569  4.029  -19.230 0.0000000000
70230  -22.068  4.138  -18.082 0.0000000000
69384  -22.007  4.013  -18.287 0.0000000000
69383  -21.906  4.015  -18.347 0.0000000000
69367  -22.553  4.084  -17.933 0.0000000000
69366  -22.248  3.965  -18.005 0.0000000000
69365  -22.164  4.018  -18.163 0.0000000000
69356  -22.995  4.000  -17.421 0.0000000000
69355  -22.784  4.057  -17.677 0.0000000000
70216  -23.129  4.171  -17.135 0.0000000000
69347  -23.023  3.994  -17.238 0.0000000000
70220  -23.332  4.487  -17.099 0.0000000000
70217  -23.312  4.241  -16.960 0.0000000000
69342  -23.172  3.996  -17.073 0.0000000000
69416  -19.016  3.977  -19.330 0.0000000000
68551  -18.762  3.764  -19.302 0.0000000000
68569  -18.775  3.919  -19.449 0.0000000000
68568  -18.359  3.792  -19.470 0.0000000000
68567  -17.997  3.896  -19.341 0.0000000000
69415  -17.914  3.918  -19.191 0.0000000000
69414  -17.744  3.952  -19.062 0.0000000000
69430  -17.518  4.013  -19.040 0.0000000000
69398  -19.961  3.969  -18.962 0.0000000000
68534  -19.828  3.632  -19.014 0.0000000000
68554  -19.829  3.859  -19.158 0.0000000000
68553  -19.359  3.729  -19.175 0.0000000000
68552  -19.023  3.831  -19.288 0.0000000000
68549  -17.980  3.737  -19.071 0.0000000000
68535  -20.013  3.932  -18.889 0.0000000000
68503  -21.999  3.891  -18.146 0.0000000000
68521  -22.006  3.892  -18.327 0.0000000000
68520  -21.566  3.918  -18.535 0.0000000000
69354  -22.398  3.983  -17.949 0.0000000000
68488  -22.248  3.566  -18.010 0.0000000000
68504  -22.146  3.653  -18.105 0.0000000000
69346  -22.999  3.992  -17.325 0.0000000000
68479  -22.867  3.999  -17.495 0.0000000000
68489  -22.460  3.889  -17.850 0.0000000000
68471  -23.108  3.738  -17.110 0.0000000000
68480  -23.008  3.750  -17.216 0.0000000000
68472  -23.205  3.794  -17.021 0.0000000000
69343  -23.283  4.018  -17.001 0.0000000000
68550  -18.317  3.681  -19.174 0.0000000000
68533  -19.519  3.693  -18.998 0.0000000000
67683  -19.183  3.478  -19.073 0.0000000000
67682  -19.026  3.632  -19.015 0.0000000000
67681  -18.983  3.522  -19.043 0.0000000000
67680  -18.672  3.625  -19.008 0.0000000000
67662  -18.392  3.352  -18.983 0.0000000000
68532  -18.144  3.721  -18.962 0.0000000000
68531  -17.997  3.659  -18.857 0.0000000000
68548  -17.841  3.769  -18.980 0.0000000000
68518  -20.999  3.738  -18.685 0.0000000000
67669  -20.996  3.484  -18.716 0.0000000000
67668  -20.455  3.480  -18.782 0.0000000000
67667  -20.002  3.424  -18.835 0.0000000000
67666  -19.947  3.375  -18.735 0.0000000000
67665  -19.450  3.238  -19.003 0.0000000000
67661  -18.009  3.627  -18.978 0.0000000000
67643  -18.051  3.322  -18.484 0.0000000000
68517  -18.019  3.601  -18.664 0.0000000000
68530  -17.983  3.819  -18.913 0.0000000000
67651  -21.995  3.418  -18.183 0.0000000000
67650  -21.710  3.305  -18.418 0.0000000000
67649  -21.108  3.327  -18.372 0.0000000000
67648  -21.012  3.265  -18.483 0.0000000000
67633  -22.115  3.246  -18.108 0.0000000000
67632  -22.027  3.308  -18.131 0.0000000000
67602  -22.605  3.525  -17.733 0.0000000000
67617  -22.253  3.190  -17.966 0.0000000000
67616  -22.143  3.000  -18.069 0.0000000000
67592  -23.104  3.360  -17.112 0.0000000000
67603  -23.019  3.253  -17.204 0.0000000000
68468  -23.370  3.826  -16.886 0.0000000000
67585  -23.097  3.330  -16.948 0.0000000000
67593  -23.176  3.541  -17.057 0.0000000000
68463  -23.584  3.725  -16.228 0.0000000000
67581  -23.425  3.267  -16.576 0.0000000000
69340  -23.429  3.984  -16.619 0.0000000000
67664  -19.058  3.258  -18.776 0.0000000000
67663  -18.904  3.225  -18.811 0.0000000000
67647  -20.573  3.196  -18.365 0.0000000000
67646  -20.040  2.985  -18.702 0.0000000000
66796  -20.044  3.011  -18.593 0.0000000000
66795  -19.946  3.034  -18.560 0.0000000000
66794  -19.560  2.992  -18.777 0.0000000000
66793  -19.021  3.012  -18.733 0.0000000000
66792  -18.997  3.140  -18.728 0.0000000000
66772  -18.928  2.969  -18.462 0.0000000000
67645  -18.833  3.013  -18.484 0.0000000000
67644  -18.461  3.190  -18.501 0.0000000000
67631  -21.927  3.126  -18.129 0.0000000000
66780  -21.627  3.014  -18.194 0.0000000000
66779  -21.112  2.982  -18.363 0.0000000000
66778  -20.985  3.023  -18.403 0.0000000000
66777  -20.683  3.000  -18.442 0.0000000000
66776  -20.095  2.891  -18.543 0.0000000000
66771  -18.621  2.999  -18.347 0.0000000000
66770  -18.119  2.997  -18.123 0.0000000000
66752  -18.063  2.949  -18.034 0.0000000000
67630  -17.979  3.085  -18.093 0.0000000000
67642  -17.987  3.217  -18.179 0.0000000000
66759  -22.039  3.006  -18.045 0.0000000000
66758  -21.981  3.019  -18.000 0.0000000000
66757  -21.909  2.918  -18.018 0.0000000000
66741  -22.556  3.037  -17.659 0.0000000000
66740  -22.116  2.986  -17.958 0.0000000000
66727  -22.959  3.071  -17.115 0.0000000000
66726  -22.708  2.984  -17.424 0.0000000000
67584  -23.043  3.141  -17.013 0.0000000000
66714  -22.949  3.136  -17.077 0.0000000000
66705  -23.052  3.019  -16.788 0.0000000000
66704  -23.072  2.981  -16.949 0.0000000000
67574  -23.462  3.252  -16.029 0.0000000000
66698  -23.309  2.993  -16.337 0.0000000000
67575  -23.564  3.352  -15.980 0.0000000000
66691  -23.462  2.988  -16.039 0.0000000000
68452  -23.543  3.618  -16.009 0.0000000000
66775  -19.991  2.987  -18.580 0.0000000000
66774  -19.732  2.993  -18.551 0.0000000000
66773  -19.140  3.055  -18.568 0.0000000000
66756  -21.163  2.909  -18.221 0.0000000000
66755  -20.985  2.974  -18.087 0.0000000000
65883  -20.975  2.719  -18.029 0.0000000000
65902  -20.994  2.754  -18.232 0.0000000000
65901  -20.989  2.826  -18.510 0.0000000000
65900  -20.211  2.780  -18.663 0.0000000000
65899  -19.993  2.844  -18.526 0.0000000000
65898  -19.826  2.847  -18.507 0.0000000000
65897  -19.166  2.899  -18.568 0.0000000000
65896  -19.059  2.952  -18.471 0.0000000000
65878  -18.963  2.604  -18.225 0.0000000000
66754  -18.975  2.702  -18.259 0.0000000000
66753  -18.530  3.009  -18.042 0.0000000000
66739  -22.013  2.969  -17.982 0.0000000000
65886  -21.959  2.892  -18.017 0.0000000000
65885  -21.823  2.780  -18.015 0.0000000000
65884  -21.464  2.677  -18.075 0.0000000000
65877  -18.689  2.686  -18.051 0.0000000000
65876  -18.022  2.789  -18.075 0.0000000000
66725  -22.412  2.981  -17.646 0.0000000000
65865  -22.105  2.631  -17.815 0.0000000000
65864  -22.014  2.773  -17.880 0.0000000000
66713  -22.964  2.988  -17.066 0.0000000000
65849  -22.797  2.659  -17.022 0.0000000000
65848  -22.628  2.524  -17.255 0.0000000000
65835  -22.979  2.863  -16.985 0.0000000000
65834  -22.592  2.862  -17.018 0.0000000000
66697  -23.038  2.955  -16.708 0.0000000000
65824  -22.992  2.650  -16.635 0.0000000000
65815  -23.297  2.491  -15.978 0.0000000000
65814  -22.951  2.825  -16.255 0.0000000000
66692  -23.621  3.030  -15.988 0.0000000000
65805  -23.432  2.729  -16.027 0.0000000000
65882  -20.995  2.368  -18.088 0.0000000000
65881  -20.603  2.503  -18.230 0.0000000000
65009  -20.180  2.153  -18.163 0.0000000000
65026  -19.998  2.577  -18.320 0.0000000000
65025  -20.003  2.457  -18.326 0.0000000000
65024  -20.015  2.223  -18.247 0.0000000000
65880  -19.889  2.215  -18.241 0.0000000000
65879  -19.406  2.491  -18.225 0.0000000000
65863  -21.901  2.692  -17.898 0.0000000000
64992  -21.594  2.377  -17.857 0.0000000000
65013  -21.652  2.725  -18.006 0.0000000000
65012  -21.091  2.265  -17.959 0.0000000000
65011  -21.008  2.120  -18.041 0.0000000000
65010  -20.734  2.102  -18.088 0.0000000000
65007  -19.624  1.996  -18.047 0.0000000000
65006  -19.150  2.152  -17.992 0.0000000000
65005  -18.991  2.250  -17.987 0.0000000000
65862  -19.014  2.314  -18.021 0.0000000000
65861  -18.878  2.413  -17.996 0.0000000000
65860  -18.181  2.785  -17.998 0.0000000000
64976  -22.177  2.052  -17.377 0.0000000000
64994  -21.995  2.382  -17.744 0.0000000000
64993  -21.938  2.279  -17.680 0.0000000000
64988  -18.987  2.263  -17.844 0.0000000000
64987  -18.731  2.321  -17.901 0.0000000000
64961  -22.607  2.280  -16.986 0.0000000000
64977  -22.558  2.225  -17.094 0.0000000000
65823  -22.668  3.013  -16.838 0.0000000000
64947  -22.738  2.481  -16.804 0.0000000000
64936  -23.169  2.107  -16.482 0.0000000000
64948  -22.991  2.109  -16.733 0.0000000000
64926  -23.279  2.192  -15.996 0.0000000000
64937  -23.165  2.143  -16.083 0.0000000000
65799  -23.450  2.738  -15.985 0.0000000000
65806  -23.572  2.942  -15.933 0.0000000000
65008  -20.014  2.009  -18.114 0.0000000000
64991  -21.091  2.174  -17.778 0.0000000000
64990  -20.961  2.099  -17.857 0.0000000000
64065  -20.849  1.999  -17.926 0.0000000000
64084  -20.953  2.006  -18.060 0.0000000000
64083  -20.555  2.009  -18.037 0.0000000000
64082  -20.135  1.901  -18.070 0.0000000000
64081  -19.848  1.931  -18.094 0.0000000000
64080  -19.478  1.989  -18.058 0.0000000000
64079  -19.196  2.074  -17.960 0.0000000000
64989  -19.104  2.184  -17.924 0.0000000000
64975  -22.007  1.984  -17.466 0.0000000000
64048  -21.940  2.001  -17.524 0.0000000000
64068  -21.758  2.128  -17.741 0.0000000000
64067  -21.401  1.990  -17.710 0.0000000000
64066  -21.001  2.006  -17.830 0.0000000000
64061  -19.098  2.009  -17.804 0.0000000000
64060  -18.968  1.923  -17.834 0.0000000000
64059  -18.628  2.005  -17.634 0.0000000000
64974  -18.303  2.008  -17.347 0.0000000000
64986  -18.189  2.337  -17.597 0.0000000000
64973  -18.065  2.141  -17.192 0.0000000000
65847  -18.017  2.582  -17.608 0.0000000000
64960  -22.435  1.984  -17.073 0.0000000000
64035  -22.312  1.860  -17.220 0.0000000000
64049  -22.148  1.755  -17.383 0.0000000000
64045  -18.140  1.981  -17.175 0.0000000000
64024  -22.662  2.022  -16.791 0.0000000000
64036  -22.474  1.924  -17.043 0.0000000000
64017  -23.003  2.012  -16.335 0.0000000000
64025  -22.937  2.144  -16.540 0.0000000000
64925  -23.119  2.005  -16.059 0.0000000000
64007  -23.172  1.989  -16.161 0.0000000000
64064  -20.459  1.964  -17.963 0.0000000000
64063  -20.042  1.850  -17.982 0.0000000000
63131  -19.975  1.632  -17.894 0.0000000000
63147  -19.972  1.810  -18.074 0.0000000000
63146  -19.834  1.804  -18.099 0.0000000000
63145  -19.526  1.864  -18.025 0.0000000000
64062  -19.237  1.996  -17.933 0.0000000000
64047  -21.705  1.967  -17.718 0.0000000000
63118  -21.509  1.740  -17.670 0.0000000000
63135  -21.112  1.928  -17.740 0.0000000000
63134  -20.968  1.786  -17.759 0.0000000000
63133  -20.772  1.828  -17.783 0.0000000000
63132  -20.299  1.514  -17.781 0.0000000000
63129  -19.206  1.829  -17.826 0.0000000000
63128  -19.008  1.619  -17.537 0.0000000000
63127  -18.969  1.620  -17.628 0.0000000000
63113  -18.798  1.458  -17.399 0.0000000000
64046  -18.544  1.805  -17.758 0.0000000000
63104  -22.193  1.529  -17.108 0.0000000000
63120  -22.057  1.519  -17.218 0.0000000000
63119  -21.956  1.474  -17.289 0.0000000000
63112  -18.444  1.622  -17.382 0.0000000000
63096  -22.453  1.702  -16.967 0.0000000000
63105  -22.436  1.710  -17.050 0.0000000000
64016  -22.833  1.999  -16.591 0.0000000000
63089  -22.779  1.939  -16.779 0.0000000000
63130  -19.863  1.610  -18.000 0.0000000000
63117  -21.001  1.565  -17.583 0.0000000000
63116  -20.991  1.456  -17.435 0.0000000000
63115  -20.599  1.544  -17.600 0.0000000000
62213  -20.483  1.171  -17.471 0.0000000000
62225  -20.057  1.112  -17.423 0.0000000000
62224  -20.036  1.202  -17.596 0.0000000000
62223  -19.980  1.111  -17.546 0.0000000000
62222  -19.469  1.215  -17.531 0.0000000000
62221  -18.981  1.403  -17.476 0.0000000000
62209  -19.064  1.117  -17.157 0.0000000000
63114  -18.982  1.383  -17.368 0.0000000000
63103  -22.102  1.332  -17.239 0.0000000000
62202  -22.003  1.153  -17.075 0.0000000000
62217  -21.927  1.167  -17.090 0.0000000000
62216  -21.739  1.199  -17.166 0.0000000000
62215  -21.266  1.056  -17.303 0.0000000000
62214  -20.993  1.108  -17.356 0.0000000000
62208  -18.974  1.140  -17.224 0.0000000000
62198  -18.937  1.013  -17.023 0.0000000000
63102  -18.601  1.100  -17.073 0.0000000000
63101  -18.322  1.409  -17.064 0.0000000000
63095  -22.317  1.561  -17.020 0.0000000000
62197  -18.775  1.152  -17.004 0.0000000000
62212  -20.041  0.979  -17.413 0.0000000000
62211  -19.990  1.029  -17.307 0.0000000000
62210  -19.556  1.021  -17.397 0.0000000000
62201  -21.820  1.013  -17.009 0.0000000000
62200  -21.393  0.999  -17.134 0.0000000000
61316  -21.326  0.896  -17.089 0.0000000000
61326  -21.118  0.984  -17.244 0.0000000000
61325  -20.985  0.991  -17.365 0.0000000000
61324  -20.751  0.983  -17.466 0.0000000000
61323  -20.129  0.961  -17.424 0.0000000000
61322  -19.999  0.984  -17.639 0.0000000000
61321  -19.622  0.831  -17.375 0.0000000000
61320  -19.229  0.996  -17.278 0.0000000000
61312  -19.070  0.915  -17.193 0.0000000000
62199  -18.984  1.015  -17.052 0.0000000000
61311  -18.972  0.912  -17.041 0.0000000000
61305  -18.840  0.881  -16.986 0.0000000000
62192  -18.788  0.981  -16.875 0.0000000000
62191  -18.560  1.025  -16.673 0.0000000000
61315  -21.039  0.746  -17.308 0.0000000000
61314  -20.985  0.998  -17.243 0.0000000000
60437  -20.911  0.652  -17.392 0.0000000000
60436  -20.360  0.578  -17.425 0.0000000000
60435  -20.019  0.725  -17.352 0.0000000000
60434  -20.007  0.674  -17.520 0.0000000000
60424  -19.772  0.516  -17.182 0.0000000000
61313  -19.429  0.772  -17.159 0.0000000000
60423  -19.088  0.729  -17.008 0.0000000000
60422  -18.991  0.825  -17.041 0.0000000000
73813  -17.675  5.988  -20.233 0.0000000000
73798  -17.609  6.006  -20.207 0.0000000000
73812  -17.125  5.939  -20.635 0.0000000000
74635  -17.154  6.060  -20.478 0.0000000000
75449  -17.223  6.492  -20.013 0.0000000000
74634  -17.090  6.211  -20.499 0.0000000000
74620  -17.165  6.335  -20.232 0.0000000000
75448  -17.061  6.488  -20.180 0.0000000000
75437  -17.019  6.712  -19.964 0.0000000000
75458  -16.978  6.223  -20.562 0.0000000000
76283  -16.879  6.752  -19.989 0.0000000000
75447  -16.924  6.816  -20.093 0.0000000000
76282  -16.650  6.968  -20.048 0.0000000000
76267  -16.462  6.941  -19.976 0.0000000000
76291  -16.507  7.004  -20.568 0.0000000000
76281  -16.520  6.989  -20.003 0.0000000000
76290  -16.426  6.991  -20.468 0.0000000000
77203  -16.261  7.216  -20.003 0.0000000000
78148  -15.958  7.420  -19.973 0.0000000000
77188  -16.044  7.424  -20.016 0.0000000000
77212  -16.230  7.148  -20.334 0.0000000000
77202  -16.079  7.473  -19.989 0.0000000000
77222  -16.225  6.996  -21.016 0.0000000000
77211  -15.990  7.353  -20.534 0.0000000000
75457  -16.866  6.787  -20.752 0.0000000000
