#!ascii label  , from subject  vox2ras=TkReg
357
84692  -11.335  10.420  -21.018 0.0000000000
83952  -11.443  10.058  -20.983 0.0000000000
84693  -11.654  10.074  -20.896 0.0000000000
84696  -11.497  10.384  -21.312 0.0000000000
84687  -11.392  10.538  -20.739 0.0000000000
85399  -11.273  10.949  -21.011 0.0000000000
85403  -11.376  10.979  -20.992 0.0000000000
83953  -11.695  9.980  -20.815 0.0000000000
83946  -11.987  10.032  -20.617 0.0000000000
84688  -11.780  10.298  -20.509 0.0000000000
83957  -11.581  10.010  -21.074 0.0000000000
84697  -11.584  10.027  -21.434 0.0000000000
84701  -11.856  10.234  -21.663 0.0000000000
84700  -11.704  10.565  -21.613 0.0000000000
85407  -11.607  10.915  -21.351 0.0000000000
83958  -11.795  10.011  -21.354 0.0000000000
85408  -11.975  10.909  -21.719 0.0000000000
83962  -11.956  9.988  -21.627 0.0000000000
84702  -12.023  10.263  -21.641 0.0000000000
85409  -11.987  10.808  -21.643 0.0000000000
83963  -12.015  9.967  -21.630 0.0000000000
84703  -12.384  10.380  -21.628 0.0000000000
85410  -12.212  10.878  -21.585 0.0000000000
83964  -12.413  10.005  -21.660 0.0000000000
84704  -12.902  10.251  -21.633 0.0000000000
85411  -12.753  10.846  -21.575 0.0000000000
83965  -13.000  10.011  -21.684 0.0000000000
84705  -13.019  10.221  -21.565 0.0000000000
85412  -12.989  10.703  -21.538 0.0000000000
84698  -13.280  10.466  -21.341 0.0000000000
83959  -13.328  10.080  -21.372 0.0000000000
83966  -13.009  10.011  -21.634 0.0000000000
85405  -12.990  10.898  -21.271 0.0000000000
85391  -11.268  10.998  -20.814 0.0000000000
86129  -11.261  11.043  -21.000 0.0000000000
86134  -11.307  11.027  -21.030 0.0000000000
86138  -11.401  10.979  -21.226 0.0000000000
86139  -11.884  11.001  -21.598 0.0000000000
86140  -12.031  11.007  -21.645 0.0000000000
86141  -12.247  11.014  -21.629 0.0000000000
86142  -12.551  10.979  -21.496 0.0000000000
85404  -13.015  10.992  -21.292 0.0000000000
86136  -12.829  11.021  -21.293 0.0000000000
86897  -11.309  11.093  -21.452 0.0000000000
86898  -11.998  11.271  -21.763 0.0000000000
86899  -12.026  11.469  -21.700 0.0000000000
86135  -12.673  11.011  -21.425 0.0000000000
86895  -12.242  11.411  -21.580 0.0000000000
86900  -12.085  11.643  -21.607 0.0000000000
86137  -12.980  11.012  -21.193 0.0000000000
84689  -12.035  10.217  -20.448 0.0000000000
84675  -11.993  10.582  -20.139 0.0000000000
85392  -11.546  10.781  -20.346 0.0000000000
83258  -13.016  9.877  -21.647 0.0000000000
83257  -12.975  9.928  -21.740 0.0000000000
83967  -13.326  9.978  -21.425 0.0000000000
83969  -12.867  9.971  -21.777 0.0000000000
83256  -12.198  9.695  -21.760 0.0000000000
83255  -11.998  9.719  -21.680 0.0000000000
83968  -12.683  10.014  -21.815 0.0000000000
83254  -12.000  9.760  -21.810 0.0000000000
83251  -11.692  9.946  -21.579 0.0000000000
83250  -11.529  9.725  -21.112 0.0000000000
83245  -11.385  9.842  -21.011 0.0000000000
83246  -11.695  9.614  -20.913 0.0000000000
83239  -11.870  9.920  -20.658 0.0000000000
83947  -12.020  9.986  -20.528 0.0000000000
83259  -13.364  9.929  -21.520 0.0000000000
82538  -13.138  9.403  -21.947 0.0000000000
83264  -13.014  9.466  -22.002 0.0000000000
83263  -13.019  9.711  -22.007 0.0000000000
83262  -12.571  9.829  -22.053 0.0000000000
82537  -12.037  9.041  -21.756 0.0000000000
82536  -11.943  9.050  -21.823 0.0000000000
83261  -12.073  9.239  -21.804 0.0000000000
82532  -11.944  9.324  -21.895 0.0000000000
82531  -11.594  9.270  -21.481 0.0000000000
82525  -11.432  9.134  -20.986 0.0000000000
82526  -11.720  9.224  -20.942 0.0000000000
83247  -11.873  9.547  -20.898 0.0000000000
83240  -12.019  9.723  -20.606 0.0000000000
82545  -13.398  9.038  -21.994 0.0000000000
82544  -13.176  9.217  -22.085 0.0000000000
82539  -13.654  9.003  -21.785 0.0000000000
81746  -12.015  8.951  -21.796 0.0000000000
81750  -12.228  9.020  -21.925 0.0000000000
82541  -12.303  9.010  -21.998 0.0000000000
81745  -11.857  9.009  -21.885 0.0000000000
82535  -11.779  9.001  -21.733 0.0000000000
81744  -11.487  9.017  -21.461 0.0000000000
81741  -11.220  9.008  -21.097 0.0000000000
81733  -11.483  8.986  -20.976 0.0000000000
81734  -11.983  9.003  -20.990 0.0000000000
82527  -12.004  9.133  -20.910 0.0000000000
80898  -12.199  8.720  -22.007 0.0000000000
80895  -12.136  8.790  -21.849 0.0000000000
81751  -12.535  8.997  -22.048 0.0000000000
80894  -11.994  8.657  -21.916 0.0000000000
80893  -11.262  8.690  -21.825 0.0000000000
80889  -11.206  8.994  -21.303 0.0000000000
80888  -11.102  8.687  -21.114 0.0000000000
81740  -11.193  8.861  -21.028 0.0000000000
80875  -11.011  8.770  -20.994 0.0000000000
81732  -11.169  8.992  -20.995 0.0000000000
80877  -11.851  8.794  -20.968 0.0000000000
80878  -11.985  8.619  -20.885 0.0000000000
81735  -12.047  8.970  -20.929 0.0000000000
80876  -11.338  8.655  -20.854 0.0000000000
80031  -12.208  8.362  -21.859 0.0000000000
80032  -12.153  8.260  -22.001 0.0000000000
80899  -12.277  8.802  -22.138 0.0000000000
80026  -12.028  8.256  -21.850 0.0000000000
80025  -11.849  8.097  -21.950 0.0000000000
80024  -11.339  8.010  -21.790 0.0000000000
80892  -11.082  8.397  -21.392 0.0000000000
80023  -11.049  8.067  -21.489 0.0000000000
80017  -10.998  8.346  -21.381 0.0000000000
80887  -10.986  8.645  -21.127 0.0000000000
80874  -10.845  8.700  -20.992 0.0000000000
80016  -10.799  8.147  -21.584 0.0000000000
80886  -10.313  8.481  -21.241 0.0000000000
80873  -10.301  8.802  -21.007 0.0000000000
80015  -10.186  8.077  -21.496 0.0000000000
80885  -9.913  8.344  -21.069 0.0000000000
80872  -10.030  8.652  -21.060 0.0000000000
80014  -10.032  8.103  -21.175 0.0000000000
80861  -10.933  8.372  -20.530 0.0000000000
80862  -11.019  8.584  -20.728 0.0000000000
80860  -10.202  8.801  -20.706 0.0000000000
81722  -10.019  8.856  -21.010 0.0000000000
81731  -10.097  8.705  -21.011 0.0000000000
79128  -12.448  7.997  -22.123 0.0000000000
79124  -12.215  7.979  -21.735 0.0000000000
80027  -12.158  8.030  -21.784 0.0000000000
80035  -12.524  8.274  -22.277 0.0000000000
79123  -11.998  8.000  -21.657 0.0000000000
79122  -11.605  7.990  -21.778 0.0000000000
79121  -11.122  7.986  -21.565 0.0000000000
79120  -11.001  7.982  -21.591 0.0000000000
80022  -11.007  8.012  -21.636 0.0000000000
79119  -10.751  7.869  -21.569 0.0000000000
80021  -10.545  8.018  -21.656 0.0000000000
79118  -10.254  8.004  -21.406 0.0000000000
79114  -10.011  8.017  -21.346 0.0000000000
78199  -12.807  7.572  -21.985 0.0000000000
78195  -12.419  7.563  -21.796 0.0000000000
79129  -12.603  7.951  -22.007 0.0000000000
79134  -12.891  7.984  -22.201 0.0000000000
79133  -12.672  8.018  -22.109 0.0000000000
78194  -12.069  7.546  -21.633 0.0000000000
78193  -12.009  7.470  -21.868 0.0000000000
78192  -11.393  7.554  -21.625 0.0000000000
78191  -11.003  7.609  -21.556 0.0000000000
78190  -10.965  7.541  -21.619 0.0000000000
78189  -10.378  7.837  -21.621 0.0000000000
78184  -10.119  7.661  -21.295 0.0000000000
77244  -12.540  7.016  -22.238 0.0000000000
77239  -12.500  7.093  -21.945 0.0000000000
78200  -12.955  7.637  -22.031 0.0000000000
77238  -12.187  7.112  -21.675 0.0000000000
77237  -11.992  7.039  -21.637 0.0000000000
77236  -11.681  7.030  -21.789 0.0000000000
77235  -11.144  7.133  -21.655 0.0000000000
77234  -10.961  7.141  -21.519 0.0000000000
77233  -10.982  7.125  -21.617 0.0000000000
77227  -10.491  7.116  -21.304 0.0000000000
76322  -12.409  6.896  -22.000 0.0000000000
76325  -12.557  6.897  -22.080 0.0000000000
77249  -12.803  6.989  -22.188 0.0000000000
77250  -12.900  7.019  -22.284 0.0000000000
77245  -12.818  7.138  -22.380 0.0000000000
76317  -12.198  6.901  -21.834 0.0000000000
76316  -12.007  6.993  -21.746 0.0000000000
76315  -11.855  6.929  -21.686 0.0000000000
76314  -11.424  7.015  -21.632 0.0000000000
76313  -11.068  6.943  -21.515 0.0000000000
75492  -12.616  6.661  -22.282 0.0000000000
75488  -12.639  6.420  -22.086 0.0000000000
76326  -12.763  6.947  -22.327 0.0000000000
75483  -12.472  6.517  -21.911 0.0000000000
75482  -12.138  6.530  -21.787 0.0000000000
75481  -12.014  6.588  -21.630 0.0000000000
75480  -11.492  6.536  -21.601 0.0000000000
75479  -11.037  6.929  -21.587 0.0000000000
75493  -12.855  6.459  -22.260 0.0000000000
74664  -12.721  6.002  -22.007 0.0000000000
74665  -12.860  5.963  -22.103 0.0000000000
75489  -12.789  6.112  -22.177 0.0000000000
74658  -12.397  6.123  -21.772 0.0000000000
74657  -12.012  6.078  -21.644 0.0000000000
74656  -11.870  6.028  -21.587 0.0000000000
74655  -11.568  6.016  -21.403 0.0000000000
75476  -11.247  6.321  -21.430 0.0000000000
75475  -11.045  6.494  -21.504 0.0000000000
74669  -12.968  5.967  -22.123 0.0000000000
74670  -12.991  6.064  -22.195 0.0000000000
75494  -13.029  6.412  -22.310 0.0000000000
76327  -12.991  6.984  -22.364 0.0000000000
74671  -13.292  6.019  -22.309 0.0000000000
75495  -13.631  6.568  -22.520 0.0000000000
76328  -13.300  6.995  -22.492 0.0000000000
74672  -13.773  6.038  -22.364 0.0000000000
75496  -13.947  6.421  -22.422 0.0000000000
75501  -13.974  6.738  -22.670 0.0000000000
75500  -13.857  6.860  -22.666 0.0000000000
76332  -13.651  6.981  -22.675 0.0000000000
76333  -13.964  6.992  -22.646 0.0000000000
75502  -13.988  6.668  -22.541 0.0000000000
76334  -13.997  6.947  -22.600 0.0000000000
75497  -14.025  6.145  -22.419 0.0000000000
75503  -14.249  6.699  -22.661 0.0000000000
76335  -14.168  6.985  -22.591 0.0000000000
75498  -14.796  6.434  -22.303 0.0000000000
76329  -14.641  6.989  -22.490 0.0000000000
77251  -12.942  6.998  -22.471 0.0000000000
76331  -13.139  7.020  -22.474 0.0000000000
76330  -14.999  6.992  -22.117 0.0000000000
77253  -14.851  7.092  -22.212 0.0000000000
77259  -14.402  7.027  -22.503 0.0000000000
77255  -13.429  7.127  -22.469 0.0000000000
77256  -13.823  7.051  -22.649 0.0000000000
77257  -13.997  7.067  -22.566 0.0000000000
77258  -14.050  7.030  -22.591 0.0000000000
78204  -12.971  7.624  -22.291 0.0000000000
78205  -13.012  7.650  -22.349 0.0000000000
78210  -13.045  7.296  -22.448 0.0000000000
77254  -14.987  7.085  -22.031 0.0000000000
77246  -14.990  7.221  -21.995 0.0000000000
78209  -14.762  7.726  -22.093 0.0000000000
77252  -14.148  7.287  -22.454 0.0000000000
77247  -14.953  7.113  -22.012 0.0000000000
76323  -15.045  6.887  -22.019 0.0000000000
78211  -13.404  7.324  -22.738 0.0000000000
78212  -13.894  7.378  -22.478 0.0000000000
78213  -14.031  7.494  -22.483 0.0000000000
79135  -13.005  7.982  -22.289 0.0000000000
78206  -13.685  8.008  -22.449 0.0000000000
79136  -13.455  7.999  -22.240 0.0000000000
78207  -14.014  7.955  -22.245 0.0000000000
79137  -13.962  7.995  -22.147 0.0000000000
78208  -14.041  7.883  -22.193 0.0000000000
79138  -14.046  7.998  -22.125 0.0000000000
78201  -14.258  7.964  -22.024 0.0000000000
79131  -14.103  8.003  -22.035 0.0000000000
78202  -14.794  7.746  -22.016 0.0000000000
79132  -14.211  7.990  -21.989 0.0000000000
79125  -14.195  8.013  -21.915 0.0000000000
80029  -14.240  8.219  -21.913 0.0000000000
80034  -13.990  8.016  -21.985 0.0000000000
79130  -13.988  7.990  -22.047 0.0000000000
79126  -14.673  7.937  -21.561 0.0000000000
80036  -12.944  8.025  -22.450 0.0000000000
80037  -12.993  8.109  -22.337 0.0000000000
80038  -13.293  8.252  -22.318 0.0000000000
80039  -13.924  8.086  -22.212 0.0000000000
80033  -13.959  8.118  -22.072 0.0000000000
80030  -14.388  8.011  -21.547 0.0000000000
80018  -14.352  8.400  -21.499 0.0000000000
80019  -14.687  8.147  -21.292 0.0000000000
80897  -14.029  8.764  -21.646 0.0000000000
80028  -13.974  8.191  -21.979 0.0000000000
80896  -14.036  8.672  -21.903 0.0000000000
80901  -13.850  8.561  -21.950 0.0000000000
80906  -14.001  8.405  -22.047 0.0000000000
80902  -12.682  8.678  -22.347 0.0000000000
80903  -12.991  8.655  -22.440 0.0000000000
80904  -12.987  8.711  -22.337 0.0000000000
80905  -13.567  8.683  -22.317 0.0000000000
81749  -13.970  8.944  -21.593 0.0000000000
81748  -13.809  9.014  -21.683 0.0000000000
80890  -14.292  8.740  -21.081 0.0000000000
81743  -14.066  9.000  -21.378 0.0000000000
81756  -12.567  9.087  -22.020 0.0000000000
81755  -13.705  8.945  -21.958 0.0000000000
80900  -13.874  8.975  -22.000 0.0000000000
81757  -12.907  9.020  -22.275 0.0000000000
81758  -13.062  9.017  -22.217 0.0000000000
81759  -13.279  9.014  -22.279 0.0000000000
81754  -13.439  8.993  -22.041 0.0000000000
80879  -12.148  8.688  -20.983 0.0000000000
81736  -12.533  8.944  -20.812 0.0000000000
82528  -12.275  9.001  -20.907 0.0000000000
81738  -14.250  8.941  -21.015 0.0000000000
82534  -14.196  9.141  -21.186 0.0000000000
81742  -14.000  9.025  -21.485 0.0000000000
82533  -13.987  9.230  -21.252 0.0000000000
82540  -13.948  9.069  -21.469 0.0000000000
81747  -13.562  9.008  -21.896 0.0000000000
82542  -12.773  9.253  -21.992 0.0000000000
81752  -12.735  9.122  -22.068 0.0000000000
82543  -12.954  9.279  -22.161 0.0000000000
81753  -13.181  9.108  -22.145 0.0000000000
82546  -12.999  9.108  -22.321 0.0000000000
82547  -13.075  9.160  -22.228 0.0000000000
82520  -12.473  9.088  -20.707 0.0000000000
82519  -12.076  9.354  -20.887 0.0000000000
82529  -13.976  9.418  -21.068 0.0000000000
83253  -13.975  9.629  -21.098 0.0000000000
83260  -13.944  9.400  -21.269 0.0000000000
83241  -12.131  9.835  -20.714 0.0000000000
83948  -12.188  9.999  -20.487 0.0000000000
83242  -12.992  9.388  -20.334 0.0000000000
83234  -12.635  9.991  -20.190 0.0000000000
82521  -12.996  9.162  -20.365 0.0000000000
83235  -12.977  9.678  -20.041 0.0000000000
83248  -14.018  9.902  -20.998 0.0000000000
83961  -14.003  10.018  -21.002 0.0000000000
83252  -13.814  9.948  -21.112 0.0000000000
83940  -12.160  10.076  -20.278 0.0000000000
83941  -12.490  10.006  -20.201 0.0000000000
83960  -13.655  9.992  -21.176 0.0000000000
84676  -12.151  10.479  -20.253 0.0000000000
83942  -12.743  9.858  -19.994 0.0000000000
83922  -12.613  9.986  -20.003 0.0000000000
84677  -12.383  10.242  -20.159 0.0000000000
82514  -13.012  9.519  -20.003 0.0000000000
83236  -13.112  9.519  -20.030 0.0000000000
83225  -13.012  9.888  -20.004 0.0000000000
81723  -12.584  9.009  -20.768 0.0000000000
81724  -12.863  8.994  -20.614 0.0000000000
80891  -14.644  8.458  -21.066 0.0000000000
80882  -14.359  8.787  -20.994 0.0000000000
80883  -14.624  8.591  -20.983 0.0000000000
81739  -14.347  8.825  -20.986 0.0000000000
79116  -15.025  7.991  -21.090 0.0000000000
79115  -14.896  7.993  -21.253 0.0000000000
80020  -14.975  8.066  -21.082 0.0000000000
80009  -14.922  8.189  -21.042 0.0000000000
80010  -14.987  8.104  -20.973 0.0000000000
79127  -14.919  7.843  -21.358 0.0000000000
78196  -14.838  7.642  -21.661 0.0000000000
79117  -15.066  7.895  -21.179 0.0000000000
78185  -15.007  7.777  -21.288 0.0000000000
78197  -14.956  7.551  -21.593 0.0000000000
79107  -15.034  8.043  -21.036 0.0000000000
79108  -15.086  8.003  -21.010 0.0000000000
78203  -14.989  7.244  -21.866 0.0000000000
78198  -15.078  7.391  -21.611 0.0000000000
77240  -15.095  7.116  -21.864 0.0000000000
78186  -15.332  7.696  -21.273 0.0000000000
76324  -15.055  6.835  -21.893 0.0000000000
77248  -15.071  7.096  -21.969 0.0000000000
77241  -15.268  7.048  -21.827 0.0000000000
76319  -15.871  6.975  -21.500 0.0000000000
76318  -15.231  6.931  -21.897 0.0000000000
77242  -15.883  7.032  -21.441 0.0000000000
77229  -15.703  7.151  -21.314 0.0000000000
78187  -15.746  7.432  -21.052 0.0000000000
78177  -15.331  7.795  -21.012 0.0000000000
77230  -16.008  7.187  -21.239 0.0000000000
78188  -15.936  7.367  -21.108 0.0000000000
78178  -15.755  7.589  -21.001 0.0000000000
78179  -15.968  7.334  -21.016 0.0000000000
77231  -16.106  7.220  -21.139 0.0000000000
83923  -12.898  9.963  -19.953 0.0000000000
79109  -15.294  7.909  -20.993 0.0000000000
77243  -16.027  7.084  -21.332 0.0000000000
