#!ascii label  , from subject  vox2ras=TkReg
326
38146  -22.845  -7.927  -9.386 0.0000000000
38162  -22.541  -8.012  -9.629 0.0000000000
38145  -22.312  -7.945  -9.595 0.0000000000
39054  -22.806  -7.630  -9.185 0.0000000000
38163  -22.921  -8.032  -9.509 0.0000000000
38147  -23.003  -8.003  -9.301 0.0000000000
39055  -23.090  -7.859  -9.150 0.0000000000
38148  -23.150  -7.975  -9.128 0.0000000000
37318  -23.082  -8.090  -9.517 0.0000000000
38132  -23.149  -7.847  -9.200 0.0000000000
38133  -23.079  -7.960  -8.992 0.0000000000
37308  -23.456  -8.231  -8.997 0.0000000000
37319  -23.188  -8.241  -9.175 0.0000000000
37330  -22.555  -8.069  -9.747 0.0000000000
37329  -22.222  -8.166  -9.722 0.0000000000
38161  -22.122  -8.031  -9.738 0.0000000000
37331  -23.014  -8.409  -9.710 0.0000000000
39053  -22.020  -7.516  -9.523 0.0000000000
39034  -22.907  -7.369  -8.967 0.0000000000
39035  -22.993  -7.554  -9.150 0.0000000000
40001  -22.744  -7.175  -8.995 0.0000000000
40000  -22.322  -7.019  -9.156 0.0000000000
39999  -21.990  -7.049  -9.300 0.0000000000
39980  -22.541  -7.055  -8.986 0.0000000000
40953  -22.151  -6.962  -9.184 0.0000000000
39981  -22.915  -7.055  -8.956 0.0000000000
40940  -22.545  -6.915  -8.978 0.0000000000
40952  -22.000  -6.985  -9.293 0.0000000000
40939  -22.062  -6.800  -9.047 0.0000000000
39998  -21.810  -6.987  -9.264 0.0000000000
40951  -21.817  -6.954  -9.399 0.0000000000
41882  -21.981  -6.562  -9.175 0.0000000000
39997  -21.312  -7.017  -9.372 0.0000000000
40950  -21.203  -6.895  -9.337 0.0000000000
41881  -21.760  -6.468  -9.335 0.0000000000
40941  -23.036  -6.986  -9.000 0.0000000000
41870  -22.159  -6.360  -8.963 0.0000000000
41871  -22.881  -6.555  -8.996 0.0000000000
41869  -22.043  -6.278  -9.023 0.0000000000
39052  -21.939  -7.375  -9.294 0.0000000000
39051  -21.412  -7.095  -9.303 0.0000000000
39050  -21.058  -7.013  -9.301 0.0000000000
40019  -20.981  -7.113  -9.453 0.0000000000
39996  -21.020  -6.972  -9.494 0.0000000000
39982  -23.015  -7.190  -8.851 0.0000000000
39071  -22.037  -7.966  -9.752 0.0000000000
39070  -22.010  -7.794  -9.584 0.0000000000
39069  -21.610  -7.643  -9.546 0.0000000000
39068  -21.015  -7.476  -9.620 0.0000000000
39036  -23.099  -7.608  -9.013 0.0000000000
37328  -21.983  -8.150  -9.701 0.0000000000
38160  -21.979  -7.989  -9.665 0.0000000000
37327  -21.818  -8.083  -9.676 0.0000000000
38159  -21.702  -7.989  -9.739 0.0000000000
37344  -21.657  -8.159  -9.856 0.0000000000
38173  -21.493  -8.024  -9.928 0.0000000000
38158  -21.266  -7.992  -9.965 0.0000000000
38172  -21.213  -8.014  -9.970 0.0000000000
38157  -20.999  -7.867  -9.957 0.0000000000
38171  -21.000  -7.987  -10.007 0.0000000000
39067  -20.979  -7.497  -9.737 0.0000000000
39080  -20.944  -7.805  -9.962 0.0000000000
38118  -23.329  -8.032  -8.710 0.0000000000
37291  -23.486  -8.240  -8.858 0.0000000000
38112  -23.474  -7.991  -8.080 0.0000000000
37285  -23.326  -8.117  -8.178 0.0000000000
38113  -23.598  -7.987  -8.204 0.0000000000
38119  -23.457  -8.001  -8.753 0.0000000000
39024  -23.195  -7.533  -9.008 0.0000000000
38108  -23.559  -7.799  -8.019 0.0000000000
39017  -23.728  -7.538  -8.065 0.0000000000
39025  -23.449  -7.390  -8.660 0.0000000000
38107  -23.546  -7.976  -8.004 0.0000000000
37280  -23.273  -8.085  -7.982 0.0000000000
38103  -23.636  -7.832  -7.968 0.0000000000
39010  -23.703  -7.375  -8.021 0.0000000000
38102  -23.422  -7.979  -7.909 0.0000000000
37273  -23.595  -7.995  -7.750 0.0000000000
39004  -23.798  -7.402  -7.975 0.0000000000
38101  -23.146  -7.971  -7.467 0.0000000000
37272  -23.265  -8.129  -7.628 0.0000000000
38095  -23.280  -7.979  -7.382 0.0000000000
39003  -23.549  -7.649  -7.414 0.0000000000
38094  -23.039  -7.838  -7.186 0.0000000000
37260  -23.015  -8.018  -7.402 0.0000000000
38997  -23.227  -7.718  -7.029 0.0000000000
38093  -22.820  -7.780  -7.169 0.0000000000
37259  -23.073  -8.008  -7.220 0.0000000000
38996  -23.003  -7.660  -7.010 0.0000000000
38092  -22.372  -7.972  -7.080 0.0000000000
37258  -22.637  -8.018  -7.211 0.0000000000
38083  -22.596  -7.966  -7.023 0.0000000000
38983  -22.846  -7.573  -7.013 0.0000000000
38995  -23.006  -7.611  -7.027 0.0000000000
38091  -21.988  -7.964  -7.089 0.0000000000
37257  -22.078  -8.014  -7.110 0.0000000000
38082  -22.171  -7.933  -7.042 0.0000000000
38090  -21.825  -7.945  -7.062 0.0000000000
37256  -21.736  -8.008  -7.060 0.0000000000
38081  -21.958  -7.907  -6.987 0.0000000000
38080  -21.744  -7.942  -6.971 0.0000000000
37248  -21.690  -8.012  -7.000 0.0000000000
38982  -22.358  -7.832  -6.978 0.0000000000
38981  -22.014  -7.785  -6.870 0.0000000000
38980  -21.973  -7.698  -6.942 0.0000000000
38079  -21.302  -8.025  -6.655 0.0000000000
37247  -21.376  -8.115  -6.818 0.0000000000
38077  -21.357  -7.921  -6.625 0.0000000000
38972  -21.898  -7.507  -6.641 0.0000000000
38076  -20.995  -7.967  -6.330 0.0000000000
37242  -21.188  -8.073  -6.546 0.0000000000
38971  -21.322  -7.681  -6.163 0.0000000000
38075  -21.025  -7.982  -6.027 0.0000000000
37241  -20.996  -8.081  -6.432 0.0000000000
38072  -21.011  -7.935  -6.036 0.0000000000
38965  -21.342  -7.663  -6.019 0.0000000000
36549  -21.958  -8.448  -9.992 0.0000000000
36548  -21.494  -8.261  -10.003 0.0000000000
37343  -21.251  -8.007  -10.030 0.0000000000
37345  -21.998  -8.304  -9.900 0.0000000000
37356  -21.013  -8.195  -10.193 0.0000000000
37355  -20.965  -8.151  -10.176 0.0000000000
37342  -21.007  -8.075  -10.000 0.0000000000
36537  -23.080  -8.787  -9.766 0.0000000000
36536  -22.988  -8.725  -9.923 0.0000000000
37347  -22.756  -8.367  -9.978 0.0000000000
37346  -22.135  -8.267  -9.958 0.0000000000
36528  -23.538  -8.747  -9.101 0.0000000000
36527  -23.197  -8.586  -9.472 0.0000000000
36518  -23.369  -8.819  -9.015 0.0000000000
36497  -23.396  -8.833  -8.736 0.0000000000
37284  -23.012  -8.299  -7.985 0.0000000000
36491  -23.133  -8.606  -8.304 0.0000000000
37279  -23.127  -8.296  -7.911 0.0000000000
36490  -22.996  -8.636  -8.189 0.0000000000
37278  -22.988  -8.592  -7.985 0.0000000000
36486  -22.988  -8.494  -8.002 0.0000000000
37271  -22.948  -8.210  -7.531 0.0000000000
36485  -22.651  -8.707  -7.974 0.0000000000
37270  -22.288  -8.093  -7.208 0.0000000000
36476  -22.407  -8.533  -7.607 0.0000000000
37269  -21.966  -8.110  -7.207 0.0000000000
36475  -22.003  -8.504  -7.564 0.0000000000
37268  -21.743  -8.201  -7.259 0.0000000000
36474  -22.011  -8.505  -7.646 0.0000000000
37267  -21.250  -8.404  -7.265 0.0000000000
36473  -21.715  -8.646  -7.819 0.0000000000
37255  -21.216  -8.263  -7.012 0.0000000000
36472  -21.047  -8.665  -7.467 0.0000000000
37254  -21.004  -8.381  -7.005 0.0000000000
36465  -21.003  -8.425  -7.153 0.0000000000
37246  -21.025  -8.303  -6.896 0.0000000000
36464  -20.946  -8.249  -7.133 0.0000000000
36560  -21.879  -8.657  -10.287 0.0000000000
36561  -21.995  -8.570  -10.244 0.0000000000
36550  -21.995  -8.326  -10.017 0.0000000000
36559  -21.170  -8.643  -10.586 0.0000000000
35789  -23.209  -9.030  -9.606 0.0000000000
35788  -23.017  -8.992  -9.807 0.0000000000
36538  -23.177  -8.981  -9.590 0.0000000000
35798  -22.957  -8.945  -10.028 0.0000000000
36553  -23.037  -8.960  -9.934 0.0000000000
36552  -22.858  -8.732  -10.048 0.0000000000
35778  -23.347  -8.985  -9.029 0.0000000000
35747  -23.077  -8.961  -8.988 0.0000000000
35770  -23.161  -9.011  -8.961 0.0000000000
36496  -23.090  -8.912  -8.583 0.0000000000
35746  -23.042  -9.007  -8.766 0.0000000000
35741  -23.035  -8.964  -8.516 0.0000000000
36489  -22.738  -8.668  -8.127 0.0000000000
35740  -22.692  -8.879  -8.250 0.0000000000
35732  -22.535  -8.912  -8.046 0.0000000000
36484  -22.128  -8.867  -7.963 0.0000000000
35731  -22.114  -8.888  -7.994 0.0000000000
36483  -22.000  -8.817  -7.956 0.0000000000
35730  -22.002  -8.943  -7.993 0.0000000000
36482  -21.742  -8.847  -8.001 0.0000000000
35729  -21.785  -8.915  -8.029 0.0000000000
36481  -21.369  -8.836  -7.867 0.0000000000
35728  -21.338  -8.911  -7.998 0.0000000000
35721  -21.068  -8.969  -7.885 0.0000000000
36471  -20.982  -8.499  -7.625 0.0000000000
35720  -21.014  -8.983  -7.822 0.0000000000
35050  -23.035  -9.049  -9.982 0.0000000000
35057  -23.015  -9.304  -10.044 0.0000000000
35810  -22.978  -9.050  -10.075 0.0000000000
35809  -22.672  -8.901  -10.274 0.0000000000
35797  -22.999  -8.956  -10.039 0.0000000000
35041  -23.553  -9.065  -9.266 0.0000000000
35051  -23.367  -9.135  -9.829 0.0000000000
35032  -23.308  -9.094  -9.012 0.0000000000
35769  -23.169  -9.081  -8.917 0.0000000000
35031  -23.221  -9.317  -8.986 0.0000000000
35008  -23.102  -9.126  -8.890 0.0000000000
35745  -22.927  -8.987  -8.549 0.0000000000
35007  -22.991  -9.170  -8.804 0.0000000000
35744  -22.400  -8.984  -8.277 0.0000000000
35006  -22.454  -9.270  -8.675 0.0000000000
35739  -22.210  -8.966  -8.138 0.0000000000
35000  -22.282  -9.021  -8.238 0.0000000000
35738  -21.979  -8.953  -8.093 0.0000000000
34999  -22.122  -9.029  -8.198 0.0000000000
35737  -21.649  -9.028  -8.010 0.0000000000
34998  -21.998  -9.058  -8.213 0.0000000000
35736  -21.212  -8.986  -8.112 0.0000000000
34997  -21.357  -9.199  -8.281 0.0000000000
35735  -21.016  -8.978  -8.016 0.0000000000
34996  -21.029  -9.183  -8.137 0.0000000000
35727  -21.015  -8.991  -7.923 0.0000000000
34352  -23.026  -9.672  -9.996 0.0000000000
34361  -23.032  -9.699  -10.131 0.0000000000
35070  -23.022  -9.445  -10.231 0.0000000000
35040  -23.150  -9.306  -9.585 0.0000000000
34344  -23.011  -9.792  -9.470 0.0000000000
35030  -22.984  -9.408  -8.976 0.0000000000
34334  -23.000  -9.602  -9.015 0.0000000000
35029  -22.604  -9.703  -8.999 0.0000000000
34333  -22.677  -9.761  -9.046 0.0000000000
34332  -22.331  -9.852  -8.981 0.0000000000
35005  -22.044  -9.322  -8.470 0.0000000000
34309  -22.169  -9.651  -8.781 0.0000000000
35004  -21.987  -9.441  -8.595 0.0000000000
34308  -22.011  -9.705  -8.922 0.0000000000
35003  -21.622  -9.721  -8.673 0.0000000000
34307  -21.719  -9.874  -8.921 0.0000000000
34306  -21.120  -9.875  -8.669 0.0000000000
34295  -21.037  -9.476  -8.238 0.0000000000
33711  -23.001  -10.006  -10.008 0.0000000000
33722  -23.021  -10.003  -10.272 0.0000000000
34374  -23.009  -9.803  -10.310 0.0000000000
33699  -23.010  -10.020  -9.818 0.0000000000
34343  -23.011  -9.899  -9.156 0.0000000000
33689  -23.001  -9.906  -9.390 0.0000000000
33688  -22.765  -9.993  -9.318 0.0000000000
33676  -22.474  -10.003  -9.013 0.0000000000
34331  -22.000  -9.948  -9.017 0.0000000000
33675  -22.081  -9.977  -9.035 0.0000000000
34330  -21.944  -9.956  -8.997 0.0000000000
33674  -21.972  -10.019  -9.022 0.0000000000
33673  -21.717  -10.013  -8.922 0.0000000000
33659  -21.452  -9.997  -8.763 0.0000000000
33687  -22.215  -9.999  -9.114 0.0000000000
33686  -22.032  -10.076  -9.064 0.0000000000
33721  -22.972  -9.994  -10.583 0.0000000000
34373  -22.957  -9.641  -10.744 0.0000000000
35069  -22.680  -9.015  -10.527 0.0000000000
35068  -22.267  -9.077  -10.511 0.0000000000
35808  -22.199  -8.938  -10.493 0.0000000000
36563  -22.680  -8.684  -10.145 0.0000000000
36562  -22.346  -8.635  -10.238 0.0000000000
36551  -22.526  -8.405  -10.009 0.0000000000
35806  -21.768  -8.970  -10.552 0.0000000000
35805  -21.322  -8.914  -10.344 0.0000000000
35820  -21.425  -8.952  -10.813 0.0000000000
36571  -21.031  -8.702  -11.011 0.0000000000
37363  -20.990  -8.473  -10.828 0.0000000000
35807  -22.013  -8.979  -10.346 0.0000000000
35836  -21.242  -8.939  -11.074 0.0000000000
36583  -21.018  -8.742  -10.979 0.0000000000
36570  -20.985  -8.577  -10.927 0.0000000000
38184  -20.918  -8.044  -10.386 0.0000000000
37362  -20.989  -8.204  -10.638 0.0000000000
37374  -20.924  -8.246  -10.973 0.0000000000
38192  -20.986  -8.002  -10.862 0.0000000000
36582  -20.945  -8.741  -11.003 0.0000000000
37385  -20.944  -8.228  -11.130 0.0000000000
38198  -20.959  -8.003  -11.039 0.0000000000
39091  -20.941  -7.889  -10.084 0.0000000000
38183  -20.849  -7.975  -10.623 0.0000000000
38191  -20.820  -7.956  -11.004 0.0000000000
39100  -20.784  -7.766  -11.071 0.0000000000
39109  -20.771  -7.569  -11.052 0.0000000000
38210  -21.019  -7.987  -11.328 0.0000000000
39121  -20.906  -7.636  -11.207 0.0000000000
38954  -21.214  -7.710  -5.945 0.0000000000
38955  -21.562  -7.472  -6.004 0.0000000000
38966  -21.828  -7.302  -6.099 0.0000000000
39881  -21.909  -7.143  -5.992 0.0000000000
39900  -22.008  -7.198  -6.001 0.0000000000
38967  -22.016  -7.283  -6.192 0.0000000000
38973  -21.946  -7.548  -6.536 0.0000000000
39956  -23.758  -7.046  -8.004 0.0000000000
39964  -23.586  -6.987  -8.195 0.0000000000
39972  -23.530  -6.975  -8.434 0.0000000000
39971  -23.225  -6.989  -8.804 0.0000000000
39983  -23.068  -7.175  -9.007 0.0000000000
39066  -20.708  -7.434  -9.745 0.0000000000
40018  -20.867  -7.163  -9.625 0.0000000000
39079  -20.650  -7.503  -9.989 0.0000000000
39090  -20.621  -7.519  -10.334 0.0000000000
39099  -20.679  -7.473  -10.982 0.0000000000
40926  -23.777  -6.972  -7.988 0.0000000000
39963  -23.414  -6.992  -8.402 0.0000000000
40925  -23.589  -6.992  -8.154 0.0000000000
40933  -23.136  -7.000  -8.691 0.0000000000
39970  -23.009  -7.030  -8.847 0.0000000000
40932  -23.008  -6.931  -8.856 0.0000000000
40942  -23.027  -6.903  -8.950 0.0000000000
41864  -23.003  -6.518  -8.767 0.0000000000
41863  -23.013  -6.464  -8.900 0.0000000000
41872  -23.035  -6.657  -8.984 0.0000000000
42777  -23.014  -5.992  -8.806 0.0000000000
42787  -22.945  -6.071  -8.952 0.0000000000
42785  -22.106  -6.025  -8.974 0.0000000000
42784  -22.023  -6.099  -9.078 0.0000000000
42797  -21.949  -6.055  -9.185 0.0000000000
42786  -22.816  -6.040  -9.022 0.0000000000
43660  -22.060  -6.034  -9.071 0.0000000000
43661  -22.253  -5.980  -8.998 0.0000000000
43662  -22.907  -5.882  -8.959 0.0000000000
43654  -22.984  -5.845  -8.817 0.0000000000
43663  -23.032  -5.787  -8.963 0.0000000000
44593  -22.673  -5.527  -8.994 0.0000000000
44594  -22.985  -5.538  -8.995 0.0000000000
44583  -23.039  -5.412  -8.902 0.0000000000
45535  -22.919  -5.170  -8.946 0.0000000000
38941  -21.239  -7.812  -5.886 0.0000000000
38063  -21.014  -7.956  -5.873 0.0000000000
35821  -21.684  -9.080  -10.764 0.0000000000
35823  -22.020  -9.013  -10.627 0.0000000000
35822  -21.947  -8.971  -10.645 0.0000000000
35084  -22.238  -9.519  -10.962 0.0000000000
35083  -22.020  -9.162  -10.740 0.0000000000
35082  -21.809  -9.242  -10.838 0.0000000000
35081  -21.718  -9.125  -10.895 0.0000000000
35837  -21.774  -8.954  -10.972 0.0000000000
