#!ascii label  , from subject  vox2ras=TkReg
990
60176  -23.737  0.508  -10.103 0.0000000000
60167  -23.756  0.288  -10.000 0.0000000000
59285  -23.747  0.083  -10.022 0.0000000000
59293  -23.733  0.148  -10.440 0.0000000000
60185  -23.789  0.443  -10.761 0.0000000000
60175  -23.555  0.722  -9.986 0.0000000000
60166  -23.222  0.867  -9.845 0.0000000000
61075  -23.651  0.844  -10.010 0.0000000000
61085  -23.637  0.978  -10.323 0.0000000000
59306  -23.739  0.119  -10.927 0.0000000000
60196  -23.765  0.540  -10.982 0.0000000000
61093  -23.755  0.988  -10.933 0.0000000000
59321  -23.588  0.064  -10.992 0.0000000000
60211  -23.742  0.641  -11.172 0.0000000000
61105  -23.870  0.989  -11.031 0.0000000000
59335  -23.726  0.251  -11.578 0.0000000000
60226  -23.959  0.648  -11.455 0.0000000000
61120  -23.928  0.926  -11.277 0.0000000000
60249  -23.886  0.355  -11.981 0.0000000000
60250  -24.069  0.655  -11.917 0.0000000000
60227  -24.078  0.805  -11.638 0.0000000000
61121  -23.999  0.987  -11.462 0.0000000000
61140  -24.084  0.920  -11.793 0.0000000000
59360  -23.737  0.022  -12.017 0.0000000000
60269  -23.890  0.382  -12.005 0.0000000000
60270  -23.966  0.474  -12.013 0.0000000000
61160  -24.014  0.999  -12.012 0.0000000000
59378  -23.970  0.115  -11.999 0.0000000000
59379  -24.007  0.438  -12.009 0.0000000000
60287  -24.012  0.483  -12.314 0.0000000000
61181  -24.093  0.788  -12.159 0.0000000000
59396  -24.017  0.038  -12.435 0.0000000000
60303  -24.068  0.257  -12.905 0.0000000000
60288  -24.307  0.689  -12.927 0.0000000000
61182  -24.378  0.823  -12.545 0.0000000000
60304  -24.240  0.662  -13.010 0.0000000000
61200  -24.375  0.974  -12.971 0.0000000000
59409  -23.989  0.286  -12.974 0.0000000000
60315  -24.122  0.430  -13.018 0.0000000000
60316  -24.382  0.628  -13.144 0.0000000000
61211  -24.541  0.975  -13.021 0.0000000000
59422  -23.988  0.092  -12.990 0.0000000000
60330  -24.197  0.225  -13.378 0.0000000000
60331  -24.435  0.607  -13.373 0.0000000000
61225  -24.449  0.938  -13.460 0.0000000000
59433  -23.996  0.013  -13.767 0.0000000000
60344  -24.036  0.552  -13.963 0.0000000000
61224  -24.349  0.639  -13.987 0.0000000000
61074  -23.301  0.994  -10.001 0.0000000000
61084  -23.360  1.001  -10.087 0.0000000000
61967  -23.591  1.007  -10.474 0.0000000000
61977  -23.810  1.301  -10.739 0.0000000000
61989  -23.993  1.091  -11.008 0.0000000000
61106  -24.065  0.985  -11.202 0.0000000000
61990  -23.998  1.044  -11.108 0.0000000000
62005  -24.112  1.128  -11.402 0.0000000000
62018  -24.119  1.097  -11.798 0.0000000000
62037  -24.168  0.986  -11.969 0.0000000000
61161  -24.231  0.990  -12.147 0.0000000000
62038  -24.174  1.047  -12.001 0.0000000000
62059  -24.298  1.000  -12.415 0.0000000000
62079  -24.454  1.026  -12.899 0.0000000000
62094  -24.421  1.040  -13.042 0.0000000000
61239  -24.126  0.904  -13.986 0.0000000000
62106  -24.422  1.049  -13.422 0.0000000000
61240  -24.270  1.009  -13.855 0.0000000000
60353  -24.066  0.722  -14.079 0.0000000000
61253  -24.056  0.951  -14.152 0.0000000000
62119  -24.117  1.010  -14.013 0.0000000000
62120  -24.355  1.234  -13.946 0.0000000000
61966  -23.263  1.225  -10.227 0.0000000000
61976  -23.285  1.310  -10.819 0.0000000000
62878  -23.374  1.613  -10.919 0.0000000000
62887  -23.672  1.486  -11.009 0.0000000000
62004  -24.060  1.090  -11.161 0.0000000000
62903  -23.994  1.690  -11.213 0.0000000000
62904  -23.999  1.475  -11.404 0.0000000000
62918  -24.178  1.521  -11.735 0.0000000000
62019  -24.457  1.145  -12.011 0.0000000000
62919  -24.506  1.570  -11.927 0.0000000000
62933  -24.224  1.411  -12.040 0.0000000000
62951  -24.538  1.164  -12.279 0.0000000000
62975  -24.606  1.385  -12.992 0.0000000000
62992  -24.449  1.555  -13.106 0.0000000000
63006  -24.428  1.611  -13.487 0.0000000000
62135  -24.104  1.200  -14.070 0.0000000000
63019  -24.435  1.790  -14.003 0.0000000000
62136  -24.306  1.408  -13.998 0.0000000000
61258  -24.053  0.991  -14.371 0.0000000000
62148  -24.128  1.189  -14.428 0.0000000000
63034  -24.310  1.779  -13.993 0.0000000000
63033  -24.285  1.418  -14.225 0.0000000000
62877  -23.037  1.690  -10.913 0.0000000000
62886  -23.086  1.758  -11.044 0.0000000000
62885  -22.990  1.596  -11.030 0.0000000000
63818  -23.062  1.671  -11.318 0.0000000000
62902  -23.660  1.765  -11.061 0.0000000000
63828  -23.095  1.979  -11.473 0.0000000000
63829  -23.821  2.002  -11.717 0.0000000000
63830  -24.009  1.904  -11.722 0.0000000000
63845  -24.008  1.939  -12.001 0.0000000000
62932  -24.185  1.813  -11.981 0.0000000000
63860  -24.098  1.985  -12.109 0.0000000000
63861  -24.418  1.891  -12.148 0.0000000000
63873  -24.440  1.952  -12.788 0.0000000000
63895  -24.280  1.858  -12.991 0.0000000000
63916  -24.317  1.945  -13.034 0.0000000000
63932  -24.417  2.013  -13.596 0.0000000000
63943  -24.409  2.020  -13.997 0.0000000000
63047  -24.282  1.732  -14.861 0.0000000000
63048  -24.587  1.892  -14.282 0.0000000000
63956  -24.334  2.062  -14.042 0.0000000000
62153  -24.054  1.265  -15.003 0.0000000000
63059  -24.007  1.757  -14.869 0.0000000000
63970  -24.343  2.002  -14.433 0.0000000000
63969  -24.072  2.004  -14.880 0.0000000000
63817  -22.966  1.778  -11.356 0.0000000000
63827  -23.006  1.862  -11.597 0.0000000000
62901  -22.974  1.868  -11.407 0.0000000000
63826  -22.879  1.953  -11.822 0.0000000000
62900  -22.725  1.709  -11.466 0.0000000000
63841  -22.869  1.978  -11.998 0.0000000000
63842  -22.992  2.020  -11.882 0.0000000000
63843  -23.326  2.189  -11.816 0.0000000000
63844  -23.767  2.059  -11.909 0.0000000000
62917  -22.607  1.714  -11.960 0.0000000000
62931  -22.637  1.724  -11.992 0.0000000000
63857  -22.921  1.917  -12.119 0.0000000000
63858  -22.889  1.998  -12.176 0.0000000000
64747  -23.063  2.123  -12.003 0.0000000000
64748  -23.379  2.185  -12.002 0.0000000000
64749  -23.671  2.047  -11.971 0.0000000000
63859  -24.009  2.000  -12.017 0.0000000000
62950  -22.821  1.946  -12.566 0.0000000000
63870  -22.926  1.971  -12.568 0.0000000000
64761  -23.057  2.015  -12.035 0.0000000000
63871  -22.975  2.044  -12.495 0.0000000000
64763  -23.975  2.093  -12.189 0.0000000000
64764  -24.083  2.083  -12.356 0.0000000000
63872  -24.173  2.020  -12.519 0.0000000000
62974  -22.695  1.893  -12.936 0.0000000000
63892  -22.958  2.012  -12.934 0.0000000000
64775  -23.077  2.177  -12.438 0.0000000000
63893  -23.013  2.095  -12.792 0.0000000000
64778  -24.085  2.070  -12.811 0.0000000000
63894  -24.180  2.017  -12.870 0.0000000000
62991  -22.768  1.914  -12.984 0.0000000000
63913  -22.877  2.028  -13.007 0.0000000000
63914  -22.924  2.060  -12.910 0.0000000000
64795  -23.047  2.294  -12.961 0.0000000000
64819  -22.906  2.252  -13.070 0.0000000000
64798  -24.157  2.217  -12.928 0.0000000000
63915  -24.037  2.090  -12.997 0.0000000000
63912  -22.763  1.949  -13.098 0.0000000000
63931  -22.570  1.998  -13.417 0.0000000000
64818  -23.006  2.133  -13.016 0.0000000000
64839  -22.977  2.347  -13.308 0.0000000000
64822  -24.094  2.142  -13.037 0.0000000000
64823  -24.272  2.014  -13.188 0.0000000000
63930  -22.338  2.002  -13.565 0.0000000000
64838  -22.476  2.060  -13.511 0.0000000000
64842  -24.453  2.255  -13.554 0.0000000000
64859  -24.400  2.175  -14.002 0.0000000000
64872  -24.402  2.265  -14.168 0.0000000000
63984  -24.014  1.984  -14.969 0.0000000000
64884  -24.311  2.254  -14.665 0.0000000000
64883  -24.087  2.022  -15.023 0.0000000000
64762  -23.365  2.110  -11.995 0.0000000000
64776  -23.663  2.435  -12.660 0.0000000000
64777  -23.988  2.239  -12.632 0.0000000000
64796  -23.646  2.320  -12.951 0.0000000000
64797  -24.014  2.261  -12.995 0.0000000000
64820  -23.201  2.247  -12.988 0.0000000000
64821  -23.830  2.315  -13.072 0.0000000000
64840  -23.123  2.340  -13.135 0.0000000000
65690  -23.069  2.357  -13.153 0.0000000000
65710  -22.976  2.615  -13.464 0.0000000000
65691  -23.315  2.391  -13.025 0.0000000000
65692  -24.012  2.434  -13.108 0.0000000000
65693  -24.024  2.636  -13.406 0.0000000000
64841  -24.193  2.436  -13.379 0.0000000000
64857  -22.131  2.215  -13.991 0.0000000000
64858  -22.523  2.566  -13.967 0.0000000000
65709  -23.019  2.600  -13.528 0.0000000000
65730  -22.966  2.793  -13.797 0.0000000000
65713  -24.166  2.775  -13.766 0.0000000000
65714  -24.299  2.590  -13.901 0.0000000000
63942  -22.073  1.991  -13.951 0.0000000000
64856  -22.022  2.048  -13.973 0.0000000000
64871  -22.115  2.233  -14.102 0.0000000000
65729  -22.635  2.717  -14.009 0.0000000000
65748  -22.414  2.747  -14.155 0.0000000000
65733  -24.270  2.643  -14.032 0.0000000000
64870  -22.026  2.186  -14.100 0.0000000000
65747  -22.047  2.345  -14.448 0.0000000000
65750  -24.429  2.640  -14.337 0.0000000000
64899  -24.258  2.305  -15.070 0.0000000000
64900  -24.258  2.264  -14.995 0.0000000000
65761  -24.289  2.786  -14.924 0.0000000000
64912  -24.069  2.222  -15.137 0.0000000000
65774  -24.270  2.718  -14.999 0.0000000000
65773  -24.129  2.653  -15.105 0.0000000000
65711  -23.488  2.833  -13.540 0.0000000000
65712  -24.013  2.823  -13.555 0.0000000000
65731  -22.995  2.952  -13.849 0.0000000000
66586  -23.137  2.996  -13.765 0.0000000000
66587  -23.483  2.981  -13.911 0.0000000000
66588  -24.010  2.990  -13.812 0.0000000000
66589  -24.045  2.977  -13.920 0.0000000000
65732  -24.084  2.852  -13.975 0.0000000000
65749  -22.826  2.892  -14.032 0.0000000000
66603  -22.903  2.987  -14.014 0.0000000000
66604  -23.115  3.008  -13.926 0.0000000000
66607  -24.121  2.999  -13.977 0.0000000000
66608  -24.275  2.971  -13.987 0.0000000000
65759  -22.002  2.697  -14.507 0.0000000000
65760  -22.150  2.775  -14.738 0.0000000000
66624  -22.957  2.955  -14.207 0.0000000000
66641  -22.509  3.001  -14.406 0.0000000000
66625  -22.986  3.056  -14.064 0.0000000000
66628  -24.449  2.962  -14.438 0.0000000000
64882  -21.993  2.382  -14.256 0.0000000000
65758  -21.866  2.965  -14.641 0.0000000000
66639  -21.996  2.955  -14.624 0.0000000000
66640  -22.031  3.008  -14.566 0.0000000000
66643  -24.330  2.990  -14.995 0.0000000000
65790  -24.039  2.663  -15.202 0.0000000000
66654  -24.186  3.007  -15.007 0.0000000000
66653  -24.097  2.972  -15.111 0.0000000000
64911  -23.992  2.220  -15.090 0.0000000000
65789  -23.999  2.988  -15.243 0.0000000000
66669  -24.017  2.980  -15.408 0.0000000000
66605  -23.618  3.135  -13.888 0.0000000000
66606  -24.013  3.110  -13.867 0.0000000000
66626  -23.001  3.025  -13.955 0.0000000000
67476  -23.309  3.309  -13.947 0.0000000000
67475  -23.058  3.120  -13.996 0.0000000000
67477  -23.891  3.402  -13.937 0.0000000000
67478  -24.001  3.194  -13.964 0.0000000000
66627  -24.207  3.018  -14.008 0.0000000000
67498  -24.113  3.300  -14.052 0.0000000000
66642  -22.729  3.024  -14.208 0.0000000000
67495  -23.021  3.203  -14.050 0.0000000000
67494  -22.997  3.283  -14.168 0.0000000000
67499  -24.416  3.156  -14.267 0.0000000000
67515  -24.413  3.063  -14.762 0.0000000000
67528  -24.199  3.016  -14.992 0.0000000000
67527  -24.129  3.247  -15.053 0.0000000000
67496  -22.993  3.329  -14.000 0.0000000000
68363  -23.677  3.703  -13.917 0.0000000000
68362  -23.289  3.578  -14.009 0.0000000000
67497  -24.035  3.380  -14.010 0.0000000000
68380  -23.756  3.592  -14.151 0.0000000000
68381  -24.008  3.607  -14.239 0.0000000000
67514  -24.206  3.404  -14.730 0.0000000000
68398  -24.134  3.786  -14.566 0.0000000000
64881  -21.664  2.243  -14.514 0.0000000000
64869  -21.965  2.042  -14.104 0.0000000000
63955  -21.987  2.004  -14.047 0.0000000000
63941  -22.086  2.030  -13.992 0.0000000000
63954  -21.806  1.969  -14.129 0.0000000000
63032  -21.995  1.916  -14.049 0.0000000000
63017  -22.028  1.887  -13.989 0.0000000000
63953  -21.518  1.968  -14.413 0.0000000000
63031  -21.938  1.759  -14.113 0.0000000000
63968  -21.429  1.985  -14.489 0.0000000000
63030  -21.156  1.629  -14.320 0.0000000000
63967  -21.084  2.022  -14.824 0.0000000000
63018  -22.016  1.831  -13.961 0.0000000000
63005  -22.266  1.696  -13.732 0.0000000000
62990  -22.537  1.663  -13.093 0.0000000000
63016  -21.959  1.735  -14.067 0.0000000000
62134  -21.511  1.322  -14.125 0.0000000000
62117  -21.631  1.314  -13.958 0.0000000000
63029  -21.004  1.368  -14.322 0.0000000000
62133  -21.168  1.025  -14.152 0.0000000000
63046  -21.121  1.726  -14.584 0.0000000000
62132  -20.979  1.118  -14.222 0.0000000000
63045  -20.996  1.618  -14.562 0.0000000000
63004  -21.997  1.681  -13.883 0.0000000000
62118  -21.988  1.625  -14.011 0.0000000000
62989  -22.050  1.457  -13.314 0.0000000000
62105  -22.057  1.210  -13.626 0.0000000000
62093  -22.248  1.279  -12.986 0.0000000000
62973  -22.431  1.617  -12.988 0.0000000000
62092  -21.997  1.099  -13.022 0.0000000000
62078  -22.022  1.156  -12.844 0.0000000000
62949  -22.182  1.478  -12.321 0.0000000000
62058  -21.994  1.107  -12.385 0.0000000000
62930  -22.316  1.374  -12.030 0.0000000000
62036  -22.016  1.114  -12.045 0.0000000000
62916  -22.235  1.324  -11.957 0.0000000000
62017  -22.058  0.996  -11.806 0.0000000000
62899  -22.176  1.047  -11.320 0.0000000000
62884  -22.608  1.311  -11.036 0.0000000000
62003  -22.173  1.016  -11.267 0.0000000000
62883  -22.216  1.080  -11.026 0.0000000000
62876  -22.815  1.572  -10.998 0.0000000000
61988  -22.372  1.268  -10.960 0.0000000000
62875  -22.587  1.392  -10.995 0.0000000000
61987  -22.262  1.001  -10.966 0.0000000000
61975  -22.970  1.585  -10.600 0.0000000000
61974  -22.586  1.414  -10.792 0.0000000000
61251  -21.116  0.953  -14.152 0.0000000000
62116  -21.253  1.007  -14.016 0.0000000000
61238  -21.360  0.983  -13.846 0.0000000000
62104  -21.711  1.089  -13.626 0.0000000000
61237  -21.185  0.904  -13.994 0.0000000000
61223  -21.971  1.008  -13.280 0.0000000000
61222  -21.678  1.000  -13.476 0.0000000000
61210  -21.945  0.994  -13.037 0.0000000000
62077  -22.034  1.024  -12.795 0.0000000000
61199  -21.933  0.991  -12.759 0.0000000000
62057  -21.978  1.051  -12.424 0.0000000000
61180  -21.977  0.952  -12.331 0.0000000000
62035  -21.977  1.006  -12.064 0.0000000000
61159  -21.990  0.911  -12.022 0.0000000000
62016  -22.059  0.968  -11.993 0.0000000000
61139  -22.288  0.902  -11.648 0.0000000000
61138  -22.084  0.884  -11.594 0.0000000000
61119  -22.124  0.899  -11.263 0.0000000000
61104  -22.159  0.969  -11.030 0.0000000000
61973  -22.136  1.150  -10.898 0.0000000000
61092  -22.137  0.892  -10.961 0.0000000000
61965  -22.993  1.031  -10.216 0.0000000000
61964  -22.792  1.193  -10.183 0.0000000000
61963  -22.251  1.231  -10.505 0.0000000000
61082  -22.422  1.004  -10.051 0.0000000000
61959  -23.077  1.046  -10.105 0.0000000000
61958  -22.992  1.025  -10.028 0.0000000000
61957  -22.980  0.959  -10.121 0.0000000000
61083  -22.788  1.009  -10.010 0.0000000000
61072  -22.952  0.907  -9.999 0.0000000000
61073  -23.038  1.017  -10.005 0.0000000000
60329  -21.560  0.681  -13.443 0.0000000000
61209  -21.817  0.866  -13.012 0.0000000000
61221  -21.366  0.801  -13.761 0.0000000000
60314  -21.262  0.362  -13.030 0.0000000000
61198  -21.766  0.890  -12.890 0.0000000000
60302  -21.309  0.233  -12.808 0.0000000000
61179  -21.825  0.730  -12.472 0.0000000000
60286  -21.956  0.778  -12.053 0.0000000000
60285  -21.767  0.538  -12.094 0.0000000000
60268  -21.821  0.582  -11.995 0.0000000000
60248  -22.010  0.815  -11.790 0.0000000000
60225  -22.008  0.790  -11.262 0.0000000000
61118  -22.021  0.775  -11.199 0.0000000000
61103  -22.021  0.770  -10.972 0.0000000000
60210  -22.016  0.774  -10.991 0.0000000000
61091  -22.022  0.948  -10.981 0.0000000000
60195  -21.913  0.822  -10.973 0.0000000000
61081  -22.022  0.777  -10.737 0.0000000000
60183  -22.010  0.547  -10.300 0.0000000000
61071  -22.712  0.941  -10.011 0.0000000000
60184  -22.068  0.405  -10.041 0.0000000000
60173  -22.361  0.514  -10.047 0.0000000000
61067  -23.210  0.971  -9.926 0.0000000000
61066  -23.071  0.992  -9.951 0.0000000000
61065  -22.996  0.918  -9.893 0.0000000000
60174  -22.720  0.810  -9.913 0.0000000000
60164  -22.942  0.710  -9.685 0.0000000000
60165  -23.015  0.821  -9.739 0.0000000000
59394  -21.316  0.077  -12.153 0.0000000000
59377  -21.446  0.160  -11.991 0.0000000000
60267  -21.618  0.425  -11.985 0.0000000000
60247  -21.923  0.555  -11.975 0.0000000000
59359  -21.431  0.185  -11.896 0.0000000000
60224  -21.820  0.519  -11.398 0.0000000000
59334  -21.494  0.358  -11.504 0.0000000000
60209  -21.717  0.377  -11.109 0.0000000000
59320  -21.435  0.059  -11.009 0.0000000000
60194  -21.658  0.628  -11.017 0.0000000000
59305  -21.337  0.255  -10.984 0.0000000000
60182  -21.752  0.814  -10.485 0.0000000000
59291  -21.599  0.121  -10.633 0.0000000000
60172  -22.007  0.247  -9.987 0.0000000000
59292  -21.830  0.384  -10.007 0.0000000000
59283  -21.971  0.107  -10.018 0.0000000000
60163  -22.302  0.547  -9.990 0.0000000000
59284  -22.009  0.141  -10.016 0.0000000000
59273  -22.122  0.102  -9.921 0.0000000000
60159  -23.831  0.144  -9.627 0.0000000000
59275  -23.912  0.072  -9.698 0.0000000000
60158  -23.471  0.486  -9.088 0.0000000000
60157  -22.985  0.654  -9.248 0.0000000000
60156  -22.987  0.445  -9.309 0.0000000000
59274  -22.373  0.303  -9.365 0.0000000000
59264  -22.923  0.248  -9.162 0.0000000000
59267  -24.037  0.082  -9.262 0.0000000000
60152  -23.311  0.410  -8.945 0.0000000000
59266  -23.677  0.161  -8.990 0.0000000000
60151  -23.064  0.350  -8.992 0.0000000000
59265  -22.999  0.371  -9.128 0.0000000000
59257  -23.429  0.216  -8.898 0.0000000000
59256  -23.030  0.162  -8.965 0.0000000000
59408  -23.836  0.100  -13.005 0.0000000000
59421  -23.832  -0.001  -13.003 0.0000000000
59432  -23.895  0.090  -13.384 0.0000000000
59395  -23.872  0.104  -12.538 0.0000000000
58491  -23.757  0.020  -12.720 0.0000000000
58504  -23.689  -0.006  -12.998 0.0000000000
58477  -23.839  -0.004  -12.095 0.0000000000
59376  -21.300  -0.008  -11.972 0.0000000000
59358  -21.228  -0.002  -11.924 0.0000000000
58464  -23.746  0.009  -11.820 0.0000000000
59333  -21.271  0.007  -11.633 0.0000000000
58462  -21.218  -0.087  -11.920 0.0000000000
58437  -21.305  -0.070  -11.646 0.0000000000
58439  -23.599  0.045  -11.326 0.0000000000
59319  -21.172  0.072  -11.200 0.0000000000
58420  -23.731  0.009  -11.007 0.0000000000
59304  -21.323  0.045  -11.032 0.0000000000
58418  -21.086  -0.056  -11.100 0.0000000000
58405  -23.752  -0.002  -10.691 0.0000000000
58403  -21.367  -0.006  -10.858 0.0000000000
58402  -21.226  -0.118  -11.012 0.0000000000
58387  -23.802  -0.039  -10.120 0.0000000000
59282  -21.798  0.001  -9.975 0.0000000000
58386  -21.699  -0.209  -10.502 0.0000000000
58376  -23.792  0.017  -9.995 0.0000000000
58375  -22.008  0.004  -10.003 0.0000000000
58374  -21.993  -0.026  -9.991 0.0000000000
58373  -21.874  -0.070  -10.003 0.0000000000
58367  -23.996  -0.027  -9.669 0.0000000000
58366  -23.925  0.020  -9.950 0.0000000000
59276  -23.795  0.013  -9.550 0.0000000000
59263  -22.463  0.012  -9.271 0.0000000000
58365  -22.098  -0.025  -9.872 0.0000000000
59258  -23.914  0.034  -8.987 0.0000000000
59259  -23.852  -0.009  -9.018 0.0000000000
59268  -23.875  -0.007  -9.338 0.0000000000
59255  -22.784  0.006  -9.011 0.0000000000
58357  -22.237  -0.088  -9.308 0.0000000000
59254  -22.247  0.008  -9.020 0.0000000000
58351  -24.009  -0.014  -9.009 0.0000000000
58358  -24.095  -0.097  -9.231 0.0000000000
59250  -23.723  0.137  -8.903 0.0000000000
58350  -23.998  0.000  -8.947 0.0000000000
59249  -23.335  0.171  -8.780 0.0000000000
58349  -22.956  -0.000  -8.902 0.0000000000
59248  -23.040  0.014  -8.797 0.0000000000
58348  -22.706  -0.019  -8.934 0.0000000000
58347  -22.361  -0.209  -9.003 0.0000000000
58340  -23.870  -0.003  -8.636 0.0000000000
58339  -23.035  -0.005  -8.617 0.0000000000
58338  -23.020  -0.132  -8.631 0.0000000000
58476  -23.514  -0.020  -12.079 0.0000000000
58490  -23.335  -0.007  -12.671 0.0000000000
58463  -23.660  -0.095  -11.996 0.0000000000
57544  -23.365  -0.319  -11.994 0.0000000000
57557  -23.108  -0.203  -12.169 0.0000000000
58438  -23.718  -0.031  -11.588 0.0000000000
57529  -23.377  -0.361  -11.920 0.0000000000
58419  -23.537  -0.124  -11.060 0.0000000000
57505  -23.335  -0.410  -11.440 0.0000000000
58436  -21.054  -0.095  -11.595 0.0000000000
58404  -23.420  -0.195  -10.981 0.0000000000
57464  -23.139  -0.565  -10.989 0.0000000000
57481  -23.204  -0.508  -11.039 0.0000000000
58417  -21.013  -0.146  -11.081 0.0000000000
57446  -23.710  -0.458  -10.244 0.0000000000
57465  -23.565  -0.178  -10.953 0.0000000000
57462  -21.035  -0.366  -10.813 0.0000000000
58385  -21.424  -0.281  -10.881 0.0000000000
58401  -21.010  -0.228  -10.987 0.0000000000
57461  -20.975  -0.319  -10.838 0.0000000000
57429  -23.885  -0.476  -10.002 0.0000000000
57444  -21.520  -0.471  -10.198 0.0000000000
57427  -21.769  -0.347  -10.012 0.0000000000
57443  -21.093  -0.578  -10.334 0.0000000000
58377  -23.947  -0.181  -10.005 0.0000000000
57428  -21.954  -0.098  -10.023 0.0000000000
57420  -22.038  -0.108  -9.784 0.0000000000
58364  -21.970  -0.000  -9.461 0.0000000000
57413  -24.118  -0.604  -9.431 0.0000000000
57421  -24.006  -0.745  -9.976 0.0000000000
57412  -22.000  -0.413  -9.271 0.0000000000
58356  -22.053  -0.251  -9.120 0.0000000000
57404  -24.128  -0.388  -9.132 0.0000000000
57402  -21.995  -0.558  -9.074 0.0000000000
58346  -22.178  -0.443  -8.991 0.0000000000
58341  -24.006  -0.116  -8.823 0.0000000000
57396  -24.064  -0.250  -8.991 0.0000000000
58337  -22.502  -0.052  -8.902 0.0000000000
57403  -21.995  -0.423  -9.003 0.0000000000
57393  -22.088  -0.537  -8.826 0.0000000000
58336  -22.157  -0.277  -8.972 0.0000000000
58332  -23.987  -0.299  -8.328 0.0000000000
57386  -23.994  -0.434  -8.315 0.0000000000
58331  -23.473  -0.193  -8.222 0.0000000000
58330  -23.009  -0.263  -8.312 0.0000000000
57395  -23.008  -0.444  -8.394 0.0000000000
57383  -22.998  -0.487  -8.231 0.0000000000
58329  -22.991  -0.214  -8.439 0.0000000000
57394  -22.919  -0.281  -8.531 0.0000000000
57385  -23.961  -0.476  -8.010 0.0000000000
57384  -23.308  -0.538  -8.004 0.0000000000
57543  -23.063  -0.614  -12.020 0.0000000000
57556  -23.012  -0.624  -12.007 0.0000000000
57528  -23.019  -0.788  -11.631 0.0000000000
56608  -22.962  -0.814  -11.894 0.0000000000
56618  -22.983  -0.796  -12.051 0.0000000000
57504  -23.003  -0.784  -11.191 0.0000000000
56590  -22.724  -0.785  -11.352 0.0000000000
57480  -22.999  -0.772  -11.000 0.0000000000
56561  -22.913  -0.890  -11.013 0.0000000000
57463  -23.015  -0.752  -10.995 0.0000000000
56536  -22.947  -0.798  -10.880 0.0000000000
57445  -23.353  -0.580  -10.657 0.0000000000
56517  -23.232  -0.845  -10.561 0.0000000000
56537  -23.004  -0.893  -10.800 0.0000000000
56497  -23.831  -0.960  -9.987 0.0000000000
56518  -23.634  -0.931  -10.068 0.0000000000
57426  -21.278  -0.701  -10.010 0.0000000000
57442  -20.986  -0.655  -10.151 0.0000000000
57425  -21.021  -0.875  -10.049 0.0000000000
57430  -23.900  -0.867  -10.032 0.0000000000
57419  -21.973  -0.264  -9.947 0.0000000000
56495  -21.200  -0.875  -9.996 0.0000000000
56478  -21.799  -0.927  -9.969 0.0000000000
56494  -21.057  -1.007  -9.996 0.0000000000
56493  -20.934  -1.004  -10.002 0.0000000000
56480  -23.992  -1.007  -9.708 0.0000000000
56498  -23.893  -1.017  -9.949 0.0000000000
57411  -21.967  -0.589  -9.454 0.0000000000
56470  -24.398  -0.993  -9.240 0.0000000000
56469  -24.110  -1.005  -9.476 0.0000000000
57414  -24.334  -0.596  -9.172 0.0000000000
56468  -21.944  -0.786  -9.028 0.0000000000
56467  -21.703  -0.986  -9.246 0.0000000000
57405  -24.275  -0.669  -9.020 0.0000000000
57392  -21.961  -0.737  -8.869 0.0000000000
56460  -21.860  -0.871  -8.974 0.0000000000
57397  -24.299  -0.522  -8.785 0.0000000000
57382  -22.917  -0.723  -8.206 0.0000000000
56452  -22.474  -0.948  -8.366 0.0000000000
56451  -22.120  -0.990  -8.638 0.0000000000
56450  -21.944  -0.961  -8.791 0.0000000000
57376  -24.009  -0.614  -8.020 0.0000000000
57377  -24.356  -0.402  -8.019 0.0000000000
57387  -24.432  -0.574  -8.180 0.0000000000
57375  -23.665  -0.693  -8.002 0.0000000000
57374  -23.074  -0.753  -8.005 0.0000000000
56443  -23.005  -0.855  -7.990 0.0000000000
56442  -22.760  -0.956  -8.027 0.0000000000
57370  -24.022  -0.706  -7.777 0.0000000000
56434  -24.219  -0.793  -7.757 0.0000000000
56435  -24.583  -0.812  -7.991 0.0000000000
57378  -24.348  -0.877  -7.992 0.0000000000
57369  -23.990  -0.557  -7.709 0.0000000000
56433  -23.829  -0.660  -7.847 0.0000000000
56432  -23.366  -0.807  -7.805 0.0000000000
56431  -22.933  -0.971  -7.911 0.0000000000
56425  -24.016  -0.801  -7.485 0.0000000000
56424  -23.713  -0.851  -7.430 0.0000000000
56589  -22.778  -0.977  -11.475 0.0000000000
56607  -22.674  -0.881  -12.013 0.0000000000
56560  -22.638  -0.887  -11.187 0.0000000000
56535  -22.820  -0.908  -10.924 0.0000000000
55654  -22.698  -1.010  -11.057 0.0000000000
55672  -22.441  -0.993  -11.375 0.0000000000
56516  -23.006  -0.973  -10.682 0.0000000000
55631  -22.952  -1.001  -10.726 0.0000000000
55630  -22.823  -1.038  -10.750 0.0000000000
56496  -23.605  -1.011  -10.021 0.0000000000
55609  -23.283  -0.985  -10.323 0.0000000000
55608  -23.092  -1.262  -10.357 0.0000000000
56479  -23.867  -0.999  -9.761 0.0000000000
55589  -23.696  -1.069  -9.911 0.0000000000
55588  -23.420  -1.329  -10.057 0.0000000000
56477  -21.265  -0.993  -9.891 0.0000000000
55586  -21.078  -1.076  -10.001 0.0000000000
55570  -23.986  -1.086  -9.631 0.0000000000
55569  -23.842  -1.009  -9.714 0.0000000000
55568  -21.078  -1.265  -9.731 0.0000000000
56466  -21.476  -1.001  -9.343 0.0000000000
56461  -24.461  -1.007  -9.002 0.0000000000
55556  -24.331  -1.260  -9.254 0.0000000000
55555  -24.136  -1.075  -9.502 0.0000000000
55554  -21.707  -1.024  -9.053 0.0000000000
56459  -21.829  -0.987  -8.996 0.0000000000
55553  -21.415  -1.246  -9.146 0.0000000000
56453  -24.555  -0.995  -8.474 0.0000000000
55533  -24.469  -1.001  -8.802 0.0000000000
55542  -24.497  -1.160  -9.008 0.0000000000
55541  -21.851  -1.092  -8.841 0.0000000000
55540  -21.725  -1.090  -8.995 0.0000000000
55534  -24.754  -1.224  -8.612 0.0000000000
56454  -24.714  -0.866  -8.277 0.0000000000
56444  -24.483  -0.895  -8.132 0.0000000000
56445  -24.543  -1.010  -8.051 0.0000000000
55532  -22.022  -1.305  -8.689 0.0000000000
56441  -22.355  -1.035  -8.366 0.0000000000
55531  -21.998  -1.004  -8.840 0.0000000000
56436  -24.634  -0.995  -8.002 0.0000000000
55520  -24.809  -1.209  -7.981 0.0000000000
55526  -24.738  -1.239  -8.137 0.0000000000
55525  -22.724  -0.994  -8.072 0.0000000000
56430  -22.801  -0.999  -7.993 0.0000000000
55524  -22.438  -1.250  -8.143 0.0000000000
55519  -24.653  -0.995  -7.985 0.0000000000
56426  -24.283  -0.863  -7.476 0.0000000000
55511  -24.596  -0.990  -7.654 0.0000000000
56423  -23.180  -0.990  -7.653 0.0000000000
55518  -22.930  -1.017  -7.909 0.0000000000
55509  -22.923  -1.199  -7.686 0.0000000000
56422  -23.012  -1.024  -7.765 0.0000000000
55517  -22.701  -1.193  -8.039 0.0000000000
56418  -24.004  -0.993  -7.241 0.0000000000
55503  -24.181  -1.141  -7.035 0.0000000000
56417  -23.997  -0.925  -7.242 0.0000000000
56416  -23.476  -0.981  -7.077 0.0000000000
55510  -23.008  -1.126  -7.622 0.0000000000
55500  -23.203  -1.240  -7.283 0.0000000000
56415  -23.240  -1.003  -7.535 0.0000000000
55502  -23.974  -1.126  -7.080 0.0000000000
55501  -23.932  -1.133  -7.133 0.0000000000
55607  -22.990  -1.255  -10.426 0.0000000000
54737  -22.839  -1.601  -10.467 0.0000000000
54756  -22.374  -1.763  -10.850 0.0000000000
54774  -22.488  -1.446  -11.017 0.0000000000
55587  -23.217  -1.537  -10.129 0.0000000000
54716  -23.004  -1.707  -10.059 0.0000000000
54738  -23.009  -1.766  -10.222 0.0000000000
54697  -23.846  -1.490  -9.730 0.0000000000
54718  -23.776  -1.704  -9.991 0.0000000000
54717  -23.244  -1.902  -10.013 0.0000000000
54681  -23.990  -1.471  -9.502 0.0000000000
54698  -23.975  -1.648  -9.642 0.0000000000
54666  -24.514  -1.703  -9.045 0.0000000000
54682  -24.340  -1.706  -9.260 0.0000000000
54680  -20.986  -1.636  -9.272 0.0000000000
54663  -21.362  -1.720  -9.004 0.0000000000
55539  -21.599  -1.219  -8.993 0.0000000000
55543  -24.714  -1.577  -9.000 0.0000000000
54665  -21.903  -1.609  -8.732 0.0000000000
54650  -21.978  -1.649  -8.896 0.0000000000
54664  -21.291  -1.240  -8.982 0.0000000000
54641  -24.801  -1.713  -8.373 0.0000000000
54652  -24.685  -1.845  -8.886 0.0000000000
54651  -22.015  -1.635  -8.492 0.0000000000
54640  -22.197  -1.629  -8.313 0.0000000000
54633  -24.808  -1.708  -7.991 0.0000000000
54631  -22.373  -1.598  -8.001 0.0000000000
55516  -22.549  -1.374  -8.010 0.0000000000
55512  -24.741  -1.318  -7.370 0.0000000000
54627  -24.902  -1.756  -7.742 0.0000000000
55508  -22.819  -1.110  -7.904 0.0000000000
54632  -22.527  -1.493  -7.995 0.0000000000
54625  -22.719  -1.535  -7.642 0.0000000000
55504  -24.464  -1.359  -6.976 0.0000000000
54621  -24.854  -1.854  -7.144 0.0000000000
55499  -22.993  -1.274  -7.356 0.0000000000
54626  -22.974  -1.502  -7.374 0.0000000000
54618  -22.983  -1.496  -7.188 0.0000000000
54620  -24.536  -1.487  -6.944 0.0000000000
55495  -24.090  -1.237  -7.010 0.0000000000
54611  -24.483  -1.597  -6.880 0.0000000000
55494  -23.988  -1.234  -7.000 0.0000000000
55493  -23.945  -1.264  -7.016 0.0000000000
55492  -23.645  -1.209  -7.014 0.0000000000
54619  -23.086  -1.615  -7.062 0.0000000000
54608  -23.426  -1.351  -6.998 0.0000000000
54610  -24.003  -1.437  -6.953 0.0000000000
54609  -23.864  -1.396  -6.928 0.0000000000
53815  -23.155  -1.994  -10.149 0.0000000000
53836  -22.986  -1.985  -10.236 0.0000000000
53835  -22.836  -1.980  -10.383 0.0000000000
53796  -23.785  -1.981  -9.764 0.0000000000
53817  -23.521  -1.967  -9.923 0.0000000000
53816  -23.375  -2.006  -10.016 0.0000000000
53797  -23.994  -2.016  -9.531 0.0000000000
53780  -24.417  -1.967  -9.056 0.0000000000
53779  -24.114  -1.991  -9.480 0.0000000000
53766  -24.661  -1.994  -8.974 0.0000000000
53765  -24.490  -2.000  -9.022 0.0000000000
54667  -24.694  -1.868  -9.010 0.0000000000
54649  -21.537  -1.956  -8.501 0.0000000000
53764  -21.149  -1.894  -8.948 0.0000000000
53763  -21.333  -1.992  -9.014 0.0000000000
53778  -21.081  -2.001  -9.141 0.0000000000
53752  -24.713  -1.985  -8.624 0.0000000000
54639  -22.030  -1.982  -8.373 0.0000000000
53750  -21.806  -1.981  -8.320 0.0000000000
53749  -21.585  -2.002  -8.832 0.0000000000
53739  -24.796  -1.953  -8.016 0.0000000000
53738  -22.196  -1.988  -8.198 0.0000000000
53737  -21.994  -2.048  -8.366 0.0000000000
53728  -24.821  -1.926  -7.929 0.0000000000
53727  -22.357  -1.983  -7.936 0.0000000000
53726  -22.285  -2.034  -7.980 0.0000000000
53720  -24.811  -1.934  -7.395 0.0000000000
54617  -22.906  -1.879  -7.080 0.0000000000
53719  -22.684  -2.015  -7.367 0.0000000000
54612  -24.803  -1.918  -7.024 0.0000000000
53714  -24.795  -2.019  -7.029 0.0000000000
54607  -23.025  -1.694  -6.989 0.0000000000
53713  -22.960  -1.858  -6.994 0.0000000000
53712  -22.792  -1.937  -7.024 0.0000000000
53708  -24.763  -1.956  -6.986 0.0000000000
54602  -24.627  -1.794  -6.828 0.0000000000
53707  -24.682  -2.012  -6.773 0.0000000000
54601  -24.207  -1.543  -6.455 0.0000000000
54600  -23.988  -1.568  -6.507 0.0000000000
54599  -23.505  -1.235  -6.747 0.0000000000
54598  -23.037  -1.617  -6.932 0.0000000000
53706  -22.950  -1.857  -6.857 0.0000000000
53700  -24.295  -1.969  -6.128 0.0000000000
54594  -24.013  -1.804  -6.295 0.0000000000
53699  -24.034  -1.904  -6.039 0.0000000000
54593  -23.997  -1.742  -6.178 0.0000000000
54592  -23.730  -1.779  -6.096 0.0000000000
53698  -23.119  -1.657  -6.246 0.0000000000
53697  -23.005  -1.999  -6.489 0.0000000000
53689  -23.929  -1.951  -6.041 0.0000000000
53688  -23.743  -1.907  -6.025 0.0000000000
53687  -23.269  -1.947  -6.102 0.0000000000
52949  -22.992  -2.246  -10.296 0.0000000000
52948  -22.620  -2.049  -10.625 0.0000000000
52963  -22.419  -2.007  -10.787 0.0000000000
53854  -22.490  -1.911  -10.784 0.0000000000
52932  -23.495  -2.016  -10.007 0.0000000000
52931  -23.275  -2.316  -9.999 0.0000000000
52930  -23.214  -2.137  -10.312 0.0000000000
52914  -23.997  -2.032  -9.631 0.0000000000
52913  -23.643  -2.097  -9.972 0.0000000000
52898  -24.332  -2.246  -9.186 0.0000000000
52897  -24.079  -2.130  -9.389 0.0000000000
53751  -24.479  -2.016  -8.953 0.0000000000
52885  -24.439  -2.274  -9.004 0.0000000000
52884  -21.382  -2.157  -8.991 0.0000000000
52864  -24.777  -2.080  -8.187 0.0000000000
52876  -24.804  -2.177  -8.551 0.0000000000
52875  -24.556  -2.159  -8.987 0.0000000000
52874  -22.006  -2.239  -8.353 0.0000000000
52873  -21.704  -1.999  -8.850 0.0000000000
52853  -24.809  -2.075  -8.020 0.0000000000
52863  -22.252  -2.137  -8.092 0.0000000000
52862  -22.056  -2.272  -8.160 0.0000000000
52843  -24.895  -2.030  -7.608 0.0000000000
52852  -22.044  -2.330  -7.988 0.0000000000
52841  -22.362  -2.289  -7.580 0.0000000000
53718  -22.479  -2.024  -7.655 0.0000000000
52836  -24.738  -2.063  -7.179 0.0000000000
52842  -22.693  -2.056  -7.209 0.0000000000
52835  -22.682  -2.002  -7.029 0.0000000000
52829  -24.777  -2.146  -6.982 0.0000000000
52828  -22.740  -2.041  -6.976 0.0000000000
53705  -22.821  -1.930  -6.724 0.0000000000
53701  -24.736  -1.999  -6.435 0.0000000000
52823  -24.781  -2.323  -6.686 0.0000000000
52821  -22.917  -2.020  -6.661 0.0000000000
53696  -22.886  -1.963  -6.429 0.0000000000
53691  -24.452  -1.990  -6.036 0.0000000000
52816  -24.719  -2.271  -6.156 0.0000000000
53690  -24.183  -1.951  -5.979 0.0000000000
52822  -22.994  -2.041  -6.547 0.0000000000
52814  -22.937  -2.064  -6.161 0.0000000000
53686  -23.004  -1.998  -6.058 0.0000000000
52815  -24.388  -2.027  -5.982 0.0000000000
53682  -24.039  -1.962  -5.949 0.0000000000
52807  -24.241  -2.031  -5.856 0.0000000000
53681  -23.981  -1.982  -5.928 0.0000000000
53680  -23.509  -2.003  -5.988 0.0000000000
53679  -23.153  -1.992  -6.032 0.0000000000
52803  -23.009  -2.096  -5.958 0.0000000000
53678  -23.092  -2.076  -5.981 0.0000000000
52806  -24.026  -2.039  -5.830 0.0000000000
52805  -23.890  -2.083  -5.808 0.0000000000
52804  -23.241  -1.997  -5.878 0.0000000000
52048  -23.043  -2.602  -10.081 0.0000000000
52065  -22.977  -2.474  -10.030 0.0000000000
52064  -22.702  -2.617  -10.321 0.0000000000
52912  -23.429  -2.254  -10.025 0.0000000000
52026  -23.397  -2.719  -9.925 0.0000000000
52049  -23.105  -2.823  -10.003 0.0000000000
52010  -24.127  -2.577  -9.297 0.0000000000
52028  -24.015  -2.575  -9.427 0.0000000000
52027  -23.951  -2.577  -9.616 0.0000000000
51994  -24.341  -2.678  -9.019 0.0000000000
52011  -24.235  -2.646  -9.137 0.0000000000
51980  -24.408  -2.691  -8.907 0.0000000000
51971  -24.832  -2.565  -8.032 0.0000000000
51981  -24.693  -2.661  -8.462 0.0000000000
51979  -21.995  -2.773  -8.255 0.0000000000
51969  -21.992  -2.561  -8.073 0.0000000000
51978  -21.861  -2.513  -8.838 0.0000000000
51961  -24.757  -2.551  -7.992 0.0000000000
51959  -21.988  -2.612  -8.026 0.0000000000
52851  -21.972  -2.157  -7.985 0.0000000000
51951  -24.878  -2.620  -7.914 0.0000000000
51960  -22.007  -2.601  -7.991 0.0000000000
51950  -22.010  -2.661  -7.869 0.0000000000
51942  -24.796  -2.501  -7.256 0.0000000000
52834  -22.550  -2.261  -7.009 0.0000000000
51941  -22.169  -2.643  -7.150 0.0000000000
52827  -22.500  -2.366  -7.006 0.0000000000
51934  -22.278  -2.742  -7.010 0.0000000000
51936  -24.795  -2.723  -6.967 0.0000000000
51935  -22.516  -2.336  -6.926 0.0000000000
51929  -22.867  -2.153  -6.623 0.0000000000
51930  -24.794  -2.800  -6.538 0.0000000000
52813  -23.015  -2.207  -6.213 0.0000000000
52802  -22.927  -2.231  -6.030 0.0000000000
51922  -22.660  -2.493  -6.048 0.0000000000
52794  -23.476  -2.287  -5.474 0.0000000000
52795  -23.942  -2.308  -5.416 0.0000000000
52793  -23.002  -2.252  -5.689 0.0000000000
52792  -22.961  -2.236  -5.835 0.0000000000
51909  -22.671  -2.416  -5.986 0.0000000000
52777  -23.081  -2.548  -5.110 0.0000000000
52778  -23.600  -2.432  -5.011 0.0000000000
51892  -22.993  -2.441  -5.455 0.0000000000
51891  -22.756  -2.344  -5.650 0.0000000000
51869  -23.000  -2.746  -4.999 0.0000000000
51870  -23.386  -2.483  -4.990 0.0000000000
52047  -22.914  -2.778  -10.028 0.0000000000
51175  -22.656  -2.993  -10.137 0.0000000000
51174  -22.224  -3.013  -10.439 0.0000000000
52063  -22.206  -2.613  -10.589 0.0000000000
51166  -23.010  -2.991  -10.039 0.0000000000
51165  -22.995  -3.001  -9.981 0.0000000000
51164  -22.875  -2.910  -10.020 0.0000000000
52009  -24.012  -2.915  -9.228 0.0000000000
51149  -23.732  -2.973  -9.512 0.0000000000
51148  -23.195  -2.995  -9.861 0.0000000000
51993  -24.027  -2.932  -8.998 0.0000000000
51132  -24.043  -3.013  -9.198 0.0000000000
51131  -23.979  -3.008  -9.263 0.0000000000
51119  -24.278  -2.988  -9.003 0.0000000000
51118  -24.116  -3.046  -9.080 0.0000000000
51970  -24.607  -2.992  -8.195 0.0000000000
51103  -24.451  -2.964  -8.543 0.0000000000
51968  -21.805  -2.798  -8.230 0.0000000000
51102  -21.581  -2.989  -8.651 0.0000000000
51977  -21.190  -2.855  -8.857 0.0000000000
51992  -21.314  -2.533  -8.996 0.0000000000
51089  -24.720  -2.923  -7.978 0.0000000000
51088  -24.599  -2.991  -8.006 0.0000000000
51087  -21.945  -2.875  -8.068 0.0000000000
51086  -21.804  -2.989  -8.276 0.0000000000
51078  -24.656  -2.989  -7.894 0.0000000000
51949  -22.025  -2.896  -7.865 0.0000000000
51076  -21.929  -2.917  -7.941 0.0000000000
51068  -24.779  -2.999  -7.615 0.0000000000
51066  -22.013  -2.993  -7.525 0.0000000000
51065  -21.936  -3.029  -7.475 0.0000000000
51055  -24.789  -2.960  -7.032 0.0000000000
51053  -22.107  -3.004  -7.114 0.0000000000
51042  -24.796  -2.928  -6.925 0.0000000000
51928  -22.187  -2.847  -6.585 0.0000000000
51041  -22.077  -2.998  -6.882 0.0000000000
51024  -21.987  -2.965  -6.643 0.0000000000
51927  -21.989  -2.821  -6.359 0.0000000000
51921  -22.144  -2.794  -6.021 0.0000000000
51023  -21.890  -2.926  -6.470 0.0000000000
51920  -21.964  -2.822  -6.082 0.0000000000
51908  -22.204  -2.625  -5.999 0.0000000000
51007  -21.819  -2.971  -6.097 0.0000000000
50990  -21.837  -2.929  -5.843 0.0000000000
51907  -21.974  -2.785  -5.709 0.0000000000
51890  -21.991  -2.570  -5.525 0.0000000000
50977  -21.890  -2.893  -5.442 0.0000000000
51889  -21.998  -2.826  -5.224 0.0000000000
51868  -22.443  -2.785  -5.072 0.0000000000
51867  -22.062  -2.901  -5.071 0.0000000000
50961  -22.070  -2.964  -5.013 0.0000000000
51866  -22.002  -2.943  -5.056 0.0000000000
51163  -22.541  -2.979  -10.175 0.0000000000
51147  -23.089  -3.048  -9.848 0.0000000000
50212  -23.027  -3.203  -9.818 0.0000000000
50227  -22.972  -3.029  -10.005 0.0000000000
50226  -22.936  -2.981  -10.007 0.0000000000
50225  -22.307  -3.094  -10.015 0.0000000000
50191  -24.010  -3.225  -9.208 0.0000000000
50214  -23.779  -3.154  -9.377 0.0000000000
50213  -23.346  -3.019  -9.713 0.0000000000
50175  -24.074  -3.268  -9.045 0.0000000000
50192  -24.046  -3.151  -9.155 0.0000000000
50164  -24.450  -3.100  -8.798 0.0000000000
50176  -24.178  -3.129  -8.984 0.0000000000
50150  -24.480  -3.208  -8.118 0.0000000000
51077  -24.549  -2.997  -7.923 0.0000000000
50136  -24.474  -3.260  -7.981 0.0000000000
51067  -24.628  -3.030  -7.276 0.0000000000
50123  -24.451  -3.381  -7.629 0.0000000000
51075  -21.814  -2.991  -7.894 0.0000000000
50135  -21.623  -3.149  -7.928 0.0000000000
50121  -21.729  -3.120  -7.605 0.0000000000
51064  -21.848  -2.998  -7.673 0.0000000000
51054  -24.667  -2.974  -7.045 0.0000000000
50107  -24.538  -3.355  -7.138 0.0000000000
50122  -21.990  -3.086  -7.224 0.0000000000
50106  -22.013  -3.084  -7.016 0.0000000000
51052  -22.019  -3.028  -6.981 0.0000000000
50091  -24.662  -3.079  -6.989 0.0000000000
50108  -24.666  -3.131  -6.973 0.0000000000
51040  -21.972  -3.059  -6.915 0.0000000000
50089  -21.861  -3.128  -6.989 0.0000000000
51039  -21.978  -3.011  -6.880 0.0000000000
50088  -21.663  -3.261  -6.965 0.0000000000
51022  -21.798  -2.995  -6.632 0.0000000000
51006  -21.661  -3.027  -6.162 0.0000000000
50072  -21.363  -3.266  -6.571 0.0000000000
50989  -21.649  -2.999  -5.997 0.0000000000
50060  -21.274  -3.240  -6.037 0.0000000000
51005  -21.496  -3.074  -6.020 0.0000000000
50988  -21.377  -3.050  -6.013 0.0000000000
50059  -21.092  -3.325  -6.007 0.0000000000
50976  -21.685  -2.978  -5.599 0.0000000000
50975  -21.352  -3.040  -5.956 0.0000000000
50050  -21.007  -3.219  -5.960 0.0000000000
50960  -21.830  -2.995  -5.199 0.0000000000
50959  -21.561  -3.139  -5.126 0.0000000000
50042  -21.024  -3.414  -5.573 0.0000000000
50027  -21.705  -3.194  -5.027 0.0000000000
50028  -21.906  -3.033  -5.042 0.0000000000
50026  -21.131  -3.496  -5.010 0.0000000000
50211  -22.877  -3.345  -9.834 0.0000000000
49288  -22.560  -3.272  -10.010 0.0000000000
50190  -23.652  -3.611  -9.255 0.0000000000
49279  -23.052  -3.522  -9.677 0.0000000000
49278  -22.991  -3.850  -9.579 0.0000000000
49277  -22.519  -3.755  -9.772 0.0000000000
50174  -23.977  -3.339  -9.015 0.0000000000
49262  -23.798  -3.831  -9.098 0.0000000000
49261  -23.192  -3.942  -9.326 0.0000000000
50163  -23.988  -3.599  -8.939 0.0000000000
49242  -24.032  -3.836  -9.024 0.0000000000
49241  -23.884  -3.747  -8.988 0.0000000000
49224  -24.319  -3.783  -8.502 0.0000000000
49223  -24.042  -3.911  -8.820 0.0000000000
49213  -24.497  -3.735  -8.015 0.0000000000
49205  -24.445  -3.835  -7.965 0.0000000000
49198  -24.434  -3.760  -7.501 0.0000000000
50105  -21.837  -3.277  -7.011 0.0000000000
50087  -21.147  -3.619  -6.990 0.0000000000
50104  -21.343  -3.501  -6.957 0.0000000000
50071  -21.005  -3.499  -6.377 0.0000000000
50058  -20.990  -3.399  -5.987 0.0000000000
50070  -21.011  -3.462  -6.110 0.0000000000
49163  -20.833  -3.612  -6.156 0.0000000000
49155  -20.990  -3.462  -5.980 0.0000000000
50049  -20.968  -3.393  -5.864 0.0000000000
49154  -20.552  -3.651  -6.032 0.0000000000
50048  -20.933  -3.311  -5.608 0.0000000000
50041  -20.975  -3.414  -5.238 0.0000000000
49147  -20.605  -3.575  -5.294 0.0000000000
50040  -20.902  -3.347  -5.205 0.0000000000
49148  -20.935  -3.517  -4.982 0.0000000000
49132  -20.916  -3.654  -4.983 0.0000000000
50025  -21.012  -3.620  -5.003 0.0000000000
49260  -23.053  -4.003  -9.427 0.0000000000
48331  -23.081  -3.996  -9.385 0.0000000000
48342  -22.962  -3.984  -9.491 0.0000000000
48341  -22.773  -3.971  -9.628 0.0000000000
48317  -23.813  -3.939  -8.992 0.0000000000
48333  -23.715  -4.014  -9.030 0.0000000000
48332  -23.362  -4.020  -9.267 0.0000000000
48296  -24.177  -4.002  -8.682 0.0000000000
48318  -24.017  -3.987  -8.984 0.0000000000
48280  -24.391  -4.023  -8.196 0.0000000000
48297  -24.222  -3.977  -8.380 0.0000000000
48266  -24.455  -3.985  -7.945 0.0000000000
49131  -20.610  -3.731  -4.999 0.0000000000
48316  -23.549  -4.114  -9.134 0.0000000000
47421  -23.272  -4.251  -9.247 0.0000000000
47420  -22.997  -4.370  -9.386 0.0000000000
48330  -22.979  -4.024  -9.433 0.0000000000
48295  -24.015  -3.991  -8.841 0.0000000000
47393  -24.008  -4.077  -8.749 0.0000000000
47409  -23.837  -4.023  -8.991 0.0000000000
47408  -23.464  -4.343  -9.018 0.0000000000
48279  -24.327  -4.016  -8.489 0.0000000000
47379  -24.187  -4.310  -8.285 0.0000000000
47394  -24.096  -4.117  -8.562 0.0000000000
47363  -24.325  -4.170  -7.985 0.0000000000
47380  -24.453  -4.395  -7.993 0.0000000000
47407  -23.004  -4.475  -9.058 0.0000000000
46471  -23.702  -4.416  -8.845 0.0000000000
46470  -23.346  -4.745  -8.916 0.0000000000
46469  -22.965  -4.857  -8.994 0.0000000000
46480  -22.993  -4.724  -9.060 0.0000000000
46456  -24.055  -4.607  -8.476 0.0000000000
46455  -23.819  -4.755  -8.524 0.0000000000
46454  -23.481  -4.907  -8.661 0.0000000000
45527  -23.166  -5.020  -8.918 0.0000000000
45536  -23.018  -4.970  -8.952 0.0000000000
45535  -22.919  -5.170  -8.946 0.0000000000
63966  -21.053  1.933  -14.769 0.0000000000
