#!ascii label  , from subject  vox2ras=TkReg
1765
39901  -22.060  -7.238  -6.032 0.0000000000
39900  -22.008  -7.198  -6.001 0.0000000000
38967  -22.016  -7.283  -6.192 0.0000000000
38973  -21.946  -7.548  -6.536 0.0000000000
39909  -22.092  -7.204  -6.144 0.0000000000
39882  -22.041  -7.198  -5.829 0.0000000000
39883  -22.207  -7.168  -5.714 0.0000000000
39902  -22.409  -7.193  -5.978 0.0000000000
39884  -22.593  -7.082  -5.892 0.0000000000
39903  -22.998  -7.005  -6.012 0.0000000000
39910  -22.795  -7.180  -6.048 0.0000000000
40835  -22.819  -6.958  -5.817 0.0000000000
40859  -22.906  -6.890  -5.989 0.0000000000
39911  -22.979  -7.163  -6.227 0.0000000000
39904  -23.099  -6.986  -6.076 0.0000000000
40860  -22.993  -6.872  -6.004 0.0000000000
39912  -23.090  -7.209  -6.336 0.0000000000
39905  -23.115  -7.006  -6.023 0.0000000000
40861  -23.166  -6.943  -6.017 0.0000000000
39913  -23.261  -7.059  -6.386 0.0000000000
40873  -23.327  -6.964  -6.099 0.0000000000
38974  -22.095  -7.532  -6.613 0.0000000000
38975  -22.884  -7.427  -6.641 0.0000000000
38976  -23.013  -7.458  -6.680 0.0000000000
38984  -23.108  -7.412  -6.829 0.0000000000
39924  -23.127  -7.218  -6.551 0.0000000000
39925  -23.459  -7.278  -6.796 0.0000000000
39914  -23.819  -6.999  -6.895 0.0000000000
40874  -23.811  -6.719  -6.528 0.0000000000
39926  -23.651  -7.122  -7.028 0.0000000000
40888  -23.825  -6.933  -7.004 0.0000000000
38985  -23.400  -7.458  -6.887 0.0000000000
38986  -23.792  -7.205  -7.006 0.0000000000
39938  -23.894  -7.013  -7.058 0.0000000000
40899  -23.765  -6.933  -7.052 0.0000000000
38998  -23.915  -7.149  -7.262 0.0000000000
39947  -23.836  -7.009  -7.692 0.0000000000
39939  -24.016  -6.994  -7.398 0.0000000000
40900  -24.043  -6.790  -7.141 0.0000000000
39948  -23.976  -7.011  -7.805 0.0000000000
40909  -23.988  -6.851  -7.728 0.0000000000
39004  -23.798  -7.402  -7.975 0.0000000000
39956  -23.758  -7.046  -8.004 0.0000000000
40908  -23.869  -7.026  -7.977 0.0000000000
40916  -23.809  -6.956  -8.011 0.0000000000
39010  -23.703  -7.375  -8.021 0.0000000000
39964  -23.586  -6.987  -8.195 0.0000000000
40926  -23.777  -6.972  -7.988 0.0000000000
39017  -23.728  -7.538  -8.065 0.0000000000
39972  -23.530  -6.975  -8.434 0.0000000000
39971  -23.225  -6.989  -8.804 0.0000000000
39963  -23.414  -6.992  -8.402 0.0000000000
40925  -23.589  -6.992  -8.154 0.0000000000
39025  -23.449  -7.390  -8.660 0.0000000000
39024  -23.195  -7.533  -9.008 0.0000000000
39983  -23.068  -7.175  -9.007 0.0000000000
40933  -23.136  -7.000  -8.691 0.0000000000
39982  -23.015  -7.190  -8.851 0.0000000000
39970  -23.009  -7.030  -8.847 0.0000000000
40932  -23.008  -6.931  -8.856 0.0000000000
39035  -22.993  -7.554  -9.150 0.0000000000
39981  -22.915  -7.055  -8.956 0.0000000000
39036  -23.099  -7.608  -9.013 0.0000000000
40942  -23.027  -6.903  -8.950 0.0000000000
40941  -23.036  -6.986  -9.000 0.0000000000
40834  -22.623  -6.989  -5.851 0.0000000000
40818  -22.634  -6.860  -5.373 0.0000000000
40819  -22.994  -6.986  -5.228 0.0000000000
40836  -23.017  -6.975  -5.777 0.0000000000
40820  -22.990  -6.854  -5.285 0.0000000000
40837  -23.063  -7.000  -5.792 0.0000000000
41767  -23.342  -6.860  -5.154 0.0000000000
41778  -23.710  -6.801  -5.986 0.0000000000
40838  -23.490  -6.779  -5.965 0.0000000000
40862  -23.643  -6.796  -6.120 0.0000000000
41779  -24.040  -6.551  -5.994 0.0000000000
41797  -23.978  -6.439  -5.972 0.0000000000
41811  -24.006  -6.534  -6.140 0.0000000000
40875  -24.028  -6.701  -6.950 0.0000000000
41812  -24.041  -6.416  -6.478 0.0000000000
40889  -23.949  -6.689  -6.985 0.0000000000
41824  -24.074  -6.351  -6.926 0.0000000000
41835  -24.080  -6.404  -7.135 0.0000000000
41843  -24.086  -6.399  -7.494 0.0000000000
40917  -23.954  -6.565  -8.034 0.0000000000
41849  -24.012  -6.140  -7.990 0.0000000000
41848  -23.879  -6.244  -7.972 0.0000000000
41857  -23.804  -6.475  -7.989 0.0000000000
41856  -23.352  -6.263  -8.379 0.0000000000
41864  -23.003  -6.518  -8.767 0.0000000000
41863  -23.013  -6.464  -8.900 0.0000000000
41872  -23.035  -6.657  -8.984 0.0000000000
40940  -22.545  -6.915  -8.978 0.0000000000
41871  -22.881  -6.555  -8.996 0.0000000000
41758  -23.363  -6.737  -5.006 0.0000000000
41759  -23.874  -6.525  -5.016 0.0000000000
41768  -23.984  -6.501  -5.337 0.0000000000
41760  -24.009  -6.456  -5.002 0.0000000000
41769  -24.075  -6.323  -5.515 0.0000000000
42684  -24.181  -6.172  -5.238 0.0000000000
42692  -24.037  -6.013  -5.549 0.0000000000
41780  -24.066  -6.279  -5.934 0.0000000000
42700  -24.062  -6.060  -5.978 0.0000000000
41798  -24.035  -6.282  -6.004 0.0000000000
42712  -24.072  -6.144  -6.254 0.0000000000
42723  -24.074  -6.151  -6.640 0.0000000000
42735  -24.120  -6.038  -6.982 0.0000000000
42746  -24.178  -6.010  -7.011 0.0000000000
42754  -24.108  -6.113  -7.395 0.0000000000
42762  -24.034  -6.053  -7.710 0.0000000000
42761  -23.929  -6.010  -7.939 0.0000000000
42770  -23.817  -6.012  -7.989 0.0000000000
42769  -23.659  -6.016  -8.123 0.0000000000
42778  -23.288  -6.000  -8.519 0.0000000000
42777  -23.014  -5.992  -8.806 0.0000000000
42787  -22.945  -6.071  -8.952 0.0000000000
41870  -22.159  -6.360  -8.963 0.0000000000
42786  -22.816  -6.040  -9.022 0.0000000000
42672  -24.104  -6.283  -5.041 0.0000000000
42685  -24.337  -6.001  -4.989 0.0000000000
42693  -24.360  -6.018  -5.283 0.0000000000
42673  -24.516  -6.006  -5.013 0.0000000000
43555  -24.423  -5.935  -5.037 0.0000000000
43565  -24.179  -5.974  -5.570 0.0000000000
43564  -24.074  -5.975  -5.937 0.0000000000
43574  -24.101  -5.907  -6.042 0.0000000000
43585  -24.065  -6.016  -6.377 0.0000000000
43595  -24.019  -5.958  -6.869 0.0000000000
43613  -24.079  -5.945  -7.017 0.0000000000
43624  -24.064  -5.980  -7.327 0.0000000000
43631  -24.124  -5.999  -7.764 0.0000000000
43638  -23.895  -5.922  -7.971 0.0000000000
43639  -24.033  -5.905  -8.007 0.0000000000
43646  -23.729  -5.946  -8.093 0.0000000000
43647  -23.831  -5.876  -8.004 0.0000000000
43654  -22.984  -5.845  -8.817 0.0000000000
43655  -23.277  -5.952  -8.561 0.0000000000
42785  -22.106  -6.025  -8.974 0.0000000000
43661  -22.253  -5.980  -8.998 0.0000000000
43662  -22.907  -5.882  -8.959 0.0000000000
43663  -23.032  -5.787  -8.963 0.0000000000
43544  -24.446  -5.942  -4.977 0.0000000000
43556  -24.498  -5.872  -5.000 0.0000000000
44475  -24.703  -5.454  -4.995 0.0000000000
44474  -24.552  -5.599  -5.040 0.0000000000
44481  -24.431  -5.536  -5.278 0.0000000000
43545  -24.667  -5.880  -4.746 0.0000000000
43575  -24.097  -5.963  -5.953 0.0000000000
44490  -24.409  -5.559  -5.952 0.0000000000
44489  -24.165  -5.698  -6.001 0.0000000000
44499  -24.117  -5.428  -5.996 0.0000000000
44508  -24.075  -5.499  -6.567 0.0000000000
44526  -24.044  -5.458  -7.002 0.0000000000
44544  -24.225  -5.417  -6.993 0.0000000000
44556  -24.082  -5.496  -7.525 0.0000000000
44568  -24.038  -5.551  -7.986 0.0000000000
44567  -23.997  -5.630  -7.989 0.0000000000
44575  -23.916  -5.471  -8.044 0.0000000000
44574  -23.695  -5.754  -8.141 0.0000000000
44584  -23.090  -5.419  -8.727 0.0000000000
44583  -23.039  -5.412  -8.902 0.0000000000
44593  -22.673  -5.527  -8.994 0.0000000000
44594  -22.985  -5.538  -8.995 0.0000000000
45409  -24.719  -5.097  -5.026 0.0000000000
44458  -24.950  -5.491  -4.514 0.0000000000
45392  -24.927  -5.012  -4.767 0.0000000000
45410  -24.783  -4.960  -5.000 0.0000000000
45417  -24.567  -5.034  -5.399 0.0000000000
45426  -24.329  -5.073  -5.957 0.0000000000
44500  -24.407  -5.149  -6.011 0.0000000000
45435  -24.310  -5.090  -6.141 0.0000000000
45444  -24.263  -5.099  -6.277 0.0000000000
45436  -24.418  -4.992  -6.011 0.0000000000
45454  -24.023  -5.084  -6.826 0.0000000000
45470  -24.038  -5.030  -7.001 0.0000000000
45486  -24.002  -5.019  -7.204 0.0000000000
45500  -24.107  -5.069  -7.902 0.0000000000
44576  -23.969  -5.385  -8.018 0.0000000000
45515  -24.042  -5.179  -8.092 0.0000000000
44585  -23.648  -5.502  -8.359 0.0000000000
45514  -23.997  -5.049  -8.218 0.0000000000
45528  -23.725  -4.999  -8.487 0.0000000000
45527  -23.166  -5.020  -8.918 0.0000000000
45526  -23.037  -5.093  -8.958 0.0000000000
45535  -22.919  -5.170  -8.946 0.0000000000
44459  -25.109  -5.215  -4.591 0.0000000000
45393  -24.986  -5.004  -4.713 0.0000000000
46324  -25.028  -4.912  -4.965 0.0000000000
46323  -24.904  -4.837  -4.857 0.0000000000
45372  -25.136  -5.127  -4.448 0.0000000000
46304  -25.098  -4.985  -4.493 0.0000000000
46342  -24.909  -4.731  -5.007 0.0000000000
45418  -24.733  -5.009  -5.264 0.0000000000
46354  -24.471  -4.992  -5.673 0.0000000000
46355  -24.783  -4.852  -5.275 0.0000000000
46362  -24.346  -4.867  -5.987 0.0000000000
46371  -24.395  -4.806  -6.047 0.0000000000
45445  -24.391  -4.995  -6.267 0.0000000000
46379  -24.137  -5.013  -6.751 0.0000000000
46380  -24.515  -4.865  -6.485 0.0000000000
46388  -24.081  -4.940  -6.967 0.0000000000
46396  -24.057  -4.995  -7.078 0.0000000000
46410  -24.057  -4.998  -7.650 0.0000000000
46424  -24.065  -4.994  -8.015 0.0000000000
46438  -23.941  -4.971  -8.220 0.0000000000
46455  -23.819  -4.755  -8.524 0.0000000000
46439  -24.039  -4.888  -8.173 0.0000000000
46454  -23.481  -4.907  -8.661 0.0000000000
46285  -25.130  -4.993  -3.967 0.0000000000
45354  -25.151  -5.112  -4.182 0.0000000000
47243  -25.346  -4.547  -4.136 0.0000000000
47265  -25.166  -4.430  -4.887 0.0000000000
46343  -24.983  -4.709  -4.919 0.0000000000
47286  -25.043  -4.471  -5.085 0.0000000000
47285  -24.996  -4.462  -5.150 0.0000000000
47298  -24.987  -4.306  -5.444 0.0000000000
46363  -24.451  -4.982  -5.827 0.0000000000
47307  -24.564  -4.432  -5.871 0.0000000000
47306  -24.515  -4.298  -6.007 0.0000000000
47315  -24.524  -4.273  -6.193 0.0000000000
46389  -24.215  -4.744  -6.980 0.0000000000
47321  -24.520  -4.378  -6.955 0.0000000000
47330  -24.315  -4.419  -6.995 0.0000000000
47329  -24.143  -4.594  -7.031 0.0000000000
47338  -24.074  -4.581  -7.401 0.0000000000
47347  -24.077  -4.620  -7.999 0.0000000000
47362  -24.306  -4.762  -8.002 0.0000000000
47379  -24.187  -4.310  -8.285 0.0000000000
46456  -24.055  -4.607  -8.476 0.0000000000
47218  -25.177  -4.419  -3.959 0.0000000000
47219  -25.316  -4.211  -4.011 0.0000000000
47244  -25.473  -4.169  -4.421 0.0000000000
48129  -25.343  -4.011  -4.041 0.0000000000
48157  -25.382  -4.017  -4.325 0.0000000000
47266  -25.306  -4.033  -4.729 0.0000000000
48180  -25.225  -3.996  -4.992 0.0000000000
48197  -25.147  -4.082  -5.080 0.0000000000
48181  -25.560  -4.014  -4.702 0.0000000000
47299  -25.029  -4.330  -5.293 0.0000000000
48210  -25.060  -4.086  -5.440 0.0000000000
48209  -24.996  -4.015  -5.524 0.0000000000
48218  -24.757  -4.023  -5.894 0.0000000000
48217  -24.620  -4.010  -5.984 0.0000000000
48228  -24.589  -3.969  -6.036 0.0000000000
48238  -24.439  -3.991  -6.511 0.0000000000
48246  -24.377  -4.024  -6.909 0.0000000000
47339  -24.357  -4.306  -7.209 0.0000000000
48253  -24.425  -4.049  -7.047 0.0000000000
47348  -24.419  -4.239  -7.724 0.0000000000
48259  -24.424  -4.002  -7.364 0.0000000000
47363  -24.325  -4.170  -7.985 0.0000000000
48266  -24.455  -3.985  -7.945 0.0000000000
47380  -24.453  -4.395  -7.993 0.0000000000
48128  -25.197  -4.010  -4.010 0.0000000000
48156  -25.168  -3.981  -4.139 0.0000000000
49091  -25.183  -3.781  -4.331 0.0000000000
49092  -25.539  -3.974  -4.270 0.0000000000
49116  -25.194  -3.783  -4.825 0.0000000000
49117  -25.574  -3.898  -4.492 0.0000000000
49134  -25.141  -3.725  -5.221 0.0000000000
49149  -25.163  -3.704  -5.657 0.0000000000
48219  -24.973  -3.958  -5.779 0.0000000000
48229  -24.733  -4.025  -6.003 0.0000000000
49156  -24.850  -3.744  -5.930 0.0000000000
49157  -25.007  -3.663  -5.867 0.0000000000
49164  -24.606  -3.908  -6.156 0.0000000000
49165  -24.802  -3.604  -5.923 0.0000000000
49173  -24.450  -3.841  -6.663 0.0000000000
49181  -24.425  -3.872  -7.009 0.0000000000
49190  -24.481  -3.936  -7.072 0.0000000000
49198  -24.434  -3.760  -7.501 0.0000000000
49067  -25.016  -3.886  -3.998 0.0000000000
49090  -25.096  -3.636  -4.147 0.0000000000
49066  -24.968  -3.661  -3.973 0.0000000000
49988  -25.018  -3.392  -4.483 0.0000000000
50013  -25.098  -3.347  -4.766 0.0000000000
50029  -25.166  -3.334  -5.010 0.0000000000
50043  -25.199  -3.288  -5.374 0.0000000000
50052  -25.018  -3.292  -5.822 0.0000000000
50051  -24.871  -3.202  -5.926 0.0000000000
50061  -24.825  -3.189  -5.997 0.0000000000
49174  -24.794  -3.900  -6.469 0.0000000000
50074  -24.740  -3.345  -6.487 0.0000000000
50073  -24.432  -3.668  -6.680 0.0000000000
50090  -24.479  -3.435  -6.974 0.0000000000
50107  -24.538  -3.355  -7.138 0.0000000000
49987  -24.985  -3.307  -4.187 0.0000000000
50012  -24.993  -3.076  -4.751 0.0000000000
50919  -24.963  -3.021  -4.687 0.0000000000
50945  -24.918  -2.937  -4.976 0.0000000000
50946  -25.019  -3.165  -4.999 0.0000000000
50966  -24.988  -3.075  -4.989 0.0000000000
50979  -24.972  -3.004  -5.302 0.0000000000
50991  -24.894  -3.010  -5.982 0.0000000000
50992  -24.848  -2.989  -5.718 0.0000000000
51008  -24.816  -2.986  -6.171 0.0000000000
51025  -24.784  -3.016  -6.580 0.0000000000
50091  -24.662  -3.079  -6.989 0.0000000000
50918  -24.678  -2.994  -4.613 0.0000000000
50944  -24.426  -2.893  -4.688 0.0000000000
51853  -24.565  -2.677  -4.855 0.0000000000
50965  -24.980  -2.975  -5.134 0.0000000000
51874  -24.735  -2.895  -4.975 0.0000000000
50978  -24.964  -2.979  -5.663 0.0000000000
51894  -24.929  -2.860  -5.433 0.0000000000
51910  -24.948  -2.880  -5.903 0.0000000000
51923  -24.780  -2.829  -6.030 0.0000000000
51930  -24.794  -2.800  -6.538 0.0000000000
51042  -24.796  -2.928  -6.925 0.0000000000
51852  -24.221  -2.702  -4.821 0.0000000000
51873  -24.347  -2.542  -4.981 0.0000000000
51872  -23.984  -2.529  -5.002 0.0000000000
52780  -24.032  -2.313  -5.065 0.0000000000
52781  -24.225  -2.323  -5.001 0.0000000000
51893  -24.705  -2.681  -5.001 0.0000000000
52797  -24.440  -2.212  -5.368 0.0000000000
52798  -24.948  -2.592  -5.931 0.0000000000
52808  -24.716  -2.315  -5.994 0.0000000000
52816  -24.719  -2.271  -6.156 0.0000000000
52779  -23.875  -2.466  -5.115 0.0000000000
52796  -24.016  -2.184  -5.465 0.0000000000
52795  -23.942  -2.308  -5.416 0.0000000000
52806  -24.026  -2.039  -5.830 0.0000000000
52807  -24.241  -2.031  -5.856 0.0000000000
52778  -23.600  -2.432  -5.011 0.0000000000
51871  -23.848  -2.383  -4.992 0.0000000000
51851  -23.981  -2.771  -4.745 0.0000000000
51870  -23.386  -2.483  -4.990 0.0000000000
51850  -23.628  -2.704  -4.817 0.0000000000
50943  -24.072  -2.994  -4.697 0.0000000000
50942  -23.911  -2.871  -4.660 0.0000000000
51849  -23.121  -2.737  -4.815 0.0000000000
50941  -23.377  -2.939  -4.676 0.0000000000
51848  -23.016  -2.845  -4.910 0.0000000000
50940  -22.991  -2.944  -4.785 0.0000000000
51869  -23.000  -2.746  -4.999 0.0000000000
50917  -24.046  -3.023  -4.495 0.0000000000
50916  -24.001  -3.014  -4.601 0.0000000000
50011  -23.748  -3.007  -4.681 0.0000000000
50010  -23.208  -3.003  -4.749 0.0000000000
50939  -22.814  -2.993  -4.877 0.0000000000
50009  -23.000  -3.211  -4.729 0.0000000000
50964  -22.919  -2.897  -4.926 0.0000000000
50938  -22.475  -2.842  -5.000 0.0000000000
50008  -22.730  -3.110  -4.789 0.0000000000
50963  -22.741  -2.926  -4.988 0.0000000000
50937  -22.010  -2.956  -4.957 0.0000000000
50007  -22.065  -3.098  -4.835 0.0000000000
50962  -22.233  -2.981  -5.024 0.0000000000
50006  -21.943  -3.138  -4.989 0.0000000000
50028  -21.906  -3.033  -5.042 0.0000000000
50961  -22.070  -2.964  -5.013 0.0000000000
49986  -24.254  -3.272  -4.254 0.0000000000
49985  -23.999  -3.343  -4.285 0.0000000000
49984  -23.745  -3.150  -4.407 0.0000000000
49983  -23.060  -3.297  -4.646 0.0000000000
49115  -22.963  -3.622  -4.543 0.0000000000
49086  -23.052  -3.725  -4.438 0.0000000000
49982  -22.988  -3.367  -4.645 0.0000000000
49114  -22.845  -3.628  -4.637 0.0000000000
49113  -22.369  -3.594  -4.707 0.0000000000
49112  -22.017  -3.611  -4.758 0.0000000000
50005  -21.487  -3.188  -4.787 0.0000000000
49111  -21.816  -3.562  -4.691 0.0000000000
50027  -21.705  -3.194  -5.027 0.0000000000
50004  -21.031  -3.267  -4.962 0.0000000000
49110  -21.283  -3.617  -4.822 0.0000000000
50026  -21.131  -3.496  -5.010 0.0000000000
49974  -24.563  -3.499  -4.003 0.0000000000
49973  -24.061  -3.597  -4.106 0.0000000000
49089  -24.014  -3.729  -4.098 0.0000000000
49064  -23.993  -3.767  -4.010 0.0000000000
49972  -24.002  -3.523  -4.093 0.0000000000
49088  -23.962  -3.717  -4.161 0.0000000000
49087  -23.316  -3.750  -4.424 0.0000000000
49065  -24.130  -3.666  -3.976 0.0000000000
49085  -22.985  -3.893  -4.394 0.0000000000
49084  -22.482  -3.927  -4.411 0.0000000000
48179  -22.096  -3.886  -4.598 0.0000000000
48178  -22.019  -3.987  -4.635 0.0000000000
48177  -21.665  -3.897  -4.725 0.0000000000
49109  -20.953  -3.782  -4.803 0.0000000000
48176  -21.099  -3.990  -4.752 0.0000000000
49133  -20.981  -3.670  -4.925 0.0000000000
49108  -20.669  -3.821  -4.841 0.0000000000
48175  -20.829  -4.000  -4.730 0.0000000000
49132  -20.916  -3.654  -4.983 0.0000000000
48174  -20.426  -4.006  -4.893 0.0000000000
48196  -20.440  -4.000  -4.999 0.0000000000
49131  -20.610  -3.731  -4.999 0.0000000000
49063  -23.997  -3.897  -4.001 0.0000000000
48155  -23.699  -4.020  -4.115 0.0000000000
48126  -23.879  -3.907  -4.028 0.0000000000
48154  -23.168  -3.999  -4.272 0.0000000000
48153  -23.039  -3.985  -4.361 0.0000000000
48152  -22.779  -3.995  -4.395 0.0000000000
48151  -22.293  -4.039  -4.566 0.0000000000
49049  -25.029  -3.937  -3.945 0.0000000000
48113  -25.050  -3.997  -3.948 0.0000000000
49048  -25.018  -3.835  -3.743 0.0000000000
49047  -24.485  -3.685  -3.762 0.0000000000
49046  -24.009  -3.550  -3.861 0.0000000000
48127  -23.989  -3.854  -3.899 0.0000000000
48110  -24.011  -3.843  -3.709 0.0000000000
48112  -24.995  -3.991  -3.821 0.0000000000
48111  -24.537  -3.895  -3.693 0.0000000000
48195  -20.213  -4.112  -5.001 0.0000000000
49130  -20.210  -3.982  -5.139 0.0000000000
47284  -20.081  -4.251  -5.011 0.0000000000
48173  -20.183  -4.162  -4.897 0.0000000000
48194  -20.077  -4.218  -5.056 0.0000000000
47283  -19.988  -4.434  -4.931 0.0000000000
48207  -19.993  -4.127  -5.142 0.0000000000
48208  -20.030  -4.028  -5.364 0.0000000000
48150  -21.984  -4.093  -4.507 0.0000000000
48149  -21.654  -3.988  -4.642 0.0000000000
47264  -21.058  -4.052  -4.775 0.0000000000
48148  -21.252  -4.005  -4.720 0.0000000000
47263  -21.000  -4.071  -4.758 0.0000000000
47262  -20.692  -4.159  -4.734 0.0000000000
47261  -20.014  -4.376  -4.909 0.0000000000
48125  -23.529  -4.099  -4.131 0.0000000000
48124  -23.169  -4.101  -4.155 0.0000000000
47242  -22.980  -4.168  -4.341 0.0000000000
47241  -22.666  -4.306  -4.324 0.0000000000
47240  -22.233  -4.557  -4.279 0.0000000000
47239  -22.005  -4.493  -4.328 0.0000000000
47238  -21.461  -4.209  -4.471 0.0000000000
47237  -21.055  -4.286  -4.629 0.0000000000
48109  -23.985  -3.986  -3.889 0.0000000000
47217  -23.851  -4.017  -3.984 0.0000000000
47216  -23.470  -4.225  -4.028 0.0000000000
47215  -23.005  -4.339  -4.010 0.0000000000
47201  -25.099  -4.443  -3.632 0.0000000000
48103  -24.993  -3.980  -3.654 0.0000000000
47200  -25.015  -4.235  -3.623 0.0000000000
48102  -24.695  -3.979  -3.633 0.0000000000
48101  -24.094  -4.009  -3.607 0.0000000000
47199  -23.998  -4.011  -3.779 0.0000000000
47198  -23.970  -4.236  -3.812 0.0000000000
47185  -25.006  -4.402  -3.264 0.0000000000
47184  -24.301  -4.119  -3.384 0.0000000000
47183  -24.013  -4.309  -3.377 0.0000000000
46341  -19.743  -4.634  -5.018 0.0000000000
46321  -19.877  -4.676  -4.777 0.0000000000
47260  -19.933  -4.342  -4.871 0.0000000000
47297  -19.827  -4.122  -5.227 0.0000000000
47236  -20.987  -4.501  -4.420 0.0000000000
47235  -20.554  -4.427  -4.395 0.0000000000
46322  -19.985  -4.676  -4.675 0.0000000000
46297  -20.101  -4.872  -4.396 0.0000000000
47234  -20.144  -4.502  -4.707 0.0000000000
47214  -22.594  -4.605  -4.124 0.0000000000
46303  -22.013  -4.825  -3.980 0.0000000000
46282  -22.291  -4.936  -3.985 0.0000000000
47213  -22.184  -4.905  -4.137 0.0000000000
46302  -21.984  -4.812  -4.140 0.0000000000
46301  -21.730  -4.824  -4.090 0.0000000000
46300  -21.114  -4.748  -4.225 0.0000000000
46299  -20.974  -4.825  -4.170 0.0000000000
46298  -20.842  -4.949  -4.289 0.0000000000
46261  -25.154  -4.896  -3.710 0.0000000000
47197  -23.360  -4.526  -3.752 0.0000000000
46284  -22.990  -4.464  -3.999 0.0000000000
46259  -23.003  -4.646  -3.737 0.0000000000
47196  -23.020  -4.536  -3.899 0.0000000000
46283  -22.964  -4.549  -3.981 0.0000000000
47186  -24.988  -4.685  -3.187 0.0000000000
46243  -25.105  -4.970  -3.188 0.0000000000
47182  -23.756  -4.479  -3.215 0.0000000000
46260  -23.032  -4.760  -3.460 0.0000000000
47181  -23.340  -4.757  -3.198 0.0000000000
46242  -24.992  -4.805  -2.996 0.0000000000
47167  -24.645  -4.611  -3.027 0.0000000000
47166  -24.238  -4.568  -3.063 0.0000000000
47165  -24.027  -4.523  -3.101 0.0000000000
46241  -23.730  -4.680  -3.027 0.0000000000
47164  -23.986  -4.597  -3.007 0.0000000000
46240  -23.294  -4.779  -3.108 0.0000000000
46227  -24.794  -4.808  -2.960 0.0000000000
46226  -24.310  -4.403  -2.998 0.0000000000
46225  -23.989  -4.550  -3.012 0.0000000000
46224  -23.732  -4.713  -2.957 0.0000000000
46340  -19.530  -4.926  -5.052 0.0000000000
46320  -19.625  -4.808  -4.866 0.0000000000
46353  -19.543  -4.639  -5.003 0.0000000000
45408  -19.477  -4.996  -5.079 0.0000000000
45390  -19.563  -4.993  -4.975 0.0000000000
45416  -19.394  -5.008  -5.569 0.0000000000
46352  -19.486  -4.688  -5.562 0.0000000000
46296  -19.944  -4.841  -4.491 0.0000000000
45391  -19.734  -4.942  -4.718 0.0000000000
45368  -19.993  -5.047  -4.471 0.0000000000
46281  -21.999  -5.021  -3.987 0.0000000000
46280  -21.729  -5.000  -4.087 0.0000000000
46279  -21.314  -4.948  -4.046 0.0000000000
46278  -21.025  -4.971  -4.055 0.0000000000
45371  -20.999  -5.058  -4.076 0.0000000000
45350  -21.025  -5.007  -4.034 0.0000000000
45370  -20.524  -5.047  -4.289 0.0000000000
45369  -20.058  -5.021  -4.324 0.0000000000
45328  -25.226  -5.018  -3.995 0.0000000000
46258  -22.638  -4.921  -3.557 0.0000000000
46257  -22.045  -4.918  -3.794 0.0000000000
45353  -21.909  -5.076  -3.905 0.0000000000
45325  -22.033  -4.990  -3.749 0.0000000000
46256  -21.964  -4.938  -3.871 0.0000000000
45352  -21.695  -5.073  -3.997 0.0000000000
45351  -21.367  -4.992  -4.002 0.0000000000
45306  -25.017  -5.079  -3.356 0.0000000000
46239  -22.989  -4.961  -3.080 0.0000000000
45327  -22.570  -5.051  -3.487 0.0000000000
45304  -22.693  -5.024  -3.098 0.0000000000
46238  -22.965  -5.047  -3.062 0.0000000000
45326  -22.252  -5.076  -3.548 0.0000000000
46228  -24.957  -4.985  -2.995 0.0000000000
45294  -25.045  -5.039  -3.003 0.0000000000
46223  -23.253  -4.660  -3.001 0.0000000000
45305  -22.956  -5.013  -2.978 0.0000000000
45292  -22.961  -5.009  -2.900 0.0000000000
46222  -22.963  -4.940  -2.884 0.0000000000
45293  -24.864  -4.959  -2.979 0.0000000000
46213  -24.670  -4.745  -2.721 0.0000000000
45280  -24.917  -4.968  -2.847 0.0000000000
46212  -24.013  -4.679  -2.547 0.0000000000
46211  -23.981  -4.720  -2.766 0.0000000000
46210  -23.667  -4.650  -2.623 0.0000000000
46209  -23.007  -4.804  -2.583 0.0000000000
45278  -22.941  -5.006  -2.655 0.0000000000
46208  -22.992  -5.011  -2.613 0.0000000000
46203  -24.210  -4.958  -2.227 0.0000000000
45272  -24.771  -4.981  -2.355 0.0000000000
46202  -23.995  -4.878  -2.163 0.0000000000
46201  -23.939  -4.889  -2.221 0.0000000000
46200  -23.530  -4.879  -2.021 0.0000000000
45279  -23.118  -4.991  -2.497 0.0000000000
46199  -23.302  -4.995  -2.303 0.0000000000
45271  -24.178  -5.009  -2.038 0.0000000000
45270  -24.006  -4.927  -1.991 0.0000000000
46195  -23.856  -4.977  -2.076 0.0000000000
45260  -23.985  -4.925  -2.000 0.0000000000
45269  -23.565  -4.988  -1.993 0.0000000000
46194  -23.807  -4.943  -1.969 0.0000000000
45268  -23.108  -4.993  -2.037 0.0000000000
45259  -23.820  -5.017  -1.935 0.0000000000
45415  -19.127  -5.036  -5.484 0.0000000000
45424  -19.179  -5.012  -5.975 0.0000000000
45425  -19.375  -5.004  -5.988 0.0000000000
44480  -19.165  -5.544  -5.285 0.0000000000
45407  -19.268  -5.098  -5.028 0.0000000000
44488  -19.001  -5.574  -5.818 0.0000000000
44473  -19.469  -5.097  -5.006 0.0000000000
44472  -19.351  -5.512  -5.003 0.0000000000
44457  -19.760  -4.995  -4.746 0.0000000000
44456  -19.439  -5.353  -4.849 0.0000000000
44440  -25.135  -5.390  -4.230 0.0000000000
45349  -20.759  -5.120  -4.145 0.0000000000
45348  -20.311  -5.167  -4.186 0.0000000000
44438  -20.010  -5.359  -4.502 0.0000000000
44437  -19.954  -5.252  -4.200 0.0000000000
44420  -25.139  -5.280  -4.052 0.0000000000
45324  -21.818  -5.003  -3.923 0.0000000000
45323  -21.395  -5.006  -3.986 0.0000000000
45322  -21.002  -5.074  -3.989 0.0000000000
44419  -20.972  -5.059  -4.008 0.0000000000
44418  -20.610  -5.197  -4.018 0.0000000000
44417  -20.047  -5.558  -4.046 0.0000000000
44398  -25.137  -5.293  -3.929 0.0000000000
45303  -22.253  -5.068  -3.116 0.0000000000
45302  -21.992  -5.156  -3.323 0.0000000000
45301  -21.980  -5.128  -3.484 0.0000000000
44397  -21.383  -5.159  -3.849 0.0000000000
44372  -21.827  -5.379  -3.206 0.0000000000
44396  -21.009  -5.221  -3.848 0.0000000000
44395  -20.979  -5.261  -3.783 0.0000000000
44358  -25.119  -5.264  -2.986 0.0000000000
44374  -25.001  -5.526  -3.224 0.0000000000
45291  -22.687  -5.078  -2.930 0.0000000000
45290  -22.289  -5.138  -2.988 0.0000000000
45289  -22.024  -5.226  -3.078 0.0000000000
44373  -22.024  -5.371  -3.012 0.0000000000
44356  -21.987  -5.344  -3.013 0.0000000000
45281  -25.025  -5.041  -2.930 0.0000000000
44349  -25.136  -5.348  -2.806 0.0000000000
45277  -22.742  -5.162  -2.553 0.0000000000
45276  -22.423  -4.990  -2.974 0.0000000000
44357  -22.076  -5.320  -2.992 0.0000000000
44346  -22.160  -5.381  -2.738 0.0000000000
44348  -25.009  -5.019  -2.860 0.0000000000
44338  -24.953  -5.178  -2.480 0.0000000000
45267  -22.976  -5.253  -2.159 0.0000000000
44347  -22.601  -5.767  -2.604 0.0000000000
44336  -22.942  -5.420  -2.010 0.0000000000
45266  -22.969  -5.290  -2.124 0.0000000000
45262  -24.345  -5.024  -2.013 0.0000000000
44329  -24.720  -5.308  -2.013 0.0000000000
45261  -24.135  -5.019  -1.979 0.0000000000
45258  -23.190  -5.103  -1.982 0.0000000000
44337  -23.012  -5.384  -1.986 0.0000000000
44326  -23.045  -5.350  -1.911 0.0000000000
45257  -23.041  -5.283  -2.014 0.0000000000
44328  -24.365  -5.023  -1.977 0.0000000000
45253  -24.064  -5.036  -1.843 0.0000000000
44319  -24.288  -5.142  -1.684 0.0000000000
45252  -23.965  -5.061  -1.765 0.0000000000
45251  -23.871  -5.075  -1.711 0.0000000000
44327  -22.992  -5.390  -1.875 0.0000000000
44316  -23.171  -5.330  -1.575 0.0000000000
45250  -23.446  -5.117  -1.799 0.0000000000
44318  -24.010  -5.026  -1.646 0.0000000000
45246  -24.002  -5.260  -1.471 0.0000000000
44308  -24.016  -5.240  -1.271 0.0000000000
44317  -23.817  -5.340  -1.181 0.0000000000
44307  -23.956  -5.414  -1.139 0.0000000000
45245  -23.947  -5.366  -1.244 0.0000000000
43573  -18.981  -5.777  -5.676 0.0000000000
43563  -19.055  -5.894  -5.484 0.0000000000
44487  -18.897  -5.638  -5.869 0.0000000000
43572  -18.875  -5.789  -5.814 0.0000000000
44497  -18.863  -5.573  -5.955 0.0000000000
44498  -19.051  -5.412  -6.026 0.0000000000
43554  -19.183  -5.920  -5.079 0.0000000000
43542  -19.144  -5.775  -4.982 0.0000000000
44455  -19.262  -5.414  -4.994 0.0000000000
44439  -25.125  -5.630  -4.119 0.0000000000
43530  -24.939  -5.885  -4.084 0.0000000000
43543  -19.496  -5.984  -4.748 0.0000000000
44436  -19.664  -5.625  -4.430 0.0000000000
43511  -25.058  -5.636  -3.996 0.0000000000
43531  -25.111  -5.665  -3.990 0.0000000000
43529  -19.911  -5.736  -4.023 0.0000000000
44416  -19.995  -5.636  -4.057 0.0000000000
43528  -19.746  -5.893  -4.061 0.0000000000
44394  -20.540  -5.158  -3.730 0.0000000000
43509  -20.023  -5.860  -3.985 0.0000000000
44393  -20.004  -5.756  -3.839 0.0000000000
43508  -19.896  -5.898  -3.906 0.0000000000
43493  -25.078  -5.871  -3.607 0.0000000000
44371  -21.053  -5.668  -3.355 0.0000000000
44370  -21.002  -5.445  -3.478 0.0000000000
44369  -20.916  -5.519  -3.310 0.0000000000
43491  -20.350  -5.880  -3.420 0.0000000000
43490  -20.127  -5.984  -3.597 0.0000000000
43477  -25.123  -5.915  -3.058 0.0000000000
44355  -21.730  -5.437  -3.030 0.0000000000
44354  -21.329  -5.571  -3.017 0.0000000000
43476  -21.025  -5.750  -3.154 0.0000000000
43475  -21.005  -5.817  -3.125 0.0000000000
43474  -20.578  -5.958  -3.146 0.0000000000
43461  -25.139  -5.769  -2.925 0.0000000000
44345  -22.017  -5.428  -2.834 0.0000000000
44344  -21.806  -5.299  -3.017 0.0000000000
44343  -21.347  -5.575  -2.938 0.0000000000
43460  -21.040  -5.787  -3.013 0.0000000000
44339  -25.135  -5.585  -2.578 0.0000000000
43447  -25.102  -5.861  -2.697 0.0000000000
44335  -22.183  -5.584  -2.135 0.0000000000
44334  -22.002  -5.531  -2.301 0.0000000000
44333  -21.968  -5.443  -2.406 0.0000000000
43445  -21.519  -5.514  -2.767 0.0000000000
43444  -21.024  -5.773  -2.709 0.0000000000
43438  -25.015  -5.962  -2.405 0.0000000000
43437  -24.899  -5.825  -2.192 0.0000000000
44325  -22.814  -5.395  -1.996 0.0000000000
44324  -22.451  -5.533  -2.012 0.0000000000
44323  -21.952  -5.681  -2.009 0.0000000000
43436  -21.879  -5.734  -2.076 0.0000000000
43435  -21.478  -5.797  -2.011 0.0000000000
44320  -24.800  -5.661  -1.664 0.0000000000
43429  -24.798  -5.887  -2.027 0.0000000000
44315  -23.010  -5.531  -1.570 0.0000000000
44314  -23.008  -5.404  -1.891 0.0000000000
43428  -22.340  -5.639  -2.000 0.0000000000
43420  -22.588  -5.693  -1.767 0.0000000000
43427  -22.005  -5.781  -1.938 0.0000000000
43426  -21.848  -5.853  -1.990 0.0000000000
44310  -24.717  -5.917  -1.168 0.0000000000
43414  -24.739  -5.983  -1.376 0.0000000000
43422  -24.784  -6.000  -1.822 0.0000000000
44309  -24.359  -5.500  -1.040 0.0000000000
44306  -23.279  -5.619  -1.012 0.0000000000
44305  -23.000  -5.669  -1.230 0.0000000000
43421  -22.927  -5.712  -1.449 0.0000000000
43411  -23.024  -5.901  -1.100 0.0000000000
43413  -24.601  -5.982  -1.009 0.0000000000
44301  -24.258  -5.633  -0.879 0.0000000000
43405  -24.370  -5.819  -0.940 0.0000000000
44300  -24.028  -5.511  -0.975 0.0000000000
44299  -23.983  -5.516  -0.996 0.0000000000
44298  -23.718  -5.553  -0.993 0.0000000000
43412  -23.194  -5.839  -0.995 0.0000000000
43402  -23.418  -5.758  -0.891 0.0000000000
43404  -24.137  -5.804  -0.797 0.0000000000
43403  -23.846  -5.715  -0.802 0.0000000000
43562  -18.952  -5.852  -5.558 0.0000000000
42699  -18.832  -5.985  -5.981 0.0000000000
42690  -18.883  -5.967  -5.539 0.0000000000
42711  -18.806  -5.961  -6.003 0.0000000000
43584  -18.860  -5.720  -5.977 0.0000000000
42691  -19.004  -6.016  -5.403 0.0000000000
42683  -19.102  -6.079  -5.204 0.0000000000
42670  -19.149  -6.089  -4.954 0.0000000000
42659  -24.824  -6.001  -4.254 0.0000000000
42674  -24.675  -5.995  -4.693 0.0000000000
42671  -19.441  -5.987  -4.599 0.0000000000
42657  -19.508  -5.976  -4.195 0.0000000000
43510  -24.870  -5.882  -3.872 0.0000000000
42640  -24.810  -5.996  -3.977 0.0000000000
42637  -19.740  -6.012  -4.006 0.0000000000
43507  -19.775  -5.954  -3.983 0.0000000000
43492  -24.900  -5.948  -3.816 0.0000000000
42621  -24.892  -6.132  -3.655 0.0000000000
42638  -19.862  -5.971  -3.854 0.0000000000
42618  -20.011  -5.995  -3.673 0.0000000000
43489  -20.003  -5.965  -3.747 0.0000000000
42609  -25.088  -6.009  -3.176 0.0000000000
42622  -25.087  -6.041  -3.419 0.0000000000
42619  -20.100  -6.136  -3.497 0.0000000000
42606  -20.223  -6.238  -3.264 0.0000000000
43473  -20.322  -6.068  -3.333 0.0000000000
42598  -25.007  -5.948  -3.004 0.0000000000
43459  -20.987  -5.818  -2.921 0.0000000000
42607  -20.447  -6.130  -3.080 0.0000000000
42596  -20.534  -5.987  -2.954 0.0000000000
43458  -20.716  -5.839  -2.797 0.0000000000
42582  -25.129  -6.020  -2.907 0.0000000000
43443  -20.916  -5.894  -2.590 0.0000000000
42579  -20.783  -5.989  -2.604 0.0000000000
43442  -20.806  -5.900  -2.677 0.0000000000
43446  -24.886  -5.970  -2.400 0.0000000000
42581  -24.963  -6.082  -2.582 0.0000000000
42566  -24.902  -5.994  -2.121 0.0000000000
43434  -21.090  -5.950  -2.342 0.0000000000
42580  -20.934  -5.974  -2.445 0.0000000000
43433  -20.998  -5.998  -2.172 0.0000000000
42565  -21.798  -6.000  -2.456 0.0000000000
43425  -21.724  -5.956  -2.033 0.0000000000
42564  -21.242  -6.067  -2.226 0.0000000000
42563  -20.992  -6.100  -2.258 0.0000000000
42558  -24.833  -6.016  -2.020 0.0000000000
43419  -22.024  -5.849  -1.819 0.0000000000
43418  -21.967  -5.919  -1.826 0.0000000000
42557  -21.785  -5.922  -1.896 0.0000000000
42556  -21.543  -6.076  -2.058 0.0000000000
42551  -24.816  -5.996  -1.560 0.0000000000
43410  -22.906  -5.879  -1.249 0.0000000000
43409  -22.240  -5.980  -1.176 0.0000000000
42550  -22.062  -6.017  -1.591 0.0000000000
42549  -21.956  -6.011  -1.645 0.0000000000
42544  -24.617  -6.091  -1.108 0.0000000000
42543  -24.497  -6.012  -0.905 0.0000000000
43401  -22.995  -5.986  -1.008 0.0000000000
42542  -22.988  -5.924  -1.027 0.0000000000
42541  -22.837  -6.061  -1.047 0.0000000000
42540  -22.280  -6.169  -1.262 0.0000000000
42534  -24.375  -5.996  -1.008 0.0000000000
43397  -24.048  -5.875  -0.581 0.0000000000
42533  -24.181  -5.981  -0.604 0.0000000000
43396  -23.976  -5.924  -0.542 0.0000000000
43395  -23.562  -5.822  -0.663 0.0000000000
42532  -23.216  -5.916  -0.893 0.0000000000
42531  -22.959  -6.003  -0.968 0.0000000000
41869  -22.043  -6.278  -9.023 0.0000000000
42784  -22.023  -6.099  -9.078 0.0000000000
43660  -22.060  -6.034  -9.071 0.0000000000
42797  -21.949  -6.055  -9.185 0.0000000000
42710  -18.505  -6.023  -6.174 0.0000000000
43583  -18.795  -5.925  -6.069 0.0000000000
41796  -18.328  -6.430  -6.070 0.0000000000
42698  -18.686  -6.075  -5.997 0.0000000000
42709  -18.151  -6.220  -6.289 0.0000000000
42721  -18.119  -6.074  -6.706 0.0000000000
42722  -18.317  -5.957  -6.423 0.0000000000
41795  -17.991  -6.588  -6.178 0.0000000000
41810  -18.010  -6.233  -6.532 0.0000000000
41777  -18.783  -6.039  -5.809 0.0000000000
41776  -18.607  -6.421  -5.990 0.0000000000
42682  -18.942  -6.068  -5.090 0.0000000000
41766  -18.978  -6.234  -5.275 0.0000000000
41757  -19.040  -6.302  -5.061 0.0000000000
41756  -18.890  -6.543  -4.966 0.0000000000
42658  -24.498  -6.179  -4.423 0.0000000000
41748  -24.233  -6.370  -4.725 0.0000000000
41747  -24.002  -6.458  -4.908 0.0000000000
42656  -19.164  -5.996  -4.370 0.0000000000
41744  -19.021  -6.541  -4.821 0.0000000000
41731  -19.148  -6.690  -4.498 0.0000000000
42639  -24.595  -6.167  -3.994 0.0000000000
41736  -24.322  -6.642  -4.174 0.0000000000
41732  -19.510  -6.157  -4.013 0.0000000000
41712  -19.543  -6.395  -3.954 0.0000000000
42620  -24.704  -6.318  -3.992 0.0000000000
41716  -24.190  -6.469  -3.976 0.0000000000
42617  -19.902  -6.001  -3.787 0.0000000000
41691  -19.517  -6.602  -3.985 0.0000000000
42608  -24.998  -6.132  -3.210 0.0000000000
41684  -24.774  -6.379  -3.160 0.0000000000
41697  -24.672  -6.666  -3.386 0.0000000000
41696  -24.270  -6.604  -3.771 0.0000000000
42605  -20.061  -6.186  -3.380 0.0000000000
41692  -19.973  -6.481  -3.321 0.0000000000
41678  -19.987  -6.463  -3.307 0.0000000000
42597  -25.034  -6.019  -2.996 0.0000000000
41670  -24.867  -6.223  -2.973 0.0000000000
42595  -20.326  -6.204  -3.019 0.0000000000
41679  -20.057  -6.476  -3.172 0.0000000000
41666  -20.087  -6.576  -3.027 0.0000000000
41656  -24.998  -6.131  -2.758 0.0000000000
42578  -20.363  -5.993  -2.941 0.0000000000
41651  -20.263  -6.234  -2.898 0.0000000000
41635  -24.911  -6.158  -2.346 0.0000000000
41652  -20.736  -6.050  -2.493 0.0000000000
41631  -20.862  -6.345  -2.131 0.0000000000
42562  -20.958  -6.073  -2.330 0.0000000000
41626  -24.812  -6.200  -2.006 0.0000000000
42555  -21.072  -6.222  -2.044 0.0000000000
41632  -20.992  -6.321  -2.000 0.0000000000
42554  -21.018  -6.373  -2.053 0.0000000000
41617  -24.765  -6.226  -1.886 0.0000000000
41624  -21.668  -6.153  -2.020 0.0000000000
42548  -21.804  -6.007  -1.946 0.0000000000
41623  -21.170  -6.327  -1.984 0.0000000000
41622  -20.961  -6.494  -1.975 0.0000000000
41609  -24.771  -6.185  -1.193 0.0000000000
41615  -22.003  -6.121  -1.621 0.0000000000
42539  -22.036  -6.179  -1.400 0.0000000000
41614  -21.641  -6.282  -1.786 0.0000000000
42535  -24.607  -6.108  -0.966 0.0000000000
41600  -24.727  -6.269  -0.992 0.0000000000
42530  -22.536  -6.046  -0.976 0.0000000000
41607  -22.254  -6.348  -1.134 0.0000000000
42529  -22.241  -6.157  -0.973 0.0000000000
41606  -22.002  -6.465  -1.247 0.0000000000
41599  -24.612  -6.700  -0.896 0.0000000000
40939  -22.062  -6.800  -9.047 0.0000000000
41882  -21.981  -6.562  -9.175 0.0000000000
41809  -17.940  -6.419  -6.570 0.0000000000
42720  -17.881  -6.040  -6.722 0.0000000000
40872  -18.008  -6.722  -6.249 0.0000000000
41794  -18.105  -6.597  -6.235 0.0000000000
41808  -17.322  -6.471  -6.490 0.0000000000
40871  -17.692  -6.950  -6.198 0.0000000000
42719  -17.476  -6.026  -6.806 0.0000000000
41807  -16.992  -6.451  -6.345 0.0000000000
40870  -17.128  -6.880  -6.199 0.0000000000
42718  -17.077  -6.006  -6.672 0.0000000000
41793  -16.971  -6.730  -6.164 0.0000000000
40854  -17.006  -6.870  -6.038 0.0000000000
41806  -16.873  -6.492  -6.613 0.0000000000
42717  -16.960  -6.091  -6.586 0.0000000000
41792  -16.419  -6.630  -6.316 0.0000000000
42708  -16.680  -6.315  -6.691 0.0000000000
40858  -18.279  -6.995  -6.027 0.0000000000
40857  -18.053  -6.879  -6.028 0.0000000000
40856  -18.001  -7.007  -6.045 0.0000000000
40853  -16.905  -6.864  -5.991 0.0000000000
41791  -16.128  -6.278  -6.039 0.0000000000
40852  -16.728  -6.747  -5.996 0.0000000000
42707  -16.102  -6.086  -6.241 0.0000000000
41775  -16.285  -6.457  -5.972 0.0000000000
41790  -16.009  -6.140  -5.974 0.0000000000
42706  -16.095  -6.015  -6.082 0.0000000000
41774  -15.987  -6.231  -5.945 0.0000000000
42697  -15.987  -6.030  -6.021 0.0000000000
40833  -18.743  -6.503  -5.677 0.0000000000
40832  -18.333  -7.015  -5.752 0.0000000000
41765  -15.988  -6.569  -5.485 0.0000000000
40828  -16.480  -6.824  -5.725 0.0000000000
41764  -16.078  -6.549  -5.418 0.0000000000
42689  -15.960  -6.124  -5.816 0.0000000000
40815  -18.766  -6.780  -5.117 0.0000000000
40812  -16.142  -6.868  -5.227 0.0000000000
41755  -15.992  -6.755  -5.222 0.0000000000
40811  -16.042  -6.849  -5.049 0.0000000000
41763  -16.011  -6.248  -5.322 0.0000000000
42688  -15.947  -6.040  -5.632 0.0000000000
41754  -15.576  -6.616  -4.974 0.0000000000
42681  -15.715  -5.980  -5.051 0.0000000000
41746  -23.669  -6.377  -4.958 0.0000000000
41745  -23.252  -6.730  -4.996 0.0000000000
40808  -23.012  -6.857  -5.023 0.0000000000
40803  -18.783  -6.908  -4.990 0.0000000000
40788  -18.882  -6.850  -4.719 0.0000000000
41743  -18.949  -6.673  -4.760 0.0000000000
40800  -15.964  -7.012  -5.077 0.0000000000
41753  -15.078  -6.534  -5.066 0.0000000000
40799  -15.475  -6.986  -5.058 0.0000000000
42680  -15.059  -6.029  -5.006 0.0000000000
41752  -14.972  -6.493  -5.032 0.0000000000
40798  -15.110  -6.875  -4.992 0.0000000000
42679  -14.969  -6.172  -5.102 0.0000000000
41735  -24.013  -6.498  -4.259 0.0000000000
41734  -23.971  -6.556  -4.455 0.0000000000
41733  -23.396  -6.662  -4.540 0.0000000000
40794  -23.003  -6.865  -4.649 0.0000000000
40789  -19.101  -6.890  -4.690 0.0000000000
40776  -19.047  -6.892  -4.374 0.0000000000
41715  -24.005  -6.538  -4.003 0.0000000000
41714  -23.905  -6.475  -4.054 0.0000000000
41713  -23.425  -6.469  -4.012 0.0000000000
40781  -23.005  -6.831  -4.162 0.0000000000
41711  -19.364  -6.632  -4.016 0.0000000000
40756  -19.156  -7.005  -4.004 0.0000000000
41695  -24.019  -6.522  -3.801 0.0000000000
41694  -23.948  -6.485  -3.885 0.0000000000
41693  -23.561  -6.538  -3.977 0.0000000000
40762  -23.106  -6.840  -4.021 0.0000000000
40757  -19.328  -6.773  -3.953 0.0000000000
40739  -19.289  -7.009  -3.835 0.0000000000
41683  -24.211  -6.570  -3.173 0.0000000000
41682  -24.001  -6.600  -3.189 0.0000000000
41681  -23.863  -6.554  -3.170 0.0000000000
41680  -23.512  -6.561  -3.575 0.0000000000
40744  -23.012  -6.854  -3.706 0.0000000000
40740  -19.648  -6.979  -3.552 0.0000000000
40724  -19.910  -6.938  -3.051 0.0000000000
41669  -24.283  -6.553  -2.997 0.0000000000
41668  -24.021  -6.637  -3.006 0.0000000000
41667  -24.026  -6.551  -2.987 0.0000000000
40716  -23.724  -6.724  -2.908 0.0000000000
40728  -23.668  -6.785  -2.993 0.0000000000
40727  -23.331  -6.979  -3.140 0.0000000000
41665  -19.987  -6.452  -3.000 0.0000000000
40711  -19.980  -6.790  -2.999 0.0000000000
41655  -24.779  -6.603  -2.634 0.0000000000
41654  -24.057  -6.782  -2.587 0.0000000000
41653  -24.036  -6.673  -2.844 0.0000000000
40703  -23.899  -6.778  -2.546 0.0000000000
40712  -19.984  -6.802  -2.900 0.0000000000
40700  -20.057  -6.846  -2.793 0.0000000000
41634  -24.391  -6.702  -2.111 0.0000000000
41633  -24.152  -6.906  -2.098 0.0000000000
40680  -24.077  -6.908  -2.254 0.0000000000
40704  -24.007  -6.877  -2.378 0.0000000000
41630  -20.346  -6.560  -2.403 0.0000000000
41625  -24.509  -6.677  -2.017 0.0000000000
40673  -24.241  -6.990  -1.998 0.0000000000
40681  -24.280  -6.939  -1.933 0.0000000000
40678  -20.570  -6.967  -2.054 0.0000000000
41621  -20.731  -6.634  -1.982 0.0000000000
40677  -20.392  -6.920  -2.281 0.0000000000
41616  -24.321  -6.601  -1.381 0.0000000000
40665  -24.416  -7.017  -1.770 0.0000000000
40671  -21.001  -6.768  -1.912 0.0000000000
41613  -21.131  -6.605  -1.945 0.0000000000
40670  -20.963  -6.798  -1.898 0.0000000000
40669  -20.679  -6.810  -1.978 0.0000000000
40664  -21.555  -6.842  -1.336 0.0000000000
41605  -21.922  -6.600  -1.220 0.0000000000
40663  -21.250  -6.898  -1.583 0.0000000000
41608  -24.560  -6.747  -1.002 0.0000000000
39980  -22.541  -7.055  -8.986 0.0000000000
40953  -22.151  -6.962  -9.184 0.0000000000
40952  -22.000  -6.985  -9.293 0.0000000000
40855  -17.466  -6.967  -6.043 0.0000000000
39899  -18.067  -6.955  -5.983 0.0000000000
40831  -18.046  -7.024  -6.002 0.0000000000
39898  -17.842  -7.185  -6.137 0.0000000000
39897  -17.393  -7.128  -6.085 0.0000000000
40830  -17.004  -6.957  -5.973 0.0000000000
39896  -17.025  -7.011  -5.994 0.0000000000
40829  -16.967  -6.960  -5.920 0.0000000000
40817  -22.019  -6.874  -5.303 0.0000000000
39880  -18.150  -7.042  -5.792 0.0000000000
40814  -18.535  -6.998  -5.287 0.0000000000
39879  -18.030  -7.057  -5.925 0.0000000000
39876  -17.011  -7.026  -5.945 0.0000000000
40813  -16.654  -6.976  -5.615 0.0000000000
39875  -16.843  -7.072  -5.891 0.0000000000
40807  -22.886  -6.862  -5.007 0.0000000000
40806  -22.364  -6.875  -5.009 0.0000000000
40816  -21.982  -6.991  -5.046 0.0000000000
39864  -22.038  -7.246  -5.380 0.0000000000
40805  -22.091  -6.983  -5.030 0.0000000000
40804  -21.984  -7.076  -5.007 0.0000000000
39863  -21.957  -7.064  -5.409 0.0000000000
39861  -18.272  -7.209  -5.480 0.0000000000
39847  -18.628  -7.363  -5.017 0.0000000000
40802  -18.653  -6.984  -5.070 0.0000000000
39856  -16.684  -7.022  -5.477 0.0000000000
40801  -16.038  -6.979  -5.100 0.0000000000
39855  -16.184  -6.984  -5.198 0.0000000000
40793  -23.002  -6.963  -4.703 0.0000000000
40792  -22.501  -6.796  -4.908 0.0000000000
40791  -22.040  -6.921  -4.993 0.0000000000
40790  -21.968  -7.049  -4.945 0.0000000000
39850  -21.853  -7.058  -5.018 0.0000000000
39848  -18.772  -7.023  -5.006 0.0000000000
39834  -18.817  -6.963  -4.823 0.0000000000
39843  -16.292  -7.089  -5.125 0.0000000000
39842  -15.892  -7.120  -5.028 0.0000000000
39841  -15.392  -7.067  -5.036 0.0000000000
40780  -22.897  -6.863  -4.302 0.0000000000
40779  -22.607  -6.853  -4.398 0.0000000000
40778  -22.210  -6.957  -4.516 0.0000000000
40777  -22.007  -6.978  -4.664 0.0000000000
39836  -21.857  -7.066  -4.773 0.0000000000
40775  -18.986  -6.930  -4.455 0.0000000000
39822  -19.054  -7.029  -4.582 0.0000000000
40761  -23.001  -6.986  -4.031 0.0000000000
40760  -22.669  -6.835  -4.050 0.0000000000
40759  -22.269  -6.916  -4.113 0.0000000000
40758  -21.984  -7.004  -4.244 0.0000000000
39825  -21.979  -7.074  -4.351 0.0000000000
39823  -19.070  -7.041  -4.325 0.0000000000
39810  -19.121  -7.145  -4.095 0.0000000000
40743  -22.943  -6.856  -3.694 0.0000000000
40742  -22.644  -6.898  -3.750 0.0000000000
40741  -22.392  -6.917  -3.950 0.0000000000
39813  -22.185  -7.089  -3.986 0.0000000000
39812  -21.977  -7.262  -3.987 0.0000000000
40738  -19.146  -6.999  -3.961 0.0000000000
39796  -18.974  -7.120  -3.997 0.0000000000
40726  -23.001  -6.903  -3.298 0.0000000000
40725  -22.862  -6.891  -3.315 0.0000000000
39788  -22.698  -6.988  -3.254 0.0000000000
39800  -22.445  -7.057  -3.662 0.0000000000
39799  -22.248  -7.094  -3.918 0.0000000000
40723  -19.673  -6.995  -3.374 0.0000000000
39797  -19.316  -6.980  -3.759 0.0000000000
39784  -19.587  -7.162  -3.286 0.0000000000
40715  -23.313  -6.914  -2.991 0.0000000000
40714  -22.995  -6.937  -2.977 0.0000000000
40713  -22.969  -7.008  -3.093 0.0000000000
39776  -22.881  -7.095  -2.986 0.0000000000
39785  -19.913  -7.003  -3.050 0.0000000000
39774  -19.875  -7.038  -2.972 0.0000000000
40702  -23.566  -6.902  -2.742 0.0000000000
40701  -23.103  -6.924  -2.824 0.0000000000
39765  -22.996  -7.091  -2.825 0.0000000000
39777  -22.940  -6.988  -2.978 0.0000000000
40699  -19.977  -6.878  -2.861 0.0000000000
39762  -20.013  -6.996  -2.717 0.0000000000
40679  -23.989  -6.990  -2.311 0.0000000000
39743  -23.912  -6.997  -2.219 0.0000000000
39767  -23.744  -6.977  -2.529 0.0000000000
39766  -23.454  -6.991  -2.664 0.0000000000
39763  -20.215  -6.958  -2.515 0.0000000000
40672  -24.118  -7.024  -2.041 0.0000000000
39726  -24.046  -7.175  -2.014 0.0000000000
39744  -23.995  -6.990  -2.227 0.0000000000
39740  -20.620  -6.965  -2.070 0.0000000000
39739  -20.317  -7.010  -2.333 0.0000000000
39718  -24.278  -7.070  -1.814 0.0000000000
39727  -24.158  -7.035  -2.015 0.0000000000
39724  -20.934  -6.985  -1.876 0.0000000000
40662  -21.068  -6.988  -1.779 0.0000000000
39723  -20.672  -6.985  -2.021 0.0000000000
39034  -22.907  -7.369  -8.967 0.0000000000
40001  -22.744  -7.175  -8.995 0.0000000000
40000  -22.322  -7.019  -9.156 0.0000000000
39881  -21.909  -7.143  -5.992 0.0000000000
38966  -21.828  -7.302  -6.099 0.0000000000
39878  -17.868  -6.980  -6.000 0.0000000000
39877  -17.332  -7.013  -5.982 0.0000000000
39862  -21.958  -7.204  -5.674 0.0000000000
38955  -21.562  -7.472  -6.004 0.0000000000
39860  -17.984  -7.244  -5.547 0.0000000000
39859  -17.824  -7.215  -5.861 0.0000000000
39858  -17.185  -7.134  -5.777 0.0000000000
39857  -17.068  -7.141  -5.616 0.0000000000
39849  -21.913  -7.142  -5.179 0.0000000000
38942  -21.551  -7.423  -5.451 0.0000000000
39846  -18.174  -7.426  -5.158 0.0000000000
38940  -18.006  -7.507  -5.314 0.0000000000
38928  -18.000  -7.628  -5.022 0.0000000000
38939  -17.639  -7.495  -5.301 0.0000000000
38938  -17.159  -7.510  -5.296 0.0000000000
39845  -16.986  -7.306  -5.323 0.0000000000
38937  -16.993  -7.543  -5.227 0.0000000000
39844  -16.885  -7.255  -5.211 0.0000000000
39835  -21.882  -7.152  -4.963 0.0000000000
38931  -21.500  -7.465  -5.098 0.0000000000
39833  -18.638  -7.058  -4.992 0.0000000000
38929  -18.078  -7.547  -4.975 0.0000000000
38916  -18.245  -7.528  -4.950 0.0000000000
38925  -17.001  -7.660  -4.979 0.0000000000
38924  -16.811  -7.590  -5.011 0.0000000000
38923  -16.129  -7.296  -5.033 0.0000000000
39832  -15.958  -7.260  -4.983 0.0000000000
38922  -15.989  -7.265  -4.985 0.0000000000
39831  -15.665  -7.174  -4.972 0.0000000000
39840  -15.119  -7.036  -4.990 0.0000000000
39830  -15.144  -7.011  -4.717 0.0000000000
39824  -21.912  -7.140  -4.601 0.0000000000
38918  -21.410  -7.473  -4.970 0.0000000000
39821  -18.868  -7.014  -4.583 0.0000000000
38901  -18.495  -7.564  -4.320 0.0000000000
38911  -16.017  -7.508  -4.809 0.0000000000
38910  -15.408  -7.420  -4.687 0.0000000000
39811  -21.886  -7.297  -4.004 0.0000000000
39809  -19.034  -7.198  -4.171 0.0000000000
38902  -18.876  -7.282  -4.163 0.0000000000
38887  -18.959  -7.446  -4.005 0.0000000000
38888  -19.053  -7.364  -4.005 0.0000000000
38877  -19.069  -7.318  -3.859 0.0000000000
39783  -19.005  -7.080  -3.505 0.0000000000
38865  -19.123  -7.574  -3.382 0.0000000000
39773  -19.890  -7.178  -2.988 0.0000000000
38866  -19.546  -7.659  -3.181 0.0000000000
38853  -19.494  -7.618  -3.002 0.0000000000
38854  -19.789  -7.194  -2.966 0.0000000000
38842  -19.865  -7.423  -2.625 0.0000000000
39738  -19.997  -7.001  -2.649 0.0000000000
38823  -20.218  -7.559  -2.143 0.0000000000
39722  -20.562  -7.035  -2.177 0.0000000000
38822  -20.052  -7.384  -2.300 0.0000000000
38118  -23.329  -8.032  -8.710 0.0000000000
38133  -23.079  -7.960  -8.992 0.0000000000
38132  -23.149  -7.847  -9.200 0.0000000000
39055  -23.090  -7.859  -9.150 0.0000000000
39054  -22.806  -7.630  -9.185 0.0000000000
38113  -23.598  -7.987  -8.204 0.0000000000
38119  -23.457  -8.001  -8.753 0.0000000000
38108  -23.559  -7.799  -8.019 0.0000000000
38103  -23.636  -7.832  -7.968 0.0000000000
39003  -23.549  -7.649  -7.414 0.0000000000
38102  -23.422  -7.979  -7.909 0.0000000000
38997  -23.227  -7.718  -7.029 0.0000000000
38095  -23.280  -7.979  -7.382 0.0000000000
38996  -23.003  -7.660  -7.010 0.0000000000
38094  -23.039  -7.838  -7.186 0.0000000000
38995  -23.006  -7.611  -7.027 0.0000000000
38093  -22.820  -7.780  -7.169 0.0000000000
38983  -22.846  -7.573  -7.013 0.0000000000
38982  -22.358  -7.832  -6.978 0.0000000000
38083  -22.596  -7.966  -7.023 0.0000000000
38981  -22.014  -7.785  -6.870 0.0000000000
38082  -22.171  -7.933  -7.042 0.0000000000
38980  -21.973  -7.698  -6.942 0.0000000000
38081  -21.958  -7.907  -6.987 0.0000000000
38972  -21.898  -7.507  -6.641 0.0000000000
38080  -21.744  -7.942  -6.971 0.0000000000
38971  -21.322  -7.681  -6.163 0.0000000000
38077  -21.357  -7.921  -6.625 0.0000000000
38965  -21.342  -7.663  -6.019 0.0000000000
38076  -20.995  -7.967  -6.330 0.0000000000
38954  -21.214  -7.710  -5.945 0.0000000000
38072  -21.011  -7.935  -6.036 0.0000000000
38941  -21.239  -7.812  -5.886 0.0000000000
38063  -21.014  -7.956  -5.873 0.0000000000
38930  -21.146  -7.861  -5.079 0.0000000000
38048  -21.014  -7.944  -5.397 0.0000000000
38927  -17.826  -7.627  -5.026 0.0000000000
38926  -17.324  -7.737  -5.022 0.0000000000
38917  -21.214  -7.792  -4.950 0.0000000000
38040  -21.060  -7.942  -5.024 0.0000000000
38915  -18.080  -7.611  -4.873 0.0000000000
38914  -17.977  -7.658  -4.903 0.0000000000
38038  -17.710  -7.740  -4.990 0.0000000000
38037  -17.242  -7.859  -4.979 0.0000000000
38036  -17.026  -7.734  -5.016 0.0000000000
38913  -16.841  -7.715  -5.004 0.0000000000
38035  -16.941  -7.759  -4.900 0.0000000000
38912  -16.183  -7.706  -5.022 0.0000000000
38900  -18.073  -7.744  -4.612 0.0000000000
38027  -18.014  -7.822  -4.790 0.0000000000
38011  -18.021  -7.875  -4.503 0.0000000000
38026  -17.630  -7.893  -4.801 0.0000000000
38023  -16.596  -7.997  -4.774 0.0000000000
38022  -16.048  -7.854  -4.642 0.0000000000
38899  -15.988  -7.797  -4.456 0.0000000000
38021  -16.002  -7.647  -4.665 0.0000000000
38898  -15.753  -7.791  -4.173 0.0000000000
38909  -14.998  -7.161  -4.581 0.0000000000
38897  -15.171  -7.501  -4.051 0.0000000000
38886  -18.458  -7.773  -3.997 0.0000000000
38012  -18.145  -7.954  -4.200 0.0000000000
37995  -18.199  -7.979  -3.992 0.0000000000
38005  -16.001  -7.943  -4.193 0.0000000000
38885  -15.609  -7.806  -4.010 0.0000000000
38004  -15.863  -7.948  -4.061 0.0000000000
38884  -15.202  -7.588  -4.004 0.0000000000
38876  -18.992  -7.485  -3.706 0.0000000000
38875  -18.589  -7.554  -3.977 0.0000000000
37980  -18.279  -7.906  -3.936 0.0000000000
37990  -15.660  -7.834  -3.969 0.0000000000
38864  -19.031  -7.610  -3.478 0.0000000000
37981  -18.680  -7.728  -3.681 0.0000000000
37969  -18.990  -7.680  -3.360 0.0000000000
38852  -19.203  -7.882  -3.028 0.0000000000
37970  -19.005  -7.959  -3.112 0.0000000000
37958  -19.105  -7.983  -3.005 0.0000000000
38841  -19.705  -7.544  -2.831 0.0000000000
37959  -19.274  -7.867  -2.953 0.0000000000
37946  -19.578  -7.816  -2.672 0.0000000000
37947  -19.841  -7.888  -2.466 0.0000000000
37933  -19.996  -7.924  -2.115 0.0000000000
37291  -23.486  -8.240  -8.858 0.0000000000
37308  -23.456  -8.231  -8.997 0.0000000000
38148  -23.150  -7.975  -9.128 0.0000000000
38147  -23.003  -8.003  -9.301 0.0000000000
38112  -23.474  -7.991  -8.080 0.0000000000
37285  -23.326  -8.117  -8.178 0.0000000000
38107  -23.546  -7.976  -8.004 0.0000000000
37280  -23.273  -8.085  -7.982 0.0000000000
37273  -23.595  -7.995  -7.750 0.0000000000
38101  -23.146  -7.971  -7.467 0.0000000000
37272  -23.265  -8.129  -7.628 0.0000000000
37260  -23.015  -8.018  -7.402 0.0000000000
37259  -23.073  -8.008  -7.220 0.0000000000
38092  -22.372  -7.972  -7.080 0.0000000000
37258  -22.637  -8.018  -7.211 0.0000000000
38091  -21.988  -7.964  -7.089 0.0000000000
37257  -22.078  -8.014  -7.110 0.0000000000
38090  -21.825  -7.945  -7.062 0.0000000000
37256  -21.736  -8.008  -7.060 0.0000000000
37248  -21.690  -8.012  -7.000 0.0000000000
38079  -21.302  -8.025  -6.655 0.0000000000
37247  -21.376  -8.115  -6.818 0.0000000000
37242  -21.188  -8.073  -6.546 0.0000000000
38075  -21.025  -7.982  -6.027 0.0000000000
37241  -20.996  -8.081  -6.432 0.0000000000
38025  -16.977  -7.957  -4.679 0.0000000000
38024  -17.012  -7.971  -4.534 0.0000000000
38010  -18.024  -8.002  -4.502 0.0000000000
38009  -17.538  -8.001  -4.441 0.0000000000
38008  -17.145  -8.075  -4.455 0.0000000000
38007  -16.792  -8.085  -4.319 0.0000000000
38006  -16.282  -7.999  -4.158 0.0000000000
37994  -18.138  -8.008  -4.183 0.0000000000
37176  -18.057  -8.035  -4.315 0.0000000000
37175  -17.978  -8.146  -4.392 0.0000000000
37174  -17.454  -8.198  -4.295 0.0000000000
37173  -17.114  -8.215  -4.252 0.0000000000
37993  -16.727  -8.170  -4.150 0.0000000000
37172  -16.889  -8.243  -4.196 0.0000000000
37992  -16.516  -8.007  -3.986 0.0000000000
37991  -15.972  -8.038  -4.011 0.0000000000
37979  -18.076  -8.027  -4.007 0.0000000000
37155  -18.051  -8.134  -4.115 0.0000000000
37968  -18.569  -7.936  -3.526 0.0000000000
37139  -18.221  -7.990  -3.869 0.0000000000
37138  -18.067  -8.189  -3.773 0.0000000000
37957  -18.983  -7.956  -3.102 0.0000000000
37125  -18.939  -7.982  -3.122 0.0000000000
37124  -18.498  -8.160  -3.376 0.0000000000
37945  -19.125  -8.005  -2.933 0.0000000000
37111  -19.001  -8.032  -2.983 0.0000000000
37110  -18.990  -8.110  -3.025 0.0000000000
37932  -19.741  -7.959  -2.346 0.0000000000
37098  -19.320  -8.038  -2.717 0.0000000000
37084  -19.811  -8.006  -2.210 0.0000000000
37097  -19.067  -8.101  -2.903 0.0000000000
36518  -23.369  -8.819  -9.015 0.0000000000
36528  -23.538  -8.747  -9.101 0.0000000000
37319  -23.188  -8.241  -9.175 0.0000000000
36497  -23.396  -8.833  -8.736 0.0000000000
37284  -23.012  -8.299  -7.985 0.0000000000
36491  -23.133  -8.606  -8.304 0.0000000000
37279  -23.127  -8.296  -7.911 0.0000000000
36490  -22.996  -8.636  -8.189 0.0000000000
37278  -22.988  -8.592  -7.985 0.0000000000
36486  -22.988  -8.494  -8.002 0.0000000000
37271  -22.948  -8.210  -7.531 0.0000000000
36485  -22.651  -8.707  -7.974 0.0000000000
37270  -22.288  -8.093  -7.208 0.0000000000
36476  -22.407  -8.533  -7.607 0.0000000000
37269  -21.966  -8.110  -7.207 0.0000000000
36475  -22.003  -8.504  -7.564 0.0000000000
37268  -21.743  -8.201  -7.259 0.0000000000
36474  -22.011  -8.505  -7.646 0.0000000000
37267  -21.250  -8.404  -7.265 0.0000000000
36473  -21.715  -8.646  -7.819 0.0000000000
37255  -21.216  -8.263  -7.012 0.0000000000
36472  -21.047  -8.665  -7.467 0.0000000000
37254  -21.004  -8.381  -7.005 0.0000000000
36465  -21.003  -8.425  -7.153 0.0000000000
37246  -21.025  -8.303  -6.896 0.0000000000
36464  -20.946  -8.249  -7.133 0.0000000000
37154  -17.776  -8.252  -4.043 0.0000000000
35778  -23.347  -8.985  -9.029 0.0000000000
35789  -23.209  -9.030  -9.606 0.0000000000
36538  -23.177  -8.981  -9.590 0.0000000000
36527  -23.197  -8.586  -9.472 0.0000000000
36537  -23.080  -8.787  -9.766 0.0000000000
37318  -23.082  -8.090  -9.517 0.0000000000
35747  -23.077  -8.961  -8.988 0.0000000000
35770  -23.161  -9.011  -8.961 0.0000000000
36496  -23.090  -8.912  -8.583 0.0000000000
35746  -23.042  -9.007  -8.766 0.0000000000
35741  -23.035  -8.964  -8.516 0.0000000000
36489  -22.738  -8.668  -8.127 0.0000000000
35740  -22.692  -8.879  -8.250 0.0000000000
35732  -22.535  -8.912  -8.046 0.0000000000
36484  -22.128  -8.867  -7.963 0.0000000000
35731  -22.114  -8.888  -7.994 0.0000000000
36483  -22.000  -8.817  -7.956 0.0000000000
35730  -22.002  -8.943  -7.993 0.0000000000
36482  -21.742  -8.847  -8.001 0.0000000000
35729  -21.785  -8.915  -8.029 0.0000000000
36481  -21.369  -8.836  -7.867 0.0000000000
35728  -21.338  -8.911  -7.998 0.0000000000
35721  -21.068  -8.969  -7.885 0.0000000000
36471  -20.982  -8.499  -7.625 0.0000000000
35720  -21.014  -8.983  -7.822 0.0000000000
35041  -23.553  -9.065  -9.266 0.0000000000
35051  -23.367  -9.135  -9.829 0.0000000000
35050  -23.035  -9.049  -9.982 0.0000000000
35788  -23.017  -8.992  -9.807 0.0000000000
35798  -22.957  -8.945  -10.028 0.0000000000
35032  -23.308  -9.094  -9.012 0.0000000000
35769  -23.169  -9.081  -8.917 0.0000000000
35031  -23.221  -9.317  -8.986 0.0000000000
35008  -23.102  -9.126  -8.890 0.0000000000
35745  -22.927  -8.987  -8.549 0.0000000000
35007  -22.991  -9.170  -8.804 0.0000000000
35744  -22.400  -8.984  -8.277 0.0000000000
35006  -22.454  -9.270  -8.675 0.0000000000
35739  -22.210  -8.966  -8.138 0.0000000000
35000  -22.282  -9.021  -8.238 0.0000000000
35738  -21.979  -8.953  -8.093 0.0000000000
34999  -22.122  -9.029  -8.198 0.0000000000
35737  -21.649  -9.028  -8.010 0.0000000000
34998  -21.998  -9.058  -8.213 0.0000000000
35736  -21.212  -8.986  -8.112 0.0000000000
34997  -21.357  -9.199  -8.281 0.0000000000
35735  -21.016  -8.978  -8.016 0.0000000000
34996  -21.029  -9.183  -8.137 0.0000000000
35727  -21.015  -8.991  -7.923 0.0000000000
35040  -23.150  -9.306  -9.585 0.0000000000
34352  -23.026  -9.672  -9.996 0.0000000000
35057  -23.015  -9.304  -10.044 0.0000000000
34344  -23.011  -9.792  -9.470 0.0000000000
35030  -22.984  -9.408  -8.976 0.0000000000
34334  -23.000  -9.602  -9.015 0.0000000000
35029  -22.604  -9.703  -8.999 0.0000000000
34333  -22.677  -9.761  -9.046 0.0000000000
34332  -22.331  -9.852  -8.981 0.0000000000
35005  -22.044  -9.322  -8.470 0.0000000000
34309  -22.169  -9.651  -8.781 0.0000000000
35004  -21.987  -9.441  -8.595 0.0000000000
34308  -22.011  -9.705  -8.922 0.0000000000
35003  -21.622  -9.721  -8.673 0.0000000000
34307  -21.719  -9.874  -8.921 0.0000000000
34306  -21.120  -9.875  -8.669 0.0000000000
34295  -21.037  -9.476  -8.238 0.0000000000
33699  -23.010  -10.020  -9.818 0.0000000000
33711  -23.001  -10.006  -10.008 0.0000000000
34361  -23.032  -9.699  -10.131 0.0000000000
34343  -23.011  -9.899  -9.156 0.0000000000
33689  -23.001  -9.906  -9.390 0.0000000000
33688  -22.765  -9.993  -9.318 0.0000000000
33676  -22.474  -10.003  -9.013 0.0000000000
34331  -22.000  -9.948  -9.017 0.0000000000
33675  -22.081  -9.977  -9.035 0.0000000000
34330  -21.944  -9.956  -8.997 0.0000000000
33674  -21.972  -10.019  -9.022 0.0000000000
33673  -21.717  -10.013  -8.922 0.0000000000
33659  -21.452  -9.997  -8.763 0.0000000000
33041  -22.963  -10.208  -10.014 0.0000000000
33048  -23.016  -10.233  -10.202 0.0000000000
33722  -23.021  -10.003  -10.272 0.0000000000
33698  -23.002  -10.056  -9.704 0.0000000000
33027  -23.022  -10.200  -9.880 0.0000000000
33026  -22.920  -10.378  -9.802 0.0000000000
33687  -22.215  -9.999  -9.114 0.0000000000
33016  -22.346  -10.540  -9.338 0.0000000000
33686  -22.032  -10.076  -9.064 0.0000000000
33015  -22.013  -10.357  -9.106 0.0000000000
33014  -21.879  -10.349  -9.196 0.0000000000
33001  -21.912  -10.069  -8.998 0.0000000000
33672  -21.295  -10.008  -8.921 0.0000000000
33000  -21.659  -10.179  -8.963 0.0000000000
32389  -22.893  -10.775  -10.014 0.0000000000
32396  -23.018  -10.517  -10.449 0.0000000000
33055  -23.008  -10.093  -10.566 0.0000000000
33040  -22.933  -10.389  -9.986 0.0000000000
32382  -22.777  -10.696  -10.002 0.0000000000
32381  -22.696  -10.795  -9.918 0.0000000000
32369  -22.542  -10.973  -9.749 0.0000000000
32354  -21.994  -10.875  -9.232 0.0000000000
32355  -22.249  -10.968  -9.417 0.0000000000
32353  -21.990  -10.627  -9.296 0.0000000000
33013  -21.903  -10.454  -9.005 0.0000000000
32352  -21.596  -10.655  -9.188 0.0000000000
32336  -21.710  -10.900  -8.996 0.0000000000
32395  -22.770  -11.010  -10.425 0.0000000000
33054  -22.845  -10.388  -11.005 0.0000000000
32388  -22.675  -10.928  -10.054 0.0000000000
31742  -22.629  -11.027  -10.190 0.0000000000
31749  -22.591  -11.012  -10.755 0.0000000000
32403  -22.625  -10.846  -10.992 0.0000000000
31735  -22.553  -11.000  -9.991 0.0000000000
31725  -22.743  -11.006  -9.974 0.0000000000
32368  -22.379  -11.117  -9.567 0.0000000000
31724  -22.296  -11.074  -9.683 0.0000000000
31703  -22.094  -10.986  -9.384 0.0000000000
31702  -22.004  -11.013  -9.382 0.0000000000
31701  -21.879  -10.989  -9.390 0.0000000000
31100  -22.673  -11.204  -10.437 0.0000000000
31107  -22.664  -11.119  -10.957 0.0000000000
31757  -22.623  -10.994  -10.990 0.0000000000
31092  -22.643  -11.045  -10.064 0.0000000000
31734  -22.472  -11.182  -9.943 0.0000000000
31091  -22.397  -11.465  -10.008 0.0000000000
31076  -22.335  -11.314  -9.891 0.0000000000
31723  -22.025  -11.096  -9.522 0.0000000000
31075  -22.103  -11.459  -9.870 0.0000000000
30329  -22.667  -11.391  -10.945 0.0000000000
31106  -22.497  -11.547  -11.018 0.0000000000
31115  -22.575  -11.125  -11.035 0.0000000000
30328  -22.391  -11.967  -10.923 0.0000000000
30339  -22.255  -11.821  -11.100 0.0000000000
31114  -22.360  -11.259  -11.201 0.0000000000
31099  -22.460  -11.495  -10.234 0.0000000000
30321  -22.662  -11.655  -10.529 0.0000000000
30320  -22.296  -12.015  -10.292 0.0000000000
31090  -22.017  -11.585  -10.008 0.0000000000
30308  -22.085  -11.864  -10.010 0.0000000000
29590  -22.250  -12.050  -10.822 0.0000000000
29600  -22.142  -12.010  -11.064 0.0000000000
30338  -22.050  -12.019  -11.073 0.0000000000
30348  -22.019  -11.883  -11.337 0.0000000000
30349  -22.207  -11.537  -11.391 0.0000000000
29599  -22.077  -12.124  -11.031 0.0000000000
29576  -22.209  -12.088  -10.321 0.0000000000
29589  -22.101  -12.174  -10.685 0.0000000000
29608  -22.002  -12.076  -11.164 0.0000000000
29607  -21.653  -11.991  -11.558 0.0000000000
30347  -21.487  -11.805  -11.417 0.0000000000
31124  -21.895  -11.354  -11.378 0.0000000000
31125  -21.999  -11.339  -11.399 0.0000000000
31126  -22.079  -11.006  -11.394 0.0000000000
31756  -22.380  -11.005  -11.152 0.0000000000
31768  -22.124  -10.995  -11.356 0.0000000000
31123  -21.326  -11.419  -11.414 0.0000000000
31766  -21.509  -11.016  -11.419 0.0000000000
31767  -21.966  -11.071  -11.420 0.0000000000
32402  -22.534  -10.992  -11.076 0.0000000000
32412  -22.218  -10.740  -11.379 0.0000000000
31765  -21.090  -11.053  -11.432 0.0000000000
32409  -21.060  -10.955  -11.597 0.0000000000
32410  -21.633  -10.978  -11.614 0.0000000000
32411  -22.004  -10.904  -11.433 0.0000000000
33063  -22.453  -10.371  -11.091 0.0000000000
33064  -22.652  -10.346  -11.101 0.0000000000
32408  -20.989  -10.822  -11.446 0.0000000000
33071  -20.998  -10.342  -11.440 0.0000000000
33072  -21.391  -10.466  -11.428 0.0000000000
33073  -21.887  -10.406  -11.432 0.0000000000
33074  -22.002  -10.419  -11.551 0.0000000000
33075  -22.174  -10.141  -11.371 0.0000000000
33730  -22.724  -10.006  -10.740 0.0000000000
33729  -22.561  -9.974  -10.989 0.0000000000
33062  -22.136  -9.985  -11.105 0.0000000000
33738  -22.205  -9.982  -11.027 0.0000000000
33739  -22.413  -10.004  -10.986 0.0000000000
33070  -20.732  -10.297  -11.472 0.0000000000
33745  -21.017  -10.004  -11.464 0.0000000000
33746  -21.097  -10.027  -11.412 0.0000000000
33747  -21.660  -10.018  -11.418 0.0000000000
33748  -21.995  -10.010  -11.173 0.0000000000
33737  -22.033  -10.021  -11.109 0.0000000000
34374  -23.009  -9.803  -10.310 0.0000000000
33721  -22.972  -9.994  -10.583 0.0000000000
34373  -22.957  -9.641  -10.744 0.0000000000
34383  -22.363  -9.936  -10.994 0.0000000000
33728  -22.308  -9.942  -10.999 0.0000000000
33736  -21.926  -9.982  -11.126 0.0000000000
34391  -21.950  -9.773  -11.077 0.0000000000
34392  -22.011  -9.870  -11.006 0.0000000000
34382  -22.126  -9.736  -11.013 0.0000000000
33744  -20.852  -9.994  -11.437 0.0000000000
34399  -20.945  -9.819  -11.424 0.0000000000
34400  -21.009  -9.879  -11.397 0.0000000000
34401  -21.438  -10.004  -11.277 0.0000000000
35070  -23.022  -9.445  -10.231 0.0000000000
35069  -22.680  -9.015  -10.527 0.0000000000
35084  -22.238  -9.519  -10.962 0.0000000000
34381  -21.994  -9.447  -10.991 0.0000000000
35083  -22.020  -9.162  -10.740 0.0000000000
34390  -21.843  -9.785  -11.053 0.0000000000
35093  -21.947  -9.400  -11.075 0.0000000000
34398  -20.545  -9.753  -11.451 0.0000000000
35100  -20.963  -9.217  -11.547 0.0000000000
35101  -21.008  -9.140  -11.362 0.0000000000
34389  -21.222  -9.534  -11.051 0.0000000000
35810  -22.978  -9.050  -10.075 0.0000000000
35068  -22.267  -9.077  -10.511 0.0000000000
35809  -22.672  -8.901  -10.274 0.0000000000
35082  -21.809  -9.242  -10.838 0.0000000000
35823  -22.020  -9.013  -10.627 0.0000000000
35822  -21.947  -8.971  -10.645 0.0000000000
35092  -21.610  -9.191  -11.028 0.0000000000
35099  -20.346  -9.258  -11.476 0.0000000000
35108  -20.525  -9.034  -11.771 0.0000000000
35109  -20.944  -9.103  -11.501 0.0000000000
35844  -21.027  -8.999  -11.282 0.0000000000
35091  -21.298  -9.005  -11.029 0.0000000000
35836  -21.242  -8.939  -11.074 0.0000000000
35845  -21.045  -9.003  -11.242 0.0000000000
35107  -20.033  -9.075  -11.640 0.0000000000
35852  -20.134  -8.962  -11.920 0.0000000000
35853  -20.584  -8.997  -11.831 0.0000000000
35854  -20.989  -9.000  -11.552 0.0000000000
36553  -23.037  -8.960  -9.934 0.0000000000
35797  -22.999  -8.956  -10.039 0.0000000000
36552  -22.858  -8.732  -10.048 0.0000000000
35808  -22.199  -8.938  -10.493 0.0000000000
36563  -22.680  -8.684  -10.145 0.0000000000
36562  -22.346  -8.635  -10.238 0.0000000000
35821  -21.684  -9.080  -10.764 0.0000000000
35807  -22.013  -8.979  -10.346 0.0000000000
35837  -21.774  -8.954  -10.972 0.0000000000
35820  -21.425  -8.952  -10.813 0.0000000000
36571  -21.031  -8.702  -11.011 0.0000000000
36583  -21.018  -8.742  -10.979 0.0000000000
35835  -21.050  -8.968  -11.050 0.0000000000
36582  -20.945  -8.741  -11.003 0.0000000000
35081  -21.718  -9.125  -10.895 0.0000000000
36589  -20.949  -8.644  -11.320 0.0000000000
35851  -19.982  -8.985  -11.698 0.0000000000
36597  -20.040  -8.656  -11.977 0.0000000000
36598  -20.496  -8.526  -12.002 0.0000000000
36599  -20.975  -8.742  -11.807 0.0000000000
37331  -23.014  -8.409  -9.710 0.0000000000
36536  -22.988  -8.725  -9.923 0.0000000000
37347  -22.756  -8.367  -9.978 0.0000000000
36551  -22.526  -8.405  -10.009 0.0000000000
36561  -21.995  -8.570  -10.244 0.0000000000
36550  -21.995  -8.326  -10.017 0.0000000000
36559  -21.170  -8.643  -10.586 0.0000000000
37363  -20.990  -8.473  -10.828 0.0000000000
36570  -20.985  -8.577  -10.927 0.0000000000
37374  -20.924  -8.246  -10.973 0.0000000000
37385  -20.944  -8.228  -11.130 0.0000000000
37392  -20.909  -8.229  -11.733 0.0000000000
36596  -19.943  -8.584  -11.933 0.0000000000
36607  -20.074  -8.326  -11.963 0.0000000000
36608  -20.248  -8.425  -12.131 0.0000000000
37391  -20.760  -8.135  -12.043 0.0000000000
37401  -20.510  -8.158  -12.120 0.0000000000
38163  -22.921  -8.032  -9.509 0.0000000000
37330  -22.555  -8.069  -9.747 0.0000000000
37346  -22.135  -8.267  -9.958 0.0000000000
37356  -21.013  -8.195  -10.193 0.0000000000
37362  -20.989  -8.204  -10.638 0.0000000000
38192  -20.986  -8.002  -10.862 0.0000000000
38198  -20.959  -8.003  -11.039 0.0000000000
38210  -21.019  -7.987  -11.328 0.0000000000
38218  -20.988  -7.984  -11.779 0.0000000000
37402  -20.839  -8.011  -12.001 0.0000000000
38146  -22.845  -7.927  -9.386 0.0000000000
38162  -22.541  -8.012  -9.629 0.0000000000
38184  -20.918  -8.044  -10.386 0.0000000000
38191  -20.820  -7.956  -11.004 0.0000000000
38183  -20.849  -7.975  -10.623 0.0000000000
39100  -20.784  -7.766  -11.071 0.0000000000
39109  -20.771  -7.569  -11.052 0.0000000000
39121  -20.906  -7.636  -11.207 0.0000000000
38145  -22.312  -7.945  -9.595 0.0000000000
39053  -22.020  -7.516  -9.523 0.0000000000
39099  -20.679  -7.473  -10.982 0.0000000000
39999  -21.990  -7.049  -9.300 0.0000000000
39998  -21.810  -6.987  -9.264 0.0000000000
40951  -21.817  -6.954  -9.399 0.0000000000
41881  -21.760  -6.468  -9.335 0.0000000000
42678  -14.719  -6.181  -5.065 0.0000000000
43550  -14.767  -5.990  -5.094 0.0000000000
43551  -14.997  -5.980  -5.078 0.0000000000
43552  -15.318  -5.921  -5.115 0.0000000000
43553  -15.595  -5.998  -5.293 0.0000000000
43561  -15.665  -6.021  -5.502 0.0000000000
42696  -15.920  -5.991  -5.856 0.0000000000
43570  -15.847  -5.836  -5.983 0.0000000000
43571  -16.004  -5.972  -6.008 0.0000000000
43581  -16.005  -5.888  -6.078 0.0000000000
43582  -16.140  -5.986  -6.135 0.0000000000
42716  -16.327  -6.000  -6.356 0.0000000000
43589  -16.316  -5.908  -6.317 0.0000000000
43590  -17.025  -5.945  -6.571 0.0000000000
43591  -16.948  -5.962  -6.643 0.0000000000
42731  -17.019  -5.990  -6.697 0.0000000000
42732  -17.587  -6.014  -6.913 0.0000000000
42733  -17.923  -5.997  -6.809 0.0000000000
42734  -18.045  -5.988  -6.738 0.0000000000
43592  -18.134  -5.906  -6.720 0.0000000000
43593  -18.398  -5.994  -6.750 0.0000000000
43607  -17.125  -5.772  -6.848 0.0000000000
43608  -17.604  -5.768  -6.849 0.0000000000
43609  -17.999  -5.690  -6.902 0.0000000000
43610  -18.044  -5.704  -6.962 0.0000000000
44470  -14.889  -5.555  -5.103 0.0000000000
44471  -15.053  -5.519  -5.058 0.0000000000
43560  -15.474  -5.743  -5.708 0.0000000000
44479  -15.235  -5.226  -5.222 0.0000000000
43569  -15.645  -5.489  -5.987 0.0000000000
44485  -15.329  -5.069  -5.847 0.0000000000
44486  -15.627  -5.203  -5.992 0.0000000000
43580  -15.846  -5.644  -6.137 0.0000000000
44495  -15.716  -5.263  -6.055 0.0000000000
44496  -15.957  -5.402  -6.125 0.0000000000
43588  -15.979  -5.701  -6.259 0.0000000000
44503  -15.985  -5.418  -6.323 0.0000000000
43594  -19.008  -5.730  -6.338 0.0000000000
44506  -18.991  -5.527  -6.193 0.0000000000
44504  -16.112  -5.136  -6.493 0.0000000000
44505  -16.847  -5.402  -6.637 0.0000000000
43606  -17.000  -5.585  -6.887 0.0000000000
44518  -16.929  -5.384  -6.901 0.0000000000
43611  -18.375  -5.622  -6.877 0.0000000000
43612  -18.872  -5.536  -6.941 0.0000000000
45405  -15.031  -5.027  -5.006 0.0000000000
45406  -15.007  -5.038  -5.221 0.0000000000
45414  -15.164  -5.007  -5.445 0.0000000000
45422  -15.494  -5.050  -5.999 0.0000000000
45423  -15.582  -5.059  -6.050 0.0000000000
45431  -15.340  -4.977  -6.169 0.0000000000
45432  -15.694  -5.084  -6.207 0.0000000000
45440  -15.890  -5.138  -6.631 0.0000000000
45441  -16.004  -4.922  -6.397 0.0000000000
44517  -16.608  -5.034  -6.890 0.0000000000
45448  -16.395  -5.010  -6.767 0.0000000000
45413  -15.015  -4.995  -5.206 0.0000000000
46350  -15.083  -4.941  -5.754 0.0000000000
46351  -15.367  -4.931  -5.773 0.0000000000
46360  -15.211  -4.912  -5.997 0.0000000000
45430  -15.468  -4.999  -6.005 0.0000000000
45433  -19.155  -5.044  -6.079 0.0000000000
46361  -19.497  -4.742  -6.013 0.0000000000
45434  -19.441  -4.990  -6.061 0.0000000000
46367  -15.447  -4.959  -5.976 0.0000000000
46368  -15.517  -4.866  -6.078 0.0000000000
45439  -15.753  -4.999  -6.207 0.0000000000
46374  -15.849  -4.895  -6.399 0.0000000000
46375  -16.028  -4.667  -6.449 0.0000000000
46376  -16.090  -4.924  -6.437 0.0000000000
47296  -19.696  -4.178  -5.880 0.0000000000
47304  -19.723  -4.433  -5.987 0.0000000000
46359  -15.216  -4.638  -5.874 0.0000000000
47303  -15.251  -4.242  -5.989 0.0000000000
47310  -15.331  -4.533  -6.038 0.0000000000
47311  -15.589  -4.325  -6.106 0.0000000000
47305  -19.929  -4.085  -5.877 0.0000000000
48215  -20.006  -4.018  -5.527 0.0000000000
47302  -15.016  -4.158  -5.754 0.0000000000
48214  -15.013  -4.106  -5.910 0.0000000000
48223  -15.142  -4.010  -6.017 0.0000000000
48224  -15.393  -4.008  -6.065 0.0000000000
51867  -22.062  -2.901  -5.071 0.0000000000
51868  -22.443  -2.785  -5.072 0.0000000000
39997  -21.312  -7.017  -9.372 0.0000000000
40950  -21.203  -6.895  -9.337 0.0000000000
39052  -21.939  -7.375  -9.294 0.0000000000
39051  -21.412  -7.095  -9.303 0.0000000000
39050  -21.058  -7.013  -9.301 0.0000000000
40019  -20.981  -7.113  -9.453 0.0000000000
39996  -21.020  -6.972  -9.494 0.0000000000
39071  -22.037  -7.966  -9.752 0.0000000000
39070  -22.010  -7.794  -9.584 0.0000000000
39069  -21.610  -7.643  -9.546 0.0000000000
39068  -21.015  -7.476  -9.620 0.0000000000
38171  -21.000  -7.987  -10.007 0.0000000000
37355  -20.965  -8.151  -10.176 0.0000000000
39091  -20.941  -7.889  -10.084 0.0000000000
39090  -20.621  -7.519  -10.334 0.0000000000
37343  -21.251  -8.007  -10.030 0.0000000000
37342  -21.007  -8.075  -10.000 0.0000000000
38172  -21.213  -8.014  -9.970 0.0000000000
38157  -20.999  -7.867  -9.957 0.0000000000
39080  -20.944  -7.805  -9.962 0.0000000000
37329  -22.222  -8.166  -9.722 0.0000000000
38161  -22.122  -8.031  -9.738 0.0000000000
37328  -21.983  -8.150  -9.701 0.0000000000
38160  -21.979  -7.989  -9.665 0.0000000000
37327  -21.818  -8.083  -9.676 0.0000000000
38159  -21.702  -7.989  -9.739 0.0000000000
37344  -21.657  -8.159  -9.856 0.0000000000
38173  -21.493  -8.024  -9.928 0.0000000000
38158  -21.266  -7.992  -9.965 0.0000000000
39067  -20.979  -7.497  -9.737 0.0000000000
36548  -21.494  -8.261  -10.003 0.0000000000
37345  -21.998  -8.304  -9.900 0.0000000000
36549  -21.958  -8.448  -9.992 0.0000000000
36560  -21.879  -8.657  -10.287 0.0000000000
35806  -21.768  -8.970  -10.552 0.0000000000
35805  -21.322  -8.914  -10.344 0.0000000000
35106  -19.928  -9.136  -11.684 0.0000000000
35843  -19.843  -8.976  -11.440 0.0000000000
36588  -19.872  -8.885  -11.643 0.0000000000
35097  -19.908  -9.322  -11.292 0.0000000000
35834  -19.629  -9.026  -11.247 0.0000000000
35842  -19.625  -8.994  -11.130 0.0000000000
36587  -19.629  -8.633  -11.498 0.0000000000
35833  -19.536  -9.002  -10.991 0.0000000000
36581  -19.488  -8.649  -11.051 0.0000000000
35090  -19.790  -9.315  -11.054 0.0000000000
35089  -19.660  -8.999  -10.995 0.0000000000
35819  -19.498  -8.969  -10.751 0.0000000000
36569  -19.585  -8.693  -11.007 0.0000000000
35079  -19.590  -9.043  -10.629 0.0000000000
35066  -19.526  -9.035  -10.245 0.0000000000
35804  -19.420  -8.981  -10.211 0.0000000000
36558  -19.612  -8.780  -10.579 0.0000000000
35056  -19.519  -9.237  -9.976 0.0000000000
35796  -19.551  -8.994  -9.976 0.0000000000
36547  -19.453  -8.603  -10.005 0.0000000000
35049  -19.534  -9.137  -9.683 0.0000000000
35787  -19.613  -8.984  -9.723 0.0000000000
36535  -19.752  -8.873  -10.012 0.0000000000
35048  -19.251  -8.979  -9.603 0.0000000000
35786  -19.265  -9.002  -9.389 0.0000000000
36534  -19.283  -8.634  -9.760 0.0000000000
35098  -20.003  -9.411  -11.430 0.0000000000
34397  -20.025  -9.962  -11.199 0.0000000000
34396  -19.991  -9.653  -11.210 0.0000000000
34387  -19.915  -9.827  -11.171 0.0000000000
34380  -19.970  -9.836  -10.962 0.0000000000
35080  -19.874  -9.190  -10.737 0.0000000000
34372  -19.901  -9.876  -10.285 0.0000000000
35067  -19.566  -9.151  -10.373 0.0000000000
34371  -19.549  -9.571  -10.097 0.0000000000
34359  -19.583  -9.740  -10.021 0.0000000000
33743  -20.195  -9.995  -11.219 0.0000000000
33735  -20.039  -10.068  -11.079 0.0000000000
34388  -19.995  -9.994  -11.062 0.0000000000
33734  -19.993  -10.036  -11.066 0.0000000000
33727  -19.976  -9.971  -10.940 0.0000000000
33720  -19.911  -9.976  -10.713 0.0000000000
33710  -19.883  -10.040  -10.385 0.0000000000
34360  -19.660  -9.933  -10.062 0.0000000000
33069  -20.360  -10.026  -11.444 0.0000000000
33060  -20.148  -10.297  -11.175 0.0000000000
33059  -19.992  -10.147  -11.053 0.0000000000
33052  -20.007  -10.310  -10.997 0.0000000000
33047  -19.915  -10.138  -10.769 0.0000000000
32407  -20.793  -10.959  -11.430 0.0000000000
33061  -20.426  -10.517  -11.326 0.0000000000
32401  -20.343  -10.939  -11.080 0.0000000000
32400  -20.228  -10.963  -10.960 0.0000000000
33053  -20.251  -10.628  -10.981 0.0000000000
32394  -20.178  -10.860  -10.853 0.0000000000
32393  -20.048  -10.757  -10.659 0.0000000000
31764  -20.977  -11.007  -11.368 0.0000000000
31763  -20.636  -11.035  -11.225 0.0000000000
31755  -20.341  -11.079  -11.047 0.0000000000
31754  -19.992  -11.037  -10.963 0.0000000000
31748  -20.122  -11.035  -10.868 0.0000000000
31122  -20.987  -11.285  -11.488 0.0000000000
31121  -20.903  -11.039  -11.421 0.0000000000
31112  -20.597  -11.292  -11.250 0.0000000000
31111  -20.234  -11.268  -10.993 0.0000000000
31105  -20.055  -11.338  -10.968 0.0000000000
30346  -21.028  -11.944  -11.388 0.0000000000
30345  -20.998  -11.955  -11.327 0.0000000000
31113  -20.993  -11.483  -11.018 0.0000000000
30337  -20.838  -11.892  -11.094 0.0000000000
30336  -20.357  -11.896  -11.040 0.0000000000
30335  -20.037  -11.844  -11.010 0.0000000000
29606  -21.022  -12.007  -11.467 0.0000000000
29605  -20.986  -12.107  -11.335 0.0000000000
29598  -20.820  -11.994  -11.173 0.0000000000
29597  -20.424  -12.023  -11.075 0.0000000000
36526  -19.090  -8.713  -9.326 0.0000000000
37326  -19.107  -8.092  -9.633 0.0000000000
36546  -19.126  -8.530  -10.000 0.0000000000
37340  -19.016  -8.209  -10.005 0.0000000000
37341  -19.328  -8.175  -10.003 0.0000000000
37354  -19.502  -8.171  -10.164 0.0000000000
37361  -19.705  -8.092  -10.784 0.0000000000
37373  -19.490  -8.156  -11.012 0.0000000000
39066  -20.708  -7.434  -9.745 0.0000000000
40018  -20.867  -7.163  -9.625 0.0000000000
39079  -20.650  -7.503  -9.989 0.0000000000
