#!ascii label  , from subject  vox2ras=TkReg
163
71121  -20.502  4.829  -18.755 0.0000000000
70258  -20.759  4.417  -18.877 0.0000000000
70257  -20.168  4.281  -18.781 0.0000000000
71120  -20.231  4.737  -18.991 0.0000000000
71122  -20.889  4.811  -18.789 0.0000000000
71983  -20.171  4.998  -18.988 0.0000000000
71984  -20.626  4.994  -18.801 0.0000000000
70259  -20.990  4.369  -18.773 0.0000000000
71123  -21.003  4.896  -18.818 0.0000000000
71985  -20.980  5.031  -18.784 0.0000000000
70260  -21.048  4.403  -18.820 0.0000000000
71124  -21.131  4.988  -18.877 0.0000000000
71986  -21.003  5.043  -18.884 0.0000000000
71112  -21.737  4.990  -18.629 0.0000000000
70261  -21.328  4.879  -18.809 0.0000000000
71987  -21.433  5.040  -18.751 0.0000000000
71998  -20.178  5.037  -19.166 0.0000000000
72888  -20.217  5.370  -18.913 0.0000000000
72903  -20.176  5.427  -19.045 0.0000000000
72889  -20.751  5.428  -18.799 0.0000000000
72890  -21.016  5.498  -18.813 0.0000000000
72891  -21.101  5.506  -19.000 0.0000000000
71140  -20.129  4.740  -19.144 0.0000000000
71997  -20.164  5.011  -19.079 0.0000000000
72902  -20.083  5.453  -19.110 0.0000000000
73751  -20.478  5.874  -18.825 0.0000000000
73750  -20.056  5.860  -18.960 0.0000000000
73752  -20.969  5.958  -18.793 0.0000000000
73753  -21.018  5.979  -18.843 0.0000000000
72892  -21.727  5.544  -18.805 0.0000000000
73754  -21.351  6.006  -18.841 0.0000000000
73765  -20.157  5.805  -19.068 0.0000000000
74575  -20.182  6.063  -18.755 0.0000000000
74589  -19.995  5.997  -18.992 0.0000000000
74576  -20.738  6.133  -18.796 0.0000000000
74577  -20.993  6.081  -18.817 0.0000000000
74578  -21.143  6.089  -18.817 0.0000000000
73755  -21.995  5.995  -18.756 0.0000000000
74579  -21.756  6.043  -18.795 0.0000000000
74574  -20.005  6.034  -18.947 0.0000000000
75404  -20.017  6.509  -18.747 0.0000000000
75405  -20.508  6.532  -18.814 0.0000000000
75406  -20.981  6.550  -18.811 0.0000000000
75407  -20.985  6.532  -18.888 0.0000000000
75408  -21.409  6.560  -18.959 0.0000000000
74580  -21.980  6.094  -18.658 0.0000000000
75409  -22.005  6.511  -18.670 0.0000000000
74588  -20.099  6.070  -19.060 0.0000000000
75403  -19.853  6.500  -18.899 0.0000000000
76237  -20.014  6.947  -18.816 0.0000000000
76238  -20.363  6.981  -18.797 0.0000000000
76239  -20.814  6.971  -18.814 0.0000000000
76240  -20.999  7.014  -18.824 0.0000000000
76241  -21.188  7.008  -18.832 0.0000000000
76242  -21.985  6.983  -18.755 0.0000000000
77158  -20.306  7.161  -18.922 0.0000000000
77159  -20.700  7.161  -18.873 0.0000000000
77160  -21.006  7.240  -18.751 0.0000000000
77161  -21.106  7.166  -18.913 0.0000000000
77162  -21.614  7.070  -18.794 0.0000000000
77175  -20.709  7.265  -19.000 0.0000000000
77176  -20.997  7.223  -19.067 0.0000000000
78123  -21.119  7.634  -18.961 0.0000000000
78122  -21.042  7.638  -19.014 0.0000000000
78124  -21.554  7.578  -18.946 0.0000000000
78137  -21.013  7.617  -19.130 0.0000000000
70280  -20.153  4.389  -19.076 0.0000000000
70279  -20.019  4.463  -19.179 0.0000000000
71139  -19.990  4.809  -19.147 0.0000000000
69399  -20.058  4.024  -18.991 0.0000000000
69420  -20.068  4.132  -19.006 0.0000000000
69419  -19.935  4.057  -19.096 0.0000000000
70278  -19.995  4.410  -19.043 0.0000000000
70241  -21.929  4.428  -18.420 0.0000000000
70240  -21.298  4.642  -18.749 0.0000000000
69382  -21.290  4.030  -18.581 0.0000000000
69402  -21.050  4.079  -18.723 0.0000000000
69401  -21.008  4.009  -18.813 0.0000000000
69400  -20.519  4.012  -18.972 0.0000000000
69398  -19.961  3.969  -18.962 0.0000000000
68534  -19.828  3.632  -19.014 0.0000000000
68554  -19.829  3.859  -19.158 0.0000000000
69418  -19.569  4.029  -19.230 0.0000000000
68519  -21.105  3.882  -18.734 0.0000000000
68538  -21.036  3.998  -18.752 0.0000000000
68537  -20.900  3.976  -18.821 0.0000000000
68536  -20.203  3.975  -18.851 0.0000000000
68535  -20.013  3.932  -18.889 0.0000000000
68520  -21.566  3.918  -18.535 0.0000000000
69383  -21.906  4.015  -18.347 0.0000000000
68518  -20.999  3.738  -18.685 0.0000000000
67669  -20.996  3.484  -18.716 0.0000000000
67668  -20.455  3.480  -18.782 0.0000000000
67667  -20.002  3.424  -18.835 0.0000000000
67666  -19.947  3.375  -18.735 0.0000000000
67665  -19.450  3.238  -19.003 0.0000000000
68533  -19.519  3.693  -18.998 0.0000000000
68553  -19.359  3.729  -19.175 0.0000000000
67683  -19.183  3.478  -19.073 0.0000000000
67650  -21.710  3.305  -18.418 0.0000000000
67649  -21.108  3.327  -18.372 0.0000000000
68521  -22.006  3.892  -18.327 0.0000000000
67648  -21.012  3.265  -18.483 0.0000000000
67647  -20.573  3.196  -18.365 0.0000000000
67646  -20.040  2.985  -18.702 0.0000000000
66796  -20.044  3.011  -18.593 0.0000000000
66795  -19.946  3.034  -18.560 0.0000000000
66794  -19.560  2.992  -18.777 0.0000000000
66793  -19.021  3.012  -18.733 0.0000000000
67664  -19.058  3.258  -18.776 0.0000000000
66779  -21.112  2.982  -18.363 0.0000000000
66778  -20.985  3.023  -18.403 0.0000000000
66777  -20.683  3.000  -18.442 0.0000000000
66776  -20.095  2.891  -18.543 0.0000000000
66775  -19.991  2.987  -18.580 0.0000000000
66774  -19.732  2.993  -18.551 0.0000000000
66773  -19.140  3.055  -18.568 0.0000000000
66772  -18.928  2.969  -18.462 0.0000000000
66792  -18.997  3.140  -18.728 0.0000000000
66755  -20.985  2.974  -18.087 0.0000000000
65883  -20.975  2.719  -18.029 0.0000000000
65902  -20.994  2.754  -18.232 0.0000000000
65901  -20.989  2.826  -18.510 0.0000000000
65900  -20.211  2.780  -18.663 0.0000000000
65899  -19.993  2.844  -18.526 0.0000000000
65898  -19.826  2.847  -18.507 0.0000000000
65897  -19.166  2.899  -18.568 0.0000000000
65896  -19.059  2.952  -18.471 0.0000000000
65882  -20.995  2.368  -18.088 0.0000000000
65881  -20.603  2.503  -18.230 0.0000000000
65009  -20.180  2.153  -18.163 0.0000000000
65026  -19.998  2.577  -18.320 0.0000000000
65025  -20.003  2.457  -18.326 0.0000000000
65024  -20.015  2.223  -18.247 0.0000000000
65880  -19.889  2.215  -18.241 0.0000000000
65879  -19.406  2.491  -18.225 0.0000000000
65878  -18.963  2.604  -18.225 0.0000000000
65010  -20.734  2.102  -18.088 0.0000000000
65011  -21.008  2.120  -18.041 0.0000000000
65007  -19.624  1.996  -18.047 0.0000000000
65006  -19.150  2.152  -17.992 0.0000000000
65008  -20.014  2.009  -18.114 0.0000000000
64083  -20.555  2.009  -18.037 0.0000000000
64084  -20.953  2.006  -18.060 0.0000000000
64082  -20.135  1.901  -18.070 0.0000000000
64081  -19.848  1.931  -18.094 0.0000000000
64080  -19.478  1.989  -18.058 0.0000000000
64079  -19.196  2.074  -17.960 0.0000000000
64989  -19.104  2.184  -17.924 0.0000000000
65005  -18.991  2.250  -17.987 0.0000000000
64988  -18.987  2.263  -17.844 0.0000000000
65862  -19.014  2.314  -18.021 0.0000000000
64061  -19.098  2.009  -17.804 0.0000000000
64065  -20.849  1.999  -17.926 0.0000000000
64064  -20.459  1.964  -17.963 0.0000000000
64063  -20.042  1.850  -17.982 0.0000000000
63131  -19.975  1.632  -17.894 0.0000000000
63147  -19.972  1.810  -18.074 0.0000000000
63146  -19.834  1.804  -18.099 0.0000000000
63145  -19.526  1.864  -18.025 0.0000000000
64062  -19.237  1.996  -17.933 0.0000000000
63129  -19.206  1.829  -17.826 0.0000000000
63130  -19.863  1.610  -18.000 0.0000000000
