#!ascii label  , from subject  vox2ras=TkReg
122
90108  3.143  13.151  3.304 0.0000000000
89322  3.065  12.846  3.448 0.0000000000
90102  3.106  13.131  3.702 0.0000000000
89328  3.080  12.897  2.996 0.0000000000
90113  3.115  13.092  2.967 0.0000000000
90905  3.141  13.525  3.571 0.0000000000
90910  3.097  13.633  3.053 0.0000000000
89335  3.118  12.791  2.688 0.0000000000
90118  3.158  13.218  2.543 0.0000000000
90914  3.060  13.529  2.964 0.0000000000
89340  3.064  12.850  2.252 0.0000000000
90121  3.134  13.116  2.065 0.0000000000
90918  3.154  13.688  2.593 0.0000000000
90920  3.141  13.603  2.194 0.0000000000
90901  3.105  13.477  3.924 0.0000000000
91727  3.115  13.889  3.846 0.0000000000
91731  3.061  13.984  3.365 0.0000000000
91734  3.089  13.979  3.015 0.0000000000
91737  3.106  13.984  2.844 0.0000000000
91740  3.102  14.009  2.271 0.0000000000
91723  3.094  13.916  4.041 0.0000000000
92580  3.134  14.142  4.026 0.0000000000
92583  3.065  14.097  3.843 0.0000000000
92586  3.145  14.236  3.339 0.0000000000
92589  3.093  14.301  2.984 0.0000000000
92592  3.181  14.288  2.526 0.0000000000
93427  3.115  14.561  3.991 0.0000000000
93432  3.139  14.585  3.616 0.0000000000
93435  3.121  14.692  3.159 0.0000000000
93437  3.048  14.774  3.002 0.0000000000
93440  3.143  14.673  2.723 0.0000000000
92595  3.135  14.176  2.023 0.0000000000
93443  3.163  14.669  2.257 0.0000000000
94281  3.056  14.994  3.939 0.0000000000
94290  3.047  15.004  3.352 0.0000000000
94293  3.010  15.010  3.095 0.0000000000
94296  3.068  15.009  2.972 0.0000000000
94298  3.031  15.017  2.323 0.0000000000
95196  3.035  15.229  3.723 0.0000000000
95218  3.029  15.277  3.108 0.0000000000
95239  3.052  15.328  2.966 0.0000000000
95258  3.175  15.319  2.593 0.0000000000
94300  3.015  15.004  2.051 0.0000000000
95273  3.047  15.186  2.134 0.0000000000
96145  3.092  15.740  3.419 0.0000000000
96159  3.088  15.724  3.036 0.0000000000
96173  3.020  15.608  2.851 0.0000000000
96189  3.081  15.687  2.196 0.0000000000
95282  3.031  15.153  1.987 0.0000000000
97017  3.017  15.996  3.171 0.0000000000
97027  3.056  16.019  3.014 0.0000000000
97040  3.065  16.001  2.666 0.0000000000
96207  3.092  15.564  1.958 0.0000000000
97052  3.029  16.009  2.199 0.0000000000
97064  3.053  15.998  1.991 0.0000000000
97012  3.032  16.040  3.719 0.0000000000
97849  3.093  16.243  3.596 0.0000000000
97853  3.084  16.287  3.053 0.0000000000
97861  3.040  16.361  2.949 0.0000000000
97871  3.158  16.326  2.548 0.0000000000
97884  3.073  16.358  2.058 0.0000000000
97083  3.036  15.995  1.780 0.0000000000
97897  3.120  16.319  1.729 0.0000000000
98623  3.105  16.670  3.411 0.0000000000
98626  3.045  16.817  3.020 0.0000000000
98630  3.148  16.706  2.818 0.0000000000
98634  3.120  16.725  2.375 0.0000000000
98643  3.085  16.802  2.007 0.0000000000
98620  3.047  16.642  3.921 0.0000000000
99324  3.042  16.998  3.872 0.0000000000
99328  3.023  17.020  3.249 0.0000000000
99331  3.053  17.021  2.993 0.0000000000
99334  3.052  17.016  2.763 0.0000000000
99337  3.052  17.008  2.178 0.0000000000
98656  3.180  16.722  1.607 0.0000000000
99341  3.083  17.004  1.982 0.0000000000
100002  3.147  17.298  3.612 0.0000000000
100005  3.135  17.331  3.156 0.0000000000
100008  3.076  17.286  2.925 0.0000000000
100011  3.161  17.325  2.504 0.0000000000
100014  3.053  17.361  2.027 0.0000000000
99350  3.051  16.998  1.591 0.0000000000
100017  3.053  17.291  1.938 0.0000000000
100681  3.091  17.767  2.255 0.0000000000
100684  3.054  17.822  1.965 0.0000000000
90098  3.068  13.059  3.987 0.0000000000
90897  3.119  13.463  4.185 0.0000000000
89317  2.983  12.909  3.859 0.0000000000
89313  3.048  12.985  4.002 0.0000000000
90094  3.121  13.080  4.299 0.0000000000
88580  3.002  12.407  2.904 0.0000000000
88587  2.997  12.374  2.464 0.0000000000
88574  2.953  12.504  3.141 0.0000000000
88570  2.946  12.513  3.647 0.0000000000
88566  3.010  12.550  3.986 0.0000000000
87834  2.922  12.080  2.816 0.0000000000
87830  3.005  12.005  3.004 0.0000000000
87826  2.874  12.077  3.351 0.0000000000
87822  3.050  12.020  3.872 0.0000000000
87817  2.976  12.059  4.002 0.0000000000
88562  2.836  12.640  4.045 0.0000000000
87102  3.085  11.851  3.024 0.0000000000
87098  2.877  11.827  3.081 0.0000000000
87093  2.739  11.869  3.671 0.0000000000
87088  2.994  11.919  4.016 0.0000000000
87083  2.967  11.977  4.001 0.0000000000
87812  2.850  12.113  4.311 0.0000000000
86334  3.004  11.432  2.897 0.0000000000
86330  2.936  11.420  3.038 0.0000000000
87106  3.044  11.967  2.737 0.0000000000
86325  2.755  11.361  3.214 0.0000000000
86320  2.839  11.432  3.831 0.0000000000
86315  2.809  11.599  4.058 0.0000000000
85598  2.978  11.029  3.092 0.0000000000
85603  3.014  10.998  2.907 0.0000000000
85593  2.829  11.038  3.552 0.0000000000
85588  2.949  11.018  3.959 0.0000000000
84876  2.972  10.908  3.098 0.0000000000
84880  2.826  10.862  2.950 0.0000000000
84872  2.755  10.864  3.654 0.0000000000
84867  2.985  10.922  3.996 0.0000000000
85583  2.849  11.075  4.225 0.0000000000
