#!ascii label  , from subject  vox2ras=TkReg
101
40832  -18.333  -7.015  -5.752 0.0000000000
39880  -18.150  -7.042  -5.792 0.0000000000
40814  -18.535  -6.998  -5.287 0.0000000000
40831  -18.046  -7.024  -6.002 0.0000000000
40815  -18.766  -6.780  -5.117 0.0000000000
40833  -18.743  -6.503  -5.677 0.0000000000
40857  -18.053  -6.879  -6.028 0.0000000000
40858  -18.279  -6.995  -6.027 0.0000000000
41776  -18.607  -6.421  -5.990 0.0000000000
41766  -18.978  -6.234  -5.275 0.0000000000
41777  -18.783  -6.039  -5.809 0.0000000000
39899  -18.067  -6.955  -5.983 0.0000000000
40856  -18.001  -7.007  -6.045 0.0000000000
41795  -17.991  -6.588  -6.178 0.0000000000
41796  -18.328  -6.430  -6.070 0.0000000000
42698  -18.686  -6.075  -5.997 0.0000000000
40855  -17.466  -6.967  -6.043 0.0000000000
39898  -17.842  -7.185  -6.137 0.0000000000
40871  -17.692  -6.950  -6.198 0.0000000000
40872  -18.008  -6.722  -6.249 0.0000000000
41794  -18.105  -6.597  -6.235 0.0000000000
40854  -17.006  -6.870  -6.038 0.0000000000
39897  -17.393  -7.128  -6.085 0.0000000000
40870  -17.128  -6.880  -6.199 0.0000000000
40830  -17.004  -6.957  -5.973 0.0000000000
39896  -17.025  -7.011  -5.994 0.0000000000
40853  -16.905  -6.864  -5.991 0.0000000000
41793  -16.971  -6.730  -6.164 0.0000000000
41807  -16.992  -6.451  -6.345 0.0000000000
39879  -18.030  -7.057  -5.925 0.0000000000
40829  -16.967  -6.960  -5.920 0.0000000000
39876  -17.011  -7.026  -5.945 0.0000000000
40813  -16.654  -6.976  -5.615 0.0000000000
39875  -16.843  -7.072  -5.891 0.0000000000
40828  -16.480  -6.824  -5.725 0.0000000000
40852  -16.728  -6.747  -5.996 0.0000000000
40803  -18.783  -6.908  -4.990 0.0000000000
41756  -18.890  -6.543  -4.966 0.0000000000
39861  -18.272  -7.209  -5.480 0.0000000000
39847  -18.628  -7.363  -5.017 0.0000000000
40802  -18.653  -6.984  -5.070 0.0000000000
39848  -18.772  -7.023  -5.006 0.0000000000
39834  -18.817  -6.963  -4.823 0.0000000000
40788  -18.882  -6.850  -4.719 0.0000000000
39822  -19.054  -7.029  -4.582 0.0000000000
40775  -18.986  -6.930  -4.455 0.0000000000
40789  -19.101  -6.890  -4.690 0.0000000000
41743  -18.949  -6.673  -4.760 0.0000000000
39823  -19.070  -7.041  -4.325 0.0000000000
40776  -19.047  -6.892  -4.374 0.0000000000
39878  -17.868  -6.980  -6.000 0.0000000000
39877  -17.332  -7.013  -5.982 0.0000000000
39860  -17.984  -7.244  -5.547 0.0000000000
39859  -17.824  -7.215  -5.861 0.0000000000
39858  -17.185  -7.134  -5.777 0.0000000000
39857  -17.068  -7.141  -5.616 0.0000000000
39846  -18.174  -7.426  -5.158 0.0000000000
38940  -18.006  -7.507  -5.314 0.0000000000
38928  -18.000  -7.628  -5.022 0.0000000000
38939  -17.639  -7.495  -5.301 0.0000000000
38938  -17.159  -7.510  -5.296 0.0000000000
39833  -18.638  -7.058  -4.992 0.0000000000
38929  -18.078  -7.547  -4.975 0.0000000000
38916  -18.245  -7.528  -4.950 0.0000000000
39821  -18.868  -7.014  -4.583 0.0000000000
38901  -18.495  -7.564  -4.320 0.0000000000
39809  -19.034  -7.198  -4.171 0.0000000000
39810  -19.121  -7.145  -4.095 0.0000000000
38902  -18.876  -7.282  -4.163 0.0000000000
38887  -18.959  -7.446  -4.005 0.0000000000
38888  -19.053  -7.364  -4.005 0.0000000000
38877  -19.069  -7.318  -3.859 0.0000000000
39796  -18.974  -7.120  -3.997 0.0000000000
40756  -19.156  -7.005  -4.004 0.0000000000
38927  -17.826  -7.627  -5.026 0.0000000000
38926  -17.324  -7.737  -5.022 0.0000000000
38937  -16.993  -7.543  -5.227 0.0000000000
38925  -17.001  -7.660  -4.979 0.0000000000
39845  -16.986  -7.306  -5.323 0.0000000000
38915  -18.080  -7.611  -4.873 0.0000000000
38914  -17.977  -7.658  -4.903 0.0000000000
38038  -17.710  -7.740  -4.990 0.0000000000
38037  -17.242  -7.859  -4.979 0.0000000000
38900  -18.073  -7.744  -4.612 0.0000000000
38027  -18.014  -7.822  -4.790 0.0000000000
38011  -18.021  -7.875  -4.503 0.0000000000
38026  -17.630  -7.893  -4.801 0.0000000000
38886  -18.458  -7.773  -3.997 0.0000000000
38012  -18.145  -7.954  -4.200 0.0000000000
37995  -18.199  -7.979  -3.992 0.0000000000
38876  -18.992  -7.485  -3.706 0.0000000000
38875  -18.589  -7.554  -3.977 0.0000000000
37980  -18.279  -7.906  -3.936 0.0000000000
38010  -18.024  -8.002  -4.502 0.0000000000
37994  -18.138  -8.008  -4.183 0.0000000000
37176  -18.057  -8.035  -4.315 0.0000000000
37979  -18.076  -8.027  -4.007 0.0000000000
41731  -19.148  -6.690  -4.498 0.0000000000
41744  -19.021  -6.541  -4.821 0.0000000000
41808  -17.322  -6.471  -6.490 0.0000000000
41809  -17.940  -6.419  -6.570 0.0000000000
