#!ascii label  , from subject  vox2ras=TkReg
162
3762  22.836  12.589  13.618 0.0000000000
3778  22.958  12.451  13.272 0.0000000000
3763  22.537  12.367  13.659 0.0000000000
4175  22.761  12.617  13.841 0.0000000000
4174  23.136  12.716  13.744 0.0000000000
3764  21.972  12.104  13.583 0.0000000000
3749  22.212  12.206  14.100 0.0000000000
4163  22.499  12.531  13.983 0.0000000000
3779  22.417  12.247  13.162 0.0000000000
3354  21.793  11.760  13.592 0.0000000000
3338  21.821  11.772  13.903 0.0000000000
3750  21.965  12.035  13.943 0.0000000000
3369  21.780  11.686  13.219 0.0000000000
3780  21.959  12.075  12.974 0.0000000000
4187  23.259  12.600  13.385 0.0000000000
3777  23.450  12.376  13.175 0.0000000000
3791  23.308  12.221  12.799 0.0000000000
3792  22.802  12.235  12.765 0.0000000000
3793  22.322  12.170  12.661 0.0000000000
3384  21.799  11.681  12.630 0.0000000000
3794  21.996  12.036  12.563 0.0000000000
3790  23.850  12.128  12.888 0.0000000000
3805  23.649  11.929  12.515 0.0000000000
3806  23.156  12.040  12.377 0.0000000000
3807  22.683  12.068  12.362 0.0000000000
3808  22.359  12.019  12.354 0.0000000000
3809  22.173  12.056  12.438 0.0000000000
3400  22.114  11.805  12.192 0.0000000000
3383  23.976  12.061  12.866 0.0000000000
3396  23.963  11.580  12.409 0.0000000000
3397  23.480  11.553  12.236 0.0000000000
3398  23.004  11.762  12.076 0.0000000000
3399  22.559  11.832  12.137 0.0000000000
3748  22.495  12.415  14.186 0.0000000000
4162  22.840  12.665  14.244 0.0000000000
4161  23.392  12.773  14.250 0.0000000000
4173  23.565  12.749  13.931 0.0000000000
4186  23.579  12.670  13.503 0.0000000000
4185  23.970  12.563  13.521 0.0000000000
3776  23.844  12.353  13.241 0.0000000000
4172  23.908  12.697  13.883 0.0000000000
4184  24.106  12.491  13.551 0.0000000000
3775  24.180  12.276  13.493 0.0000000000
4171  24.314  12.473  13.813 0.0000000000
4160  23.811  12.758  14.287 0.0000000000
4159  24.235  12.697  14.280 0.0000000000
4170  24.799  12.233  14.162 0.0000000000
3761  24.561  12.127  13.817 0.0000000000
4158  24.670  12.396  14.209 0.0000000000
3760  24.833  12.000  14.049 0.0000000000
3737  22.507  12.288  14.489 0.0000000000
4152  22.883  12.678  14.786 0.0000000000
4151  23.254  12.810  14.698 0.0000000000
4150  23.674  12.863  14.664 0.0000000000
4149  24.021  12.937  14.745 0.0000000000
4148  24.664  12.704  14.789 0.0000000000
3747  25.018  12.148  14.393 0.0000000000
3721  22.723  12.437  15.010 0.0000000000
4140  22.940  12.723  15.081 0.0000000000
4139  23.177  12.856  15.195 0.0000000000
4557  23.489  13.096  15.042 0.0000000000
4556  23.891  13.133  14.979 0.0000000000
4555  24.288  13.126  15.018 0.0000000000
4123  22.931  12.716  15.405 0.0000000000
4122  23.199  12.898  15.783 0.0000000000
4546  23.411  13.076  15.551 0.0000000000
3698  22.690  12.228  15.605 0.0000000000
4099  22.810  12.656  15.975 0.0000000000
4098  23.166  12.911  16.203 0.0000000000
4513  23.331  13.044  16.175 0.0000000000
4532  23.456  13.070  15.775 0.0000000000
3789  24.025  12.093  12.973 0.0000000000
3382  24.376  11.763  12.987 0.0000000000
3368  24.501  11.811  13.535 0.0000000000
3353  24.738  11.959  13.914 0.0000000000
3352  24.957  11.774  13.988 0.0000000000
3337  21.996  11.961  14.134 0.0000000000
3320  22.155  11.887  14.550 0.0000000000
3738  22.248  12.107  14.375 0.0000000000
3319  22.515  12.064  14.790 0.0000000000
3302  22.634  11.937  15.158 0.0000000000
3282  22.549  11.710  15.713 0.0000000000
3266  22.500  11.841  16.014 0.0000000000
3674  22.637  11.959  16.022 0.0000000000
3267  22.129  11.769  16.162 0.0000000000
3675  22.259  12.001  16.239 0.0000000000
3662  22.536  12.296  16.246 0.0000000000
2983  21.794  11.528  12.115 0.0000000000
2999  22.024  11.273  11.752 0.0000000000
3413  22.413  11.621  11.864 0.0000000000
3412  22.840  11.625  11.878 0.0000000000
3410  23.327  11.399  12.003 0.0000000000
3411  23.165  11.469  11.870 0.0000000000
2981  23.945  11.265  12.149 0.0000000000
2982  23.658  11.243  12.030 0.0000000000
3395  24.254  11.604  12.692 0.0000000000
2980  24.374  11.200  12.424 0.0000000000
2966  24.496  11.473  12.784 0.0000000000
2967  21.611  11.310  12.479 0.0000000000
2953  21.520  11.225  12.972 0.0000000000
3381  24.710  11.586  13.181 0.0000000000
2965  24.859  11.214  12.918 0.0000000000
3367  24.989  11.485  13.378 0.0000000000
2940  21.741  11.293  13.537 0.0000000000
3366  25.164  11.282  13.355 0.0000000000
2952  24.969  11.172  13.078 0.0000000000
3351  25.379  11.428  13.766 0.0000000000
2951  25.371  11.041  13.283 0.0000000000
2924  21.711  11.279  14.142 0.0000000000
3321  21.875  11.723  14.275 0.0000000000
2910  21.798  11.387  14.706 0.0000000000
2909  22.062  11.604  14.747 0.0000000000
2891  22.172  11.534  14.984 0.0000000000
3303  22.391  11.848  14.884 0.0000000000
2890  22.421  11.767  15.053 0.0000000000
2872  22.465  11.578  15.321 0.0000000000
2873  22.072  11.456  15.799 0.0000000000
3283  22.258  11.695  16.028 0.0000000000
2984  21.453  11.140  12.136 0.0000000000
2995  24.051  11.058  11.932 0.0000000000
2996  23.549  11.192  11.789 0.0000000000
2994  24.140  11.031  12.061 0.0000000000
2979  24.833  10.816  12.459 0.0000000000
2582  24.590  10.949  12.355 0.0000000000
2596  24.436  10.817  12.076 0.0000000000
2581  24.848  10.813  12.475 0.0000000000
2968  21.349  11.082  12.637 0.0000000000
2964  24.786  11.075  12.964 0.0000000000
2566  25.016  10.945  12.785 0.0000000000
2551  25.385  10.792  12.927 0.0000000000
2565  25.185  10.789  12.687 0.0000000000
2552  21.571  11.005  13.281 0.0000000000
2553  21.326  10.838  13.106 0.0000000000
2954  21.277  11.204  13.014 0.0000000000
2537  21.699  11.025  13.510 0.0000000000
2522  21.675  10.930  13.849 0.0000000000
2925  21.555  10.883  14.256 0.0000000000
2911  21.538  11.088  14.523 0.0000000000
2513  21.359  10.754  14.742 0.0000000000
2512  21.595  11.015  14.787 0.0000000000
2501  21.577  10.954  15.035 0.0000000000
2892  21.657  11.233  15.282 0.0000000000
2161  21.240  10.363  13.209 0.0000000000
2538  21.474  10.708  13.513 0.0000000000
2567  21.182  10.651  12.682 0.0000000000
2149  21.232  10.212  13.721 0.0000000000
2523  21.338  10.565  14.066 0.0000000000
2132  21.100  10.023  14.204 0.0000000000
2118  21.039  10.296  14.559 0.0000000000
2104  20.992  10.510  15.066 0.0000000000
2502  21.243  10.922  15.194 0.0000000000
2597  24.196  10.790  11.715 0.0000000000
3007  23.891  10.927  11.682 0.0000000000
3008  23.525  11.007  11.393 0.0000000000
2997  23.124  11.260  11.601 0.0000000000
3009  23.041  10.937  11.256 0.0000000000
2998  22.602  11.227  11.494 0.0000000000
4531  23.591  13.173  15.807 0.0000000000
4545  23.713  13.176  15.435 0.0000000000
4554  24.598  13.067  15.096 0.0000000000
4544  24.023  13.223  15.433 0.0000000000
4543  24.446  13.171  15.388 0.0000000000
