#!ascii label  , from subject  vox2ras=TkReg
100
5983  25.985  14.676  11.207 0.0000000000
5526  25.825  14.462  11.003 0.0000000000
5525  25.970  14.663  10.946 0.0000000000
5984  25.449  14.566  11.243 0.0000000000
5539  25.833  14.748  11.007 0.0000000000
5997  26.354  14.741  10.752 0.0000000000
5982  26.549  14.848  11.310 0.0000000000
5971  26.066  14.863  11.859 0.0000000000
5972  25.349  14.663  11.709 0.0000000000
5527  24.990  14.149  11.116 0.0000000000
5985  25.116  14.756  11.526 0.0000000000
5986  24.877  14.352  11.299 0.0000000000
5973  25.066  14.505  11.807 0.0000000000
5974  24.721  14.385  11.465 0.0000000000
5528  24.597  14.126  11.224 0.0000000000
5998  26.225  14.840  10.582 0.0000000000
5996  26.982  14.676  10.644 0.0000000000
6008  26.721  14.540  10.332 0.0000000000
6009  26.207  14.628  10.339 0.0000000000
5540  25.764  14.479  10.603 0.0000000000
5550  26.678  14.138  9.855 0.0000000000
5549  27.122  14.241  10.100 0.0000000000
6007  26.969  14.474  10.378 0.0000000000
5551  26.109  14.319  10.069 0.0000000000
5538  27.131  14.470  10.333 0.0000000000
5537  27.402  14.541  10.280 0.0000000000
5995  27.551  14.791  10.652 0.0000000000
5981  27.181  14.973  11.108 0.0000000000
6006  27.853  14.617  10.280 0.0000000000
5994  27.941  15.079  10.794 0.0000000000
5980  27.766  14.982  11.086 0.0000000000
5993  28.358  14.731  10.786 0.0000000000
5979  28.182  14.991  11.033 0.0000000000
6005  28.026  14.708  10.327 0.0000000000
5970  26.303  14.931  11.697 0.0000000000
6495  26.590  15.104  11.705 0.0000000000
6509  26.899  15.086  11.310 0.0000000000
5969  27.531  15.115  11.222 0.0000000000
6494  27.177  15.231  11.432 0.0000000000
6508  26.810  15.211  11.058 0.0000000000
5968  28.052  15.079  11.124 0.0000000000
6493  27.750  15.275  11.418 0.0000000000
6507  28.068  15.164  11.274 0.0000000000
5517  24.447  14.203  11.745 0.0000000000
5516  25.038  14.448  12.046 0.0000000000
5961  25.395  14.697  12.276 0.0000000000
5515  25.106  14.490  12.037 0.0000000000
5960  25.922  14.958  12.490 0.0000000000
6481  26.152  15.031  12.244 0.0000000000
6496  26.308  15.088  11.953 0.0000000000
5501  25.067  14.559  12.347 0.0000000000
5500  25.042  14.671  12.111 0.0000000000
5962  25.023  14.813  12.158 0.0000000000
5950  25.621  14.947  12.832 0.0000000000
5951  25.107  14.719  12.714 0.0000000000
5949  25.798  14.994  12.869 0.0000000000
6467  25.821  15.036  12.815 0.0000000000
5106  25.604  14.112  10.184 0.0000000000
5105  26.179  14.053  9.885 0.0000000000
5104  26.819  13.986  9.796 0.0000000000
5103  27.601  13.880  9.978 0.0000000000
5548  27.698  14.207  10.132 0.0000000000
5102  28.026  13.972  10.103 0.0000000000
5547  28.029  14.287  10.166 0.0000000000
5092  25.226  14.094  10.630 0.0000000000
5091  25.544  14.210  10.487 0.0000000000
5541  25.511  14.298  10.822 0.0000000000
5077  24.814  14.003  10.959 0.0000000000
5078  24.143  14.008  11.005 0.0000000000
5529  24.311  13.885  11.055 0.0000000000
5518  24.241  13.952  11.327 0.0000000000
5076  25.031  14.056  10.884 0.0000000000
5063  24.027  13.926  11.694 0.0000000000
5502  24.533  14.293  12.310 0.0000000000
5047  24.060  14.058  12.057 0.0000000000
5062  24.064  14.007  11.954 0.0000000000
5485  25.067  14.760  12.725 0.0000000000
5486  24.764  14.565  12.737 0.0000000000
5107  25.225  13.943  10.227 0.0000000000
5119  25.778  13.885  9.667 0.0000000000
5120  25.231  13.862  9.917 0.0000000000
5118  26.368  13.818  9.514 0.0000000000
5117  27.000  13.663  9.441 0.0000000000
5093  24.760  13.949  11.014 0.0000000000
5108  25.181  13.947  10.384 0.0000000000
5121  25.067  13.854  10.102 0.0000000000
5126  26.441  13.763  9.164 0.0000000000
5127  25.945  13.790  9.204 0.0000000000
5128  25.306  13.795  9.376 0.0000000000
5546  28.148  14.470  10.279 0.0000000000
6004  28.265  14.602  10.432 0.0000000000
6480  26.794  15.385  11.847 0.0000000000
6466  26.442  15.412  12.690 0.0000000000
6492  28.283  15.423  11.655 0.0000000000
7048  27.961  15.723  11.929 0.0000000000
7049  27.451  15.511  11.755 0.0000000000
6479  26.815  15.278  11.965 0.0000000000
6506  28.309  15.118  11.289 0.0000000000
7034  27.452  15.788  12.170 0.0000000000
6465  27.059  15.828  12.528 0.0000000000
