#!ascii label  , from subject  vox2ras=TkReg
61
1503  23.102  9.212  5.508 0.0000000000
1481  23.334  9.249  5.946 0.0000000000
1502  23.689  9.300  5.498 0.0000000000
1482  22.846  9.243  5.949 0.0000000000
1504  22.640  9.183  5.502 0.0000000000
1528  23.305  9.095  5.151 0.0000000000
1529  22.967  9.029  4.929 0.0000000000
1527  23.838  9.472  5.010 0.0000000000
1553  23.664  9.373  4.652 0.0000000000
1554  23.214  9.158  4.589 0.0000000000
1135  22.523  8.784  4.808 0.0000000000
1530  22.364  8.930  5.218 0.0000000000
1555  22.871  8.954  4.550 0.0000000000
1986  23.987  9.774  4.718 0.0000000000
1573  23.503  9.446  4.253 0.0000000000
1572  23.774  9.589  4.474 0.0000000000
1574  23.017  9.172  4.122 0.0000000000
1151  22.601  8.782  4.444 0.0000000000
1162  22.968  8.953  4.023 0.0000000000
1999  23.903  9.993  4.193 0.0000000000
2000  23.522  9.871  4.021 0.0000000000
1586  23.290  9.506  3.895 0.0000000000
1175  22.750  8.982  3.901 0.0000000000
1587  22.938  9.361  3.552 0.0000000000
2009  23.308  9.835  3.644 0.0000000000
1176  22.390  8.889  3.574 0.0000000000
1588  22.586  9.178  3.368 0.0000000000
2010  23.036  9.927  3.406 0.0000000000
1599  22.668  9.414  3.227 0.0000000000
2016  22.772  9.776  3.257 0.0000000000
1600  22.394  9.177  3.053 0.0000000000
2017  22.466  9.671  3.056 0.0000000000
1948  24.002  9.572  5.275 0.0000000000
1969  24.009  9.663  4.984 0.0000000000
1480  23.967  9.270  6.034 0.0000000000
1501  24.053  9.310  5.930 0.0000000000
1479  24.625  9.648  6.031 0.0000000000
1500  24.578  9.515  6.076 0.0000000000
1947  24.382  9.738  5.513 0.0000000000
1478  24.934  9.703  6.227 0.0000000000
1946  24.891  9.965  5.800 0.0000000000
1463  23.492  9.267  6.296 0.0000000000
1464  23.086  9.262  6.220 0.0000000000
1462  23.839  9.316  6.665 0.0000000000
1461  24.283  9.435  6.668 0.0000000000
1905  24.498  9.631  6.680 0.0000000000
1926  24.775  9.906  6.432 0.0000000000
1925  24.978  9.886  6.298 0.0000000000
1907  23.299  9.397  6.683 0.0000000000
1908  22.742  9.455  6.482 0.0000000000
1448  23.813  9.040  7.052 0.0000000000
1447  24.181  9.350  7.065 0.0000000000
1906  23.676  9.475  6.954 0.0000000000
1446  24.569  9.455  7.083 0.0000000000
1460  24.737  9.596  6.923 0.0000000000
1904  24.969  9.800  6.872 0.0000000000
1163  22.495  8.738  4.099 0.0000000000
1152  22.226  8.721  4.482 0.0000000000
1136  21.834  8.716  5.131 0.0000000000
1967  24.587  9.964  5.317 0.0000000000
1968  24.130  9.846  4.865 0.0000000000
