#!ascii label  , from subject  vox2ras=TkReg
70
1680  16.928  9.776  14.911 0.0000000000
1673  17.209  9.815  15.134 0.0000000000
1679  17.581  9.766  14.887 0.0000000000
1674  16.764  9.837  15.091 0.0000000000
1681  16.519  9.776  14.781 0.0000000000
1694  17.238  9.593  14.393 0.0000000000
1695  16.745  9.616  14.369 0.0000000000
1675  16.354  9.905  15.014 0.0000000000
1682  16.074  9.967  14.737 0.0000000000
1696  16.269  9.648  14.355 0.0000000000
2114  16.088  10.200  15.049 0.0000000000
2126  15.914  10.024  14.913 0.0000000000
1697  15.871  9.667  14.301 0.0000000000
1683  15.769  9.950  14.646 0.0000000000
2127  15.824  10.055  14.932 0.0000000000
1698  15.450  9.746  14.295 0.0000000000
1684  15.398  9.888  14.774 0.0000000000
1693  17.745  9.568  14.355 0.0000000000
1275  17.423  9.291  14.116 0.0000000000
1276  16.977  9.304  14.071 0.0000000000
1277  16.484  9.316  14.069 0.0000000000
1278  15.990  9.326  14.108 0.0000000000
2113  16.507  9.991  15.225 0.0000000000
2101  15.944  10.475  15.737 0.0000000000
2100  16.515  10.239  15.597 0.0000000000
2115  15.636  10.295  15.232 0.0000000000
2102  15.359  10.529  15.577 0.0000000000
2116  15.113  10.469  15.172 0.0000000000
2128  15.345  10.042  14.823 0.0000000000
2112  16.939  10.071  15.329 0.0000000000
2111  17.485  10.004  15.303 0.0000000000
2099  17.116  10.280  15.849 0.0000000000
1672  17.441  9.815  15.126 0.0000000000
2125  17.800  9.960  15.074 0.0000000000
2098  17.724  10.348  15.703 0.0000000000
2110  17.971  10.171  15.313 0.0000000000
2097  18.277  10.377  15.693 0.0000000000
2109  18.480  10.223  15.311 0.0000000000
2124  18.089  9.967  15.168 0.0000000000
2096  18.605  10.416  15.630 0.0000000000
2507  18.793  10.477  15.483 0.0000000000
2108  18.947  10.306  15.150 0.0000000000
2123  18.567  10.138  14.920 0.0000000000
2094  16.757  10.303  16.063 0.0000000000
2095  16.303  10.342  16.065 0.0000000000
2093  17.160  10.187  15.951 0.0000000000
2485  17.075  10.540  16.234 0.0000000000
2496  17.209  10.429  16.065 0.0000000000
2495  17.425  10.580  16.023 0.0000000000
2494  18.006  10.679  16.035 0.0000000000
2493  18.689  10.695  15.956 0.0000000000
1692  18.152  9.507  14.298 0.0000000000
1274  17.972  9.238  14.025 0.0000000000
1678  18.191  9.806  14.645 0.0000000000
1691  18.559  9.629  14.369 0.0000000000
1273  18.350  9.296  14.101 0.0000000000
1690  19.051  9.757  14.441 0.0000000000
1272  18.855  9.371  14.091 0.0000000000
1677  18.741  9.960  14.714 0.0000000000
1676  19.112  10.004  14.854 0.0000000000
2122  19.076  10.176  14.876 0.0000000000
1290  16.695  8.970  13.972 0.0000000000
1291  16.209  9.111  13.827 0.0000000000
1289  17.064  9.068  13.882 0.0000000000
1288  17.559  8.984  13.940 0.0000000000
1287  18.039  8.972  13.906 0.0000000000
1286  18.601  9.078  13.822 0.0000000000
884  16.861  8.934  13.668 0.0000000000
885  16.506  8.898  13.825 0.0000000000
2506  19.128  10.701  15.464 0.0000000000
