#!ascii label  , from subject  vox2ras=TkReg
148
11098  24.180  18.118  21.263 0.0000000000
11085  24.191  18.223  21.808 0.0000000000
10085  24.295  17.957  21.585 0.0000000000
10098  24.359  17.837  21.135 0.0000000000
11111  24.120  18.050  20.681 0.0000000000
11086  24.051  18.263  21.458 0.0000000000
11099  23.924  18.283  21.033 0.0000000000
12137  23.796  18.516  21.519 0.0000000000
12152  23.725  18.373  21.130 0.0000000000
11112  23.680  18.216  20.559 0.0000000000
11100  23.415  18.331  20.933 0.0000000000
11113  23.054  18.111  20.643 0.0000000000
12153  23.367  18.513  21.172 0.0000000000
11101  22.955  18.346  20.937 0.0000000000
11114  22.688  18.181  20.716 0.0000000000
12154  22.895  18.560  21.174 0.0000000000
11102  22.503  18.376  20.994 0.0000000000
11115  22.207  18.211  20.793 0.0000000000
12155  22.408  18.646  21.228 0.0000000000
11103  21.938  18.528  21.256 0.0000000000
10109  24.420  17.668  20.870 0.0000000000
10123  24.192  17.720  20.368 0.0000000000
11124  24.221  17.908  20.155 0.0000000000
11125  23.739  17.980  20.274 0.0000000000
11126  23.492  18.008  20.305 0.0000000000
10110  23.134  17.968  20.497 0.0000000000
10111  23.086  18.022  20.635 0.0000000000
10125  23.270  17.904  20.220 0.0000000000
10112  22.504  17.925  20.552 0.0000000000
10113  21.984  17.849  20.574 0.0000000000
11116  21.729  18.138  20.928 0.0000000000
10114  21.384  17.791  20.955 0.0000000000
11117  21.520  18.032  21.021 0.0000000000
11104  21.544  18.164  21.216 0.0000000000
10124  23.786  17.764  20.052 0.0000000000
12136  24.061  18.388  21.747 0.0000000000
12126  23.502  18.782  22.000 0.0000000000
12125  24.096  18.596  22.213 0.0000000000
12138  23.305  18.838  21.574 0.0000000000
12127  23.292  18.995  21.913 0.0000000000
13226  23.202  19.042  21.878 0.0000000000
12139  22.818  18.823  21.440 0.0000000000
13227  23.090  19.008  21.779 0.0000000000
12140  22.301  18.864  21.599 0.0000000000
13228  22.382  18.955  21.640 0.0000000000
12156  22.097  18.767  21.427 0.0000000000
13211  23.196  19.017  22.083 0.0000000000
14355  23.155  19.168  21.972 0.0000000000
14356  23.112  19.198  21.900 0.0000000000
14357  22.693  19.080  21.681 0.0000000000
14343  22.995  19.447  21.994 0.0000000000
14344  22.977  18.965  22.162 0.0000000000
14345  22.926  19.373  21.951 0.0000000000
13212  22.918  19.377  22.174 0.0000000000
13210  23.667  18.911  22.315 0.0000000000
13192  23.350  19.427  22.433 0.0000000000
13193  22.791  19.503  22.460 0.0000000000
13209  23.971  18.881  22.617 0.0000000000
13191  23.779  19.140  22.817 0.0000000000
13190  23.954  19.220  22.963 0.0000000000
12112  24.115  18.589  22.843 0.0000000000
13176  23.805  18.778  23.059 0.0000000000
12097  23.995  18.692  23.093 0.0000000000
13177  23.814  19.024  23.224 0.0000000000
12124  24.201  18.056  22.306 0.0000000000
11074  24.287  17.942  22.160 0.0000000000
12111  24.169  18.321  22.700 0.0000000000
11073  24.194  17.915  22.595 0.0000000000
11037  24.065  18.263  23.108 0.0000000000
11059  24.174  18.249  22.778 0.0000000000
11058  24.066  17.896  22.952 0.0000000000
12098  23.803  18.448  23.489 0.0000000000
10068  24.298  17.916  22.094 0.0000000000
10050  24.237  18.000  22.652 0.0000000000
11038  23.812  18.118  23.438 0.0000000000
10031  24.069  17.931  23.192 0.0000000000
10126  22.786  17.829  20.247 0.0000000000
10139  23.419  17.639  19.807 0.0000000000
10140  22.942  17.704  19.912 0.0000000000
10137  24.211  17.498  19.875 0.0000000000
10138  23.802  17.484  19.774 0.0000000000
9079  24.443  17.432  20.661 0.0000000000
9092  24.407  17.172  20.260 0.0000000000
9080  21.680  17.417  20.457 0.0000000000
10128  22.188  17.560  20.189 0.0000000000
10127  22.340  17.696  20.166 0.0000000000
10108  24.642  17.483  21.105 0.0000000000
9078  24.700  17.112  20.906 0.0000000000
10097  24.542  17.629  21.402 0.0000000000
9069  24.723  17.236  21.271 0.0000000000
10084  24.386  17.787  21.807 0.0000000000
9057  24.652  17.388  21.705 0.0000000000
10067  24.429  17.676  21.988 0.0000000000
9047  24.295  17.784  22.381 0.0000000000
9046  24.452  17.427  22.221 0.0000000000
9036  24.255  17.648  22.717 0.0000000000
9026  23.818  17.691  23.525 0.0000000000
9025  24.118  17.419  23.254 0.0000000000
10032  23.803  17.956  23.613 0.0000000000
9091  24.694  17.029  20.503 0.0000000000
8233  24.604  16.844  20.223 0.0000000000
8234  24.413  17.184  20.114 0.0000000000
9103  24.231  17.097  19.880 0.0000000000
8224  24.789  16.730  20.702 0.0000000000
8215  24.800  16.782  21.317 0.0000000000
8205  24.757  16.929  21.896 0.0000000000
9035  24.455  17.210  22.770 0.0000000000
8196  24.787  16.829  22.388 0.0000000000
9024  24.409  17.119  23.258 0.0000000000
8186  24.773  16.785  22.849 0.0000000000
9012  23.930  17.364  23.766 0.0000000000
10021  23.785  17.739  24.004 0.0000000000
9011  24.268  17.079  23.743 0.0000000000
9010  23.842  17.119  23.672 0.0000000000
8153  24.420  16.964  23.481 0.0000000000
8169  24.662  16.908  23.134 0.0000000000
8999  23.920  17.300  24.191 0.0000000000
8998  24.213  16.997  24.336 0.0000000000
8142  24.423  16.474  24.045 0.0000000000
8154  24.407  16.674  23.523 0.0000000000
8243  24.472  16.867  20.017 0.0000000000
8244  24.296  16.817  19.813 0.0000000000
7471  24.830  16.335  20.323 0.0000000000
7485  24.605  16.561  19.924 0.0000000000
7458  24.950  16.282  20.889 0.0000000000
7433  24.868  16.469  21.768 0.0000000000
7445  24.993  16.292  21.380 0.0000000000
7421  24.798  16.659  21.790 0.0000000000
8195  24.975  16.581  22.502 0.0000000000
7420  25.109  16.379  22.249 0.0000000000
8185  24.892  16.648  22.620 0.0000000000
7404  25.052  16.441  22.750 0.0000000000
7387  25.043  16.366  23.024 0.0000000000
7405  24.891  16.509  22.922 0.0000000000
7388  24.970  16.631  23.155 0.0000000000
8170  24.525  16.833  23.347 0.0000000000
7375  25.008  16.235  23.602 0.0000000000
9104  24.011  17.094  19.696 0.0000000000
8245  24.018  16.591  19.651 0.0000000000
9113  23.718  16.849  19.460 0.0000000000
9105  23.545  17.265  19.577 0.0000000000
9114  23.143  17.062  19.340 0.0000000000
9106  22.766  17.276  19.537 0.0000000000
11022  23.788  18.105  23.884 0.0000000000
10141  22.633  17.716  20.014 0.0000000000
9093  21.983  17.280  19.943 0.0000000000
9107  22.494  17.414  19.809 0.0000000000
9094  21.955  17.295  19.978 0.0000000000
