#!ascii label  , from subject  vox2ras=TkReg
63
19846  29.963  21.955  18.007 0.0000000000
18535  30.110  21.582  18.245 0.0000000000
19845  30.352  22.009  18.382 0.0000000000
18545  29.906  21.835  17.826 0.0000000000
19854  29.800  22.004  17.689 0.0000000000
21204  30.249  22.365  18.268 0.0000000000
21205  29.886  22.558  18.009 0.0000000000
18546  29.662  21.428  17.651 0.0000000000
19855  29.607  21.783  17.331 0.0000000000
21219  29.555  22.425  17.577 0.0000000000
19861  29.561  22.109  17.336 0.0000000000
19862  29.239  21.911  17.031 0.0000000000
21232  29.297  22.303  17.297 0.0000000000
21191  30.552  22.443  18.616 0.0000000000
21192  30.271  22.711  18.329 0.0000000000
22638  29.866  23.042  18.495 0.0000000000
22652  29.507  22.913  18.146 0.0000000000
21206  29.454  22.753  17.803 0.0000000000
21220  29.101  22.626  17.557 0.0000000000
22653  29.013  22.874  18.050 0.0000000000
22662  28.697  22.760  17.808 0.0000000000
21233  28.992  22.264  17.146 0.0000000000
21221  28.605  22.539  17.569 0.0000000000
21234  28.411  22.255  17.231 0.0000000000
22663  28.308  22.749  17.879 0.0000000000
21222  28.040  22.568  17.727 0.0000000000
19863  28.752  22.002  16.901 0.0000000000
22637  30.509  23.090  18.700 0.0000000000
22623  30.200  23.177  18.920 0.0000000000
24071  29.713  23.295  18.983 0.0000000000
24079  29.444  23.258  18.744 0.0000000000
22639  29.199  23.150  18.546 0.0000000000
22640  28.606  23.006  18.514 0.0000000000
22654  28.433  22.858  18.110 0.0000000000
22641  28.058  22.931  18.494 0.0000000000
22655  28.007  22.833  18.157 0.0000000000
22664  28.050  22.824  18.008 0.0000000000
22636  30.744  22.846  18.908 0.0000000000
22622  30.554  23.004  18.992 0.0000000000
21190  30.854  22.568  19.038 0.0000000000
22621  30.798  22.914  18.999 0.0000000000
19838  30.461  21.933  18.805 0.0000000000
21180  30.808  22.218  19.136 0.0000000000
21179  30.814  22.335  19.323 0.0000000000
19830  30.517  21.744  19.268 0.0000000000
18534  30.326  21.632  18.606 0.0000000000
18526  30.325  21.482  18.954 0.0000000000
18518  30.303  21.351  19.114 0.0000000000
19831  30.271  21.384  19.274 0.0000000000
19817  30.626  21.748  19.813 0.0000000000
19829  30.787  22.020  19.612 0.0000000000
19818  30.269  21.406  19.688 0.0000000000
18536  29.754  21.295  18.152 0.0000000000
17181  29.379  20.928  17.965 0.0000000000
17172  29.534  20.966  18.575 0.0000000000
18528  29.885  21.224  18.489 0.0000000000
18527  30.081  21.276  18.759 0.0000000000
17171  29.799  20.959  18.940 0.0000000000
17156  29.784  20.991  19.053 0.0000000000
18519  30.054  21.219  19.281 0.0000000000
17137  29.702  20.873  19.782 0.0000000000
18506  29.966  21.148  19.828 0.0000000000
17157  29.404  20.757  19.181 0.0000000000
