#!ascii label  , from subject  vox2ras=TkReg
182
15540  27.295  19.933  25.861 0.0000000000
15518  27.079  19.929  26.083 0.0000000000
14218  27.386  19.773  26.394 0.0000000000
14230  27.618  19.859  25.993 0.0000000000
15539  27.839  20.070  25.870 0.0000000000
15541  27.156  20.061  26.042 0.0000000000
15565  27.411  20.190  25.396 0.0000000000
15566  26.831  20.041  25.509 0.0000000000
14231  26.638  19.845  25.871 0.0000000000
15542  26.766  19.943  25.884 0.0000000000
14242  26.598  19.834  25.713 0.0000000000
15519  26.792  19.815  26.132 0.0000000000
14232  26.316  19.673  25.810 0.0000000000
15520  26.561  19.775  26.070 0.0000000000
15564  27.935  20.202  25.364 0.0000000000
15591  27.632  20.221  24.988 0.0000000000
16971  26.966  20.233  25.051 0.0000000000
16970  27.337  20.231  25.025 0.0000000000
14243  26.304  19.823  25.366 0.0000000000
15567  26.392  20.077  25.119 0.0000000000
14244  25.991  19.783  24.994 0.0000000000
15568  26.169  20.006  24.999 0.0000000000
16972  26.619  20.209  24.891 0.0000000000
15592  26.190  20.077  25.026 0.0000000000
15593  26.050  19.956  24.681 0.0000000000
15590  28.031  20.222  24.943 0.0000000000
16989  27.288  20.281  24.639 0.0000000000
16988  27.738  20.247  24.542 0.0000000000
16991  26.546  20.232  24.643 0.0000000000
15613  26.279  20.138  24.425 0.0000000000
14258  25.797  19.514  24.514 0.0000000000
15614  26.037  19.912  24.198 0.0000000000
17009  26.734  20.347  24.032 0.0000000000
15629  26.238  20.059  23.880 0.0000000000
14273  25.888  19.646  24.025 0.0000000000
15630  26.055  20.165  24.093 0.0000000000
14290  26.203  19.527  23.568 0.0000000000
14291  26.064  19.699  23.835 0.0000000000
15639  26.407  20.111  23.275 0.0000000000
17027  26.685  20.303  23.773 0.0000000000
16990  27.072  20.366  24.546 0.0000000000
16987  28.109  20.238  24.487 0.0000000000
17006  27.886  20.272  24.101 0.0000000000
17007  27.432  20.309  24.123 0.0000000000
17008  27.073  20.401  23.988 0.0000000000
17026  27.122  20.371  23.745 0.0000000000
17041  26.888  20.376  23.432 0.0000000000
15589  28.530  20.251  24.767 0.0000000000
17005  28.417  20.265  24.185 0.0000000000
15563  28.379  20.242  25.260 0.0000000000
15538  28.292  20.220  25.712 0.0000000000
15537  28.694  20.392  25.571 0.0000000000
15562  28.717  20.370  25.175 0.0000000000
14229  27.800  19.957  26.198 0.0000000000
15517  27.873  19.982  26.394 0.0000000000
15516  28.171  20.116  26.094 0.0000000000
15515  28.651  20.374  26.009 0.0000000000
14220  26.431  19.556  26.398 0.0000000000
14219  26.852  19.671  26.549 0.0000000000
14217  27.845  19.935  26.633 0.0000000000
15506  27.943  19.960  26.925 0.0000000000
15505  28.374  20.224  26.721 0.0000000000
15504  28.619  20.329  26.404 0.0000000000
16931  28.959  20.802  26.323 0.0000000000
16951  28.831  20.719  25.926 0.0000000000
14204  27.886  19.922  26.904 0.0000000000
15507  27.952  19.905  27.067 0.0000000000
15495  27.971  19.897  27.294 0.0000000000
15494  28.358  19.983  27.119 0.0000000000
16911  28.763  20.494  26.859 0.0000000000
16910  28.760  20.486  26.711 0.0000000000
14192  27.872  19.778  27.663 0.0000000000
15483  28.149  19.955  27.717 0.0000000000
14193  27.512  19.655  27.453 0.0000000000
15496  27.777  19.817  27.156 0.0000000000
15482  28.307  20.268  27.924 0.0000000000
16891  28.446  20.556  27.549 0.0000000000
14179  27.949  19.786  28.008 0.0000000000
15468  28.165  19.983  28.121 0.0000000000
13162  25.939  19.281  23.846 0.0000000000
13161  26.090  18.834  23.637 0.0000000000
13175  26.284  18.891  23.138 0.0000000000
14305  26.318  19.364  22.885 0.0000000000
13148  25.770  19.082  24.190 0.0000000000
13138  25.716  18.990  24.515 0.0000000000
13128  25.755  19.017  24.961 0.0000000000
13120  25.768  19.359  25.413 0.0000000000
14233  26.000  19.819  25.008 0.0000000000
13119  25.773  19.531  25.495 0.0000000000
13105  26.012  19.227  26.079 0.0000000000
13093  26.295  18.996  26.922 0.0000000000
14207  26.535  19.217  26.978 0.0000000000
14206  26.904  19.480  26.961 0.0000000000
14205  27.552  19.754  26.970 0.0000000000
13092  26.613  19.242  27.058 0.0000000000
13081  26.711  19.213  27.349 0.0000000000
14194  27.061  19.494  27.200 0.0000000000
13080  27.055  19.294  27.572 0.0000000000
13066  27.218  19.291  28.052 0.0000000000
14180  27.624  19.427  28.065 0.0000000000
14170  27.623  19.583  28.083 0.0000000000
12082  25.900  18.679  23.934 0.0000000000
12081  26.175  18.788  23.622 0.0000000000
12067  25.802  18.589  24.348 0.0000000000
12068  25.730  19.092  23.996 0.0000000000
13149  25.653  19.028  24.253 0.0000000000
12056  25.776  18.533  24.722 0.0000000000
12057  25.748  18.796  24.443 0.0000000000
13139  25.603  18.947  24.388 0.0000000000
12043  25.795  18.172  25.187 0.0000000000
12044  25.693  18.611  25.349 0.0000000000
13129  25.707  19.034  25.299 0.0000000000
13106  25.780  19.131  25.906 0.0000000000
13121  25.695  19.066  25.613 0.0000000000
12016  25.803  19.065  26.000 0.0000000000
12015  25.877  19.023  26.164 0.0000000000
13107  25.665  19.063  25.994 0.0000000000
12005  25.981  18.697  26.574 0.0000000000
11997  26.253  18.595  27.103 0.0000000000
13082  26.371  18.941  27.349 0.0000000000
11989  26.299  18.652  27.614 0.0000000000
13068  26.571  19.008  27.779 0.0000000000
13067  26.913  19.181  27.875 0.0000000000
11981  26.500  18.757  28.160 0.0000000000
13056  26.800  19.024  28.074 0.0000000000
13055  27.062  19.128  28.135 0.0000000000
13054  27.481  19.284  28.363 0.0000000000
11980  26.949  18.899  28.285 0.0000000000
11979  27.166  19.034  28.303 0.0000000000
11021  26.059  18.309  24.057 0.0000000000
11009  26.023  18.288  24.315 0.0000000000
11020  26.230  18.255  23.753 0.0000000000
11000  26.096  17.867  24.824 0.0000000000
10989  25.791  18.047  25.098 0.0000000000
10990  25.728  18.213  25.441 0.0000000000
10982  25.671  18.409  25.721 0.0000000000
12030  25.648  18.816  25.775 0.0000000000
10976  25.647  18.691  25.983 0.0000000000
12017  25.652  18.997  26.014 0.0000000000
10975  25.707  18.272  26.134 0.0000000000
12006  25.772  18.500  26.450 0.0000000000
10966  25.775  18.084  26.879 0.0000000000
10965  26.014  18.272  27.020 0.0000000000
10955  26.059  18.280  27.422 0.0000000000
10945  26.107  18.319  27.924 0.0000000000
11008  26.219  18.070  24.224 0.0000000000
10999  26.174  18.007  24.597 0.0000000000
9998  25.974  17.603  24.894 0.0000000000
9997  26.266  17.654  24.490 0.0000000000
10981  25.743  17.974  25.629 0.0000000000
9989  25.745  17.558  25.438 0.0000000000
9980  25.685  17.752  25.920 0.0000000000
9968  25.752  18.148  26.183 0.0000000000
9956  25.701  18.017  26.810 0.0000000000
10967  25.658  17.975  26.891 0.0000000000
10956  25.753  18.087  27.193 0.0000000000
10957  25.689  18.098  26.823 0.0000000000
9948  25.503  17.887  27.173 0.0000000000
9957  25.556  17.689  26.719 0.0000000000
9947  25.779  17.885  27.286 0.0000000000
10946  25.793  18.039  27.734 0.0000000000
9939  25.535  17.391  28.084 0.0000000000
9930  25.690  17.890  28.014 0.0000000000
10935  25.869  18.121  28.193 0.0000000000
10934  26.195  18.371  28.344 0.0000000000
8987  26.075  17.271  25.017 0.0000000000
8974  25.904  17.190  25.242 0.0000000000
8986  26.199  17.218  24.771 0.0000000000
9990  25.669  17.202  25.532 0.0000000000
9981  25.590  17.329  25.815 0.0000000000
8963  25.502  16.987  25.735 0.0000000000
8955  25.325  16.957  25.840 0.0000000000
9969  25.537  17.608  25.948 0.0000000000
8950  25.322  17.142  26.563 0.0000000000
8946  25.248  17.102  27.118 0.0000000000
8945  25.523  17.031  27.221 0.0000000000
8940  25.260  17.085  27.675 0.0000000000
8973  26.118  17.106  25.080 0.0000000000
8105  25.129  16.850  26.878 0.0000000000
8109  25.128  16.810  26.444 0.0000000000
8975  25.669  16.995  25.449 0.0000000000
18352  28.899  20.933  26.746 0.0000000000
