#!ascii label  , from subject  vox2ras=TkReg
101
148  15.052  6.517  6.798 0.0000000000
143  14.916  6.754  7.072 0.0000000000
142  15.217  6.497  7.309 0.0000000000
147  15.120  6.143  6.926 0.0000000000
295  14.698  7.003  6.732 0.0000000000
151  14.951  6.045  6.720 0.0000000000
152  14.758  6.531  6.259 0.0000000000
55  15.005  5.903  6.705 0.0000000000
59  14.842  5.939  6.550 0.0000000000
60  14.773  6.014  6.300 0.0000000000
65  14.902  6.010  5.703 0.0000000000
156  14.499  6.502  5.865 0.0000000000
299  14.387  7.010  6.216 0.0000000000
153  14.369  6.778  6.014 0.0000000000
157  14.155  6.709  5.706 0.0000000000
300  14.145  7.079  5.868 0.0000000000
66  14.432  6.367  5.647 0.0000000000
71  14.252  6.321  5.291 0.0000000000
161  14.104  6.545  5.413 0.0000000000
306  14.057  7.092  5.813 0.0000000000
162  13.932  6.636  5.376 0.0000000000
158  13.971  6.821  5.627 0.0000000000
307  14.022  7.025  5.770 0.0000000000
313  13.893  6.771  5.669 0.0000000000
72  13.777  6.306  5.108 0.0000000000
163  13.483  6.596  5.163 0.0000000000
314  13.613  6.766  5.286 0.0000000000
73  13.253  6.141  4.808 0.0000000000
167  13.046  6.602  4.929 0.0000000000
320  13.215  7.055  4.959 0.0000000000
292  14.897  7.131  7.349 0.0000000000
515  14.541  7.571  7.000 0.0000000000
519  14.476  7.541  6.351 0.0000000000
305  14.204  7.020  6.002 0.0000000000
524  14.292  7.258  6.012 0.0000000000
525  14.146  7.624  5.808 0.0000000000
312  13.940  7.307  5.513 0.0000000000
531  13.894  7.719  5.269 0.0000000000
319  13.669  7.311  5.063 0.0000000000
318  13.986  7.595  5.080 0.0000000000
535  14.030  7.918  5.214 0.0000000000
536  13.802  7.854  5.025 0.0000000000
512  14.548  7.590  7.484 0.0000000000
513  14.217  7.907  7.228 0.0000000000
516  14.093  8.018  6.907 0.0000000000
737  14.015  8.031  7.089 0.0000000000
747  14.012  7.901  6.781 0.0000000000
520  14.035  8.059  6.358 0.0000000000
517  13.803  7.955  6.469 0.0000000000
748  13.650  8.239  6.832 0.0000000000
521  13.712  8.052  6.104 0.0000000000
755  13.482  8.212  6.279 0.0000000000
526  13.860  7.925  5.897 0.0000000000
532  13.814  8.172  5.285 0.0000000000
725  13.877  7.831  7.537 0.0000000000
738  13.802  8.188  7.251 0.0000000000
506  14.217  7.724  7.738 0.0000000000
505  14.452  7.525  7.673 0.0000000000
287  14.596  7.306  7.799 0.0000000000
291  15.090  6.932  7.614 0.0000000000
286  14.906  7.037  7.723 0.0000000000
136  14.977  6.826  7.849 0.0000000000
50  15.236  6.011  7.051 0.0000000000
141  15.480  6.242  7.425 0.0000000000
49  15.669  6.088  7.256 0.0000000000
135  15.567  6.467  7.749 0.0000000000
130  15.271  6.826  8.358 0.0000000000
131  14.860  6.937  8.176 0.0000000000
137  14.788  6.974  7.769 0.0000000000
134  16.022  6.387  7.970 0.0000000000
44  15.998  6.262  7.660 0.0000000000
129  15.744  6.588  8.241 0.0000000000
79  13.468  6.236  4.772 0.0000000000
78  14.069  6.056  4.724 0.0000000000
70  14.721  6.140  5.099 0.0000000000
77  14.180  6.155  4.852 0.0000000000
69  14.997  6.049  5.368 0.0000000000
76  14.653  6.077  4.942 0.0000000000
9  14.967  5.836  6.043 0.0000000000
13  14.980  5.914  5.829 0.0000000000
12  15.153  5.915  5.713 0.0000000000
64  15.206  5.902  5.623 0.0000000000
56  14.888  5.868  6.400 0.0000000000
5  14.820  5.767  6.180 0.0000000000
1  15.196  5.893  6.849 0.0000000000
4  15.271  5.794  6.578 0.0000000000
0  15.448  5.794  6.918 0.0000000000
54  15.966  5.924  7.063 0.0000000000
48  16.259  6.199  7.292 0.0000000000
53  16.060  6.001  6.769 0.0000000000
43  16.417  6.255  7.823 0.0000000000
8  15.399  5.801  6.080 0.0000000000
11  15.691  5.913  5.616 0.0000000000
15  15.330  5.913  5.496 0.0000000000
3  15.719  5.790  6.523 0.0000000000
7  15.928  5.792  6.044 0.0000000000
2  16.079  5.836  6.350 0.0000000000
6  16.138  5.865  6.134 0.0000000000
10  16.102  5.900  5.923 0.0000000000
58  16.311  6.024  6.257 0.0000000000
52  16.606  6.243  6.768 0.0000000000
