#!ascii label  , from subject  vox2ras=TkReg
208
16867  22.842  20.874  28.072 0.0000000000
16854  22.677  20.874  28.617 0.0000000000
16853  23.068  20.650  28.417 0.0000000000
16866  23.168  20.653  28.065 0.0000000000
18295  22.558  21.144  28.107 0.0000000000
16880  22.935  21.219  27.828 0.0000000000
18315  22.657  21.030  27.696 0.0000000000
16879  23.067  20.784  27.654 0.0000000000
16895  22.756  20.890  27.282 0.0000000000
16894  23.104  20.713  27.138 0.0000000000
18337  22.523  21.009  27.350 0.0000000000
16914  22.878  20.790  26.746 0.0000000000
16915  22.443  20.862  26.761 0.0000000000
16896  22.280  20.975  27.143 0.0000000000
16897  21.988  21.051  27.262 0.0000000000
16881  22.132  20.963  27.454 0.0000000000
18338  22.342  21.028  27.447 0.0000000000
16916  21.927  21.012  26.794 0.0000000000
16882  22.036  21.135  27.653 0.0000000000
18317  21.812  21.146  27.672 0.0000000000
18339  21.698  21.112  27.134 0.0000000000
16913  23.295  20.539  26.754 0.0000000000
16933  23.055  20.711  26.358 0.0000000000
16934  22.671  20.817  26.344 0.0000000000
16935  22.223  20.855  26.311 0.0000000000
18358  21.626  21.047  26.911 0.0000000000
16936  21.710  20.822  26.265 0.0000000000
16917  21.406  20.898  26.781 0.0000000000
16918  20.914  20.672  26.802 0.0000000000
16898  21.140  20.868  27.022 0.0000000000
18340  21.328  21.073  27.274 0.0000000000
18359  21.502  21.045  27.007 0.0000000000
16937  21.134  20.570  26.269 0.0000000000
15509  20.627  20.314  26.742 0.0000000000
15498  20.580  20.439  27.126 0.0000000000
16899  20.891  20.850  27.290 0.0000000000
16938  20.830  20.455  26.518 0.0000000000
16932  23.401  20.350  26.393 0.0000000000
16952  23.216  20.531  26.082 0.0000000000
16953  22.960  20.719  25.976 0.0000000000
16954  22.531  20.821  25.914 0.0000000000
16955  22.060  20.816  25.797 0.0000000000
16956  21.565  20.559  25.708 0.0000000000
15522  21.006  20.301  25.996 0.0000000000
15523  20.726  20.219  26.308 0.0000000000
16957  21.183  20.397  25.920 0.0000000000
15543  23.510  20.189  25.937 0.0000000000
15544  23.225  20.482  25.874 0.0000000000
15570  23.217  20.413  25.484 0.0000000000
16973  22.813  20.728  25.588 0.0000000000
16974  22.415  20.756  25.429 0.0000000000
16975  21.977  20.637  25.301 0.0000000000
15545  21.564  20.393  25.328 0.0000000000
15546  21.217  20.220  25.597 0.0000000000
16976  21.771  20.492  25.313 0.0000000000
15571  22.751  20.499  25.218 0.0000000000
15572  22.289  20.455  25.086 0.0000000000
15573  21.855  20.396  25.007 0.0000000000
18279  22.421  21.179  28.389 0.0000000000
18296  22.163  21.241  28.124 0.0000000000
18316  22.247  21.153  27.741 0.0000000000
18280  22.135  21.192  28.626 0.0000000000
18297  21.733  21.269  28.214 0.0000000000
18281  21.642  21.244  28.689 0.0000000000
18298  21.292  21.252  28.348 0.0000000000
18318  21.337  21.229  27.846 0.0000000000
18282  21.218  21.219  28.855 0.0000000000
18299  20.896  21.201  28.513 0.0000000000
18319  20.934  21.159  28.032 0.0000000000
18283  20.807  21.137  29.020 0.0000000000
18300  20.512  21.069  28.645 0.0000000000
18320  20.648  21.070  28.279 0.0000000000
18341  21.018  21.077  27.636 0.0000000000
16883  20.827  20.989  27.720 0.0000000000
16884  20.572  20.909  27.966 0.0000000000
18266  21.110  20.919  29.357 0.0000000000
18265  21.582  21.135  29.222 0.0000000000
18264  21.876  21.197  28.915 0.0000000000
16836  22.090  20.994  29.131 0.0000000000
16855  22.319  20.966  28.852 0.0000000000
18252  21.487  21.074  29.472 0.0000000000
16819  21.548  20.887  29.658 0.0000000000
16837  21.825  20.935  29.360 0.0000000000
18253  21.353  20.968  29.486 0.0000000000
16820  21.043  20.759  29.799 0.0000000000
16912  23.615  20.109  26.851 0.0000000000
15521  23.671  20.014  26.471 0.0000000000
16893  23.595  20.111  27.016 0.0000000000
15497  23.697  19.943  27.178 0.0000000000
15508  23.826  20.186  27.052 0.0000000000
16900  20.482  20.705  27.527 0.0000000000
16878  23.324  20.504  27.593 0.0000000000
15484  23.603  19.806  27.627 0.0000000000
16865  23.281  20.520  27.878 0.0000000000
15469  23.280  19.956  27.873 0.0000000000
15458  23.262  20.206  28.421 0.0000000000
15470  23.310  20.115  28.008 0.0000000000
16835  22.505  20.723  29.120 0.0000000000
15448  22.761  20.310  29.016 0.0000000000
15459  23.003  20.294  28.735 0.0000000000
16818  21.918  21.012  29.493 0.0000000000
16817  22.342  20.682  29.456 0.0000000000
15437  22.613  20.302  29.589 0.0000000000
16798  21.760  20.577  30.151 0.0000000000
16799  21.184  20.668  30.210 0.0000000000
16797  22.122  20.481  30.012 0.0000000000
15438  22.309  20.495  29.768 0.0000000000
16781  21.759  20.327  30.426 0.0000000000
15421  21.993  20.281  30.318 0.0000000000
16782  21.345  20.395  30.673 0.0000000000
15420  22.296  20.217  30.079 0.0000000000
15404  21.755  20.155  30.661 0.0000000000
15574  21.373  20.263  25.067 0.0000000000
15597  22.141  20.375  24.653 0.0000000000
15598  21.600  20.148  24.630 0.0000000000
15596  22.652  20.356  24.797 0.0000000000
15595  23.099  20.296  24.896 0.0000000000
15569  23.595  20.024  25.453 0.0000000000
15594  23.511  20.028  24.948 0.0000000000
14234  23.749  19.644  25.724 0.0000000000
14245  23.731  19.833  24.984 0.0000000000
14222  23.687  19.880  25.894 0.0000000000
14209  23.772  19.742  26.583 0.0000000000
14196  23.770  19.697  26.962 0.0000000000
14182  23.751  19.548  27.432 0.0000000000
14183  23.428  19.764  27.850 0.0000000000
15485  23.326  20.060  27.962 0.0000000000
14172  23.471  19.577  28.283 0.0000000000
14162  22.897  19.945  28.944 0.0000000000
14161  23.210  19.793  28.813 0.0000000000
14152  22.821  19.936  29.280 0.0000000000
15419  22.588  19.831  30.091 0.0000000000
14143  22.801  19.824  29.727 0.0000000000
15403  22.118  19.959  30.554 0.0000000000
15402  22.405  19.938  30.232 0.0000000000
14133  22.896  19.699  29.892 0.0000000000
15387  21.689  19.939  30.931 0.0000000000
15386  21.982  20.163  30.696 0.0000000000
15405  21.447  20.187  30.909 0.0000000000
14111  21.901  19.598  31.025 0.0000000000
14124  22.159  19.617  30.753 0.0000000000
14123  22.494  19.528  30.499 0.0000000000
13122  23.793  19.087  25.516 0.0000000000
13130  23.852  19.061  24.809 0.0000000000
14259  23.754  19.634  24.796 0.0000000000
13109  23.780  18.965  26.077 0.0000000000
14221  23.802  19.431  26.330 0.0000000000
13108  23.778  19.039  26.246 0.0000000000
14208  23.810  19.408  26.690 0.0000000000
13094  23.752  19.101  26.342 0.0000000000
14195  23.854  19.249  27.222 0.0000000000
13083  23.763  19.135  27.100 0.0000000000
14181  23.810  19.013  27.113 0.0000000000
13071  23.601  19.360  27.846 0.0000000000
13070  23.760  18.920  27.625 0.0000000000
13069  23.770  18.902  27.165 0.0000000000
14171  23.713  19.176  28.393 0.0000000000
13058  23.731  19.123  28.094 0.0000000000
14160  23.596  19.262  28.761 0.0000000000
13057  23.759  18.871  28.389 0.0000000000
14151  23.036  19.732  29.109 0.0000000000
13045  23.290  19.510  29.051 0.0000000000
13044  23.679  18.987  29.005 0.0000000000
14142  23.081  19.638  29.522 0.0000000000
13035  23.312  19.374  29.320 0.0000000000
14132  23.018  19.394  29.943 0.0000000000
13025  23.250  19.253  29.733 0.0000000000
13017  23.018  19.284  30.092 0.0000000000
13016  23.170  19.051  30.099 0.0000000000
14110  22.189  19.408  30.844 0.0000000000
12995  22.436  19.140  30.843 0.0000000000
13007  22.865  19.123  30.411 0.0000000000
12045  23.796  18.664  25.300 0.0000000000
12058  23.800  18.552  24.996 0.0000000000
13140  23.737  19.133  24.806 0.0000000000
12031  23.797  18.390  25.875 0.0000000000
13095  23.760  18.762  26.654 0.0000000000
12007  23.760  18.394  26.470 0.0000000000
12018  23.777  18.227  25.863 0.0000000000
13084  23.760  18.724  27.122 0.0000000000
11998  23.756  18.381  26.927 0.0000000000
11990  23.757  18.406  27.432 0.0000000000
11982  23.764  18.426  28.056 0.0000000000
11973  23.775  18.388  28.732 0.0000000000
13034  23.540  18.981  29.541 0.0000000000
11964  23.727  18.505  29.322 0.0000000000
13024  23.337  18.870  30.173 0.0000000000
11957  23.617  18.617  29.830 0.0000000000
13015  23.280  18.929  30.044 0.0000000000
13006  23.045  18.974  30.360 0.0000000000
11950  23.217  18.852  30.294 0.0000000000
11949  23.565  18.579  30.279 0.0000000000
12994  22.900  18.889  30.680 0.0000000000
11940  23.211  18.740  30.562 0.0000000000
10991  23.785  18.136  25.287 0.0000000000
14275  23.712  19.505  24.536 0.0000000000
15615  23.339  19.988  24.478 0.0000000000
15616  22.992  20.276  24.430 0.0000000000
15617  22.500  20.339  24.309 0.0000000000
15618  21.996  20.155  24.217 0.0000000000
14293  23.575  19.571  23.864 0.0000000000
15631  23.190  20.075  24.084 0.0000000000
15632  22.827  20.223  23.975 0.0000000000
15633  22.360  20.178  23.951 0.0000000000
14294  23.020  19.967  23.768 0.0000000000
14295  22.661  20.010  23.729 0.0000000000
14296  22.217  19.908  23.725 0.0000000000
15634  22.129  19.974  24.048 0.0000000000
