#!ascii label  , from subject  vox2ras=TkReg
44
30195  31.058  25.006  21.888 0.0000000000
28630  31.065  24.615  22.095 0.0000000000
28615  31.037  24.595  22.575 0.0000000000
30181  30.839  25.185  22.709 0.0000000000
28644  30.993  24.850  21.592 0.0000000000
30209  30.702  25.360  21.635 0.0000000000
31825  30.820  25.514  22.360 0.0000000000
31842  30.837  25.623  22.053 0.0000000000
28645  30.646  25.122  21.304 0.0000000000
30210  30.188  25.423  21.323 0.0000000000
31843  30.415  25.779  21.682 0.0000000000
28656  30.363  24.954  20.963 0.0000000000
30221  29.948  25.150  20.983 0.0000000000
30222  29.726  25.308  21.111 0.0000000000
30211  29.696  25.662  21.330 0.0000000000
31844  29.942  25.879  21.479 0.0000000000
28657  29.819  25.036  20.895 0.0000000000
31808  30.798  25.465  22.576 0.0000000000
31809  30.660  25.656  22.631 0.0000000000
31826  30.570  25.881  22.125 0.0000000000
31810  30.337  26.205  22.368 0.0000000000
31827  30.067  26.176  21.860 0.0000000000
33494  29.915  26.489  22.136 0.0000000000
33513  29.605  26.414  21.933 0.0000000000
31828  29.430  26.107  21.644 0.0000000000
31845  29.686  26.145  21.410 0.0000000000
30182  30.662  25.402  22.869 0.0000000000
31792  30.606  25.565  22.970 0.0000000000
31793  30.420  25.875  23.065 0.0000000000
30168  30.593  25.227  23.160 0.0000000000
28597  30.924  24.635  22.971 0.0000000000
30167  30.806  24.949  23.020 0.0000000000
27072  30.826  24.662  20.805 0.0000000000
28655  30.874  24.864  21.116 0.0000000000
27082  30.456  24.537  20.502 0.0000000000
28664  30.005  24.774  20.677 0.0000000000
27071  31.040  24.285  21.207 0.0000000000
27062  31.089  24.260  21.840 0.0000000000
27052  31.090  24.205  22.332 0.0000000000
27040  31.057  24.145  22.708 0.0000000000
27026  30.997  24.212  22.974 0.0000000000
25520  31.110  23.774  21.680 0.0000000000
25511  31.110  23.792  22.137 0.0000000000
25496  31.085  23.826  22.569 0.0000000000
