#!ascii label  , from subject  vox2ras=TkReg
24
8710  -11.460  16.996  22.451 0.0000000000
7955  -11.725  16.617  22.320 0.0000000000
7936  -11.897  16.874  22.706 0.0000000000
8691  -11.648  17.217  22.926 0.0000000000
8709  -11.013  17.013  22.286 0.0000000000
7954  -11.151  16.640  22.028 0.0000000000
8690  -11.149  17.309  22.704 0.0000000000
8708  -10.540  16.939  22.127 0.0000000000
7953  -10.605  16.826  22.056 0.0000000000
8689  -10.688  17.387  22.674 0.0000000000
9558  -10.874  17.669  22.974 0.0000000000
9559  -11.163  17.534  22.980 0.0000000000
8688  -10.254  17.536  22.556 0.0000000000
9557  -10.413  17.762  22.959 0.0000000000
7263  -11.592  16.284  22.016 0.0000000000
7264  -12.089  16.316  22.168 0.0000000000
7956  -12.226  16.621  22.533 0.0000000000
7262  -11.209  16.265  21.811 0.0000000000
7971  -10.825  16.368  21.344 0.0000000000
7970  -10.778  16.885  21.762 0.0000000000
7937  -12.349  16.775  22.924 0.0000000000
8692  -12.035  17.039  22.965 0.0000000000
7277  -11.579  16.191  21.628 0.0000000000
7278  -12.226  16.062  21.923 0.0000000000
