#!ascii label  , from subject  vox2ras=TkReg
48
4834  -26.815  14.113  13.893 0.0000000000
4824  -26.852  14.058  13.994 0.0000000000
4823  -26.576  13.820  14.385 0.0000000000
4833  -26.492  13.828  14.080 0.0000000000
5288  -26.909  14.035  13.777 0.0000000000
4844  -26.704  13.583  13.410 0.0000000000
5302  -26.841  13.827  13.381 0.0000000000
4843  -26.277  13.599  13.912 0.0000000000
4439  -26.271  13.148  13.563 0.0000000000
4440  -26.657  13.151  13.169 0.0000000000
4855  -26.842  13.404  12.877 0.0000000000
5317  -27.077  13.805  12.972 0.0000000000
5271  -27.035  14.246  14.207 0.0000000000
5289  -27.299  14.446  13.699 0.0000000000
5303  -27.263  14.199  13.231 0.0000000000
5272  -27.437  14.695  14.100 0.0000000000
5765  -27.848  14.953  13.759 0.0000000000
5778  -27.525  14.580  13.320 0.0000000000
5318  -27.347  14.099  12.769 0.0000000000
5793  -27.590  14.560  12.787 0.0000000000
5751  -27.960  14.899  14.152 0.0000000000
5766  -27.999  14.812  13.819 0.0000000000
5779  -27.880  15.049  13.216 0.0000000000
5752  -28.200  15.039  13.996 0.0000000000
5767  -28.189  14.950  13.988 0.0000000000
6281  -28.144  15.322  13.462 0.0000000000
6280  -27.981  14.848  13.415 0.0000000000
6294  -27.947  15.165  13.093 0.0000000000
5794  -27.777  14.981  12.926 0.0000000000
6295  -28.244  15.003  13.022 0.0000000000
5254  -27.260  14.557  14.546 0.0000000000
5738  -27.515  14.952  14.442 0.0000000000
5270  -26.803  14.119  14.534 0.0000000000
5253  -26.987  14.251  14.702 0.0000000000
5252  -26.707  14.059  14.811 0.0000000000
4428  -26.118  13.401  14.148 0.0000000000
4417  -26.375  13.556  14.131 0.0000000000
4822  -26.305  13.512  14.633 0.0000000000
4416  -26.224  13.329  14.344 0.0000000000
4810  -26.380  13.697  14.969 0.0000000000
4809  -26.338  13.598  14.785 0.0000000000
4407  -26.141  13.253  14.856 0.0000000000
4438  -26.135  13.108  13.951 0.0000000000
4028  -26.186  12.862  13.594 0.0000000000
4029  -26.345  12.681  13.203 0.0000000000
4427  -26.030  13.123  14.080 0.0000000000
4020  -26.042  12.611  13.766 0.0000000000
4009  -25.896  12.872  14.386 0.0000000000
