#!ascii label  , from subject  vox2ras=TkReg
143
15123  -21.736  19.960  24.108 0.0000000000
13886  -21.969  19.760  23.996 0.0000000000
13868  -21.966  19.974  24.305 0.0000000000
15109  -21.782  20.155  24.405 0.0000000000
15122  -21.425  20.098  24.045 0.0000000000
13885  -21.542  19.854  23.766 0.0000000000
13869  -22.275  19.840  24.487 0.0000000000
13887  -22.396  19.601  24.021 0.0000000000
13903  -21.778  19.579  23.344 0.0000000000
13904  -22.234  19.523  23.611 0.0000000000
13884  -21.012  19.923  23.849 0.0000000000
13902  -21.301  19.669  23.371 0.0000000000
13883  -20.531  19.814  23.888 0.0000000000
13901  -20.829  19.533  23.321 0.0000000000
15121  -21.021  20.100  24.070 0.0000000000
13854  -22.654  19.511  24.854 0.0000000000
13853  -22.327  19.874  25.005 0.0000000000
13870  -22.642  19.414  24.382 0.0000000000
15094  -22.078  20.138  24.742 0.0000000000
15110  -22.058  20.083  24.478 0.0000000000
12751  -22.762  19.073  24.118 0.0000000000
12739  -22.732  19.080  24.736 0.0000000000
13888  -22.647  19.257  23.940 0.0000000000
13905  -22.471  19.388  23.758 0.0000000000
12763  -22.764  19.013  23.882 0.0000000000
12779  -22.621  19.116  23.457 0.0000000000
13900  -20.388  19.437  23.531 0.0000000000
12776  -20.557  19.099  23.270 0.0000000000
12789  -20.842  19.194  22.985 0.0000000000
13914  -20.988  19.376  23.005 0.0000000000
13915  -21.201  19.449  23.038 0.0000000000
13916  -21.474  19.547  23.114 0.0000000000
12777  -21.922  19.311  23.043 0.0000000000
12778  -22.059  19.326  23.187 0.0000000000
12791  -21.633  19.326  22.895 0.0000000000
12790  -21.134  19.288  22.820 0.0000000000
12762  -20.170  19.456  23.796 0.0000000000
12775  -20.102  19.102  23.454 0.0000000000
12792  -22.158  19.122  22.808 0.0000000000
12802  -21.257  19.103  22.505 0.0000000000
12803  -21.692  19.053  22.428 0.0000000000
12801  -20.942  19.117  22.679 0.0000000000
11689  -20.696  18.977  23.062 0.0000000000
11702  -20.725  18.920  22.865 0.0000000000
11690  -22.854  18.694  23.158 0.0000000000
12780  -22.924  18.677  23.534 0.0000000000
12793  -22.608  18.915  22.951 0.0000000000
12764  -22.880  18.772  23.907 0.0000000000
11688  -20.395  18.865  23.167 0.0000000000
11676  -23.078  18.352  23.822 0.0000000000
11664  -22.980  18.473  24.296 0.0000000000
12752  -22.876  18.860  23.993 0.0000000000
11663  -22.837  18.673  24.619 0.0000000000
11701  -20.282  18.619  22.757 0.0000000000
11714  -20.816  18.738  22.391 0.0000000000
11700  -19.933  18.516  22.936 0.0000000000
10594  -19.995  18.318  22.712 0.0000000000
10605  -20.171  18.223  22.319 0.0000000000
11713  -20.435  18.464  22.344 0.0000000000
11687  -19.841  18.727  23.384 0.0000000000
11705  -23.006  18.485  22.985 0.0000000000
11691  -23.067  18.417  23.296 0.0000000000
11704  -22.770  18.568  22.716 0.0000000000
10569  -23.162  17.965  23.876 0.0000000000
10556  -23.112  18.039  24.243 0.0000000000
10584  -23.187  18.061  23.459 0.0000000000
10541  -22.973  18.102  24.536 0.0000000000
11646  -22.931  18.288  24.789 0.0000000000
11645  -22.796  18.622  25.001 0.0000000000
9551  -23.237  17.745  23.209 0.0000000000
9534  -23.227  17.651  23.663 0.0000000000
10596  -23.117  18.203  22.814 0.0000000000
9521  -23.120  17.746  24.024 0.0000000000
8684  -23.347  17.242  23.354 0.0000000000
9567  -23.347  17.553  22.727 0.0000000000
8703  -23.221  17.123  22.802 0.0000000000
9568  -23.477  17.245  22.679 0.0000000000
9581  -23.577  17.322  22.374 0.0000000000
9580  -23.360  17.507  22.189 0.0000000000
10610  -23.172  18.008  22.142 0.0000000000
8704  -23.651  17.075  22.570 0.0000000000
8721  -23.750  17.319  22.133 0.0000000000
9596  -23.280  17.529  21.770 0.0000000000
8722  -23.710  17.063  22.126 0.0000000000
8737  -23.669  17.083  21.735 0.0000000000
8755  -23.397  17.221  21.339 0.0000000000
9613  -23.057  17.746  21.234 0.0000000000
10628  -23.053  17.995  21.592 0.0000000000
8773  -23.108  17.366  20.836 0.0000000000
9630  -23.032  17.650  21.008 0.0000000000
10641  -23.039  17.853  21.348 0.0000000000
9612  -22.646  17.818  21.158 0.0000000000
9629  -23.182  17.792  20.941 0.0000000000
10640  -22.824  17.996  21.399 0.0000000000
9628  -22.494  17.615  20.901 0.0000000000
8772  -22.655  17.383  20.715 0.0000000000
10595  -22.902  18.348  22.619 0.0000000000
10609  -22.596  18.428  22.251 0.0000000000
11718  -22.460  18.654  22.388 0.0000000000
10608  -22.059  18.689  22.013 0.0000000000
10626  -21.963  18.468  21.744 0.0000000000
10627  -22.684  18.193  21.764 0.0000000000
11717  -22.088  18.724  22.141 0.0000000000
10625  -21.422  18.259  21.794 0.0000000000
9594  -21.599  17.902  21.636 0.0000000000
9595  -22.021  17.864  21.599 0.0000000000
10639  -22.375  18.044  21.445 0.0000000000
11732  -21.827  18.684  21.982 0.0000000000
11731  -21.588  18.605  21.900 0.0000000000
9611  -22.211  17.611  21.166 0.0000000000
11703  -22.341  18.825  22.553 0.0000000000
10606  -20.534  18.285  22.134 0.0000000000
10607  -20.911  18.335  22.111 0.0000000000
11715  -21.308  18.669  22.144 0.0000000000
10624  -21.072  18.198  21.901 0.0000000000
11730  -21.329  18.431  21.925 0.0000000000
11716  -21.753  18.786  22.148 0.0000000000
12804  -21.984  18.933  22.375 0.0000000000
9593  -21.161  17.900  21.665 0.0000000000
10623  -20.632  18.102  21.870 0.0000000000
9592  -21.045  17.846  21.611 0.0000000000
10622  -20.217  18.021  21.955 0.0000000000
9591  -20.324  17.756  21.705 0.0000000000
8771  -22.225  17.242  20.805 0.0000000000
9610  -21.813  17.520  21.159 0.0000000000
8754  -22.028  17.245  20.981 0.0000000000
8753  -22.217  17.135  20.958 0.0000000000
8770  -21.834  17.229  20.897 0.0000000000
9627  -21.740  17.395  21.001 0.0000000000
9609  -21.370  17.702  21.255 0.0000000000
9626  -21.582  17.501  20.934 0.0000000000
9608  -20.986  17.647  21.247 0.0000000000
9625  -20.904  17.703  21.002 0.0000000000
9607  -20.799  17.544  21.263 0.0000000000
8019  -23.332  16.879  20.766 0.0000000000
7999  -23.175  16.920  20.842 0.0000000000
8784  -23.093  17.048  20.467 0.0000000000
8783  -22.947  17.092  20.296 0.0000000000
8782  -22.449  17.159  20.535 0.0000000000
8000  -23.728  16.770  21.246 0.0000000000
8756  -23.700  17.016  21.517 0.0000000000
8738  -23.729  16.993  21.752 0.0000000000
8769  -21.397  17.197  20.811 0.0000000000
