#!ascii label  , from subject  vox2ras=TkReg
116
6811  -25.851  16.084  13.826 0.0000000000
6824  -26.124  15.995  13.425 0.0000000000
6810  -25.833  16.029  13.825 0.0000000000
6825  -26.218  16.039  13.438 0.0000000000
7500  -26.383  16.372  13.834 0.0000000000
6823  -25.577  15.794  13.740 0.0000000000
6839  -25.890  15.576  13.098 0.0000000000
6840  -26.152  15.743  12.935 0.0000000000
7513  -26.620  16.199  13.333 0.0000000000
6841  -26.445  15.883  13.052 0.0000000000
6292  -25.432  15.291  13.013 0.0000000000
6279  -25.241  15.503  13.699 0.0000000000
6293  -25.853  15.573  12.891 0.0000000000
6861  -26.060  15.782  12.982 0.0000000000
7526  -26.793  16.052  13.029 0.0000000000
6862  -26.472  15.717  12.537 0.0000000000
6842  -26.797  15.939  12.920 0.0000000000
6863  -26.778  16.010  12.648 0.0000000000
7527  -27.185  16.198  12.998 0.0000000000
6843  -27.235  16.052  12.902 0.0000000000
6864  -27.455  15.866  12.681 0.0000000000
7528  -27.352  16.329  13.176 0.0000000000
6844  -27.883  15.911  12.968 0.0000000000
6308  -25.938  15.352  12.601 0.0000000000
6309  -26.326  15.279  12.220 0.0000000000
6882  -26.593  15.403  12.225 0.0000000000
6883  -26.837  15.516  12.256 0.0000000000
6884  -27.037  15.652  12.254 0.0000000000
6865  -27.952  15.620  12.782 0.0000000000
6885  -27.575  15.606  12.424 0.0000000000
6321  -26.751  15.092  11.928 0.0000000000
6322  -26.958  15.212  12.013 0.0000000000
6323  -27.392  15.198  12.210 0.0000000000
6324  -27.967  15.137  12.521 0.0000000000
7499  -25.774  16.169  14.044 0.0000000000
8203  -26.287  16.724  14.256 0.0000000000
7514  -26.949  16.559  13.588 0.0000000000
7501  -26.803  16.720  13.911 0.0000000000
8204  -26.754  16.860  14.110 0.0000000000
8220  -26.969  16.898  13.985 0.0000000000
7515  -27.201  16.656  13.481 0.0000000000
8221  -27.260  16.949  13.784 0.0000000000
8232  -27.558  16.584  13.306 0.0000000000
7529  -27.808  16.189  13.108 0.0000000000
7516  -27.901  16.044  13.183 0.0000000000
8233  -27.903  16.323  13.197 0.0000000000
8202  -25.961  16.609  14.375 0.0000000000
8186  -26.125  16.899  14.574 0.0000000000
8949  -26.355  17.191  14.583 0.0000000000
8964  -26.554  16.979  14.256 0.0000000000
8965  -26.894  17.300  14.267 0.0000000000
8205  -27.178  16.878  13.927 0.0000000000
8966  -27.457  17.352  14.163 0.0000000000
8206  -27.693  17.068  13.875 0.0000000000
8222  -27.898  16.675  13.512 0.0000000000
7489  -25.482  16.230  14.498 0.0000000000
8185  -25.835  16.782  14.749 0.0000000000
8948  -25.913  16.942  14.744 0.0000000000
7479  -25.481  16.376  14.965 0.0000000000
8171  -25.860  17.012  14.864 0.0000000000
8932  -25.950  17.214  14.992 0.0000000000
6809  -25.181  15.766  14.196 0.0000000000
7498  -25.197  15.940  14.053 0.0000000000
7488  -25.409  16.021  14.063 0.0000000000
6797  -25.240  15.914  14.443 0.0000000000
6798  -25.102  15.886  14.773 0.0000000000
6787  -25.251  16.026  14.887 0.0000000000
6786  -25.113  16.016  14.932 0.0000000000
7478  -25.221  16.250  15.198 0.0000000000
7467  -25.493  16.665  15.320 0.0000000000
6785  -24.973  15.847  15.048 0.0000000000
7477  -24.990  16.234  15.445 0.0000000000
7466  -25.215  16.520  15.585 0.0000000000
6775  -24.704  16.025  15.691 0.0000000000
7465  -24.920  16.492  15.793 0.0000000000
6263  -24.865  15.339  14.011 0.0000000000
6808  -24.983  15.563  13.883 0.0000000000
6796  -25.024  15.587  14.245 0.0000000000
6262  -24.741  15.351  14.085 0.0000000000
6247  -24.635  15.413  14.675 0.0000000000
6233  -24.751  15.582  15.127 0.0000000000
6217  -24.733  15.793  15.341 0.0000000000
5791  -25.686  15.060  12.356 0.0000000000
6307  -25.581  15.164  12.621 0.0000000000
5792  -26.008  15.120  12.197 0.0000000000
5790  -25.290  14.942  12.548 0.0000000000
5777  -24.970  14.986  12.881 0.0000000000
6291  -24.728  15.026  13.160 0.0000000000
6278  -24.895  15.280  13.595 0.0000000000
5776  -24.536  14.848  13.045 0.0000000000
6290  -24.336  14.915  13.229 0.0000000000
6277  -24.258  15.125  13.700 0.0000000000
5775  -24.038  14.773  13.311 0.0000000000
5764  -23.862  14.867  13.737 0.0000000000
5763  -23.707  14.989  13.760 0.0000000000
6276  -23.986  15.165  14.127 0.0000000000
6261  -24.187  15.145  14.406 0.0000000000
5749  -24.124  15.034  14.214 0.0000000000
6260  -24.011  15.123  14.258 0.0000000000
5750  -23.981  14.999  14.672 0.0000000000
5737  -23.999  15.060  14.889 0.0000000000
6246  -24.206  15.195  14.876 0.0000000000
6232  -24.398  15.335  15.062 0.0000000000
5721  -23.923  15.059  15.119 0.0000000000
6216  -24.354  15.521  15.543 0.0000000000
5287  -23.766  14.748  13.654 0.0000000000
5286  -23.335  14.579  13.794 0.0000000000
5269  -23.476  14.758  14.257 0.0000000000
5736  -23.908  14.973  14.936 0.0000000000
5251  -23.594  14.822  14.585 0.0000000000
5720  -23.912  15.109  15.023 0.0000000000
5735  -23.462  14.839  14.862 0.0000000000
5719  -23.433  14.840  15.074 0.0000000000
5702  -23.923  15.095  15.317 0.0000000000
5701  -23.704  15.148  15.466 0.0000000000
6215  -23.983  15.325  15.635 0.0000000000
