#!ascii label  , from subject  vox2ras=TkReg
35
10813  -28.155  18.336  15.225 0.0000000000
10801  -28.402  18.418  15.604 0.0000000000
9794  -28.508  17.957  15.284 0.0000000000
9793  -28.113  18.151  14.970 0.0000000000
10812  -27.877  18.429  15.154 0.0000000000
10800  -27.968  18.711  15.445 0.0000000000
9792  -27.638  18.172  14.907 0.0000000000
10811  -27.369  18.306  15.116 0.0000000000
10799  -27.557  18.683  15.351 0.0000000000
10802  -28.684  18.255  15.925 0.0000000000
9777  -28.712  18.020  15.787 0.0000000000
10782  -28.516  18.580  15.959 0.0000000000
11927  -28.123  18.804  15.774 0.0000000000
11926  -27.812  19.008  15.790 0.0000000000
10783  -28.796  18.233  16.098 0.0000000000
11913  -28.634  18.617  16.226 0.0000000000
11912  -28.197  19.092  16.018 0.0000000000
8920  -28.708  17.508  15.720 0.0000000000
8935  -28.647  17.395  15.162 0.0000000000
9808  -28.353  17.776  14.845 0.0000000000
9807  -27.942  17.982  14.685 0.0000000000
9759  -28.786  17.979  16.087 0.0000000000
9778  -28.944  18.143  15.859 0.0000000000
9740  -28.647  17.800  16.584 0.0000000000
8903  -28.562  17.468  16.236 0.0000000000
9741  -28.849  17.764  16.567 0.0000000000
9760  -28.876  17.782  16.216 0.0000000000
9723  -28.854  18.073  17.119 0.0000000000
10766  -28.773  18.365  16.552 0.0000000000
8951  -28.186  17.648  14.441 0.0000000000
9816  -27.717  17.709  14.365 0.0000000000
9806  -27.481  18.075  14.781 0.0000000000
10750  -28.798  18.246  17.073 0.0000000000
11884  -28.679  18.724  16.796 0.0000000000
11899  -28.624  18.794  16.478 0.0000000000
