#!ascii label  , from subject  vox2ras=TkReg
70
23122  -28.087  23.183  27.441 0.0000000000
23118  -27.815  23.199  27.851 0.0000000000
21794  -28.093  22.793  27.760 0.0000000000
21799  -28.111  22.543  27.376 0.0000000000
23128  -28.095  22.890  26.920 0.0000000000
24561  -27.949  23.677  27.551 0.0000000000
23123  -28.398  23.353  27.176 0.0000000000
24562  -28.342  23.684  27.308 0.0000000000
23129  -28.246  23.177  26.912 0.0000000000
23124  -28.685  23.503  26.992 0.0000000000
24563  -28.655  23.786  27.115 0.0000000000
23130  -28.720  23.509  26.584 0.0000000000
24573  -28.855  23.945  26.944 0.0000000000
21806  -27.757  22.551  27.012 0.0000000000
21813  -27.675  22.780  26.572 0.0000000000
23143  -27.968  23.108  26.473 0.0000000000
23144  -28.353  23.346  26.294 0.0000000000
23145  -28.640  23.669  26.238 0.0000000000
24588  -28.730  23.939  26.368 0.0000000000
24587  -28.586  23.676  26.112 0.0000000000
24550  -27.470  23.679  27.992 0.0000000000
24560  -27.394  24.090  27.702 0.0000000000
26049  -27.821  24.134  27.380 0.0000000000
26050  -28.237  24.078  27.301 0.0000000000
26051  -28.558  24.012  27.209 0.0000000000
26068  -28.678  24.217  26.846 0.0000000000
23162  -28.206  23.361  25.993 0.0000000000
24601  -28.704  23.945  25.874 0.0000000000
26083  -28.744  24.375  26.320 0.0000000000
24602  -28.750  24.154  26.118 0.0000000000
27684  -28.092  24.450  27.251 0.0000000000
27685  -28.299  24.350  27.180 0.0000000000
26067  -28.461  24.265  27.137 0.0000000000
27709  -28.359  24.628  26.984 0.0000000000
27710  -28.673  24.732  26.598 0.0000000000
24549  -27.096  23.711  27.867 0.0000000000
23117  -27.393  23.331  27.995 0.0000000000
23108  -27.570  23.122  28.155 0.0000000000
21786  -27.932  22.891  28.032 0.0000000000
23116  -26.987  23.338  27.967 0.0000000000
23107  -27.184  23.158  28.180 0.0000000000
21785  -27.373  23.106  28.199 0.0000000000
23106  -26.755  23.165  28.160 0.0000000000
21784  -26.964  22.985  28.325 0.0000000000
21800  -28.080  22.289  27.605 0.0000000000
20530  -27.855  22.118  27.550 0.0000000000
20538  -27.760  22.274  27.239 0.0000000000
21795  -28.175  22.401  27.740 0.0000000000
21787  -28.183  22.538  27.976 0.0000000000
20523  -28.186  22.146  27.982 0.0000000000
20531  -28.084  22.159  27.749 0.0000000000
20515  -28.046  22.362  28.205 0.0000000000
20514  -27.661  22.413  28.416 0.0000000000
21774  -26.977  22.863  28.509 0.0000000000
20513  -27.319  22.639  28.519 0.0000000000
21783  -26.538  22.935  28.333 0.0000000000
21773  -26.816  22.698  28.623 0.0000000000
21782  -26.075  22.927  28.331 0.0000000000
21772  -26.365  22.646  28.664 0.0000000000
23105  -26.294  23.154  28.157 0.0000000000
20504  -27.227  22.372  28.734 0.0000000000
20503  -26.732  22.274  28.914 0.0000000000
20522  -28.020  21.976  27.811 0.0000000000
19228  -28.029  22.079  28.225 0.0000000000
19227  -28.082  21.841  28.015 0.0000000000
19211  -28.008  22.081  28.279 0.0000000000
20505  -27.567  22.146  28.668 0.0000000000
19210  -27.861  21.885  28.472 0.0000000000
19198  -27.447  21.836  28.903 0.0000000000
19197  -27.112  22.019  29.101 0.0000000000
