#!ascii label  , from subject  vox2ras=TkReg
62
15172  -20.046  20.481  21.102 0.0000000000
15188  -19.720  20.215  20.781 0.0000000000
15171  -19.573  20.496  21.064 0.0000000000
16583  -19.920  20.868  21.245 0.0000000000
15189  -20.231  20.235  20.783 0.0000000000
15173  -20.539  20.598  21.076 0.0000000000
16584  -20.258  20.779  21.254 0.0000000000
15157  -20.876  20.791  21.195 0.0000000000
15174  -21.007  20.731  20.981 0.0000000000
16570  -20.596  20.888  21.447 0.0000000000
15190  -20.695  20.328  20.713 0.0000000000
15158  -21.067  20.826  21.148 0.0000000000
16585  -21.203  20.855  21.088 0.0000000000
15191  -21.102  20.416  20.561 0.0000000000
15175  -21.120  20.832  20.955 0.0000000000
16586  -21.550  21.064  21.088 0.0000000000
13948  -19.406  20.053  20.471 0.0000000000
15187  -19.181  20.298  20.616 0.0000000000
13949  -19.882  19.936  20.502 0.0000000000
13950  -20.405  19.985  20.449 0.0000000000
13951  -20.791  20.105  20.383 0.0000000000
16582  -19.489  20.928  21.228 0.0000000000
18006  -19.845  21.335  21.595 0.0000000000
18007  -20.193  21.046  21.425 0.0000000000
16571  -21.131  20.947  21.302 0.0000000000
15170  -19.229  20.626  20.965 0.0000000000
16581  -19.068  20.945  21.130 0.0000000000
18005  -19.321  21.409  21.282 0.0000000000
15186  -18.991  20.679  20.842 0.0000000000
16593  -18.892  20.892  20.997 0.0000000000
16580  -18.878  21.031  21.086 0.0000000000
18004  -18.920  21.343  21.177 0.0000000000
16592  -18.754  20.950  20.967 0.0000000000
18003  -18.712  21.230  21.061 0.0000000000
13947  -19.213  20.149  20.421 0.0000000000
13965  -19.019  20.094  20.227 0.0000000000
15205  -18.969  20.267  20.366 0.0000000000
15204  -18.758  20.451  20.354 0.0000000000
16604  -18.930  20.985  20.899 0.0000000000
13966  -19.444  19.838  20.198 0.0000000000
13987  -18.695  20.098  19.739 0.0000000000
13964  -18.557  20.022  20.173 0.0000000000
13988  -18.985  19.984  19.971 0.0000000000
13986  -18.369  20.230  19.878 0.0000000000
13963  -18.243  20.159  19.921 0.0000000000
15203  -18.240  20.629  20.081 0.0000000000
15221  -18.175  20.450  19.603 0.0000000000
16603  -18.406  20.879  20.343 0.0000000000
16614  -18.168  21.029  19.971 0.0000000000
18016  -18.420  21.287  20.772 0.0000000000
18026  -18.247  21.380  20.236 0.0000000000
16613  -18.067  21.029  19.725 0.0000000000
18036  -18.071  21.470  19.818 0.0000000000
19345  -18.629  21.597  21.058 0.0000000000
19356  -18.323  21.848  20.600 0.0000000000
19364  -18.031  21.846  20.058 0.0000000000
18035  -17.831  21.291  19.539 0.0000000000
19378  -17.928  21.855  19.943 0.0000000000
19377  -17.694  21.762  19.509 0.0000000000
16621  -17.812  20.974  19.370 0.0000000000
18047  -17.654  21.315  19.117 0.0000000000
15220  -17.937  21.016  19.585 0.0000000000
