#!ascii label  , from subject  vox2ras=TkReg
86
60  -14.387  6.240  6.705 0.0000000000
53  -14.174  6.255  7.186 0.0000000000
59  -13.728  6.210  6.549 0.0000000000
54  -14.799  6.218  7.291 0.0000000000
61  -14.823  6.471  6.704 0.0000000000
67  -13.866  6.102  6.106 0.0000000000
68  -14.595  6.402  6.323 0.0000000000
62  -15.228  6.280  6.983 0.0000000000
138  -15.363  6.619  6.662 0.0000000000
137  -15.207  6.810  6.391 0.0000000000
144  -14.949  6.700  6.089 0.0000000000
55  -15.333  6.237  7.396 0.0000000000
63  -15.613  6.343  7.005 0.0000000000
56  -15.809  6.292  7.400 0.0000000000
132  -16.152  6.472  7.085 0.0000000000
139  -15.879  6.711  6.854 0.0000000000
66  -13.618  6.088  6.000 0.0000000000
71  -13.934  6.152  5.965 0.0000000000
72  -14.166  6.033  5.985 0.0000000000
143  -14.469  6.539  6.014 0.0000000000
149  -14.234  6.390  5.781 0.0000000000
70  -13.413  6.222  5.719 0.0000000000
75  -13.731  6.294  5.423 0.0000000000
76  -14.015  6.270  5.678 0.0000000000
74  -13.019  6.489  5.102 0.0000000000
154  -13.502  6.618  5.204 0.0000000000
155  -14.195  6.691  5.279 0.0000000000
133  -16.181  6.632  7.236 0.0000000000
129  -16.290  6.439  7.646 0.0000000000
57  -16.129  6.357  7.357 0.0000000000
130  -16.626  6.758  7.699 0.0000000000
134  -16.665  7.163  7.149 0.0000000000
140  -16.128  6.842  6.935 0.0000000000
275  -16.269  7.110  6.986 0.0000000000
145  -15.151  6.981  6.009 0.0000000000
146  -15.578  6.859  6.467 0.0000000000
281  -15.936  6.814  6.721 0.0000000000
280  -15.765  7.077  6.549 0.0000000000
150  -14.631  6.809  5.640 0.0000000000
151  -15.013  6.954  5.827 0.0000000000
285  -15.535  7.114  6.287 0.0000000000
284  -15.346  7.272  6.112 0.0000000000
289  -15.175  7.252  5.810 0.0000000000
288  -14.891  7.129  5.615 0.0000000000
153  -13.045  6.699  4.854 0.0000000000
158  -13.357  6.736  4.645 0.0000000000
159  -13.859  6.756  4.823 0.0000000000
51  -16.575  6.400  7.957 0.0000000000
50  -15.897  6.074  8.032 0.0000000000
69  -12.937  6.302  5.648 0.0000000000
73  -12.940  6.054  4.925 0.0000000000
65  -12.843  6.256  6.081 0.0000000000
58  -13.336  6.127  6.055 0.0000000000
135  -13.187  6.479  6.322 0.0000000000
49  -15.528  6.215  7.841 0.0000000000
48  -14.769  6.106  7.893 0.0000000000
47  -14.833  6.211  7.820 0.0000000000
46  -14.418  6.231  7.703 0.0000000000
43  -16.915  6.580  8.240 0.0000000000
42  -16.353  6.288  8.313 0.0000000000
41  -15.788  6.229  8.292 0.0000000000
40  -15.204  6.214  8.238 0.0000000000
39  -14.684  6.243  8.158 0.0000000000
35  -16.061  6.190  8.800 0.0000000000
36  -16.624  6.186  8.743 0.0000000000
34  -15.612  6.217  8.661 0.0000000000
33  -15.328  6.215  8.809 0.0000000000
32  -15.113  6.112  8.720 0.0000000000
29  -16.886  6.087  9.044 0.0000000000
3  -16.466  5.865  9.163 0.0000000000
5  -16.261  6.023  8.943 0.0000000000
37  -17.143  6.433  8.750 0.0000000000
4  -16.146  6.116  8.956 0.0000000000
2  -16.146  5.984  8.769 0.0000000000
28  -15.923  6.170  9.010 0.0000000000
27  -15.724  6.192  9.144 0.0000000000
26  -15.229  6.210  9.206 0.0000000000
0  -16.209  5.998  9.241 0.0000000000
21  -16.135  6.100  9.464 0.0000000000
20  -15.881  6.206  9.639 0.0000000000
19  -15.453  6.212  9.612 0.0000000000
1  -16.341  5.924  9.438 0.0000000000
22  -16.585  6.040  9.655 0.0000000000
14  -16.219  6.307  10.241 0.0000000000
15  -16.792  6.280  10.201 0.0000000000
23  -17.069  6.282  9.772 0.0000000000
