#!ascii label  , from subject  vox2ras=TkReg
160
19367  -23.954  21.880  20.018 0.0000000000
18030  -23.494  21.590  19.929 0.0000000000
19366  -23.358  21.871  20.265 0.0000000000
18038  -23.744  21.373  19.599 0.0000000000
19379  -23.845  21.754  19.937 0.0000000000
20687  -23.905  22.161  20.299 0.0000000000
19380  -24.290  21.779  19.688 0.0000000000
19368  -24.426  22.044  19.882 0.0000000000
20688  -24.222  22.172  20.204 0.0000000000
19381  -24.766  21.902  19.559 0.0000000000
19369  -24.704  22.110  19.809 0.0000000000
20689  -24.688  22.274  20.096 0.0000000000
20704  -24.956  22.152  19.763 0.0000000000
18039  -24.122  21.419  19.438 0.0000000000
18040  -24.459  21.551  19.362 0.0000000000
18050  -24.947  21.357  18.948 0.0000000000
19394  -25.056  21.725  19.272 0.0000000000
19382  -25.187  21.969  19.491 0.0000000000
19395  -25.390  21.802  19.175 0.0000000000
20705  -25.347  22.209  19.722 0.0000000000
19383  -25.595  22.052  19.386 0.0000000000
18051  -25.016  21.552  19.195 0.0000000000
20686  -23.474  22.196  20.557 0.0000000000
20679  -23.821  22.332  20.770 0.0000000000
20680  -24.068  22.429  20.649 0.0000000000
20681  -24.408  22.382  20.470 0.0000000000
21934  -24.745  22.622  20.541 0.0000000000
21947  -24.813  22.348  20.046 0.0000000000
20690  -25.088  22.345  20.004 0.0000000000
21948  -25.175  22.602  20.257 0.0000000000
20691  -25.511  22.450  20.006 0.0000000000
20706  -25.801  22.291  19.693 0.0000000000
21949  -25.622  22.701  20.329 0.0000000000
20692  -25.988  22.611  20.013 0.0000000000
20707  -26.265  22.345  19.676 0.0000000000
21950  -26.118  22.750  20.345 0.0000000000
20693  -26.457  22.591  20.008 0.0000000000
20708  -26.752  22.365  19.654 0.0000000000
21951  -26.672  22.781  20.298 0.0000000000
20694  -26.938  22.627  19.968 0.0000000000
19384  -26.028  22.118  19.301 0.0000000000
19385  -26.512  22.197  19.301 0.0000000000
21933  -24.331  22.497  20.675 0.0000000000
21923  -24.198  22.554  20.931 0.0000000000
21924  -24.767  22.748  20.995 0.0000000000
21935  -25.204  22.756  20.648 0.0000000000
21925  -25.113  22.869  20.771 0.0000000000
21936  -25.918  22.932  20.884 0.0000000000
21926  -25.722  22.817  21.098 0.0000000000
21937  -26.232  22.843  20.708 0.0000000000
21927  -26.261  22.926  21.134 0.0000000000
21938  -26.940  23.030  20.699 0.0000000000
21913  -25.279  22.775  21.448 0.0000000000
21914  -25.715  22.832  21.624 0.0000000000
21912  -24.839  22.739  21.374 0.0000000000
21911  -24.357  22.707  21.277 0.0000000000
20673  -23.975  22.585  20.991 0.0000000000
21922  -24.006  22.742  21.031 0.0000000000
21910  -24.143  22.683  21.104 0.0000000000
20672  -23.865  22.376  20.893 0.0000000000
20661  -24.000  22.784  21.602 0.0000000000
20664  -24.963  22.634  21.790 0.0000000000
20665  -25.286  22.722  21.785 0.0000000000
20663  -24.464  22.644  21.697 0.0000000000
20662  -24.038  22.678  21.609 0.0000000000
19360  -23.130  21.954  20.756 0.0000000000
20678  -23.369  22.185  20.938 0.0000000000
19351  -22.889  21.907  21.098 0.0000000000
20671  -22.965  22.025  21.087 0.0000000000
20660  -23.439  22.279  21.274 0.0000000000
19336  -22.931  22.107  21.602 0.0000000000
20652  -25.077  22.612  22.187 0.0000000000
20653  -25.502  22.696  22.099 0.0000000000
20651  -24.546  22.469  22.097 0.0000000000
20650  -24.091  22.570  22.050 0.0000000000
20649  -23.622  22.413  21.948 0.0000000000
19337  -23.348  22.357  21.653 0.0000000000
19325  -23.607  22.779  21.946 0.0000000000
20639  -24.201  22.398  22.490 0.0000000000
20640  -24.602  22.486  22.562 0.0000000000
20638  -23.767  22.345  22.468 0.0000000000
19324  -23.095  22.419  22.070 0.0000000000
20648  -23.246  22.482  22.062 0.0000000000
20637  -23.234  22.302  22.350 0.0000000000
18029  -23.115  21.386  20.022 0.0000000000
19365  -23.036  21.599  20.256 0.0000000000
19359  -22.911  21.727  20.623 0.0000000000
18028  -22.738  21.290  20.191 0.0000000000
19350  -22.872  21.879  21.052 0.0000000000
18019  -22.559  21.392  20.496 0.0000000000
19358  -22.551  21.578  20.688 0.0000000000
19349  -22.528  21.710  20.915 0.0000000000
18018  -22.246  21.283  20.633 0.0000000000
19335  -22.815  21.994  21.503 0.0000000000
19334  -22.425  21.758  21.425 0.0000000000
18010  -22.214  21.554  21.030 0.0000000000
19323  -22.886  22.146  21.907 0.0000000000
19322  -22.520  21.929  21.943 0.0000000000
17997  -22.151  21.579  21.325 0.0000000000
19333  -22.119  21.667  21.638 0.0000000000
19321  -22.004  21.795  22.011 0.0000000000
17996  -21.884  21.482  21.551 0.0000000000
17986  -22.059  21.823  21.988 0.0000000000
19313  -22.995  22.225  22.153 0.0000000000
19312  -22.595  22.100  22.251 0.0000000000
19311  -21.974  21.885  22.181 0.0000000000
17985  -21.622  21.661  21.956 0.0000000000
19320  -21.389  21.770  22.257 0.0000000000
19310  -21.628  21.954  22.482 0.0000000000
20636  -22.742  22.240  22.547 0.0000000000
20635  -22.283  22.155  22.631 0.0000000000
16625  -24.560  21.034  18.911 0.0000000000
18049  -24.346  21.163  19.133 0.0000000000
16626  -24.853  21.200  18.842 0.0000000000
16624  -24.150  20.900  18.982 0.0000000000
18048  -24.133  21.058  19.089 0.0000000000
16623  -23.800  20.786  19.044 0.0000000000
16617  -23.788  21.100  19.247 0.0000000000
16616  -23.322  20.905  19.484 0.0000000000
18037  -23.339  21.274  19.758 0.0000000000
16608  -23.109  21.128  19.772 0.0000000000
16607  -22.829  20.998  19.830 0.0000000000
16606  -22.300  20.930  20.091 0.0000000000
18027  -22.357  21.113  20.290 0.0000000000
16596  -22.163  20.849  20.258 0.0000000000
16595  -21.944  20.916  20.446 0.0000000000
18017  -22.076  21.298  20.826 0.0000000000
16587  -21.911  21.164  20.800 0.0000000000
18009  -21.976  21.333  21.089 0.0000000000
16586  -21.550  21.064  21.088 0.0000000000
18008  -21.647  21.224  21.263 0.0000000000
16572  -21.297  20.961  21.113 0.0000000000
17995  -21.369  21.285  21.599 0.0000000000
17984  -21.116  21.451  21.991 0.0000000000
16635  -24.918  21.002  18.679 0.0000000000
16636  -25.073  21.109  18.609 0.0000000000
16634  -24.412  20.674  18.700 0.0000000000
16633  -23.937  20.689  18.879 0.0000000000
15235  -23.448  20.276  19.022 0.0000000000
16622  -23.433  20.586  19.192 0.0000000000
15242  -23.784  20.284  18.710 0.0000000000
15234  -22.899  20.214  19.254 0.0000000000
15226  -22.805  20.503  19.542 0.0000000000
16615  -22.986  20.804  19.637 0.0000000000
15225  -22.724  20.520  19.604 0.0000000000
15209  -22.437  20.731  19.874 0.0000000000
15208  -22.197  20.672  20.030 0.0000000000
16605  -22.116  20.817  20.158 0.0000000000
14029  -23.720  19.875  18.475 0.0000000000
14019  -23.332  19.876  18.843 0.0000000000
15254  -23.934  20.115  18.384 0.0000000000
15243  -24.209  20.294  18.453 0.0000000000
14018  -22.970  19.910  19.115 0.0000000000
13995  -22.889  20.198  19.309 0.0000000000
13994  -22.513  19.952  19.354 0.0000000000
15224  -22.301  20.327  19.723 0.0000000000
15244  -24.742  20.406  18.276 0.0000000000
14030  -24.540  20.056  18.147 0.0000000000
15255  -24.037  19.959  18.185 0.0000000000
15245  -25.011  20.743  18.332 0.0000000000
