#!ascii label  , from subject  vox2ras=TkReg
199
16433  -22.023  20.727  26.880 0.0000000000
16418  -22.262  20.501  27.285 0.0000000000
16417  -21.947  20.832  27.291 0.0000000000
16434  -22.301  20.413  26.857 0.0000000000
17903  -21.767  21.010  26.821 0.0000000000
16452  -22.201  20.568  26.420 0.0000000000
16451  -21.864  20.795  26.289 0.0000000000
17916  -21.836  20.853  26.645 0.0000000000
15020  -22.425  20.205  26.573 0.0000000000
15003  -22.430  20.009  27.115 0.0000000000
16450  -21.434  20.843  26.073 0.0000000000
16470  -21.697  20.718  25.803 0.0000000000
17915  -21.623  20.954  26.372 0.0000000000
16471  -22.078  20.585  25.948 0.0000000000
15036  -22.343  20.293  26.083 0.0000000000
15054  -22.175  20.465  25.742 0.0000000000
15075  -21.894  20.368  25.215 0.0000000000
16490  -21.422  20.747  25.460 0.0000000000
16469  -21.238  20.799  25.778 0.0000000000
15055  -22.220  20.211  25.674 0.0000000000
16489  -21.080  20.927  25.372 0.0000000000
15074  -21.418  20.536  25.003 0.0000000000
17889  -21.639  21.163  27.020 0.0000000000
17902  -21.360  21.209  26.609 0.0000000000
17914  -21.138  20.983  26.255 0.0000000000
17913  -20.742  21.075  26.344 0.0000000000
16449  -20.861  20.947  26.192 0.0000000000
17901  -20.813  21.226  26.595 0.0000000000
17900  -20.355  21.122  26.713 0.0000000000
16448  -20.449  20.919  26.302 0.0000000000
17888  -20.962  21.298  26.949 0.0000000000
17887  -20.480  21.280  26.993 0.0000000000
17899  -19.993  21.012  27.018 0.0000000000
16432  -20.196  20.965  26.703 0.0000000000
17886  -19.950  21.118  27.129 0.0000000000
17885  -19.805  20.993  27.330 0.0000000000
16416  -19.774  20.852  27.153 0.0000000000
16431  -20.002  20.810  26.726 0.0000000000
17867  -21.848  20.974  27.514 0.0000000000
19221  -21.692  21.239  27.423 0.0000000000
19237  -21.533  21.265  27.123 0.0000000000
19236  -21.192  21.321  27.084 0.0000000000
17866  -20.964  21.573  27.111 0.0000000000
17865  -20.731  21.228  27.119 0.0000000000
17864  -20.003  21.287  27.640 0.0000000000
17863  -19.753  21.084  27.658 0.0000000000
16400  -19.468  20.655  27.615 0.0000000000
16401  -21.973  20.824  27.596 0.0000000000
17868  -22.003  20.893  27.752 0.0000000000
17845  -21.942  21.122  27.989 0.0000000000
19220  -21.177  21.391  27.447 0.0000000000
19219  -20.724  21.557  27.756 0.0000000000
17842  -20.005  21.384  28.256 0.0000000000
17841  -19.737  21.195  28.119 0.0000000000
19218  -20.327  21.595  28.013 0.0000000000
16381  -19.583  20.767  28.056 0.0000000000
16382  -21.981  20.961  28.275 0.0000000000
17829  -21.924  20.940  28.672 0.0000000000
16383  -22.143  20.701  28.185 0.0000000000
17846  -22.119  20.924  27.937 0.0000000000
17828  -21.388  21.371  28.419 0.0000000000
17844  -21.122  21.703  28.060 0.0000000000
19209  -21.476  21.564  27.742 0.0000000000
17827  -20.932  21.574  28.328 0.0000000000
17843  -21.014  21.734  28.027 0.0000000000
19208  -21.024  21.700  27.877 0.0000000000
19207  -20.699  21.727  28.147 0.0000000000
17826  -19.992  21.450  28.577 0.0000000000
17825  -19.609  21.340  28.710 0.0000000000
19206  -20.250  21.623  28.400 0.0000000000
16364  -19.541  20.935  28.382 0.0000000000
16365  -21.930  20.994  28.600 0.0000000000
17830  -21.872  21.023  28.939 0.0000000000
17805  -21.770  21.135  29.038 0.0000000000
19193  -21.725  21.250  29.067 0.0000000000
19192  -21.138  21.645  28.801 0.0000000000
19191  -20.644  21.754  28.668 0.0000000000
19190  -20.045  21.704  28.807 0.0000000000
17806  -21.897  20.800  29.108 0.0000000000
17788  -21.678  21.067  29.510 0.0000000000
19168  -21.440  21.489  29.122 0.0000000000
16338  -21.855  20.473  29.565 0.0000000000
16324  -21.700  20.556  29.927 0.0000000000
17774  -21.455  21.047  30.063 0.0000000000
17789  -21.850  20.714  29.361 0.0000000000
17787  -21.198  21.357  29.803 0.0000000000
19147  -21.284  21.551  29.390 0.0000000000
15092  -21.183  20.479  24.947 0.0000000000
16504  -20.821  20.642  25.183 0.0000000000
16468  -20.893  20.835  25.928 0.0000000000
16488  -20.655  20.708  25.575 0.0000000000
16467  -20.444  20.848  26.048 0.0000000000
16487  -20.148  20.420  25.762 0.0000000000
16503  -20.531  20.510  25.270 0.0000000000
16486  -19.900  20.311  25.872 0.0000000000
15072  -19.880  20.166  25.636 0.0000000000
15073  -20.473  19.834  25.700 0.0000000000
16502  -20.027  20.007  25.213 0.0000000000
16466  -19.978  20.480  26.015 0.0000000000
15053  -19.719  20.192  25.977 0.0000000000
16447  -20.102  20.690  26.249 0.0000000000
15035  -19.773  20.428  26.446 0.0000000000
16430  -19.777  20.775  26.944 0.0000000000
15019  -19.771  20.708  26.859 0.0000000000
16415  -19.406  20.512  27.244 0.0000000000
15018  -19.323  20.167  26.912 0.0000000000
14990  -22.256  20.068  27.640 0.0000000000
16402  -22.182  20.645  27.727 0.0000000000
14981  -22.218  20.021  28.021 0.0000000000
14968  -22.072  20.183  28.655 0.0000000000
16366  -21.947  20.762  28.660 0.0000000000
16349  -22.031  20.431  28.955 0.0000000000
14955  -21.860  19.940  28.985 0.0000000000
16339  -21.937  20.399  29.246 0.0000000000
14946  -21.891  19.970  29.409 0.0000000000
14945  -21.775  19.999  29.792 0.0000000000
15093  -21.696  20.267  24.861 0.0000000000
15091  -21.007  20.364  24.854 0.0000000000
15107  -21.204  20.198  24.288 0.0000000000
15108  -21.345  20.243  24.438 0.0000000000
15090  -20.133  19.902  24.886 0.0000000000
15106  -20.460  20.105  24.437 0.0000000000
13852  -20.111  19.963  25.230 0.0000000000
15089  -20.010  19.937  25.092 0.0000000000
15105  -20.143  19.927  24.821 0.0000000000
13851  -19.944  19.752  24.998 0.0000000000
15088  -19.961  19.984  25.020 0.0000000000
15104  -19.770  20.303  24.915 0.0000000000
13850  -20.043  19.908  25.029 0.0000000000
13865  -20.055  19.868  24.943 0.0000000000
15076  -22.098  20.191  25.182 0.0000000000
13833  -20.001  19.996  25.315 0.0000000000
15071  -19.622  19.963  25.798 0.0000000000
13832  -19.610  19.717  25.422 0.0000000000
13813  -22.364  19.974  25.656 0.0000000000
13814  -22.581  19.726  25.758 0.0000000000
15056  -22.461  20.062  25.899 0.0000000000
13834  -22.335  19.904  25.449 0.0000000000
15034  -19.411  19.960  26.265 0.0000000000
15052  -19.499  19.998  26.098 0.0000000000
15037  -22.620  19.920  26.236 0.0000000000
15021  -22.593  19.886  26.750 0.0000000000
13772  -22.424  19.545  27.182 0.0000000000
13763  -22.273  19.575  27.560 0.0000000000
15004  -22.587  19.921  26.939 0.0000000000
13754  -22.224  19.617  28.052 0.0000000000
13744  -22.124  19.712  28.631 0.0000000000
13743  -21.978  19.923  28.734 0.0000000000
14967  -21.887  19.943  28.818 0.0000000000
13733  -21.919  19.820  28.863 0.0000000000
14954  -21.854  19.880  28.889 0.0000000000
13734  -21.972  19.608  29.142 0.0000000000
13722  -21.829  19.489  29.646 0.0000000000
13866  -19.989  19.742  24.470 0.0000000000
12722  -19.613  19.187  24.864 0.0000000000
12738  -19.618  19.293  24.770 0.0000000000
13835  -22.633  19.553  25.300 0.0000000000
13853  -22.327  19.874  25.005 0.0000000000
12708  -22.713  19.134  25.569 0.0000000000
12699  -22.709  19.160  25.991 0.0000000000
13799  -22.694  19.450  26.179 0.0000000000
12689  -22.675  19.103  26.571 0.0000000000
13786  -22.663  19.563  26.536 0.0000000000
13773  -22.603  19.518  26.889 0.0000000000
12680  -22.523  19.135  27.090 0.0000000000
12679  -22.305  19.165  27.431 0.0000000000
12670  -22.232  19.081  27.994 0.0000000000
12659  -22.224  19.203  28.424 0.0000000000
12645  -22.160  19.223  28.994 0.0000000000
12633  -22.036  19.236  29.437 0.0000000000
11619  -22.739  18.764  25.840 0.0000000000
11629  -22.767  18.654  25.404 0.0000000000
12723  -22.719  19.054  25.142 0.0000000000
11608  -22.731  18.834  26.211 0.0000000000
11597  -22.799  18.669  26.553 0.0000000000
11585  -22.769  18.627  27.150 0.0000000000
11584  -22.436  18.910  27.292 0.0000000000
11571  -22.398  18.830  27.615 0.0000000000
11559  -22.383  18.839  28.135 0.0000000000
11545  -22.446  18.793  28.813 0.0000000000
11572  -22.681  18.574  27.829 0.0000000000
11560  -22.703  18.542  28.381 0.0000000000
13854  -22.654  19.511  24.854 0.0000000000
15094  -22.078  20.138  24.742 0.0000000000
13869  -22.275  19.840  24.487 0.0000000000
15109  -21.782  20.155  24.405 0.0000000000
15110  -22.058  20.083  24.478 0.0000000000
13867  -20.504  19.876  24.102 0.0000000000
15120  -20.805  20.012  24.097 0.0000000000
15121  -21.021  20.100  24.070 0.0000000000
15122  -21.425  20.098  24.045 0.0000000000
13868  -21.966  19.974  24.305 0.0000000000
15123  -21.736  19.960  24.108 0.0000000000
13883  -20.531  19.814  23.888 0.0000000000
13884  -21.012  19.923  23.849 0.0000000000
13885  -21.542  19.854  23.766 0.0000000000
19146  -20.919  21.741  29.510 0.0000000000
19167  -21.051  21.763  29.055 0.0000000000
19166  -20.427  21.911  28.921 0.0000000000
