#!ascii label  , from subject  vox2ras=TkReg
42
2440  -21.961  10.802  12.048 0.0000000000
2439  -21.882  10.798  11.980 0.0000000000
2457  -21.719  10.749  11.731 0.0000000000
2458  -22.193  10.482  11.606 0.0000000000
2786  -21.879  10.922  12.125 0.0000000000
2787  -22.401  10.852  12.261 0.0000000000
2441  -22.660  10.645  12.045 0.0000000000
2442  -23.132  10.487  12.200 0.0000000000
2426  -22.998  10.690  12.584 0.0000000000
2788  -22.792  10.791  12.481 0.0000000000
2459  -22.752  10.374  11.759 0.0000000000
2803  -21.452  11.110  12.002 0.0000000000
2456  -21.092  10.929  11.785 0.0000000000
2474  -21.299  10.531  11.344 0.0000000000
2475  -21.738  10.390  11.283 0.0000000000
2084  -22.433  10.225  11.319 0.0000000000
2476  -22.076  10.160  11.068 0.0000000000
2085  -23.021  10.117  11.334 0.0000000000
2460  -23.129  10.310  11.833 0.0000000000
2101  -22.139  10.107  10.972 0.0000000000
2100  -21.772  10.131  10.967 0.0000000000
2785  -21.543  11.052  11.854 0.0000000000
3235  -21.867  11.247  12.430 0.0000000000
3236  -22.242  11.085  12.433 0.0000000000
2773  -22.610  10.979  12.627 0.0000000000
2802  -21.098  11.069  11.894 0.0000000000
3234  -21.417  11.458  12.395 0.0000000000
3219  -21.759  11.533  12.737 0.0000000000
3220  -22.342  11.220  12.753 0.0000000000
3233  -20.954  11.564  12.441 0.0000000000
2784  -21.005  11.246  12.092 0.0000000000
3218  -21.228  11.679  12.764 0.0000000000
3232  -20.604  11.563  12.567 0.0000000000
2783  -20.367  11.233  12.290 0.0000000000
3217  -20.797  11.682  12.820 0.0000000000
3216  -20.302  11.471  12.739 0.0000000000
3202  -21.299  11.785  13.220 0.0000000000
3203  -22.011  11.255  12.971 0.0000000000
3201  -20.942  11.740  13.107 0.0000000000
3200  -20.341  11.782  12.837 0.0000000000
2801  -20.686  11.099  11.954 0.0000000000
2102  -22.605  10.075  10.999 0.0000000000
