#!ascii label  , from subject  vox2ras=TkReg
11
7500  -26.383  16.372  13.834 0.0000000000
6811  -25.851  16.084  13.826 0.0000000000
6810  -25.833  16.029  13.825 0.0000000000
7499  -25.774  16.169  14.044 0.0000000000
6825  -26.218  16.039  13.438 0.0000000000
7513  -26.620  16.199  13.333 0.0000000000
8203  -26.287  16.724  14.256 0.0000000000
7514  -26.949  16.559  13.588 0.0000000000
7501  -26.803  16.720  13.911 0.0000000000
8204  -26.754  16.860  14.110 0.0000000000
8220  -26.969  16.898  13.985 0.0000000000
