#!ascii label  , from subject  vox2ras=TkReg
41
31086  -24.510  25.606  27.711 0.0000000000
31085  -24.241  25.456  27.887 0.0000000000
29365  -24.418  25.103  27.653 0.0000000000
29366  -24.623  25.404  27.569 0.0000000000
31109  -24.954  25.856  27.406 0.0000000000
32881  -24.428  25.833  28.018 0.0000000000
32882  -24.758  26.071  27.740 0.0000000000
29386  -24.791  25.202  27.393 0.0000000000
31110  -25.041  25.679  27.333 0.0000000000
32907  -24.954  25.948  27.538 0.0000000000
29387  -25.277  25.250  27.207 0.0000000000
31111  -25.457  25.739  27.168 0.0000000000
32908  -25.139  26.129  27.426 0.0000000000
29388  -25.800  25.315  27.079 0.0000000000
31132  -25.876  25.848  26.920 0.0000000000
32909  -25.601  26.240  27.144 0.0000000000
32859  -24.415  25.875  28.204 0.0000000000
31067  -24.169  25.694  28.178 0.0000000000
32860  -24.628  26.138  28.292 0.0000000000
34654  -24.875  26.440  27.979 0.0000000000
34681  -24.928  26.334  27.749 0.0000000000
32883  -24.984  26.264  27.650 0.0000000000
34682  -25.180  26.565  27.654 0.0000000000
34702  -25.391  26.458  27.338 0.0000000000
32861  -25.007  26.449  28.369 0.0000000000
34655  -25.185  26.749  28.172 0.0000000000
32847  -24.853  26.432  28.627 0.0000000000
34628  -25.151  26.790  28.718 0.0000000000
32846  -24.553  26.310  28.819 0.0000000000
31057  -24.419  25.926  28.501 0.0000000000
31068  -24.414  25.889  28.304 0.0000000000
34627  -24.856  26.556  28.812 0.0000000000
29355  -23.978  24.923  28.058 0.0000000000
27678  -25.033  24.778  27.285 0.0000000000
27679  -25.532  24.806  27.209 0.0000000000
29385  -24.635  25.010  27.550 0.0000000000
27677  -24.652  24.789  27.530 0.0000000000
27664  -24.103  24.878  27.751 0.0000000000
26043  -24.872  24.365  27.508 0.0000000000
26044  -25.297  24.265  27.368 0.0000000000
26042  -24.550  24.393  27.623 0.0000000000
