#!ascii label  , from subject  vox2ras=TkReg
55
19325  -23.607  22.779  21.946 0.0000000000
19337  -23.348  22.357  21.653 0.0000000000
19324  -23.095  22.419  22.070 0.0000000000
20649  -23.622  22.413  21.948 0.0000000000
20661  -24.000  22.784  21.602 0.0000000000
19336  -22.931  22.107  21.602 0.0000000000
20660  -23.439  22.279  21.274 0.0000000000
20648  -23.246  22.482  22.062 0.0000000000
20637  -23.234  22.302  22.350 0.0000000000
20638  -23.767  22.345  22.468 0.0000000000
20650  -24.091  22.570  22.050 0.0000000000
20662  -24.038  22.678  21.609 0.0000000000
20671  -22.965  22.025  21.087 0.0000000000
20672  -23.865  22.376  20.893 0.0000000000
21910  -24.143  22.683  21.104 0.0000000000
21922  -24.006  22.742  21.031 0.0000000000
20663  -24.464  22.644  21.697 0.0000000000
21911  -24.357  22.707  21.277 0.0000000000
19351  -22.889  21.907  21.098 0.0000000000
20678  -23.369  22.185  20.938 0.0000000000
20679  -23.821  22.332  20.770 0.0000000000
20673  -23.975  22.585  20.991 0.0000000000
20680  -24.068  22.429  20.649 0.0000000000
21923  -24.198  22.554  20.931 0.0000000000
19360  -23.130  21.954  20.756 0.0000000000
20686  -23.474  22.196  20.557 0.0000000000
21912  -24.839  22.739  21.374 0.0000000000
21924  -24.767  22.748  20.995 0.0000000000
21933  -24.331  22.497  20.675 0.0000000000
21934  -24.745  22.622  20.541 0.0000000000
19313  -22.995  22.225  22.153 0.0000000000
20636  -22.742  22.240  22.547 0.0000000000
20621  -23.100  22.364  23.067 0.0000000000
20622  -23.516  22.247  22.850 0.0000000000
19312  -22.595  22.100  22.251 0.0000000000
20635  -22.283  22.155  22.631 0.0000000000
20620  -22.455  22.257  22.961 0.0000000000
19350  -22.872  21.879  21.052 0.0000000000
19335  -22.815  21.994  21.503 0.0000000000
19323  -22.886  22.146  21.907 0.0000000000
19334  -22.425  21.758  21.425 0.0000000000
19322  -22.520  21.929  21.943 0.0000000000
19321  -22.004  21.795  22.011 0.0000000000
19311  -21.974  21.885  22.181 0.0000000000
17986  -22.059  21.823  21.988 0.0000000000
17985  -21.622  21.661  21.956 0.0000000000
19320  -21.389  21.770  22.257 0.0000000000
19333  -22.119  21.667  21.638 0.0000000000
19310  -21.628  21.954  22.482 0.0000000000
17984  -21.116  21.451  21.991 0.0000000000
19319  -20.951  21.800  22.351 0.0000000000
19309  -21.139  22.039  22.599 0.0000000000
20634  -21.798  22.148  22.738 0.0000000000
20633  -21.289  22.257  22.843 0.0000000000
17996  -21.884  21.482  21.551 0.0000000000
