#!ascii label  , from subject  vox2ras=TkReg
304
80798  25.042  6.200  -16.002 0.0000000000
80840  24.939  6.062  -18.325 0.0000000000
80841  24.255  5.982  -18.517 0.0000000000
80842  24.001  6.095  -18.646 0.0000000000
81641  20.653  6.397  -15.983 0.0000000000
81651  20.366  6.604  -16.010 0.0000000000
81664  22.998  6.881  -16.933 0.0000000000
81669  21.238  6.827  -16.996 0.0000000000
81687  25.041  6.539  -18.323 0.0000000000
81690  24.000  6.474  -18.418 0.0000000000
81691  24.017  6.778  -18.456 0.0000000000
81692  23.793  6.894  -18.537 0.0000000000
81694  23.988  6.370  -18.660 0.0000000000
81695  23.985  6.419  -18.671 0.0000000000
82532  25.154  6.961  -16.237 0.0000000000
82537  20.847  6.819  -16.579 0.0000000000
82546  21.020  6.998  -16.901 0.0000000000
82547  21.009  6.970  -16.887 0.0000000000
82548  20.878  7.018  -16.788 0.0000000000
82557  21.880  6.999  -17.065 0.0000000000
82558  21.406  6.982  -17.045 0.0000000000
82559  21.071  7.036  -17.025 0.0000000000
82581  24.268  6.986  -18.365 0.0000000000
82582  24.018  6.999  -18.431 0.0000000000
82583  23.906  6.940  -18.442 0.0000000000
82584  23.392  6.956  -18.604 0.0000000000
82590  22.225  6.994  -18.989 0.0000000000
83473  20.560  7.007  -15.917 0.0000000000
83474  20.222  7.192  -15.805 0.0000000000
83483  25.258  7.050  -16.187 0.0000000000
83484  20.529  7.047  -16.010 0.0000000000
83485  20.338  7.291  -15.955 0.0000000000
83495  20.280  7.296  -15.980 0.0000000000
83503  20.988  7.106  -16.907 0.0000000000
83511  21.829  7.011  -17.003 0.0000000000
83512  21.288  7.146  -17.059 0.0000000000
83513  21.003  7.227  -17.016 0.0000000000
83533  24.404  6.986  -18.455 0.0000000000
83534  24.028  7.023  -18.459 0.0000000000
83535  23.750  7.146  -18.492 0.0000000000
83536  23.578  7.008  -18.661 0.0000000000
83547  22.210  7.049  -19.022 0.0000000000
84431  20.178  7.713  -15.528 0.0000000000
84440  20.216  7.806  -15.971 0.0000000000
84450  24.000  7.557  -16.538 0.0000000000
84451  20.210  7.482  -16.087 0.0000000000
84452  20.223  7.807  -16.054 0.0000000000
84455  27.048  7.612  -16.577 0.0000000000
84456  27.012  7.781  -16.609 0.0000000000
84457  24.002  7.569  -16.624 0.0000000000
84458  23.785  7.603  -16.693 0.0000000000
84459  23.076  7.599  -16.793 0.0000000000
84460  22.955  7.576  -16.963 0.0000000000
84461  20.891  7.348  -16.955 0.0000000000
84462  20.468  7.615  -16.587 0.0000000000
84463  20.225  7.983  -16.356 0.0000000000
84466  27.210  7.698  -16.994 0.0000000000
84467  22.992  7.545  -17.051 0.0000000000
84468  22.576  7.527  -17.054 0.0000000000
84469  22.083  7.550  -17.045 0.0000000000
84470  21.999  7.617  -17.148 0.0000000000
84471  21.559  7.503  -17.137 0.0000000000
84472  21.003  7.598  -17.036 0.0000000000
84473  20.917  7.591  -16.965 0.0000000000
84474  20.639  7.850  -16.986 0.0000000000
84477  21.886  7.867  -17.397 0.0000000000
84478  21.233  7.879  -17.282 0.0000000000
84479  21.022  7.883  -17.191 0.0000000000
84498  24.116  7.375  -18.513 0.0000000000
84499  23.990  7.352  -18.531 0.0000000000
84507  22.957  7.558  -18.639 0.0000000000
85343  20.194  8.005  -15.713 0.0000000000
85349  20.127  8.004  -16.021 0.0000000000
85353  26.611  7.943  -16.429 0.0000000000
85360  24.182  7.937  -16.550 0.0000000000
85361  20.142  8.030  -16.200 0.0000000000
85364  27.085  7.938  -16.954 0.0000000000
85365  26.998  7.989  -16.891 0.0000000000
85366  26.945  8.022  -16.851 0.0000000000
85367  24.258  8.002  -16.531 0.0000000000
85368  24.058  7.986  -16.651 0.0000000000
85369  23.958  7.963  -16.778 0.0000000000
85370  23.523  7.997  -16.758 0.0000000000
85371  23.068  7.913  -16.926 0.0000000000
85372  20.605  7.961  -16.926 0.0000000000
85373  20.333  7.993  -16.733 0.0000000000
85376  27.066  8.021  -17.014 0.0000000000
85377  27.003  7.992  -17.037 0.0000000000
85378  23.121  8.019  -16.946 0.0000000000
85379  23.004  7.965  -17.006 0.0000000000
85380  22.974  7.976  -17.093 0.0000000000
85381  22.319  8.004  -17.021 0.0000000000
85382  22.007  7.958  -17.088 0.0000000000
85383  21.024  7.927  -17.136 0.0000000000
85384  20.907  7.896  -17.100 0.0000000000
85385  20.732  7.915  -17.033 0.0000000000
85389  22.029  8.032  -17.275 0.0000000000
85390  21.969  7.951  -17.331 0.0000000000
85391  21.632  8.026  -17.416 0.0000000000
85392  20.999  8.005  -17.284 0.0000000000
85393  21.015  8.087  -17.233 0.0000000000
85420  23.012  7.985  -18.711 0.0000000000
86225  19.992  8.272  -15.724 0.0000000000
86227  20.108  8.166  -16.001 0.0000000000
86228  19.986  8.286  -15.983 0.0000000000
86236  24.602  8.014  -16.446 0.0000000000
86237  20.015  8.198  -16.107 0.0000000000
86238  19.882  8.121  -16.062 0.0000000000
86241  26.975  8.132  -16.972 0.0000000000
86245  24.394  8.117  -16.640 0.0000000000
86246  23.986  8.079  -16.671 0.0000000000
86247  23.851  8.097  -16.685 0.0000000000
86248  23.400  8.163  -16.838 0.0000000000
86249  20.667  8.053  -16.990 0.0000000000
86250  20.198  8.240  -16.638 0.0000000000
86253  27.038  7.972  -17.066 0.0000000000
86256  23.012  8.092  -17.003 0.0000000000
86257  23.009  8.048  -17.033 0.0000000000
86258  22.929  8.080  -17.033 0.0000000000
86259  22.515  8.053  -17.099 0.0000000000
86260  20.981  8.067  -17.169 0.0000000000
86261  20.768  8.056  -17.074 0.0000000000
86262  20.454  8.312  -17.023 0.0000000000
86266  22.031  8.239  -17.404 0.0000000000
86267  22.005  8.302  -17.337 0.0000000000
86268  21.888  8.297  -17.450 0.0000000000
86269  21.398  8.298  -17.399 0.0000000000
86270  21.052  8.146  -17.320 0.0000000000
87043  19.563  8.546  -14.057 0.0000000000
87050  19.664  8.976  -13.956 0.0000000000
87051  19.604  8.818  -13.941 0.0000000000
87080  19.854  8.592  -15.461 0.0000000000
87084  19.998  8.701  -16.027 0.0000000000
87087  19.721  8.489  -16.017 0.0000000000
87095  19.982  8.317  -16.251 0.0000000000
87096  19.823  8.409  -16.182 0.0000000000
87104  24.453  8.765  -16.663 0.0000000000
87105  24.008  8.610  -16.722 0.0000000000
87106  23.933  8.730  -16.771 0.0000000000
87107  23.680  8.515  -16.727 0.0000000000
87108  19.861  8.472  -16.485 0.0000000000
87109  19.789  8.769  -16.765 0.0000000000
87112  26.669  8.440  -17.091 0.0000000000
87115  23.769  8.874  -16.884 0.0000000000
87116  23.356  8.572  -16.971 0.0000000000
87117  23.034  8.454  -17.034 0.0000000000
87118  22.948  8.585  -17.047 0.0000000000
87119  22.323  8.692  -17.359 0.0000000000
87120  20.995  8.517  -17.002 0.0000000000
87121  20.607  8.666  -16.996 0.0000000000
87122  20.070  8.686  -17.001 0.0000000000
87127  22.562  8.988  -17.364 0.0000000000
87128  22.049  8.839  -17.400 0.0000000000
87129  21.966  8.775  -17.441 0.0000000000
87130  21.673  8.695  -17.435 0.0000000000
87131  20.999  8.735  -17.541 0.0000000000
87132  21.007  8.520  -17.283 0.0000000000
87133  20.572  8.933  -17.176 0.0000000000
87855  19.660  8.992  -13.976 0.0000000000
87886  19.875  9.009  -15.672 0.0000000000
87887  19.613  8.984  -15.812 0.0000000000
87889  19.752  8.965  -16.010 0.0000000000
87890  19.579  9.000  -16.004 0.0000000000
87893  19.828  8.836  -16.252 0.0000000000
87894  19.582  9.021  -16.163 0.0000000000
87900  24.702  8.986  -16.792 0.0000000000
87901  24.242  9.013  -16.907 0.0000000000
87902  23.999  9.009  -16.925 0.0000000000
87903  23.923  8.998  -16.910 0.0000000000
87904  20.002  8.979  -16.835 0.0000000000
87905  19.959  9.027  -16.778 0.0000000000
87906  19.756  9.003  -16.640 0.0000000000
87911  24.445  9.045  -16.963 0.0000000000
87912  24.156  9.013  -17.003 0.0000000000
87913  24.000  9.011  -17.054 0.0000000000
87914  23.628  9.014  -17.022 0.0000000000
87915  22.999  8.981  -16.985 0.0000000000
87916  23.018  8.875  -17.057 0.0000000000
87917  22.872  9.003  -17.093 0.0000000000
87918  20.193  9.000  -17.063 0.0000000000
87919  20.002  8.990  -17.000 0.0000000000
87920  19.928  9.113  -17.003 0.0000000000
87925  22.488  9.032  -17.349 0.0000000000
87926  22.042  8.997  -17.412 0.0000000000
87927  21.943  9.002  -17.406 0.0000000000
87928  21.386  9.000  -17.418 0.0000000000
87929  21.032  8.973  -17.404 0.0000000000
87930  20.944  8.962  -17.397 0.0000000000
87931  20.489  9.016  -17.210 0.0000000000
87932  20.054  9.042  -17.055 0.0000000000
88607  19.604  9.056  -13.989 0.0000000000
88635  19.492  9.334  -15.543 0.0000000000
88638  19.462  9.334  -15.865 0.0000000000
88641  19.448  9.227  -16.002 0.0000000000
88644  19.449  9.267  -16.244 0.0000000000
88650  24.970  9.017  -16.786 0.0000000000
88651  19.910  9.408  -16.960 0.0000000000
88652  19.843  9.179  -16.880 0.0000000000
88659  24.861  9.014  -16.998 0.0000000000
88660  24.261  9.203  -17.050 0.0000000000
88661  23.998  9.172  -17.052 0.0000000000
88662  23.806  9.194  -17.069 0.0000000000
88663  23.300  8.991  -17.033 0.0000000000
88664  22.980  9.127  -17.051 0.0000000000
88665  22.974  9.043  -17.065 0.0000000000
88666  20.035  9.467  -17.085 0.0000000000
88667  19.989  9.377  -17.100 0.0000000000
88673  23.005  9.494  -17.273 0.0000000000
88674  22.868  9.221  -17.179 0.0000000000
88675  22.259  9.296  -17.394 0.0000000000
88676  21.977  9.244  -17.428 0.0000000000
88677  21.744  9.199  -17.401 0.0000000000
88678  21.089  9.233  -17.516 0.0000000000
88679  20.995  9.284  -17.415 0.0000000000
88680  20.740  9.294  -17.401 0.0000000000
88681  20.272  9.237  -17.305 0.0000000000
89353  19.958  9.821  -13.997 0.0000000000
89363  19.534  9.942  -14.078 0.0000000000
89381  19.556  9.950  -15.213 0.0000000000
89384  19.115  9.790  -15.979 0.0000000000
89385  19.218  9.974  -15.889 0.0000000000
89388  19.261  9.710  -16.015 0.0000000000
89389  19.264  10.000  -16.011 0.0000000000
89392  19.246  9.758  -16.241 0.0000000000
89393  19.121  9.984  -16.220 0.0000000000
89395  19.849  9.634  -17.011 0.0000000000
89396  19.570  9.604  -16.959 0.0000000000
89397  19.166  9.983  -16.597 0.0000000000
89403  24.513  9.693  -17.164 0.0000000000
89404  24.053  9.592  -17.048 0.0000000000
89405  23.992  9.616  -17.107 0.0000000000
89406  23.456  9.500  -17.056 0.0000000000
89407  23.008  9.277  -17.070 0.0000000000
89408  20.015  9.787  -17.209 0.0000000000
89409  19.906  9.705  -17.107 0.0000000000
89415  25.032  9.837  -17.121 0.0000000000
89416  25.031  9.793  -17.287 0.0000000000
89418  23.987  10.008  -17.219 0.0000000000
89419  23.672  9.864  -17.381 0.0000000000
89420  23.009  9.751  -17.325 0.0000000000
89421  22.968  9.737  -17.387 0.0000000000
89422  22.550  9.796  -17.398 0.0000000000
89423  22.004  9.808  -17.512 0.0000000000
89424  21.984  9.707  -17.397 0.0000000000
89425  21.458  9.677  -17.394 0.0000000000
89426  21.080  9.710  -17.413 0.0000000000
89427  20.955  9.818  -17.511 0.0000000000
89428  20.364  9.700  -17.395 0.0000000000
90095  19.872  10.005  -13.988 0.0000000000
90117  19.356  9.989  -15.703 0.0000000000
90118  19.261  9.991  -15.914 0.0000000000
90120  19.192  10.006  -16.009 0.0000000000
90123  19.236  10.019  -16.176 0.0000000000
90126  19.269  10.003  -16.996 0.0000000000
90127  19.331  9.986  -16.804 0.0000000000
90129  24.434  9.899  -17.224 0.0000000000
90130  24.028  9.889  -17.186 0.0000000000
90131  24.039  9.773  -17.180 0.0000000000
90132  19.829  9.885  -17.198 0.0000000000
90134  19.386  10.012  -17.002 0.0000000000
90138  24.995  10.023  -17.353 0.0000000000
90139  24.984  10.126  -17.441 0.0000000000
90140  24.710  9.980  -17.307 0.0000000000
90141  24.136  10.008  -17.212 0.0000000000
90142  23.988  10.038  -17.297 0.0000000000
90143  23.415  9.980  -17.377 0.0000000000
90144  23.010  9.993  -17.420 0.0000000000
90145  22.936  9.998  -17.397 0.0000000000
90146  22.383  10.011  -17.404 0.0000000000
90147  22.029  9.997  -17.407 0.0000000000
90148  21.819  9.975  -17.285 0.0000000000
90149  21.218  9.975  -17.391 0.0000000000
90150  21.029  9.983  -17.404 0.0000000000
90151  20.849  9.986  -17.408 0.0000000000
90152  20.306  10.028  -17.390 0.0000000000
90801  19.989  10.324  -14.107 0.0000000000
90802  19.710  10.296  -14.136 0.0000000000
90828  19.472  10.043  -15.172 0.0000000000
90837  19.226  10.200  -16.830 0.0000000000
90846  24.958  10.094  -17.461 0.0000000000
90847  24.447  10.138  -17.425 0.0000000000
90848  24.048  10.092  -17.342 0.0000000000
90849  23.880  10.119  -17.359 0.0000000000
90850  23.372  10.221  -17.433 0.0000000000
90851  22.987  10.150  -17.406 0.0000000000
90852  22.875  10.134  -17.391 0.0000000000
90853  22.380  10.051  -17.369 0.0000000000
90854  21.960  10.051  -17.395 0.0000000000
90855  21.745  10.003  -17.381 0.0000000000
90856  21.189  10.089  -17.401 0.0000000000
90857  21.002  10.101  -17.408 0.0000000000
90858  20.743  10.104  -17.384 0.0000000000
90868  21.986  10.241  -17.457 0.0000000000
90869  22.010  10.383  -17.621 0.0000000000
90870  21.567  10.487  -17.622 0.0000000000
90871  21.027  10.483  -17.650 0.0000000000
91534  19.934  11.012  -14.127 0.0000000000
91567  24.000  10.639  -17.500 0.0000000000
91568  23.989  10.518  -17.556 0.0000000000
91569  23.728  10.623  -17.461 0.0000000000
91571  22.998  10.621  -17.503 0.0000000000
91572  22.849  10.585  -17.513 0.0000000000
91573  22.448  10.612  -17.533 0.0000000000
92281  19.759  11.038  -14.755 0.0000000000
