#!ascii label  , from subject  vox2ras=TkReg
284
71072  -21.534  4.991  -15.959 0.0000000000
71079  -18.027  4.944  -16.579 0.0000000000
71080  -18.440  4.888  -16.722 0.0000000000
71082  -20.111  4.979  -16.385 0.0000000000
71089  -18.284  5.005  -16.782 0.0000000000
71090  -18.766  4.974  -16.788 0.0000000000
71092  -19.146  4.992  -16.758 0.0000000000
71094  -20.017  4.925  -16.704 0.0000000000
71095  -20.089  5.002  -16.631 0.0000000000
71926  -20.988  5.022  -16.064 0.0000000000
71937  -17.752  4.999  -16.178 0.0000000000
71939  -20.220  5.004  -16.540 0.0000000000
71940  -20.511  5.098  -16.432 0.0000000000
71941  -20.985  5.022  -16.214 0.0000000000
71942  -21.038  5.047  -16.193 0.0000000000
71947  -17.931  5.092  -16.540 0.0000000000
71948  -18.055  5.136  -16.683 0.0000000000
71949  -18.543  5.052  -16.834 0.0000000000
71950  -19.002  5.016  -16.774 0.0000000000
71951  -19.046  5.008  -16.827 0.0000000000
71952  -19.388  5.017  -16.778 0.0000000000
71953  -19.894  5.048  -16.670 0.0000000000
71954  -20.014  5.139  -16.723 0.0000000000
71955  -20.153  5.074  -16.638 0.0000000000
71959  -18.043  5.409  -16.906 0.0000000000
71960  -18.312  5.097  -17.094 0.0000000000
71961  -18.827  5.166  -16.987 0.0000000000
71962  -19.034  5.157  -17.003 0.0000000000
71963  -19.387  5.152  -16.969 0.0000000000
71964  -19.634  5.099  -16.886 0.0000000000
72819  -16.961  5.350  -15.769 0.0000000000
72830  -16.907  5.508  -15.939 0.0000000000
72845  -17.735  5.006  -16.318 0.0000000000
72846  -20.829  5.221  -16.354 0.0000000000
72847  -20.945  5.442  -16.401 0.0000000000
72848  -21.025  5.344  -16.347 0.0000000000
72849  -21.441  5.517  -16.243 0.0000000000
72853  -17.402  5.334  -16.620 0.0000000000
72854  -17.895  5.363  -16.970 0.0000000000
72855  -18.005  5.399  -16.912 0.0000000000
72856  -20.003  5.352  -16.772 0.0000000000
72857  -20.045  5.500  -16.855 0.0000000000
72858  -20.250  5.577  -16.818 0.0000000000
72859  -20.880  5.855  -16.683 0.0000000000
72863  -17.947  5.627  -17.059 0.0000000000
72864  -17.985  5.555  -17.046 0.0000000000
72865  -18.100  5.539  -17.048 0.0000000000
72866  -18.603  5.328  -17.120 0.0000000000
72867  -19.018  5.451  -17.054 0.0000000000
72868  -19.346  5.505  -17.050 0.0000000000
72869  -19.802  5.405  -17.009 0.0000000000
72870  -20.059  5.619  -17.030 0.0000000000
73688  -16.694  5.814  -15.994 0.0000000000
73691  -16.552  5.981  -15.999 0.0000000000
73703  -16.986  5.823  -16.310 0.0000000000
73704  -17.052  5.822  -16.408 0.0000000000
73705  -21.042  5.707  -16.429 0.0000000000
73706  -21.216  5.976  -16.600 0.0000000000
73708  -21.962  5.955  -16.128 0.0000000000
73713  -17.143  5.987  -16.613 0.0000000000
73714  -17.531  5.976  -17.006 0.0000000000
73715  -17.815  5.779  -17.013 0.0000000000
73716  -20.238  5.840  -16.999 0.0000000000
73717  -20.628  5.992  -16.802 0.0000000000
73718  -20.996  5.934  -16.663 0.0000000000
73719  -21.015  5.987  -16.686 0.0000000000
73722  -17.696  6.037  -17.023 0.0000000000
73723  -17.893  5.866  -16.958 0.0000000000
73724  -18.064  5.805  -17.080 0.0000000000
73725  -18.358  5.699  -17.218 0.0000000000
73726  -18.926  5.709  -17.270 0.0000000000
73727  -19.119  5.893  -17.106 0.0000000000
73728  -19.689  6.001  -17.005 0.0000000000
73729  -20.021  5.920  -17.037 0.0000000000
73730  -20.218  5.913  -17.027 0.0000000000
73731  -20.435  6.016  -16.999 0.0000000000
73734  -18.084  5.980  -17.234 0.0000000000
73735  -18.757  6.007  -17.476 0.0000000000
73736  -19.029  6.002  -17.376 0.0000000000
73737  -18.993  5.989  -17.263 0.0000000000
74514  -16.477  5.931  -16.028 0.0000000000
74523  -17.020  5.947  -16.460 0.0000000000
74524  -21.187  5.997  -16.500 0.0000000000
74525  -21.637  6.023  -16.323 0.0000000000
74533  -16.998  6.044  -16.486 0.0000000000
74534  -17.044  6.049  -16.594 0.0000000000
74535  -17.247  6.149  -16.683 0.0000000000
74536  -20.565  6.149  -16.885 0.0000000000
74537  -20.883  6.033  -16.698 0.0000000000
74538  -21.018  6.055  -16.670 0.0000000000
74543  -17.338  6.023  -17.015 0.0000000000
74544  -17.850  6.045  -17.095 0.0000000000
74545  -18.029  5.837  -17.001 0.0000000000
74546  -19.027  6.045  -17.225 0.0000000000
74547  -19.450  6.019  -17.077 0.0000000000
74548  -19.998  6.101  -17.037 0.0000000000
74549  -20.064  6.103  -17.102 0.0000000000
74550  -20.293  6.174  -17.042 0.0000000000
74554  -17.967  6.228  -17.185 0.0000000000
74555  -18.036  6.036  -17.220 0.0000000000
74556  -18.248  6.138  -17.405 0.0000000000
74557  -18.771  6.259  -17.431 0.0000000000
74558  -19.036  6.170  -17.353 0.0000000000
74559  -19.214  6.169  -17.332 0.0000000000
74560  -19.887  6.328  -17.210 0.0000000000
75348  -21.446  6.164  -16.275 0.0000000000
75358  -17.057  6.511  -16.726 0.0000000000
75359  -17.323  6.407  -16.832 0.0000000000
75360  -20.687  6.306  -16.747 0.0000000000
75361  -20.896  6.533  -16.687 0.0000000000
75362  -21.281  6.471  -16.628 0.0000000000
75367  -16.997  6.640  -17.007 0.0000000000
75368  -17.406  6.440  -17.001 0.0000000000
75369  -18.003  6.513  -17.139 0.0000000000
75370  -19.997  6.398  -17.035 0.0000000000
75371  -20.167  6.549  -17.153 0.0000000000
75372  -20.622  6.532  -16.984 0.0000000000
75373  -20.999  6.727  -17.002 0.0000000000
75377  -17.961  6.643  -17.503 0.0000000000
75378  -18.054  6.609  -17.310 0.0000000000
75379  -18.519  6.635  -17.404 0.0000000000
75380  -19.007  6.726  -17.422 0.0000000000
75381  -18.984  6.696  -17.465 0.0000000000
75382  -19.577  6.724  -17.403 0.0000000000
75383  -19.921  6.651  -17.267 0.0000000000
75384  -20.011  6.816  -17.458 0.0000000000
76185  -21.955  6.933  -16.543 0.0000000000
76195  -20.970  7.015  -16.876 0.0000000000
76196  -20.999  6.939  -16.771 0.0000000000
76197  -21.329  7.009  -16.712 0.0000000000
76205  -17.022  6.965  -17.025 0.0000000000
76206  -17.208  6.968  -17.065 0.0000000000
76207  -17.354  6.987  -17.109 0.0000000000
76208  -20.089  6.995  -17.386 0.0000000000
76209  -20.260  7.018  -16.991 0.0000000000
76210  -20.837  7.004  -17.007 0.0000000000
76214  -17.202  7.016  -17.181 0.0000000000
76215  -17.609  7.003  -17.364 0.0000000000
76216  -17.994  6.963  -17.433 0.0000000000
76217  -18.188  7.010  -17.412 0.0000000000
76218  -18.748  6.987  -17.409 0.0000000000
76219  -19.014  6.988  -17.418 0.0000000000
76220  -19.233  6.992  -17.410 0.0000000000
76221  -19.831  6.995  -17.408 0.0000000000
76222  -19.998  7.009  -17.382 0.0000000000
77103  -16.044  7.143  -16.471 0.0000000000
77106  -20.988  7.082  -16.816 0.0000000000
77107  -21.020  7.080  -16.735 0.0000000000
77108  -21.551  7.233  -16.702 0.0000000000
77118  -17.251  7.042  -17.130 0.0000000000
77119  -20.221  7.170  -17.217 0.0000000000
77120  -20.589  7.181  -17.008 0.0000000000
77121  -20.882  7.185  -16.953 0.0000000000
77126  -17.000  7.138  -17.156 0.0000000000
77127  -17.334  7.181  -17.232 0.0000000000
77128  -17.937  7.099  -17.445 0.0000000000
77129  -18.007  7.092  -17.406 0.0000000000
77130  -18.323  7.189  -17.412 0.0000000000
77131  -18.963  7.160  -17.587 0.0000000000
77132  -18.998  7.137  -17.404 0.0000000000
77133  -19.371  7.142  -17.420 0.0000000000
77134  -19.947  7.152  -17.417 0.0000000000
77135  -20.027  7.213  -17.338 0.0000000000
78069  -20.982  7.316  -16.793 0.0000000000
78070  -21.215  7.659  -16.798 0.0000000000
78078  -16.997  7.621  -17.029 0.0000000000
78079  -17.006  7.557  -17.189 0.0000000000
78080  -20.368  7.496  -17.076 0.0000000000
78081  -20.713  7.559  -17.034 0.0000000000
78082  -21.000  7.580  -16.962 0.0000000000
78083  -21.010  7.900  -16.990 0.0000000000
78088  -16.996  7.651  -17.257 0.0000000000
78089  -17.536  7.642  -17.457 0.0000000000
78090  -18.002  7.663  -17.465 0.0000000000
78091  -18.007  7.635  -17.364 0.0000000000
78092  -18.606  7.670  -17.345 0.0000000000
78093  -18.974  7.698  -17.397 0.0000000000
78094  -19.134  7.541  -17.409 0.0000000000
78095  -19.595  7.589  -17.467 0.0000000000
78096  -20.020  7.606  -17.411 0.0000000000
78097  -20.132  7.658  -17.343 0.0000000000
78117  -18.480  7.666  -18.816 0.0000000000
78895  -19.328  7.838  -12.115 0.0000000000
79001  -21.347  7.991  -16.952 0.0000000000
79002  -21.737  8.002  -16.916 0.0000000000
79010  -17.007  7.988  -17.094 0.0000000000
79011  -20.404  7.955  -17.042 0.0000000000
79012  -20.954  7.959  -17.047 0.0000000000
79013  -21.076  7.957  -17.052 0.0000000000
79014  -21.394  7.990  -16.993 0.0000000000
79015  -21.789  7.995  -16.998 0.0000000000
79023  -17.773  7.982  -17.410 0.0000000000
79024  -17.995  7.998  -17.413 0.0000000000
79025  -18.210  7.980  -17.269 0.0000000000
79026  -18.838  7.975  -17.371 0.0000000000
79027  -19.012  7.979  -17.409 0.0000000000
79028  -19.242  7.965  -17.557 0.0000000000
79029  -19.870  7.997  -17.401 0.0000000000
79030  -19.990  8.002  -17.409 0.0000000000
79031  -19.994  7.995  -17.352 0.0000000000
79046  -17.948  7.937  -18.696 0.0000000000
79047  -18.028  8.025  -18.692 0.0000000000
79048  -18.208  7.975  -18.804 0.0000000000
79049  -18.777  8.006  -18.760 0.0000000000
79050  -19.004  8.003  -18.882 0.0000000000
79060  -19.160  8.033  -18.975 0.0000000000
79903  -20.252  8.036  -17.175 0.0000000000
79904  -20.802  8.055  -17.041 0.0000000000
79905  -20.930  8.031  -17.022 0.0000000000
79906  -21.007  8.153  -16.999 0.0000000000
79907  -21.457  8.183  -17.052 0.0000000000
79908  -21.977  8.067  -17.025 0.0000000000
79916  -17.810  8.270  -17.386 0.0000000000
79917  -18.037  8.162  -17.388 0.0000000000
79918  -18.323  8.036  -17.211 0.0000000000
79919  -18.976  8.138  -17.223 0.0000000000
79920  -19.012  8.109  -17.403 0.0000000000
79921  -19.446  8.142  -17.391 0.0000000000
79922  -19.987  8.149  -17.393 0.0000000000
79923  -20.038  8.266  -17.345 0.0000000000
79924  -20.138  8.201  -17.343 0.0000000000
79934  -22.592  8.048  -17.995 0.0000000000
79944  -17.980  8.239  -18.677 0.0000000000
79945  -18.005  8.261  -18.725 0.0000000000
79946  -18.386  8.118  -18.907 0.0000000000
79947  -18.999  8.219  -18.906 0.0000000000
79948  -19.076  8.110  -18.909 0.0000000000
79958  -18.991  8.277  -19.024 0.0000000000
79959  -19.124  8.117  -19.023 0.0000000000
80685  -19.432  8.578  -12.483 0.0000000000
80687  -19.982  8.743  -12.520 0.0000000000
80774  -20.959  8.540  -17.153 0.0000000000
80775  -20.984  8.591  -17.040 0.0000000000
80776  -21.107  8.425  -17.011 0.0000000000
80786  -17.981  8.752  -17.404 0.0000000000
80787  -18.132  8.609  -17.325 0.0000000000
80788  -18.603  8.595  -17.376 0.0000000000
80789  -18.964  8.721  -17.388 0.0000000000
80790  -19.097  8.624  -17.406 0.0000000000
80791  -19.654  8.632  -17.383 0.0000000000
80792  -19.969  8.635  -17.450 0.0000000000
80793  -20.040  8.740  -17.372 0.0000000000
80794  -20.582  8.838  -17.068 0.0000000000
81557  -19.029  9.014  -12.724 0.0000000000
81558  -19.435  8.995  -12.854 0.0000000000
81637  -20.923  9.018  -17.184 0.0000000000
81638  -21.005  8.959  -17.210 0.0000000000
81639  -21.029  8.939  -17.190 0.0000000000
81648  -17.780  8.981  -17.398 0.0000000000
81649  -17.987  8.995  -17.426 0.0000000000
81650  -18.339  8.953  -17.283 0.0000000000
81651  -18.929  8.906  -17.396 0.0000000000
81652  -19.000  8.989  -17.404 0.0000000000
81653  -19.388  8.976  -17.290 0.0000000000
81654  -19.942  8.987  -17.391 0.0000000000
81655  -20.006  8.998  -17.404 0.0000000000
81656  -20.369  8.954  -17.334 0.0000000000
81657  -20.912  9.021  -17.271 0.0000000000
81658  -21.006  9.081  -17.236 0.0000000000
81695  -19.768  9.022  -19.236 0.0000000000
82367  -20.316  9.164  -12.819 0.0000000000
82446  -17.927  9.188  -17.309 0.0000000000
82447  -18.032  9.141  -17.440 0.0000000000
82448  -18.774  8.990  -17.404 0.0000000000
82449  -18.986  9.037  -17.442 0.0000000000
82450  -19.170  8.996  -17.423 0.0000000000
82451  -19.746  9.109  -17.398 0.0000000000
82452  -19.954  9.105  -17.393 0.0000000000
82453  -20.116  9.038  -17.377 0.0000000000
82454  -20.673  9.069  -17.348 0.0000000000
82455  -21.012  9.054  -17.324 0.0000000000
82460  -18.522  9.366  -17.631 0.0000000000
82461  -18.893  9.365  -17.605 0.0000000000
82462  -19.006  9.410  -17.697 0.0000000000
82463  -19.310  9.210  -17.819 0.0000000000
82464  -19.572  9.450  -17.586 0.0000000000
83167  -18.000  9.552  -17.567 0.0000000000
83168  -19.868  9.568  -17.560 0.0000000000
83169  -20.001  9.513  -17.406 0.0000000000
83170  -20.088  9.555  -17.523 0.0000000000
83171  -20.302  9.525  -17.278 0.0000000000
83172  -20.908  9.410  -17.558 0.0000000000
83784  -20.008  9.991  -12.947 0.0000000000
83800  -20.129  10.002  -13.096 0.0000000000
