#!ascii label  , from subject  vox2ras=TkReg
930
19425  -18.438  -17.014  -10.871 0.0000000000
19428  -18.503  -16.965  -10.980 0.0000000000
19441  -18.104  -17.013  -12.037 0.0000000000
19444  -17.699  -16.987  -12.412 0.0000000000
20098  -16.325  -16.913  -10.535 0.0000000000
20104  -18.875  -16.573  -10.789 0.0000000000
20108  -16.313  -16.869  -11.374 0.0000000000
20109  -16.867  -16.589  -11.615 0.0000000000
20112  -16.456  -17.004  -11.823 0.0000000000
20113  -16.706  -16.838  -11.992 0.0000000000
20114  -18.128  -16.998  -11.979 0.0000000000
20115  -18.372  -16.770  -12.011 0.0000000000
20116  -18.871  -16.430  -11.559 0.0000000000
20117  -16.867  -16.703  -12.095 0.0000000000
20118  -16.989  -16.725  -12.236 0.0000000000
20120  -18.118  -16.755  -12.074 0.0000000000
20121  -18.317  -16.616  -12.033 0.0000000000
20124  -18.004  -16.858  -12.412 0.0000000000
20125  -18.024  -16.811  -12.330 0.0000000000
20795  -16.002  -16.202  -9.935 0.0000000000
20804  -16.040  -16.357  -9.992 0.0000000000
20805  -16.160  -16.041  -10.003 0.0000000000
20813  -16.242  -16.327  -10.228 0.0000000000
20814  -18.974  -16.058  -10.255 0.0000000000
20815  -19.085  -16.144  -10.287 0.0000000000
20816  -16.612  -16.306  -10.852 0.0000000000
20817  -16.823  -16.037  -10.990 0.0000000000
20818  -19.005  -16.256  -10.912 0.0000000000
20819  -19.129  -16.220  -10.572 0.0000000000
20820  -16.403  -16.435  -10.985 0.0000000000
20821  -16.677  -16.076  -11.025 0.0000000000
20822  -19.031  -16.295  -11.034 0.0000000000
20823  -19.153  -16.452  -11.006 0.0000000000
20824  -16.220  -16.611  -11.133 0.0000000000
20825  -16.681  -16.238  -11.294 0.0000000000
20826  -19.016  -16.132  -11.395 0.0000000000
20827  -19.132  -16.222  -11.267 0.0000000000
20828  -16.974  -16.256  -11.900 0.0000000000
20829  -16.945  -16.119  -11.945 0.0000000000
20830  -18.635  -16.287  -12.042 0.0000000000
20831  -18.866  -16.106  -11.883 0.0000000000
20832  -19.102  -16.162  -11.583 0.0000000000
20833  -16.889  -16.339  -12.018 0.0000000000
20834  -16.996  -16.284  -12.038 0.0000000000
20835  -17.010  -16.038  -12.063 0.0000000000
20836  -18.134  -16.285  -12.286 0.0000000000
20837  -18.450  -16.246  -12.076 0.0000000000
20838  -18.746  -16.051  -12.080 0.0000000000
20839  -16.991  -16.402  -12.422 0.0000000000
20840  -17.237  -16.255  -12.228 0.0000000000
20841  -17.805  -16.327  -12.482 0.0000000000
20842  -18.018  -16.238  -12.486 0.0000000000
21535  -16.013  -16.069  -9.871 0.0000000000
21536  -16.145  -16.024  -10.015 0.0000000000
21538  -19.029  -15.889  -10.075 0.0000000000
21544  -16.333  -16.050  -10.241 0.0000000000
21545  -16.618  -15.977  -10.661 0.0000000000
21546  -19.068  -16.000  -10.330 0.0000000000
21547  -19.106  -15.938  -10.364 0.0000000000
21548  -19.302  -16.013  -10.575 0.0000000000
21552  -16.524  -16.044  -10.686 0.0000000000
21553  -16.699  -16.005  -10.916 0.0000000000
21554  -19.212  -16.101  -10.815 0.0000000000
21555  -19.362  -16.001  -10.855 0.0000000000
21556  -16.660  -15.997  -11.002 0.0000000000
21557  -19.202  -16.108  -11.113 0.0000000000
21558  -19.394  -16.009  -10.991 0.0000000000
21559  -16.661  -16.014  -11.139 0.0000000000
21560  -16.666  -16.016  -11.806 0.0000000000
21561  -19.183  -16.110  -11.398 0.0000000000
21562  -19.384  -15.993  -11.241 0.0000000000
21563  -16.898  -16.017  -11.685 0.0000000000
21564  -16.997  -16.021  -11.880 0.0000000000
21565  -18.855  -15.987  -11.958 0.0000000000
21566  -18.979  -16.009  -11.660 0.0000000000
21567  -17.035  -16.046  -11.955 0.0000000000
21568  -17.038  -15.996  -12.000 0.0000000000
21569  -18.015  -16.044  -12.635 0.0000000000
21570  -18.364  -16.034  -12.346 0.0000000000
21571  -18.737  -15.992  -12.027 0.0000000000
21572  -17.140  -16.000  -12.116 0.0000000000
21573  -17.620  -15.987  -12.339 0.0000000000
21574  -18.000  -16.002  -12.427 0.0000000000
21575  -18.179  -15.982  -12.355 0.0000000000
22254  -15.998  -15.748  -9.768 0.0000000000
22255  -16.096  -15.661  -9.792 0.0000000000
22256  -16.316  -15.492  -9.835 0.0000000000
22264  -16.046  -15.934  -9.906 0.0000000000
22265  -16.252  -15.747  -9.995 0.0000000000
22266  -16.492  -15.478  -9.994 0.0000000000
22274  -16.240  -15.985  -10.035 0.0000000000
22275  -16.610  -15.774  -10.428 0.0000000000
22276  -19.136  -15.911  -10.223 0.0000000000
22277  -19.585  -15.448  -10.434 0.0000000000
22278  -19.860  -15.562  -10.551 0.0000000000
22282  -16.711  -15.769  -10.887 0.0000000000
22283  -19.598  -15.803  -10.992 0.0000000000
22284  -19.929  -15.424  -10.900 0.0000000000
22285  -16.705  -15.889  -10.953 0.0000000000
22286  -16.706  -15.467  -11.080 0.0000000000
22287  -19.499  -15.828  -11.004 0.0000000000
22288  -19.770  -15.612  -11.028 0.0000000000
22289  -16.511  -16.002  -11.269 0.0000000000
22290  -16.899  -15.708  -11.392 0.0000000000
22291  -19.229  -16.085  -11.547 0.0000000000
22292  -19.450  -15.895  -11.196 0.0000000000
22293  -19.944  -15.364  -11.096 0.0000000000
22294  -17.021  -15.877  -11.909 0.0000000000
22295  -17.018  -15.475  -11.962 0.0000000000
22296  -18.859  -15.849  -11.893 0.0000000000
22297  -19.020  -15.695  -11.868 0.0000000000
22298  -19.213  -15.339  -11.933 0.0000000000
22299  -17.164  -15.930  -11.983 0.0000000000
22300  -17.057  -15.761  -12.024 0.0000000000
22301  -17.595  -15.627  -12.114 0.0000000000
22302  -18.662  -15.971  -12.345 0.0000000000
22303  -18.958  -15.625  -12.073 0.0000000000
22304  -19.018  -15.329  -12.102 0.0000000000
22306  -17.979  -15.733  -12.338 0.0000000000
22307  -18.005  -15.735  -12.497 0.0000000000
22308  -18.156  -15.718  -12.527 0.0000000000
22980  -15.834  -15.114  -9.576 0.0000000000
22981  -16.001  -15.288  -9.499 0.0000000000
22982  -16.225  -15.147  -9.672 0.0000000000
22990  -16.381  -15.237  -9.911 0.0000000000
22991  -16.574  -15.067  -9.996 0.0000000000
22994  -19.835  -15.010  -10.110 0.0000000000
22999  -16.618  -15.156  -10.355 0.0000000000
23000  -19.877  -15.151  -10.203 0.0000000000
23001  -20.051  -15.142  -10.394 0.0000000000
23002  -20.145  -15.062  -10.461 0.0000000000
23006  -17.002  -15.191  -10.994 0.0000000000
23007  -17.010  -15.148  -11.017 0.0000000000
23008  -20.093  -15.276  -10.883 0.0000000000
23009  -20.200  -15.131  -10.670 0.0000000000
23010  -16.879  -15.393  -11.008 0.0000000000
23011  -16.959  -15.081  -11.069 0.0000000000
23012  -20.047  -15.290  -11.073 0.0000000000
23013  -20.209  -15.163  -10.978 0.0000000000
23014  -17.056  -15.202  -11.426 0.0000000000
23015  -19.862  -15.151  -11.574 0.0000000000
23016  -20.066  -15.181  -11.364 0.0000000000
23017  -20.193  -15.155  -11.174 0.0000000000
23018  -17.342  -15.259  -11.838 0.0000000000
23019  -17.405  -15.082  -11.994 0.0000000000
23020  -19.169  -15.145  -12.013 0.0000000000
23021  -19.632  -15.009  -11.977 0.0000000000
23022  -19.947  -15.005  -11.634 0.0000000000
23023  -17.315  -15.149  -12.131 0.0000000000
23024  -17.917  -15.134  -12.171 0.0000000000
23025  -18.013  -15.002  -12.257 0.0000000000
23026  -18.489  -15.226  -12.231 0.0000000000
23027  -18.913  -15.093  -11.998 0.0000000000
23028  -18.933  -15.021  -12.061 0.0000000000
23029  -18.008  -15.285  -12.317 0.0000000000
23689  -15.913  -14.990  -9.593 0.0000000000
23690  -15.979  -14.971  -9.670 0.0000000000
23691  -16.061  -14.983  -9.670 0.0000000000
23700  -16.369  -14.974  -9.830 0.0000000000
23701  -16.490  -15.019  -10.008 0.0000000000
23710  -16.745  -15.003  -10.413 0.0000000000
23711  -17.043  -14.973  -10.662 0.0000000000
23712  -20.075  -15.025  -10.305 0.0000000000
23713  -20.257  -14.988  -10.469 0.0000000000
23714  -20.509  -14.988  -10.936 0.0000000000
23719  -16.878  -14.984  -10.668 0.0000000000
23720  -17.059  -15.003  -10.888 0.0000000000
23721  -20.286  -15.018  -10.873 0.0000000000
23722  -20.394  -14.968  -11.018 0.0000000000
23723  -17.016  -15.005  -11.021 0.0000000000
23724  -20.338  -14.993  -11.131 0.0000000000
23725  -20.342  -14.862  -11.022 0.0000000000
23726  -17.058  -15.015  -11.313 0.0000000000
23727  -17.190  -14.997  -11.627 0.0000000000
23728  -19.972  -15.004  -11.528 0.0000000000
23729  -20.170  -15.020  -11.329 0.0000000000
23730  -17.339  -15.070  -11.721 0.0000000000
23731  -17.541  -14.963  -11.895 0.0000000000
23732  -17.785  -14.783  -12.035 0.0000000000
23733  -19.131  -14.848  -12.023 0.0000000000
23736  -17.682  -15.004  -12.031 0.0000000000
23737  -17.885  -14.891  -12.122 0.0000000000
23738  -18.264  -14.929  -12.137 0.0000000000
23739  -18.591  -14.987  -12.057 0.0000000000
23740  -18.989  -15.067  -12.026 0.0000000000
23741  -19.031  -14.911  -11.944 0.0000000000
24400  -18.422  -14.802  -9.082 0.0000000000
24401  -18.748  -14.625  -9.205 0.0000000000
24409  -15.859  -14.851  -9.550 0.0000000000
24410  -16.008  -14.681  -9.665 0.0000000000
24411  -16.020  -14.765  -9.503 0.0000000000
24412  -19.067  -14.848  -9.413 0.0000000000
24417  -14.046  -14.556  -10.024 0.0000000000
24419  -16.238  -14.772  -9.800 0.0000000000
24420  -16.600  -14.879  -9.993 0.0000000000
24428  -16.683  -14.636  -10.153 0.0000000000
24429  -16.882  -14.572  -10.364 0.0000000000
24436  -17.062  -14.523  -10.674 0.0000000000
24437  -20.721  -14.565  -11.013 0.0000000000
24438  -17.137  -14.635  -10.975 0.0000000000
24439  -17.120  -14.362  -11.019 0.0000000000
24440  -20.431  -14.936  -11.168 0.0000000000
24441  -20.467  -14.607  -11.014 0.0000000000
24442  -17.045  -14.917  -11.094 0.0000000000
24443  -17.086  -14.717  -11.235 0.0000000000
24444  -20.010  -14.876  -11.515 0.0000000000
24446  -20.432  -14.619  -11.196 0.0000000000
24447  -17.580  -14.823  -11.846 0.0000000000
24448  -17.795  -14.638  -12.021 0.0000000000
24449  -19.007  -14.493  -11.935 0.0000000000
24450  -19.120  -14.514  -11.877 0.0000000000
24454  -17.903  -14.607  -12.122 0.0000000000
24455  -18.150  -14.670  -12.125 0.0000000000
24456  -18.498  -14.733  -12.111 0.0000000000
24457  -18.873  -14.832  -12.030 0.0000000000
24458  -18.984  -14.743  -11.931 0.0000000000
25101  -15.705  -14.464  -9.332 0.0000000000
25109  -14.129  -14.167  -9.990 0.0000000000
25113  -15.877  -14.050  -9.629 0.0000000000
25114  -16.010  -14.157  -9.672 0.0000000000
25115  -16.172  -14.248  -9.690 0.0000000000
25116  -16.487  -14.021  -9.841 0.0000000000
25122  -13.946  -14.249  -10.079 0.0000000000
25123  -14.053  -14.093  -10.037 0.0000000000
25124  -16.413  -14.325  -9.869 0.0000000000
25125  -16.784  -14.100  -9.987 0.0000000000
25126  -16.862  -14.005  -10.095 0.0000000000
25133  -13.961  -14.127  -10.220 0.0000000000
25134  -16.838  -14.243  -10.160 0.0000000000
25135  -17.017  -14.062  -10.288 0.0000000000
25141  -13.520  -14.025  -10.707 0.0000000000
25142  -13.930  -14.024  -10.504 0.0000000000
25143  -17.060  -14.049  -10.787 0.0000000000
25148  -17.078  -14.162  -10.927 0.0000000000
25149  -17.199  -14.103  -11.050 0.0000000000
25152  -17.262  -14.093  -11.114 0.0000000000
25153  -17.650  -14.047  -11.566 0.0000000000
25157  -17.468  -14.301  -11.537 0.0000000000
25158  -17.885  -14.225  -11.893 0.0000000000
25159  -18.002  -14.088  -11.870 0.0000000000
25160  -18.127  -14.007  -11.784 0.0000000000
25166  -17.921  -14.298  -12.031 0.0000000000
25167  -18.065  -14.367  -11.998 0.0000000000
25168  -18.309  -14.422  -12.014 0.0000000000
25169  -18.755  -14.508  -12.041 0.0000000000
25809  -14.208  -13.958  -9.927 0.0000000000
25813  -15.770  -13.943  -9.742 0.0000000000
25814  -16.012  -13.988  -9.699 0.0000000000
25815  -16.215  -14.003  -9.672 0.0000000000
25816  -16.793  -13.990  -9.791 0.0000000000
25823  -14.295  -14.003  -10.119 0.0000000000
25824  -16.968  -14.018  -10.009 0.0000000000
25825  -16.998  -13.914  -10.125 0.0000000000
25831  -14.003  -13.906  -10.356 0.0000000000
25832  -14.109  -14.005  -10.341 0.0000000000
25833  -17.057  -13.988  -10.527 0.0000000000
25840  -13.821  -13.991  -10.889 0.0000000000
25841  -13.991  -13.990  -10.611 0.0000000000
25842  -17.200  -13.989  -10.906 0.0000000000
25843  -17.381  -13.830  -11.025 0.0000000000
25849  -17.050  -14.002  -10.999 0.0000000000
25850  -17.180  -13.987  -11.009 0.0000000000
25853  -17.402  -13.991  -11.282 0.0000000000
25854  -17.774  -13.992  -11.651 0.0000000000
25862  -17.995  -14.019  -11.763 0.0000000000
25863  -18.023  -13.967  -11.822 0.0000000000
25864  -18.508  -13.989  -11.783 0.0000000000
26540  -14.186  -13.568  -9.977 0.0000000000
26541  -14.394  -13.538  -9.696 0.0000000000
26542  -14.957  -13.615  -9.642 0.0000000000
26543  -15.049  -13.688  -9.634 0.0000000000
26544  -15.380  -13.595  -9.658 0.0000000000
26545  -16.014  -13.605  -9.942 0.0000000000
26546  -16.013  -13.682  -9.644 0.0000000000
26547  -16.359  -13.556  -9.737 0.0000000000
26554  -14.001  -13.556  -9.996 0.0000000000
26555  -16.930  -13.635  -9.989 0.0000000000
26556  -16.944  -13.524  -10.029 0.0000000000
26562  -14.008  -13.425  -10.477 0.0000000000
26563  -14.170  -13.553  -10.313 0.0000000000
26564  -17.048  -13.543  -10.133 0.0000000000
26569  -13.881  -13.675  -11.014 0.0000000000
26570  -13.982  -13.573  -10.741 0.0000000000
26571  -17.077  -13.541  -10.660 0.0000000000
26572  -17.431  -13.577  -10.999 0.0000000000
26578  -13.831  -13.471  -11.007 0.0000000000
26579  -17.504  -13.511  -11.119 0.0000000000
26580  -17.756  -13.298  -11.209 0.0000000000
26588  -17.408  -13.790  -11.182 0.0000000000
26589  -17.721  -13.618  -11.482 0.0000000000
26590  -17.996  -13.479  -11.590 0.0000000000
26591  -18.425  -13.615  -11.802 0.0000000000
26600  -17.965  -13.875  -11.714 0.0000000000
26601  -17.988  -13.833  -11.681 0.0000000000
26602  -18.198  -13.910  -11.827 0.0000000000
26603  -18.679  -13.951  -11.851 0.0000000000
27320  -14.260  -13.203  -9.838 0.0000000000
27321  -14.680  -13.131  -9.627 0.0000000000
27322  -14.980  -13.079  -9.636 0.0000000000
27323  -15.037  -13.014  -9.542 0.0000000000
27324  -15.580  -13.101  -9.670 0.0000000000
27325  -15.993  -13.091  -9.671 0.0000000000
27326  -16.073  -13.062  -9.523 0.0000000000
27327  -16.549  -12.906  -9.754 0.0000000000
27333  -14.174  -13.104  -9.994 0.0000000000
27334  -16.813  -13.016  -9.980 0.0000000000
27335  -17.013  -13.123  -9.972 0.0000000000
27340  -13.945  -12.986  -10.239 0.0000000000
27341  -14.227  -13.098  -10.144 0.0000000000
27342  -17.009  -13.008  -10.116 0.0000000000
27343  -17.060  -13.070  -10.274 0.0000000000
27348  -13.901  -13.004  -10.659 0.0000000000
27349  -17.001  -13.097  -10.257 0.0000000000
27350  -17.269  -12.980  -10.860 0.0000000000
27358  -13.835  -13.091  -11.012 0.0000000000
28075  -14.424  -13.011  -9.928 0.0000000000
28076  -14.655  -12.936  -9.776 0.0000000000
28077  -14.991  -12.899  -9.598 0.0000000000
28078  -15.185  -12.918  -9.658 0.0000000000
28079  -15.660  -12.936  -9.648 0.0000000000
28080  -16.018  -12.962  -9.661 0.0000000000
28081  -16.197  -12.984  -9.685 0.0000000000
28082  -16.614  -12.993  -9.854 0.0000000000
28088  -14.308  -12.943  -9.848 0.0000000000
28089  -14.502  -12.594  -9.952 0.0000000000
28090  -16.695  -13.017  -10.045 0.0000000000
28091  -17.004  -12.935  -10.015 0.0000000000
28097  -14.021  -12.994  -10.376 0.0000000000
28098  -14.253  -12.845  -10.041 0.0000000000
28099  -17.006  -12.873  -10.167 0.0000000000
28100  -17.156  -12.981  -10.455 0.0000000000
28106  -13.972  -12.955  -10.492 0.0000000000
28119  -13.569  -13.100  -11.081 0.0000000000
28120  -13.879  -12.857  -10.922 0.0000000000
28135  -20.023  -12.935  -11.141 0.0000000000
28812  -16.011  -11.945  -9.543 0.0000000000
28813  -16.032  -12.072  -9.511 0.0000000000
28822  -14.709  -12.411  -9.700 0.0000000000
28823  -14.992  -12.457  -9.651 0.0000000000
28824  -15.396  -12.508  -9.655 0.0000000000
28825  -15.900  -12.483  -9.576 0.0000000000
28826  -16.006  -12.393  -9.540 0.0000000000
28827  -16.291  -12.538  -9.539 0.0000000000
28828  -16.986  -12.653  -9.962 0.0000000000
28834  -14.173  -12.365  -9.950 0.0000000000
28835  -14.453  -12.301  -9.888 0.0000000000
28836  -16.919  -12.557  -10.065 0.0000000000
28837  -17.040  -12.543  -10.047 0.0000000000
28843  -14.005  -12.633  -10.428 0.0000000000
28844  -14.342  -12.400  -10.344 0.0000000000
28845  -17.006  -12.421  -10.248 0.0000000000
28852  -13.969  -12.571  -10.778 0.0000000000
28853  -14.198  -12.381  -10.765 0.0000000000
28866  -14.003  -12.791  -11.078 0.0000000000
28867  -14.059  -12.399  -11.042 0.0000000000
28868  -14.057  -12.395  -10.995 0.0000000000
28875  -13.998  -12.279  -11.445 0.0000000000
28876  -14.022  -12.464  -11.251 0.0000000000
29531  -15.960  -11.983  -9.475 0.0000000000
29532  -16.020  -11.950  -9.467 0.0000000000
29542  -14.776  -12.004  -9.637 0.0000000000
29543  -15.001  -11.991  -9.535 0.0000000000
29544  -15.073  -12.015  -9.675 0.0000000000
29545  -15.680  -12.038  -9.511 0.0000000000
29546  -16.112  -12.089  -9.561 0.0000000000
29547  -16.101  -12.112  -9.638 0.0000000000
29548  -16.957  -12.031  -9.595 0.0000000000
29555  -14.334  -12.013  -9.910 0.0000000000
29556  -14.543  -12.066  -9.912 0.0000000000
29557  -16.973  -12.140  -9.957 0.0000000000
29558  -16.983  -12.178  -10.005 0.0000000000
29559  -17.062  -11.986  -10.013 0.0000000000
29566  -14.343  -11.996  -10.148 0.0000000000
29567  -16.991  -12.061  -10.055 0.0000000000
29568  -17.345  -12.006  -10.167 0.0000000000
29580  -14.250  -11.998  -10.752 0.0000000000
29594  -14.007  -12.071  -11.130 0.0000000000
29595  -14.016  -12.085  -10.965 0.0000000000
29603  -14.022  -12.110  -11.212 0.0000000000
30268  -15.983  -11.793  -9.331 0.0000000000
30269  -16.040  -11.845  -9.500 0.0000000000
30270  -16.407  -11.623  -9.529 0.0000000000
30281  -14.748  -11.778  -9.673 0.0000000000
30282  -14.959  -11.902  -9.680 0.0000000000
30283  -15.273  -11.893  -9.699 0.0000000000
30284  -15.676  -11.943  -9.620 0.0000000000
30285  -16.141  -11.972  -9.623 0.0000000000
30286  -16.478  -11.838  -9.870 0.0000000000
30287  -16.902  -11.968  -9.870 0.0000000000
30288  -16.966  -11.910  -9.962 0.0000000000
30296  -14.385  -11.940  -10.000 0.0000000000
30297  -14.361  -11.895  -9.911 0.0000000000
30298  -16.974  -12.024  -9.994 0.0000000000
30299  -16.993  -11.992  -10.008 0.0000000000
30300  -17.450  -11.838  -10.179 0.0000000000
30301  -17.873  -11.766  -10.180 0.0000000000
30302  -18.002  -11.897  -10.030 0.0000000000
30305  -18.984  -11.552  -10.035 0.0000000000
30311  -14.256  -11.736  -10.416 0.0000000000
30313  -17.777  -11.881  -10.337 0.0000000000
30314  -17.989  -11.928  -10.368 0.0000000000
30315  -18.338  -11.881  -10.317 0.0000000000
30318  -19.310  -11.987  -10.300 0.0000000000
30324  -14.239  -11.772  -10.934 0.0000000000
30325  -19.733  -12.003  -10.648 0.0000000000
30333  -14.092  -12.020  -11.043 0.0000000000
30334  -14.051  -11.976  -11.002 0.0000000000
30343  -14.077  -11.950  -11.262 0.0000000000
30344  -14.230  -11.788  -11.297 0.0000000000
31044  -15.423  -11.187  -9.347 0.0000000000
31045  -15.948  -11.328  -9.245 0.0000000000
31046  -16.028  -11.337  -9.294 0.0000000000
31047  -16.427  -11.203  -9.161 0.0000000000
31048  -16.720  -11.017  -9.398 0.0000000000
31060  -14.693  -11.299  -9.759 0.0000000000
31061  -15.005  -11.302  -9.513 0.0000000000
31062  -15.006  -11.381  -9.672 0.0000000000
31063  -15.601  -11.568  -9.574 0.0000000000
31064  -16.482  -11.272  -9.782 0.0000000000
31065  -16.923  -11.303  -9.762 0.0000000000
31066  -17.039  -11.571  -9.765 0.0000000000
31067  -17.552  -11.351  -9.815 0.0000000000
31068  -17.956  -11.398  -9.826 0.0000000000
31069  -18.080  -11.368  -9.825 0.0000000000
31070  -18.607  -11.345  -9.750 0.0000000000
31071  -19.016  -11.284  -9.722 0.0000000000
31072  -19.122  -11.176  -9.780 0.0000000000
31080  -14.264  -11.358  -10.169 0.0000000000
31081  -14.315  -11.403  -9.987 0.0000000000
31082  -17.004  -11.879  -10.006 0.0000000000
31083  -17.213  -11.848  -10.026 0.0000000000
31084  -17.897  -11.581  -10.014 0.0000000000
31085  -17.970  -11.584  -9.998 0.0000000000
31087  -18.995  -11.436  -10.009 0.0000000000
31089  -19.260  -11.015  -9.998 0.0000000000
31095  -14.242  -11.368  -10.608 0.0000000000
31103  -14.166  -11.424  -10.995 0.0000000000
31110  -14.262  -11.377  -11.144 0.0000000000
31119  -14.000  -11.314  -11.467 0.0000000000
31120  -14.148  -11.347  -11.368 0.0000000000
31129  -13.991  -11.147  -11.775 0.0000000000
31688  -15.220  -10.987  -9.552 0.0000000000
31689  -15.815  -11.019  -9.319 0.0000000000
31690  -16.005  -11.001  -9.290 0.0000000000
31691  -16.254  -10.988  -9.306 0.0000000000
31692  -16.808  -10.982  -9.376 0.0000000000
31693  -16.963  -10.958  -9.406 0.0000000000
31694  -17.498  -10.974  -9.353 0.0000000000
31695  -17.923  -10.973  -9.357 0.0000000000
31696  -17.998  -10.976  -9.356 0.0000000000
31697  -18.536  -10.999  -9.405 0.0000000000
31698  -18.863  -11.019  -9.436 0.0000000000
31711  -14.616  -10.989  -9.816 0.0000000000
31712  -14.908  -10.997  -9.505 0.0000000000
31713  -14.997  -11.008  -9.663 0.0000000000
31714  -16.995  -10.996  -9.503 0.0000000000
31715  -16.986  -11.115  -9.531 0.0000000000
31716  -17.289  -11.094  -9.530 0.0000000000
31717  -17.816  -11.074  -9.489 0.0000000000
31718  -17.986  -11.051  -9.525 0.0000000000
31719  -18.370  -11.106  -9.553 0.0000000000
31720  -18.906  -11.021  -9.636 0.0000000000
31730  -14.419  -11.071  -10.001 0.0000000000
31731  -14.383  -11.040  -9.976 0.0000000000
31732  -19.139  -11.030  -9.848 0.0000000000
31733  -19.251  -11.029  -9.984 0.0000000000
31739  -14.238  -11.013  -10.311 0.0000000000
31740  -19.415  -10.992  -10.049 0.0000000000
31746  -14.171  -10.985  -10.977 0.0000000000
31748  -20.122  -11.035  -10.868 0.0000000000
31753  -14.358  -10.996  -10.983 0.0000000000
31761  -14.073  -11.032  -11.645 0.0000000000
31762  -14.188  -11.071  -11.415 0.0000000000
31773  -14.062  -10.976  -11.411 0.0000000000
32328  -16.811  -10.645  -9.030 0.0000000000
32329  -16.998  -10.557  -9.101 0.0000000000
32330  -17.032  -10.596  -8.975 0.0000000000
32331  -17.422  -10.387  -8.980 0.0000000000
32332  -17.858  -10.485  -8.961 0.0000000000
32339  -15.239  -10.725  -9.567 0.0000000000
32340  -15.709  -10.916  -9.316 0.0000000000
32341  -16.004  -10.884  -9.264 0.0000000000
32342  -15.994  -10.942  -9.394 0.0000000000
32343  -16.574  -10.763  -9.348 0.0000000000
32344  -16.971  -10.941  -9.342 0.0000000000
32345  -17.112  -10.878  -9.285 0.0000000000
32346  -17.699  -10.912  -9.129 0.0000000000
32347  -17.982  -10.652  -9.159 0.0000000000
32348  -18.065  -10.764  -9.245 0.0000000000
32349  -18.773  -10.795  -9.345 0.0000000000
32350  -19.013  -10.656  -9.486 0.0000000000
32362  -14.553  -10.946  -9.733 0.0000000000
32363  -14.838  -10.829  -9.520 0.0000000000
32364  -14.998  -10.925  -9.674 0.0000000000
32365  -18.980  -10.863  -9.626 0.0000000000
32366  -19.091  -10.856  -9.660 0.0000000000
32367  -19.462  -10.717  -9.688 0.0000000000
32376  -14.386  -10.989  -10.080 0.0000000000
32377  -14.352  -10.750  -9.910 0.0000000000
32378  -19.232  -10.955  -9.906 0.0000000000
32379  -19.500  -10.783  -10.000 0.0000000000
32380  -19.873  -10.690  -10.034 0.0000000000
32385  -14.201  -10.964  -10.128 0.0000000000
32386  -19.551  -10.917  -10.143 0.0000000000
32387  -19.828  -10.677  -10.398 0.0000000000
32392  -14.229  -10.834  -10.712 0.0000000000
32399  -14.209  -10.808  -11.000 0.0000000000
32406  -14.199  -10.826  -11.170 0.0000000000
32416  -14.008  -10.963  -11.789 0.0000000000
32417  -14.220  -10.605  -11.615 0.0000000000
32420  -14.079  -10.457  -12.005 0.0000000000
32991  -16.292  -9.981  -9.070 0.0000000000
32992  -16.654  -10.163  -9.054 0.0000000000
32993  -16.963  -10.221  -8.968 0.0000000000
32994  -17.243  -10.212  -8.953 0.0000000000
32995  -17.638  -10.178  -8.957 0.0000000000
32996  -18.020  -10.139  -8.976 0.0000000000
32997  -18.176  -10.140  -8.972 0.0000000000
33004  -15.407  -10.455  -9.361 0.0000000000
33005  -15.904  -10.426  -9.320 0.0000000000
33006  -16.031  -10.278  -9.265 0.0000000000
33007  -16.100  -10.154  -9.322 0.0000000000
33008  -16.520  -10.236  -9.524 0.0000000000
33009  -18.065  -10.361  -9.009 0.0000000000
33010  -18.426  -10.302  -9.193 0.0000000000
33011  -18.946  -10.240  -9.308 0.0000000000
33012  -18.987  -10.170  -9.308 0.0000000000
33021  -14.656  -10.620  -9.749 0.0000000000
33022  -14.881  -10.359  -9.670 0.0000000000
33023  -15.022  -10.243  -9.727 0.0000000000
33024  -19.269  -10.166  -9.350 0.0000000000
33025  -19.714  -10.237  -9.820 0.0000000000
33035  -14.399  -10.350  -10.019 0.0000000000
33036  -14.691  -10.275  -9.973 0.0000000000
33037  -14.930  -10.014  -9.876 0.0000000000
33038  -19.676  -10.309  -10.023 0.0000000000
33039  -19.881  -10.187  -10.243 0.0000000000
33046  -14.236  -10.393  -10.371 0.0000000000
33047  -19.915  -10.138  -10.769 0.0000000000
33051  -14.182  -10.317  -10.925 0.0000000000
33052  -20.007  -10.310  -10.997 0.0000000000
33058  -14.244  -10.308  -11.002 0.0000000000
33059  -19.992  -10.147  -11.053 0.0000000000
33068  -14.362  -10.338  -11.263 0.0000000000
33079  -14.106  -10.315  -11.934 0.0000000000
33080  -14.253  -10.092  -11.928 0.0000000000
33663  -15.992  -10.021  -9.047 0.0000000000
33664  -16.330  -9.978  -9.020 0.0000000000
33665  -16.817  -9.995  -8.969 0.0000000000
33666  -16.997  -10.015  -8.959 0.0000000000
33667  -17.388  -9.996  -8.944 0.0000000000
33668  -17.882  -10.018  -8.963 0.0000000000
33669  -18.035  -9.919  -8.988 0.0000000000
33670  -18.383  -10.005  -8.995 0.0000000000
33671  -18.858  -9.996  -9.227 0.0000000000
33679  -15.390  -10.005  -9.198 0.0000000000
33680  -15.918  -9.963  -9.256 0.0000000000
33681  -16.012  -10.013  -9.211 0.0000000000
33682  -16.042  -9.970  -9.220 0.0000000000
33683  -18.716  -9.983  -9.194 0.0000000000
33684  -18.995  -9.967  -9.336 0.0000000000
33685  -19.056  -10.007  -9.350 0.0000000000
33694  -14.996  -9.997  -9.760 0.0000000000
33695  -15.079  -9.990  -9.682 0.0000000000
33696  -19.367  -10.030  -9.761 0.0000000000
33697  -19.629  -9.985  -9.963 0.0000000000
33706  -14.431  -9.990  -10.005 0.0000000000
33707  -14.868  -10.000  -9.969 0.0000000000
33708  -14.997  -10.020  -9.982 0.0000000000
33709  -19.658  -9.982  -10.030 0.0000000000
33710  -19.883  -10.040  -10.385 0.0000000000
33719  -14.219  -9.999  -10.523 0.0000000000
33720  -19.911  -9.976  -10.713 0.0000000000
33726  -14.203  -9.984  -10.945 0.0000000000
33727  -19.976  -9.971  -10.940 0.0000000000
33733  -14.283  -9.986  -10.999 0.0000000000
33742  -14.207  -9.983  -11.458 0.0000000000
34320  -15.981  -9.566  -9.026 0.0000000000
34321  -16.047  -9.812  -9.000 0.0000000000
34322  -16.716  -9.700  -8.960 0.0000000000
34323  -16.990  -9.759  -8.972 0.0000000000
34324  -17.137  -9.759  -8.912 0.0000000000
34325  -17.603  -9.662  -8.953 0.0000000000
34326  -18.012  -9.656  -8.970 0.0000000000
34327  -18.180  -9.619  -8.941 0.0000000000
34328  -18.591  -9.611  -9.013 0.0000000000
34329  -18.999  -9.656  -9.279 0.0000000000
34337  -15.332  -9.879  -9.384 0.0000000000
34338  -15.970  -9.593  -9.106 0.0000000000
34339  -16.006  -9.971  -9.172 0.0000000000
34340  -19.043  -9.651  -9.323 0.0000000000
34341  -19.211  -9.753  -9.477 0.0000000000
34342  -19.714  -9.697  -9.670 0.0000000000
34348  -15.008  -9.560  -9.988 0.0000000000
34349  -15.010  -9.709  -9.742 0.0000000000
34350  -19.308  -9.963  -9.686 0.0000000000
34351  -19.688  -9.863  -9.851 0.0000000000
34356  -14.239  -9.970  -10.113 0.0000000000
34357  -14.592  -9.643  -9.999 0.0000000000
34358  -14.922  -9.782  -9.938 0.0000000000
34359  -19.583  -9.740  -10.021 0.0000000000
34360  -19.660  -9.933  -10.062 0.0000000000
34369  -14.016  -9.695  -10.663 0.0000000000
34370  -14.288  -9.869  -10.052 0.0000000000
34371  -19.549  -9.571  -10.097 0.0000000000
34372  -19.901  -9.876  -10.285 0.0000000000
34379  -14.196  -9.720  -10.970 0.0000000000
34380  -19.970  -9.836  -10.962 0.0000000000
34386  -14.429  -9.691  -11.020 0.0000000000
34387  -19.915  -9.827  -11.171 0.0000000000
34395  -14.293  -9.794  -11.582 0.0000000000
34396  -19.991  -9.653  -11.210 0.0000000000
35019  -15.877  -9.197  -8.988 0.0000000000
35020  -15.991  -9.235  -8.977 0.0000000000
35021  -16.451  -9.182  -8.972 0.0000000000
35022  -16.946  -9.285  -8.992 0.0000000000
35023  -17.030  -9.353  -8.832 0.0000000000
35024  -17.380  -9.339  -8.959 0.0000000000
35025  -17.938  -9.232  -8.871 0.0000000000
35026  -18.049  -9.279  -8.946 0.0000000000
35027  -18.318  -9.216  -8.965 0.0000000000
35028  -18.844  -9.114  -9.156 0.0000000000
35035  -15.197  -9.190  -9.598 0.0000000000
35036  -15.659  -9.216  -9.134 0.0000000000
35037  -18.979  -9.086  -9.309 0.0000000000
35038  -19.185  -9.216  -9.460 0.0000000000
35039  -19.468  -9.202  -9.391 0.0000000000
35046  -14.943  -8.983  -9.864 0.0000000000
35047  -14.988  -9.289  -9.773 0.0000000000
35048  -19.251  -8.979  -9.603 0.0000000000
35049  -19.534  -9.137  -9.683 0.0000000000
35054  -14.774  -9.067  -9.987 0.0000000000
35055  -14.969  -9.409  -10.055 0.0000000000
35056  -19.519  -9.237  -9.976 0.0000000000
35064  -14.052  -9.017  -10.584 0.0000000000
35065  -14.412  -9.336  -10.132 0.0000000000
35066  -19.526  -9.035  -10.245 0.0000000000
35067  -19.566  -9.151  -10.373 0.0000000000
35078  -14.084  -9.253  -10.967 0.0000000000
35079  -19.590  -9.043  -10.629 0.0000000000
35080  -19.874  -9.190  -10.737 0.0000000000
35088  -14.256  -9.234  -11.014 0.0000000000
35089  -19.660  -8.999  -10.995 0.0000000000
35090  -19.790  -9.315  -11.054 0.0000000000
35096  -14.333  -9.286  -11.358 0.0000000000
35097  -19.908  -9.322  -11.292 0.0000000000
35106  -19.928  -9.136  -11.684 0.0000000000
35759  -15.895  -9.023  -9.021 0.0000000000
35760  -16.002  -9.036  -8.995 0.0000000000
35761  -16.138  -8.992  -8.979 0.0000000000
35762  -16.580  -9.017  -8.964 0.0000000000
35763  -17.007  -9.001  -8.982 0.0000000000
35764  -17.045  -9.012  -8.832 0.0000000000
35765  -17.588  -8.996  -8.968 0.0000000000
35766  -17.990  -8.992  -8.941 0.0000000000
35767  -18.087  -8.983  -9.020 0.0000000000
35768  -18.530  -9.019  -9.016 0.0000000000
35773  -15.348  -9.005  -9.386 0.0000000000
35774  -15.754  -9.004  -9.149 0.0000000000
35775  -15.948  -8.943  -9.097 0.0000000000
35776  -18.925  -8.983  -9.256 0.0000000000
35777  -19.009  -8.968  -9.309 0.0000000000
35784  -14.968  -9.007  -9.780 0.0000000000
35785  -15.028  -8.999  -9.733 0.0000000000
35786  -19.265  -9.002  -9.389 0.0000000000
35787  -19.613  -8.984  -9.723 0.0000000000
35794  -14.794  -8.892  -10.017 0.0000000000
35795  -14.888  -8.900  -9.922 0.0000000000
35796  -19.551  -8.994  -9.976 0.0000000000
35802  -14.368  -8.990  -10.396 0.0000000000
35803  -14.596  -9.014  -10.128 0.0000000000
35804  -19.420  -8.981  -10.211 0.0000000000
35818  -14.192  -9.013  -10.889 0.0000000000
35819  -19.498  -8.969  -10.751 0.0000000000
35832  -14.211  -9.009  -11.031 0.0000000000
35833  -19.536  -9.002  -10.991 0.0000000000
35834  -19.629  -9.026  -11.247 0.0000000000
35841  -14.259  -8.986  -11.367 0.0000000000
35842  -19.625  -8.994  -11.130 0.0000000000
35843  -19.843  -8.976  -11.440 0.0000000000
35849  -14.061  -9.021  -11.918 0.0000000000
35850  -14.014  -9.010  -11.820 0.0000000000
35851  -19.982  -8.985  -11.698 0.0000000000
36509  -15.995  -8.970  -9.050 0.0000000000
36510  -16.235  -8.963  -9.022 0.0000000000
36511  -16.798  -8.816  -9.034 0.0000000000
36512  -16.995  -8.715  -8.958 0.0000000000
36513  -17.304  -8.758  -9.015 0.0000000000
36514  -17.867  -8.793  -8.983 0.0000000000
36515  -18.012  -8.643  -8.953 0.0000000000
36516  -18.279  -8.604  -8.973 0.0000000000
36517  -18.719  -8.990  -8.991 0.0000000000
36520  -15.571  -8.994  -9.310 0.0000000000
36521  -15.980  -8.723  -9.214 0.0000000000
36522  -16.022  -8.477  -9.306 0.0000000000
36523  -16.088  -8.796  -9.017 0.0000000000
36524  -18.593  -8.551  -9.202 0.0000000000
36525  -19.016  -8.756  -9.306 0.0000000000
36526  -19.090  -8.713  -9.326 0.0000000000
36531  -14.971  -8.580  -9.801 0.0000000000
36532  -15.037  -8.576  -9.714 0.0000000000
36533  -15.788  -8.386  -9.343 0.0000000000
36534  -19.283  -8.634  -9.760 0.0000000000
36535  -19.752  -8.873  -10.012 0.0000000000
36544  -14.812  -8.601  -9.992 0.0000000000
36545  -14.920  -8.605  -9.887 0.0000000000
36546  -19.126  -8.530  -10.000 0.0000000000
36547  -19.453  -8.603  -10.005 0.0000000000
36556  -14.233  -8.975  -10.708 0.0000000000
36557  -14.488  -8.645  -10.191 0.0000000000
36558  -19.612  -8.780  -10.579 0.0000000000
36567  -14.195  -8.659  -10.970 0.0000000000
36568  -14.253  -8.610  -10.874 0.0000000000
36569  -19.585  -8.693  -11.007 0.0000000000
36580  -14.282  -8.705  -11.039 0.0000000000
36581  -19.488  -8.649  -11.051 0.0000000000
36583  -21.018  -8.742  -10.979 0.0000000000
36586  -14.238  -8.697  -11.466 0.0000000000
36587  -19.629  -8.633  -11.498 0.0000000000
36588  -19.872  -8.885  -11.643 0.0000000000
36595  -19.709  -8.567  -12.018 0.0000000000
36596  -19.943  -8.584  -11.933 0.0000000000
36597  -20.040  -8.656  -11.977 0.0000000000
36606  -19.978  -8.403  -12.093 0.0000000000
36607  -20.074  -8.326  -11.963 0.0000000000
36608  -20.248  -8.425  -12.131 0.0000000000
37301  -16.606  -8.496  -8.982 0.0000000000
37302  -16.966  -8.243  -8.975 0.0000000000
37303  -17.090  -8.321  -8.963 0.0000000000
37304  -17.485  -8.322  -8.979 0.0000000000
37305  -17.865  -8.270  -8.971 0.0000000000
37306  -18.016  -8.178  -8.998 0.0000000000
37307  -18.018  -8.318  -9.005 0.0000000000
37310  -15.990  -8.152  -9.391 0.0000000000
37311  -15.994  -8.226  -9.419 0.0000000000
37312  -16.288  -8.127  -9.293 0.0000000000
37313  -16.930  -8.118  -9.009 0.0000000000
37314  -18.076  -8.027  -9.170 0.0000000000
37315  -18.254  -8.192  -9.219 0.0000000000
37316  -18.838  -8.212  -9.487 0.0000000000
37317  -19.015  -8.369  -9.459 0.0000000000
37321  -15.157  -8.342  -9.929 0.0000000000
37322  -15.214  -8.051  -9.926 0.0000000000
37323  -15.784  -8.019  -9.645 0.0000000000
37324  -16.004  -8.009  -9.478 0.0000000000
37325  -19.003  -8.009  -9.669 0.0000000000
37326  -19.107  -8.092  -9.633 0.0000000000
37338  -14.997  -8.299  -9.976 0.0000000000
37339  -15.147  -8.094  -10.009 0.0000000000
37340  -19.016  -8.209  -10.005 0.0000000000
37341  -19.328  -8.175  -10.003 0.0000000000
37352  -14.806  -8.216  -10.009 0.0000000000
37353  -14.951  -7.992  -10.067 0.0000000000
37354  -19.502  -8.171  -10.164 0.0000000000
37359  -14.224  -8.205  -10.995 0.0000000000
37360  -14.398  -8.227  -10.695 0.0000000000
37361  -19.705  -8.092  -10.784 0.0000000000
37372  -14.356  -8.261  -10.982 0.0000000000
37383  -14.189  -8.128  -11.081 0.0000000000
37384  -19.326  -8.188  -11.142 0.0000000000
37388  -14.242  -8.253  -11.754 0.0000000000
37389  -19.370  -8.053  -11.661 0.0000000000
37390  -19.839  -8.110  -11.992 0.0000000000
37391  -20.760  -8.135  -12.043 0.0000000000
37399  -19.985  -8.181  -12.055 0.0000000000
37400  -20.132  -8.193  -12.127 0.0000000000
37401  -20.510  -8.158  -12.120 0.0000000000
38127  -16.965  -8.035  -9.145 0.0000000000
38128  -17.004  -8.019  -9.053 0.0000000000
38129  -17.117  -8.013  -8.994 0.0000000000
38130  -17.600  -8.030  -9.011 0.0000000000
38131  -18.005  -7.990  -9.140 0.0000000000
38136  -16.020  -8.015  -9.505 0.0000000000
38137  -16.178  -8.006  -9.383 0.0000000000
38138  -16.835  -8.011  -9.140 0.0000000000
38139  -17.019  -7.968  -9.073 0.0000000000
38140  -17.177  -8.002  -9.067 0.0000000000
38141  -17.737  -7.999  -9.131 0.0000000000
38142  -17.988  -7.929  -9.216 0.0000000000
38143  -18.170  -7.948  -9.263 0.0000000000
38144  -18.610  -8.004  -9.339 0.0000000000
38150  -15.270  -8.006  -9.987 0.0000000000
38151  -15.613  -7.800  -9.827 0.0000000000
38152  -15.979  -8.008  -9.594 0.0000000000
38153  -16.047  -7.957  -9.542 0.0000000000
38154  -18.549  -7.746  -9.562 0.0000000000
38155  -18.833  -8.009  -9.593 0.0000000000
38156  -19.069  -7.887  -9.724 0.0000000000
38166  -15.035  -8.053  -10.113 0.0000000000
38167  -15.237  -7.918  -10.048 0.0000000000
38168  -15.638  -7.986  -9.985 0.0000000000
38169  -19.239  -7.968  -10.027 0.0000000000
38170  -19.307  -8.004  -10.064 0.0000000000
38178  -14.804  -7.996  -10.276 0.0000000000
38179  -14.972  -7.931  -10.283 0.0000000000
38180  -15.037  -7.997  -10.216 0.0000000000
38182  -19.518  -7.992  -10.449 0.0000000000
38187  -14.371  -7.999  -10.936 0.0000000000
38188  -14.501  -8.014  -10.720 0.0000000000
38189  -15.000  -8.002  -10.686 0.0000000000
38208  -14.284  -8.041  -11.451 0.0000000000
38209  -19.550  -7.987  -11.552 0.0000000000
38214  -14.228  -7.996  -11.935 0.0000000000
38216  -19.687  -7.997  -12.014 0.0000000000
38217  -19.882  -8.055  -12.029 0.0000000000
38222  -14.287  -8.005  -12.027 0.0000000000
38224  -19.934  -8.010  -12.130 0.0000000000
38225  -19.950  -8.013  -12.106 0.0000000000
38226  -20.306  -8.020  -12.173 0.0000000000
38227  -20.722  -7.948  -12.080 0.0000000000
38232  -14.339  -7.983  -12.135 0.0000000000
38233  -14.339  -7.665  -12.099 0.0000000000
38234  -19.987  -7.767  -12.375 0.0000000000
38235  -20.087  -7.879  -12.363 0.0000000000
38236  -20.564  -7.897  -12.174 0.0000000000
39043  -16.625  -7.963  -9.294 0.0000000000
39044  -16.846  -7.663  -9.341 0.0000000000
39045  -17.035  -7.716  -9.279 0.0000000000
39046  -17.276  -7.915  -9.151 0.0000000000
39047  -17.988  -7.722  -9.335 0.0000000000
39049  -18.064  -7.606  -9.355 0.0000000000
39058  -15.735  -7.579  -9.873 0.0000000000
39059  -15.927  -7.526  -9.845 0.0000000000
39060  -16.337  -7.652  -9.580 0.0000000000
39061  -16.697  -7.375  -9.521 0.0000000000
39062  -18.010  -7.344  -9.451 0.0000000000
39063  -18.305  -7.493  -9.628 0.0000000000
39064  -18.939  -7.509  -9.898 0.0000000000
39065  -19.015  -7.729  -9.850 0.0000000000
39074  -15.538  -7.676  -10.024 0.0000000000
39075  -15.769  -7.465  -9.986 0.0000000000
39077  -18.967  -7.416  -9.994 0.0000000000
39078  -19.110  -7.642  -9.928 0.0000000000
39085  -14.986  -7.719  -10.497 0.0000000000
39086  -15.211  -7.608  -10.423 0.0000000000
39087  -15.666  -7.425  -10.083 0.0000000000
39088  -19.260  -7.644  -10.279 0.0000000000
39094  -14.467  -7.773  -10.788 0.0000000000
39095  -14.949  -7.570  -10.885 0.0000000000
39096  -14.986  -7.507  -10.746 0.0000000000
39097  -19.135  -7.486  -11.011 0.0000000000
39098  -19.660  -7.857  -10.752 0.0000000000
39105  -14.969  -7.580  -11.011 0.0000000000
39106  -19.294  -7.512  -10.981 0.0000000000
39107  -19.458  -7.664  -11.002 0.0000000000
39118  -14.171  -7.885  -11.472 0.0000000000
39119  -14.476  -7.398  -11.273 0.0000000000
39120  -19.374  -7.639  -11.425 0.0000000000
39130  -14.313  -8.003  -11.935 0.0000000000
39131  -14.592  -7.550  -11.918 0.0000000000
39132  -19.523  -7.735  -11.972 0.0000000000
39138  -14.566  -7.494  -11.974 0.0000000000
39139  -19.365  -7.675  -11.996 0.0000000000
39140  -19.837  -7.712  -12.322 0.0000000000
39148  -14.575  -7.504  -12.012 0.0000000000
39149  -19.955  -7.593  -12.418 0.0000000000
39991  -17.010  -7.350  -9.404 0.0000000000
39992  -17.059  -7.288  -9.459 0.0000000000
39993  -17.741  -7.050  -9.673 0.0000000000
39994  -17.960  -7.355  -9.581 0.0000000000
40008  -16.031  -7.228  -9.859 0.0000000000
40009  -16.427  -6.986  -9.748 0.0000000000
40010  -16.975  -7.090  -9.556 0.0000000000
40011  -17.032  -7.025  -9.676 0.0000000000
40012  -17.484  -7.014  -9.728 0.0000000000
40013  -17.977  -6.932  -9.755 0.0000000000
40014  -18.062  -6.991  -9.803 0.0000000000
40015  -18.653  -7.195  -10.011 0.0000000000
40016  -18.874  -7.353  -9.982 0.0000000000
40024  -15.927  -7.061  -9.985 0.0000000000
40026  -16.209  -7.032  -10.007 0.0000000000
40027  -18.176  -6.987  -9.966 0.0000000000
40028  -18.444  -7.092  -10.095 0.0000000000
40029  -18.846  -7.292  -10.055 0.0000000000
40030  -19.009  -7.606  -9.995 0.0000000000
40036  -15.450  -7.014  -10.355 0.0000000000
40037  -15.775  -7.163  -10.067 0.0000000000
40038  -18.522  -7.055  -10.316 0.0000000000
40039  -18.804  -7.116  -10.417 0.0000000000
40040  -19.028  -7.328  -10.177 0.0000000000
40043  -14.938  -6.989  -10.941 0.0000000000
40044  -14.999  -7.139  -10.799 0.0000000000
40046  -19.018  -7.092  -10.790 0.0000000000
40050  -14.782  -7.121  -11.025 0.0000000000
40053  -19.288  -7.419  -11.006 0.0000000000
40061  -14.616  -6.993  -11.496 0.0000000000
40062  -19.279  -6.996  -11.534 0.0000000000
40063  -19.283  -7.274  -11.255 0.0000000000
40074  -19.410  -6.974  -11.895 0.0000000000
40960  -16.609  -6.964  -9.798 0.0000000000
40961  -16.918  -6.970  -9.802 0.0000000000
40962  -17.035  -6.982  -9.783 0.0000000000
40963  -17.560  -6.998  -9.794 0.0000000000
40964  -17.970  -6.974  -9.870 0.0000000000
40965  -17.997  -6.914  -9.787 0.0000000000
40977  -15.915  -7.010  -10.103 0.0000000000
40978  -16.030  -6.986  -9.986 0.0000000000
40979  -16.390  -6.909  -9.911 0.0000000000
40980  -16.801  -6.822  -9.933 0.0000000000
40981  -16.986  -6.980  -9.975 0.0000000000
40982  -17.484  -7.022  -10.013 0.0000000000
40983  -17.866  -6.833  -9.944 0.0000000000
40984  -18.014  -6.873  -9.921 0.0000000000
40985  -18.242  -6.989  -10.012 0.0000000000
40999  -15.413  -7.011  -10.538 0.0000000000
41000  -15.829  -6.936  -10.127 0.0000000000
41001  -15.981  -6.951  -10.069 0.0000000000
41002  -18.035  -6.736  -10.030 0.0000000000
41003  -18.483  -6.969  -10.295 0.0000000000
41004  -18.708  -7.014  -10.434 0.0000000000
41013  -14.966  -6.976  -10.969 0.0000000000
41014  -15.065  -6.899  -10.931 0.0000000000
41015  -15.721  -6.940  -10.887 0.0000000000
41016  -18.758  -6.831  -10.700 0.0000000000
41017  -18.919  -6.973  -10.721 0.0000000000
41023  -14.804  -6.968  -11.127 0.0000000000
41026  -18.960  -6.807  -10.938 0.0000000000
41027  -19.047  -6.889  -10.951 0.0000000000
41033  -14.697  -6.916  -11.455 0.0000000000
41034  -14.908  -6.828  -11.163 0.0000000000
41047  -19.312  -6.987  -11.812 0.0000000000
41900  -16.014  -6.858  -10.053 0.0000000000
41901  -16.267  -6.812  -9.977 0.0000000000
41905  -17.853  -6.721  -10.077 0.0000000000
41906  -17.980  -6.847  -10.021 0.0000000000
41925  -18.033  -6.548  -10.221 0.0000000000
41942  -18.808  -6.584  -11.068 0.0000000000
41957  -18.999  -6.835  -11.058 0.0000000000
41963  -14.529  -6.681  -11.927 0.0000000000
41987  -14.874  -6.628  -12.035 0.0000000000
