#!ascii label  , from subject  vox2ras=TkReg
72
59977  26.924  -1.248  -15.758 0.0000000000
60967  26.585  -1.013  -15.786 0.0000000000
60968  26.180  -1.019  -15.886 0.0000000000
61965  26.551  -0.870  -15.387 0.0000000000
61966  26.053  -0.937  -15.959 0.0000000000
63008  26.189  -0.585  -15.940 0.0000000000
63023  26.355  -0.294  -16.002 0.0000000000
63024  26.119  -0.559  -16.028 0.0000000000
63040  26.023  -0.507  -16.119 0.0000000000
63068  25.011  -0.299  -16.971 0.0000000000
63069  25.020  -0.387  -17.005 0.0000000000
64007  26.873  0.012  -15.907 0.0000000000
64024  26.858  -0.013  -16.043 0.0000000000
64025  26.450  -0.160  -16.101 0.0000000000
64042  25.689  -0.049  -16.568 0.0000000000
64059  25.064  -0.081  -16.933 0.0000000000
64072  24.975  -0.143  -16.949 0.0000000000
64995  27.059  0.051  -15.641 0.0000000000
65010  26.913  0.098  -16.027 0.0000000000
65011  26.621  -0.008  -16.003 0.0000000000
65025  26.441  -0.010  -16.277 0.0000000000
65026  26.089  0.028  -16.416 0.0000000000
65042  25.835  0.146  -16.635 0.0000000000
65043  25.367  0.184  -16.762 0.0000000000
65044  25.035  0.005  -16.974 0.0000000000
65060  25.031  0.042  -17.010 0.0000000000
65075  25.003  0.001  -17.045 0.0000000000
65952  27.599  0.493  -15.862 0.0000000000
65953  27.100  0.522  -15.873 0.0000000000
65954  26.995  0.387  -15.737 0.0000000000
65966  27.050  0.624  -15.937 0.0000000000
65967  26.906  0.567  -15.944 0.0000000000
65968  26.706  0.307  -15.958 0.0000000000
65984  26.545  0.360  -16.196 0.0000000000
65985  26.008  0.086  -16.407 0.0000000000
65998  26.178  0.641  -16.804 0.0000000000
65999  26.034  0.443  -16.772 0.0000000000
66001  25.656  0.371  -16.712 0.0000000000
66015  26.033  0.628  -17.021 0.0000000000
66017  25.544  0.644  -16.930 0.0000000000
66034  25.425  0.688  -17.033 0.0000000000
66035  25.011  0.264  -17.269 0.0000000000
66036  25.006  0.424  -17.496 0.0000000000
66926  27.041  0.836  -16.027 0.0000000000
66941  26.850  0.960  -16.387 0.0000000000
66955  26.658  0.983  -16.666 0.0000000000
66956  26.169  0.796  -16.962 0.0000000000
66970  26.171  0.859  -17.030 0.0000000000
66971  26.014  0.863  -17.051 0.0000000000
66972  25.887  0.871  -17.047 0.0000000000
66988  25.984  0.990  -17.075 0.0000000000
66989  25.434  0.863  -17.423 0.0000000000
67877  27.609  1.131  -15.670 0.0000000000
67898  27.106  1.010  -15.963 0.0000000000
67899  27.002  1.125  -16.191 0.0000000000
67913  26.999  1.015  -16.536 0.0000000000
67928  26.222  0.997  -17.088 0.0000000000
67929  26.007  1.009  -17.054 0.0000000000
67943  26.406  1.071  -17.022 0.0000000000
67944  26.007  1.094  -17.138 0.0000000000
67945  25.931  1.043  -17.174 0.0000000000
67946  25.720  1.042  -17.414 0.0000000000
67964  26.013  1.121  -17.410 0.0000000000
67965  25.983  1.243  -17.516 0.0000000000
67968  24.979  1.293  -17.793 0.0000000000
67981  24.941  1.172  -17.984 0.0000000000
68851  26.965  1.953  -16.673 0.0000000000
68879  26.521  1.523  -17.297 0.0000000000
68880  26.218  1.377  -17.558 0.0000000000
68922  24.983  1.468  -18.066 0.0000000000
69836  27.972  2.053  -15.932 0.0000000000
72826  25.999  3.009  -18.003 0.0000000000
