#!ascii label /Volumes/mturk1/subjects/jeeves/rois/hef_rois_20231020/surf_roi_labels/reg_lh_V4d1_color.label , from subject  vox2ras=TkReg
371
24297  21.013  -15.462  7.485 0.0000000000
24305  21.192  -15.616  7.147 0.0000000000
24312  21.380  -15.593  7.002 0.0000000000
24313  21.152  -15.893  7.014 0.0000000000
24319  22.006  -15.511  6.318 0.0000000000
24320  21.756  -15.662  6.821 0.0000000000
24330  22.650  -15.391  6.072 0.0000000000
24331  22.234  -15.609  6.145 0.0000000000
24342  22.926  -15.371  5.749 0.0000000000
24343  22.672  -15.550  6.011 0.0000000000
24344  22.498  -15.707  6.036 0.0000000000
24350  23.011  -15.763  5.249 0.0000000000
24356  23.203  -15.450  4.982 0.0000000000
24988  20.530  -15.016  7.995 0.0000000000
25003  20.472  -15.109  7.970 0.0000000000
25014  20.960  -15.116  7.293 0.0000000000
25015  20.609  -15.127  7.789 0.0000000000
25021  21.182  -15.387  7.127 0.0000000000
25022  21.045  -15.310  7.155 0.0000000000
25028  21.665  -15.131  6.722 0.0000000000
25029  21.199  -15.256  6.980 0.0000000000
25030  20.977  -15.095  6.975 0.0000000000
25036  22.005  -15.007  6.328 0.0000000000
25037  21.675  -15.032  6.538 0.0000000000
25038  21.218  -15.003  6.788 0.0000000000
25045  22.677  -15.013  6.048 0.0000000000
25046  22.420  -15.016  6.145 0.0000000000
25047  21.998  -15.219  6.177 0.0000000000
25058  22.991  -15.095  5.794 0.0000000000
25059  22.815  -15.039  5.983 0.0000000000
25066  23.276  -15.148  5.418 0.0000000000
25067  23.096  -15.226  5.729 0.0000000000
25072  23.494  -15.377  5.034 0.0000000000
25073  23.128  -15.386  5.238 0.0000000000
25080  23.434  -15.076  4.862 0.0000000000
25672  20.442  -14.957  8.009 0.0000000000
25673  20.308  -14.912  8.197 0.0000000000
25686  20.489  -14.897  7.992 0.0000000000
25687  20.365  -14.967  8.046 0.0000000000
25703  20.926  -15.031  7.189 0.0000000000
25704  20.735  -14.935  7.540 0.0000000000
25717  20.979  -15.003  7.006 0.0000000000
25718  20.819  -14.950  7.034 0.0000000000
25727  21.022  -15.027  6.872 0.0000000000
25728  21.005  -15.006  6.987 0.0000000000
25729  20.876  -14.970  6.912 0.0000000000
25735  21.914  -14.889  6.376 0.0000000000
25736  21.613  -14.987  6.433 0.0000000000
25737  21.016  -15.034  6.752 0.0000000000
25738  20.955  -14.960  6.775 0.0000000000
25744  22.664  -14.941  6.062 0.0000000000
25745  22.414  -14.833  6.152 0.0000000000
25746  22.113  -14.891  6.179 0.0000000000
25747  21.937  -14.978  6.160 0.0000000000
25748  21.270  -14.921  6.348 0.0000000000
25758  23.024  -14.988  5.823 0.0000000000
25759  22.962  -14.917  5.763 0.0000000000
25760  22.893  -14.909  5.861 0.0000000000
25771  23.138  -14.981  5.515 0.0000000000
25772  23.023  -15.019  5.792 0.0000000000
25777  23.421  -15.009  5.164 0.0000000000
25784  23.414  -15.013  4.994 0.0000000000
25790  23.486  -14.993  4.503 0.0000000000
26361  20.244  -14.584  8.321 0.0000000000
26369  20.332  -14.824  8.005 0.0000000000
26370  20.249  -14.604  7.992 0.0000000000
26381  20.463  -14.654  7.742 0.0000000000
26382  20.110  -14.332  7.598 0.0000000000
26397  20.508  -14.689  7.197 0.0000000000
26398  20.157  -14.340  7.027 0.0000000000
26414  20.975  -14.985  6.976 0.0000000000
26415  20.774  -14.843  6.954 0.0000000000
26416  20.108  -14.296  6.930 0.0000000000
26430  21.010  -14.807  6.480 0.0000000000
26431  20.937  -14.854  6.742 0.0000000000
26432  20.585  -14.879  6.458 0.0000000000
26433  20.040  -14.203  6.312 0.0000000000
26444  22.737  -14.840  5.984 0.0000000000
26445  22.119  -14.530  5.996 0.0000000000
26446  21.987  -14.667  6.067 0.0000000000
26447  21.518  -14.789  6.004 0.0000000000
26448  21.055  -14.350  6.129 0.0000000000
26449  21.002  -14.619  6.034 0.0000000000
26450  20.768  -14.622  5.985 0.0000000000
26451  20.225  -14.481  5.990 0.0000000000
26459  23.042  -14.714  5.897 0.0000000000
26460  22.983  -14.706  5.873 0.0000000000
26461  22.875  -14.677  5.816 0.0000000000
26462  22.016  -14.228  5.970 0.0000000000
26463  22.012  -14.508  5.956 0.0000000000
26464  21.784  -14.590  5.981 0.0000000000
26465  21.133  -14.581  5.960 0.0000000000
26466  20.973  -14.511  5.994 0.0000000000
26467  20.780  -14.555  5.980 0.0000000000
26468  20.539  -14.507  5.979 0.0000000000
26480  23.381  -14.609  5.376 0.0000000000
26490  23.427  -14.673  5.021 0.0000000000
26498  23.458  -14.698  4.777 0.0000000000
27052  19.980  -14.062  8.632 0.0000000000
27053  19.930  -13.863  8.621 0.0000000000
27058  19.995  -14.049  8.018 0.0000000000
27059  19.868  -14.008  8.137 0.0000000000
27065  19.993  -14.229  7.748 0.0000000000
27066  19.748  -14.028  7.984 0.0000000000
27067  19.299  -13.977  8.007 0.0000000000
27072  19.997  -14.207  7.160 0.0000000000
27073  19.715  -14.238  7.468 0.0000000000
27081  20.000  -14.332  6.992 0.0000000000
27082  19.847  -14.292  7.065 0.0000000000
27093  20.025  -14.327  6.658 0.0000000000
27094  19.957  -14.217  6.836 0.0000000000
27110  19.984  -14.313  6.269 0.0000000000
27128  22.322  -14.326  6.126 0.0000000000
27129  21.992  -14.304  6.020 0.0000000000
27130  20.006  -14.219  6.004 0.0000000000
27149  23.024  -14.115  5.984 0.0000000000
27150  23.030  -14.224  5.846 0.0000000000
27151  22.847  -14.255  5.970 0.0000000000
27152  22.198  -14.013  6.033 0.0000000000
27153  22.000  -14.031  5.810 0.0000000000
27154  21.997  -14.314  5.771 0.0000000000
27155  21.257  -14.468  5.747 0.0000000000
27156  21.008  -14.370  5.787 0.0000000000
27157  20.929  -14.416  5.986 0.0000000000
27158  20.327  -14.429  5.981 0.0000000000
27177  23.444  -14.062  5.549 0.0000000000
27178  22.015  -14.038  5.636 0.0000000000
27179  21.628  -14.011  5.147 0.0000000000
27180  21.127  -14.064  5.374 0.0000000000
27181  20.988  -14.150  5.350 0.0000000000
27182  20.764  -14.006  5.530 0.0000000000
27201  23.448  -14.148  5.033 0.0000000000
27222  23.460  -14.143  4.940 0.0000000000
27239  23.409  -14.236  4.542 0.0000000000
27253  23.476  -14.075  4.024 0.0000000000
27271  23.131  -14.130  3.027 0.0000000000
27853  19.802  -13.933  8.443 0.0000000000
27854  19.443  -13.848  8.229 0.0000000000
27855  19.001  -13.761  8.023 0.0000000000
27868  19.637  -13.920  8.003 0.0000000000
27869  19.331  -13.983  8.072 0.0000000000
27883  19.286  -13.988  7.971 0.0000000000
27937  23.147  -13.972  5.716 0.0000000000
27938  22.988  -13.962  5.891 0.0000000000
27939  22.865  -14.008  5.882 0.0000000000
27940  22.147  -13.992  5.823 0.0000000000
27941  22.015  -13.994  5.739 0.0000000000
27957  23.384  -14.026  5.187 0.0000000000
27958  21.951  -13.917  5.630 0.0000000000
27959  21.482  -13.992  5.418 0.0000000000
27977  23.397  -14.039  5.003 0.0000000000
27999  23.334  -14.026  4.939 0.0000000000
28016  23.298  -14.015  4.365 0.0000000000
28033  23.291  -14.018  3.992 0.0000000000
28050  23.371  -14.017  3.968 0.0000000000
28719  23.102  -13.654  5.845 0.0000000000
28720  22.968  -13.657  5.967 0.0000000000
28721  22.576  -13.557  5.848 0.0000000000
28722  21.997  -13.598  5.723 0.0000000000
28723  22.054  -13.709  5.563 0.0000000000
28733  23.293  -13.839  5.473 0.0000000000
28734  21.989  -13.469  5.530 0.0000000000
28747  23.681  -13.547  5.002 0.0000000000
28748  23.445  -13.954  5.024 0.0000000000
28767  23.906  -13.527  4.738 0.0000000000
28768  23.393  -13.993  4.816 0.0000000000
28783  23.660  -13.448  4.005 0.0000000000
28796  23.691  -13.483  3.996 0.0000000000
28797  23.484  -13.721  3.947 0.0000000000
28810  23.827  -13.315  4.050 0.0000000000
29519  23.016  -13.081  5.787 0.0000000000
29520  22.964  -13.213  5.618 0.0000000000
29521  22.905  -13.050  5.847 0.0000000000
29522  22.258  -13.044  5.604 0.0000000000
29531  23.839  -12.997  5.249 0.0000000000
29532  23.478  -13.310  5.671 0.0000000000
29533  22.466  -12.987  5.546 0.0000000000
29534  22.032  -13.154  5.369 0.0000000000
29545  23.942  -13.049  4.988 0.0000000000
29546  23.929  -13.096  5.047 0.0000000000
29547  23.618  -13.375  5.076 0.0000000000
29564  24.002  -13.026  4.732 0.0000000000
29565  23.870  -13.109  4.867 0.0000000000
29578  24.069  -13.067  4.273 0.0000000000
29579  24.001  -13.100  4.408 0.0000000000
29592  24.508  -13.215  3.997 0.0000000000
29593  24.148  -13.177  3.981 0.0000000000
29594  23.946  -13.158  3.981 0.0000000000
29619  24.286  -13.004  3.018 0.0000000000
29671  24.029  -13.011  2.200 0.0000000000
29681  26.106  -13.028  2.000 0.0000000000
29682  25.986  -13.014  1.941 0.0000000000
29683  26.000  -13.197  1.991 0.0000000000
29696  26.169  -13.040  1.907 0.0000000000
30390  23.731  -12.994  5.823 0.0000000000
30391  23.137  -13.014  5.881 0.0000000000
30392  23.013  -12.947  5.612 0.0000000000
30393  22.988  -13.002  5.788 0.0000000000
30407  24.140  -12.838  5.422 0.0000000000
30408  24.023  -12.873  5.270 0.0000000000
30409  23.974  -13.005  5.379 0.0000000000
30410  23.633  -12.999  5.587 0.0000000000
30411  22.899  -12.657  5.605 0.0000000000
30412  22.780  -12.888  5.896 0.0000000000
30429  25.054  -12.641  5.006 0.0000000000
30430  24.689  -12.799  4.998 0.0000000000
30431  24.279  -12.952  5.026 0.0000000000
30432  24.075  -12.997  5.097 0.0000000000
30433  23.993  -13.006  5.093 0.0000000000
30456  25.039  -12.831  4.541 0.0000000000
30457  24.675  -12.833  4.696 0.0000000000
30458  24.198  -12.926  4.836 0.0000000000
30459  24.049  -13.033  4.951 0.0000000000
30474  24.784  -12.829  4.279 0.0000000000
30475  24.345  -12.856  4.409 0.0000000000
30476  24.117  -12.985  4.556 0.0000000000
30489  24.973  -12.846  4.020 0.0000000000
30490  24.515  -12.938  3.988 0.0000000000
30491  24.059  -12.965  4.169 0.0000000000
30505  26.006  -12.711  3.564 0.0000000000
30509  24.918  -13.060  3.775 0.0000000000
30525  24.845  -13.088  3.218 0.0000000000
30526  24.235  -12.991  3.038 0.0000000000
30544  24.586  -12.876  2.952 0.0000000000
30545  24.167  -12.932  2.920 0.0000000000
30567  24.529  -12.853  2.540 0.0000000000
30568  24.124  -12.952  2.453 0.0000000000
30591  24.390  -12.858  2.138 0.0000000000
30612  24.632  -13.013  1.976 0.0000000000
30613  24.172  -12.963  1.987 0.0000000000
31239  23.707  -12.569  5.887 0.0000000000
31240  23.082  -12.734  5.907 0.0000000000
31241  23.037  -12.852  5.783 0.0000000000
31250  24.848  -12.062  5.316 0.0000000000
31251  24.219  -12.331  5.458 0.0000000000
31252  23.987  -12.349  5.401 0.0000000000
31253  23.883  -12.473  5.376 0.0000000000
31254  23.256  -12.214  5.641 0.0000000000
31255  23.003  -12.460  5.559 0.0000000000
31271  25.107  -12.211  5.102 0.0000000000
31272  25.024  -12.371  5.134 0.0000000000
31273  24.571  -12.614  5.263 0.0000000000
31295  25.353  -12.296  4.757 0.0000000000
31296  25.089  -12.398  4.986 0.0000000000
31308  25.968  -12.188  4.032 0.0000000000
31310  25.017  -12.629  4.605 0.0000000000
31338  25.862  -12.406  3.912 0.0000000000
31983  24.858  -11.982  5.187 0.0000000000
31995  25.137  -11.957  5.132 0.0000000000
31996  25.027  -11.962  5.176 0.0000000000
32010  25.314  -11.995  4.918 0.0000000000
32011  25.158  -12.011  5.023 0.0000000000
32019  25.886  -12.018  4.131 0.0000000000
32020  25.828  -12.007  4.377 0.0000000000
32662  24.864  -11.911  5.076 0.0000000000
32674  25.067  -11.843  5.050 0.0000000000
32675  24.896  -11.784  5.025 0.0000000000
32692  25.380  -11.824  4.808 0.0000000000
32693  25.021  -11.846  4.886 0.0000000000
32694  24.963  -11.763  4.966 0.0000000000
33349  24.419  -11.621  5.012 0.0000000000
33362  24.970  -11.605  4.568 0.0000000000
33363  24.474  -11.267  4.690 0.0000000000
33364  24.022  -11.401  4.737 0.0000000000
29000  25.985  -13.608  -1.559 0.0000000000
28982  25.960  -13.478  -1.042 0.0000000000
28981  26.101  -13.569  -1.101 0.0000000000
28999  26.291  -13.571  -1.583 0.0000000000
29001  25.658  -13.603  -1.449 0.0000000000
29018  26.001  -13.644  -1.997 0.0000000000
29019  25.684  -13.558  -1.962 0.0000000000
28983  25.799  -13.556  -1.037 0.0000000000
29844  25.396  -13.405  -1.098 0.0000000000
29870  25.304  -13.373  -1.416 0.0000000000
29020  25.105  -13.485  -1.995 0.0000000000
29002  25.117  -13.437  -1.836 0.0000000000
29871  25.005  -13.285  -1.534 0.0000000000
29017  26.435  -13.548  -1.986 0.0000000000
29038  26.131  -13.685  -2.371 0.0000000000
29039  25.991  -13.551  -2.115 0.0000000000
29040  25.319  -13.431  -2.067 0.0000000000
28190  26.076  -13.815  -2.584 0.0000000000
28191  26.002  -13.720  -2.387 0.0000000000
28205  25.988  -13.861  -2.832 0.0000000000
29059  26.038  -13.804  -2.763 0.0000000000
29037  26.784  -13.540  -2.157 0.0000000000
29058  26.424  -13.713  -2.849 0.0000000000
28192  25.873  -13.991  -2.239 0.0000000000
28204  26.164  -13.851  -2.992 0.0000000000
28221  26.331  -13.832  -2.980 0.0000000000
29074  26.777  -13.585  -3.012 0.0000000000
29057  27.013  -13.557  -2.730 0.0000000000
29073  26.967  -13.533  -2.999 0.0000000000
28235  26.465  -13.839  -3.142 0.0000000000
29085  26.925  -13.640  -3.009 0.0000000000
29084  26.989  -13.681  -3.386 0.0000000000
28234  27.008  -13.874  -3.223 0.0000000000
28247  26.996  -13.981  -3.553 0.0000000000
29096  26.982  -13.799  -3.597 0.0000000000
29083  27.070  -13.620  -3.268 0.0000000000
29095  27.003  -13.739  -3.708 0.0000000000
29094  27.567  -13.764  -3.756 0.0000000000
28245  27.263  -13.890  -3.964 0.0000000000
28246  27.020  -13.938  -3.974 0.0000000000
29843  25.771  -13.378  -1.023 0.0000000000
29822  25.439  -13.215  -1.017 0.0000000000
29821  25.860  -13.387  -0.987 0.0000000000
29845  25.012  -13.201  -1.058 0.0000000000
29806  25.106  -13.293  -0.629 0.0000000000
29805  25.903  -13.401  -0.710 0.0000000000
29823  25.030  -13.098  -0.910 0.0000000000
28968  25.978  -13.558  -0.922 0.0000000000
29790  25.412  -13.114  -0.068 0.0000000000
29789  25.894  -13.352  -0.143 0.0000000000
29807  25.033  -13.010  -0.272 0.0000000000
28958  25.982  -13.432  -0.391 0.0000000000
29775  25.267  -13.066  0.023 0.0000000000
29774  25.910  -13.312  0.036 0.0000000000
29791  25.035  -13.027  -0.094 0.0000000000
28939  25.984  -13.410  -0.034 0.0000000000
28948  25.960  -13.434  -0.007 0.0000000000
29758  25.064  -13.194  0.508 0.0000000000
29757  25.750  -13.327  0.464 0.0000000000
29776  25.021  -13.025  0.064 0.0000000000
29773  25.968  -13.411  0.171 0.0000000000
28938  26.040  -13.453  0.090 0.0000000000
29756  25.983  -13.444  0.559 0.0000000000
28930  25.997  -13.542  0.207 0.0000000000
29741  25.441  -13.096  0.999 0.0000000000
29742  25.104  -13.014  0.759 0.0000000000
29759  25.048  -13.011  0.423 0.0000000000
29740  25.965  -13.249  0.984 0.0000000000
29721  25.161  -13.043  0.997 0.0000000000
30657  24.998  -13.083  0.898 0.0000000000
30669  24.981  -12.994  0.360 0.0000000000
29720  25.520  -13.348  1.021 0.0000000000
29700  25.110  -13.211  1.024 0.0000000000
30642  24.993  -13.007  1.021 0.0000000000
29699  25.313  -13.384  1.147 0.0000000000
30628  25.003  -13.177  1.395 0.0000000000
28967  25.993  -13.585  -0.948 0.0000000000
28957  25.998  -13.607  -0.439 0.0000000000
28947  25.962  -13.584  -0.011 0.0000000000
28248  26.442  -13.904  -3.643 0.0000000000
28260  27.228  -14.008  -4.001 0.0000000000
28261  26.981  -13.981  -3.956 0.0000000000
28222  26.021  -13.886  -3.041 0.0000000000
28236  26.032  -13.891  -3.415 0.0000000000
28206  25.921  -13.950  -2.849 0.0000000000
30683  24.995  -12.995  0.027 0.0000000000
30696  24.986  -12.991  -0.236 0.0000000000
30709  25.008  -13.018  -0.580 0.0000000000
30627  25.194  -13.360  1.801 0.0000000000
30611  24.979  -13.015  1.892 0.0000000000
30610  25.333  -13.210  1.990 0.0000000000
30629  24.995  -12.994  1.371 0.0000000000
30643  24.864  -12.968  1.046 0.0000000000
30658  24.732  -12.916  0.862 0.0000000000
30670  24.778  -13.028  0.371 0.0000000000
30684  24.812  -12.940  0.053 0.0000000000
30697  24.906  -13.160  -0.013 0.0000000000
30710  24.910  -12.996  -0.510 0.0000000000
30721  25.006  -13.027  -0.775 0.0000000000
30589  25.033  -13.073  2.182 0.0000000000
30590  24.997  -12.968  2.089 0.0000000000
30566  24.963  -12.940  2.599 0.0000000000
30543  24.951  -13.001  2.986 0.0000000000
29620  24.066  -13.278  3.071 0.0000000000
29606  24.394  -13.060  3.466 0.0000000000
30524  24.969  -12.973  3.321 0.0000000000
29607  24.076  -13.262  3.602 0.0000000000
