#!ascii label  , from subject  vox2ras=TkReg
688
20958  22.829  -16.990  -11.931 0.0000000000
21712  19.994  -17.041  -10.503 0.0000000000
21713  19.810  -16.967  -10.381 0.0000000000
21724  20.067  -17.041  -10.792 0.0000000000
21725  19.949  -17.057  -10.761 0.0000000000
21728  20.042  -17.029  -11.049 0.0000000000
21735  22.753  -16.990  -11.839 0.0000000000
22515  19.722  -16.546  -10.059 0.0000000000
22516  19.017  -16.659  -10.006 0.0000000000
22517  18.989  -16.547  -10.070 0.0000000000
22523  20.457  -16.711  -10.568 0.0000000000
22524  20.130  -16.925  -10.461 0.0000000000
22525  19.903  -16.757  -10.318 0.0000000000
22526  19.436  -16.797  -10.328 0.0000000000
22536  20.400  -16.787  -10.986 0.0000000000
22537  20.244  -16.958  -10.979 0.0000000000
22540  20.915  -16.539  -11.226 0.0000000000
22541  20.627  -16.783  -11.209 0.0000000000
22542  20.233  -16.994  -11.040 0.0000000000
23321  22.998  -16.077  -9.807 0.0000000000
23326  23.178  -16.121  -10.004 0.0000000000
23329  20.260  -16.126  -9.995 0.0000000000
23330  20.024  -16.135  -10.118 0.0000000000
23331  20.006  -16.156  -9.991 0.0000000000
23332  19.448  -16.144  -10.015 0.0000000000
23333  19.067  -16.195  -10.012 0.0000000000
23334  18.812  -16.266  -10.062 0.0000000000
23335  18.473  -16.016  -10.054 0.0000000000
23338  23.754  -16.006  -10.567 0.0000000000
23339  23.560  -16.178  -10.243 0.0000000000
23341  20.999  -16.066  -10.577 0.0000000000
23342  20.454  -16.438  -10.104 0.0000000000
23343  20.018  -16.441  -10.213 0.0000000000
23345  18.725  -16.427  -10.483 0.0000000000
23346  18.302  -16.297  -10.373 0.0000000000
23351  23.816  -16.076  -10.934 0.0000000000
23353  20.999  -16.113  -10.920 0.0000000000
23354  20.857  -16.379  -10.864 0.0000000000
23355  23.856  -16.038  -11.096 0.0000000000
23357  21.005  -16.189  -11.027 0.0000000000
23358  20.937  -16.245  -10.998 0.0000000000
23359  20.726  -16.413  -11.011 0.0000000000
23360  23.695  -16.001  -11.546 0.0000000000
23361  23.739  -16.229  -11.268 0.0000000000
23362  21.452  -16.192  -11.469 0.0000000000
23363  21.023  -16.286  -11.212 0.0000000000
23364  20.980  -16.291  -11.102 0.0000000000
23365  23.522  -16.011  -11.974 0.0000000000
23366  23.337  -16.284  -11.908 0.0000000000
23371  23.192  -16.040  -12.116 0.0000000000
23372  23.021  -16.191  -12.113 0.0000000000
24076  22.920  -16.052  -9.807 0.0000000000
24078  20.122  -15.906  -10.003 0.0000000000
24080  19.581  -15.995  -9.835 0.0000000000
24081  19.085  -16.004  -9.847 0.0000000000
24082  19.000  -16.002  -9.788 0.0000000000
24085  23.422  -15.858  -10.038 0.0000000000
24086  23.209  -15.978  -10.015 0.0000000000
24087  23.077  -16.045  -9.930 0.0000000000
24088  20.798  -15.971  -9.981 0.0000000000
24089  20.359  -15.980  -10.000 0.0000000000
24090  20.159  -16.023  -9.958 0.0000000000
24091  19.987  -16.015  -10.004 0.0000000000
24092  19.712  -16.080  -9.943 0.0000000000
24093  19.297  -16.085  -9.940 0.0000000000
24094  18.916  -16.045  -9.922 0.0000000000
24095  18.677  -15.991  -10.009 0.0000000000
24098  23.705  -15.905  -10.436 0.0000000000
24099  23.463  -16.014  -10.154 0.0000000000
24100  20.956  -15.950  -10.343 0.0000000000
24101  20.559  -16.029  -10.049 0.0000000000
24107  24.001  -15.928  -10.935 0.0000000000
24108  23.833  -16.001  -10.860 0.0000000000
24109  21.091  -16.019  -10.940 0.0000000000
24110  21.014  -16.003  -10.811 0.0000000000
24113  23.997  -15.981  -11.027 0.0000000000
24114  23.910  -15.988  -11.010 0.0000000000
24115  21.096  -16.038  -11.038 0.0000000000
24116  20.980  -15.952  -10.968 0.0000000000
24117  23.987  -15.978  -11.335 0.0000000000
24118  23.921  -16.013  -11.155 0.0000000000
24119  21.469  -16.038  -11.430 0.0000000000
24120  21.059  -16.016  -11.173 0.0000000000
24121  24.004  -15.912  -11.787 0.0000000000
24122  23.805  -15.984  -11.738 0.0000000000
24123  23.409  -15.972  -11.833 0.0000000000
24124  22.092  -15.993  -11.958 0.0000000000
24125  22.009  -16.018  -11.901 0.0000000000
24127  23.107  -15.987  -11.992 0.0000000000
24128  23.002  -16.001  -12.094 0.0000000000
24129  22.674  -15.974  -12.116 0.0000000000
24131  22.015  -15.961  -12.049 0.0000000000
24781  23.006  -15.517  -9.549 0.0000000000
24786  19.060  -15.396  -9.452 0.0000000000
24795  23.100  -15.554  -9.661 0.0000000000
24796  23.007  -15.789  -9.748 0.0000000000
24797  22.969  -15.704  -9.664 0.0000000000
24798  20.610  -15.743  -10.002 0.0000000000
24799  20.301  -15.807  -9.915 0.0000000000
24802  19.088  -15.651  -9.630 0.0000000000
24804  18.674  -15.497  -9.667 0.0000000000
24807  23.668  -15.491  -9.998 0.0000000000
24808  23.316  -15.548  -9.911 0.0000000000
24809  23.071  -15.998  -9.964 0.0000000000
24810  20.800  -15.572  -10.087 0.0000000000
24811  20.662  -15.712  -9.937 0.0000000000
24812  20.251  -15.952  -9.977 0.0000000000
24813  18.812  -15.872  -9.853 0.0000000000
24814  18.545  -15.764  -10.012 0.0000000000
24815  18.090  -15.525  -10.021 0.0000000000
24818  24.011  -15.325  -10.285 0.0000000000
24819  23.803  -15.481  -10.294 0.0000000000
24820  21.025  -15.597  -10.406 0.0000000000
24821  20.990  -15.609  -10.328 0.0000000000
24822  18.614  -15.955  -10.251 0.0000000000
24823  18.144  -15.634  -10.313 0.0000000000
24827  24.400  -15.643  -10.986 0.0000000000
24828  24.127  -15.653  -10.750 0.0000000000
24829  24.004  -15.969  -10.843 0.0000000000
24830  21.654  -15.433  -10.965 0.0000000000
24831  21.137  -15.672  -10.992 0.0000000000
24832  21.001  -15.991  -10.756 0.0000000000
24833  18.022  -15.530  -10.634 0.0000000000
24834  17.995  -15.684  -10.723 0.0000000000
24836  24.290  -15.587  -11.000 0.0000000000
24837  24.051  -15.890  -11.012 0.0000000000
24838  21.555  -15.640  -11.008 0.0000000000
24839  21.202  -16.000  -11.031 0.0000000000
24840  24.359  -15.493  -11.167 0.0000000000
24841  23.991  -15.634  -11.356 0.0000000000
24842  21.749  -15.445  -11.714 0.0000000000
24843  21.566  -15.823  -11.419 0.0000000000
24844  21.336  -15.991  -11.250 0.0000000000
24845  24.007  -15.620  -11.702 0.0000000000
24846  23.992  -15.738  -11.954 0.0000000000
24847  23.594  -15.942  -11.924 0.0000000000
24848  22.778  -15.620  -11.997 0.0000000000
24849  22.430  -15.741  -12.005 0.0000000000
24850  22.020  -15.830  -11.802 0.0000000000
24851  21.763  -15.996  -11.759 0.0000000000
24852  23.750  -15.527  -11.986 0.0000000000
24853  23.379  -15.680  -12.046 0.0000000000
24854  23.038  -15.677  -12.108 0.0000000000
24855  22.824  -15.620  -12.089 0.0000000000
24856  22.436  -15.900  -12.089 0.0000000000
25464  23.056  -15.009  -9.260 0.0000000000
25470  19.510  -15.014  -9.230 0.0000000000
25471  19.066  -15.090  -9.391 0.0000000000
25481  23.770  -15.005  -9.814 0.0000000000
25482  23.415  -15.301  -9.541 0.0000000000
25484  21.022  -15.089  -9.935 0.0000000000
25485  20.696  -15.377  -9.850 0.0000000000
25488  19.000  -15.363  -9.626 0.0000000000
25494  23.989  -15.033  -9.984 0.0000000000
25495  23.863  -15.197  -10.007 0.0000000000
25496  23.732  -15.240  -9.924 0.0000000000
25497  21.047  -15.107  -10.011 0.0000000000
25498  20.866  -15.127  -10.059 0.0000000000
25499  20.994  -15.302  -9.983 0.0000000000
25500  18.410  -15.066  -9.984 0.0000000000
25501  18.186  -15.139  -10.076 0.0000000000
25505  24.025  -15.528  -10.126 0.0000000000
25506  24.002  -15.102  -10.142 0.0000000000
25507  21.649  -15.023  -10.513 0.0000000000
25508  21.099  -15.321  -10.280 0.0000000000
25509  21.001  -15.277  -10.082 0.0000000000
25510  18.096  -15.120  -10.454 0.0000000000
25513  24.503  -15.377  -10.984 0.0000000000
25514  24.207  -15.344  -10.625 0.0000000000
25515  21.992  -15.112  -10.981 0.0000000000
25516  21.773  -15.251  -10.940 0.0000000000
25517  21.299  -15.136  -10.817 0.0000000000
25518  18.016  -15.137  -10.706 0.0000000000
25522  24.532  -15.215  -11.021 0.0000000000
25523  21.884  -15.126  -11.046 0.0000000000
25524  21.538  -15.176  -11.018 0.0000000000
25525  24.349  -15.207  -11.645 0.0000000000
25526  24.154  -15.488  -11.861 0.0000000000
25527  22.500  -15.022  -11.447 0.0000000000
25528  22.002  -15.084  -11.281 0.0000000000
25529  21.990  -15.302  -11.286 0.0000000000
25530  21.894  -15.212  -11.162 0.0000000000
25531  24.172  -15.008  -11.895 0.0000000000
25532  24.048  -15.150  -12.014 0.0000000000
25533  23.975  -15.243  -11.990 0.0000000000
25534  22.985  -15.072  -11.891 0.0000000000
25535  22.799  -15.360  -11.975 0.0000000000
25536  22.274  -15.416  -11.731 0.0000000000
25537  22.041  -15.466  -11.606 0.0000000000
25538  23.991  -15.040  -11.958 0.0000000000
25539  23.697  -15.173  -12.105 0.0000000000
25540  23.130  -15.266  -12.075 0.0000000000
25541  23.014  -15.260  -12.039 0.0000000000
25542  22.962  -15.263  -11.965 0.0000000000
26163  22.924  -14.833  -9.053 0.0000000000
26169  23.082  -14.985  -9.284 0.0000000000
26170  22.967  -14.902  -9.165 0.0000000000
26172  20.980  -14.976  -9.707 0.0000000000
26176  19.783  -14.997  -9.308 0.0000000000
26177  19.203  -15.008  -9.406 0.0000000000
26178  18.997  -14.955  -9.387 0.0000000000
26186  23.992  -14.968  -9.988 0.0000000000
26187  23.903  -14.955  -9.916 0.0000000000
26188  23.483  -14.993  -9.608 0.0000000000
26189  21.076  -14.963  -9.844 0.0000000000
26190  20.990  -14.999  -9.788 0.0000000000
26192  18.849  -14.951  -9.412 0.0000000000
26197  24.150  -15.007  -10.006 0.0000000000
26198  24.016  -14.972  -9.966 0.0000000000
26199  23.962  -15.003  -9.998 0.0000000000
26200  21.283  -14.989  -10.092 0.0000000000
26201  21.090  -14.983  -10.009 0.0000000000
26202  20.998  -14.957  -9.994 0.0000000000
26203  18.404  -14.927  -9.927 0.0000000000
26204  18.307  -14.999  -9.990 0.0000000000
26208  24.567  -14.990  -10.509 0.0000000000
26209  24.294  -14.970  -10.262 0.0000000000
26210  24.087  -15.069  -10.091 0.0000000000
26211  21.850  -15.022  -10.635 0.0000000000
26212  21.614  -14.955  -10.381 0.0000000000
26213  21.263  -15.044  -10.128 0.0000000000
26214  18.132  -14.997  -10.256 0.0000000000
26217  24.665  -14.960  -10.846 0.0000000000
26218  24.554  -14.999  -10.881 0.0000000000
26219  22.049  -15.014  -10.890 0.0000000000
26220  21.930  -15.015  -10.777 0.0000000000
26221  21.917  -15.072  -10.791 0.0000000000
26222  18.092  -14.972  -10.583 0.0000000000
26226  24.686  -14.879  -10.961 0.0000000000
26227  24.598  -14.982  -11.026 0.0000000000
26228  22.335  -14.892  -11.128 0.0000000000
26229  22.173  -14.933  -11.036 0.0000000000
26230  22.006  -15.019  -10.988 0.0000000000
26231  24.753  -14.915  -11.042 0.0000000000
26232  24.559  -15.018  -11.160 0.0000000000
26233  22.976  -14.964  -11.750 0.0000000000
26234  22.651  -14.910  -11.371 0.0000000000
26235  22.093  -14.965  -11.167 0.0000000000
26236  21.978  -15.031  -11.117 0.0000000000
26237  24.313  -15.005  -11.735 0.0000000000
26238  24.081  -14.992  -11.942 0.0000000000
26239  23.001  -14.859  -11.787 0.0000000000
26240  23.017  -14.977  -11.775 0.0000000000
26241  22.965  -15.061  -11.796 0.0000000000
26242  24.007  -14.909  -12.076 0.0000000000
26243  23.735  -14.944  -12.115 0.0000000000
26244  23.258  -14.982  -12.022 0.0000000000
26245  23.063  -15.015  -11.960 0.0000000000
26855  22.963  -14.607  -9.025 0.0000000000
26863  23.335  -14.373  -9.269 0.0000000000
26864  23.037  -14.747  -9.211 0.0000000000
26865  23.036  -14.802  -9.022 0.0000000000
26881  24.011  -14.670  -9.787 0.0000000000
26882  23.858  -14.814  -9.704 0.0000000000
26883  23.341  -14.868  -9.443 0.0000000000
26884  21.555  -14.542  -9.884 0.0000000000
26885  21.076  -14.831  -9.743 0.0000000000
26886  21.014  -14.787  -9.633 0.0000000000
26887  18.702  -14.531  -9.613 0.0000000000
26888  18.165  -14.557  -9.910 0.0000000000
26891  24.227  -14.655  -9.994 0.0000000000
26892  24.066  -14.812  -10.011 0.0000000000
26893  21.892  -14.404  -10.127 0.0000000000
26894  21.460  -14.695  -9.997 0.0000000000
26895  21.242  -14.965  -9.975 0.0000000000
26896  18.115  -14.634  -9.998 0.0000000000
26901  24.329  -14.777  -9.979 0.0000000000
26902  22.029  -14.607  -10.436 0.0000000000
26903  21.909  -14.574  -10.548 0.0000000000
26904  21.749  -14.655  -10.261 0.0000000000
26905  18.106  -14.623  -10.457 0.0000000000
26909  22.544  -14.669  -11.014 0.0000000000
26910  22.070  -14.955  -10.832 0.0000000000
26911  21.983  -14.928  -10.784 0.0000000000
26912  18.020  -14.673  -10.835 0.0000000000
26917  23.008  -14.451  -11.002 0.0000000000
26918  22.506  -14.586  -11.132 0.0000000000
26919  22.258  -14.881  -10.969 0.0000000000
26920  24.793  -14.672  -11.297 0.0000000000
26921  24.486  -14.987  -11.617 0.0000000000
26922  23.010  -14.494  -11.453 0.0000000000
26923  22.962  -14.510  -11.565 0.0000000000
26924  22.769  -14.658  -11.273 0.0000000000
26925  24.495  -14.582  -11.772 0.0000000000
26926  24.311  -14.829  -11.857 0.0000000000
26927  24.038  -14.646  -12.014 0.0000000000
26928  23.658  -14.462  -11.997 0.0000000000
26929  23.163  -14.741  -11.775 0.0000000000
26930  23.003  -14.862  -11.677 0.0000000000
26931  23.999  -14.561  -12.083 0.0000000000
26932  23.830  -14.610  -12.102 0.0000000000
26933  23.569  -14.866  -12.034 0.0000000000
27626  22.976  -14.021  -9.030 0.0000000000
27636  23.513  -13.995  -9.309 0.0000000000
27637  23.131  -14.203  -9.033 0.0000000000
27638  22.993  -14.446  -9.030 0.0000000000
27639  21.676  -14.011  -9.545 0.0000000000
27640  21.406  -14.086  -9.383 0.0000000000
27641  21.001  -14.032  -9.315 0.0000000000
27654  24.222  -14.049  -9.745 0.0000000000
27656  23.942  -14.226  -9.679 0.0000000000
27657  21.910  -14.009  -9.964 0.0000000000
27658  21.826  -14.029  -9.710 0.0000000000
27659  21.356  -14.396  -9.611 0.0000000000
27661  18.402  -14.020  -9.714 0.0000000000
27666  24.111  -14.396  -9.891 0.0000000000
27667  22.091  -14.057  -10.014 0.0000000000
27668  21.988  -14.027  -9.967 0.0000000000
27669  21.973  -14.200  -9.974 0.0000000000
27677  22.604  -14.118  -10.514 0.0000000000
27678  22.195  -14.145  -10.116 0.0000000000
27679  22.018  -14.212  -10.077 0.0000000000
27680  18.423  -13.990  -10.083 0.0000000000
27681  18.304  -14.125  -10.334 0.0000000000
27686  23.002  -14.088  -10.949 0.0000000000
27687  22.868  -14.245  -10.917 0.0000000000
27688  22.369  -14.440  -10.641 0.0000000000
27693  25.095  -14.130  -11.139 0.0000000000
27695  23.017  -14.084  -11.050 0.0000000000
27696  22.884  -14.177  -11.001 0.0000000000
27697  25.047  -14.071  -11.216 0.0000000000
27698  24.987  -14.196  -11.287 0.0000000000
27699  23.207  -14.166  -11.446 0.0000000000
27700  23.063  -14.201  -11.265 0.0000000000
27701  24.881  -14.056  -11.522 0.0000000000
27702  24.364  -14.152  -12.003 0.0000000000
27703  24.114  -14.383  -11.992 0.0000000000
27704  23.965  -14.164  -11.904 0.0000000000
27705  23.510  -14.145  -11.893 0.0000000000
27706  24.151  -14.032  -12.021 0.0000000000
27707  24.051  -14.200  -11.973 0.0000000000
27708  23.962  -14.276  -12.038 0.0000000000
28421  23.405  -13.999  -9.062 0.0000000000
28422  23.296  -14.012  -9.006 0.0000000000
28435  23.746  -13.912  -9.343 0.0000000000
28436  23.505  -14.007  -9.225 0.0000000000
28437  21.607  -13.998  -9.483 0.0000000000
28438  21.265  -13.833  -9.211 0.0000000000
28452  24.044  -13.888  -9.612 0.0000000000
28453  23.999  -14.002  -9.641 0.0000000000
28454  22.450  -13.937  -9.946 0.0000000000
28455  22.002  -13.968  -9.800 0.0000000000
28456  21.874  -14.003  -9.707 0.0000000000
28458  18.515  -14.023  -9.884 0.0000000000
28466  22.509  -13.899  -10.100 0.0000000000
28467  22.265  -13.972  -10.010 0.0000000000
28468  22.008  -14.017  -9.915 0.0000000000
28475  23.035  -13.996  -10.813 0.0000000000
28476  22.800  -14.010  -10.568 0.0000000000
28477  22.348  -14.024  -10.188 0.0000000000
28478  18.536  -13.978  -9.963 0.0000000000
28479  18.228  -13.945  -10.307 0.0000000000
28484  23.016  -13.983  -10.895 0.0000000000
28485  22.872  -14.076  -10.773 0.0000000000
28492  23.045  -13.868  -11.028 0.0000000000
28493  22.998  -13.977  -10.982 0.0000000000
28494  25.124  -13.947  -11.260 0.0000000000
28495  25.079  -13.958  -11.294 0.0000000000
28496  25.070  -14.040  -11.353 0.0000000000
28497  23.099  -13.982  -11.308 0.0000000000
28498  23.027  -13.970  -11.125 0.0000000000
28499  25.023  -13.815  -11.565 0.0000000000
28500  25.026  -13.951  -11.503 0.0000000000
28501  24.590  -14.001  -11.790 0.0000000000
28502  23.942  -13.874  -11.988 0.0000000000
28503  23.975  -13.966  -11.863 0.0000000000
28504  23.538  -13.994  -11.744 0.0000000000
28505  24.212  -13.945  -12.090 0.0000000000
28506  24.024  -13.949  -11.963 0.0000000000
28507  23.990  -14.020  -11.933 0.0000000000
29271  22.014  -13.286  -9.582 0.0000000000
29272  21.763  -13.386  -9.581 0.0000000000
29288  22.273  -13.402  -9.802 0.0000000000
29289  22.021  -13.637  -9.680 0.0000000000
29290  21.903  -13.743  -9.577 0.0000000000
29301  22.441  -13.409  -9.989 0.0000000000
29302  22.352  -13.502  -9.954 0.0000000000
29310  23.093  -13.759  -10.657 0.0000000000
29311  22.921  -13.690  -10.154 0.0000000000
29312  18.469  -13.461  -10.055 0.0000000000
29318  22.979  -13.534  -10.929 0.0000000000
29325  23.063  -13.236  -11.005 0.0000000000
29326  23.004  -13.628  -11.010 0.0000000000
29327  25.771  -13.133  -11.090 0.0000000000
29328  25.654  -13.524  -11.383 0.0000000000
29329  25.066  -13.574  -11.504 0.0000000000
29330  23.804  -13.319  -11.720 0.0000000000
29331  23.300  -13.618  -11.174 0.0000000000
29332  25.083  -13.510  -11.620 0.0000000000
29333  25.012  -13.453  -11.767 0.0000000000
29334  25.035  -13.734  -11.777 0.0000000000
29335  23.967  -13.543  -11.959 0.0000000000
29336  23.979  -13.632  -11.868 0.0000000000
29337  23.676  -13.891  -11.836 0.0000000000
29339  24.440  -13.519  -12.080 0.0000000000
29340  24.029  -13.836  -11.939 0.0000000000
30135  21.991  -13.091  -9.496 0.0000000000
30136  21.566  -13.001  -9.351 0.0000000000
30137  21.014  -13.019  -9.259 0.0000000000
30153  22.351  -13.016  -9.541 0.0000000000
30154  22.015  -13.023  -9.538 0.0000000000
30163  22.508  -13.029  -9.997 0.0000000000
30164  22.125  -13.019  -9.968 0.0000000000
30172  22.980  -13.034  -10.477 0.0000000000
30173  22.602  -13.027  -10.048 0.0000000000
30174  18.337  -13.012  -10.551 0.0000000000
30175  18.052  -13.027  -10.669 0.0000000000
30180  23.150  -12.980  -10.916 0.0000000000
30181  22.996  -13.069  -10.895 0.0000000000
30182  18.013  -13.021  -10.811 0.0000000000
30188  23.293  -12.988  -10.890 0.0000000000
30189  23.040  -13.161  -10.978 0.0000000000
30190  25.895  -13.020  -11.147 0.0000000000
30193  23.698  -13.009  -11.551 0.0000000000
30194  23.351  -13.103  -11.153 0.0000000000
30198  23.993  -13.046  -11.989 0.0000000000
30199  23.989  -13.155  -11.840 0.0000000000
30202  24.083  -13.219  -11.973 0.0000000000
30991  20.752  -12.919  -8.990 0.0000000000
30992  20.304  -12.838  -8.963 0.0000000000
30993  20.045  -12.786  -8.961 0.0000000000
30994  19.823  -12.782  -8.965 0.0000000000
31004  21.977  -12.958  -9.441 0.0000000000
31005  21.633  -12.940  -9.242 0.0000000000
31009  19.018  -12.924  -9.271 0.0000000000
31018  22.057  -13.025  -9.651 0.0000000000
31019  21.988  -12.761  -9.662 0.0000000000
31026  22.431  -12.897  -9.995 0.0000000000
31027  22.149  -12.846  -9.898 0.0000000000
31028  18.592  -12.963  -9.977 0.0000000000
31029  18.563  -12.864  -10.055 0.0000000000
31034  22.989  -12.987  -10.487 0.0000000000
31035  22.616  -12.914  -10.282 0.0000000000
31036  18.256  -12.889  -10.307 0.0000000000
31037  18.047  -12.984  -10.602 0.0000000000
31042  23.290  -12.697  -10.880 0.0000000000
31043  23.094  -12.842  -10.666 0.0000000000
31044  17.980  -12.965  -10.684 0.0000000000
31050  23.270  -12.826  -11.010 0.0000000000
31052  25.713  -12.987  -11.397 0.0000000000
31053  23.803  -12.899  -11.706 0.0000000000
31054  23.470  -12.945  -11.341 0.0000000000
31059  23.997  -12.997  -11.866 0.0000000000
31727  20.724  -12.463  -8.971 0.0000000000
31728  20.234  -12.462  -8.952 0.0000000000
31729  19.976  -12.456  -8.961 0.0000000000
31730  19.735  -12.447  -8.969 0.0000000000
31731  19.413  -12.463  -9.239 0.0000000000
31737  21.977  -12.467  -9.273 0.0000000000
31738  21.361  -12.433  -9.330 0.0000000000
31739  20.995  -12.432  -9.304 0.0000000000
31740  20.939  -12.458  -9.168 0.0000000000
31741  19.016  -12.523  -9.286 0.0000000000
31743  18.901  -12.548  -9.556 0.0000000000
31751  22.166  -12.462  -9.718 0.0000000000
31752  21.972  -12.438  -9.768 0.0000000000
31753  18.878  -12.477  -10.013 0.0000000000
31761  22.468  -12.518  -10.004 0.0000000000
31762  22.229  -12.450  -9.953 0.0000000000
31763  18.568  -12.459  -9.931 0.0000000000
31764  18.538  -12.430  -10.005 0.0000000000
31770  23.013  -12.478  -10.206 0.0000000000
31771  22.717  -12.515  -10.253 0.0000000000
31772  18.586  -12.295  -10.535 0.0000000000
31779  22.975  -12.618  -10.976 0.0000000000
31780  23.054  -12.453  -10.922 0.0000000000
31787  23.163  -12.392  -11.023 0.0000000000
31788  23.045  -12.189  -10.995 0.0000000000
31793  23.462  -12.493  -11.436 0.0000000000
32391  20.864  -12.002  -9.043 0.0000000000
32392  20.396  -12.065  -8.958 0.0000000000
32393  20.064  -12.110  -8.956 0.0000000000
32394  19.944  -12.078  -8.965 0.0000000000
32395  19.660  -12.028  -8.983 0.0000000000
32400  22.012  -12.002  -9.442 0.0000000000
32401  21.720  -12.044  -9.210 0.0000000000
32402  21.021  -12.004  -9.246 0.0000000000
32403  20.977  -12.035  -9.203 0.0000000000
32404  19.166  -11.997  -9.317 0.0000000000
32405  19.005  -12.016  -9.278 0.0000000000
32413  22.126  -12.021  -9.737 0.0000000000
32414  22.021  -12.092  -9.693 0.0000000000
32415  18.888  -12.009  -9.880 0.0000000000
32416  18.551  -11.993  -9.979 0.0000000000
32423  22.520  -12.109  -10.024 0.0000000000
32424  22.182  -12.064  -10.013 0.0000000000
32425  18.507  -12.047  -10.031 0.0000000000
32426  18.471  -12.064  -10.071 0.0000000000
32432  22.998  -11.992  -10.532 0.0000000000
32433  22.764  -12.083  -10.298 0.0000000000
32434  18.487  -11.989  -10.108 0.0000000000
32435  18.101  -12.117  -10.539 0.0000000000
32442  23.065  -11.984  -10.663 0.0000000000
32443  18.094  -12.011  -10.650 0.0000000000
32451  23.095  -12.077  -11.011 0.0000000000
32452  23.072  -11.973  -10.963 0.0000000000
32456  23.308  -12.034  -11.155 0.0000000000
32460  23.476  -12.028  -11.710 0.0000000000
33069  20.892  -11.796  -9.113 0.0000000000
33070  20.566  -11.827  -9.003 0.0000000000
33071  20.228  -11.758  -8.960 0.0000000000
33072  20.000  -11.782  -8.957 0.0000000000
33073  19.811  -11.818  -8.964 0.0000000000
33078  21.982  -11.873  -9.480 0.0000000000
33079  21.789  -11.859  -9.326 0.0000000000
33080  21.148  -11.930  -9.313 0.0000000000
33081  20.966  -11.789  -9.205 0.0000000000
33082  19.422  -11.877  -9.236 0.0000000000
33083  19.118  -11.840  -9.299 0.0000000000
33084  19.002  -11.880  -9.288 0.0000000000
33090  22.113  -11.912  -9.674 0.0000000000
33091  22.001  -11.927  -9.547 0.0000000000
33092  18.724  -11.976  -9.457 0.0000000000
33093  18.419  -11.965  -9.988 0.0000000000
33100  22.503  -11.997  -10.002 0.0000000000
33101  22.143  -11.914  -9.972 0.0000000000
33109  22.949  -11.914  -10.434 0.0000000000
33110  22.577  -11.903  -10.195 0.0000000000
33111  18.452  -11.936  -10.168 0.0000000000
33112  18.099  -12.003  -10.515 0.0000000000
33119  23.005  -11.908  -10.749 0.0000000000
33120  18.004  -11.962  -10.727 0.0000000000
33128  23.160  -11.926  -11.054 0.0000000000
33129  23.068  -11.676  -10.940 0.0000000000
33134  23.351  -11.883  -11.537 0.0000000000
33792  20.880  -11.403  -9.099 0.0000000000
33793  20.364  -11.398  -8.967 0.0000000000
33794  20.086  -11.392  -8.954 0.0000000000
33795  19.937  -11.389  -8.960 0.0000000000
33796  19.587  -11.438  -9.053 0.0000000000
33802  21.999  -11.403  -9.399 0.0000000000
33804  21.000  -11.336  -9.343 0.0000000000
33806  19.135  -11.523  -9.328 0.0000000000
33807  19.043  -11.472  -9.301 0.0000000000
33808  18.892  -11.324  -9.156 0.0000000000
33815  22.203  -11.509  -9.706 0.0000000000
33817  18.546  -11.478  -9.710 0.0000000000
33829  18.726  -11.347  -10.068 0.0000000000
33840  18.299  -11.461  -10.361 0.0000000000
33841  18.084  -11.347  -10.785 0.0000000000
33850  18.014  -11.356  -10.932 0.0000000000
33857  23.103  -11.623  -11.075 0.0000000000
34612  20.498  -11.048  -8.970 0.0000000000
34613  20.111  -11.057  -8.964 0.0000000000
34614  19.975  -11.041  -8.959 0.0000000000
34615  19.758  -11.035  -8.964 0.0000000000
34621  21.965  -11.042  -9.497 0.0000000000
34623  21.006  -11.002  -9.390 0.0000000000
34625  19.400  -11.030  -9.237 0.0000000000
34626  19.043  -11.071  -9.402 0.0000000000
34627  18.991  -11.002  -9.362 0.0000000000
34636  22.001  -11.015  -9.717 0.0000000000
34637  18.673  -11.001  -9.516 0.0000000000
34662  18.384  -10.999  -10.577 0.0000000000
34663  18.129  -11.035  -10.647 0.0000000000
34673  18.031  -11.024  -10.859 0.0000000000
34680  18.043  -11.002  -11.025 0.0000000000
35413  20.742  -10.768  -9.007 0.0000000000
35414  20.102  -10.896  -9.042 0.0000000000
35415  19.980  -10.777  -8.983 0.0000000000
35416  19.898  -10.945  -8.970 0.0000000000
35427  19.978  -10.614  -8.995 0.0000000000
35428  19.676  -10.726  -9.093 0.0000000000
35429  19.031  -10.821  -9.399 0.0000000000
35430  18.999  -10.978  -9.361 0.0000000000
35442  18.795  -10.809  -9.590 0.0000000000
35443  18.545  -11.018  -9.862 0.0000000000
35458  18.896  -10.720  -9.968 0.0000000000
35459  18.614  -10.991  -9.904 0.0000000000
35472  18.431  -10.741  -10.420 0.0000000000
35480  18.153  -10.857  -10.922 0.0000000000
35488  17.933  -10.742  -10.930 0.0000000000
36196  20.023  -10.506  -9.154 0.0000000000
36209  20.192  -10.173  -9.294 0.0000000000
36210  19.989  -10.323  -9.199 0.0000000000
36211  19.800  -10.320  -9.281 0.0000000000
36212  19.336  -10.304  -9.291 0.0000000000
36225  18.914  -10.145  -9.589 0.0000000000
36226  18.934  -10.187  -9.737 0.0000000000
36239  22.744  -10.447  -10.003 0.0000000000
36240  18.810  -10.258  -9.878 0.0000000000
36241  18.673  -10.208  -10.010 0.0000000000
36253  18.517  -10.208  -10.102 0.0000000000
36261  18.242  -10.322  -10.994 0.0000000000
36270  18.295  -10.258  -11.022 0.0000000000
36271  18.084  -10.361  -11.064 0.0000000000
36272  17.983  -10.627  -11.071 0.0000000000
36999  20.011  -10.026  -9.318 0.0000000000
37000  19.931  -10.004  -9.304 0.0000000000
37001  19.587  -10.018  -9.311 0.0000000000
37002  19.108  -10.002  -9.581 0.0000000000
37015  18.979  -9.988  -9.625 0.0000000000
37016  18.883  -9.912  -9.772 0.0000000000
37028  18.733  -10.012  -10.010 0.0000000000
37041  18.671  -10.053  -10.125 0.0000000000
37051  18.477  -10.012  -10.580 0.0000000000
37059  18.443  -9.983  -10.939 0.0000000000
37060  18.301  -10.123  -11.081 0.0000000000
37067  18.559  -10.009  -11.063 0.0000000000
37068  18.136  -10.034  -11.294 0.0000000000
37069  18.022  -10.035  -11.470 0.0000000000
37075  18.107  -9.919  -11.505 0.0000000000
37802  20.262  -9.781  -9.406 0.0000000000
37803  19.998  -9.796  -9.293 0.0000000000
37804  19.866  -9.788  -9.299 0.0000000000
37805  19.275  -9.702  -9.498 0.0000000000
37806  18.981  -9.975  -9.658 0.0000000000
37817  19.009  -9.471  -9.864 0.0000000000
37818  18.997  -9.674  -9.834 0.0000000000
37819  18.864  -9.797  -9.862 0.0000000000
37829  19.134  -9.668  -10.013 0.0000000000
37830  18.880  -9.687  -10.000 0.0000000000
37841  18.777  -9.953  -10.071 0.0000000000
37842  18.505  -9.955  -10.451 0.0000000000
37854  18.384  -9.811  -10.999 0.0000000000
37863  18.479  -9.708  -11.013 0.0000000000
37871  18.459  -9.884  -11.139 0.0000000000
37872  18.048  -9.890  -11.505 0.0000000000
37878  18.098  -9.749  -11.639 0.0000000000
38654  19.875  -9.419  -9.296 0.0000000000
38663  19.178  -9.178  -9.676 0.0000000000
38664  19.042  -9.149  -9.991 0.0000000000
38672  19.005  -9.152  -9.986 0.0000000000
38673  18.987  -9.172  -10.080 0.0000000000
38683  18.693  -9.263  -10.492 0.0000000000
38684  18.441  -9.506  -10.959 0.0000000000
38698  18.608  -9.009  -10.847 0.0000000000
38699  18.477  -9.198  -10.986 0.0000000000
38710  18.664  -9.236  -11.019 0.0000000000
38718  18.770  -9.190  -11.556 0.0000000000
38725  18.264  -9.273  -12.015 0.0000000000
39508  20.253  -8.964  -9.318 0.0000000000
39510  20.001  -9.001  -9.307 0.0000000000
39519  19.645  -8.998  -9.500 0.0000000000
39520  19.122  -9.003  -9.923 0.0000000000
39526  19.058  -9.013  -10.031 0.0000000000
39527  18.999  -8.952  -9.962 0.0000000000
39534  19.003  -8.981  -10.176 0.0000000000
39535  18.987  -8.985  -10.210 0.0000000000
39548  18.815  -9.017  -10.498 0.0000000000
39549  18.604  -8.987  -10.981 0.0000000000
39561  18.713  -8.926  -10.872 0.0000000000
39562  18.629  -9.000  -11.015 0.0000000000
39571  18.691  -8.954  -10.985 0.0000000000
39572  18.657  -9.066  -11.129 0.0000000000
39580  18.687  -8.920  -11.339 0.0000000000
39581  18.507  -8.982  -11.903 0.0000000000
40424  19.825  -8.627  -9.620 0.0000000000
40425  19.344  -8.603  -9.864 0.0000000000
40426  19.123  -8.916  -9.997 0.0000000000
40433  19.243  -8.611  -9.978 0.0000000000
40434  19.118  -8.761  -10.121 0.0000000000
40442  19.012  -8.622  -10.466 0.0000000000
40443  18.865  -8.849  -10.441 0.0000000000
40453  18.965  -8.285  -10.632 0.0000000000
40454  18.837  -8.648  -10.691 0.0000000000
40470  18.806  -8.580  -11.016 0.0000000000
40482  18.838  -8.575  -11.169 0.0000000000
40490  18.721  -8.592  -11.792 0.0000000000
40491  18.545  -8.902  -12.055 0.0000000000
40499  18.833  -8.464  -11.994 0.0000000000
40510  18.096  -8.509  -12.304 0.0000000000
41341  19.663  -8.309  -9.833 0.0000000000
41348  19.680  -8.033  -10.025 0.0000000000
41349  19.301  -8.364  -10.101 0.0000000000
41357  19.448  -8.014  -10.322 0.0000000000
41358  19.218  -8.199  -10.413 0.0000000000
41365  18.994  -8.009  -10.945 0.0000000000
41379  19.090  -8.147  -11.119 0.0000000000
41392  19.083  -8.114  -11.719 0.0000000000
41393  19.065  -8.143  -11.256 0.0000000000
41404  19.002  -8.039  -11.916 0.0000000000
41405  19.004  -8.212  -11.996 0.0000000000
41414  19.053  -8.103  -12.017 0.0000000000
41425  18.647  -8.069  -12.356 0.0000000000
42289  19.820  -8.003  -10.003 0.0000000000
42297  19.614  -7.985  -10.191 0.0000000000
42298  19.262  -7.966  -10.614 0.0000000000
42305  19.268  -7.933  -10.698 0.0000000000
42306  19.119  -8.002  -10.925 0.0000000000
42317  19.155  -8.005  -11.002 0.0000000000
42326  19.065  -8.020  -11.528 0.0000000000
42338  19.097  -7.997  -12.016 0.0000000000
42349  19.024  -8.009  -12.071 0.0000000000
42350  18.931  -8.091  -12.099 0.0000000000
43300  19.365  -7.840  -10.626 0.0000000000
43310  19.433  -7.446  -10.976 0.0000000000
44319  20.005  -7.553  -10.228 0.0000000000
