#!ascii label  , from subject  vox2ras=TkReg
465
34143  -16.257  -9.691  -0.982 0.0000000000
34825  -15.857  -8.956  -1.603 0.0000000000
34826  -15.989  -9.224  -1.864 0.0000000000
34827  -16.182  -9.282  -1.721 0.0000000000
34828  -16.683  -9.379  -1.538 0.0000000000
34830  -17.177  -9.327  -1.921 0.0000000000
34841  -15.855  -9.041  -1.995 0.0000000000
34842  -15.997  -9.077  -1.982 0.0000000000
34844  -16.535  -9.074  -1.968 0.0000000000
34845  -16.955  -9.327  -1.993 0.0000000000
34846  -17.048  -9.274  -1.984 0.0000000000
34847  -17.639  -9.300  -2.017 0.0000000000
34858  -17.002  -9.258  -2.027 0.0000000000
35552  -15.693  -9.023  -1.952 0.0000000000
35553  -15.941  -9.025  -2.027 0.0000000000
35554  -16.039  -9.009  -2.022 0.0000000000
35566  -16.017  -8.972  -2.089 0.0000000000
35568  -16.674  -8.975  -2.022 0.0000000000
35569  -16.987  -8.998  -2.394 0.0000000000
35570  -17.099  -8.994  -2.387 0.0000000000
35582  -15.997  -8.898  -2.302 0.0000000000
35583  -16.320  -8.971  -2.533 0.0000000000
35584  -16.961  -8.950  -2.587 0.0000000000
35585  -17.024  -9.014  -2.529 0.0000000000
35586  -17.275  -9.015  -2.826 0.0000000000
35587  -17.849  -9.020  -2.852 0.0000000000
35588  -18.049  -8.991  -2.540 0.0000000000
35599  -17.001  -8.993  -2.950 0.0000000000
35600  -17.412  -8.999  -2.943 0.0000000000
35601  -18.033  -8.884  -2.957 0.0000000000
35602  -17.986  -8.780  -2.944 0.0000000000
36304  -15.159  -8.688  -2.009 0.0000000000
36305  -15.334  -8.860  -2.024 0.0000000000
36318  -15.963  -8.851  -2.218 0.0000000000
36331  -15.875  -8.310  -2.779 0.0000000000
36332  -15.984  -8.642  -2.741 0.0000000000
36333  -16.781  -8.591  -2.908 0.0000000000
36334  -17.017  -8.789  -2.976 0.0000000000
36335  -18.054  -8.822  -2.800 0.0000000000
36337  -18.928  -8.479  -2.689 0.0000000000
36338  -19.027  -8.475  -2.676 0.0000000000
36345  -15.894  -8.390  -3.016 0.0000000000
36346  -16.065  -8.568  -2.988 0.0000000000
36347  -16.410  -8.607  -3.014 0.0000000000
36348  -17.010  -8.729  -3.018 0.0000000000
36349  -17.135  -8.752  -2.998 0.0000000000
36350  -17.652  -8.719  -2.989 0.0000000000
36351  -17.998  -8.673  -3.020 0.0000000000
36352  -18.018  -8.648  -2.998 0.0000000000
36353  -18.532  -8.404  -2.921 0.0000000000
36354  -18.991  -8.328  -2.906 0.0000000000
36360  -15.913  -8.529  -3.010 0.0000000000
36361  -16.308  -8.634  -2.997 0.0000000000
36362  -16.994  -8.671  -3.283 0.0000000000
36363  -17.024  -8.594  -3.230 0.0000000000
36364  -17.502  -8.701  -3.046 0.0000000000
36365  -18.017  -8.610  -3.103 0.0000000000
36366  -18.049  -8.607  -3.073 0.0000000000
36378  -17.008  -8.509  -3.725 0.0000000000
36379  -17.010  -8.481  -3.604 0.0000000000
36380  -17.263  -8.605  -3.581 0.0000000000
36381  -17.859  -8.601  -3.178 0.0000000000
37096  -19.027  -8.134  -2.932 0.0000000000
37097  -19.067  -8.101  -2.903 0.0000000000
37098  -19.320  -8.038  -2.717 0.0000000000
37107  -15.994  -8.489  -3.006 0.0000000000
37108  -18.037  -8.552  -2.994 0.0000000000
37109  -18.394  -8.149  -2.912 0.0000000000
37110  -18.990  -8.110  -3.025 0.0000000000
37111  -19.001  -8.032  -2.983 0.0000000000
37118  -15.686  -8.226  -3.278 0.0000000000
37119  -16.045  -8.349  -3.309 0.0000000000
37120  -15.999  -8.346  -3.341 0.0000000000
37121  -16.602  -8.520  -3.327 0.0000000000
37122  -18.021  -8.494  -3.302 0.0000000000
37123  -18.125  -8.373  -3.225 0.0000000000
37124  -18.498  -8.160  -3.376 0.0000000000
37125  -18.939  -7.982  -3.122 0.0000000000
37131  -15.982  -8.152  -3.656 0.0000000000
37132  -15.928  -8.085  -3.843 0.0000000000
37133  -16.187  -8.235  -3.917 0.0000000000
37134  -16.905  -8.312  -3.808 0.0000000000
37135  -16.981  -8.260  -3.962 0.0000000000
37136  -17.163  -8.264  -3.896 0.0000000000
37137  -17.823  -8.233  -3.586 0.0000000000
37138  -18.067  -8.189  -3.773 0.0000000000
37139  -18.221  -7.990  -3.869 0.0000000000
37149  -16.089  -8.052  -3.922 0.0000000000
37150  -16.312  -8.089  -4.025 0.0000000000
37151  -16.736  -8.275  -4.040 0.0000000000
37152  -17.015  -8.248  -4.052 0.0000000000
37153  -17.371  -8.255  -4.041 0.0000000000
37154  -17.776  -8.252  -4.043 0.0000000000
37155  -18.051  -8.134  -4.115 0.0000000000
37172  -16.889  -8.243  -4.196 0.0000000000
37173  -17.114  -8.215  -4.252 0.0000000000
37174  -17.454  -8.198  -4.295 0.0000000000
37175  -17.978  -8.146  -4.392 0.0000000000
37176  -18.057  -8.035  -4.315 0.0000000000
37919  -20.022  -7.991  -2.031 0.0000000000
37932  -19.741  -7.959  -2.346 0.0000000000
37933  -19.996  -7.924  -2.115 0.0000000000
37934  -20.059  -7.983  -2.029 0.0000000000
37945  -19.125  -8.005  -2.933 0.0000000000
37946  -19.578  -7.816  -2.672 0.0000000000
37947  -19.841  -7.888  -2.466 0.0000000000
37957  -18.983  -7.956  -3.102 0.0000000000
37958  -19.105  -7.983  -3.005 0.0000000000
37959  -19.274  -7.867  -2.953 0.0000000000
37967  -15.873  -8.012  -3.260 0.0000000000
37968  -18.569  -7.936  -3.526 0.0000000000
37969  -18.990  -7.680  -3.360 0.0000000000
37970  -19.005  -7.959  -3.112 0.0000000000
37977  -15.926  -7.983  -3.823 0.0000000000
37978  -15.989  -7.997  -3.956 0.0000000000
37979  -18.076  -8.027  -4.007 0.0000000000
37980  -18.279  -7.906  -3.936 0.0000000000
37981  -18.680  -7.728  -3.681 0.0000000000
37989  -15.236  -7.869  -3.969 0.0000000000
37991  -15.972  -8.038  -4.011 0.0000000000
37992  -16.516  -8.007  -3.986 0.0000000000
37993  -16.727  -8.170  -4.150 0.0000000000
37994  -18.138  -8.008  -4.183 0.0000000000
37995  -18.199  -7.979  -3.992 0.0000000000
38004  -15.863  -7.948  -4.061 0.0000000000
38005  -16.001  -7.943  -4.193 0.0000000000
38006  -16.282  -7.999  -4.158 0.0000000000
38007  -16.792  -8.085  -4.319 0.0000000000
38008  -17.145  -8.075  -4.455 0.0000000000
38009  -17.538  -8.001  -4.441 0.0000000000
38010  -18.024  -8.002  -4.502 0.0000000000
38011  -18.021  -7.875  -4.503 0.0000000000
38012  -18.145  -7.954  -4.200 0.0000000000
38021  -16.002  -7.647  -4.665 0.0000000000
38022  -16.048  -7.854  -4.642 0.0000000000
38023  -16.596  -7.997  -4.774 0.0000000000
38024  -17.012  -7.971  -4.534 0.0000000000
38025  -16.977  -7.957  -4.679 0.0000000000
38026  -17.630  -7.893  -4.801 0.0000000000
38027  -18.014  -7.822  -4.790 0.0000000000
38035  -16.941  -7.759  -4.900 0.0000000000
38036  -17.026  -7.734  -5.016 0.0000000000
38037  -17.242  -7.859  -4.979 0.0000000000
38038  -17.710  -7.740  -4.990 0.0000000000
38841  -19.705  -7.544  -2.831 0.0000000000
38842  -19.865  -7.423  -2.625 0.0000000000
38852  -19.203  -7.882  -3.028 0.0000000000
38853  -19.494  -7.618  -3.002 0.0000000000
38854  -19.789  -7.194  -2.966 0.0000000000
38864  -19.031  -7.610  -3.478 0.0000000000
38865  -19.123  -7.574  -3.382 0.0000000000
38866  -19.546  -7.659  -3.181 0.0000000000
38874  -15.254  -7.522  -3.801 0.0000000000
38875  -18.589  -7.554  -3.977 0.0000000000
38876  -18.992  -7.485  -3.706 0.0000000000
38877  -19.069  -7.318  -3.859 0.0000000000
38886  -18.458  -7.773  -3.997 0.0000000000
38887  -18.959  -7.446  -4.005 0.0000000000
38888  -19.053  -7.364  -4.005 0.0000000000
38898  -15.753  -7.791  -4.173 0.0000000000
38899  -15.988  -7.797  -4.456 0.0000000000
38900  -18.073  -7.744  -4.612 0.0000000000
38901  -18.495  -7.564  -4.320 0.0000000000
38902  -18.876  -7.282  -4.163 0.0000000000
38909  -14.998  -7.161  -4.581 0.0000000000
38911  -16.017  -7.508  -4.809 0.0000000000
38912  -16.183  -7.706  -5.022 0.0000000000
38913  -16.841  -7.715  -5.004 0.0000000000
38914  -17.977  -7.658  -4.903 0.0000000000
38915  -18.080  -7.611  -4.873 0.0000000000
38916  -18.245  -7.528  -4.950 0.0000000000
38922  -15.989  -7.265  -4.985 0.0000000000
38923  -16.129  -7.296  -5.033 0.0000000000
38924  -16.811  -7.590  -5.011 0.0000000000
38925  -17.001  -7.660  -4.979 0.0000000000
38926  -17.324  -7.737  -5.022 0.0000000000
38927  -17.826  -7.627  -5.026 0.0000000000
38928  -18.000  -7.628  -5.022 0.0000000000
38929  -18.078  -7.547  -4.975 0.0000000000
38937  -16.993  -7.543  -5.227 0.0000000000
38938  -17.159  -7.510  -5.296 0.0000000000
38939  -17.639  -7.495  -5.301 0.0000000000
38940  -18.006  -7.507  -5.314 0.0000000000
39738  -19.997  -7.001  -2.649 0.0000000000
39762  -20.013  -6.996  -2.717 0.0000000000
39763  -20.215  -6.958  -2.515 0.0000000000
39773  -19.890  -7.178  -2.988 0.0000000000
39774  -19.875  -7.038  -2.972 0.0000000000
39783  -19.005  -7.080  -3.505 0.0000000000
39784  -19.587  -7.162  -3.286 0.0000000000
39785  -19.913  -7.003  -3.050 0.0000000000
39796  -18.974  -7.120  -3.997 0.0000000000
39797  -19.316  -6.980  -3.759 0.0000000000
39809  -19.034  -7.198  -4.171 0.0000000000
39810  -19.121  -7.145  -4.095 0.0000000000
39821  -18.868  -7.014  -4.583 0.0000000000
39822  -19.054  -7.029  -4.582 0.0000000000
39823  -19.070  -7.041  -4.325 0.0000000000
39833  -18.638  -7.058  -4.992 0.0000000000
39834  -18.817  -6.963  -4.823 0.0000000000
39843  -16.292  -7.089  -5.125 0.0000000000
39844  -16.885  -7.255  -5.211 0.0000000000
39845  -16.986  -7.306  -5.323 0.0000000000
39846  -18.174  -7.426  -5.158 0.0000000000
39847  -18.628  -7.363  -5.017 0.0000000000
39848  -18.772  -7.023  -5.006 0.0000000000
39855  -16.184  -6.984  -5.198 0.0000000000
39856  -16.684  -7.022  -5.477 0.0000000000
39857  -17.068  -7.141  -5.616 0.0000000000
39858  -17.185  -7.134  -5.777 0.0000000000
39859  -17.824  -7.215  -5.861 0.0000000000
39860  -17.984  -7.244  -5.547 0.0000000000
39861  -18.272  -7.209  -5.480 0.0000000000
39875  -16.843  -7.072  -5.891 0.0000000000
39876  -17.011  -7.026  -5.945 0.0000000000
39877  -17.332  -7.013  -5.982 0.0000000000
39878  -17.868  -6.980  -6.000 0.0000000000
39879  -18.030  -7.057  -5.925 0.0000000000
39880  -18.150  -7.042  -5.792 0.0000000000
39896  -17.025  -7.011  -5.994 0.0000000000
39897  -17.393  -7.128  -6.085 0.0000000000
39898  -17.842  -7.185  -6.137 0.0000000000
39899  -18.067  -6.955  -5.983 0.0000000000
40699  -19.977  -6.878  -2.861 0.0000000000
40700  -20.057  -6.846  -2.793 0.0000000000
40711  -19.980  -6.790  -2.999 0.0000000000
40712  -19.984  -6.802  -2.900 0.0000000000
40723  -19.673  -6.995  -3.374 0.0000000000
40724  -19.910  -6.938  -3.051 0.0000000000
40738  -19.146  -6.999  -3.961 0.0000000000
40739  -19.289  -7.009  -3.835 0.0000000000
40740  -19.648  -6.979  -3.552 0.0000000000
40756  -19.156  -7.005  -4.004 0.0000000000
40757  -19.328  -6.773  -3.953 0.0000000000
40775  -18.986  -6.930  -4.455 0.0000000000
40776  -19.047  -6.892  -4.374 0.0000000000
40788  -18.882  -6.850  -4.719 0.0000000000
40789  -19.101  -6.890  -4.690 0.0000000000
40801  -16.038  -6.979  -5.100 0.0000000000
40802  -18.653  -6.984  -5.070 0.0000000000
40803  -18.783  -6.908  -4.990 0.0000000000
40812  -16.142  -6.868  -5.227 0.0000000000
40813  -16.654  -6.976  -5.615 0.0000000000
40814  -18.535  -6.998  -5.287 0.0000000000
40815  -18.766  -6.780  -5.117 0.0000000000
40828  -16.480  -6.824  -5.725 0.0000000000
40829  -16.967  -6.960  -5.920 0.0000000000
40830  -17.004  -6.957  -5.973 0.0000000000
40831  -18.046  -7.024  -6.002 0.0000000000
40832  -18.333  -7.015  -5.752 0.0000000000
40833  -18.743  -6.503  -5.677 0.0000000000
40852  -16.728  -6.747  -5.996 0.0000000000
40853  -16.905  -6.864  -5.991 0.0000000000
40854  -17.006  -6.870  -6.038 0.0000000000
40855  -17.466  -6.967  -6.043 0.0000000000
40856  -18.001  -7.007  -6.045 0.0000000000
40857  -18.053  -6.879  -6.028 0.0000000000
40858  -18.279  -6.995  -6.027 0.0000000000
40870  -17.128  -6.880  -6.199 0.0000000000
40871  -17.692  -6.950  -6.198 0.0000000000
40872  -18.008  -6.722  -6.249 0.0000000000
41546  -16.716  -6.427  1.013 0.0000000000
41547  -16.943  -6.254  1.226 0.0000000000
41548  -16.984  -6.197  1.047 0.0000000000
41630  -20.346  -6.560  -2.403 0.0000000000
41651  -20.263  -6.234  -2.898 0.0000000000
41665  -19.987  -6.452  -3.000 0.0000000000
41666  -20.087  -6.576  -3.027 0.0000000000
41678  -19.987  -6.463  -3.307 0.0000000000
41679  -20.057  -6.476  -3.172 0.0000000000
41691  -19.517  -6.602  -3.985 0.0000000000
41692  -19.973  -6.481  -3.321 0.0000000000
41711  -19.364  -6.632  -4.016 0.0000000000
41712  -19.543  -6.395  -3.954 0.0000000000
41731  -19.148  -6.690  -4.498 0.0000000000
41732  -19.510  -6.157  -4.013 0.0000000000
41743  -18.949  -6.673  -4.760 0.0000000000
41744  -19.021  -6.541  -4.821 0.0000000000
41756  -18.890  -6.543  -4.966 0.0000000000
41757  -19.040  -6.302  -5.061 0.0000000000
41763  -16.011  -6.248  -5.322 0.0000000000
41764  -16.078  -6.549  -5.418 0.0000000000
41765  -15.988  -6.569  -5.485 0.0000000000
41766  -18.978  -6.234  -5.275 0.0000000000
41774  -15.987  -6.231  -5.945 0.0000000000
41775  -16.285  -6.457  -5.972 0.0000000000
41776  -18.607  -6.421  -5.990 0.0000000000
41777  -18.783  -6.039  -5.809 0.0000000000
41791  -16.128  -6.278  -6.039 0.0000000000
41792  -16.419  -6.630  -6.316 0.0000000000
41793  -16.971  -6.730  -6.164 0.0000000000
41794  -18.105  -6.597  -6.235 0.0000000000
41795  -17.991  -6.588  -6.178 0.0000000000
41796  -18.328  -6.430  -6.070 0.0000000000
41807  -16.992  -6.451  -6.345 0.0000000000
41808  -17.322  -6.471  -6.490 0.0000000000
41809  -17.940  -6.419  -6.570 0.0000000000
41810  -18.010  -6.233  -6.532 0.0000000000
42485  -16.233  -6.123  1.016 0.0000000000
42486  -16.720  -6.124  0.997 0.0000000000
42487  -16.970  -6.099  1.039 0.0000000000
42503  -15.988  -6.094  0.966 0.0000000000
42504  -16.353  -6.068  0.950 0.0000000000
42505  -16.740  -6.060  0.937 0.0000000000
42606  -20.223  -6.238  -3.264 0.0000000000
42617  -19.902  -6.001  -3.787 0.0000000000
42618  -20.011  -5.995  -3.673 0.0000000000
42619  -20.100  -6.136  -3.497 0.0000000000
42637  -19.740  -6.012  -4.006 0.0000000000
42638  -19.862  -5.971  -3.854 0.0000000000
42656  -19.164  -5.996  -4.370 0.0000000000
42657  -19.508  -5.976  -4.195 0.0000000000
42670  -19.149  -6.089  -4.954 0.0000000000
42671  -19.441  -5.987  -4.599 0.0000000000
42682  -18.942  -6.068  -5.090 0.0000000000
42683  -19.102  -6.079  -5.204 0.0000000000
42689  -15.960  -6.124  -5.816 0.0000000000
42690  -18.883  -5.967  -5.539 0.0000000000
42691  -19.004  -6.016  -5.403 0.0000000000
42697  -15.987  -6.030  -6.021 0.0000000000
42698  -18.686  -6.075  -5.997 0.0000000000
42699  -18.832  -5.985  -5.981 0.0000000000
42707  -16.102  -6.086  -6.241 0.0000000000
42708  -16.680  -6.315  -6.691 0.0000000000
42709  -18.151  -6.220  -6.289 0.0000000000
42710  -18.505  -6.023  -6.174 0.0000000000
42711  -18.806  -5.961  -6.003 0.0000000000
42716  -16.327  -6.000  -6.356 0.0000000000
42717  -16.960  -6.091  -6.586 0.0000000000
42718  -17.077  -6.006  -6.672 0.0000000000
42719  -17.476  -6.026  -6.806 0.0000000000
42720  -17.881  -6.040  -6.722 0.0000000000
42721  -18.119  -6.074  -6.706 0.0000000000
42722  -18.317  -5.957  -6.423 0.0000000000
42732  -17.587  -6.014  -6.913 0.0000000000
42733  -17.923  -5.997  -6.809 0.0000000000
42734  -18.045  -5.988  -6.738 0.0000000000
43369  -16.102  -6.009  0.876 0.0000000000
43370  -16.384  -5.977  0.894 0.0000000000
43371  -16.879  -5.985  0.898 0.0000000000
43381  -15.738  -5.993  0.922 0.0000000000
43382  -16.007  -5.870  0.787 0.0000000000
43383  -16.182  -5.889  0.814 0.0000000000
43384  -16.689  -5.898  0.821 0.0000000000
43489  -20.003  -5.965  -3.747 0.0000000000
43490  -20.127  -5.984  -3.597 0.0000000000
43491  -20.350  -5.880  -3.420 0.0000000000
43507  -19.775  -5.954  -3.983 0.0000000000
43508  -19.896  -5.898  -3.906 0.0000000000
43509  -20.023  -5.860  -3.985 0.0000000000
43528  -19.746  -5.893  -4.061 0.0000000000
43529  -19.911  -5.736  -4.023 0.0000000000
43542  -19.144  -5.775  -4.982 0.0000000000
43543  -19.496  -5.984  -4.748 0.0000000000
43554  -19.183  -5.920  -5.079 0.0000000000
43562  -18.952  -5.852  -5.558 0.0000000000
43563  -19.055  -5.894  -5.484 0.0000000000
43571  -16.004  -5.972  -6.008 0.0000000000
43572  -18.875  -5.789  -5.814 0.0000000000
43573  -18.981  -5.777  -5.676 0.0000000000
43581  -16.005  -5.888  -6.078 0.0000000000
43582  -16.140  -5.986  -6.135 0.0000000000
43583  -18.795  -5.925  -6.069 0.0000000000
43584  -18.860  -5.720  -5.977 0.0000000000
43589  -16.316  -5.908  -6.317 0.0000000000
43590  -17.025  -5.945  -6.571 0.0000000000
43591  -16.948  -5.962  -6.643 0.0000000000
43592  -18.134  -5.906  -6.720 0.0000000000
43593  -18.398  -5.994  -6.750 0.0000000000
43594  -19.008  -5.730  -6.338 0.0000000000
43606  -17.000  -5.585  -6.887 0.0000000000
43607  -17.125  -5.772  -6.848 0.0000000000
43608  -17.604  -5.768  -6.849 0.0000000000
43609  -17.999  -5.690  -6.902 0.0000000000
43610  -18.044  -5.704  -6.962 0.0000000000
43611  -18.375  -5.622  -6.877 0.0000000000
43612  -18.872  -5.536  -6.941 0.0000000000
44393  -20.004  -5.756  -3.839 0.0000000000
44416  -19.995  -5.636  -4.057 0.0000000000
44417  -20.047  -5.558  -4.046 0.0000000000
44436  -19.664  -5.625  -4.430 0.0000000000
44437  -19.954  -5.252  -4.200 0.0000000000
44438  -20.010  -5.359  -4.502 0.0000000000
44455  -19.262  -5.414  -4.994 0.0000000000
44456  -19.439  -5.353  -4.849 0.0000000000
44472  -19.351  -5.512  -5.003 0.0000000000
44473  -19.469  -5.097  -5.006 0.0000000000
44480  -19.165  -5.544  -5.285 0.0000000000
44487  -18.897  -5.638  -5.869 0.0000000000
44488  -19.001  -5.574  -5.818 0.0000000000
44497  -18.863  -5.573  -5.955 0.0000000000
44498  -19.051  -5.412  -6.026 0.0000000000
44506  -18.991  -5.527  -6.193 0.0000000000
44507  -19.063  -5.433  -6.384 0.0000000000
44520  -17.321  -5.520  -6.933 0.0000000000
44521  -17.849  -5.620  -6.934 0.0000000000
44522  -17.987  -5.464  -6.998 0.0000000000
44523  -18.362  -5.545  -6.960 0.0000000000
44524  -18.979  -5.364  -6.954 0.0000000000
44525  -19.157  -5.280  -6.905 0.0000000000
44539  -17.985  -5.583  -7.106 0.0000000000
44540  -18.199  -5.489  -7.032 0.0000000000
44541  -18.679  -5.486  -7.014 0.0000000000
44542  -18.955  -5.418  -7.099 0.0000000000
44543  -19.001  -5.539  -7.032 0.0000000000
44551  -17.859  -5.380  -7.767 0.0000000000
44552  -18.013  -5.446  -7.637 0.0000000000
44553  -18.527  -5.444  -7.469 0.0000000000
44554  -19.004  -5.507  -7.298 0.0000000000
44555  -19.084  -5.314  -7.410 0.0000000000
44564  -18.261  -5.186  -7.995 0.0000000000
44565  -18.918  -5.302  -7.855 0.0000000000
44566  -19.003  -5.337  -7.694 0.0000000000
45348  -20.311  -5.167  -4.186 0.0000000000
45390  -19.563  -4.993  -4.975 0.0000000000
45407  -19.268  -5.098  -5.028 0.0000000000
45408  -19.477  -4.996  -5.079 0.0000000000
45415  -19.127  -5.036  -5.484 0.0000000000
45416  -19.394  -5.008  -5.569 0.0000000000
45424  -19.179  -5.012  -5.975 0.0000000000
45425  -19.375  -5.004  -5.988 0.0000000000
45433  -19.155  -5.044  -6.079 0.0000000000
45434  -19.441  -4.990  -6.061 0.0000000000
45442  -19.269  -5.070  -6.489 0.0000000000
45443  -19.381  -4.964  -6.535 0.0000000000
45451  -19.288  -4.953  -6.961 0.0000000000
45452  -19.484  -5.001  -7.063 0.0000000000
45453  -19.621  -5.000  -7.016 0.0000000000
45467  -19.140  -5.012  -7.108 0.0000000000
45468  -19.762  -5.111  -6.996 0.0000000000
45469  -19.867  -4.987  -7.012 0.0000000000
45483  -19.226  -5.226  -7.320 0.0000000000
45484  -19.464  -5.076  -7.533 0.0000000000
45485  -19.835  -4.977  -7.662 0.0000000000
45495  -18.207  -5.043  -8.016 0.0000000000
45496  -18.642  -5.120  -8.046 0.0000000000
45497  -19.019  -5.431  -7.984 0.0000000000
45498  -19.307  -5.034  -7.983 0.0000000000
45499  -19.666  -4.885  -7.932 0.0000000000
45510  -18.483  -5.088  -8.241 0.0000000000
45511  -18.878  -5.084  -8.182 0.0000000000
45512  -19.159  -5.076  -8.157 0.0000000000
45513  -19.379  -5.023  -8.086 0.0000000000
45523  -18.805  -5.039  -8.422 0.0000000000
45524  -19.027  -5.047  -8.388 0.0000000000
45525  -19.001  -4.998  -8.303 0.0000000000
46340  -19.530  -4.926  -5.052 0.0000000000
46352  -19.486  -4.688  -5.562 0.0000000000
46361  -19.497  -4.742  -6.013 0.0000000000
46369  -19.900  -4.679  -6.001 0.0000000000
46377  -19.610  -4.773  -6.911 0.0000000000
46385  -19.630  -4.996  -6.945 0.0000000000
46386  -19.984  -4.723  -6.968 0.0000000000
46394  -19.965  -4.803  -7.180 0.0000000000
46395  -20.014  -4.740  -7.187 0.0000000000
46408  -19.926  -4.805  -7.884 0.0000000000
46421  -19.570  -4.919  -8.054 0.0000000000
46434  -19.122  -5.002  -8.249 0.0000000000
46435  -19.444  -4.971  -8.155 0.0000000000
46450  -18.980  -4.925  -8.614 0.0000000000
46451  -19.004  -4.888  -8.495 0.0000000000
46452  -19.491  -4.929  -8.582 0.0000000000
47312  -19.720  -4.491  -6.036 0.0000000000
47319  -19.996  -4.521  -6.690 0.0000000000
48292  -20.014  -4.104  -8.839 0.0000000000
