#!ascii label  , from subject  vox2ras=TkReg
355
22945  -23.070  -15.012  -8.311 0.0000000000
24373  -22.999  -14.479  -8.011 0.0000000000
24379  -22.897  -14.695  -8.202 0.0000000000
25071  -23.453  -13.981  -7.856 0.0000000000
25077  -22.885  -14.145  -7.984 0.0000000000
25078  -22.922  -14.303  -7.972 0.0000000000
25079  -23.008  -14.372  -7.979 0.0000000000
25080  -23.258  -14.300  -8.032 0.0000000000
25145  -20.981  -13.997  -10.871 0.0000000000
25769  -22.627  -13.966  -7.676 0.0000000000
25770  -23.047  -13.975  -7.892 0.0000000000
25771  -23.302  -13.976  -7.744 0.0000000000
25777  -22.701  -13.982  -7.780 0.0000000000
25778  -22.956  -14.070  -7.848 0.0000000000
25779  -22.999  -14.084  -7.866 0.0000000000
25780  -23.106  -14.039  -7.980 0.0000000000
25844  -20.972  -13.951  -10.980 0.0000000000
25845  -21.098  -13.856  -10.993 0.0000000000
25851  -21.052  -13.944  -11.123 0.0000000000
25852  -21.093  -13.849  -11.011 0.0000000000
25861  -20.984  -13.856  -11.164 0.0000000000
26506  -22.941  -13.707  -7.630 0.0000000000
26507  -23.009  -13.633  -7.633 0.0000000000
26566  -21.221  -13.329  -10.127 0.0000000000
26573  -21.387  -13.691  -10.992 0.0000000000
26574  -21.686  -13.128  -11.030 0.0000000000
26585  -20.993  -13.902  -11.066 0.0000000000
26586  -21.212  -13.581  -11.136 0.0000000000
26587  -21.367  -13.456  -11.040 0.0000000000
26598  -20.998  -13.652  -11.326 0.0000000000
26599  -21.099  -13.604  -11.322 0.0000000000
27274  -22.674  -13.011  -7.195 0.0000000000
27275  -22.976  -13.006  -7.199 0.0000000000
27276  -23.202  -13.042  -7.205 0.0000000000
27286  -22.598  -13.184  -7.464 0.0000000000
27287  -23.012  -13.156  -7.409 0.0000000000
27330  -21.004  -13.060  -9.780 0.0000000000
27336  -21.011  -13.085  -9.983 0.0000000000
27344  -21.318  -12.986  -10.020 0.0000000000
27345  -21.629  -12.998  -10.553 0.0000000000
27353  -21.557  -13.000  -10.403 0.0000000000
27354  -21.691  -13.020  -10.979 0.0000000000
27368  -21.372  -13.254  -11.265 0.0000000000
27369  -21.604  -13.115  -11.111 0.0000000000
27378  -21.215  -13.377  -11.614 0.0000000000
27379  -21.537  -13.065  -11.274 0.0000000000
28019  -22.300  -12.977  -7.012 0.0000000000
28020  -22.838  -12.840  -7.021 0.0000000000
28021  -23.087  -12.830  -7.027 0.0000000000
28022  -23.287  -12.884  -7.018 0.0000000000
28032  -22.434  -12.923  -7.067 0.0000000000
28033  -22.782  -12.912  -7.115 0.0000000000
28034  -23.006  -12.884  -7.096 0.0000000000
28035  -23.156  -12.885  -7.098 0.0000000000
28093  -21.165  -12.963  -10.019 0.0000000000
28094  -21.432  -12.743  -10.066 0.0000000000
28101  -21.199  -12.975  -10.048 0.0000000000
28102  -21.492  -12.865  -10.292 0.0000000000
28103  -21.812  -12.835  -10.711 0.0000000000
28115  -21.657  -12.986  -10.814 0.0000000000
28116  -21.909  -12.769  -11.019 0.0000000000
28131  -21.660  -12.973  -10.994 0.0000000000
28132  -21.906  -12.688  -11.036 0.0000000000
28139  -21.599  -13.009  -11.416 0.0000000000
28739  -21.939  -12.132  -6.149 0.0000000000
28740  -21.981  -12.237  -6.132 0.0000000000
28741  -23.322  -12.090  -6.148 0.0000000000
28750  -21.996  -12.453  -6.569 0.0000000000
28751  -22.047  -12.480  -6.349 0.0000000000
28752  -22.541  -12.322  -6.633 0.0000000000
28753  -22.980  -12.425  -6.674 0.0000000000
28754  -23.372  -12.240  -6.438 0.0000000000
28763  -22.280  -12.843  -6.856 0.0000000000
28764  -22.780  -12.789  -6.981 0.0000000000
28765  -23.027  -12.685  -6.955 0.0000000000
28766  -23.124  -12.811  -6.991 0.0000000000
28830  -21.035  -12.458  -9.703 0.0000000000
28831  -21.213  -12.519  -9.769 0.0000000000
28838  -21.444  -12.470  -9.980 0.0000000000
28839  -21.728  -12.425  -10.087 0.0000000000
28840  -21.995  -12.066  -10.092 0.0000000000
28848  -21.877  -12.673  -10.295 0.0000000000
28849  -21.993  -12.243  -10.527 0.0000000000
28863  -22.010  -12.370  -10.967 0.0000000000
28872  -21.826  -12.649  -11.016 0.0000000000
28873  -21.980  -12.340  -11.012 0.0000000000
28880  -21.916  -12.482  -11.518 0.0000000000
28881  -21.897  -12.307  -11.112 0.0000000000
29445  -21.897  -12.029  -5.825 0.0000000000
29452  -21.744  -11.991  -5.993 0.0000000000
29453  -22.083  -12.014  -5.973 0.0000000000
29454  -22.148  -11.982  -6.008 0.0000000000
29455  -23.404  -11.993  -5.999 0.0000000000
29456  -23.690  -12.037  -5.994 0.0000000000
29463  -21.963  -12.143  -5.998 0.0000000000
29464  -22.036  -12.096  -5.921 0.0000000000
29465  -22.289  -12.071  -6.055 0.0000000000
29466  -22.753  -11.961  -6.167 0.0000000000
29467  -23.054  -11.972  -6.170 0.0000000000
29468  -23.273  -11.982  -6.081 0.0000000000
29469  -23.479  -12.005  -6.013 0.0000000000
29477  -22.320  -12.129  -6.187 0.0000000000
29478  -22.698  -12.027  -6.222 0.0000000000
29479  -23.003  -12.111  -6.322 0.0000000000
29480  -23.068  -11.978  -6.255 0.0000000000
29535  -20.893  -11.998  -9.476 0.0000000000
29549  -20.894  -12.080  -9.572 0.0000000000
29550  -20.967  -12.097  -9.598 0.0000000000
29551  -21.082  -11.982  -9.566 0.0000000000
29552  -21.413  -12.038  -9.769 0.0000000000
29560  -21.440  -12.107  -9.841 0.0000000000
29561  -21.742  -12.026  -9.968 0.0000000000
29562  -21.978  -12.005  -10.031 0.0000000000
29563  -22.085  -11.995  -9.983 0.0000000000
29575  -22.091  -12.157  -10.251 0.0000000000
29576  -22.209  -12.088  -10.321 0.0000000000
29589  -22.101  -12.174  -10.685 0.0000000000
29590  -22.250  -12.050  -10.822 0.0000000000
29599  -22.077  -12.124  -11.031 0.0000000000
29600  -22.142  -12.010  -11.064 0.0000000000
29608  -22.002  -12.076  -11.164 0.0000000000
30195  -21.987  -11.724  -5.570 0.0000000000
30196  -22.034  -11.744  -5.557 0.0000000000
30197  -22.521  -11.743  -5.717 0.0000000000
30198  -22.990  -11.609  -5.804 0.0000000000
30199  -23.280  -11.701  -5.791 0.0000000000
30204  -21.951  -11.956  -5.833 0.0000000000
30205  -22.052  -11.996  -5.851 0.0000000000
30206  -22.354  -11.958  -5.956 0.0000000000
30207  -22.913  -11.783  -5.924 0.0000000000
30208  -23.063  -11.776  -5.990 0.0000000000
30209  -23.241  -11.973  -5.970 0.0000000000
30210  -23.642  -11.968  -5.811 0.0000000000
30215  -22.310  -11.997  -6.003 0.0000000000
30216  -22.550  -11.954  -6.022 0.0000000000
30217  -22.976  -11.874  -6.101 0.0000000000
30218  -23.186  -11.879  -6.083 0.0000000000
30273  -20.945  -11.824  -9.426 0.0000000000
30274  -21.085  -11.659  -9.374 0.0000000000
30289  -20.988  -12.010  -9.614 0.0000000000
30290  -21.164  -11.955  -9.705 0.0000000000
30291  -21.697  -11.969  -9.958 0.0000000000
30292  -21.988  -11.884  -9.992 0.0000000000
30306  -21.839  -11.983  -10.032 0.0000000000
30307  -21.991  -11.889  -10.048 0.0000000000
30308  -22.085  -11.864  -10.010 0.0000000000
30320  -22.296  -12.015  -10.292 0.0000000000
30321  -22.662  -11.655  -10.529 0.0000000000
30328  -22.391  -11.967  -10.923 0.0000000000
30329  -22.667  -11.391  -10.945 0.0000000000
30338  -22.050  -12.019  -11.073 0.0000000000
30339  -22.255  -11.821  -11.100 0.0000000000
30963  -23.142  -11.133  -5.020 0.0000000000
30979  -22.984  -11.621  -5.634 0.0000000000
30980  -22.982  -11.621  -5.699 0.0000000000
31039  -20.904  -11.010  -8.995 0.0000000000
31050  -21.006  -11.127  -9.282 0.0000000000
31051  -21.434  -11.388  -9.427 0.0000000000
31052  -21.911  -11.106  -9.548 0.0000000000
31073  -21.587  -11.891  -9.755 0.0000000000
31074  -21.987  -11.466  -9.778 0.0000000000
31075  -22.103  -11.459  -9.870 0.0000000000
31076  -22.335  -11.314  -9.891 0.0000000000
31090  -22.017  -11.585  -10.008 0.0000000000
31091  -22.397  -11.465  -10.008 0.0000000000
31092  -22.643  -11.045  -10.064 0.0000000000
31099  -22.460  -11.495  -10.234 0.0000000000
31100  -22.673  -11.204  -10.437 0.0000000000
31106  -22.497  -11.547  -11.018 0.0000000000
31107  -22.664  -11.119  -10.957 0.0000000000
31114  -22.360  -11.259  -11.201 0.0000000000
31115  -22.575  -11.125  -11.035 0.0000000000
31680  -20.591  -10.968  -8.833 0.0000000000
31683  -20.811  -10.998  -8.992 0.0000000000
31684  -20.932  -10.950  -8.956 0.0000000000
31685  -21.020  -10.955  -8.997 0.0000000000
31699  -21.031  -10.997  -9.022 0.0000000000
31700  -21.151  -11.005  -9.162 0.0000000000
31701  -21.879  -10.989  -9.390 0.0000000000
31702  -22.004  -11.013  -9.382 0.0000000000
31703  -22.094  -10.986  -9.384 0.0000000000
31722  -21.997  -11.035  -9.635 0.0000000000
31723  -22.025  -11.096  -9.522 0.0000000000
31724  -22.296  -11.074  -9.683 0.0000000000
31725  -22.743  -11.006  -9.974 0.0000000000
31734  -22.472  -11.182  -9.943 0.0000000000
31735  -22.553  -11.000  -9.991 0.0000000000
31742  -22.629  -11.027  -10.190 0.0000000000
31749  -22.591  -11.012  -10.755 0.0000000000
31756  -22.380  -11.005  -11.152 0.0000000000
31757  -22.623  -10.994  -10.990 0.0000000000
32325  -21.027  -10.595  -8.799 0.0000000000
32333  -20.756  -10.975  -8.920 0.0000000000
32334  -20.985  -10.863  -8.959 0.0000000000
32335  -21.181  -10.709  -9.003 0.0000000000
32336  -21.710  -10.900  -8.996 0.0000000000
32351  -21.277  -10.988  -9.016 0.0000000000
32352  -21.596  -10.655  -9.188 0.0000000000
32353  -21.990  -10.627  -9.296 0.0000000000
32354  -21.994  -10.875  -9.232 0.0000000000
32355  -22.249  -10.968  -9.417 0.0000000000
32368  -22.379  -11.117  -9.567 0.0000000000
32369  -22.542  -10.973  -9.749 0.0000000000
32381  -22.696  -10.795  -9.918 0.0000000000
32382  -22.777  -10.696  -10.002 0.0000000000
32388  -22.675  -10.928  -10.054 0.0000000000
32389  -22.893  -10.775  -10.014 0.0000000000
32395  -22.770  -11.010  -10.425 0.0000000000
32396  -23.018  -10.517  -10.449 0.0000000000
32402  -22.534  -10.992  -11.076 0.0000000000
32987  -20.917  -10.079  -8.580 0.0000000000
32988  -20.990  -10.090  -8.652 0.0000000000
32998  -21.016  -10.373  -8.786 0.0000000000
32999  -21.166  -10.350  -8.820 0.0000000000
33000  -21.659  -10.179  -8.963 0.0000000000
33001  -21.912  -10.069  -8.998 0.0000000000
33013  -21.903  -10.454  -9.005 0.0000000000
33014  -21.879  -10.349  -9.196 0.0000000000
33015  -22.013  -10.357  -9.106 0.0000000000
33016  -22.346  -10.540  -9.338 0.0000000000
33026  -22.920  -10.378  -9.802 0.0000000000
33027  -23.022  -10.200  -9.880 0.0000000000
33040  -22.933  -10.389  -9.986 0.0000000000
33041  -22.963  -10.208  -10.014 0.0000000000
33048  -23.016  -10.233  -10.202 0.0000000000
33658  -21.033  -10.006  -8.571 0.0000000000
33659  -21.452  -9.997  -8.763 0.0000000000
33672  -21.295  -10.008  -8.921 0.0000000000
33673  -21.717  -10.013  -8.922 0.0000000000
33674  -21.972  -10.019  -9.022 0.0000000000
33675  -22.081  -9.977  -9.035 0.0000000000
33676  -22.474  -10.003  -9.013 0.0000000000
33686  -22.032  -10.076  -9.064 0.0000000000
33687  -22.215  -9.999  -9.114 0.0000000000
33688  -22.765  -9.993  -9.318 0.0000000000
33689  -23.001  -9.906  -9.390 0.0000000000
33698  -23.002  -10.056  -9.704 0.0000000000
33699  -23.010  -10.020  -9.818 0.0000000000
33711  -23.001  -10.006  -10.008 0.0000000000
33722  -23.021  -10.003  -10.272 0.0000000000
34304  -20.953  -9.875  -8.559 0.0000000000
34305  -21.005  -9.829  -8.513 0.0000000000
34306  -21.120  -9.875  -8.669 0.0000000000
34307  -21.719  -9.874  -8.921 0.0000000000
34308  -22.011  -9.705  -8.922 0.0000000000
34309  -22.169  -9.651  -8.781 0.0000000000
34330  -21.944  -9.956  -8.997 0.0000000000
34331  -22.000  -9.948  -9.017 0.0000000000
34332  -22.331  -9.852  -8.981 0.0000000000
34333  -22.677  -9.761  -9.046 0.0000000000
34334  -23.000  -9.602  -9.015 0.0000000000
34343  -23.011  -9.899  -9.156 0.0000000000
34344  -23.011  -9.792  -9.470 0.0000000000
34352  -23.026  -9.672  -9.996 0.0000000000
34361  -23.032  -9.699  -10.131 0.0000000000
34374  -23.009  -9.803  -10.310 0.0000000000
34991  -20.998  -9.002  -8.014 0.0000000000
34997  -21.357  -9.199  -8.281 0.0000000000
34998  -21.998  -9.058  -8.213 0.0000000000
34999  -22.122  -9.029  -8.198 0.0000000000
35000  -22.282  -9.021  -8.238 0.0000000000
35003  -21.622  -9.721  -8.673 0.0000000000
35004  -21.987  -9.441  -8.595 0.0000000000
35005  -22.044  -9.322  -8.470 0.0000000000
35006  -22.454  -9.270  -8.675 0.0000000000
35007  -22.991  -9.170  -8.804 0.0000000000
35008  -23.102  -9.126  -8.890 0.0000000000
35029  -22.604  -9.703  -8.999 0.0000000000
35030  -22.984  -9.408  -8.976 0.0000000000
35031  -23.221  -9.317  -8.986 0.0000000000
35032  -23.308  -9.094  -9.012 0.0000000000
35040  -23.150  -9.306  -9.585 0.0000000000
35041  -23.553  -9.065  -9.266 0.0000000000
35729  -21.785  -8.915  -8.029 0.0000000000
35730  -22.002  -8.943  -7.993 0.0000000000
35731  -22.114  -8.888  -7.994 0.0000000000
35732  -22.535  -8.912  -8.046 0.0000000000
35735  -21.016  -8.978  -8.016 0.0000000000
35737  -21.649  -9.028  -8.010 0.0000000000
35738  -21.979  -8.953  -8.093 0.0000000000
35739  -22.210  -8.966  -8.138 0.0000000000
35740  -22.692  -8.879  -8.250 0.0000000000
35741  -23.035  -8.964  -8.516 0.0000000000
35744  -22.400  -8.984  -8.277 0.0000000000
35745  -22.927  -8.987  -8.549 0.0000000000
35746  -23.042  -9.007  -8.766 0.0000000000
35747  -23.077  -8.961  -8.988 0.0000000000
35769  -23.169  -9.081  -8.917 0.0000000000
35770  -23.161  -9.011  -8.961 0.0000000000
35778  -23.347  -8.985  -9.029 0.0000000000
35789  -23.209  -9.030  -9.606 0.0000000000
36473  -21.715  -8.646  -7.819 0.0000000000
36474  -22.011  -8.505  -7.646 0.0000000000
36476  -22.407  -8.533  -7.607 0.0000000000
36482  -21.742  -8.847  -8.001 0.0000000000
36483  -22.000  -8.817  -7.956 0.0000000000
36484  -22.128  -8.867  -7.963 0.0000000000
36485  -22.651  -8.707  -7.974 0.0000000000
36486  -22.988  -8.494  -8.002 0.0000000000
36489  -22.738  -8.668  -8.127 0.0000000000
36490  -22.996  -8.636  -8.189 0.0000000000
36491  -23.133  -8.606  -8.304 0.0000000000
36496  -23.090  -8.912  -8.583 0.0000000000
36497  -23.396  -8.833  -8.736 0.0000000000
36518  -23.369  -8.819  -9.015 0.0000000000
36528  -23.538  -8.747  -9.101 0.0000000000
36538  -23.177  -8.981  -9.590 0.0000000000
37258  -22.637  -8.018  -7.211 0.0000000000
37259  -23.073  -8.008  -7.220 0.0000000000
37260  -23.015  -8.018  -7.402 0.0000000000
37270  -22.288  -8.093  -7.208 0.0000000000
37271  -22.948  -8.210  -7.531 0.0000000000
37272  -23.265  -8.129  -7.628 0.0000000000
37273  -23.595  -7.995  -7.750 0.0000000000
37278  -22.988  -8.592  -7.985 0.0000000000
37279  -23.127  -8.296  -7.911 0.0000000000
37280  -23.273  -8.085  -7.982 0.0000000000
37284  -23.012  -8.299  -7.985 0.0000000000
37285  -23.326  -8.117  -8.178 0.0000000000
37291  -23.486  -8.240  -8.858 0.0000000000
37308  -23.456  -8.231  -8.997 0.0000000000
38083  -22.596  -7.966  -7.023 0.0000000000
38092  -22.372  -7.972  -7.080 0.0000000000
38093  -22.820  -7.780  -7.169 0.0000000000
38094  -23.039  -7.838  -7.186 0.0000000000
38095  -23.280  -7.979  -7.382 0.0000000000
38101  -23.146  -7.971  -7.467 0.0000000000
38102  -23.422  -7.979  -7.909 0.0000000000
38103  -23.636  -7.832  -7.968 0.0000000000
38107  -23.546  -7.976  -8.004 0.0000000000
38108  -23.559  -7.799  -8.019 0.0000000000
38112  -23.474  -7.991  -8.080 0.0000000000
38113  -23.598  -7.987  -8.204 0.0000000000
38118  -23.329  -8.032  -8.710 0.0000000000
38119  -23.457  -8.001  -8.753 0.0000000000
38975  -22.884  -7.427  -6.641 0.0000000000
38976  -23.013  -7.458  -6.680 0.0000000000
38983  -22.846  -7.573  -7.013 0.0000000000
38984  -23.108  -7.412  -6.829 0.0000000000
38985  -23.400  -7.458  -6.887 0.0000000000
38997  -23.227  -7.718  -7.029 0.0000000000
39003  -23.549  -7.649  -7.414 0.0000000000
39912  -23.090  -7.209  -6.336 0.0000000000
39913  -23.261  -7.059  -6.386 0.0000000000
39914  -23.819  -6.999  -6.895 0.0000000000
39924  -23.127  -7.218  -6.551 0.0000000000
39925  -23.459  -7.278  -6.796 0.0000000000
39926  -23.651  -7.122  -7.028 0.0000000000
39947  -23.836  -7.009  -7.692 0.0000000000
39948  -23.976  -7.011  -7.805 0.0000000000
40836  -23.017  -6.975  -5.777 0.0000000000
40837  -23.063  -7.000  -5.792 0.0000000000
40838  -23.490  -6.779  -5.965 0.0000000000
40908  -23.869  -7.026  -7.977 0.0000000000
41778  -23.710  -6.801  -5.986 0.0000000000
