#!ascii label  , from subject  vox2ras=TkReg
115
74650  -10.960  6.075  -21.251 0.0000000000
75451  -9.514  6.420  -20.978 0.0000000000
75452  -9.875  6.239  -20.990 0.0000000000
75459  -9.519  6.678  -21.015 0.0000000000
75460  -9.830  6.479  -21.056 0.0000000000
75461  -10.017  6.385  -21.018 0.0000000000
75462  -10.164  6.116  -21.011 0.0000000000
75471  -9.996  6.626  -21.286 0.0000000000
75472  -10.008  6.606  -21.077 0.0000000000
75473  -10.369  6.460  -21.193 0.0000000000
75474  -11.015  6.573  -21.458 0.0000000000
75475  -11.045  6.494  -21.504 0.0000000000
75479  -11.037  6.929  -21.587 0.0000000000
76293  -9.246  6.998  -20.995 0.0000000000
76294  -9.556  6.803  -21.073 0.0000000000
76303  -9.367  6.962  -21.167 0.0000000000
76304  -9.725  6.852  -21.214 0.0000000000
76305  -9.982  6.992  -21.413 0.0000000000
76306  -10.080  6.999  -21.261 0.0000000000
76307  -10.770  7.002  -21.262 0.0000000000
76308  -10.937  6.893  -21.491 0.0000000000
76312  -10.973  6.988  -21.558 0.0000000000
76313  -11.068  6.943  -21.515 0.0000000000
76314  -11.424  7.015  -21.632 0.0000000000
76316  -12.007  6.993  -21.746 0.0000000000
76317  -12.198  6.901  -21.834 0.0000000000
76321  -16.003  6.863  -21.395 0.0000000000
76322  -12.409  6.896  -22.000 0.0000000000
76325  -12.557  6.897  -22.080 0.0000000000
76326  -12.763  6.947  -22.327 0.0000000000
76329  -14.641  6.989  -22.490 0.0000000000
76332  -13.651  6.981  -22.675 0.0000000000
76333  -13.964  6.992  -22.646 0.0000000000
76334  -13.997  6.947  -22.600 0.0000000000
76335  -14.168  6.985  -22.591 0.0000000000
77224  -9.504  7.024  -21.260 0.0000000000
77225  -9.933  7.084  -21.263 0.0000000000
77226  -10.027  7.091  -21.259 0.0000000000
77227  -10.491  7.116  -21.304 0.0000000000
77228  -10.764  6.962  -21.474 0.0000000000
77233  -10.982  7.125  -21.617 0.0000000000
77234  -10.961  7.141  -21.519 0.0000000000
77235  -11.144  7.133  -21.655 0.0000000000
77236  -11.681  7.030  -21.789 0.0000000000
77237  -11.992  7.039  -21.637 0.0000000000
77238  -12.187  7.112  -21.675 0.0000000000
77239  -12.500  7.093  -21.945 0.0000000000
77244  -12.540  7.016  -22.238 0.0000000000
77245  -12.818  7.138  -22.380 0.0000000000
77249  -12.803  6.989  -22.188 0.0000000000
77250  -12.900  7.019  -22.284 0.0000000000
77252  -14.148  7.287  -22.454 0.0000000000
77255  -13.429  7.127  -22.469 0.0000000000
77256  -13.823  7.051  -22.649 0.0000000000
77257  -13.997  7.067  -22.566 0.0000000000
77258  -14.050  7.030  -22.591 0.0000000000
77259  -14.402  7.027  -22.503 0.0000000000
78182  -9.868  7.454  -21.423 0.0000000000
78183  -9.989  7.593  -21.271 0.0000000000
78184  -10.119  7.661  -21.295 0.0000000000
78189  -10.378  7.837  -21.621 0.0000000000
78190  -10.965  7.541  -21.619 0.0000000000
78191  -11.003  7.609  -21.556 0.0000000000
78192  -11.393  7.554  -21.625 0.0000000000
78193  -12.009  7.470  -21.868 0.0000000000
78194  -12.069  7.546  -21.633 0.0000000000
78195  -12.419  7.563  -21.796 0.0000000000
78199  -12.807  7.572  -21.985 0.0000000000
78200  -12.955  7.637  -22.031 0.0000000000
78204  -12.971  7.624  -22.291 0.0000000000
78205  -13.012  7.650  -22.349 0.0000000000
78210  -13.045  7.296  -22.448 0.0000000000
78211  -13.404  7.324  -22.738 0.0000000000
78212  -13.894  7.378  -22.478 0.0000000000
78213  -14.031  7.494  -22.483 0.0000000000
79113  -9.985  7.968  -21.237 0.0000000000
79118  -10.254  8.004  -21.406 0.0000000000
79119  -10.751  7.869  -21.569 0.0000000000
79120  -11.001  7.982  -21.591 0.0000000000
79121  -11.122  7.986  -21.565 0.0000000000
79122  -11.605  7.990  -21.778 0.0000000000
79123  -11.998  8.000  -21.657 0.0000000000
79124  -12.215  7.979  -21.735 0.0000000000
79128  -12.448  7.997  -22.123 0.0000000000
79129  -12.603  7.951  -22.007 0.0000000000
79133  -12.672  8.018  -22.109 0.0000000000
79134  -12.891  7.984  -22.201 0.0000000000
79135  -13.005  7.982  -22.289 0.0000000000
80013  -9.792  8.185  -21.475 0.0000000000
80015  -10.186  8.077  -21.496 0.0000000000
80016  -10.799  8.147  -21.584 0.0000000000
80017  -10.998  8.346  -21.381 0.0000000000
80021  -10.545  8.018  -21.656 0.0000000000
80022  -11.007  8.012  -21.636 0.0000000000
80023  -11.049  8.067  -21.489 0.0000000000
80024  -11.339  8.010  -21.790 0.0000000000
80025  -11.849  8.097  -21.950 0.0000000000
80026  -12.028  8.256  -21.850 0.0000000000
80027  -12.158  8.030  -21.784 0.0000000000
80031  -12.208  8.362  -21.859 0.0000000000
80032  -12.153  8.260  -22.001 0.0000000000
80035  -12.524  8.274  -22.277 0.0000000000
80036  -12.944  8.025  -22.450 0.0000000000
80037  -12.993  8.109  -22.337 0.0000000000
80039  -13.924  8.086  -22.212 0.0000000000
80892  -11.082  8.397  -21.392 0.0000000000
80893  -11.262  8.690  -21.825 0.0000000000
80894  -11.994  8.657  -21.916 0.0000000000
80895  -12.136  8.790  -21.849 0.0000000000
80898  -12.199  8.720  -22.007 0.0000000000
80899  -12.277  8.802  -22.138 0.0000000000
81750  -12.228  9.020  -21.925 0.0000000000
82537  -12.037  9.041  -21.756 0.0000000000
82541  -12.303  9.010  -21.998 0.0000000000
84697  -11.584  10.027  -21.434 0.0000000000
