#!ascii label /Volumes/mturk1/subjects/jeeves/rois/hef_rois_20231020/surf_roi_labels/reg_lh_mid_face.label , from subject  vox2ras=TkReg
260
58722  28.838  -1.966  -6.998 0.0000000000
59699  28.443  -1.697  -6.890 0.0000000000
59708  29.003  -1.907  -7.187 0.0000000000
59709  28.702  -1.840  -7.005 0.0000000000
59710  28.228  -1.607  -6.985 0.0000000000
59721  29.171  -1.706  -7.590 0.0000000000
59722  29.013  -1.644  -7.431 0.0000000000
60700  28.892  -1.593  -7.321 0.0000000000
60701  28.494  -1.336  -7.270 0.0000000000
60702  27.993  -1.225  -7.218 0.0000000000
60703  28.000  -1.310  -7.247 0.0000000000
60704  27.691  -1.301  -7.286 0.0000000000
60709  29.032  -1.498  -7.870 0.0000000000
60710  28.789  -1.187  -7.851 0.0000000000
60711  28.191  -1.017  -7.586 0.0000000000
60712  28.005  -1.084  -7.509 0.0000000000
60713  27.863  -1.004  -7.591 0.0000000000
60714  27.207  -1.131  -7.701 0.0000000000
60715  26.987  -1.204  -7.812 0.0000000000
60721  28.721  -1.047  -7.981 0.0000000000
60722  26.995  -1.038  -7.993 0.0000000000
60723  26.971  -1.154  -7.953 0.0000000000
60724  26.807  -1.193  -8.006 0.0000000000
60729  26.937  -1.068  -8.077 0.0000000000
60730  26.806  -1.008  -8.174 0.0000000000
60735  26.507  -1.015  -8.746 0.0000000000
60742  26.512  -1.130  -8.998 0.0000000000
61710  28.471  -0.897  -7.790 0.0000000000
61711  28.114  -0.899  -7.710 0.0000000000
61712  27.830  -0.899  -7.703 0.0000000000
61713  27.411  -0.884  -7.734 0.0000000000
61714  27.011  -0.996  -7.908 0.0000000000
61719  28.572  -0.943  -8.002 0.0000000000
61720  28.256  -0.787  -7.927 0.0000000000
61721  27.982  -0.752  -7.850 0.0000000000
61722  27.598  -0.772  -7.858 0.0000000000
61723  27.065  -0.960  -8.003 0.0000000000
61724  27.083  -0.990  -8.014 0.0000000000
61727  28.656  -0.954  -8.219 0.0000000000
61728  28.456  -0.843  -8.007 0.0000000000
61729  26.974  -0.979  -7.987 0.0000000000
61730  26.941  -0.982  -8.209 0.0000000000
61731  26.809  -0.975  -8.321 0.0000000000
61735  26.806  -0.815  -8.667 0.0000000000
61736  26.650  -0.971  -8.631 0.0000000000
61741  26.960  -0.785  -8.915 0.0000000000
61742  26.440  -0.893  -8.981 0.0000000000
61748  26.923  -0.745  -9.034 0.0000000000
61749  26.818  -0.964  -9.028 0.0000000000
62773  28.230  -0.627  -8.004 0.0000000000
62774  28.104  -0.616  -7.980 0.0000000000
62775  27.842  -0.566  -7.999 0.0000000000
62776  27.438  -0.604  -7.953 0.0000000000
62781  28.494  -0.852  -8.098 0.0000000000
62782  28.292  -0.584  -8.163 0.0000000000
62783  28.016  -0.469  -8.117 0.0000000000
62784  27.888  -0.424  -8.148 0.0000000000
62785  27.135  -0.784  -8.144 0.0000000000
62786  26.991  -0.856  -8.127 0.0000000000
62790  28.562  -0.607  -8.464 0.0000000000
62792  27.264  -0.320  -8.459 0.0000000000
62793  26.983  -0.340  -8.770 0.0000000000
62794  26.906  -0.692  -8.464 0.0000000000
62799  28.149  -0.136  -9.017 0.0000000000
62800  27.011  -0.471  -8.964 0.0000000000
62801  26.868  -0.301  -9.002 0.0000000000
62806  27.022  -0.404  -9.053 0.0000000000
62807  26.985  -0.568  -9.039 0.0000000000
62808  26.591  -0.376  -9.235 0.0000000000
62809  26.010  -0.826  -9.594 0.0000000000
62815  26.385  -0.096  -9.858 0.0000000000
62816  26.022  -0.496  -9.869 0.0000000000
62817  25.877  -0.650  -9.835 0.0000000000
62823  26.044  -0.311  -10.014 0.0000000000
62824  25.970  -0.526  -10.006 0.0000000000
63786  27.978  -0.151  -8.487 0.0000000000
63787  27.948  -0.281  -8.498 0.0000000000
63788  27.815  -0.247  -8.317 0.0000000000
63791  28.098  -0.154  -9.027 0.0000000000
63792  27.981  -0.161  -8.861 0.0000000000
63793  27.532  -0.148  -8.824 0.0000000000
63794  27.069  -0.360  -8.978 0.0000000000
63798  28.168  -0.087  -9.009 0.0000000000
63799  27.970  -0.001  -9.055 0.0000000000
63800  27.984  -0.147  -9.115 0.0000000000
63801  27.580  -0.153  -9.042 0.0000000000
63802  27.077  -0.310  -9.025 0.0000000000
63808  27.989  -0.047  -9.263 0.0000000000
63809  27.678  -0.090  -9.214 0.0000000000
63810  27.177  -0.261  -9.248 0.0000000000
63811  26.903  -0.023  -9.431 0.0000000000
63812  26.742  -0.002  -9.604 0.0000000000
63818  26.775  0.038  -9.649 0.0000000000
63819  26.417  0.010  -9.973 0.0000000000
63820  26.091  -0.150  -9.941 0.0000000000
63826  26.059  0.005  -10.012 0.0000000000
63827  26.145  -0.123  -10.137 0.0000000000
63828  25.983  -0.089  -10.005 0.0000000000
63833  26.003  -0.016  -10.162 0.0000000000
64793  27.999  0.040  -9.184 0.0000000000
64794  27.983  0.027  -9.373 0.0000000000
64795  27.958  0.003  -9.147 0.0000000000
64796  27.286  0.127  -9.304 0.0000000000
64797  27.002  0.041  -9.370 0.0000000000
64804  27.009  0.160  -9.563 0.0000000000
64805  26.967  0.307  -9.571 0.0000000000
64806  26.712  0.171  -9.821 0.0000000000
64813  26.849  0.325  -9.899 0.0000000000
64814  26.458  0.246  -9.993 0.0000000000
64815  26.263  0.112  -10.034 0.0000000000
64820  26.352  0.063  -10.061 0.0000000000
64821  26.044  0.014  -10.361 0.0000000000
64822  25.985  0.039  -10.435 0.0000000000
65759  27.577  0.359  -9.358 0.0000000000
65763  27.828  0.514  -9.716 0.0000000000
65764  27.219  0.577  -9.717 0.0000000000
65765  27.008  0.381  -9.858 0.0000000000
65771  27.782  0.527  -9.998 0.0000000000
65772  27.274  0.627  -9.980 0.0000000000
65773  26.994  0.582  -9.952 0.0000000000
65774  26.933  0.568  -10.010 0.0000000000
65781  26.972  0.622  -10.118 0.0000000000
65782  26.892  0.588  -10.116 0.0000000000
65783  26.393  0.316  -10.360 0.0000000000
66732  27.916  0.692  -9.995 0.0000000000
66733  27.161  0.849  -10.154 0.0000000000
66734  26.991  0.771  -10.178 0.0000000000
66740  27.627  0.992  -10.380 0.0000000000
66741  27.000  1.010  -10.392 0.0000000000
66742  27.006  0.942  -10.493 0.0000000000
66743  26.915  0.902  -10.634 0.0000000000
66749  26.996  1.159  -10.610 0.0000000000
66750  26.953  1.030  -10.792 0.0000000000
67696  27.697  1.045  -10.447 0.0000000000
67697  27.273  1.227  -10.487 0.0000000000
68650  27.128  1.364  -11.091 0.0000000000
63834  25.852  -0.099  -10.338 0.0000000000
64802  28.034  0.278  -9.614 0.0000000000
64803  27.926  0.223  -9.593 0.0000000000
65758  27.894  0.285  -9.338 0.0000000000
64801  28.146  0.142  -9.444 0.0000000000
64811  28.223  0.155  -9.855 0.0000000000
64812  28.112  0.313  -10.043 0.0000000000
65762  28.008  0.427  -9.978 0.0000000000
63825  28.427  -0.112  -9.984 0.0000000000
63817  28.361  -0.014  -9.683 0.0000000000
64819  28.309  -0.009  -10.014 0.0000000000
65770  28.061  0.313  -9.990 0.0000000000
65769  28.173  0.130  -9.992 0.0000000000
63832  28.488  0.018  -10.258 0.0000000000
64826  28.320  0.010  -10.656 0.0000000000
65779  28.199  0.149  -10.149 0.0000000000
64827  26.011  0.272  -10.665 0.0000000000
65790  26.147  0.286  -10.912 0.0000000000
64828  25.918  0.138  -10.657 0.0000000000
65780  28.088  0.512  -10.180 0.0000000000
66731  28.012  0.534  -10.065 0.0000000000
65788  28.256  0.471  -10.847 0.0000000000
66738  28.461  0.840  -10.456 0.0000000000
66739  28.039  0.980  -10.486 0.0000000000
65789  26.607  0.766  -10.841 0.0000000000
66747  28.175  0.944  -10.918 0.0000000000
66748  28.096  1.051  -10.696 0.0000000000
67695  27.966  1.058  -10.601 0.0000000000
66751  26.749  0.989  -10.984 0.0000000000
67705  27.146  1.154  -10.917 0.0000000000
67706  27.007  1.117  -10.939 0.0000000000
66757  26.874  1.005  -10.964 0.0000000000
66758  26.767  0.910  -10.990 0.0000000000
67714  26.888  1.008  -11.003 0.0000000000
66770  26.837  0.967  -11.014 0.0000000000
67703  27.951  1.020  -10.755 0.0000000000
67704  27.619  1.219  -10.714 0.0000000000
67702  28.207  1.078  -10.800 0.0000000000
67710  28.212  1.196  -10.947 0.0000000000
67711  28.017  1.256  -10.915 0.0000000000
67712  27.645  1.414  -10.964 0.0000000000
67713  27.193  1.213  -11.042 0.0000000000
68647  27.993  1.396  -11.020 0.0000000000
68648  27.967  1.461  -11.064 0.0000000000
68649  27.749  1.385  -11.043 0.0000000000
67722  27.005  1.189  -11.218 0.0000000000
67723  26.845  1.156  -11.439 0.0000000000
68659  26.989  1.576  -11.668 0.0000000000
68656  28.144  1.910  -11.389 0.0000000000
68657  27.984  1.729  -11.308 0.0000000000
68658  27.605  1.856  -11.500 0.0000000000
69659  28.042  2.021  -11.555 0.0000000000
69660  27.992  1.999  -11.654 0.0000000000
69661  27.338  2.021  -11.841 0.0000000000
68660  27.020  1.406  -11.818 0.0000000000
69662  27.079  1.834  -11.994 0.0000000000
68671  27.010  1.713  -12.002 0.0000000000
63807  28.054  -0.024  -9.200 0.0000000000
62822  28.526  -0.158  -10.007 0.0000000000
62821  28.644  -0.715  -10.042 0.0000000000
63824  28.621  -0.531  -10.014 0.0000000000
63816  28.652  -0.270  -9.594 0.0000000000
62814  28.696  -0.859  -9.737 0.0000000000
63806  28.514  -0.044  -9.150 0.0000000000
62805  28.773  -0.734  -9.106 0.0000000000
62798  28.554  -0.421  -8.948 0.0000000000
62791  28.153  -0.187  -8.735 0.0000000000
61762  25.834  -0.836  -9.863 0.0000000000
61770  25.781  -0.818  -10.020 0.0000000000
62830  25.843  -0.548  -10.116 0.0000000000
61756  25.927  -0.830  -9.700 0.0000000000
61755  26.049  -0.997  -9.584 0.0000000000
61754  28.673  -1.012  -9.788 0.0000000000
61747  28.744  -0.991  -9.159 0.0000000000
61750  26.374  -0.986  -9.308 0.0000000000
61740  28.758  -0.978  -8.988 0.0000000000
61734  28.869  -0.903  -8.781 0.0000000000
60747  26.526  -1.218  -9.161 0.0000000000
60746  28.668  -1.066  -9.282 0.0000000000
60741  28.711  -1.110  -9.005 0.0000000000
60734  28.749  -1.012  -8.778 0.0000000000
60728  28.710  -1.063  -8.254 0.0000000000
59753  26.384  -1.400  -9.005 0.0000000000
59762  26.430  -1.491  -9.001 0.0000000000
59752  28.903  -1.595  -8.999 0.0000000000
60740  28.819  -1.278  -9.008 0.0000000000
59761  28.838  -1.535  -9.072 0.0000000000
60733  28.900  -1.225  -8.685 0.0000000000
59751  29.024  -1.689  -9.006 0.0000000000
59745  26.483  -1.476  -8.497 0.0000000000
59744  29.107  -1.678  -8.533 0.0000000000
60727  28.870  -1.255  -8.065 0.0000000000
59738  26.413  -1.563  -8.001 0.0000000000
59737  28.996  -1.750  -8.009 0.0000000000
60720  28.943  -1.397  -8.009 0.0000000000
59732  26.600  -1.515  -7.884 0.0000000000
59724  26.997  -1.415  -7.514 0.0000000000
59731  26.890  -1.295  -7.827 0.0000000000
59730  29.120  -1.718  -7.941 0.0000000000
59723  27.081  -1.401  -7.419 0.0000000000
59713  27.215  -1.559  -7.076 0.0000000000
59712  27.917  -1.609  -7.027 0.0000000000
59711  28.016  -1.499  -7.007 0.0000000000
59760  28.950  -1.830  -9.009 0.0000000000
58761  29.019  -2.001  -9.039 0.0000000000
58752  28.997  -1.958  -8.834 0.0000000000
58745  29.039  -1.939  -8.426 0.0000000000
58738  29.040  -1.991  -8.076 0.0000000000
58737  29.229  -1.961  -8.014 0.0000000000
59729  29.285  -1.797  -7.797 0.0000000000
58730  29.219  -1.936  -7.695 0.0000000000
59720  29.283  -1.819  -7.651 0.0000000000
58731  29.074  -1.958  -7.452 0.0000000000
58721  28.973  -1.984  -7.184 0.0000000000
59700  28.087  -1.420  -6.885 0.0000000000
58711  28.814  -1.987  -6.792 0.0000000000
58712  28.364  -1.776  -6.771 0.0000000000
57743  29.125  -1.989  -8.843 0.0000000000
57752  29.035  -2.178  -9.033 0.0000000000
57735  29.014  -2.198  -8.275 0.0000000000
57727  29.215  -2.229  -8.015 0.0000000000
58710  28.982  -2.031  -7.037 0.0000000000
56715  29.022  -2.539  -8.645 0.0000000000
56707  29.068  -2.638  -8.212 0.0000000000
