#!ascii label  , from subject  vox2ras=TkReg
141
20830  27.859  -17.007  -6.170 0.0000000000
21532  27.099  -16.918  -4.321 0.0000000000
21549  27.367  -16.972  -4.772 0.0000000000
21562  27.510  -16.953  -4.978 0.0000000000
21563  27.289  -16.945  -4.990 0.0000000000
21577  27.476  -16.978  -5.148 0.0000000000
21578  27.214  -16.894  -5.022 0.0000000000
21607  27.723  -16.997  -6.036 0.0000000000
21627  27.922  -17.033  -6.609 0.0000000000
22353  27.256  -16.735  -4.966 0.0000000000
22370  27.723  -16.993  -5.315 0.0000000000
22371  27.361  -16.724  -5.299 0.0000000000
22386  27.648  -16.749  -5.943 0.0000000000
22410  27.318  -16.689  -6.015 0.0000000000
23221  27.537  -16.689  -6.010 0.0000000000
23222  27.130  -16.443  -6.037 0.0000000000
23242  27.698  -16.334  -6.163 0.0000000000
23258  27.621  -16.020  -6.844 0.0000000000
23265  28.006  -16.458  -7.004 0.0000000000
23266  27.933  -16.309  -6.991 0.0000000000
24005  27.885  -16.056  -6.964 0.0000000000
24006  27.643  -15.986  -6.999 0.0000000000
24008  27.018  -15.981  -6.811 0.0000000000
24017  28.054  -15.992  -6.996 0.0000000000
24018  27.998  -15.998  -7.128 0.0000000000
24019  27.706  -15.977  -7.068 0.0000000000
24701  26.849  -15.588  -6.665 0.0000000000
24716  27.381  -16.011  -7.005 0.0000000000
24717  27.063  -15.692  -6.970 0.0000000000
24718  27.010  -15.475  -6.806 0.0000000000
24729  27.903  -15.625  -7.278 0.0000000000
24730  27.541  -15.669  -7.046 0.0000000000
25400  27.581  -14.994  -7.034 0.0000000000
25401  27.246  -15.112  -6.981 0.0000000000
25402  27.060  -15.253  -6.837 0.0000000000
25413  27.944  -15.106  -7.283 0.0000000000
25414  27.613  -15.187  -7.090 0.0000000000
25415  27.293  -15.355  -7.022 0.0000000000
26089  26.980  -14.978  -6.576 0.0000000000
26090  26.946  -15.050  -6.493 0.0000000000
26102  27.811  -14.894  -7.014 0.0000000000
26103  27.496  -14.996  -6.977 0.0000000000
26104  27.120  -14.961  -6.809 0.0000000000
26105  27.006  -15.004  -6.581 0.0000000000
26118  27.861  -14.967  -7.235 0.0000000000
26119  27.671  -14.980  -7.026 0.0000000000
26773  27.804  -14.220  -5.983 0.0000000000
26789  27.995  -14.307  -6.641 0.0000000000
26790  27.900  -14.338  -6.304 0.0000000000
26791  27.076  -14.754  -6.509 0.0000000000
26792  26.980  -14.892  -6.484 0.0000000000
26802  28.002  -14.611  -6.949 0.0000000000
26803  27.672  -14.894  -6.985 0.0000000000
26804  27.231  -14.891  -6.769 0.0000000000
26815  28.067  -14.420  -6.997 0.0000000000
26816  28.001  -14.670  -7.012 0.0000000000
26823  28.117  -14.676  -7.289 0.0000000000
27479  26.951  -14.005  -4.875 0.0000000000
27503  27.505  -14.104  -5.531 0.0000000000
27516  27.906  -14.008  -6.018 0.0000000000
27517  27.644  -14.108  -5.867 0.0000000000
27518  27.255  -14.219  -5.827 0.0000000000
27538  28.021  -13.994  -6.137 0.0000000000
27539  27.838  -14.111  -6.000 0.0000000000
27541  27.006  -14.391  -5.994 0.0000000000
27554  28.008  -14.080  -6.577 0.0000000000
27555  27.970  -14.060  -6.219 0.0000000000
27567  28.162  -14.152  -7.002 0.0000000000
27568  28.040  -14.223  -6.921 0.0000000000
27581  28.208  -14.196  -7.026 0.0000000000
27582  28.018  -14.233  -7.083 0.0000000000
27591  28.322  -14.264  -7.410 0.0000000000
27592  26.010  -14.133  -7.635 0.0000000000
27602  28.053  -13.994  -8.015 0.0000000000
27608  28.134  -14.262  -8.167 0.0000000000
27609  28.028  -14.076  -8.101 0.0000000000
28271  27.968  -13.888  -4.193 0.0000000000
28272  27.773  -13.873  -4.182 0.0000000000
28282  27.990  -13.783  -4.726 0.0000000000
28283  27.984  -13.936  -4.874 0.0000000000
28298  27.874  -13.814  -5.172 0.0000000000
28299  27.623  -13.888  -5.016 0.0000000000
28310  27.937  -13.803  -5.623 0.0000000000
28311  27.753  -13.973  -5.315 0.0000000000
28322  27.983  -13.935  -6.000 0.0000000000
28323  27.840  -13.986  -5.761 0.0000000000
28343  28.196  -13.972  -6.224 0.0000000000
28344  28.081  -13.963  -6.112 0.0000000000
28357  28.183  -13.986  -6.848 0.0000000000
28358  28.056  -13.977  -6.595 0.0000000000
28370  28.181  -13.992  -6.973 0.0000000000
28371  28.093  -14.048  -6.856 0.0000000000
28383  28.304  -14.010  -7.013 0.0000000000
28391  28.522  -13.975  -7.537 0.0000000000
28400  28.219  -13.999  -8.013 0.0000000000
28401  28.030  -13.907  -8.033 0.0000000000
29094  27.567  -13.764  -3.756 0.0000000000
29121  28.545  -13.310  -4.983 0.0000000000
29122  28.258  -13.572  -4.982 0.0000000000
29123  28.074  -13.667  -4.998 0.0000000000
29136  28.178  -13.396  -5.063 0.0000000000
29137  28.005  -13.594  -5.012 0.0000000000
29147  28.250  -13.513  -5.742 0.0000000000
29148  28.076  -13.835  -5.303 0.0000000000
29158  28.100  -13.483  -5.938 0.0000000000
29159  28.014  -13.734  -5.855 0.0000000000
29178  28.204  -13.554  -6.034 0.0000000000
29179  28.006  -13.847  -6.010 0.0000000000
29190  28.549  -13.557  -6.584 0.0000000000
29201  28.228  -13.791  -6.982 0.0000000000
29215  28.209  -13.646  -7.189 0.0000000000
29988  28.611  -13.021  -4.913 0.0000000000
29989  28.355  -12.992  -4.966 0.0000000000
30001  28.219  -13.002  -4.942 0.0000000000
30013  28.326  -13.086  -5.445 0.0000000000
30026  28.336  -13.148  -5.969 0.0000000000
30041  28.191  -13.141  -6.055 0.0000000000
30053  28.211  -13.047  -6.325 0.0000000000
30064  28.214  -13.082  -6.912 0.0000000000
30065  28.037  -13.005  -7.003 0.0000000000
30079  28.138  -13.199  -7.006 0.0000000000
30080  28.010  -13.130  -7.106 0.0000000000
30860  28.788  -12.841  -4.968 0.0000000000
30861  28.477  -12.894  -4.989 0.0000000000
30877  28.361  -12.944  -5.009 0.0000000000
30887  28.313  -12.946  -5.310 0.0000000000
30899  28.264  -13.010  -5.956 0.0000000000
30916  28.517  -12.977  -6.060 0.0000000000
30928  28.379  -13.002  -6.415 0.0000000000
30929  28.182  -12.800  -6.575 0.0000000000
30940  28.201  -12.984  -6.807 0.0000000000
30941  28.008  -12.904  -7.003 0.0000000000
31602  28.590  -12.400  -4.999 0.0000000000
31616  28.256  -12.348  -5.015 0.0000000000
31623  28.374  -12.526  -5.285 0.0000000000
31624  28.039  -12.574  -5.844 0.0000000000
31637  28.204  -12.890  -5.867 0.0000000000
31638  28.135  -12.521  -5.953 0.0000000000
31652  28.079  -12.737  -6.007 0.0000000000
31664  28.312  -12.639  -6.235 0.0000000000
31665  28.083  -12.575  -6.475 0.0000000000
