#!ascii label /Volumes/mturk1/subjects/jeeves/rois/hef_rois_20231020/surf_roi_labels/reg_lh_mid_object.label , from subject  vox2ras=TkReg
394
52711  23.650  -3.965  -9.205 0.0000000000
52712  23.298  -3.996  -9.669 0.0000000000
52713  23.022  -3.997  -9.656 0.0000000000
52714  22.981  -3.946  -9.584 0.0000000000
53690  24.052  -3.705  -9.552 0.0000000000
53692  23.965  -3.990  -9.160 0.0000000000
53695  21.801  -3.851  -9.261 0.0000000000
53696  21.330  -3.734  -9.002 0.0000000000
53712  23.997  -3.601  -9.905 0.0000000000
53713  23.965  -3.549  -9.737 0.0000000000
53714  23.622  -3.833  -9.642 0.0000000000
53715  23.082  -3.855  -9.824 0.0000000000
53716  22.984  -3.797  -9.793 0.0000000000
53717  22.669  -3.844  -9.900 0.0000000000
53718  22.095  -3.558  -9.626 0.0000000000
53719  22.038  -3.634  -9.621 0.0000000000
53720  21.964  -3.731  -9.573 0.0000000000
53738  23.982  -3.422  -9.984 0.0000000000
53739  23.745  -3.544  -9.992 0.0000000000
53740  23.183  -3.657  -9.987 0.0000000000
53741  22.965  -3.561  -9.923 0.0000000000
53742  22.762  -3.467  -9.945 0.0000000000
53743  22.357  -3.387  -9.901 0.0000000000
54696  24.757  -3.353  -9.058 0.0000000000
54712  24.876  -3.096  -9.077 0.0000000000
54713  24.422  -3.340  -9.180 0.0000000000
54714  21.406  -3.582  -9.712 0.0000000000
54715  21.092  -3.500  -9.253 0.0000000000
54728  24.889  -3.147  -9.658 0.0000000000
54729  24.228  -3.363  -9.936 0.0000000000
54730  24.025  -3.538  -10.033 0.0000000000
54731  22.020  -3.250  -9.860 0.0000000000
54732  22.019  -3.338  -9.870 0.0000000000
54733  21.796  -3.412  -9.827 0.0000000000
54734  21.281  -3.050  -9.847 0.0000000000
54752  24.605  -3.049  -9.977 0.0000000000
54753  24.363  -3.312  -10.167 0.0000000000
54754  24.037  -3.385  -10.100 0.0000000000
54755  23.840  -3.588  -10.093 0.0000000000
54756  23.329  -3.446  -10.058 0.0000000000
54757  23.012  -3.553  -9.987 0.0000000000
54758  22.697  -3.319  -10.094 0.0000000000
54759  22.126  -3.191  -9.995 0.0000000000
54760  21.932  -3.193  -9.992 0.0000000000
54761  21.818  -3.164  -10.017 0.0000000000
54783  24.287  -3.180  -10.356 0.0000000000
54784  24.115  -3.210  -10.347 0.0000000000
54785  23.969  -3.168  -10.320 0.0000000000
54786  23.433  -3.297  -10.290 0.0000000000
54787  23.006  -3.355  -10.339 0.0000000000
54788  22.956  -3.341  -10.185 0.0000000000
55702  25.338  -3.013  -9.022 0.0000000000
55704  24.993  -3.028  -9.045 0.0000000000
55716  25.189  -2.996  -9.041 0.0000000000
55717  25.021  -2.994  -9.230 0.0000000000
55718  24.915  -3.035  -9.284 0.0000000000
55719  21.016  -3.014  -9.428 0.0000000000
55734  25.010  -2.949  -9.574 0.0000000000
55735  24.955  -2.989  -9.710 0.0000000000
55736  21.648  -3.051  -9.975 0.0000000000
55755  24.879  -2.908  -9.950 0.0000000000
55756  24.807  -3.036  -10.011 0.0000000000
55757  22.622  -3.152  -10.132 0.0000000000
55758  22.506  -3.011  -10.000 0.0000000000
55759  22.002  -3.041  -10.052 0.0000000000
55760  21.773  -3.014  -10.009 0.0000000000
55778  24.864  -2.931  -10.007 0.0000000000
55779  24.521  -2.989  -10.261 0.0000000000
55780  24.135  -2.989  -10.515 0.0000000000
55781  24.003  -3.000  -10.406 0.0000000000
55782  23.587  -3.042  -10.432 0.0000000000
55783  22.986  -3.036  -10.431 0.0000000000
55784  22.705  -3.129  -10.264 0.0000000000
55785  22.141  -3.008  -10.160 0.0000000000
55786  22.011  -2.934  -10.136 0.0000000000
55804  23.983  -2.987  -10.524 0.0000000000
55805  23.936  -3.007  -10.495 0.0000000000
55806  23.237  -3.001  -10.533 0.0000000000
55807  22.999  -2.852  -10.588 0.0000000000
56725  25.429  -2.904  -8.990 0.0000000000
56760  22.003  -2.997  -9.990 0.0000000000
56761  21.682  -2.900  -10.054 0.0000000000
56783  24.255  -2.653  -10.619 0.0000000000
56784  23.995  -2.824  -10.658 0.0000000000
56785  23.016  -2.900  -10.448 0.0000000000
56786  22.592  -2.970  -10.281 0.0000000000
56811  24.005  -2.423  -10.813 0.0000000000
56812  23.981  -2.685  -10.701 0.0000000000
56813  23.797  -2.648  -10.697 0.0000000000
56814  23.001  -2.553  -10.768 0.0000000000
56815  23.018  -2.507  -10.724 0.0000000000
56816  22.921  -2.525  -10.681 0.0000000000
56817  22.158  -2.685  -10.451 0.0000000000
57801  24.717  -2.170  -10.609 0.0000000000
57802  22.008  -2.376  -10.495 0.0000000000
57803  22.005  -2.285  -10.520 0.0000000000
57804  21.680  -2.127  -10.623 0.0000000000
57825  24.730  -2.008  -10.621 0.0000000000
57826  24.274  -2.054  -10.805 0.0000000000
57827  23.998  -2.161  -10.755 0.0000000000
57828  23.886  -2.142  -10.751 0.0000000000
57829  23.396  -2.029  -11.001 0.0000000000
57830  22.978  -2.138  -10.928 0.0000000000
57831  22.926  -2.122  -10.782 0.0000000000
57832  22.175  -2.148  -10.700 0.0000000000
57833  21.982  -1.990  -10.769 0.0000000000
57834  21.849  -1.991  -10.713 0.0000000000
57851  23.557  -2.030  -10.999 0.0000000000
57852  23.242  -2.071  -11.009 0.0000000000
57853  23.093  -2.049  -11.045 0.0000000000
58785  25.444  -2.006  -9.871 0.0000000000
58829  24.680  -1.990  -10.621 0.0000000000
58830  24.087  -1.967  -10.783 0.0000000000
58831  23.962  -1.887  -10.681 0.0000000000
58832  23.874  -2.064  -10.869 0.0000000000
58833  22.986  -1.970  -10.985 0.0000000000
58834  22.623  -1.956  -10.861 0.0000000000
58835  22.033  -1.958  -10.830 0.0000000000
58836  21.961  -1.945  -10.769 0.0000000000
58837  21.640  -1.991  -10.803 0.0000000000
58852  24.013  -1.992  -11.076 0.0000000000
58853  23.720  -1.983  -11.019 0.0000000000
58854  23.256  -1.962  -11.082 0.0000000000
58855  23.000  -1.912  -11.009 0.0000000000
58856  22.709  -1.970  -10.974 0.0000000000
58857  22.241  -1.928  -10.968 0.0000000000
58858  21.992  -1.907  -10.887 0.0000000000
59817  25.003  -1.448  -10.662 0.0000000000
59818  24.920  -1.692  -10.729 0.0000000000
59819  24.318  -1.751  -10.700 0.0000000000
59820  24.088  -1.747  -10.894 0.0000000000
59821  21.981  -1.702  -10.938 0.0000000000
59822  21.937  -1.694  -10.790 0.0000000000
59824  20.982  -1.317  -10.778 0.0000000000
59837  24.161  -1.476  -11.043 0.0000000000
59838  24.043  -1.554  -11.045 0.0000000000
59839  23.938  -1.527  -11.019 0.0000000000
59840  23.508  -1.589  -11.100 0.0000000000
59841  22.999  -1.684  -11.045 0.0000000000
59842  22.987  -1.789  -10.962 0.0000000000
59843  22.318  -1.683  -11.007 0.0000000000
59844  21.997  -1.666  -11.000 0.0000000000
59845  21.842  -1.440  -11.020 0.0000000000
59846  21.182  -1.118  -11.019 0.0000000000
60776  25.024  -1.216  -10.665 0.0000000000
60794  24.960  -1.045  -10.795 0.0000000000
60795  24.607  -1.120  -10.955 0.0000000000
60796  24.259  -1.212  -11.063 0.0000000000
60797  21.009  -1.219  -10.827 0.0000000000
60798  20.988  -1.094  -10.981 0.0000000000
60799  20.878  -1.034  -10.833 0.0000000000
60812  24.672  -0.971  -11.028 0.0000000000
60813  24.269  -1.147  -11.079 0.0000000000
60814  24.004  -1.028  -11.010 0.0000000000
60815  23.773  -1.100  -11.002 0.0000000000
60816  23.110  -1.088  -11.064 0.0000000000
60817  22.982  -1.181  -11.170 0.0000000000
60818  22.738  -1.329  -11.047 0.0000000000
60819  22.234  -1.275  -11.189 0.0000000000
60820  21.997  -1.381  -11.100 0.0000000000
60821  21.521  -1.139  -11.112 0.0000000000
60822  21.032  -0.993  -11.004 0.0000000000
60823  21.122  -1.079  -11.042 0.0000000000
60838  23.795  -0.999  -11.298 0.0000000000
60839  23.315  -1.016  -11.496 0.0000000000
60840  23.109  -0.998  -11.294 0.0000000000
60841  22.057  -1.012  -11.415 0.0000000000
60842  22.021  -1.191  -11.453 0.0000000000
60843  21.946  -1.212  -11.212 0.0000000000
61785  25.019  -0.909  -10.780 0.0000000000
61786  24.900  -0.939  -10.859 0.0000000000
61787  20.959  -1.019  -10.999 0.0000000000
61788  20.744  -1.000  -10.782 0.0000000000
61806  24.990  -0.947  -10.972 0.0000000000
61807  24.820  -0.910  -10.996 0.0000000000
61808  24.508  -0.957  -11.004 0.0000000000
61809  24.143  -0.959  -11.083 0.0000000000
61810  24.012  -1.039  -11.237 0.0000000000
61811  23.027  -1.021  -11.330 0.0000000000
61812  22.971  -1.028  -11.230 0.0000000000
61813  22.576  -1.019  -11.017 0.0000000000
61814  21.497  -0.995  -11.007 0.0000000000
61815  21.184  -0.995  -11.129 0.0000000000
61816  20.993  -1.007  -11.055 0.0000000000
61817  20.842  -0.902  -10.991 0.0000000000
61829  24.152  -0.917  -11.211 0.0000000000
61830  23.999  -0.870  -11.319 0.0000000000
61831  23.866  -0.890  -11.343 0.0000000000
61832  23.298  -0.989  -11.313 0.0000000000
61833  23.051  -0.973  -11.338 0.0000000000
61834  22.736  -0.932  -11.200 0.0000000000
61835  22.143  -0.965  -11.297 0.0000000000
61836  21.980  -0.984  -11.391 0.0000000000
61837  21.688  -1.008  -11.385 0.0000000000
61838  21.058  -0.916  -11.190 0.0000000000
61839  20.962  -0.894  -11.133 0.0000000000
62837  25.016  -0.689  -10.993 0.0000000000
62853  24.997  -0.572  -11.031 0.0000000000
62854  24.792  -0.640  -11.111 0.0000000000
62855  24.468  -0.832  -11.079 0.0000000000
62856  20.947  -0.938  -11.036 0.0000000000
62857  20.641  -0.500  -11.000 0.0000000000
62871  24.766  -0.295  -11.316 0.0000000000
62872  24.139  -0.689  -11.435 0.0000000000
62873  24.003  -0.567  -11.563 0.0000000000
62874  23.737  -0.571  -11.588 0.0000000000
62875  23.013  -0.730  -11.452 0.0000000000
62876  22.913  -0.646  -11.449 0.0000000000
62877  22.453  -0.598  -11.499 0.0000000000
62878  22.003  -0.758  -11.358 0.0000000000
62879  21.968  -0.758  -11.466 0.0000000000
62880  21.473  -0.716  -11.407 0.0000000000
62881  21.000  -0.352  -11.633 0.0000000000
62882  20.899  -0.534  -11.341 0.0000000000
62883  20.791  -0.643  -11.134 0.0000000000
62896  24.024  -0.254  -11.884 0.0000000000
62897  23.984  -0.353  -11.801 0.0000000000
62898  23.886  -0.202  -11.889 0.0000000000
62899  23.366  -0.056  -11.786 0.0000000000
62900  22.995  -0.300  -11.815 0.0000000000
62901  22.815  -0.200  -11.899 0.0000000000
62902  22.209  -0.366  -11.943 0.0000000000
62903  21.996  -0.379  -11.772 0.0000000000
62904  21.792  -0.279  -11.820 0.0000000000
62905  21.532  -0.301  -11.799 0.0000000000
63842  25.611  0.006  -10.825 0.0000000000
63856  25.252  0.073  -11.011 0.0000000000
63858  25.009  -0.243  -11.149 0.0000000000
63873  25.320  -0.048  -11.362 0.0000000000
63874  25.009  0.009  -11.472 0.0000000000
63875  24.994  -0.144  -11.553 0.0000000000
63876  24.686  -0.149  -11.755 0.0000000000
63878  20.891  0.012  -11.617 0.0000000000
63879  20.617  -0.240  -11.302 0.0000000000
63888  24.947  -0.040  -11.817 0.0000000000
63889  24.812  0.016  -11.904 0.0000000000
63890  24.417  -0.155  -11.981 0.0000000000
63891  24.048  -0.067  -11.977 0.0000000000
63892  23.951  -0.150  -12.013 0.0000000000
63893  23.712  -0.168  -12.005 0.0000000000
63894  23.114  -0.021  -11.980 0.0000000000
63895  22.979  -0.161  -11.967 0.0000000000
63896  22.564  -0.145  -11.995 0.0000000000
63897  22.116  -0.138  -11.986 0.0000000000
63898  21.828  -0.134  -11.968 0.0000000000
63899  21.312  -0.081  -11.763 0.0000000000
63900  21.042  0.118  -11.766 0.0000000000
63915  24.788  -0.005  -11.973 0.0000000000
63916  24.408  -0.122  -12.139 0.0000000000
63917  24.105  -0.168  -12.183 0.0000000000
63918  23.918  -0.220  -12.176 0.0000000000
63919  23.415  -0.115  -12.153 0.0000000000
63920  23.005  -0.122  -12.011 0.0000000000
63921  22.786  -0.089  -12.055 0.0000000000
63922  22.417  -0.079  -12.059 0.0000000000
63923  21.979  -0.096  -12.082 0.0000000000
63924  21.801  -0.050  -12.058 0.0000000000
63941  24.229  -0.123  -12.376 0.0000000000
63942  23.999  -0.036  -12.473 0.0000000000
63943  23.755  -0.082  -12.411 0.0000000000
63944  23.244  -0.017  -12.428 0.0000000000
64829  25.725  0.170  -10.888 0.0000000000
64839  25.988  0.215  -10.917 0.0000000000
64840  25.913  0.225  -11.008 0.0000000000
64841  25.610  0.050  -10.992 0.0000000000
64857  25.939  0.312  -11.148 0.0000000000
64858  25.398  0.102  -11.284 0.0000000000
64859  25.081  0.006  -11.691 0.0000000000
64860  20.983  -0.096  -11.588 0.0000000000
64872  26.000  0.088  -11.615 0.0000000000
64873  25.216  0.143  -11.874 0.0000000000
64874  24.983  0.096  -11.854 0.0000000000
64875  24.878  0.115  -11.948 0.0000000000
64876  21.589  -0.022  -11.971 0.0000000000
64877  21.318  0.109  -11.846 0.0000000000
64890  25.680  0.327  -11.947 0.0000000000
64891  25.231  0.117  -12.022 0.0000000000
64892  24.977  0.131  -11.996 0.0000000000
64893  24.740  0.059  -12.028 0.0000000000
64894  24.315  0.055  -12.087 0.0000000000
64895  23.027  -0.056  -12.115 0.0000000000
64896  22.983  0.003  -12.130 0.0000000000
64897  22.751  -0.013  -12.115 0.0000000000
64898  22.306  0.003  -12.108 0.0000000000
64899  21.965  -0.004  -12.113 0.0000000000
64900  21.628  0.067  -12.010 0.0000000000
64920  25.088  0.201  -12.283 0.0000000000
64921  24.988  0.140  -12.425 0.0000000000
64922  24.587  0.168  -12.521 0.0000000000
64923  24.108  -0.069  -12.900 0.0000000000
64924  23.970  -0.002  -12.427 0.0000000000
64925  23.669  0.138  -12.405 0.0000000000
64926  23.196  0.171  -12.424 0.0000000000
64927  23.013  0.196  -12.456 0.0000000000
64928  22.680  0.097  -12.156 0.0000000000
64929  22.050  0.170  -12.266 0.0000000000
64930  21.983  0.137  -12.276 0.0000000000
64931  21.906  0.159  -12.307 0.0000000000
64937  25.178  0.211  -12.719 0.0000000000
64938  25.083  0.266  -12.958 0.0000000000
64939  24.941  0.131  -12.964 0.0000000000
64940  24.292  0.174  -12.956 0.0000000000
64941  24.036  0.136  -12.977 0.0000000000
64942  23.838  0.111  -12.825 0.0000000000
64943  23.380  0.228  -12.785 0.0000000000
64944  23.019  0.399  -12.794 0.0000000000
64948  25.093  0.350  -13.024 0.0000000000
64949  24.962  0.353  -12.997 0.0000000000
64950  24.610  0.242  -13.084 0.0000000000
64951  24.063  0.180  -13.021 0.0000000000
64952  23.978  0.155  -12.990 0.0000000000
64953  23.640  0.182  -12.944 0.0000000000
64958  24.414  0.179  -13.188 0.0000000000
64959  24.127  0.206  -13.187 0.0000000000
65790  26.147  0.286  -10.912 0.0000000000
65798  26.003  0.382  -11.006 0.0000000000
65799  25.993  0.333  -11.096 0.0000000000
65812  26.038  0.657  -11.330 0.0000000000
65813  25.986  0.471  -11.509 0.0000000000
65827  25.994  0.573  -11.875 0.0000000000
65828  25.963  0.455  -11.995 0.0000000000
65840  25.811  0.429  -12.026 0.0000000000
65841  25.410  0.201  -12.083 0.0000000000
65864  26.028  0.291  -12.333 0.0000000000
65866  25.472  0.333  -12.355 0.0000000000
65867  22.986  0.332  -12.534 0.0000000000
65881  25.102  0.405  -13.059 0.0000000000
65895  25.010  0.428  -13.092 0.0000000000
65896  24.915  0.228  -13.080 0.0000000000
65897  24.638  0.131  -13.139 0.0000000000
65898  23.975  0.255  -13.129 0.0000000000
65899  23.702  0.194  -13.033 0.0000000000
65910  24.145  0.364  -13.449 0.0000000000
65911  24.042  0.398  -13.386 0.0000000000
65913  23.298  0.314  -13.644 0.0000000000
65914  22.982  0.664  -13.402 0.0000000000
65923  23.808  0.569  -13.761 0.0000000000
66871  23.007  0.993  -13.771 0.0000000000
66872  23.115  0.942  -13.611 0.0000000000
66873  22.971  0.998  -13.645 0.0000000000
66874  22.385  0.949  -13.731 0.0000000000
66887  23.125  1.012  -13.827 0.0000000000
67790  26.152  0.953  -13.006 0.0000000000
67821  22.986  1.119  -13.751 0.0000000000
67822  22.882  1.108  -13.271 0.0000000000
67823  22.134  1.194  -13.318 0.0000000000
67824  21.987  1.199  -13.333 0.0000000000
67825  21.986  1.080  -13.279 0.0000000000
67836  23.154  1.003  -14.001 0.0000000000
67839  22.275  1.140  -13.744 0.0000000000
67852  23.322  1.088  -14.031 0.0000000000
68763  22.016  1.555  -13.646 0.0000000000
68764  22.166  1.555  -13.765 0.0000000000
68765  21.890  1.576  -13.723 0.0000000000
68782  21.961  1.829  -13.961 0.0000000000
68783  21.933  1.822  -13.989 0.0000000000
68797  22.274  1.655  -13.992 0.0000000000
69756  21.586  1.997  -13.842 0.0000000000
69757  21.042  2.010  -13.407 0.0000000000
69758  20.950  1.988  -13.264 0.0000000000
69774  22.013  1.950  -14.040 0.0000000000
69775  21.988  1.844  -13.941 0.0000000000
69776  21.733  1.992  -13.974 0.0000000000
69777  21.342  2.060  -13.862 0.0000000000
69794  22.096  1.802  -14.200 0.0000000000
69795  21.926  1.917  -14.028 0.0000000000
69796  21.835  2.007  -14.003 0.0000000000
69809  22.289  2.007  -14.314 0.0000000000
70744  21.108  2.238  -13.650 0.0000000000
70745  20.964  2.189  -13.510 0.0000000000
70746  20.794  2.231  -13.314 0.0000000000
70761  21.549  2.117  -13.958 0.0000000000
70762  21.246  2.216  -13.907 0.0000000000
70763  20.990  2.172  -13.927 0.0000000000
70780  22.051  1.964  -14.057 0.0000000000
70781  21.981  2.020  -14.165 0.0000000000
70782  21.683  2.046  -14.018 0.0000000000
70783  21.417  2.253  -14.009 0.0000000000
71720  20.810  2.496  -13.795 0.0000000000
71721  20.566  2.590  -13.478 0.0000000000
71735  21.137  2.645  -13.957 0.0000000000
71736  20.995  2.599  -13.932 0.0000000000
71737  20.840  2.836  -13.973 0.0000000000
71752  21.858  2.441  -14.137 0.0000000000
71753  21.203  2.557  -14.039 0.0000000000
71754  21.046  2.807  -13.988 0.0000000000
71769  21.424  2.888  -14.607 0.0000000000
71770  21.086  2.891  -14.284 0.0000000000
72693  20.517  3.005  -13.684 0.0000000000
72710  20.879  2.853  -14.035 0.0000000000
72711  20.770  2.920  -13.999 0.0000000000
72725  21.001  2.930  -14.265 0.0000000000
72726  20.956  2.858  -14.181 0.0000000000
72727  20.810  2.945  -14.084 0.0000000000
