#!ascii label  , from subject  vox2ras=TkReg
225
90182  22.142  10.101  -19.892 0.0000000000
90183  22.008  10.049  -19.866 0.0000000000
91637  23.244  10.738  -20.221 0.0000000000
91638  23.016  10.796  -20.316 0.0000000000
91639  22.679  10.600  -20.314 0.0000000000
91640  22.018  10.731  -20.387 0.0000000000
91641  21.980  10.636  -20.297 0.0000000000
91642  21.640  10.601  -20.299 0.0000000000
91643  21.163  10.659  -20.349 0.0000000000
91644  21.008  10.745  -20.466 0.0000000000
91653  22.948  10.973  -20.557 0.0000000000
91654  22.465  10.976  -20.485 0.0000000000
91655  22.024  10.926  -20.560 0.0000000000
91656  21.906  10.845  -20.542 0.0000000000
91657  21.481  10.829  -20.567 0.0000000000
91658  21.000  10.973  -20.612 0.0000000000
91659  21.005  10.974  -20.661 0.0000000000
92370  23.459  10.992  -20.226 0.0000000000
92371  23.088  11.002  -20.314 0.0000000000
92372  23.019  10.945  -20.438 0.0000000000
92380  22.895  11.010  -20.498 0.0000000000
92381  22.853  10.976  -20.432 0.0000000000
92382  22.422  11.090  -20.608 0.0000000000
92383  22.024  10.978  -20.596 0.0000000000
92384  21.870  11.014  -20.638 0.0000000000
92385  21.255  10.979  -20.671 0.0000000000
92386  21.045  11.024  -20.635 0.0000000000
92387  20.968  11.024  -20.602 0.0000000000
92396  21.999  11.353  -20.811 0.0000000000
92397  21.425  11.134  -20.861 0.0000000000
92399  20.996  11.159  -20.828 0.0000000000
93119  23.160  11.152  -20.672 0.0000000000
93121  22.756  11.134  -20.557 0.0000000000
93122  22.132  11.206  -20.674 0.0000000000
93123  21.997  11.130  -20.684 0.0000000000
93132  22.139  11.619  -20.764 0.0000000000
93133  22.032  11.451  -20.713 0.0000000000
93855  22.993  11.889  -18.725 0.0000000000
93856  22.887  11.892  -18.779 0.0000000000
93859  21.829  11.925  -18.825 0.0000000000
93860  21.334  11.940  -18.819 0.0000000000
93861  21.009  11.853  -18.749 0.0000000000
93862  20.693  11.870  -18.772 0.0000000000
93863  20.142  11.939  -18.605 0.0000000000
93864  20.007  11.870  -18.507 0.0000000000
93865  19.844  11.961  -18.568 0.0000000000
93870  23.074  11.867  -18.940 0.0000000000
93871  22.994  12.056  -18.983 0.0000000000
93872  22.621  12.054  -18.872 0.0000000000
93873  22.198  12.049  -18.863 0.0000000000
93874  21.983  12.039  -18.891 0.0000000000
93875  21.512  12.036  -18.946 0.0000000000
93876  21.085  11.965  -18.820 0.0000000000
93877  20.966  12.008  -18.885 0.0000000000
93878  20.349  11.997  -18.770 0.0000000000
93901  22.930  11.611  -20.439 0.0000000000
93902  22.434  11.740  -20.580 0.0000000000
93905  22.082  11.805  -20.729 0.0000000000
93908  21.403  11.992  -20.966 0.0000000000
93909  21.098  11.749  -21.059 0.0000000000
93920  21.234  11.927  -21.101 0.0000000000
94622  20.008  11.988  -18.613 0.0000000000
94623  19.931  11.988  -18.611 0.0000000000
94624  19.522  12.039  -18.441 0.0000000000
94628  23.078  11.964  -19.076 0.0000000000
94629  22.865  12.069  -18.981 0.0000000000
94630  22.388  12.105  -18.939 0.0000000000
94631  21.992  12.073  -18.958 0.0000000000
94632  21.681  12.116  -18.935 0.0000000000
94633  21.190  12.074  -18.910 0.0000000000
94634  20.994  12.078  -18.917 0.0000000000
94635  20.510  12.189  -18.869 0.0000000000
94636  19.996  12.094  -18.549 0.0000000000
94637  19.973  12.038  -18.691 0.0000000000
94638  19.344  12.111  -18.658 0.0000000000
94639  19.070  12.339  -18.543 0.0000000000
94643  23.028  12.103  -19.025 0.0000000000
94644  22.664  12.228  -19.092 0.0000000000
94645  22.008  12.160  -18.863 0.0000000000
94646  21.879  12.231  -18.995 0.0000000000
94647  21.359  12.084  -19.104 0.0000000000
94648  21.022  12.145  -18.986 0.0000000000
94649  20.726  12.116  -19.009 0.0000000000
94650  20.730  12.389  -18.874 0.0000000000
94654  23.201  12.127  -19.561 0.0000000000
94655  23.033  12.115  -19.537 0.0000000000
94656  22.850  12.190  -19.735 0.0000000000
94666  23.043  12.067  -19.969 0.0000000000
94675  21.991  12.047  -20.782 0.0000000000
94678  22.031  11.985  -20.742 0.0000000000
94681  21.355  12.016  -21.043 0.0000000000
95392  18.831  12.170  -18.019 0.0000000000
95393  18.596  12.561  -17.840 0.0000000000
95396  18.535  12.415  -18.019 0.0000000000
95398  18.988  12.390  -18.566 0.0000000000
95399  18.956  12.392  -18.575 0.0000000000
95400  18.790  12.373  -18.311 0.0000000000
95403  20.347  12.412  -18.907 0.0000000000
95404  20.121  12.383  -18.877 0.0000000000
95405  20.016  12.307  -18.963 0.0000000000
95406  19.537  12.247  -18.968 0.0000000000
95407  19.155  12.556  -18.916 0.0000000000
95408  19.010  12.587  -18.834 0.0000000000
95411  22.467  12.464  -19.570 0.0000000000
95412  22.119  12.458  -19.293 0.0000000000
95413  21.973  12.314  -19.165 0.0000000000
95414  21.460  12.203  -19.058 0.0000000000
95415  21.056  12.309  -19.018 0.0000000000
95416  20.968  12.162  -19.029 0.0000000000
95417  20.569  12.580  -19.002 0.0000000000
95418  20.079  12.484  -19.011 0.0000000000
95419  20.012  12.465  -19.008 0.0000000000
95420  19.535  12.476  -19.048 0.0000000000
95421  19.179  12.648  -19.034 0.0000000000
95425  21.986  12.471  -19.845 0.0000000000
95426  21.936  12.523  -19.706 0.0000000000
95427  21.722  12.426  -19.534 0.0000000000
95428  21.159  12.668  -19.372 0.0000000000
95429  20.995  12.450  -19.260 0.0000000000
95430  20.922  12.292  -19.066 0.0000000000
95435  22.091  12.506  -20.014 0.0000000000
95436  21.974  12.582  -19.988 0.0000000000
95437  21.810  12.689  -19.997 0.0000000000
95438  21.522  12.760  -19.722 0.0000000000
95442  22.560  12.226  -20.192 0.0000000000
95443  22.122  12.353  -20.328 0.0000000000
95445  22.006  12.675  -20.026 0.0000000000
96193  18.291  12.957  -17.016 0.0000000000
96194  18.218  13.074  -16.998 0.0000000000
96205  18.224  12.861  -17.994 0.0000000000
96206  18.115  13.004  -18.021 0.0000000000
96208  18.895  12.788  -18.888 0.0000000000
96209  18.415  12.848  -18.613 0.0000000000
96210  18.121  12.909  -18.353 0.0000000000
96213  19.044  12.793  -19.003 0.0000000000
96214  19.012  12.783  -18.965 0.0000000000
96215  18.537  12.917  -19.012 0.0000000000
96216  18.265  12.978  -18.783 0.0000000000
96219  20.465  12.653  -19.216 0.0000000000
96220  20.074  12.678  -19.159 0.0000000000
96221  19.962  12.745  -19.240 0.0000000000
96222  19.678  12.717  -19.221 0.0000000000
96223  19.106  12.674  -19.139 0.0000000000
96224  18.985  12.989  -19.006 0.0000000000
96225  18.806  12.946  -18.974 0.0000000000
96230  21.019  12.889  -19.639 0.0000000000
96231  21.026  12.658  -19.562 0.0000000000
96232  20.860  12.901  -19.336 0.0000000000
96233  20.168  12.975  -19.610 0.0000000000
96234  20.031  12.987  -19.473 0.0000000000
96235  19.991  12.966  -19.583 0.0000000000
96236  19.455  12.874  -19.416 0.0000000000
96240  21.403  12.906  -19.969 0.0000000000
96241  21.189  12.905  -19.956 0.0000000000
96242  20.957  12.918  -19.882 0.0000000000
96243  20.877  12.958  -19.890 0.0000000000
96244  20.560  12.988  -19.840 0.0000000000
96249  21.037  12.904  -20.018 0.0000000000
96991  18.283  13.243  -17.043 0.0000000000
96993  18.010  13.259  -16.978 0.0000000000
96998  18.090  13.260  -17.992 0.0000000000
96999  18.007  13.304  -18.032 0.0000000000
97002  18.022  13.041  -18.155 0.0000000000
97003  17.976  13.153  -18.315 0.0000000000
97007  18.219  12.996  -18.962 0.0000000000
97008  18.041  13.046  -18.718 0.0000000000
97009  18.012  13.135  -18.851 0.0000000000
97013  19.036  12.956  -19.129 0.0000000000
97014  18.904  12.917  -19.110 0.0000000000
97015  18.428  13.065  -18.997 0.0000000000
97016  18.024  13.156  -19.015 0.0000000000
97017  17.975  13.205  -18.997 0.0000000000
97021  20.109  13.077  -19.630 0.0000000000
97022  20.001  13.079  -19.614 0.0000000000
97023  19.571  13.077  -19.562 0.0000000000
97024  19.019  13.067  -19.233 0.0000000000
97025  18.843  13.078  -19.217 0.0000000000
97026  18.214  13.090  -19.351 0.0000000000
97027  17.970  13.171  -19.185 0.0000000000
97028  17.963  13.232  -19.102 0.0000000000
97041  21.052  12.973  -20.009 0.0000000000
97809  18.078  13.678  -17.998 0.0000000000
97810  17.849  13.682  -18.029 0.0000000000
97811  17.474  13.774  -18.116 0.0000000000
97813  17.774  13.332  -18.367 0.0000000000
97817  17.736  13.373  -18.967 0.0000000000
97822  17.799  13.429  -19.084 0.0000000000
98656  17.544  14.023  -18.122 0.0000000000
98659  17.426  14.020  -18.721 0.0000000000
99504  21.030  14.279  -14.418 0.0000000000
100414  21.497  14.400  -14.268 0.0000000000
100420  23.976  14.622  -14.801 0.0000000000
100426  21.960  14.869  -14.575 0.0000000000
100427  21.719  14.879  -14.624 0.0000000000
100436  24.029  14.702  -14.941 0.0000000000
100437  23.818  14.845  -14.991 0.0000000000
101332  22.051  14.997  -14.643 0.0000000000
101333  21.850  15.059  -14.603 0.0000000000
101342  23.933  14.894  -15.030 0.0000000000
101345  22.751  15.036  -14.872 0.0000000000
101346  22.477  15.021  -14.999 0.0000000000
101353  23.985  14.958  -15.250 0.0000000000
101359  20.552  14.997  -15.339 0.0000000000
102266  22.020  15.133  -14.724 0.0000000000
102267  21.823  15.154  -14.633 0.0000000000
102273  22.994  15.139  -14.963 0.0000000000
102274  22.574  15.386  -15.003 0.0000000000
102277  21.546  15.190  -14.935 0.0000000000
102286  23.056  15.009  -15.314 0.0000000000
102288  22.795  15.336  -15.218 0.0000000000
102289  22.310  15.255  -15.222 0.0000000000
102292  21.100  15.275  -15.212 0.0000000000
102293  20.950  15.213  -15.026 0.0000000000
102300  20.958  15.457  -15.628 0.0000000000
103191  22.134  15.604  -15.395 0.0000000000
103192  22.005  15.607  -15.369 0.0000000000
103193  21.514  15.616  -15.297 0.0000000000
104056  20.995  16.220  -15.834 0.0000000000
104862  22.001  16.629  -15.916 0.0000000000
104864  21.116  16.155  -16.005 0.0000000000
105606  22.009  16.591  -16.147 0.0000000000
105607  21.726  16.589  -16.015 0.0000000000
105613  21.794  16.808  -16.309 0.0000000000
105614  21.077  16.378  -16.205 0.0000000000
106382  21.625  17.024  -16.931 0.0000000000
