#!ascii label /Volumes/mturk1/subjects/jeeves/rois/hef_rois_20231020/surf_roi_labels/reg_rh_ant_face2.label , from subject  vox2ras=TkReg
292
72923  -14.653  5.902  -19.954 0.0000000000
72934  -14.470  5.927  -20.123 0.0000000000
73774  -14.961  5.922  -19.196 0.0000000000
73785  -14.673  6.051  -20.056 0.0000000000
73786  -14.862  5.868  -19.707 0.0000000000
73795  -14.109  5.882  -20.465 0.0000000000
73796  -14.264  6.030  -20.324 0.0000000000
73808  -13.861  5.991  -20.550 0.0000000000
73809  -14.004  5.876  -20.447 0.0000000000
74595  -14.990  6.003  -19.605 0.0000000000
74608  -14.803  6.006  -19.997 0.0000000000
74618  -14.382  5.989  -20.562 0.0000000000
74619  -14.560  6.131  -20.231 0.0000000000
74631  -13.929  6.019  -20.608 0.0000000000
74632  -14.043  6.017  -20.626 0.0000000000
74633  -14.151  6.164  -20.577 0.0000000000
74644  -13.740  6.007  -20.748 0.0000000000
75395  -14.992  6.594  -18.332 0.0000000000
75400  -15.010  6.498  -18.815 0.0000000000
75410  -14.978  6.490  -19.017 0.0000000000
75421  -14.870  6.473  -19.208 0.0000000000
75435  -14.693  6.465  -19.938 0.0000000000
75436  -14.914  6.300  -20.008 0.0000000000
75445  -14.283  6.658  -20.142 0.0000000000
75446  -14.778  6.501  -20.080 0.0000000000
75455  -13.953  6.567  -20.628 0.0000000000
75456  -14.026  6.557  -20.809 0.0000000000
75467  -13.350  6.375  -21.000 0.0000000000
76190  -14.668  6.920  -16.949 0.0000000000
76202  -14.759  6.987  -16.988 0.0000000000
76227  -14.915  6.854  -18.133 0.0000000000
76230  -14.949  6.766  -18.651 0.0000000000
76234  -14.785  6.754  -19.046 0.0000000000
76244  -14.961  6.887  -19.071 0.0000000000
76252  -14.853  6.919  -19.509 0.0000000000
76265  -14.592  6.980  -20.015 0.0000000000
76266  -14.668  6.937  -19.991 0.0000000000
76279  -14.506  7.007  -20.410 0.0000000000
76280  -14.670  6.931  -20.180 0.0000000000
76289  -14.118  6.930  -20.712 0.0000000000
77137  -14.843  7.158  -17.977 0.0000000000
77141  -14.756  7.360  -18.010 0.0000000000
77142  -14.940  7.018  -18.003 0.0000000000
77146  -14.879  6.992  -18.576 0.0000000000
77150  -14.948  6.896  -18.952 0.0000000000
77164  -14.959  6.999  -18.989 0.0000000000
77177  -14.930  7.032  -19.756 0.0000000000
77178  -14.959  7.011  -19.327 0.0000000000
77186  -14.782  6.994  -20.050 0.0000000000
77187  -14.780  7.022  -19.851 0.0000000000
77200  -14.256  7.171  -20.360 0.0000000000
77201  -14.642  7.050  -20.131 0.0000000000
77210  -14.005  7.032  -20.563 0.0000000000
77218  -12.982  7.037  -20.992 0.0000000000
78064  -14.262  7.707  -16.961 0.0000000000
78065  -14.570  7.443  -17.015 0.0000000000
78075  -14.321  7.765  -16.906 0.0000000000
78076  -14.502  7.651  -17.012 0.0000000000
78087  -14.670  7.622  -17.002 0.0000000000
78103  -14.614  7.665  -17.984 0.0000000000
78104  -14.749  7.465  -17.984 0.0000000000
78107  -14.612  7.921  -18.079 0.0000000000
78108  -14.894  7.467  -18.418 0.0000000000
78111  -14.611  7.895  -18.939 0.0000000000
78112  -14.803  7.346  -18.929 0.0000000000
78126  -14.740  7.583  -18.993 0.0000000000
78127  -14.889  7.257  -18.937 0.0000000000
78139  -14.920  7.382  -19.361 0.0000000000
78140  -14.944  7.193  -19.043 0.0000000000
78144  -14.276  7.808  -19.997 0.0000000000
78145  -14.570  7.470  -19.998 0.0000000000
78157  -14.034  7.917  -20.081 0.0000000000
78158  -14.262  7.599  -20.110 0.0000000000
78159  -14.497  7.441  -20.002 0.0000000000
78166  -13.745  7.620  -20.299 0.0000000000
78167  -13.985  7.715  -20.317 0.0000000000
78168  -14.102  7.498  -20.334 0.0000000000
78174  -12.976  7.541  -20.921 0.0000000000
79006  -14.332  7.895  -17.047 0.0000000000
79033  -14.224  7.999  -17.696 0.0000000000
79034  -14.521  8.024  -17.935 0.0000000000
79036  -14.594  8.023  -17.993 0.0000000000
79039  -14.585  7.999  -18.340 0.0000000000
79042  -14.598  8.019  -18.835 0.0000000000
79055  -14.461  8.083  -19.134 0.0000000000
79056  -14.564  7.947  -19.017 0.0000000000
79067  -14.273  8.056  -19.302 0.0000000000
79068  -14.425  7.969  -19.262 0.0000000000
79072  -14.072  7.951  -19.992 0.0000000000
79073  -14.054  8.084  -19.806 0.0000000000
79074  -14.359  7.910  -19.739 0.0000000000
79085  -14.044  7.878  -20.045 0.0000000000
79086  -14.105  7.970  -19.976 0.0000000000
79095  -13.668  8.016  -20.545 0.0000000000
79096  -13.937  7.999  -20.099 0.0000000000
79931  -14.306  8.366  -18.043 0.0000000000
79932  -14.492  8.004  -18.029 0.0000000000
79935  -14.262  8.459  -18.687 0.0000000000
79936  -14.512  8.172  -18.422 0.0000000000
79939  -14.275  8.392  -18.998 0.0000000000
79940  -14.595  8.090  -18.998 0.0000000000
79952  -13.984  8.310  -19.296 0.0000000000
79953  -14.201  8.291  -19.151 0.0000000000
79954  -14.391  8.137  -18.964 0.0000000000
79967  -14.006  8.183  -19.698 0.0000000000
79968  -14.111  8.222  -19.574 0.0000000000
79972  -13.889  8.000  -19.896 0.0000000000
79973  -13.997  8.097  -20.000 0.0000000000
79983  -13.894  8.454  -20.003 0.0000000000
79984  -13.938  8.069  -20.015 0.0000000000
79985  -14.998  8.560  -20.104 0.0000000000
79995  -13.645  8.217  -20.430 0.0000000000
79996  -13.916  8.073  -20.276 0.0000000000
79997  -15.039  8.324  -20.503 0.0000000000
80798  -13.999  8.966  -17.661 0.0000000000
80799  -14.125  8.579  -17.741 0.0000000000
80801  -14.000  8.719  -18.008 0.0000000000
80802  -14.069  8.617  -18.040 0.0000000000
80805  -13.850  8.564  -18.100 0.0000000000
80806  -14.014  8.742  -18.504 0.0000000000
80809  -13.923  8.739  -18.625 0.0000000000
80810  -13.995  8.701  -18.973 0.0000000000
80811  -16.983  8.347  -18.934 0.0000000000
80820  -13.986  8.644  -19.004 0.0000000000
80821  -14.105  8.547  -19.014 0.0000000000
80836  -13.510  8.829  -19.669 0.0000000000
80837  -13.861  8.539  -19.475 0.0000000000
80838  -15.366  8.855  -19.700 0.0000000000
80841  -13.584  8.794  -19.996 0.0000000000
80842  -13.826  8.471  -19.901 0.0000000000
80843  -15.076  8.896  -19.999 0.0000000000
80845  -15.408  8.466  -19.729 0.0000000000
80852  -13.546  8.794  -20.076 0.0000000000
80853  -13.744  8.591  -19.986 0.0000000000
80854  -15.008  8.689  -20.018 0.0000000000
80855  -15.078  8.761  -20.011 0.0000000000
80868  -14.992  8.694  -20.388 0.0000000000
81641  -13.714  8.969  -17.620 0.0000000000
81662  -13.729  8.978  -17.990 0.0000000000
81663  -13.873  8.993  -18.005 0.0000000000
81666  -13.682  8.990  -18.053 0.0000000000
81667  -13.725  8.866  -18.061 0.0000000000
81670  -13.646  8.997  -18.233 0.0000000000
81671  -13.793  8.918  -18.354 0.0000000000
81673  -13.628  8.980  -18.616 0.0000000000
81674  -13.828  8.862  -18.838 0.0000000000
81682  -13.661  8.985  -18.987 0.0000000000
81683  -13.823  8.948  -19.058 0.0000000000
81684  -16.015  8.999  -19.437 0.0000000000
81701  -13.530  8.963  -19.155 0.0000000000
81702  -13.897  8.763  -18.993 0.0000000000
81703  -15.171  9.002  -19.815 0.0000000000
81704  -15.738  8.985  -19.413 0.0000000000
81706  -16.196  9.027  -19.352 0.0000000000
81713  -13.517  8.986  -19.835 0.0000000000
81714  -14.990  8.992  -19.956 0.0000000000
81715  -15.133  8.994  -19.946 0.0000000000
81716  -13.225  8.994  -20.118 0.0000000000
81717  -13.537  9.014  -20.024 0.0000000000
81718  -14.782  9.007  -20.277 0.0000000000
81719  -14.911  9.011  -20.120 0.0000000000
81728  -14.842  8.941  -20.331 0.0000000000
82435  -13.547  9.140  -16.970 0.0000000000
82439  -13.577  9.100  -17.191 0.0000000000
82459  -13.558  9.179  -17.778 0.0000000000
82468  -13.594  9.166  -17.988 0.0000000000
82471  -13.583  9.082  -18.246 0.0000000000
82474  -13.569  9.171  -18.738 0.0000000000
82478  -13.641  9.167  -18.985 0.0000000000
82491  -13.389  9.437  -19.522 0.0000000000
82492  -13.596  9.070  -19.389 0.0000000000
82493  -15.339  9.150  -19.594 0.0000000000
82510  -13.365  9.324  -19.880 0.0000000000
82511  -13.470  9.038  -19.960 0.0000000000
82512  -14.995  9.272  -19.983 0.0000000000
82513  -15.014  9.278  -19.917 0.0000000000
82516  -13.541  9.055  -20.002 0.0000000000
82517  -14.722  9.098  -20.341 0.0000000000
82518  -14.958  9.325  -20.020 0.0000000000
83153  -13.387  9.505  -17.060 0.0000000000
83155  -15.220  9.791  -17.137 0.0000000000
83156  -15.584  9.635  -17.391 0.0000000000
83158  -13.402  9.631  -17.449 0.0000000000
83159  -15.513  10.009  -17.434 0.0000000000
83160  -15.977  9.714  -17.503 0.0000000000
83174  -13.148  9.915  -17.587 0.0000000000
83175  -13.480  9.790  -17.872 0.0000000000
83192  -13.534  9.693  -18.033 0.0000000000
83195  -13.517  9.591  -18.436 0.0000000000
83198  -13.522  9.697  -18.995 0.0000000000
83201  -13.251  9.985  -19.174 0.0000000000
83202  -13.498  9.677  -19.122 0.0000000000
83207  -13.554  9.630  -19.324 0.0000000000
83208  -15.645  9.829  -19.513 0.0000000000
83209  -15.983  9.870  -19.536 0.0000000000
83210  -16.256  9.729  -19.512 0.0000000000
83212  -16.977  9.740  -19.517 0.0000000000
83227  -14.999  9.754  -19.941 0.0000000000
83228  -15.144  9.691  -19.747 0.0000000000
83237  -14.908  9.715  -20.100 0.0000000000
83238  -14.985  9.610  -20.028 0.0000000000
83244  -14.548  9.764  -20.385 0.0000000000
83865  -15.278  9.989  -17.168 0.0000000000
83866  -15.919  9.973  -17.537 0.0000000000
83867  -15.981  9.972  -17.506 0.0000000000
83868  -16.148  9.961  -17.495 0.0000000000
83869  -13.233  10.022  -17.740 0.0000000000
83870  -13.426  9.975  -17.992 0.0000000000
83871  -16.009  10.014  -17.597 0.0000000000
83872  -16.140  10.073  -17.663 0.0000000000
83888  -13.278  10.048  -17.990 0.0000000000
83889  -13.464  9.961  -18.120 0.0000000000
83894  -13.275  10.074  -18.655 0.0000000000
83895  -13.471  10.000  -18.568 0.0000000000
83899  -13.456  10.060  -18.999 0.0000000000
83903  -13.259  9.990  -19.015 0.0000000000
83909  -15.794  9.986  -19.617 0.0000000000
83910  -16.000  10.031  -19.538 0.0000000000
83911  -16.019  9.978  -19.668 0.0000000000
83912  -16.517  10.026  -19.670 0.0000000000
83913  -16.986  9.992  -19.627 0.0000000000
83914  -17.100  10.000  -19.670 0.0000000000
83917  -18.004  9.989  -19.728 0.0000000000
83925  -14.997  10.075  -19.960 0.0000000000
83926  -15.406  10.032  -19.786 0.0000000000
83927  -15.871  10.014  -19.666 0.0000000000
83928  -16.006  10.029  -19.944 0.0000000000
83929  -16.416  10.118  -19.813 0.0000000000
83930  -16.957  10.012  -19.792 0.0000000000
83931  -17.154  10.128  -19.824 0.0000000000
83944  -14.881  9.992  -20.129 0.0000000000
83945  -14.994  9.902  -20.001 0.0000000000
83951  -14.487  9.977  -20.377 0.0000000000
84597  -13.008  10.329  -17.617 0.0000000000
84598  -13.178  10.197  -17.417 0.0000000000
84599  -15.023  10.303  -17.153 0.0000000000
84600  -15.218  10.282  -17.212 0.0000000000
84601  -15.560  10.007  -17.344 0.0000000000
84602  -12.987  10.387  -18.003 0.0000000000
84603  -13.229  10.345  -17.963 0.0000000000
84604  -15.302  10.448  -17.693 0.0000000000
84605  -15.764  10.105  -17.641 0.0000000000
84606  -16.008  10.270  -17.768 0.0000000000
84620  -12.986  10.348  -18.058 0.0000000000
84621  -13.002  10.408  -18.025 0.0000000000
84638  -13.103  10.297  -18.329 0.0000000000
84660  -15.006  10.427  -19.984 0.0000000000
84661  -15.226  10.415  -19.986 0.0000000000
84662  -15.737  10.364  -19.877 0.0000000000
84663  -16.009  10.424  -19.867 0.0000000000
84664  -16.246  10.455  -19.832 0.0000000000
84665  -16.733  10.363  -19.872 0.0000000000
84666  -17.012  10.426  -19.993 0.0000000000
84667  -17.475  10.175  -19.981 0.0000000000
84679  -14.914  10.317  -20.101 0.0000000000
84680  -14.971  10.131  -20.014 0.0000000000
84681  -17.002  10.583  -20.068 0.0000000000
84682  -17.356  10.462  -20.159 0.0000000000
84683  -18.000  10.410  -20.012 0.0000000000
85318  -15.010  10.998  -17.754 0.0000000000
85319  -15.066  10.848  -17.689 0.0000000000
85320  -15.676  10.843  -17.935 0.0000000000
85325  -15.754  10.959  -18.069 0.0000000000
85326  -15.901  10.905  -18.095 0.0000000000
85361  -14.997  10.626  -20.005 0.0000000000
85362  -15.274  10.782  -20.025 0.0000000000
85363  -15.988  10.693  -20.042 0.0000000000
85364  -15.942  10.712  -19.960 0.0000000000
85365  -16.243  10.962  -19.975 0.0000000000
85366  -16.755  10.883  -20.000 0.0000000000
85367  -17.010  10.520  -19.992 0.0000000000
85376  -14.488  10.977  -20.269 0.0000000000
85377  -14.940  10.776  -20.165 0.0000000000
85378  -15.017  10.727  -20.142 0.0000000000
85379  -15.293  10.810  -20.166 0.0000000000
85380  -15.742  10.864  -20.206 0.0000000000
85381  -15.984  10.911  -20.189 0.0000000000
85382  -16.115  10.937  -20.186 0.0000000000
85383  -16.604  10.794  -20.145 0.0000000000
85384  -16.999  10.675  -20.106 0.0000000000
86050  -14.661  10.977  -17.626 0.0000000000
86060  -15.893  11.005  -18.089 0.0000000000
86104  -14.671  10.988  -20.222 0.0000000000
86105  -14.986  10.959  -20.207 0.0000000000
86106  -15.102  10.997  -20.262 0.0000000000
86107  -15.555  10.988  -20.227 0.0000000000
86865  -14.851  11.173  -20.222 0.0000000000
86866  -14.983  11.217  -20.215 0.0000000000
87581  -14.615  11.600  -20.290 0.0000000000
87582  -14.997  11.667  -20.230 0.0000000000
87583  -15.141  11.673  -20.353 0.0000000000
87584  -15.166  11.794  -20.365 0.0000000000
