#!ascii label  , from subject  vox2ras=TkReg
144
37260  -23.015  -8.018  -7.402 0.0000000000
37272  -23.265  -8.129  -7.628 0.0000000000
37273  -23.595  -7.995  -7.750 0.0000000000
37285  -23.326  -8.117  -8.178 0.0000000000
38102  -23.422  -7.979  -7.909 0.0000000000
38108  -23.559  -7.799  -8.019 0.0000000000
38113  -23.598  -7.987  -8.204 0.0000000000
38998  -23.915  -7.149  -7.262 0.0000000000
39003  -23.549  -7.649  -7.414 0.0000000000
39017  -23.728  -7.538  -8.065 0.0000000000
39914  -23.819  -6.999  -6.895 0.0000000000
39938  -23.894  -7.013  -7.058 0.0000000000
39939  -24.016  -6.994  -7.398 0.0000000000
40874  -23.811  -6.719  -6.528 0.0000000000
40875  -24.028  -6.701  -6.950 0.0000000000
40888  -23.825  -6.933  -7.004 0.0000000000
40889  -23.949  -6.689  -6.985 0.0000000000
40899  -23.765  -6.933  -7.052 0.0000000000
40900  -24.043  -6.790  -7.141 0.0000000000
40909  -23.988  -6.851  -7.728 0.0000000000
41769  -24.075  -6.323  -5.515 0.0000000000
41779  -24.040  -6.551  -5.994 0.0000000000
41780  -24.066  -6.279  -5.934 0.0000000000
41797  -23.978  -6.439  -5.972 0.0000000000
41798  -24.035  -6.282  -6.004 0.0000000000
41811  -24.006  -6.534  -6.140 0.0000000000
41812  -24.041  -6.416  -6.478 0.0000000000
41824  -24.074  -6.351  -6.926 0.0000000000
41835  -24.080  -6.404  -7.135 0.0000000000
41843  -24.086  -6.399  -7.494 0.0000000000
42620  -24.704  -6.318  -3.992 0.0000000000
42659  -24.824  -6.001  -4.254 0.0000000000
42672  -24.104  -6.283  -5.041 0.0000000000
42673  -24.516  -6.006  -5.013 0.0000000000
42674  -24.675  -5.995  -4.693 0.0000000000
42685  -24.337  -6.001  -4.989 0.0000000000
42692  -24.037  -6.013  -5.549 0.0000000000
42693  -24.360  -6.018  -5.283 0.0000000000
42700  -24.062  -6.060  -5.978 0.0000000000
42712  -24.072  -6.144  -6.254 0.0000000000
42723  -24.074  -6.151  -6.640 0.0000000000
42735  -24.120  -6.038  -6.982 0.0000000000
42746  -24.178  -6.010  -7.011 0.0000000000
42754  -24.108  -6.113  -7.395 0.0000000000
42762  -24.034  -6.053  -7.710 0.0000000000
43492  -24.900  -5.948  -3.816 0.0000000000
43493  -25.078  -5.871  -3.607 0.0000000000
43510  -24.870  -5.882  -3.872 0.0000000000
43511  -25.058  -5.636  -3.996 0.0000000000
43530  -24.939  -5.885  -4.084 0.0000000000
43531  -25.111  -5.665  -3.990 0.0000000000
43544  -24.446  -5.942  -4.977 0.0000000000
43545  -24.667  -5.880  -4.746 0.0000000000
43555  -24.423  -5.935  -5.037 0.0000000000
43556  -24.498  -5.872  -5.000 0.0000000000
43564  -24.074  -5.975  -5.937 0.0000000000
43565  -24.179  -5.974  -5.570 0.0000000000
43574  -24.101  -5.907  -6.042 0.0000000000
43575  -24.097  -5.963  -5.953 0.0000000000
43585  -24.065  -6.016  -6.377 0.0000000000
43595  -24.019  -5.958  -6.869 0.0000000000
43613  -24.079  -5.945  -7.017 0.0000000000
43624  -24.064  -5.980  -7.327 0.0000000000
43631  -24.124  -5.999  -7.764 0.0000000000
44348  -25.009  -5.019  -2.860 0.0000000000
44398  -25.137  -5.293  -3.929 0.0000000000
44420  -25.139  -5.280  -4.052 0.0000000000
44439  -25.125  -5.630  -4.119 0.0000000000
44440  -25.135  -5.390  -4.230 0.0000000000
44458  -24.950  -5.491  -4.514 0.0000000000
44459  -25.109  -5.215  -4.591 0.0000000000
44474  -24.552  -5.599  -5.040 0.0000000000
44475  -24.703  -5.454  -4.995 0.0000000000
44481  -24.431  -5.536  -5.278 0.0000000000
44489  -24.165  -5.698  -6.001 0.0000000000
44490  -24.409  -5.559  -5.952 0.0000000000
44499  -24.117  -5.428  -5.996 0.0000000000
44500  -24.407  -5.149  -6.011 0.0000000000
44508  -24.075  -5.499  -6.567 0.0000000000
44526  -24.044  -5.458  -7.002 0.0000000000
44544  -24.225  -5.417  -6.993 0.0000000000
45280  -24.917  -4.968  -2.847 0.0000000000
45281  -25.025  -5.041  -2.930 0.0000000000
45293  -24.864  -4.959  -2.979 0.0000000000
45294  -25.045  -5.039  -3.003 0.0000000000
45328  -25.226  -5.018  -3.995 0.0000000000
45354  -25.151  -5.112  -4.182 0.0000000000
45372  -25.136  -5.127  -4.448 0.0000000000
45392  -24.927  -5.012  -4.767 0.0000000000
45393  -24.986  -5.004  -4.713 0.0000000000
45409  -24.719  -5.097  -5.026 0.0000000000
45410  -24.783  -4.960  -5.000 0.0000000000
45417  -24.567  -5.034  -5.399 0.0000000000
45418  -24.733  -5.009  -5.264 0.0000000000
45426  -24.329  -5.073  -5.957 0.0000000000
45435  -24.310  -5.090  -6.141 0.0000000000
45436  -24.418  -4.992  -6.011 0.0000000000
45444  -24.263  -5.099  -6.277 0.0000000000
45445  -24.391  -4.995  -6.267 0.0000000000
45454  -24.023  -5.084  -6.826 0.0000000000
45470  -24.038  -5.030  -7.001 0.0000000000
46213  -24.670  -4.745  -2.721 0.0000000000
46226  -24.310  -4.403  -2.998 0.0000000000
46227  -24.794  -4.808  -2.960 0.0000000000
46242  -24.992  -4.805  -2.996 0.0000000000
46261  -25.154  -4.896  -3.710 0.0000000000
46285  -25.130  -4.993  -3.967 0.0000000000
46304  -25.098  -4.985  -4.493 0.0000000000
46323  -24.904  -4.837  -4.857 0.0000000000
46324  -25.028  -4.912  -4.965 0.0000000000
46342  -24.909  -4.731  -5.007 0.0000000000
46343  -24.983  -4.709  -4.919 0.0000000000
46354  -24.471  -4.992  -5.673 0.0000000000
46355  -24.783  -4.852  -5.275 0.0000000000
46362  -24.346  -4.867  -5.987 0.0000000000
46363  -24.451  -4.982  -5.827 0.0000000000
46371  -24.395  -4.806  -6.047 0.0000000000
46379  -24.137  -5.013  -6.751 0.0000000000
46380  -24.515  -4.865  -6.485 0.0000000000
46388  -24.081  -4.940  -6.967 0.0000000000
46396  -24.057  -4.995  -7.078 0.0000000000
47166  -24.238  -4.568  -3.063 0.0000000000
47167  -24.645  -4.611  -3.027 0.0000000000
47184  -24.301  -4.119  -3.384 0.0000000000
47185  -25.006  -4.402  -3.264 0.0000000000
47186  -24.988  -4.685  -3.187 0.0000000000
47200  -25.015  -4.235  -3.623 0.0000000000
47201  -25.099  -4.443  -3.632 0.0000000000
47218  -25.177  -4.419  -3.959 0.0000000000
47219  -25.316  -4.211  -4.011 0.0000000000
47285  -24.996  -4.462  -5.150 0.0000000000
47286  -25.043  -4.471  -5.085 0.0000000000
47298  -24.987  -4.306  -5.444 0.0000000000
47299  -25.029  -4.330  -5.293 0.0000000000
47329  -24.143  -4.594  -7.031 0.0000000000
47338  -24.074  -4.581  -7.401 0.0000000000
47347  -24.077  -4.620  -7.999 0.0000000000
47362  -24.306  -4.762  -8.002 0.0000000000
48111  -24.537  -3.895  -3.693 0.0000000000
48218  -24.757  -4.023  -5.894 0.0000000000
48228  -24.589  -3.969  -6.036 0.0000000000
49092  -25.539  -3.974  -4.270 0.0000000000
49164  -24.606  -3.908  -6.156 0.0000000000
49174  -24.794  -3.900  -6.469 0.0000000000
