#!ascii label  , from subject  vox2ras=TkReg
12
107199  19.241  17.837  -18.937 0.0000000000
107958  20.279  17.906  -18.181 0.0000000000
107964  20.158  17.951  -18.310 0.0000000000
107965  19.917  17.996  -18.404 0.0000000000
107966  19.639  17.997  -18.525 0.0000000000
107971  19.289  18.016  -18.830 0.0000000000
107972  19.040  17.945  -18.833 0.0000000000
107973  18.974  17.762  -18.991 0.0000000000
107974  18.668  18.001  -19.014 0.0000000000
107981  18.659  17.793  -19.007 0.0000000000
107983  17.939  17.796  -19.007 0.0000000000
107987  17.986  17.756  -19.216 0.0000000000
