#!ascii label  , from subject  vox2ras=TkReg
607
50975  -21.352  -3.040  -5.956 0.0000000000
50989  -21.649  -2.999  -5.997 0.0000000000
50990  -21.837  -2.929  -5.843 0.0000000000
51007  -21.819  -2.971  -6.097 0.0000000000
51023  -21.890  -2.926  -6.470 0.0000000000
51891  -22.756  -2.344  -5.650 0.0000000000
51892  -22.993  -2.441  -5.455 0.0000000000
51908  -22.204  -2.625  -5.999 0.0000000000
51909  -22.671  -2.416  -5.986 0.0000000000
51920  -21.964  -2.822  -6.082 0.0000000000
51921  -22.144  -2.794  -6.021 0.0000000000
51922  -22.660  -2.493  -6.048 0.0000000000
51927  -21.989  -2.821  -6.359 0.0000000000
51928  -22.187  -2.847  -6.585 0.0000000000
51929  -22.867  -2.153  -6.623 0.0000000000
51935  -22.516  -2.336  -6.926 0.0000000000
52792  -22.961  -2.236  -5.835 0.0000000000
52793  -23.002  -2.252  -5.689 0.0000000000
52794  -23.476  -2.287  -5.474 0.0000000000
52795  -23.942  -2.308  -5.416 0.0000000000
52796  -24.016  -2.184  -5.465 0.0000000000
52802  -22.927  -2.231  -6.030 0.0000000000
52803  -23.009  -2.096  -5.958 0.0000000000
52804  -23.241  -1.997  -5.878 0.0000000000
52805  -23.890  -2.083  -5.808 0.0000000000
52806  -24.026  -2.039  -5.830 0.0000000000
52807  -24.241  -2.031  -5.856 0.0000000000
52813  -23.015  -2.207  -6.213 0.0000000000
52814  -22.937  -2.064  -6.161 0.0000000000
52821  -22.917  -2.020  -6.661 0.0000000000
52822  -22.994  -2.041  -6.547 0.0000000000
52827  -22.500  -2.366  -7.006 0.0000000000
52828  -22.740  -2.041  -6.976 0.0000000000
52834  -22.550  -2.261  -7.009 0.0000000000
52835  -22.682  -2.002  -7.029 0.0000000000
52842  -22.693  -2.056  -7.209 0.0000000000
52851  -21.972  -2.157  -7.985 0.0000000000
52932  -23.495  -2.016  -10.007 0.0000000000
53678  -23.092  -2.076  -5.981 0.0000000000
53679  -23.153  -1.992  -6.032 0.0000000000
53680  -23.509  -2.003  -5.988 0.0000000000
53681  -23.981  -1.982  -5.928 0.0000000000
53682  -24.039  -1.962  -5.949 0.0000000000
53686  -23.004  -1.998  -6.058 0.0000000000
53687  -23.269  -1.947  -6.102 0.0000000000
53688  -23.743  -1.907  -6.025 0.0000000000
53689  -23.929  -1.951  -6.041 0.0000000000
53690  -24.183  -1.951  -5.979 0.0000000000
53696  -22.886  -1.963  -6.429 0.0000000000
53697  -23.005  -1.999  -6.489 0.0000000000
53698  -23.119  -1.657  -6.246 0.0000000000
53699  -24.034  -1.904  -6.039 0.0000000000
53700  -24.295  -1.969  -6.128 0.0000000000
53705  -22.821  -1.930  -6.724 0.0000000000
53706  -22.950  -1.857  -6.857 0.0000000000
53707  -24.682  -2.012  -6.773 0.0000000000
53712  -22.792  -1.937  -7.024 0.0000000000
53713  -22.960  -1.858  -6.994 0.0000000000
53718  -22.479  -2.024  -7.655 0.0000000000
53719  -22.684  -2.015  -7.367 0.0000000000
53727  -22.357  -1.983  -7.936 0.0000000000
53796  -23.785  -1.981  -9.764 0.0000000000
53797  -23.994  -2.016  -9.531 0.0000000000
53815  -23.155  -1.994  -10.149 0.0000000000
53817  -23.521  -1.967  -9.923 0.0000000000
54592  -23.730  -1.779  -6.096 0.0000000000
54593  -23.997  -1.742  -6.178 0.0000000000
54594  -24.013  -1.804  -6.295 0.0000000000
54598  -23.037  -1.617  -6.932 0.0000000000
54599  -23.505  -1.235  -6.747 0.0000000000
54600  -23.988  -1.568  -6.507 0.0000000000
54601  -24.207  -1.543  -6.455 0.0000000000
54602  -24.627  -1.794  -6.828 0.0000000000
54607  -23.025  -1.694  -6.989 0.0000000000
54608  -23.426  -1.351  -6.998 0.0000000000
54609  -23.864  -1.396  -6.928 0.0000000000
54610  -24.003  -1.437  -6.953 0.0000000000
54611  -24.483  -1.597  -6.880 0.0000000000
54617  -22.906  -1.879  -7.080 0.0000000000
54618  -22.983  -1.496  -7.188 0.0000000000
54619  -23.086  -1.615  -7.062 0.0000000000
54620  -24.536  -1.487  -6.944 0.0000000000
54625  -22.719  -1.535  -7.642 0.0000000000
54626  -22.974  -1.502  -7.374 0.0000000000
54631  -22.373  -1.598  -8.001 0.0000000000
54632  -22.527  -1.493  -7.995 0.0000000000
54640  -22.197  -1.629  -8.313 0.0000000000
54665  -21.903  -1.609  -8.732 0.0000000000
54681  -23.990  -1.471  -9.502 0.0000000000
54697  -23.846  -1.490  -9.730 0.0000000000
54698  -23.975  -1.648  -9.642 0.0000000000
54716  -23.004  -1.707  -10.059 0.0000000000
54717  -23.244  -1.902  -10.013 0.0000000000
54738  -23.009  -1.766  -10.222 0.0000000000
55492  -23.645  -1.209  -7.014 0.0000000000
55493  -23.945  -1.264  -7.016 0.0000000000
55494  -23.988  -1.234  -7.000 0.0000000000
55495  -24.090  -1.237  -7.010 0.0000000000
55499  -22.993  -1.274  -7.356 0.0000000000
55500  -23.203  -1.240  -7.283 0.0000000000
55501  -23.932  -1.133  -7.133 0.0000000000
55502  -23.974  -1.126  -7.080 0.0000000000
55503  -24.181  -1.141  -7.035 0.0000000000
55504  -24.464  -1.359  -6.976 0.0000000000
55508  -22.819  -1.110  -7.904 0.0000000000
55509  -22.923  -1.199  -7.686 0.0000000000
55510  -23.008  -1.126  -7.622 0.0000000000
55511  -24.596  -0.990  -7.654 0.0000000000
55516  -22.549  -1.374  -8.010 0.0000000000
55517  -22.701  -1.193  -8.039 0.0000000000
55518  -22.930  -1.017  -7.909 0.0000000000
55519  -24.653  -0.995  -7.985 0.0000000000
55520  -24.809  -1.209  -7.981 0.0000000000
55524  -22.438  -1.250  -8.143 0.0000000000
55525  -22.724  -0.994  -8.072 0.0000000000
55526  -24.738  -1.239  -8.137 0.0000000000
55533  -24.469  -1.001  -8.802 0.0000000000
55555  -24.136  -1.075  -9.502 0.0000000000
55569  -23.842  -1.009  -9.714 0.0000000000
55570  -23.986  -1.086  -9.631 0.0000000000
55587  -23.217  -1.537  -10.129 0.0000000000
55588  -23.420  -1.329  -10.057 0.0000000000
55589  -23.696  -1.069  -9.911 0.0000000000
56415  -23.240  -1.003  -7.535 0.0000000000
56416  -23.476  -0.981  -7.077 0.0000000000
56417  -23.997  -0.925  -7.242 0.0000000000
56418  -24.004  -0.993  -7.241 0.0000000000
56422  -23.012  -1.024  -7.765 0.0000000000
56423  -23.180  -0.990  -7.653 0.0000000000
56424  -23.713  -0.851  -7.430 0.0000000000
56425  -24.016  -0.801  -7.485 0.0000000000
56426  -24.283  -0.863  -7.476 0.0000000000
56430  -22.801  -0.999  -7.993 0.0000000000
56431  -22.933  -0.971  -7.911 0.0000000000
56432  -23.366  -0.807  -7.805 0.0000000000
56433  -23.829  -0.660  -7.847 0.0000000000
56434  -24.219  -0.793  -7.757 0.0000000000
56435  -24.583  -0.812  -7.991 0.0000000000
56436  -24.634  -0.995  -8.002 0.0000000000
56441  -22.355  -1.035  -8.366 0.0000000000
56442  -22.760  -0.956  -8.027 0.0000000000
56443  -23.005  -0.855  -7.990 0.0000000000
56444  -24.483  -0.895  -8.132 0.0000000000
56445  -24.543  -1.010  -8.051 0.0000000000
56451  -22.120  -0.990  -8.638 0.0000000000
56452  -22.474  -0.948  -8.366 0.0000000000
56453  -24.555  -0.995  -8.474 0.0000000000
56454  -24.714  -0.866  -8.277 0.0000000000
56469  -24.110  -1.005  -9.476 0.0000000000
56479  -23.867  -0.999  -9.761 0.0000000000
56480  -23.992  -1.007  -9.708 0.0000000000
56496  -23.605  -1.011  -10.021 0.0000000000
56497  -23.831  -0.960  -9.987 0.0000000000
56498  -23.893  -1.017  -9.949 0.0000000000
56518  -23.634  -0.931  -10.068 0.0000000000
57369  -23.990  -0.557  -7.709 0.0000000000
57370  -24.022  -0.706  -7.777 0.0000000000
57374  -23.074  -0.753  -8.005 0.0000000000
57375  -23.665  -0.693  -8.002 0.0000000000
57376  -24.009  -0.614  -8.020 0.0000000000
57377  -24.356  -0.402  -8.019 0.0000000000
57378  -24.348  -0.877  -7.992 0.0000000000
57382  -22.917  -0.723  -8.206 0.0000000000
57383  -22.998  -0.487  -8.231 0.0000000000
57384  -23.308  -0.538  -8.004 0.0000000000
57385  -23.961  -0.476  -8.010 0.0000000000
57386  -23.994  -0.434  -8.315 0.0000000000
57387  -24.432  -0.574  -8.180 0.0000000000
57393  -22.088  -0.537  -8.826 0.0000000000
57394  -22.919  -0.281  -8.531 0.0000000000
57395  -23.008  -0.444  -8.394 0.0000000000
57396  -24.064  -0.250  -8.991 0.0000000000
57397  -24.299  -0.522  -8.785 0.0000000000
57404  -24.128  -0.388  -9.132 0.0000000000
57405  -24.275  -0.669  -9.020 0.0000000000
57413  -24.118  -0.604  -9.431 0.0000000000
57414  -24.334  -0.596  -9.172 0.0000000000
57429  -23.885  -0.476  -10.002 0.0000000000
57430  -23.900  -0.867  -10.032 0.0000000000
57446  -23.710  -0.458  -10.244 0.0000000000
58329  -22.991  -0.214  -8.439 0.0000000000
58330  -23.009  -0.263  -8.312 0.0000000000
58331  -23.473  -0.193  -8.222 0.0000000000
58332  -23.987  -0.299  -8.328 0.0000000000
58336  -22.157  -0.277  -8.972 0.0000000000
58337  -22.502  -0.052  -8.902 0.0000000000
58338  -23.020  -0.132  -8.631 0.0000000000
58339  -23.035  -0.005  -8.617 0.0000000000
58340  -23.870  -0.003  -8.636 0.0000000000
58341  -24.006  -0.116  -8.823 0.0000000000
58346  -22.178  -0.443  -8.991 0.0000000000
58347  -22.361  -0.209  -9.003 0.0000000000
58348  -22.706  -0.019  -8.934 0.0000000000
58349  -22.956  -0.000  -8.902 0.0000000000
58350  -23.998  0.000  -8.947 0.0000000000
58351  -24.009  -0.014  -9.009 0.0000000000
58356  -22.053  -0.251  -9.120 0.0000000000
58357  -22.237  -0.088  -9.308 0.0000000000
58358  -24.095  -0.097  -9.231 0.0000000000
58364  -21.970  -0.000  -9.461 0.0000000000
58365  -22.098  -0.025  -9.872 0.0000000000
58366  -23.925  0.020  -9.950 0.0000000000
58367  -23.996  -0.027  -9.669 0.0000000000
58374  -21.993  -0.026  -9.991 0.0000000000
58375  -22.008  0.004  -10.003 0.0000000000
58376  -23.792  0.017  -9.995 0.0000000000
58377  -23.947  -0.181  -10.005 0.0000000000
58387  -23.802  -0.039  -10.120 0.0000000000
58405  -23.752  -0.002  -10.691 0.0000000000
58420  -23.731  0.009  -11.007 0.0000000000
58439  -23.599  0.045  -11.326 0.0000000000
58487  -21.013  -0.084  -12.582 0.0000000000
58520  -20.391  -0.161  -13.221 0.0000000000
59248  -23.040  0.014  -8.797 0.0000000000
59249  -23.335  0.171  -8.780 0.0000000000
59250  -23.723  0.137  -8.903 0.0000000000
59254  -22.247  0.008  -9.020 0.0000000000
59255  -22.784  0.006  -9.011 0.0000000000
59256  -23.030  0.162  -8.965 0.0000000000
59257  -23.429  0.216  -8.898 0.0000000000
59258  -23.914  0.034  -8.987 0.0000000000
59259  -23.852  -0.009  -9.018 0.0000000000
59263  -22.463  0.012  -9.271 0.0000000000
59264  -22.923  0.248  -9.162 0.0000000000
59265  -22.999  0.371  -9.128 0.0000000000
59266  -23.677  0.161  -8.990 0.0000000000
59267  -24.037  0.082  -9.262 0.0000000000
59268  -23.875  -0.007  -9.338 0.0000000000
59273  -22.122  0.102  -9.921 0.0000000000
59274  -22.373  0.303  -9.365 0.0000000000
59275  -23.912  0.072  -9.698 0.0000000000
59276  -23.795  0.013  -9.550 0.0000000000
59283  -21.971  0.107  -10.018 0.0000000000
59284  -22.009  0.141  -10.016 0.0000000000
59285  -23.747  0.083  -10.022 0.0000000000
59292  -21.830  0.384  -10.007 0.0000000000
59293  -23.733  0.148  -10.440 0.0000000000
59306  -23.739  0.119  -10.927 0.0000000000
59321  -23.588  0.064  -10.992 0.0000000000
59335  -23.726  0.251  -11.578 0.0000000000
59418  -20.831  -0.140  -13.124 0.0000000000
59437  -20.054  0.265  -13.839 0.0000000000
59438  -20.209  0.344  -13.884 0.0000000000
60151  -23.064  0.350  -8.992 0.0000000000
60152  -23.311  0.410  -8.945 0.0000000000
60156  -22.987  0.445  -9.309 0.0000000000
60157  -22.985  0.654  -9.248 0.0000000000
60158  -23.471  0.486  -9.088 0.0000000000
60159  -23.831  0.144  -9.627 0.0000000000
60163  -22.302  0.547  -9.990 0.0000000000
60164  -22.942  0.710  -9.685 0.0000000000
60165  -23.015  0.821  -9.739 0.0000000000
60166  -23.222  0.867  -9.845 0.0000000000
60167  -23.756  0.288  -10.000 0.0000000000
60172  -22.007  0.247  -9.987 0.0000000000
60173  -22.361  0.514  -10.047 0.0000000000
60174  -22.720  0.810  -9.913 0.0000000000
60175  -23.555  0.722  -9.986 0.0000000000
60176  -23.737  0.508  -10.103 0.0000000000
60183  -22.010  0.547  -10.300 0.0000000000
60184  -22.068  0.405  -10.041 0.0000000000
60185  -23.789  0.443  -10.761 0.0000000000
60195  -21.913  0.822  -10.973 0.0000000000
60196  -23.765  0.540  -10.982 0.0000000000
60210  -22.016  0.774  -10.991 0.0000000000
60211  -23.742  0.641  -11.172 0.0000000000
60225  -22.008  0.790  -11.262 0.0000000000
60226  -23.959  0.648  -11.455 0.0000000000
60227  -24.078  0.805  -11.638 0.0000000000
60301  -21.056  0.141  -12.989 0.0000000000
60329  -21.560  0.681  -13.443 0.0000000000
60336  -19.028  0.806  -14.013 0.0000000000
60337  -19.391  0.731  -13.959 0.0000000000
60338  -19.882  0.564  -14.016 0.0000000000
60339  -20.013  0.522  -13.994 0.0000000000
60340  -20.436  0.409  -14.034 0.0000000000
60342  -21.064  0.782  -13.964 0.0000000000
60348  -19.628  0.627  -14.142 0.0000000000
60349  -20.013  0.449  -14.182 0.0000000000
61065  -22.996  0.918  -9.893 0.0000000000
61066  -23.071  0.992  -9.951 0.0000000000
61067  -23.210  0.971  -9.926 0.0000000000
61071  -22.712  0.941  -10.011 0.0000000000
61072  -22.952  0.907  -9.999 0.0000000000
61073  -23.038  1.017  -10.005 0.0000000000
61074  -23.301  0.994  -10.001 0.0000000000
61075  -23.651  0.844  -10.010 0.0000000000
61081  -22.022  0.777  -10.737 0.0000000000
61082  -22.422  1.004  -10.051 0.0000000000
61083  -22.788  1.009  -10.010 0.0000000000
61084  -23.360  1.001  -10.087 0.0000000000
61085  -23.637  0.978  -10.323 0.0000000000
61091  -22.022  0.948  -10.981 0.0000000000
61093  -23.755  0.988  -10.933 0.0000000000
61103  -22.021  0.770  -10.972 0.0000000000
61105  -23.870  0.989  -11.031 0.0000000000
61106  -24.065  0.985  -11.202 0.0000000000
61118  -22.021  0.775  -11.199 0.0000000000
61120  -23.928  0.926  -11.277 0.0000000000
61121  -23.999  0.987  -11.462 0.0000000000
61198  -21.766  0.890  -12.890 0.0000000000
61199  -21.933  0.991  -12.759 0.0000000000
61207  -17.880  0.930  -13.037 0.0000000000
61209  -21.817  0.866  -13.012 0.0000000000
61210  -21.945  0.994  -13.037 0.0000000000
61220  -18.739  0.926  -13.877 0.0000000000
61221  -21.366  0.801  -13.761 0.0000000000
61222  -21.678  1.000  -13.476 0.0000000000
61223  -21.971  1.008  -13.280 0.0000000000
61231  -18.598  1.002  -13.812 0.0000000000
61232  -18.831  0.962  -14.016 0.0000000000
61233  -19.002  0.906  -14.036 0.0000000000
61234  -19.290  0.857  -14.082 0.0000000000
61235  -20.716  0.933  -13.985 0.0000000000
61236  -20.995  0.889  -14.038 0.0000000000
61237  -21.185  0.904  -13.994 0.0000000000
61238  -21.360  0.983  -13.846 0.0000000000
61245  -19.039  0.980  -14.089 0.0000000000
61249  -20.673  0.902  -14.144 0.0000000000
61250  -20.981  0.962  -14.152 0.0000000000
61251  -21.116  0.953  -14.152 0.0000000000
61957  -22.980  0.959  -10.121 0.0000000000
61958  -22.992  1.025  -10.028 0.0000000000
61959  -23.077  1.046  -10.105 0.0000000000
61963  -22.251  1.231  -10.505 0.0000000000
61964  -22.792  1.193  -10.183 0.0000000000
61965  -22.993  1.031  -10.216 0.0000000000
61966  -23.263  1.225  -10.227 0.0000000000
61967  -23.591  1.007  -10.474 0.0000000000
61974  -22.586  1.414  -10.792 0.0000000000
61975  -22.970  1.585  -10.600 0.0000000000
61976  -23.285  1.310  -10.819 0.0000000000
61977  -23.810  1.301  -10.739 0.0000000000
61988  -22.372  1.268  -10.960 0.0000000000
61989  -23.993  1.091  -11.008 0.0000000000
61990  -23.998  1.044  -11.108 0.0000000000
62004  -24.060  1.090  -11.161 0.0000000000
62005  -24.112  1.128  -11.402 0.0000000000
62018  -24.119  1.097  -11.798 0.0000000000
62076  -17.936  1.134  -12.930 0.0000000000
62077  -22.034  1.024  -12.795 0.0000000000
62078  -22.022  1.156  -12.844 0.0000000000
62089  -17.582  1.283  -13.010 0.0000000000
62090  -17.775  1.004  -13.030 0.0000000000
62092  -21.997  1.099  -13.022 0.0000000000
62093  -22.248  1.279  -12.986 0.0000000000
62103  -18.301  1.077  -13.580 0.0000000000
62104  -21.711  1.089  -13.626 0.0000000000
62105  -22.057  1.210  -13.626 0.0000000000
62113  -18.154  1.315  -13.714 0.0000000000
62114  -18.448  1.127  -14.023 0.0000000000
62116  -21.253  1.007  -14.016 0.0000000000
62117  -21.631  1.314  -13.958 0.0000000000
62118  -21.988  1.625  -14.011 0.0000000000
62127  -19.074  1.049  -14.218 0.0000000000
62130  -20.206  1.020  -14.111 0.0000000000
62131  -20.774  0.997  -14.203 0.0000000000
62132  -20.979  1.118  -14.222 0.0000000000
62133  -21.168  1.025  -14.152 0.0000000000
62134  -21.511  1.322  -14.125 0.0000000000
62141  -19.008  1.317  -14.251 0.0000000000
62142  -19.339  1.123  -14.299 0.0000000000
62143  -19.973  1.228  -14.417 0.0000000000
62144  -20.011  1.133  -14.367 0.0000000000
62145  -20.441  1.043  -14.259 0.0000000000
62146  -20.943  1.203  -14.298 0.0000000000
62875  -22.587  1.392  -10.995 0.0000000000
62876  -22.815  1.572  -10.998 0.0000000000
62877  -23.037  1.690  -10.913 0.0000000000
62878  -23.374  1.613  -10.919 0.0000000000
62884  -22.608  1.311  -11.036 0.0000000000
62885  -22.990  1.596  -11.030 0.0000000000
62886  -23.086  1.758  -11.044 0.0000000000
62887  -23.672  1.486  -11.009 0.0000000000
62900  -22.725  1.709  -11.466 0.0000000000
62901  -22.974  1.868  -11.407 0.0000000000
62902  -23.660  1.765  -11.061 0.0000000000
62903  -23.994  1.690  -11.213 0.0000000000
62904  -23.999  1.475  -11.404 0.0000000000
62916  -22.235  1.324  -11.957 0.0000000000
62917  -22.607  1.714  -11.960 0.0000000000
62918  -24.178  1.521  -11.735 0.0000000000
62919  -24.506  1.570  -11.927 0.0000000000
62930  -22.316  1.374  -12.030 0.0000000000
62931  -22.637  1.724  -11.992 0.0000000000
62933  -24.224  1.411  -12.040 0.0000000000
62949  -22.182  1.478  -12.321 0.0000000000
62950  -22.821  1.946  -12.566 0.0000000000
62973  -22.431  1.617  -12.988 0.0000000000
62974  -22.695  1.893  -12.936 0.0000000000
62989  -22.050  1.457  -13.314 0.0000000000
62990  -22.537  1.663  -13.093 0.0000000000
62991  -22.768  1.914  -12.984 0.0000000000
63003  -18.011  1.531  -13.681 0.0000000000
63004  -21.997  1.681  -13.883 0.0000000000
63005  -22.266  1.696  -13.732 0.0000000000
63013  -17.940  1.797  -13.937 0.0000000000
63014  -18.091  1.708  -14.003 0.0000000000
63016  -21.959  1.735  -14.067 0.0000000000
63017  -22.028  1.887  -13.989 0.0000000000
63018  -22.016  1.831  -13.961 0.0000000000
63026  -18.378  1.561  -14.110 0.0000000000
63027  -18.874  1.581  -14.313 0.0000000000
63028  -19.002  1.493  -14.346 0.0000000000
63029  -21.004  1.368  -14.322 0.0000000000
63030  -21.156  1.629  -14.320 0.0000000000
63031  -21.938  1.759  -14.113 0.0000000000
63032  -21.995  1.916  -14.049 0.0000000000
63039  -18.984  1.819  -14.635 0.0000000000
63040  -19.084  1.835  -14.652 0.0000000000
63041  -19.632  1.687  -14.857 0.0000000000
63042  -19.946  1.476  -14.685 0.0000000000
63043  -20.078  1.454  -14.632 0.0000000000
63044  -20.805  1.505  -14.729 0.0000000000
63045  -20.996  1.618  -14.562 0.0000000000
63046  -21.121  1.726  -14.584 0.0000000000
63053  -19.812  1.917  -14.970 0.0000000000
63054  -19.947  1.869  -14.966 0.0000000000
63055  -20.012  1.836  -14.963 0.0000000000
63056  -20.369  1.928  -14.959 0.0000000000
63057  -20.994  1.898  -14.889 0.0000000000
63817  -22.966  1.778  -11.356 0.0000000000
63818  -23.062  1.671  -11.318 0.0000000000
63826  -22.879  1.953  -11.822 0.0000000000
63827  -23.006  1.862  -11.597 0.0000000000
63828  -23.095  1.979  -11.473 0.0000000000
63829  -23.821  2.002  -11.717 0.0000000000
63841  -22.869  1.978  -11.998 0.0000000000
63842  -22.992  2.020  -11.882 0.0000000000
63843  -23.326  2.189  -11.816 0.0000000000
63845  -24.008  1.939  -12.001 0.0000000000
63857  -22.921  1.917  -12.119 0.0000000000
63858  -22.889  1.998  -12.176 0.0000000000
63870  -22.926  1.971  -12.568 0.0000000000
63871  -22.975  2.044  -12.495 0.0000000000
63892  -22.958  2.012  -12.934 0.0000000000
63893  -23.013  2.095  -12.792 0.0000000000
63912  -22.763  1.949  -13.098 0.0000000000
63913  -22.877  2.028  -13.007 0.0000000000
63929  -17.759  1.961  -13.948 0.0000000000
63930  -22.338  2.002  -13.565 0.0000000000
63931  -22.570  1.998  -13.417 0.0000000000
63938  -17.391  1.998  -14.002 0.0000000000
63941  -22.086  2.030  -13.992 0.0000000000
63942  -22.073  1.991  -13.951 0.0000000000
63950  -17.981  1.933  -14.144 0.0000000000
63951  -18.536  1.985  -14.215 0.0000000000
63952  -18.977  1.980  -14.625 0.0000000000
63953  -21.518  1.968  -14.413 0.0000000000
63954  -21.806  1.969  -14.129 0.0000000000
63955  -21.987  2.004  -14.047 0.0000000000
63962  -18.687  2.005  -14.556 0.0000000000
63963  -18.933  1.985  -14.746 0.0000000000
63964  -19.259  2.002  -14.846 0.0000000000
63965  -19.689  1.977  -14.966 0.0000000000
63966  -21.053  1.933  -14.769 0.0000000000
63967  -21.084  2.022  -14.824 0.0000000000
63968  -21.429  1.985  -14.489 0.0000000000
63975  -19.011  2.112  -14.914 0.0000000000
63976  -19.209  2.098  -14.932 0.0000000000
63977  -19.670  2.025  -14.898 0.0000000000
63978  -19.969  1.954  -14.951 0.0000000000
63979  -20.259  2.000  -14.953 0.0000000000
63980  -20.693  2.013  -14.923 0.0000000000
63981  -21.016  2.022  -14.890 0.0000000000
63982  -21.001  2.071  -14.834 0.0000000000
64747  -23.063  2.123  -12.003 0.0000000000
64761  -23.057  2.015  -12.035 0.0000000000
64762  -23.365  2.110  -11.995 0.0000000000
64775  -23.077  2.177  -12.438 0.0000000000
64818  -23.006  2.133  -13.016 0.0000000000
64837  -17.385  2.183  -13.758 0.0000000000
64838  -22.476  2.060  -13.511 0.0000000000
64840  -23.123  2.340  -13.135 0.0000000000
64856  -22.022  2.048  -13.973 0.0000000000
64857  -22.131  2.215  -13.991 0.0000000000
64867  -18.048  2.110  -14.179 0.0000000000
64869  -21.965  2.042  -14.104 0.0000000000
64870  -22.026  2.186  -14.100 0.0000000000
64871  -22.115  2.233  -14.102 0.0000000000
64879  -18.979  1.999  -14.915 0.0000000000
64880  -21.175  2.218  -14.885 0.0000000000
64881  -21.664  2.243  -14.514 0.0000000000
64882  -21.993  2.382  -14.256 0.0000000000
64891  -18.895  2.323  -14.922 0.0000000000
64892  -19.080  2.327  -14.979 0.0000000000
64893  -19.534  2.172  -14.984 0.0000000000
64894  -19.995  2.085  -14.960 0.0000000000
64895  -20.015  2.005  -14.956 0.0000000000
64896  -20.457  2.126  -14.961 0.0000000000
64897  -20.976  2.133  -14.975 0.0000000000
64898  -21.091  2.145  -14.953 0.0000000000
64905  -19.016  2.400  -15.011 0.0000000000
64906  -19.207  2.209  -15.122 0.0000000000
64907  -19.819  2.262  -15.074 0.0000000000
64908  -19.997  2.199  -15.097 0.0000000000
64909  -20.275  2.296  -15.129 0.0000000000
64910  -20.749  2.268  -15.128 0.0000000000
65575  -20.069  2.527  -7.604 0.0000000000
65709  -23.019  2.600  -13.528 0.0000000000
65747  -22.047  2.345  -14.448 0.0000000000
66445  -20.847  2.985  -7.020 0.0000000000
66456  -20.922  3.006  -7.003 0.0000000000
66457  -21.015  3.050  -7.031 0.0000000000
66499  -20.003  3.016  -8.145 0.0000000000
67259  -23.969  3.274  -5.063 0.0000000000
67268  -23.610  3.259  -5.819 0.0000000000
67284  -23.353  3.734  -6.006 0.0000000000
67333  -20.823  3.433  -7.760 0.0000000000
67334  -20.982  3.469  -7.608 0.0000000000
67340  -20.210  3.100  -8.007 0.0000000000
67341  -20.572  3.372  -7.901 0.0000000000
67342  -20.894  3.623  -7.940 0.0000000000
67348  -20.046  3.111  -8.194 0.0000000000
67349  -20.195  3.098  -8.037 0.0000000000
67350  -20.468  3.344  -7.995 0.0000000000
67359  -20.000  3.300  -8.560 0.0000000000
67360  -20.005  3.345  -8.490 0.0000000000
67376  -19.989  3.595  -8.881 0.0000000000
68148  -23.962  3.453  -5.016 0.0000000000
68164  -23.264  3.849  -6.036 0.0000000000
68165  -23.595  3.982  -5.848 0.0000000000
68182  -22.930  3.654  -6.218 0.0000000000
68183  -23.046  3.850  -6.296 0.0000000000
68184  -23.245  3.934  -6.170 0.0000000000
68199  -22.723  3.977  -6.729 0.0000000000
68200  -22.975  3.998  -6.566 0.0000000000
68212  -21.988  3.791  -6.994 0.0000000000
68232  -21.009  3.597  -7.724 0.0000000000
68233  -21.187  3.632  -7.978 0.0000000000
68234  -21.689  3.828  -7.833 0.0000000000
68240  -20.759  3.658  -8.020 0.0000000000
68241  -20.959  3.806  -7.990 0.0000000000
68242  -21.188  3.924  -7.993 0.0000000000
68243  -21.321  3.916  -7.992 0.0000000000
68248  -20.038  3.340  -8.369 0.0000000000
68249  -20.534  3.498  -8.223 0.0000000000
68250  -20.931  3.903  -8.111 0.0000000000
68256  -20.002  3.670  -8.874 0.0000000000
68257  -20.036  3.708  -8.835 0.0000000000
68258  -20.326  4.003  -8.746 0.0000000000
68269  -19.970  3.795  -9.004 0.0000000000
68270  -20.006  3.787  -8.921 0.0000000000
69026  -23.814  3.977  -5.757 0.0000000000
69037  -23.510  4.047  -5.999 0.0000000000
69038  -23.660  4.028  -5.999 0.0000000000
69050  -22.921  4.055  -6.783 0.0000000000
69052  -23.016  4.079  -6.234 0.0000000000
69069  -22.714  4.020  -6.986 0.0000000000
69070  -22.983  4.204  -6.793 0.0000000000
69089  -22.674  4.162  -7.014 0.0000000000
69097  -21.819  3.991  -7.721 0.0000000000
69103  -21.004  4.001  -7.962 0.0000000000
69104  -21.072  4.035  -7.996 0.0000000000
69105  -21.658  3.946  -7.866 0.0000000000
69112  -20.861  4.018  -8.240 0.0000000000
69113  -21.009  4.000  -8.268 0.0000000000
69114  -21.107  4.016  -8.316 0.0000000000
69115  -21.543  4.010  -7.957 0.0000000000
69120  -20.172  3.978  -8.981 0.0000000000
69121  -20.612  4.035  -8.804 0.0000000000
69122  -20.912  4.063  -8.776 0.0000000000
69123  -20.997  4.075  -8.641 0.0000000000
69128  -20.020  3.860  -9.084 0.0000000000
69129  -20.047  3.918  -9.013 0.0000000000
69130  -20.594  4.051  -8.971 0.0000000000
69131  -21.009  4.048  -9.010 0.0000000000
69144  -20.033  3.992  -9.307 0.0000000000
69145  -20.409  4.034  -8.994 0.0000000000
69928  -23.177  4.208  -6.396 0.0000000000
69941  -22.982  4.188  -7.009 0.0000000000
69963  -22.472  4.113  -7.240 0.0000000000
69964  -22.851  4.398  -7.023 0.0000000000
69983  -22.150  4.377  -7.768 0.0000000000
69984  -22.727  4.516  -7.282 0.0000000000
69991  -22.102  4.514  -7.969 0.0000000000
69997  -21.442  4.066  -8.135 0.0000000000
69998  -21.838  4.370  -8.017 0.0000000000
70003  -21.049  4.239  -8.875 0.0000000000
70004  -21.106  4.209  -8.761 0.0000000000
70005  -21.819  4.459  -8.280 0.0000000000
70015  -20.204  4.092  -9.305 0.0000000000
70016  -20.897  4.448  -9.072 0.0000000000
70813  -23.057  4.635  -7.063 0.0000000000
70814  -23.177  4.795  -7.106 0.0000000000
70827  -22.996  4.720  -7.244 0.0000000000
70828  -23.025  4.758  -7.228 0.0000000000
70829  -23.114  4.866  -7.240 0.0000000000
70849  -22.375  4.922  -7.988 0.0000000000
70850  -22.751  4.978  -7.659 0.0000000000
70851  -22.998  4.864  -7.507 0.0000000000
70869  -22.285  4.803  -8.049 0.0000000000
70878  -22.214  4.821  -8.142 0.0000000000
70884  -21.757  4.901  -8.886 0.0000000000
70890  -20.992  4.891  -8.949 0.0000000000
70893  -21.911  4.880  -8.856 0.0000000000
70899  -21.120  4.824  -9.137 0.0000000000
71672  -23.513  4.994  -6.674 0.0000000000
71693  -23.046  4.928  -7.397 0.0000000000
71708  -22.745  5.073  -7.826 0.0000000000
71709  -22.921  5.065  -7.744 0.0000000000
71731  -22.707  5.007  -8.069 0.0000000000
71767  -21.442  5.098  -9.279 0.0000000000
71773  -21.054  5.085  -9.728 0.0000000000
72638  -22.841  5.226  -8.000 0.0000000000
72657  -22.459  5.140  -8.171 0.0000000000
72669  -21.998  5.171  -8.994 0.0000000000
