#!ascii label  , from subject  vox2ras=TkReg
89
57679  -20.669  -0.232  -16.736 0.0000000000
58622  -20.091  -0.042  -16.935 0.0000000000
58623  -20.372  0.000  -16.808 0.0000000000
58632  -20.088  0.002  -17.003 0.0000000000
59519  -20.248  0.034  -16.905 0.0000000000
59520  -20.566  0.089  -16.802 0.0000000000
59521  -20.903  0.094  -16.768 0.0000000000
59531  -19.984  0.126  -17.004 0.0000000000
59532  -20.287  0.154  -16.940 0.0000000000
59533  -20.707  0.221  -16.935 0.0000000000
59534  -21.005  0.293  -17.000 0.0000000000
60424  -19.772  0.516  -17.182 0.0000000000
60425  -20.079  0.236  -17.043 0.0000000000
60426  -20.562  0.239  -17.065 0.0000000000
60427  -20.983  0.505  -17.050 0.0000000000
60434  -20.007  0.674  -17.520 0.0000000000
60435  -20.019  0.725  -17.352 0.0000000000
60436  -20.360  0.578  -17.425 0.0000000000
61313  -19.429  0.772  -17.159 0.0000000000
61314  -20.985  0.998  -17.243 0.0000000000
61315  -21.039  0.746  -17.308 0.0000000000
61321  -19.622  0.831  -17.375 0.0000000000
61322  -19.999  0.984  -17.639 0.0000000000
61323  -20.129  0.961  -17.424 0.0000000000
61324  -20.751  0.983  -17.466 0.0000000000
61325  -20.985  0.991  -17.365 0.0000000000
62210  -19.556  1.021  -17.397 0.0000000000
62211  -19.990  1.029  -17.307 0.0000000000
62212  -20.041  0.979  -17.413 0.0000000000
62213  -20.483  1.171  -17.471 0.0000000000
62214  -20.993  1.108  -17.356 0.0000000000
62222  -19.469  1.215  -17.531 0.0000000000
62223  -19.980  1.111  -17.546 0.0000000000
62224  -20.036  1.202  -17.596 0.0000000000
62225  -20.057  1.112  -17.423 0.0000000000
63114  -18.982  1.383  -17.368 0.0000000000
63115  -20.599  1.544  -17.600 0.0000000000
63116  -20.991  1.456  -17.435 0.0000000000
63117  -21.001  1.565  -17.583 0.0000000000
63118  -21.509  1.740  -17.670 0.0000000000
63127  -18.969  1.620  -17.628 0.0000000000
63130  -19.863  1.610  -18.000 0.0000000000
63131  -19.975  1.632  -17.894 0.0000000000
63132  -20.299  1.514  -17.781 0.0000000000
63133  -20.772  1.828  -17.783 0.0000000000
63134  -20.968  1.786  -17.759 0.0000000000
63135  -21.112  1.928  -17.740 0.0000000000
63145  -19.526  1.864  -18.025 0.0000000000
63146  -19.834  1.804  -18.099 0.0000000000
63147  -19.972  1.810  -18.074 0.0000000000
64060  -18.968  1.923  -17.834 0.0000000000
64062  -19.237  1.996  -17.933 0.0000000000
64063  -20.042  1.850  -17.982 0.0000000000
64064  -20.459  1.964  -17.963 0.0000000000
64065  -20.849  1.999  -17.926 0.0000000000
64066  -21.001  2.006  -17.830 0.0000000000
64067  -21.401  1.990  -17.710 0.0000000000
64080  -19.478  1.989  -18.058 0.0000000000
64081  -19.848  1.931  -18.094 0.0000000000
64082  -20.135  1.901  -18.070 0.0000000000
64083  -20.555  2.009  -18.037 0.0000000000
64084  -20.953  2.006  -18.060 0.0000000000
64990  -20.961  2.099  -17.857 0.0000000000
64991  -21.091  2.174  -17.778 0.0000000000
65007  -19.624  1.996  -18.047 0.0000000000
65008  -20.014  2.009  -18.114 0.0000000000
65009  -20.180  2.153  -18.163 0.0000000000
65010  -20.734  2.102  -18.088 0.0000000000
65011  -21.008  2.120  -18.041 0.0000000000
65012  -21.091  2.265  -17.959 0.0000000000
65024  -20.015  2.223  -18.247 0.0000000000
65025  -20.003  2.457  -18.326 0.0000000000
65026  -19.998  2.577  -18.320 0.0000000000
65879  -19.406  2.491  -18.225 0.0000000000
65880  -19.889  2.215  -18.241 0.0000000000
65881  -20.603  2.503  -18.230 0.0000000000
65882  -20.995  2.368  -18.088 0.0000000000
65884  -21.464  2.677  -18.075 0.0000000000
65898  -19.826  2.847  -18.507 0.0000000000
65899  -19.993  2.844  -18.526 0.0000000000
66755  -20.985  2.974  -18.087 0.0000000000
66756  -21.163  2.909  -18.221 0.0000000000
66759  -22.039  3.006  -18.045 0.0000000000
66774  -19.732  2.993  -18.551 0.0000000000
66779  -21.112  2.982  -18.363 0.0000000000
66794  -19.560  2.992  -18.777 0.0000000000
67646  -20.040  2.985  -18.702 0.0000000000
67647  -20.573  3.196  -18.365 0.0000000000
67681  -18.983  3.522  -19.043 0.0000000000
