#!ascii label /Volumes/mturk1/subjects/jeeves/rois/hef_rois_20231020/surf_roi_labels/reg_lh_ant_face1.label , from subject  vox2ras=TkReg
224
74669  25.667  4.003  -18.460 0.0000000000
75585  25.314  4.005  -18.451 0.0000000000
76503  26.411  4.587  -18.431 0.0000000000
76505  26.017  4.370  -18.415 0.0000000000
76506  25.551  4.453  -18.462 0.0000000000
76508  25.011  4.352  -18.448 0.0000000000
76514  24.759  4.384  -18.676 0.0000000000
76515  24.377  4.364  -18.942 0.0000000000
76516  24.024  4.326  -18.962 0.0000000000
76522  24.020  4.356  -19.103 0.0000000000
76531  23.058  4.418  -19.485 0.0000000000
76540  23.114  4.610  -19.776 0.0000000000
77382  26.644  4.997  -18.254 0.0000000000
77383  26.032  4.929  -18.483 0.0000000000
77385  25.766  4.994  -18.425 0.0000000000
77386  25.187  4.912  -18.463 0.0000000000
77387  24.963  4.902  -18.468 0.0000000000
77395  24.927  4.881  -18.544 0.0000000000
77396  24.434  4.774  -18.803 0.0000000000
77397  24.066  4.779  -19.020 0.0000000000
77415  23.037  4.839  -19.583 0.0000000000
78252  26.681  5.007  -18.118 0.0000000000
78257  26.153  5.045  -18.485 0.0000000000
78258  26.005  5.021  -18.492 0.0000000000
78260  25.282  5.022  -18.468 0.0000000000
78261  25.014  5.016  -18.450 0.0000000000
78262  24.983  5.035  -18.526 0.0000000000
78270  24.587  5.013  -18.797 0.0000000000
78271  24.095  5.010  -18.964 0.0000000000
78280  23.885  4.993  -19.109 0.0000000000
78287  23.027  5.033  -19.560 0.0000000000
78288  22.986  5.098  -19.631 0.0000000000
79099  27.088  5.412  -17.969 0.0000000000
79107  26.501  5.504  -18.336 0.0000000000
79112  24.987  5.446  -18.478 0.0000000000
79119  24.832  5.542  -18.553 0.0000000000
79122  23.848  5.534  -18.923 0.0000000000
79960  27.008  5.895  -17.972 0.0000000000
79961  26.932  5.792  -17.859 0.0000000000
79965  26.889  5.991  -18.075 0.0000000000
79968  26.306  5.981  -18.473 0.0000000000
79969  26.025  5.892  -18.501 0.0000000000
79971  25.721  5.935  -18.471 0.0000000000
79972  25.128  5.945  -18.347 0.0000000000
79985  23.948  5.767  -19.034 0.0000000000
80828  27.004  6.032  -17.920 0.0000000000
80829  26.886  6.088  -17.938 0.0000000000
80831  26.859  6.072  -18.028 0.0000000000
80832  26.631  5.995  -18.162 0.0000000000
80835  26.150  6.030  -18.460 0.0000000000
80836  26.059  6.012  -18.489 0.0000000000
80837  25.926  6.050  -18.511 0.0000000000
80842  24.001  6.095  -18.646 0.0000000000
81676  27.065  6.330  -17.999 0.0000000000
81677  26.937  6.432  -17.869 0.0000000000
81680  26.983  6.436  -18.051 0.0000000000
81681  26.822  6.571  -18.002 0.0000000000
81683  26.437  6.500  -18.364 0.0000000000
81684  25.990  6.483  -18.515 0.0000000000
81685  25.973  6.523  -18.422 0.0000000000
81691  24.017  6.778  -18.456 0.0000000000
81694  23.988  6.370  -18.660 0.0000000000
82565  27.210  6.826  -17.990 0.0000000000
82566  27.015  6.819  -17.911 0.0000000000
82567  26.906  6.787  -17.921 0.0000000000
82570  26.861  6.916  -18.023 0.0000000000
82571  26.571  6.988  -18.135 0.0000000000
82572  26.134  7.005  -18.318 0.0000000000
82575  26.100  6.943  -18.440 0.0000000000
82576  26.013  7.000  -18.394 0.0000000000
82577  25.850  6.978  -18.452 0.0000000000
83520  27.329  7.021  -17.882 0.0000000000
83521  27.152  6.991  -17.789 0.0000000000
83522  26.971  7.002  -17.869 0.0000000000
83524  26.871  7.060  -17.960 0.0000000000
83525  26.801  7.082  -18.035 0.0000000000
83526  26.309  7.185  -18.162 0.0000000000
83528  26.017  7.175  -18.379 0.0000000000
83529  25.982  7.013  -18.527 0.0000000000
83530  25.588  7.026  -18.591 0.0000000000
84483  27.069  7.495  -17.982 0.0000000000
84484  26.868  7.622  -17.809 0.0000000000
84487  26.910  7.345  -17.904 0.0000000000
84488  26.808  7.535  -17.962 0.0000000000
84489  26.504  7.622  -18.031 0.0000000000
84492  26.188  7.696  -18.377 0.0000000000
84493  26.016  7.637  -18.417 0.0000000000
84494  25.928  7.417  -18.530 0.0000000000
84495  25.256  7.469  -18.412 0.0000000000
85396  27.185  8.026  -17.651 0.0000000000
85397  27.018  7.937  -17.853 0.0000000000
85398  26.621  7.985  -17.873 0.0000000000
85401  26.554  7.973  -18.035 0.0000000000
85402  26.349  8.020  -18.114 0.0000000000
85405  26.029  8.000  -18.399 0.0000000000
85406  25.989  7.987  -18.483 0.0000000000
85407  25.522  7.891  -18.512 0.0000000000
85408  25.059  7.919  -18.540 0.0000000000
85409  25.001  7.951  -18.675 0.0000000000
86272  27.011  8.056  -17.718 0.0000000000
86273  26.849  8.024  -17.858 0.0000000000
86274  26.717  8.037  -18.020 0.0000000000
86277  26.385  8.119  -18.086 0.0000000000
86278  26.120  8.197  -18.267 0.0000000000
86281  26.018  8.099  -18.448 0.0000000000
86282  25.736  8.256  -18.586 0.0000000000
86283  25.584  8.012  -18.618 0.0000000000
86285  25.643  8.478  -18.814 0.0000000000
86286  25.271  8.251  -18.815 0.0000000000
86297  24.926  8.278  -19.133 0.0000000000
87137  26.754  8.481  -18.004 0.0000000000
87140  26.531  8.556  -18.013 0.0000000000
87141  26.289  8.582  -18.162 0.0000000000
87144  26.102  8.646  -18.466 0.0000000000
87145  25.989  8.611  -18.501 0.0000000000
87148  25.891  8.856  -18.578 0.0000000000
87149  25.328  8.894  -18.883 0.0000000000
87934  26.558  9.000  -17.817 0.0000000000
87935  26.351  8.934  -17.852 0.0000000000
87936  26.413  9.009  -18.009 0.0000000000
87939  26.367  8.976  -17.991 0.0000000000
87940  26.337  8.960  -18.203 0.0000000000
87943  26.020  8.989  -18.266 0.0000000000
87944  26.065  9.016  -18.602 0.0000000000
87947  25.737  9.011  -18.785 0.0000000000
87948  25.317  8.981  -19.015 0.0000000000
87951  25.221  9.000  -19.092 0.0000000000
88684  26.352  9.014  -17.959 0.0000000000
88687  26.137  9.242  -18.241 0.0000000000
88688  25.962  9.375  -18.276 0.0000000000
88690  25.965  9.009  -18.392 0.0000000000
88691  25.885  9.221  -18.539 0.0000000000
88694  25.531  9.163  -18.983 0.0000000000
88695  25.347  9.307  -19.066 0.0000000000
88700  24.960  9.251  -19.183 0.0000000000
89436  26.214  9.560  -18.009 0.0000000000
89440  25.768  9.754  -18.411 0.0000000000
89444  25.690  9.517  -18.777 0.0000000000
89449  25.239  9.721  -19.044 0.0000000000
86264  27.076  8.065  -17.445 0.0000000000
86265  27.051  8.277  -17.295 0.0000000000
87136  26.896  8.481  -17.485 0.0000000000
87125  26.638  8.602  -17.034 0.0000000000
87922  26.740  8.894  -17.244 0.0000000000
87126  26.447  8.910  -17.030 0.0000000000
87923  26.395  9.066  -17.361 0.0000000000
87908  26.227  9.003  -17.017 0.0000000000
87909  26.087  9.026  -16.957 0.0000000000
87924  26.158  9.256  -17.051 0.0000000000
88671  26.220  9.389  -17.496 0.0000000000
88670  26.392  9.139  -17.746 0.0000000000
88655  26.051  9.195  -16.999 0.0000000000
88685  26.211  9.249  -17.952 0.0000000000
88656  25.986  9.133  -17.063 0.0000000000
88672  26.001  9.428  -17.155 0.0000000000
87114  26.106  8.961  -16.936 0.0000000000
87896  26.000  8.971  -16.834 0.0000000000
87897  25.874  9.036  -16.920 0.0000000000
87910  25.970  9.032  -16.962 0.0000000000
87113  26.587  8.591  -17.045 0.0000000000
87099  26.028  8.676  -16.597 0.0000000000
87100  25.966  8.816  -16.701 0.0000000000
86254  26.895  8.270  -17.093 0.0000000000
87112  26.669  8.440  -17.091 0.0000000000
86255  26.940  8.285  -17.001 0.0000000000
86242  26.571  8.335  -16.709 0.0000000000
87098  26.270  8.788  -16.878 0.0000000000
87091  25.991  8.386  -16.478 0.0000000000
87092  25.677  8.455  -16.348 0.0000000000
87101  25.434  8.950  -16.626 0.0000000000
86243  26.046  8.308  -16.293 0.0000000000
86231  26.005  8.173  -16.287 0.0000000000
87090  26.005  8.348  -16.383 0.0000000000
86232  25.923  8.033  -16.348 0.0000000000
86233  25.305  8.001  -16.309 0.0000000000
87093  25.006  8.490  -16.332 0.0000000000
86253  27.038  7.972  -17.066 0.0000000000
85388  27.249  7.999  -17.305 0.0000000000
86241  26.975  8.132  -16.972 0.0000000000
85377  27.003  7.992  -17.037 0.0000000000
85376  27.066  8.021  -17.014 0.0000000000
86230  26.207  8.032  -16.167 0.0000000000
85366  26.945  8.022  -16.851 0.0000000000
85353  26.611  7.943  -16.429 0.0000000000
85365  26.998  7.989  -16.891 0.0000000000
85356  25.684  7.963  -16.267 0.0000000000
85357  25.069  7.897  -16.351 0.0000000000
86234  25.037  8.012  -16.347 0.0000000000
85355  25.985  7.969  -16.186 0.0000000000
85354  26.092  7.970  -16.255 0.0000000000
84482  27.240  7.460  -17.550 0.0000000000
84476  27.191  7.459  -17.050 0.0000000000
84466  27.210  7.698  -16.994 0.0000000000
85364  27.085  7.938  -16.954 0.0000000000
85352  26.936  7.856  -16.631 0.0000000000
84456  27.012  7.781  -16.609 0.0000000000
84455  27.048  7.612  -16.577 0.0000000000
85348  25.820  7.867  -16.019 0.0000000000
84438  25.312  7.624  -15.989 0.0000000000
84446  25.147  7.750  -16.376 0.0000000000
85347  25.915  7.867  -16.106 0.0000000000
85346  26.008  7.806  -16.049 0.0000000000
85345  26.129  7.901  -16.126 0.0000000000
84445  26.560  7.699  -16.168 0.0000000000
84444  26.947  7.626  -16.240 0.0000000000
84437  25.810  7.474  -16.002 0.0000000000
84436  25.974  7.475  -15.997 0.0000000000
84435  26.356  7.652  -15.980 0.0000000000
83517  27.171  6.996  -17.272 0.0000000000
83506  27.373  7.044  -17.019 0.0000000000
83498  27.251  7.262  -16.662 0.0000000000
83488  27.127  7.217  -16.237 0.0000000000
84443  27.010  7.358  -16.269 0.0000000000
84439  25.111  7.299  -16.264 0.0000000000
84447  25.009  7.492  -16.294 0.0000000000
83489  27.042  7.230  -16.008 0.0000000000
83478  26.933  7.257  -15.984 0.0000000000
84434  26.778  7.397  -15.995 0.0000000000
83483  25.258  7.050  -16.187 0.0000000000
83490  24.995  7.009  -16.247 0.0000000000
83482  25.668  7.056  -16.029 0.0000000000
83481  25.841  7.159  -15.927 0.0000000000
83480  26.031  7.261  -15.982 0.0000000000
83479  26.537  7.290  -15.927 0.0000000000
