#!ascii label  , from subject  vox2ras=TkReg
1637
39963  -23.414  -6.992  -8.402 0.0000000000
44524  -18.979  -5.364  -6.954 0.0000000000
44540  -18.199  -5.489  -7.032 0.0000000000
44541  -18.679  -5.486  -7.014 0.0000000000
44542  -18.955  -5.418  -7.099 0.0000000000
44543  -19.001  -5.539  -7.032 0.0000000000
44551  -17.859  -5.380  -7.767 0.0000000000
44553  -18.527  -5.444  -7.469 0.0000000000
44554  -19.004  -5.507  -7.298 0.0000000000
44555  -19.084  -5.314  -7.410 0.0000000000
44564  -18.261  -5.186  -7.995 0.0000000000
44565  -18.918  -5.302  -7.855 0.0000000000
44566  -19.003  -5.337  -7.694 0.0000000000
44576  -23.969  -5.385  -8.018 0.0000000000
45434  -19.441  -4.990  -6.061 0.0000000000
45442  -19.269  -5.070  -6.489 0.0000000000
45451  -19.288  -4.953  -6.961 0.0000000000
45452  -19.484  -5.001  -7.063 0.0000000000
45453  -19.621  -5.000  -7.016 0.0000000000
45467  -19.140  -5.012  -7.108 0.0000000000
45468  -19.762  -5.111  -6.996 0.0000000000
45469  -19.867  -4.987  -7.012 0.0000000000
45482  -17.680  -5.032  -7.910 0.0000000000
45483  -19.226  -5.226  -7.320 0.0000000000
45484  -19.464  -5.076  -7.533 0.0000000000
45485  -19.835  -4.977  -7.662 0.0000000000
45492  -17.383  -4.993  -7.913 0.0000000000
45493  -17.789  -5.152  -8.007 0.0000000000
45494  -17.963  -5.105  -8.057 0.0000000000
45495  -18.207  -5.043  -8.016 0.0000000000
45496  -18.642  -5.120  -8.046 0.0000000000
45497  -19.019  -5.431  -7.984 0.0000000000
45498  -19.307  -5.034  -7.983 0.0000000000
45499  -19.666  -4.885  -7.932 0.0000000000
45500  -24.107  -5.069  -7.902 0.0000000000
45507  -17.528  -5.043  -8.092 0.0000000000
45508  -17.836  -5.053  -8.133 0.0000000000
45509  -18.019  -5.049  -8.244 0.0000000000
45510  -18.483  -5.088  -8.241 0.0000000000
45511  -18.878  -5.084  -8.182 0.0000000000
45512  -19.159  -5.076  -8.157 0.0000000000
45513  -19.379  -5.023  -8.086 0.0000000000
45522  -18.330  -5.042  -8.479 0.0000000000
45523  -18.805  -5.039  -8.422 0.0000000000
45524  -19.027  -5.047  -8.388 0.0000000000
45528  -23.725  -4.999  -8.487 0.0000000000
46361  -19.497  -4.742  -6.013 0.0000000000
46369  -19.900  -4.679  -6.001 0.0000000000
46370  -19.956  -4.255  -6.171 0.0000000000
46377  -19.610  -4.773  -6.911 0.0000000000
46378  -19.834  -4.432  -6.777 0.0000000000
46385  -19.630  -4.996  -6.945 0.0000000000
46386  -19.984  -4.723  -6.968 0.0000000000
46387  -20.065  -4.721  -7.013 0.0000000000
46394  -19.965  -4.803  -7.180 0.0000000000
46395  -20.014  -4.740  -7.187 0.0000000000
46407  -17.277  -4.790  -7.716 0.0000000000
46408  -19.926  -4.805  -7.884 0.0000000000
46409  -19.993  -4.769  -7.734 0.0000000000
46419  -17.089  -4.641  -7.851 0.0000000000
46420  -17.301  -4.782  -7.940 0.0000000000
46421  -19.570  -4.919  -8.054 0.0000000000
46422  -19.816  -4.784  -7.984 0.0000000000
46423  -20.047  -4.700  -7.975 0.0000000000
46424  -24.065  -4.994  -8.015 0.0000000000
46430  -17.022  -4.572  -7.993 0.0000000000
46431  -17.198  -4.729  -8.019 0.0000000000
46432  -17.701  -4.979  -8.244 0.0000000000
46433  -18.008  -4.981  -8.218 0.0000000000
46434  -19.122  -5.002  -8.249 0.0000000000
46435  -19.444  -4.971  -8.155 0.0000000000
46436  -19.963  -4.797  -8.054 0.0000000000
46437  -20.005  -4.664  -8.021 0.0000000000
46439  -24.039  -4.888  -8.173 0.0000000000
46446  -17.496  -4.823  -8.183 0.0000000000
46447  -17.936  -4.675  -8.532 0.0000000000
46448  -18.053  -4.773  -8.503 0.0000000000
46449  -18.342  -4.977  -8.522 0.0000000000
46450  -18.980  -4.925  -8.614 0.0000000000
46451  -19.004  -4.888  -8.495 0.0000000000
46452  -19.491  -4.929  -8.582 0.0000000000
46453  -19.986  -4.464  -8.510 0.0000000000
46463  -18.048  -4.710  -8.727 0.0000000000
46464  -18.473  -4.683  -8.872 0.0000000000
46465  -18.990  -4.701  -8.902 0.0000000000
46466  -19.082  -4.606  -8.938 0.0000000000
46467  -19.368  -4.386  -9.093 0.0000000000
47260  -19.933  -4.342  -4.871 0.0000000000
47296  -19.696  -4.178  -5.880 0.0000000000
47304  -19.723  -4.433  -5.987 0.0000000000
47305  -19.929  -4.085  -5.877 0.0000000000
47312  -19.720  -4.491  -6.036 0.0000000000
47313  -19.952  -4.179  -6.050 0.0000000000
47314  -20.028  -4.230  -6.067 0.0000000000
47319  -19.996  -4.521  -6.690 0.0000000000
47320  -20.126  -4.386  -6.499 0.0000000000
47326  -20.019  -4.594  -6.997 0.0000000000
47327  -20.217  -4.484  -6.986 0.0000000000
47328  -20.518  -4.219  -6.984 0.0000000000
47336  -20.223  -4.636  -7.159 0.0000000000
47337  -20.568  -4.185  -7.017 0.0000000000
47344  -17.018  -4.502  -7.802 0.0000000000
47345  -20.123  -4.694  -7.853 0.0000000000
47346  -20.525  -4.264  -7.569 0.0000000000
47359  -16.998  -4.249  -7.993 0.0000000000
47360  -20.194  -4.495  -8.009 0.0000000000
47361  -20.520  -4.256  -8.004 0.0000000000
47362  -24.306  -4.762  -8.002 0.0000000000
47374  -17.026  -4.288  -8.087 0.0000000000
47375  -17.153  -4.158  -8.239 0.0000000000
47376  -19.996  -4.527  -8.348 0.0000000000
47377  -20.279  -4.313  -8.271 0.0000000000
47378  -20.501  -4.200  -8.002 0.0000000000
47387  -17.763  -4.161  -8.839 0.0000000000
47388  -17.916  -4.343  -8.864 0.0000000000
47389  -17.998  -4.467  -8.779 0.0000000000
47390  -19.865  -4.177  -8.931 0.0000000000
47391  -19.997  -4.097  -8.872 0.0000000000
47392  -20.100  -4.289  -8.606 0.0000000000
47400  -17.946  -4.134  -8.995 0.0000000000
47401  -18.018  -4.251  -8.994 0.0000000000
47402  -18.459  -4.416  -9.051 0.0000000000
47403  -18.935  -4.484  -9.053 0.0000000000
47404  -19.198  -4.273  -9.059 0.0000000000
47405  -19.488  -4.101  -8.920 0.0000000000
47406  -19.839  -4.036  -8.927 0.0000000000
47415  -18.504  -4.233  -9.203 0.0000000000
47416  -18.717  -4.299  -9.261 0.0000000000
47417  -19.023  -4.315  -9.272 0.0000000000
48208  -20.030  -4.028  -5.364 0.0000000000
48215  -20.006  -4.018  -5.527 0.0000000000
48216  -20.057  -3.995  -6.012 0.0000000000
48225  -19.999  -4.092  -5.991 0.0000000000
48226  -20.143  -4.036  -6.065 0.0000000000
48227  -20.305  -4.005  -6.110 0.0000000000
48235  -20.223  -4.087  -6.154 0.0000000000
48236  -20.239  -3.962  -6.589 0.0000000000
48237  -20.800  -4.003  -6.988 0.0000000000
48243  -20.303  -4.074  -6.881 0.0000000000
48244  -20.616  -4.081  -6.968 0.0000000000
48245  -20.856  -3.924  -6.984 0.0000000000
48251  -20.774  -4.056  -7.106 0.0000000000
48252  -20.835  -3.949  -7.096 0.0000000000
48257  -20.804  -3.979  -7.280 0.0000000000
48258  -20.958  -3.977  -7.595 0.0000000000
48264  -20.754  -4.012  -7.900 0.0000000000
48265  -20.734  -3.966  -7.997 0.0000000000
48274  -16.951  -4.038  -8.186 0.0000000000
48275  -17.061  -4.010  -8.303 0.0000000000
48276  -20.441  -3.983  -8.308 0.0000000000
48277  -20.628  -4.139  -8.213 0.0000000000
48278  -20.871  -3.975  -7.970 0.0000000000
48289  -17.067  -3.997  -8.370 0.0000000000
48290  -17.458  -4.014  -8.732 0.0000000000
48291  -17.829  -3.984  -8.994 0.0000000000
48292  -20.014  -4.104  -8.839 0.0000000000
48293  -20.239  -4.054  -8.572 0.0000000000
48294  -20.506  -4.005  -8.352 0.0000000000
48308  -17.775  -3.955  -8.936 0.0000000000
48309  -17.989  -4.048  -8.982 0.0000000000
48310  -18.180  -4.013  -9.034 0.0000000000
48311  -18.411  -4.168  -9.122 0.0000000000
48312  -19.287  -4.011  -8.986 0.0000000000
48313  -19.634  -3.999  -9.002 0.0000000000
48314  -19.930  -4.001  -8.873 0.0000000000
48315  -20.047  -3.981  -8.751 0.0000000000
48325  -18.028  -3.992  -9.129 0.0000000000
48326  -18.466  -4.110  -9.233 0.0000000000
48327  -18.987  -4.115  -9.351 0.0000000000
48328  -19.233  -4.090  -9.184 0.0000000000
48329  -19.483  -4.007  -9.013 0.0000000000
49146  -20.132  -3.940  -5.825 0.0000000000
49147  -20.605  -3.575  -5.294 0.0000000000
49153  -20.133  -3.995  -5.991 0.0000000000
49154  -20.552  -3.651  -6.032 0.0000000000
49155  -20.990  -3.462  -5.980 0.0000000000
49161  -20.284  -3.988  -6.142 0.0000000000
49162  -20.505  -3.886  -6.263 0.0000000000
49163  -20.833  -3.612  -6.156 0.0000000000
49170  -20.513  -3.881  -6.614 0.0000000000
49171  -20.885  -3.832  -6.620 0.0000000000
49172  -21.015  -3.749  -6.824 0.0000000000
49179  -20.985  -3.770  -6.994 0.0000000000
49180  -21.013  -3.807  -6.961 0.0000000000
49187  -20.937  -3.826  -7.189 0.0000000000
49188  -21.149  -3.669  -7.080 0.0000000000
49189  -21.637  -3.339  -7.068 0.0000000000
49195  -20.971  -3.784  -7.892 0.0000000000
49196  -20.924  -3.710  -7.930 0.0000000000
49197  -21.187  -3.641  -7.637 0.0000000000
49203  -20.997  -3.765  -7.989 0.0000000000
49204  -21.011  -3.670  -8.033 0.0000000000
49210  -20.782  -3.993  -8.094 0.0000000000
49211  -20.946  -3.825  -8.070 0.0000000000
49212  -21.159  -3.607  -8.144 0.0000000000
49217  -16.908  -3.666  -8.479 0.0000000000
49218  -17.006  -3.617  -8.647 0.0000000000
49219  -17.204  -3.786  -8.678 0.0000000000
49220  -20.228  -3.993  -8.746 0.0000000000
49221  -20.532  -3.857  -8.503 0.0000000000
49222  -20.991  -3.463  -8.354 0.0000000000
49233  -17.029  -3.527  -8.943 0.0000000000
49234  -17.420  -3.663  -8.925 0.0000000000
49235  -17.905  -3.873  -8.987 0.0000000000
49236  -18.031  -3.919  -9.016 0.0000000000
49237  -19.645  -3.891  -9.011 0.0000000000
49238  -19.865  -3.913  -8.980 0.0000000000
49239  -20.094  -3.911  -8.907 0.0000000000
49240  -20.443  -3.346  -8.971 0.0000000000
49253  -17.987  -3.807  -9.114 0.0000000000
49254  -18.060  -3.848  -9.173 0.0000000000
49255  -18.236  -3.987  -9.232 0.0000000000
49256  -18.808  -3.973  -9.345 0.0000000000
49257  -19.010  -3.921  -9.346 0.0000000000
49258  -19.525  -3.833  -9.180 0.0000000000
49259  -19.949  -3.599  -9.037 0.0000000000
49273  -18.624  -3.744  -9.584 0.0000000000
49274  -19.005  -3.490  -9.677 0.0000000000
49275  -19.027  -3.354  -9.597 0.0000000000
50040  -20.902  -3.347  -5.205 0.0000000000
50041  -20.975  -3.414  -5.238 0.0000000000
50042  -21.024  -3.414  -5.573 0.0000000000
50048  -20.933  -3.311  -5.608 0.0000000000
50049  -20.968  -3.393  -5.864 0.0000000000
50050  -21.007  -3.219  -5.960 0.0000000000
50058  -20.990  -3.399  -5.987 0.0000000000
50059  -21.092  -3.325  -6.007 0.0000000000
50060  -21.274  -3.240  -6.037 0.0000000000
50070  -21.011  -3.462  -6.110 0.0000000000
50071  -21.005  -3.499  -6.377 0.0000000000
50072  -21.363  -3.266  -6.571 0.0000000000
50087  -21.147  -3.619  -6.990 0.0000000000
50088  -21.663  -3.261  -6.965 0.0000000000
50089  -21.861  -3.128  -6.989 0.0000000000
50104  -21.343  -3.501  -6.957 0.0000000000
50105  -21.837  -3.277  -7.011 0.0000000000
50106  -22.013  -3.084  -7.016 0.0000000000
50119  -16.431  -3.297  -7.837 0.0000000000
50120  -21.278  -3.481  -7.915 0.0000000000
50121  -21.729  -3.120  -7.605 0.0000000000
50122  -21.990  -3.086  -7.224 0.0000000000
50134  -21.335  -3.480  -8.015 0.0000000000
50135  -21.623  -3.149  -7.928 0.0000000000
50147  -21.033  -3.536  -8.499 0.0000000000
50148  -21.325  -3.186  -8.343 0.0000000000
50149  -21.588  -3.211  -7.993 0.0000000000
50158  -16.830  -3.029  -8.698 0.0000000000
50159  -17.033  -3.105  -8.872 0.0000000000
50160  -20.907  -3.136  -8.816 0.0000000000
50161  -21.027  -3.034  -8.817 0.0000000000
50162  -21.248  -3.178  -8.896 0.0000000000
50167  -17.111  -3.076  -8.955 0.0000000000
50168  -17.556  -3.282  -9.108 0.0000000000
50169  -17.890  -3.642  -9.171 0.0000000000
50170  -20.007  -3.481  -9.004 0.0000000000
50171  -20.277  -3.236  -9.011 0.0000000000
50172  -20.681  -3.061  -8.991 0.0000000000
50173  -20.919  -3.009  -8.889 0.0000000000
50182  -17.589  -3.194  -9.319 0.0000000000
50183  -17.982  -3.451  -9.550 0.0000000000
50184  -18.011  -3.342  -9.481 0.0000000000
50185  -18.138  -3.423  -9.436 0.0000000000
50186  -19.221  -3.418  -9.474 0.0000000000
50187  -19.681  -3.239  -9.338 0.0000000000
50188  -20.004  -3.251  -9.268 0.0000000000
50189  -20.120  -3.242  -9.143 0.0000000000
50207  -18.562  -3.144  -9.694 0.0000000000
50208  -19.015  -3.070  -9.759 0.0000000000
50209  -19.029  -3.063  -9.676 0.0000000000
50210  -19.304  -3.011  -9.677 0.0000000000
50988  -21.377  -3.050  -6.013 0.0000000000
51005  -21.496  -3.074  -6.020 0.0000000000
51006  -21.661  -3.027  -6.162 0.0000000000
51022  -21.798  -2.995  -6.632 0.0000000000
51023  -21.890  -2.926  -6.470 0.0000000000
51024  -21.987  -2.965  -6.643 0.0000000000
51039  -21.978  -3.011  -6.880 0.0000000000
51040  -21.972  -3.059  -6.915 0.0000000000
51041  -22.077  -2.998  -6.882 0.0000000000
51052  -22.019  -3.028  -6.981 0.0000000000
51053  -22.107  -3.004  -7.114 0.0000000000
51064  -21.848  -2.998  -7.673 0.0000000000
51065  -21.936  -3.029  -7.475 0.0000000000
51066  -22.013  -2.993  -7.525 0.0000000000
51075  -21.814  -2.991  -7.894 0.0000000000
51076  -21.929  -2.917  -7.941 0.0000000000
51085  -21.558  -3.073  -8.516 0.0000000000
51086  -21.804  -2.989  -8.276 0.0000000000
51087  -21.945  -2.875  -8.068 0.0000000000
51098  -16.829  -2.959  -8.813 0.0000000000
51100  -21.079  -2.992  -8.798 0.0000000000
51101  -21.367  -3.007  -8.749 0.0000000000
51102  -21.581  -2.989  -8.651 0.0000000000
51114  -20.320  -3.034  -9.012 0.0000000000
51115  -20.566  -3.003  -8.946 0.0000000000
51116  -21.043  -2.919  -8.930 0.0000000000
51117  -21.029  -2.823  -8.974 0.0000000000
51127  -17.646  -3.043  -9.511 0.0000000000
51128  -19.735  -2.987  -9.346 0.0000000000
51129  -19.983  -3.009  -9.325 0.0000000000
51130  -20.173  -3.010  -9.210 0.0000000000
51140  -17.584  -2.958  -9.514 0.0000000000
51143  -18.217  -3.004  -9.670 0.0000000000
51144  -18.880  -2.987  -9.679 0.0000000000
51145  -18.992  -2.989  -9.682 0.0000000000
51146  -19.321  -2.992  -9.585 0.0000000000
51908  -22.204  -2.625  -5.999 0.0000000000
51921  -22.144  -2.794  -6.021 0.0000000000
51927  -21.989  -2.821  -6.359 0.0000000000
51928  -22.187  -2.847  -6.585 0.0000000000
51934  -22.278  -2.742  -7.010 0.0000000000
51935  -22.516  -2.336  -6.926 0.0000000000
51941  -22.169  -2.643  -7.150 0.0000000000
51949  -22.025  -2.896  -7.865 0.0000000000
51950  -22.010  -2.661  -7.869 0.0000000000
51959  -21.988  -2.612  -8.026 0.0000000000
51960  -22.007  -2.601  -7.991 0.0000000000
51968  -21.805  -2.798  -8.230 0.0000000000
51969  -21.992  -2.561  -8.073 0.0000000000
51976  -16.898  -2.849  -8.979 0.0000000000
51977  -21.190  -2.855  -8.857 0.0000000000
51978  -21.861  -2.513  -8.838 0.0000000000
51979  -21.995  -2.773  -8.255 0.0000000000
51986  -16.947  -2.790  -9.018 0.0000000000
51987  -17.026  -2.941  -9.003 0.0000000000
51988  -20.509  -2.974  -8.995 0.0000000000
51989  -20.818  -2.801  -8.965 0.0000000000
51990  -21.004  -2.579  -8.993 0.0000000000
51991  -21.131  -2.453  -8.997 0.0000000000
51992  -21.314  -2.533  -8.996 0.0000000000
52001  -16.996  -2.714  -9.143 0.0000000000
52002  -17.032  -2.748  -9.204 0.0000000000
52003  -17.251  -2.917  -9.313 0.0000000000
52004  -19.899  -2.949  -9.239 0.0000000000
52005  -20.015  -2.618  -9.355 0.0000000000
52006  -20.158  -2.671  -9.279 0.0000000000
52007  -20.831  -2.662  -9.035 0.0000000000
52008  -20.943  -2.601  -9.021 0.0000000000
52018  -17.477  -2.597  -9.643 0.0000000000
52021  -18.887  -2.870  -9.657 0.0000000000
52022  -18.985  -2.824  -9.714 0.0000000000
52023  -19.018  -2.723  -9.846 0.0000000000
52024  -19.577  -2.618  -9.535 0.0000000000
52025  -19.967  -2.651  -9.323 0.0000000000
52045  -18.946  -2.522  -9.871 0.0000000000
52046  -18.966  -2.557  -9.849 0.0000000000
52827  -22.500  -2.366  -7.006 0.0000000000
52828  -22.740  -2.041  -6.976 0.0000000000
52834  -22.550  -2.261  -7.009 0.0000000000
52835  -22.682  -2.002  -7.029 0.0000000000
52841  -22.362  -2.289  -7.580 0.0000000000
52842  -22.693  -2.056  -7.209 0.0000000000
52851  -21.972  -2.157  -7.985 0.0000000000
52852  -22.044  -2.330  -7.988 0.0000000000
52862  -22.056  -2.272  -8.160 0.0000000000
52863  -22.252  -2.137  -8.092 0.0000000000
52873  -21.704  -1.999  -8.850 0.0000000000
52874  -22.006  -2.239  -8.353 0.0000000000
52882  -21.003  -2.217  -8.926 0.0000000000
52883  -21.161  -2.274  -9.079 0.0000000000
52884  -21.382  -2.157  -8.991 0.0000000000
52892  -19.989  -2.308  -9.516 0.0000000000
52893  -20.130  -2.226  -9.494 0.0000000000
52894  -20.575  -2.133  -9.346 0.0000000000
52895  -21.007  -2.298  -9.202 0.0000000000
52896  -21.186  -2.044  -9.241 0.0000000000
52908  -19.045  -2.339  -10.002 0.0000000000
52909  -19.320  -2.146  -10.013 0.0000000000
52910  -19.992  -2.103  -9.628 0.0000000000
52911  -20.016  -2.031  -9.730 0.0000000000
52927  -18.752  -2.186  -9.997 0.0000000000
52928  -18.968  -2.288  -10.014 0.0000000000
52929  -19.220  -2.009  -9.924 0.0000000000
53696  -22.886  -1.963  -6.429 0.0000000000
53718  -22.479  -2.024  -7.655 0.0000000000
53719  -22.684  -2.015  -7.367 0.0000000000
53726  -22.285  -2.034  -7.980 0.0000000000
53727  -22.357  -1.983  -7.936 0.0000000000
53737  -21.994  -2.048  -8.366 0.0000000000
53738  -22.196  -1.988  -8.198 0.0000000000
53749  -21.585  -2.002  -8.832 0.0000000000
53750  -21.806  -1.981  -8.320 0.0000000000
53763  -21.333  -1.992  -9.014 0.0000000000
53764  -21.149  -1.894  -8.948 0.0000000000
53775  -20.174  -2.008  -9.552 0.0000000000
53776  -20.715  -2.000  -9.377 0.0000000000
53777  -21.020  -1.995  -9.333 0.0000000000
53778  -21.081  -2.001  -9.141 0.0000000000
53791  -19.654  -1.957  -9.767 0.0000000000
53792  -19.955  -1.943  -9.795 0.0000000000
53793  -20.083  -1.980  -9.742 0.0000000000
53794  -20.539  -1.853  -9.647 0.0000000000
53795  -20.928  -1.907  -9.433 0.0000000000
53809  -18.662  -2.082  -10.034 0.0000000000
53810  -18.932  -2.071  -10.067 0.0000000000
53812  -19.532  -1.958  -9.942 0.0000000000
53813  -20.031  -1.981  -10.010 0.0000000000
53814  -19.987  -1.899  -9.948 0.0000000000
53833  -18.933  -2.019  -10.054 0.0000000000
53834  -18.982  -1.997  -10.108 0.0000000000
54631  -22.373  -1.598  -8.001 0.0000000000
54639  -22.030  -1.982  -8.373 0.0000000000
54640  -22.197  -1.629  -8.313 0.0000000000
54649  -21.537  -1.956  -8.501 0.0000000000
54650  -21.978  -1.649  -8.896 0.0000000000
54651  -22.015  -1.635  -8.492 0.0000000000
54663  -21.362  -1.720  -9.004 0.0000000000
54664  -21.291  -1.240  -8.982 0.0000000000
54665  -21.903  -1.609  -8.732 0.0000000000
54679  -21.024  -1.812  -9.394 0.0000000000
54680  -20.986  -1.636  -9.272 0.0000000000
54693  -20.218  -1.751  -9.892 0.0000000000
54694  -20.880  -1.543  -9.742 0.0000000000
54695  -20.981  -1.537  -9.654 0.0000000000
54696  -20.990  -1.572  -9.585 0.0000000000
54711  -19.198  -1.843  -9.896 0.0000000000
54712  -19.849  -1.816  -10.018 0.0000000000
54713  -20.040  -1.722  -10.000 0.0000000000
54714  -20.424  -1.398  -9.985 0.0000000000
54715  -20.986  -1.233  -9.856 0.0000000000
54734  -19.535  -1.554  -10.236 0.0000000000
54735  -19.980  -1.542  -10.309 0.0000000000
54736  -20.113  -1.512  -10.243 0.0000000000
55509  -22.923  -1.199  -7.686 0.0000000000
55524  -22.438  -1.250  -8.143 0.0000000000
55531  -21.998  -1.004  -8.840 0.0000000000
55532  -22.022  -1.305  -8.689 0.0000000000
55539  -21.599  -1.219  -8.993 0.0000000000
55540  -21.725  -1.090  -8.995 0.0000000000
55541  -21.851  -1.092  -8.841 0.0000000000
55553  -21.415  -1.246  -9.146 0.0000000000
55554  -21.707  -1.024  -9.053 0.0000000000
55567  -21.016  -1.240  -9.890 0.0000000000
55568  -21.078  -1.265  -9.731 0.0000000000
55583  -20.049  -1.476  -10.216 0.0000000000
55584  -20.415  -1.269  -10.113 0.0000000000
55585  -20.977  -1.137  -10.002 0.0000000000
55586  -21.078  -1.076  -10.001 0.0000000000
55603  -19.238  -1.288  -10.584 0.0000000000
55604  -19.903  -1.194  -10.636 0.0000000000
55605  -20.056  -1.164  -10.506 0.0000000000
55606  -20.377  -1.014  -10.046 0.0000000000
55624  -18.273  -1.181  -10.991 0.0000000000
55625  -18.858  -1.179  -11.003 0.0000000000
55626  -19.041  -1.225  -10.944 0.0000000000
55627  -19.465  -1.161  -10.994 0.0000000000
55628  -19.897  -1.010  -10.920 0.0000000000
55629  -19.980  -0.966  -10.830 0.0000000000
55646  -17.935  -1.127  -11.018 0.0000000000
55647  -18.076  -1.084  -11.063 0.0000000000
55648  -18.437  -1.286  -11.090 0.0000000000
55649  -18.866  -1.235  -11.133 0.0000000000
55650  -19.208  -1.224  -11.146 0.0000000000
55651  -19.572  -1.118  -11.112 0.0000000000
55652  -19.857  -1.021  -11.006 0.0000000000
55667  -18.680  -1.210  -11.281 0.0000000000
55668  -18.991  -1.258  -11.420 0.0000000000
55669  -19.266  -1.154  -11.347 0.0000000000
55670  -19.507  -1.051  -11.256 0.0000000000
56441  -22.355  -1.035  -8.366 0.0000000000
56450  -21.944  -0.961  -8.791 0.0000000000
56451  -22.120  -0.990  -8.638 0.0000000000
56452  -22.474  -0.948  -8.366 0.0000000000
56459  -21.829  -0.987  -8.996 0.0000000000
56460  -21.860  -0.871  -8.974 0.0000000000
56466  -21.476  -1.001  -9.343 0.0000000000
56467  -21.703  -0.986  -9.246 0.0000000000
56468  -21.944  -0.786  -9.028 0.0000000000
56477  -21.265  -0.993  -9.891 0.0000000000
56478  -21.799  -0.927  -9.969 0.0000000000
56492  -20.841  -1.013  -10.012 0.0000000000
56493  -20.934  -1.004  -10.002 0.0000000000
56494  -21.057  -1.007  -9.996 0.0000000000
56495  -21.200  -0.875  -9.996 0.0000000000
56513  -20.082  -0.993  -10.748 0.0000000000
56514  -20.660  -0.827  -10.347 0.0000000000
56515  -20.924  -0.913  -10.019 0.0000000000
56530  -17.601  -0.931  -10.843 0.0000000000
56531  -17.949  -1.075  -10.998 0.0000000000
56532  -19.993  -0.960  -11.026 0.0000000000
56533  -19.999  -0.913  -10.993 0.0000000000
56534  -20.446  -0.848  -10.791 0.0000000000
56551  -17.094  -0.804  -10.914 0.0000000000
56552  -17.386  -0.852  -10.925 0.0000000000
56553  -17.897  -1.019  -11.073 0.0000000000
56554  -18.314  -0.992  -11.140 0.0000000000
56555  -18.513  -1.124  -11.255 0.0000000000
56556  -19.750  -0.930  -11.055 0.0000000000
56557  -19.971  -0.921  -11.041 0.0000000000
56558  -20.025  -0.981  -11.022 0.0000000000
56559  -20.312  -0.883  -10.985 0.0000000000
56580  -17.992  -0.917  -11.206 0.0000000000
56581  -18.134  -0.813  -11.408 0.0000000000
56582  -18.579  -0.983  -11.507 0.0000000000
56583  -18.983  -1.006  -11.490 0.0000000000
56584  -19.109  -1.032  -11.434 0.0000000000
56585  -19.786  -0.970  -11.363 0.0000000000
56586  -19.896  -0.957  -11.237 0.0000000000
56587  -20.015  -0.905  -11.237 0.0000000000
56588  -20.213  -0.882  -11.011 0.0000000000
56600  -17.988  -0.835  -11.808 0.0000000000
56601  -18.451  -0.750  -11.748 0.0000000000
56602  -19.011  -0.899  -11.857 0.0000000000
56603  -19.007  -0.857  -11.847 0.0000000000
56604  -19.490  -0.868  -11.881 0.0000000000
56605  -20.044  -0.815  -11.821 0.0000000000
56606  -19.996  -0.840  -11.601 0.0000000000
56613  -18.924  -0.765  -12.001 0.0000000000
56614  -19.012  -0.805  -11.984 0.0000000000
56615  -19.304  -0.783  -12.013 0.0000000000
56616  -19.819  -0.737  -11.994 0.0000000000
57383  -22.998  -0.487  -8.231 0.0000000000
57392  -21.961  -0.737  -8.869 0.0000000000
57393  -22.088  -0.537  -8.826 0.0000000000
57402  -21.995  -0.558  -9.074 0.0000000000
57403  -21.995  -0.423  -9.003 0.0000000000
57411  -21.967  -0.589  -9.454 0.0000000000
57412  -22.000  -0.413  -9.271 0.0000000000
57419  -21.973  -0.264  -9.947 0.0000000000
57420  -22.038  -0.108  -9.784 0.0000000000
57425  -21.021  -0.875  -10.049 0.0000000000
57426  -21.278  -0.701  -10.010 0.0000000000
57427  -21.769  -0.347  -10.012 0.0000000000
57428  -21.954  -0.098  -10.023 0.0000000000
57441  -20.977  -0.539  -10.449 0.0000000000
57442  -20.986  -0.655  -10.151 0.0000000000
57443  -21.093  -0.578  -10.334 0.0000000000
57444  -21.520  -0.471  -10.198 0.0000000000
57457  -16.487  -0.161  -10.898 0.0000000000
57458  -16.894  -0.589  -10.884 0.0000000000
57459  -16.989  -0.631  -10.891 0.0000000000
57460  -20.708  -0.552  -10.656 0.0000000000
57461  -20.975  -0.319  -10.838 0.0000000000
57462  -21.035  -0.366  -10.813 0.0000000000
57474  -16.938  -0.518  -10.984 0.0000000000
57475  -17.003  -0.651  -10.996 0.0000000000
57476  -17.062  -0.680  -11.006 0.0000000000
57477  -17.701  -0.777  -11.000 0.0000000000
57478  -20.710  -0.538  -10.999 0.0000000000
57479  -20.960  -0.384  -11.022 0.0000000000
57497  -16.988  -0.540  -11.191 0.0000000000
57498  -17.180  -0.492  -11.093 0.0000000000
57499  -17.826  -0.668  -11.116 0.0000000000
57500  -18.002  -0.727  -11.446 0.0000000000
57501  -20.012  -0.926  -11.351 0.0000000000
57502  -20.424  -0.811  -11.221 0.0000000000
57503  -20.997  -0.265  -11.431 0.0000000000
57520  -18.018  -0.479  -11.698 0.0000000000
57521  -18.013  -0.477  -11.754 0.0000000000
57522  -18.206  -0.436  -12.035 0.0000000000
57523  -18.678  -0.596  -11.921 0.0000000000
57524  -20.005  -0.644  -11.992 0.0000000000
57525  -20.096  -0.707  -11.737 0.0000000000
57526  -20.663  -0.522  -11.950 0.0000000000
57527  -21.002  -0.256  -11.925 0.0000000000
57534  -18.004  -0.277  -11.997 0.0000000000
57535  -18.272  -0.359  -12.023 0.0000000000
57536  -18.830  -0.648  -12.069 0.0000000000
57537  -19.005  -0.719  -12.067 0.0000000000
57538  -19.220  -0.716  -12.025 0.0000000000
57539  -19.899  -0.682  -11.978 0.0000000000
57540  -20.092  -0.531  -12.004 0.0000000000
57541  -20.671  -0.414  -11.985 0.0000000000
57542  -20.985  -0.279  -11.969 0.0000000000
57549  -18.556  -0.408  -12.276 0.0000000000
57550  -19.005  -0.619  -12.541 0.0000000000
57551  -19.009  -0.570  -12.314 0.0000000000
57552  -19.512  -0.622  -12.143 0.0000000000
57553  -19.997  -0.526  -12.306 0.0000000000
57554  -20.073  -0.507  -12.303 0.0000000000
57555  -20.616  -0.443  -12.118 0.0000000000
57559  -19.236  -0.445  -12.909 0.0000000000
57560  -19.827  -0.289  -12.874 0.0000000000
57561  -19.954  -0.371  -12.694 0.0000000000
57562  -20.013  -0.432  -12.760 0.0000000000
58329  -22.991  -0.214  -8.439 0.0000000000
58336  -22.157  -0.277  -8.972 0.0000000000
58346  -22.178  -0.443  -8.991 0.0000000000
58356  -22.053  -0.251  -9.120 0.0000000000
58364  -21.970  -0.000  -9.461 0.0000000000
58365  -22.098  -0.025  -9.872 0.0000000000
58373  -21.874  -0.070  -10.003 0.0000000000
58374  -21.993  -0.026  -9.991 0.0000000000
58375  -22.008  0.004  -10.003 0.0000000000
58385  -21.424  -0.281  -10.881 0.0000000000
58386  -21.699  -0.209  -10.502 0.0000000000
58400  -16.564  -0.156  -10.986 0.0000000000
58401  -21.010  -0.228  -10.987 0.0000000000
58402  -21.226  -0.118  -11.012 0.0000000000
58403  -21.367  -0.006  -10.858 0.0000000000
58415  -16.782  -0.229  -11.056 0.0000000000
58416  -16.980  -0.313  -11.164 0.0000000000
58417  -21.013  -0.146  -11.081 0.0000000000
58418  -21.086  -0.056  -11.100 0.0000000000
58432  -16.880  -0.143  -11.298 0.0000000000
58433  -16.997  -0.116  -11.423 0.0000000000
58434  -17.577  0.014  -11.375 0.0000000000
58435  -17.997  -0.272  -11.673 0.0000000000
58436  -21.054  -0.095  -11.595 0.0000000000
58437  -21.305  -0.070  -11.646 0.0000000000
58457  -17.089  -0.089  -11.745 0.0000000000
58458  -17.247  0.006  -11.760 0.0000000000
58459  -17.918  -0.022  -11.932 0.0000000000
58460  -17.983  -0.134  -12.029 0.0000000000
58461  -21.082  -0.163  -11.983 0.0000000000
58462  -21.218  -0.087  -11.920 0.0000000000
58470  -18.026  -0.008  -11.987 0.0000000000
58471  -18.019  -0.072  -12.171 0.0000000000
58472  -18.127  -0.039  -12.335 0.0000000000
58473  -20.971  -0.194  -12.073 0.0000000000
58474  -21.054  -0.182  -12.164 0.0000000000
58475  -21.198  -0.133  -12.060 0.0000000000
58482  -18.035  0.062  -12.329 0.0000000000
58483  -18.519  -0.117  -12.737 0.0000000000
58484  -18.924  -0.136  -12.865 0.0000000000
58485  -19.019  -0.205  -12.868 0.0000000000
58486  -20.199  -0.232  -12.738 0.0000000000
58487  -21.013  -0.084  -12.582 0.0000000000
58488  -21.020  -0.044  -12.492 0.0000000000
58489  -21.123  -0.148  -12.321 0.0000000000
58495  -18.771  -0.004  -12.983 0.0000000000
58496  -18.889  -0.088  -13.008 0.0000000000
58497  -19.306  -0.157  -13.030 0.0000000000
59272  -15.195  0.080  -9.805 0.0000000000
59273  -22.122  0.102  -9.921 0.0000000000
59279  -15.065  0.118  -10.049 0.0000000000
59282  -21.798  0.001  -9.975 0.0000000000
59284  -22.009  0.141  -10.016 0.0000000000
59291  -21.599  0.121  -10.633 0.0000000000
59292  -21.830  0.384  -10.007 0.0000000000
59304  -21.323  0.045  -11.032 0.0000000000
59305  -21.337  0.255  -10.984 0.0000000000
59318  -16.700  -0.046  -11.278 0.0000000000
59319  -21.172  0.072  -11.200 0.0000000000
59320  -21.435  0.059  -11.009 0.0000000000
59330  -16.530  0.118  -11.199 0.0000000000
59331  -16.928  0.061  -11.551 0.0000000000
59332  -17.021  0.019  -11.757 0.0000000000
59333  -21.271  0.007  -11.633 0.0000000000
59334  -21.494  0.358  -11.504 0.0000000000
59354  -17.006  0.281  -11.878 0.0000000000
59355  -17.107  0.176  -11.879 0.0000000000
59356  -17.603  0.153  -11.923 0.0000000000
59357  -17.847  0.021  -12.087 0.0000000000
59358  -21.228  -0.002  -11.924 0.0000000000
59359  -21.431  0.185  -11.896 0.0000000000
59372  -17.094  0.368  -11.990 0.0000000000
59373  -17.377  0.225  -12.012 0.0000000000
59374  -17.910  0.114  -12.189 0.0000000000
59375  -18.014  0.034  -12.173 0.0000000000
59376  -21.300  -0.008  -11.972 0.0000000000
59377  -21.446  0.160  -11.991 0.0000000000
59389  -17.991  0.174  -12.337 0.0000000000
59390  -18.130  0.213  -12.539 0.0000000000
59391  -18.700  0.040  -12.460 0.0000000000
59392  -21.004  0.106  -12.579 0.0000000000
59393  -21.193  -0.003  -12.422 0.0000000000
59394  -21.316  0.077  -12.153 0.0000000000
59402  -18.275  0.390  -12.928 0.0000000000
59403  -18.508  0.049  -13.002 0.0000000000
59404  -18.806  0.074  -12.978 0.0000000000
59407  -21.143  0.113  -12.632 0.0000000000
59413  -14.714  0.005  -13.105 0.0000000000
59414  -18.676  0.144  -13.000 0.0000000000
59415  -18.882  0.026  -13.113 0.0000000000
59416  -18.972  -0.033  -13.111 0.0000000000
59417  -19.211  -0.016  -13.178 0.0000000000
60146  -14.343  0.658  -8.802 0.0000000000
60149  -14.270  0.619  -8.979 0.0000000000
60150  -14.457  0.281  -9.006 0.0000000000
60154  -14.194  0.935  -9.093 0.0000000000
60155  -14.364  0.573  -9.401 0.0000000000
60161  -14.732  0.528  -9.882 0.0000000000
60162  -14.923  0.467  -9.986 0.0000000000
60163  -22.302  0.547  -9.990 0.0000000000
60169  -14.770  0.743  -10.018 0.0000000000
60170  -14.882  0.545  -9.973 0.0000000000
60171  -15.139  0.348  -10.031 0.0000000000
60172  -22.007  0.247  -9.987 0.0000000000
60179  -14.991  0.761  -10.316 0.0000000000
60180  -15.121  0.530  -10.442 0.0000000000
60182  -21.752  0.814  -10.485 0.0000000000
60183  -22.010  0.547  -10.300 0.0000000000
60184  -22.068  0.405  -10.041 0.0000000000
60191  -15.425  0.877  -10.852 0.0000000000
60192  -15.866  0.546  -11.014 0.0000000000
60194  -21.658  0.628  -11.017 0.0000000000
60195  -21.913  0.822  -10.973 0.0000000000
60206  -15.926  0.666  -11.082 0.0000000000
60207  -16.026  0.500  -11.162 0.0000000000
60209  -21.717  0.377  -11.109 0.0000000000
60210  -22.016  0.774  -10.991 0.0000000000
60221  -15.996  0.858  -11.232 0.0000000000
60222  -16.248  0.821  -11.589 0.0000000000
60223  -16.799  0.269  -11.673 0.0000000000
60224  -21.820  0.519  -11.398 0.0000000000
60225  -22.008  0.790  -11.262 0.0000000000
60244  -16.601  0.957  -11.994 0.0000000000
60245  -16.840  0.543  -11.966 0.0000000000
60246  -16.896  0.439  -11.968 0.0000000000
60247  -21.923  0.555  -11.975 0.0000000000
60248  -22.010  0.815  -11.790 0.0000000000
60263  -16.810  0.639  -12.046 0.0000000000
60264  -16.950  0.519  -12.005 0.0000000000
60265  -17.034  0.465  -12.031 0.0000000000
60266  -17.576  0.333  -12.032 0.0000000000
60267  -21.618  0.425  -11.985 0.0000000000
60268  -21.821  0.582  -11.995 0.0000000000
60281  -16.987  0.732  -12.243 0.0000000000
60282  -17.150  0.676  -12.299 0.0000000000
60283  -17.989  0.550  -12.551 0.0000000000
60284  -17.990  0.496  -12.665 0.0000000000
60285  -21.767  0.538  -12.094 0.0000000000
60286  -21.956  0.778  -12.053 0.0000000000
60298  -18.011  0.722  -12.887 0.0000000000
60299  -18.008  0.652  -12.876 0.0000000000
60300  -18.333  0.436  -12.989 0.0000000000
60309  -17.995  0.692  -12.984 0.0000000000
60310  -18.284  0.542  -13.014 0.0000000000
60312  -20.975  0.204  -13.101 0.0000000000
60326  -20.837  0.229  -13.339 0.0000000000
61028  -17.906  0.883  -6.414 0.0000000000
61050  -14.425  0.995  -7.924 0.0000000000
61054  -14.246  1.087  -8.977 0.0000000000
61057  -14.219  1.011  -9.046 0.0000000000
61060  -14.262  0.997  -9.447 0.0000000000
61061  -14.543  0.960  -9.729 0.0000000000
61063  -14.448  0.999  -9.900 0.0000000000
61064  -14.630  0.991  -9.979 0.0000000000
61069  -14.813  0.866  -10.219 0.0000000000
61070  -14.930  0.798  -10.237 0.0000000000
61078  -14.979  0.988  -10.331 0.0000000000
61079  -15.002  0.942  -10.494 0.0000000000
61080  -15.079  0.928  -10.524 0.0000000000
61081  -22.022  0.777  -10.737 0.0000000000
61088  -15.125  1.081  -10.754 0.0000000000
61089  -15.282  0.992  -10.800 0.0000000000
61090  -15.612  0.852  -11.007 0.0000000000
61091  -22.022  0.948  -10.981 0.0000000000
61092  -22.137  0.892  -10.961 0.0000000000
61100  -15.403  1.025  -10.986 0.0000000000
61101  -15.765  0.884  -11.081 0.0000000000
61102  -15.928  0.753  -11.129 0.0000000000
61103  -22.021  0.770  -10.972 0.0000000000
61104  -22.159  0.969  -11.030 0.0000000000
61115  -15.922  1.009  -11.235 0.0000000000
61116  -16.004  0.964  -11.140 0.0000000000
61117  -16.029  0.988  -11.583 0.0000000000
61118  -22.021  0.775  -11.199 0.0000000000
61119  -22.124  0.899  -11.263 0.0000000000
61135  -16.019  1.064  -11.654 0.0000000000
61136  -16.246  1.024  -11.820 0.0000000000
61137  -16.496  0.860  -11.902 0.0000000000
61138  -22.084  0.884  -11.594 0.0000000000
61139  -22.288  0.902  -11.648 0.0000000000
61156  -16.031  0.974  -12.008 0.0000000000
61157  -16.631  0.839  -12.067 0.0000000000
61158  -16.849  0.776  -12.171 0.0000000000
61159  -21.990  0.911  -12.022 0.0000000000
61175  -16.816  0.905  -12.309 0.0000000000
61176  -16.998  0.978  -12.438 0.0000000000
61177  -17.130  0.972  -12.445 0.0000000000
61178  -17.573  0.989  -12.729 0.0000000000
61179  -21.825  0.730  -12.472 0.0000000000
61180  -21.977  0.952  -12.331 0.0000000000
61195  -17.640  1.010  -12.824 0.0000000000
61196  -17.947  0.981  -12.990 0.0000000000
61197  -17.961  0.871  -12.990 0.0000000000
61198  -21.766  0.890  -12.890 0.0000000000
61199  -21.933  0.991  -12.759 0.0000000000
61206  -17.859  1.025  -13.061 0.0000000000
61207  -17.880  0.930  -13.037 0.0000000000
61208  -18.053  0.894  -13.128 0.0000000000
61209  -21.817  0.866  -13.012 0.0000000000
61210  -21.945  0.994  -13.037 0.0000000000
61218  -17.996  1.020  -13.182 0.0000000000
61219  -18.155  0.983  -13.373 0.0000000000
61223  -21.971  1.008  -13.280 0.0000000000
61885  -19.214  1.257  -5.893 0.0000000000
61905  -18.272  1.049  -6.404 0.0000000000
61906  -18.915  1.224  -6.504 0.0000000000
61941  -14.281  1.131  -8.306 0.0000000000
61944  -14.109  1.133  -8.942 0.0000000000
61946  -14.238  1.191  -8.965 0.0000000000
61949  -14.240  1.272  -9.388 0.0000000000
61952  -14.393  1.138  -9.967 0.0000000000
61953  -14.520  1.096  -9.995 0.0000000000
61955  -14.399  1.323  -10.018 0.0000000000
61956  -14.580  1.033  -10.082 0.0000000000
61961  -14.898  1.053  -10.490 0.0000000000
61962  -14.971  1.044  -10.540 0.0000000000
61963  -22.251  1.231  -10.505 0.0000000000
61970  -14.994  1.222  -10.841 0.0000000000
61971  -15.038  1.201  -10.782 0.0000000000
61972  -15.167  1.140  -10.808 0.0000000000
61973  -22.136  1.150  -10.898 0.0000000000
61984  -15.045  1.384  -10.951 0.0000000000
61985  -15.135  1.218  -10.964 0.0000000000
61986  -15.515  0.978  -11.044 0.0000000000
61987  -22.262  1.001  -10.966 0.0000000000
61988  -22.372  1.268  -10.960 0.0000000000
62000  -15.405  0.997  -11.095 0.0000000000
62001  -15.803  1.007  -11.375 0.0000000000
62002  -15.942  1.036  -11.534 0.0000000000
62003  -22.173  1.016  -11.267 0.0000000000
62013  -15.898  1.265  -11.731 0.0000000000
62014  -15.983  1.232  -11.735 0.0000000000
62015  -16.095  1.170  -11.829 0.0000000000
62016  -22.059  0.968  -11.993 0.0000000000
62017  -22.058  0.996  -11.806 0.0000000000
62032  -15.945  1.141  -11.970 0.0000000000
62033  -16.147  1.220  -11.986 0.0000000000
62034  -16.346  1.010  -12.004 0.0000000000
62035  -21.977  1.006  -12.064 0.0000000000
62036  -22.016  1.114  -12.045 0.0000000000
62053  -16.380  1.060  -12.037 0.0000000000
62054  -16.672  0.997  -12.255 0.0000000000
62055  -16.938  1.021  -12.497 0.0000000000
62056  -17.088  1.040  -12.519 0.0000000000
62057  -21.978  1.051  -12.424 0.0000000000
62058  -21.994  1.107  -12.385 0.0000000000
62073  -16.997  1.161  -12.632 0.0000000000
62074  -17.081  1.330  -12.538 0.0000000000
62075  -17.394  1.199  -12.786 0.0000000000
62076  -17.936  1.134  -12.930 0.0000000000
62077  -22.034  1.024  -12.795 0.0000000000
62078  -22.022  1.156  -12.844 0.0000000000
62089  -17.582  1.283  -13.010 0.0000000000
62090  -17.775  1.004  -13.030 0.0000000000
62091  -17.987  1.037  -13.204 0.0000000000
62092  -21.997  1.099  -13.022 0.0000000000
62101  -17.997  1.134  -13.327 0.0000000000
62102  -18.024  1.200  -13.342 0.0000000000
62802  -18.977  1.512  -6.771 0.0000000000
62803  -19.004  1.452  -6.544 0.0000000000
62815  -19.098  1.654  -6.999 0.0000000000
62816  -19.110  1.686  -6.801 0.0000000000
62832  -19.015  1.652  -7.064 0.0000000000
62848  -14.674  1.489  -7.992 0.0000000000
62849  -14.846  1.554  -7.957 0.0000000000
62854  -14.395  1.577  -8.072 0.0000000000
62855  -14.896  1.720  -8.096 0.0000000000
62857  -14.258  1.563  -8.711 0.0000000000
62858  -14.403  1.877  -8.729 0.0000000000
62860  -14.213  1.647  -8.980 0.0000000000
62862  -14.240  1.670  -9.147 0.0000000000
62865  -14.106  1.710  -9.735 0.0000000000
62867  -14.234  1.724  -9.978 0.0000000000
62868  -14.301  1.647  -10.101 0.0000000000
62870  -14.228  1.918  -10.101 0.0000000000
62871  -14.485  1.572  -10.217 0.0000000000
62873  -14.789  1.765  -10.829 0.0000000000
62874  -14.957  1.587  -10.951 0.0000000000
62881  -15.001  1.635  -11.005 0.0000000000
62882  -14.971  1.467  -11.036 0.0000000000
62883  -22.216  1.080  -11.026 0.0000000000
62896  -14.937  1.657  -11.298 0.0000000000
62897  -15.037  1.702  -11.245 0.0000000000
62898  -15.320  1.502  -11.598 0.0000000000
62899  -22.176  1.047  -11.320 0.0000000000
62913  -15.359  1.893  -11.772 0.0000000000
62914  -15.710  1.722  -11.904 0.0000000000
62915  -15.891  1.531  -11.926 0.0000000000
62916  -22.235  1.324  -11.957 0.0000000000
62927  -15.770  1.740  -12.006 0.0000000000
62928  -15.880  1.611  -12.046 0.0000000000
62929  -16.005  1.469  -12.009 0.0000000000
62930  -22.316  1.374  -12.030 0.0000000000
62946  -15.933  1.670  -12.160 0.0000000000
62947  -16.147  1.423  -12.139 0.0000000000
62948  -16.585  1.331  -12.541 0.0000000000
62949  -22.182  1.478  -12.321 0.0000000000
62969  -16.300  1.824  -12.624 0.0000000000
62970  -16.878  1.677  -12.855 0.0000000000
62971  -17.016  1.658  -12.907 0.0000000000
62972  -17.400  1.723  -12.957 0.0000000000
62974  -22.695  1.893  -12.936 0.0000000000
62986  -17.013  1.804  -13.003 0.0000000000
62987  -17.257  1.556  -13.024 0.0000000000
62988  -17.784  1.205  -13.239 0.0000000000
62991  -22.768  1.914  -12.984 0.0000000000
63001  -17.474  1.882  -13.544 0.0000000000
63002  -17.903  1.690  -13.840 0.0000000000
63003  -18.011  1.531  -13.681 0.0000000000
63013  -17.940  1.797  -13.937 0.0000000000
63014  -18.091  1.708  -14.003 0.0000000000
63025  -18.009  1.897  -14.019 0.0000000000
63794  -14.404  1.996  -8.878 0.0000000000
63795  -14.730  2.017  -8.523 0.0000000000
63798  -14.288  1.980  -8.935 0.0000000000
63799  -14.314  2.005  -8.786 0.0000000000
63801  -14.257  1.956  -9.076 0.0000000000
63804  -14.224  1.964  -9.653 0.0000000000
63807  -14.220  1.979  -9.993 0.0000000000
63809  -14.308  2.006  -10.066 0.0000000000
63810  -14.535  1.986  -10.536 0.0000000000
63812  -14.672  1.992  -10.852 0.0000000000
63813  -14.880  1.988  -11.021 0.0000000000
63815  -14.816  2.013  -10.988 0.0000000000
63816  -14.881  1.920  -11.064 0.0000000000
63824  -14.938  1.943  -11.214 0.0000000000
63839  -15.334  1.983  -11.752 0.0000000000
63840  -15.709  1.977  -11.997 0.0000000000
63855  -15.774  1.890  -12.096 0.0000000000
63856  -15.908  1.930  -12.107 0.0000000000
63868  -15.977  2.013  -12.387 0.0000000000
63869  -16.100  1.999  -12.449 0.0000000000
63870  -22.926  1.971  -12.568 0.0000000000
63889  -16.553  2.006  -12.855 0.0000000000
63890  -16.828  1.957  -13.005 0.0000000000
63891  -16.984  1.855  -12.993 0.0000000000
63909  -16.877  1.972  -13.054 0.0000000000
63910  -16.972  1.911  -13.101 0.0000000000
63911  -17.104  1.916  -13.258 0.0000000000
63914  -22.924  2.060  -12.910 0.0000000000
63927  -17.057  1.998  -13.265 0.0000000000
63928  -17.357  2.017  -13.588 0.0000000000
63929  -17.759  1.961  -13.948 0.0000000000
63936  -14.840  2.000  -13.933 0.0000000000
63937  -14.916  1.996  -14.043 0.0000000000
63938  -17.391  1.998  -14.002 0.0000000000
63939  -17.797  2.023  -14.004 0.0000000000
63940  -17.979  1.847  -13.993 0.0000000000
63948  -14.975  1.997  -14.320 0.0000000000
63949  -17.798  2.073  -14.000 0.0000000000
63950  -17.981  1.933  -14.144 0.0000000000
63951  -18.536  1.985  -14.215 0.0000000000
63952  -18.977  1.980  -14.625 0.0000000000
63962  -18.687  2.005  -14.556 0.0000000000
63963  -18.933  1.985  -14.746 0.0000000000
63975  -19.011  2.112  -14.914 0.0000000000
63982  -21.001  2.071  -14.834 0.0000000000
64698  -15.103  2.045  -8.237 0.0000000000
64699  -15.185  2.045  -8.256 0.0000000000
64712  -14.986  2.359  -8.454 0.0000000000
64713  -15.106  2.322  -8.610 0.0000000000
64716  -14.445  2.128  -8.956 0.0000000000
64717  -14.699  2.294  -8.858 0.0000000000
64718  -14.917  2.455  -8.829 0.0000000000
64720  -14.310  2.084  -9.012 0.0000000000
64721  -14.649  2.411  -8.920 0.0000000000
64723  -14.164  2.068  -9.585 0.0000000000
64726  -14.250  2.095  -10.006 0.0000000000
64729  -14.322  2.117  -10.026 0.0000000000
64730  -14.396  2.078  -10.377 0.0000000000
64732  -14.642  2.115  -10.999 0.0000000000
64734  -14.756  2.026  -11.004 0.0000000000
64737  -14.990  2.150  -11.356 0.0000000000
64738  -15.239  2.119  -11.587 0.0000000000
64744  -15.049  2.236  -11.975 0.0000000000
64745  -15.471  2.160  -11.962 0.0000000000
64746  -15.709  2.036  -12.089 0.0000000000
64747  -23.063  2.123  -12.003 0.0000000000
64748  -23.379  2.185  -12.002 0.0000000000
64749  -23.671  2.047  -11.971 0.0000000000
64758  -15.614  2.238  -11.995 0.0000000000
64759  -15.780  2.051  -12.074 0.0000000000
64760  -15.991  1.975  -12.241 0.0000000000
64761  -23.057  2.015  -12.035 0.0000000000
64772  -15.969  2.044  -12.270 0.0000000000
64773  -16.109  2.290  -12.355 0.0000000000
64774  -16.284  2.196  -12.652 0.0000000000
64776  -23.663  2.435  -12.660 0.0000000000
64792  -16.138  2.376  -12.760 0.0000000000
64793  -16.478  2.243  -12.923 0.0000000000
64794  -16.780  2.010  -13.052 0.0000000000
64795  -23.047  2.294  -12.961 0.0000000000
64796  -23.646  2.320  -12.951 0.0000000000
64797  -24.014  2.261  -12.995 0.0000000000
64815  -16.563  2.249  -13.012 0.0000000000
64816  -16.817  2.113  -13.124 0.0000000000
64817  -17.000  2.002  -13.200 0.0000000000
64819  -22.906  2.252  -13.070 0.0000000000
64820  -23.201  2.247  -12.988 0.0000000000
64835  -17.010  2.346  -13.474 0.0000000000
64836  -17.131  2.305  -13.576 0.0000000000
64837  -17.385  2.183  -13.758 0.0000000000
64851  -14.700  2.172  -13.965 0.0000000000
64853  -17.148  2.504  -13.841 0.0000000000
64854  -17.394  2.298  -13.927 0.0000000000
64855  -17.761  2.034  -14.003 0.0000000000
64858  -22.523  2.566  -13.967 0.0000000000
64863  -14.761  2.389  -14.013 0.0000000000
64864  -14.844  2.275  -14.171 0.0000000000
64865  -17.480  2.308  -14.015 0.0000000000
64866  -17.722  2.229  -14.112 0.0000000000
64867  -18.048  2.110  -14.179 0.0000000000
64868  -18.331  1.993  -14.260 0.0000000000
64870  -22.026  2.186  -14.100 0.0000000000
64871  -22.115  2.233  -14.102 0.0000000000
64877  -18.004  2.518  -14.438 0.0000000000
64878  -18.453  2.305  -14.558 0.0000000000
64882  -21.993  2.382  -14.256 0.0000000000
64890  -18.745  2.347  -14.992 0.0000000000
64892  -19.080  2.327  -14.979 0.0000000000
64893  -19.534  2.172  -14.984 0.0000000000
64905  -19.016  2.400  -15.011 0.0000000000
64906  -19.207  2.209  -15.122 0.0000000000
64907  -19.819  2.262  -15.074 0.0000000000
64908  -19.997  2.199  -15.097 0.0000000000
64909  -20.275  2.296  -15.129 0.0000000000
64910  -20.749  2.268  -15.128 0.0000000000
65617  -14.589  2.501  -8.998 0.0000000000
65621  -14.389  2.518  -9.372 0.0000000000
65622  -14.583  2.791  -9.685 0.0000000000
65624  -14.228  2.566  -9.991 0.0000000000
65637  -14.940  2.716  -11.398 0.0000000000
65639  -15.008  2.912  -11.713 0.0000000000
65647  -15.374  2.607  -11.992 0.0000000000
65648  -15.622  2.444  -12.037 0.0000000000
65657  -15.286  2.932  -12.216 0.0000000000
65658  -15.948  2.643  -12.758 0.0000000000
65659  -16.024  2.678  -12.874 0.0000000000
65668  -15.980  2.846  -12.898 0.0000000000
65669  -16.011  2.583  -13.007 0.0000000000
65670  -16.222  2.613  -13.018 0.0000000000
65687  -16.101  2.822  -13.031 0.0000000000
65688  -16.291  2.616  -13.068 0.0000000000
65689  -16.851  2.457  -13.507 0.0000000000
65706  -16.690  2.885  -13.751 0.0000000000
65707  -16.992  2.733  -13.892 0.0000000000
65708  -17.011  2.683  -13.875 0.0000000000
65710  -22.976  2.615  -13.464 0.0000000000
65711  -23.488  2.833  -13.540 0.0000000000
65712  -24.013  2.823  -13.555 0.0000000000
65726  -16.977  2.760  -14.023 0.0000000000
65727  -17.064  2.783  -13.991 0.0000000000
65728  -17.108  2.723  -14.017 0.0000000000
65729  -22.635  2.717  -14.009 0.0000000000
65730  -22.966  2.793  -13.797 0.0000000000
65731  -22.995  2.952  -13.849 0.0000000000
65743  -17.034  2.859  -14.046 0.0000000000
65744  -17.353  2.671  -14.061 0.0000000000
65745  -17.995  2.696  -14.429 0.0000000000
65746  -17.993  2.631  -14.485 0.0000000000
65747  -22.047  2.345  -14.448 0.0000000000
65748  -22.414  2.747  -14.155 0.0000000000
65749  -22.826  2.892  -14.032 0.0000000000
65754  -17.965  2.997  -14.754 0.0000000000
65755  -18.028  2.859  -14.731 0.0000000000
65756  -18.067  2.808  -14.795 0.0000000000
65757  -21.576  2.876  -14.873 0.0000000000
65758  -21.866  2.965  -14.641 0.0000000000
65759  -22.002  2.697  -14.507 0.0000000000
65760  -22.150  2.775  -14.738 0.0000000000
65766  -18.096  3.010  -14.941 0.0000000000
65767  -18.409  2.808  -15.003 0.0000000000
65768  -18.929  2.815  -14.974 0.0000000000
65769  -18.997  2.412  -14.964 0.0000000000
65770  -21.011  2.592  -14.926 0.0000000000
65771  -21.212  2.630  -15.000 0.0000000000
65772  -21.565  3.012  -14.919 0.0000000000
65780  -18.134  2.797  -15.212 0.0000000000
65781  -18.590  2.750  -15.212 0.0000000000
65782  -19.004  2.692  -15.221 0.0000000000
65783  -19.473  2.724  -15.359 0.0000000000
65784  -19.998  2.629  -15.471 0.0000000000
65785  -20.042  2.659  -15.517 0.0000000000
65786  -20.563  2.680  -15.379 0.0000000000
65787  -20.985  2.610  -15.183 0.0000000000
65788  -21.122  2.698  -15.163 0.0000000000
65795  -19.537  2.991  -15.544 0.0000000000
65796  -19.833  2.979  -15.654 0.0000000000
65797  -19.997  2.920  -15.649 0.0000000000
65798  -20.248  2.962  -15.663 0.0000000000
66536  -15.166  2.996  -11.938 0.0000000000
66538  -15.225  2.965  -12.015 0.0000000000
66546  -15.283  3.012  -12.132 0.0000000000
66547  -15.637  3.007  -12.659 0.0000000000
66555  -15.973  2.932  -12.902 0.0000000000
66556  -15.952  2.983  -12.924 0.0000000000
66570  -15.984  2.976  -13.002 0.0000000000
66571  -16.117  2.993  -13.160 0.0000000000
66584  -16.542  2.984  -13.718 0.0000000000
66585  -16.767  2.994  -13.990 0.0000000000
66586  -23.137  2.996  -13.765 0.0000000000
66587  -23.483  2.981  -13.911 0.0000000000
66588  -24.010  2.990  -13.812 0.0000000000
66600  -16.765  3.014  -13.950 0.0000000000
66601  -16.905  3.003  -13.987 0.0000000000
66602  -16.963  2.924  -14.031 0.0000000000
66603  -22.903  2.987  -14.014 0.0000000000
66604  -23.115  3.008  -13.926 0.0000000000
66605  -23.618  3.135  -13.888 0.0000000000
66606  -24.013  3.110  -13.867 0.0000000000
66619  -14.719  3.007  -14.180 0.0000000000
66620  -16.902  3.001  -14.017 0.0000000000
66621  -17.004  3.002  -14.070 0.0000000000
66622  -17.391  3.008  -14.281 0.0000000000
66623  -17.951  3.018  -14.697 0.0000000000
66624  -22.957  2.955  -14.207 0.0000000000
66625  -22.986  3.056  -14.064 0.0000000000
66626  -23.001  3.025  -13.955 0.0000000000
66627  -24.207  3.018  -14.008 0.0000000000
66636  -17.712  3.031  -14.577 0.0000000000
66637  -17.951  3.075  -14.823 0.0000000000
66638  -18.006  2.999  -14.866 0.0000000000
66639  -21.996  2.955  -14.624 0.0000000000
66640  -22.031  3.008  -14.566 0.0000000000
66641  -22.509  3.001  -14.406 0.0000000000
66642  -22.729  3.024  -14.208 0.0000000000
66647  -18.006  3.083  -14.946 0.0000000000
66648  -18.096  3.007  -14.999 0.0000000000
66650  -21.415  3.020  -14.984 0.0000000000
66651  -21.860  3.078  -14.843 0.0000000000
66652  -21.901  3.095  -14.532 0.0000000000
66661  -18.326  3.004  -15.175 0.0000000000
66662  -18.815  2.915  -15.381 0.0000000000
66663  -19.022  2.956  -15.401 0.0000000000
66664  -19.349  2.966  -15.534 0.0000000000
66665  -20.998  2.912  -15.321 0.0000000000
66666  -21.004  2.959  -15.295 0.0000000000
66667  -21.247  2.947  -15.176 0.0000000000
66676  -18.943  2.927  -15.612 0.0000000000
66677  -18.992  3.028  -15.624 0.0000000000
66678  -19.144  3.051  -15.561 0.0000000000
66679  -19.499  3.067  -15.742 0.0000000000
66680  -20.015  3.015  -15.635 0.0000000000
66681  -20.123  3.024  -15.607 0.0000000000
66682  -20.721  3.004  -15.496 0.0000000000
66683  -21.016  3.074  -15.353 0.0000000000
67410  -14.935  3.283  -11.585 0.0000000000
67411  -15.201  3.065  -11.668 0.0000000000
67413  -14.969  3.527  -12.013 0.0000000000
67414  -15.022  3.246  -11.971 0.0000000000
67419  -15.205  3.319  -12.049 0.0000000000
67420  -15.598  3.085  -12.561 0.0000000000
67428  -15.909  3.277  -12.960 0.0000000000
67429  -15.989  3.043  -12.994 0.0000000000
67442  -15.682  3.496  -13.033 0.0000000000
67443  -15.899  3.200  -13.149 0.0000000000
67444  -16.015  3.058  -13.035 0.0000000000
67460  -16.026  3.337  -13.207 0.0000000000
67461  -16.110  3.230  -13.267 0.0000000000
67473  -16.531  3.171  -13.952 0.0000000000
67474  -16.709  3.195  -14.061 0.0000000000
67475  -23.058  3.120  -13.996 0.0000000000
67476  -23.309  3.309  -13.947 0.0000000000
67477  -23.891  3.402  -13.937 0.0000000000
67478  -24.001  3.194  -13.964 0.0000000000
67491  -16.800  3.232  -14.178 0.0000000000
67492  -16.997  3.143  -14.220 0.0000000000
67493  -17.058  3.104  -14.156 0.0000000000
67494  -22.997  3.283  -14.168 0.0000000000
67495  -23.021  3.203  -14.050 0.0000000000
67496  -22.993  3.329  -14.000 0.0000000000
67497  -24.035  3.380  -14.010 0.0000000000
67498  -24.113  3.300  -14.052 0.0000000000
67508  -17.030  3.389  -14.280 0.0000000000
67509  -17.355  3.388  -14.588 0.0000000000
67510  -17.863  3.183  -14.904 0.0000000000
67511  -22.001  3.097  -14.902 0.0000000000
67512  -22.139  3.186  -14.655 0.0000000000
67513  -22.573  3.199  -14.453 0.0000000000
67520  -17.521  3.622  -14.983 0.0000000000
67521  -17.942  3.236  -14.995 0.0000000000
67522  -18.011  3.153  -14.996 0.0000000000
67523  -21.388  3.073  -15.055 0.0000000000
67524  -21.763  3.286  -15.018 0.0000000000
67525  -21.996  3.364  -14.823 0.0000000000
67526  -21.924  3.463  -15.022 0.0000000000
67535  -17.994  3.205  -15.003 0.0000000000
67536  -18.054  3.193  -15.088 0.0000000000
67537  -18.465  3.006  -15.406 0.0000000000
67538  -21.116  3.004  -15.312 0.0000000000
67539  -21.335  3.260  -15.381 0.0000000000
67540  -21.630  3.434  -15.045 0.0000000000
67550  -18.275  3.278  -15.404 0.0000000000
67551  -18.868  3.334  -15.819 0.0000000000
67552  -19.018  3.220  -15.768 0.0000000000
67553  -19.274  3.281  -15.745 0.0000000000
67554  -19.681  3.297  -15.770 0.0000000000
67555  -20.011  3.281  -15.781 0.0000000000
67556  -20.223  3.462  -15.688 0.0000000000
67557  -20.804  3.425  -15.664 0.0000000000
67558  -21.000  3.454  -15.605 0.0000000000
67559  -21.074  3.585  -15.507 0.0000000000
67568  -18.894  3.511  -15.984 0.0000000000
67569  -19.009  3.540  -15.982 0.0000000000
67570  -19.286  3.189  -16.003 0.0000000000
67571  -19.994  3.568  -16.004 0.0000000000
67572  -19.987  3.508  -15.879 0.0000000000
67573  -20.081  3.510  -15.861 0.0000000000
68301  -15.002  3.885  -10.990 0.0000000000
68303  -14.847  3.821  -10.987 0.0000000000
68306  -14.935  3.699  -11.351 0.0000000000
68308  -14.919  3.852  -11.899 0.0000000000
68310  -14.995  3.764  -12.041 0.0000000000
68311  -15.038  3.732  -12.042 0.0000000000
68313  -15.293  3.836  -12.448 0.0000000000
68314  -15.681  3.421  -12.938 0.0000000000
68320  -15.521  3.989  -12.879 0.0000000000
68321  -15.641  3.824  -13.065 0.0000000000
68332  -15.524  3.866  -13.089 0.0000000000
68333  -15.782  3.732  -13.147 0.0000000000
68348  -15.998  3.891  -13.163 0.0000000000
68349  -16.019  3.782  -13.445 0.0000000000
68360  -16.202  3.856  -13.670 0.0000000000
68361  -16.519  3.874  -14.009 0.0000000000
68362  -23.289  3.578  -14.009 0.0000000000
68363  -23.677  3.703  -13.917 0.0000000000
68375  -16.815  3.852  -14.121 0.0000000000
68376  -16.913  3.659  -14.133 0.0000000000
68377  -22.970  3.692  -14.380 0.0000000000
68378  -23.017  3.613  -14.239 0.0000000000
68379  -23.175  3.568  -14.153 0.0000000000
68380  -23.756  3.592  -14.151 0.0000000000
68381  -24.008  3.607  -14.239 0.0000000000
68391  -16.671  4.005  -14.502 0.0000000000
68392  -16.922  3.880  -14.594 0.0000000000
68393  -17.006  3.817  -14.658 0.0000000000
68394  -22.095  3.742  -15.028 0.0000000000
68395  -22.688  3.741  -14.685 0.0000000000
68396  -22.945  3.897  -14.526 0.0000000000
68397  -23.992  3.927  -14.560 0.0000000000
68404  -17.072  4.004  -14.818 0.0000000000
68405  -17.193  3.933  -14.950 0.0000000000
68406  -17.589  3.674  -14.995 0.0000000000
68407  -21.984  3.645  -14.857 0.0000000000
68408  -22.078  3.720  -14.941 0.0000000000
68409  -22.066  3.721  -14.974 0.0000000000
68417  -17.285  3.844  -14.991 0.0000000000
68418  -17.717  3.655  -15.216 0.0000000000
68419  -17.981  3.450  -15.309 0.0000000000
68420  -21.212  3.842  -15.550 0.0000000000
68421  -21.916  3.880  -15.439 0.0000000000
68422  -22.007  3.832  -15.031 0.0000000000
68429  -17.912  3.763  -15.561 0.0000000000
68430  -18.057  3.640  -15.562 0.0000000000
68431  -18.352  3.641  -15.922 0.0000000000
68432  -20.217  3.704  -15.931 0.0000000000
68433  -20.522  3.863  -15.803 0.0000000000
68434  -20.980  3.851  -15.682 0.0000000000
68435  -21.081  3.815  -15.606 0.0000000000
68444  -18.225  3.893  -15.987 0.0000000000
68445  -18.605  3.748  -15.997 0.0000000000
68446  -18.834  3.735  -16.099 0.0000000000
68447  -19.006  3.672  -16.125 0.0000000000
68448  -19.481  3.633  -16.123 0.0000000000
68449  -20.029  3.774  -16.030 0.0000000000
68450  -20.146  3.923  -15.947 0.0000000000
68451  -20.379  3.971  -15.994 0.0000000000
68459  -18.930  3.785  -16.264 0.0000000000
68460  -19.111  3.776  -16.280 0.0000000000
68461  -19.711  3.840  -16.305 0.0000000000
68462  -19.994  3.979  -16.183 0.0000000000
69164  -15.583  4.041  -10.005 0.0000000000
69169  -15.006  4.069  -10.560 0.0000000000
69171  -14.991  3.971  -10.948 0.0000000000
69174  -14.936  3.999  -11.126 0.0000000000
69177  -14.938  4.004  -11.574 0.0000000000
69180  -15.064  4.062  -11.976 0.0000000000
69181  -15.152  4.048  -12.002 0.0000000000
69183  -15.069  3.964  -12.018 0.0000000000
69184  -15.217  4.010  -12.091 0.0000000000
69186  -15.274  4.031  -12.756 0.0000000000
69188  -15.556  4.000  -12.994 0.0000000000
69189  -15.637  3.996  -13.015 0.0000000000
69196  -15.715  4.001  -13.145 0.0000000000
69197  -15.980  4.003  -13.124 0.0000000000
69212  -15.961  3.982  -13.436 0.0000000000
69213  -16.038  3.987  -13.494 0.0000000000
69214  -16.145  3.987  -13.618 0.0000000000
69228  -16.105  4.068  -13.787 0.0000000000
69229  -16.479  4.013  -13.899 0.0000000000
69230  -16.697  3.991  -14.044 0.0000000000
69242  -16.446  3.993  -13.973 0.0000000000
69243  -16.585  4.001  -14.097 0.0000000000
69244  -23.023  3.956  -14.316 0.0000000000
69245  -23.486  3.957  -14.306 0.0000000000
69246  -23.813  4.001  -14.423 0.0000000000
69257  -16.973  4.037  -14.626 0.0000000000
69258  -17.055  4.088  -14.813 0.0000000000
69259  -22.283  4.003  -14.900 0.0000000000
69260  -22.860  4.102  -14.679 0.0000000000
69261  -23.011  4.017  -14.549 0.0000000000
69262  -23.261  4.098  -14.523 0.0000000000
69263  -23.863  4.051  -14.704 0.0000000000
69264  -24.013  4.014  -14.917 0.0000000000
69271  -17.068  4.053  -14.963 0.0000000000
69272  -17.127  4.012  -14.966 0.0000000000
69273  -22.052  3.986  -14.985 0.0000000000
69274  -22.141  4.029  -14.998 0.0000000000
69275  -22.502  4.127  -14.886 0.0000000000
69276  -23.903  4.071  -14.881 0.0000000000
69284  -17.091  4.148  -15.031 0.0000000000
69285  -17.254  4.013  -15.101 0.0000000000
69286  -17.520  3.885  -15.272 0.0000000000
69287  -21.148  4.005  -15.660 0.0000000000
69288  -21.740  3.971  -15.304 0.0000000000
69289  -22.008  4.014  -15.063 0.0000000000
69297  -17.659  4.023  -15.537 0.0000000000
69298  -17.769  4.002  -15.694 0.0000000000
69299  -18.006  3.983  -15.823 0.0000000000
69300  -20.609  3.990  -15.879 0.0000000000
69301  -20.807  4.057  -15.790 0.0000000000
69302  -20.962  4.012  -15.688 0.0000000000
69303  -21.288  4.044  -15.559 0.0000000000
69312  -18.000  4.073  -15.890 0.0000000000
69313  -18.029  4.009  -16.007 0.0000000000
69314  -18.303  3.943  -16.019 0.0000000000
69315  -18.711  3.910  -16.033 0.0000000000
69316  -19.986  3.909  -16.106 0.0000000000
69317  -20.106  3.969  -16.069 0.0000000000
69318  -20.391  4.010  -16.023 0.0000000000
69319  -20.721  4.113  -15.942 0.0000000000
69327  -17.999  4.050  -16.055 0.0000000000
69328  -18.188  4.000  -16.089 0.0000000000
69329  -18.704  3.989  -16.187 0.0000000000
69330  -19.010  4.009  -16.355 0.0000000000
69331  -19.420  3.996  -16.309 0.0000000000
69332  -19.949  4.016  -16.235 0.0000000000
69333  -19.977  4.011  -16.169 0.0000000000
70022  -17.002  4.227  -9.936 0.0000000000
70034  -15.482  3.994  -10.008 0.0000000000
70035  -15.783  4.239  -10.009 0.0000000000
70039  -16.976  4.608  -9.999 0.0000000000
70051  -15.247  4.121  -10.405 0.0000000000
70052  -15.634  4.438  -10.081 0.0000000000
70056  -15.009  4.330  -10.919 0.0000000000
70061  -14.942  4.204  -11.297 0.0000000000
70064  -14.985  4.221  -11.899 0.0000000000
70065  -15.195  4.419  -11.980 0.0000000000
70068  -15.229  4.425  -12.095 0.0000000000
70070  -15.239  4.509  -12.476 0.0000000000
70072  -15.399  4.457  -12.908 0.0000000000
70073  -15.535  4.197  -12.988 0.0000000000
70078  -15.305  4.566  -13.007 0.0000000000
70079  -15.587  4.393  -13.190 0.0000000000
70093  -15.868  4.200  -13.585 0.0000000000
70094  -15.998  4.261  -13.936 0.0000000000
70108  -16.170  4.390  -13.883 0.0000000000
70109  -16.197  4.374  -14.002 0.0000000000
70120  -16.361  4.316  -14.048 0.0000000000
70121  -16.954  4.258  -14.272 0.0000000000
70132  -16.929  4.400  -14.851 0.0000000000
70133  -16.982  4.150  -14.974 0.0000000000
70134  -23.016  4.212  -14.468 0.0000000000
70135  -22.983  4.294  -14.605 0.0000000000
70136  -23.389  4.352  -14.698 0.0000000000
70137  -23.819  4.308  -14.845 0.0000000000
70144  -16.969  4.409  -14.915 0.0000000000
70145  -17.030  4.295  -15.002 0.0000000000
70146  -22.083  4.047  -14.980 0.0000000000
70147  -22.377  4.236  -14.959 0.0000000000
70148  -22.785  4.359  -14.774 0.0000000000
70149  -23.026  4.481  -14.910 0.0000000000
70150  -23.385  4.628  -14.987 0.0000000000
70151  -23.863  4.104  -15.006 0.0000000000
70158  -17.043  4.370  -15.107 0.0000000000
70159  -17.328  4.440  -15.504 0.0000000000
70160  -21.975  4.227  -15.177 0.0000000000
70161  -22.004  4.212  -15.063 0.0000000000
70162  -21.992  4.247  -14.989 0.0000000000
70163  -23.572  4.467  -15.084 0.0000000000
70170  -17.776  4.258  -15.882 0.0000000000
70171  -17.937  4.135  -15.957 0.0000000000
70172  -20.937  4.157  -15.791 0.0000000000
70173  -21.011  4.217  -15.721 0.0000000000
70174  -21.612  4.259  -15.585 0.0000000000
70181  -17.967  4.272  -16.002 0.0000000000
70182  -17.890  4.206  -15.998 0.0000000000
70183  -20.280  4.054  -16.069 0.0000000000
70184  -20.607  4.321  -16.029 0.0000000000
70185  -20.976  4.294  -16.002 0.0000000000
70186  -21.021  4.592  -16.010 0.0000000000
70193  -17.851  4.413  -16.111 0.0000000000
70194  -18.001  4.284  -16.164 0.0000000000
70195  -18.478  4.415  -16.445 0.0000000000
70196  -18.988  4.092  -16.360 0.0000000000
70197  -19.102  4.110  -16.359 0.0000000000
70198  -19.666  4.177  -16.354 0.0000000000
70199  -20.039  4.250  -16.347 0.0000000000
70200  -20.148  4.208  -16.272 0.0000000000
70201  -20.464  4.532  -16.271 0.0000000000
70208  -18.763  4.827  -16.752 0.0000000000
70209  -18.929  4.650  -16.746 0.0000000000
70210  -19.014  4.535  -16.665 0.0000000000
70211  -19.403  4.501  -16.653 0.0000000000
70212  -19.920  4.632  -16.532 0.0000000000
70908  -16.438  4.827  -10.055 0.0000000000
70909  -16.972  4.840  -10.071 0.0000000000
70911  -17.398  4.917  -10.046 0.0000000000
70912  -17.966  4.825  -10.154 0.0000000000
70922  -15.645  4.990  -10.372 0.0000000000
70923  -15.960  4.751  -10.188 0.0000000000
70924  -16.011  4.899  -10.256 0.0000000000
70925  -16.144  4.699  -10.203 0.0000000000
70927  -18.025  4.899  -10.362 0.0000000000
70936  -15.286  4.761  -10.912 0.0000000000
70940  -15.191  4.585  -11.078 0.0000000000
70941  -15.243  4.839  -10.994 0.0000000000
70943  -15.087  4.707  -11.035 0.0000000000
70944  -15.278  4.932  -11.114 0.0000000000
70946  -14.947  4.529  -11.500 0.0000000000
70947  -15.268  4.898  -11.698 0.0000000000
70950  -15.291  4.888  -12.014 0.0000000000
70953  -15.250  4.939  -12.213 0.0000000000
70955  -15.326  4.996  -12.784 0.0000000000
70957  -15.330  4.929  -12.961 0.0000000000
70958  -15.336  4.953  -13.099 0.0000000000
70971  -15.634  4.961  -13.631 0.0000000000
70972  -16.004  4.659  -13.829 0.0000000000
70988  -15.803  5.011  -13.914 0.0000000000
70989  -15.987  4.822  -13.987 0.0000000000
70990  -16.132  4.709  -14.007 0.0000000000
71004  -15.982  5.017  -13.989 0.0000000000
71005  -16.102  4.852  -14.114 0.0000000000
71006  -16.264  4.814  -14.192 0.0000000000
71016  -16.412  5.038  -14.447 0.0000000000
71017  -16.723  4.956  -14.835 0.0000000000
71023  -16.805  4.763  -15.032 0.0000000000
71024  -16.997  4.910  -14.987 0.0000000000
71025  -22.309  4.561  -15.017 0.0000000000
71026  -22.625  4.610  -14.967 0.0000000000
71027  -22.975  4.660  -14.966 0.0000000000
71028  -23.004  4.722  -15.029 0.0000000000
71035  -16.865  4.818  -15.204 0.0000000000
71036  -17.025  4.778  -15.287 0.0000000000
71037  -17.068  4.839  -15.440 0.0000000000
71038  -21.986  4.630  -15.458 0.0000000000
71039  -22.019  4.804  -15.349 0.0000000000
71040  -22.346  4.819  -15.170 0.0000000000
71041  -22.915  4.797  -15.206 0.0000000000
71042  -22.971  4.821  -15.155 0.0000000000
71043  -23.175  4.895  -15.244 0.0000000000
71052  -17.067  5.021  -15.576 0.0000000000
71053  -17.389  4.950  -15.852 0.0000000000
71054  -17.782  4.664  -16.019 0.0000000000
71055  -21.262  4.688  -15.719 0.0000000000
71056  -21.732  4.941  -15.715 0.0000000000
71067  -17.495  4.968  -15.967 0.0000000000
71068  -17.746  4.772  -16.104 0.0000000000
71069  -20.998  4.716  -16.054 0.0000000000
71070  -21.021  4.889  -16.061 0.0000000000
71078  -17.835  4.738  -16.288 0.0000000000
71079  -18.027  4.944  -16.579 0.0000000000
71080  -18.440  4.888  -16.722 0.0000000000
71081  -20.010  4.596  -16.427 0.0000000000
71082  -20.111  4.979  -16.385 0.0000000000
71083  -20.901  4.920  -16.232 0.0000000000
71084  -20.993  4.971  -16.151 0.0000000000
71089  -18.284  5.005  -16.782 0.0000000000
71090  -18.766  4.974  -16.788 0.0000000000
71091  -18.980  4.943  -16.759 0.0000000000
71093  -19.775  4.948  -16.726 0.0000000000
71094  -20.017  4.925  -16.704 0.0000000000
71776  -16.337  4.987  -10.012 0.0000000000
71777  -16.602  4.966  -10.066 0.0000000000
71786  -15.834  5.015  -10.415 0.0000000000
71787  -15.986  4.999  -10.384 0.0000000000
71793  -17.975  4.992  -10.339 0.0000000000
71794  -18.106  4.992  -10.365 0.0000000000
71795  -18.604  4.982  -10.366 0.0000000000
71796  -19.007  4.998  -10.370 0.0000000000
71797  -19.246  4.989  -10.476 0.0000000000
71803  -15.315  4.961  -10.980 0.0000000000
71804  -15.549  5.031  -10.802 0.0000000000
71805  -15.844  5.064  -10.520 0.0000000000
71808  -15.357  5.021  -11.002 0.0000000000
71809  -15.436  5.080  -10.954 0.0000000000
71812  -15.286  5.016  -11.425 0.0000000000
71814  -15.283  5.004  -11.933 0.0000000000
71816  -15.278  5.016  -12.013 0.0000000000
71819  -15.213  5.043  -12.442 0.0000000000
71822  -15.278  5.005  -12.947 0.0000000000
71824  -15.303  5.040  -12.988 0.0000000000
71825  -15.368  5.072  -13.084 0.0000000000
71836  -15.643  5.123  -13.625 0.0000000000
71855  -15.856  5.072  -13.919 0.0000000000
71856  -15.925  5.159  -13.994 0.0000000000
71870  -15.972  4.978  -14.056 0.0000000000
71871  -16.105  5.000  -14.123 0.0000000000
71880  -16.364  5.031  -14.613 0.0000000000
71881  -16.520  5.004  -14.656 0.0000000000
71887  -16.568  5.113  -14.965 0.0000000000
71888  -16.684  5.063  -14.990 0.0000000000
71895  -16.788  4.983  -15.232 0.0000000000
71896  -16.922  4.924  -15.331 0.0000000000
71897  -21.995  4.980  -15.578 0.0000000000
71898  -22.186  4.971  -15.498 0.0000000000
71899  -22.821  4.989  -15.350 0.0000000000
71900  -23.010  4.951  -15.301 0.0000000000
71901  -23.028  4.996  -15.239 0.0000000000
71908  -16.995  5.029  -15.475 0.0000000000
71909  -16.992  5.015  -15.675 0.0000000000
71913  -22.058  5.067  -15.512 0.0000000000
71923  -17.098  5.147  -15.864 0.0000000000
71925  -17.801  5.030  -16.011 0.0000000000
71926  -20.988  5.022  -16.064 0.0000000000
71927  -21.093  5.052  -16.018 0.0000000000
71938  -17.997  4.988  -16.323 0.0000000000
71941  -20.985  5.022  -16.214 0.0000000000
72695  -15.996  5.025  -10.418 0.0000000000
72696  -16.409  5.110  -10.309 0.0000000000
72697  -16.959  5.383  -10.335 0.0000000000
72698  -17.057  5.505  -10.433 0.0000000000
72699  -17.334  5.490  -10.169 0.0000000000
72700  -17.958  5.269  -10.368 0.0000000000
72701  -18.011  5.252  -10.389 0.0000000000
72702  -18.260  5.197  -10.291 0.0000000000
72703  -18.792  5.324  -10.412 0.0000000000
72704  -19.010  5.197  -10.357 0.0000000000
72705  -19.350  5.087  -10.342 0.0000000000
72712  -15.711  5.450  -10.822 0.0000000000
72713  -16.016  5.540  -10.744 0.0000000000
72714  -16.445  5.698  -10.932 0.0000000000
72715  -16.816  5.876  -10.676 0.0000000000
72716  -17.975  5.597  -10.613 0.0000000000
72717  -18.033  5.533  -10.653 0.0000000000
72718  -18.517  5.596  -10.696 0.0000000000
72719  -18.995  5.635  -10.701 0.0000000000
72720  -19.083  5.517  -10.625 0.0000000000
72721  -19.480  5.495  -10.603 0.0000000000
72726  -15.484  5.313  -11.069 0.0000000000
72727  -15.569  5.652  -11.015 0.0000000000
72730  -15.268  5.404  -11.737 0.0000000000
72733  -15.245  5.404  -11.994 0.0000000000
72735  -15.271  5.440  -12.163 0.0000000000
72737  -15.285  5.460  -12.640 0.0000000000
72740  -15.284  5.377  -12.973 0.0000000000
72743  -15.305  5.478  -13.021 0.0000000000
72744  -15.366  5.317  -13.127 0.0000000000
72749  -15.269  5.742  -13.275 0.0000000000
72750  -15.666  5.546  -13.956 0.0000000000
72769  -15.848  5.415  -13.970 0.0000000000
72770  -16.009  5.064  -14.021 0.0000000000
72784  -15.746  5.596  -14.089 0.0000000000
72785  -15.981  5.330  -14.278 0.0000000000
72786  -16.202  5.389  -14.329 0.0000000000
72794  -16.002  5.790  -14.784 0.0000000000
72795  -16.368  5.432  -14.943 0.0000000000
72803  -16.264  5.615  -14.959 0.0000000000
72804  -16.409  5.506  -14.998 0.0000000000
72805  -16.692  5.056  -15.067 0.0000000000
72812  -16.431  5.427  -14.993 0.0000000000
72813  -16.669  5.342  -15.165 0.0000000000
72833  -21.336  5.101  -16.018 0.0000000000
72863  -17.947  5.627  -17.059 0.0000000000
73561  -17.002  5.707  -10.484 0.0000000000
73562  -17.063  5.851  -10.601 0.0000000000
73563  -17.598  5.843  -10.625 0.0000000000
73564  -17.978  5.691  -10.616 0.0000000000
73574  -15.889  5.981  -10.822 0.0000000000
73575  -16.050  5.949  -10.810 0.0000000000
73577  -16.955  5.897  -10.657 0.0000000000
73578  -17.010  5.981  -10.779 0.0000000000
73583  -18.935  5.990  -10.783 0.0000000000
73584  -19.088  5.998  -10.901 0.0000000000
73594  -15.532  5.839  -10.959 0.0000000000
73595  -15.848  5.968  -11.010 0.0000000000
73596  -15.953  6.018  -10.983 0.0000000000
73597  -19.240  5.997  -11.000 0.0000000000
73602  -15.393  5.846  -11.370 0.0000000000
73603  -15.763  5.984  -11.080 0.0000000000
73606  -15.227  5.778  -11.983 0.0000000000
73611  -15.288  5.888  -12.376 0.0000000000
73613  -15.309  5.920  -12.897 0.0000000000
73616  -15.277  5.915  -12.985 0.0000000000
73620  -15.239  5.965  -13.153 0.0000000000
73621  -15.530  5.986  -13.609 0.0000000000
73640  -15.644  5.954  -14.000 0.0000000000
73655  -15.657  6.007  -14.134 0.0000000000
73656  -15.894  5.839  -14.296 0.0000000000
73663  -15.818  5.956  -14.565 0.0000000000
73664  -15.898  5.746  -14.986 0.0000000000
73672  -15.983  5.878  -14.944 0.0000000000
73673  -16.212  5.766  -15.011 0.0000000000
73680  -16.012  5.949  -15.040 0.0000000000
73681  -16.222  5.931  -15.101 0.0000000000
73719  -21.015  5.987  -16.686 0.0000000000
74390  -16.026  6.022  -10.937 0.0000000000
74391  -16.093  6.026  -10.797 0.0000000000
74392  -16.683  6.184  -10.791 0.0000000000
74397  -18.287  6.097  -10.695 0.0000000000
74398  -18.735  6.079  -10.807 0.0000000000
74399  -18.995  6.026  -10.847 0.0000000000
74410  -15.884  6.065  -11.031 0.0000000000
74411  -16.017  6.070  -10.989 0.0000000000
74412  -16.135  6.071  -10.934 0.0000000000
74413  -16.758  5.997  -11.010 0.0000000000
74414  -17.942  6.153  -10.898 0.0000000000
74415  -18.047  6.190  -10.945 0.0000000000
74416  -18.445  6.138  -10.962 0.0000000000
74417  -18.989  6.213  -10.980 0.0000000000
74418  -19.033  6.092  -10.997 0.0000000000
74425  -15.270  6.005  -11.798 0.0000000000
74426  -15.706  6.007  -11.148 0.0000000000
74434  -15.288  6.008  -12.725 0.0000000000
74436  -15.286  6.009  -13.007 0.0000000000
74439  -15.251  6.130  -13.069 0.0000000000
74448  -15.456  5.979  -13.408 0.0000000000
74449  -15.681  5.982  -13.927 0.0000000000
74468  -15.631  6.070  -13.988 0.0000000000
74481  -15.707  5.967  -14.021 0.0000000000
74488  -15.766  6.087  -14.508 0.0000000000
74489  -15.946  5.972  -14.821 0.0000000000
74497  -15.808  6.199  -14.834 0.0000000000
74498  -15.929  6.096  -14.881 0.0000000000
74504  -15.998  6.052  -15.090 0.0000000000
74505  -16.093  5.955  -15.095 0.0000000000
74521  -16.330  6.124  -15.985 0.0000000000
74524  -21.187  5.997  -16.500 0.0000000000
74525  -21.637  6.023  -16.323 0.0000000000
75205  -16.972  6.475  -10.816 0.0000000000
75206  -17.022  6.495  -10.877 0.0000000000
75207  -17.517  6.367  -10.736 0.0000000000
75208  -17.972  6.229  -10.684 0.0000000000
75219  -16.000  6.277  -11.020 0.0000000000
75220  -16.058  6.284  -11.087 0.0000000000
75221  -16.372  6.588  -11.015 0.0000000000
75225  -17.814  6.436  -10.968 0.0000000000
75228  -18.971  6.383  -11.115 0.0000000000
75229  -19.090  6.206  -11.044 0.0000000000
75240  -15.405  6.363  -11.497 0.0000000000
75242  -15.924  6.645  -11.191 0.0000000000
75252  -15.523  6.724  -11.686 0.0000000000
75262  -15.295  6.331  -12.957 0.0000000000
75264  -15.266  6.502  -12.995 0.0000000000
75277  -15.230  6.524  -13.218 0.0000000000
75278  -15.703  6.333  -13.860 0.0000000000
75297  -15.308  6.694  -13.969 0.0000000000
75298  -15.565  6.468  -14.013 0.0000000000
75311  -15.793  6.389  -14.046 0.0000000000
75327  -15.971  6.170  -15.018 0.0000000000
76044  -16.072  6.621  -11.310 0.0000000000
76051  -18.023  6.663  -11.094 0.0000000000
76052  -18.752  6.702  -11.244 0.0000000000
76067  -16.168  7.010  -11.392 0.0000000000
76141  -15.456  6.786  -13.991 0.0000000000
76965  -15.999  7.011  -11.581 0.0000000000
76989  -15.969  7.237  -11.738 0.0000000000
76990  -16.023  7.419  -11.812 0.0000000000
77006  -15.396  7.006  -12.172 0.0000000000
77013  -15.277  7.002  -12.722 0.0000000000
77014  -15.327  7.206  -12.869 0.0000000000
77929  -15.892  7.532  -11.862 0.0000000000
