#!ascii label  , from subject  vox2ras=TkReg
27
81664  -22.049  9.036  -17.870 0.0000000000
81665  -22.090  9.013  -17.796 0.0000000000
81668  -22.058  9.016  -18.034 0.0000000000
81672  -22.013  9.002  -18.299 0.0000000000
82458  -21.969  9.020  -17.786 0.0000000000
82466  -21.954  9.270  -17.942 0.0000000000
82467  -21.974  9.092  -17.979 0.0000000000
82469  -21.726  9.376  -18.041 0.0000000000
82470  -21.984  9.023  -18.174 0.0000000000
82473  -21.883  9.014  -18.602 0.0000000000
83191  -21.629  9.713  -17.966 0.0000000000
83193  -21.274  9.866  -17.898 0.0000000000
83194  -21.595  9.573  -17.993 0.0000000000
83197  -21.568  9.790  -18.388 0.0000000000
83886  -20.991  10.099  -17.914 0.0000000000
83887  -21.102  10.004  -17.912 0.0000000000
83891  -20.979  9.956  -17.930 0.0000000000
83892  -21.148  10.018  -17.986 0.0000000000
83893  -21.354  9.876  -17.981 0.0000000000
83896  -21.324  10.079  -18.423 0.0000000000
83897  -21.325  9.953  -18.070 0.0000000000
84639  -20.611  10.467  -18.554 0.0000000000
84640  -20.993  10.369  -18.309 0.0000000000
84641  -21.161  10.236  -18.169 0.0000000000
84646  -21.216  10.260  -18.648 0.0000000000
85345  -20.204  10.711  -18.238 0.0000000000
86087  -19.959  11.126  -18.972 0.0000000000
