#!ascii label  , from subject  vox2ras=TkReg
264
85400  -13.296  10.912  -21.007 0.0000000000
85406  -13.456  10.954  -21.106 0.0000000000
86136  -12.829  11.021  -21.293 0.0000000000
87606  -12.996  11.836  -20.926 0.0000000000
87611  -12.817  11.998  -21.217 0.0000000000
87614  -12.010  11.934  -21.724 0.0000000000
88327  -14.071  12.028  -20.342 0.0000000000
88352  -12.567  12.050  -21.357 0.0000000000
88356  -11.946  11.946  -21.652 0.0000000000
89087  -17.035  12.431  -20.517 0.0000000000
89088  -17.256  12.520  -20.616 0.0000000000
89823  -14.015  12.855  -19.072 0.0000000000
89844  -15.855  13.017  -19.507 0.0000000000
89845  -16.065  13.018  -19.525 0.0000000000
89872  -16.228  12.910  -20.977 0.0000000000
89873  -16.672  12.967  -20.964 0.0000000000
89879  -13.679  12.946  -21.229 0.0000000000
89880  -13.991  12.993  -21.226 0.0000000000
89881  -14.120  12.974  -21.255 0.0000000000
89886  -16.029  12.921  -21.364 0.0000000000
89889  -12.027  12.915  -21.667 0.0000000000
89890  -12.036  12.898  -21.618 0.0000000000
89891  -12.590  12.970  -21.670 0.0000000000
89892  -15.002  13.001  -21.590 0.0000000000
89893  -15.042  12.923  -21.475 0.0000000000
89895  -15.991  12.935  -21.336 0.0000000000
90624  -13.520  12.989  -18.875 0.0000000000
90640  -16.026  13.092  -19.687 0.0000000000
90641  -16.366  13.184  -19.737 0.0000000000
90645  -14.124  13.483  -19.631 0.0000000000
90648  -14.991  13.403  -19.640 0.0000000000
90650  -15.997  13.467  -19.866 0.0000000000
90655  -16.025  13.418  -20.013 0.0000000000
90663  -16.298  13.010  -20.971 0.0000000000
90664  -16.438  12.990  -20.943 0.0000000000
90667  -12.712  12.943  -21.404 0.0000000000
90671  -13.848  13.011  -21.275 0.0000000000
90672  -13.980  12.991  -21.268 0.0000000000
90673  -14.179  12.969  -21.263 0.0000000000
90674  -14.652  12.996  -21.310 0.0000000000
90675  -15.954  13.021  -21.372 0.0000000000
90676  -16.171  13.099  -21.328 0.0000000000
90679  -12.017  13.016  -21.640 0.0000000000
90680  -12.266  13.000  -21.468 0.0000000000
90684  -13.902  13.008  -21.482 0.0000000000
90685  -14.015  13.053  -21.390 0.0000000000
90686  -14.303  12.987  -21.465 0.0000000000
90687  -14.888  13.001  -21.518 0.0000000000
90688  -14.990  13.014  -21.590 0.0000000000
90689  -15.193  13.001  -21.737 0.0000000000
90690  -15.864  13.028  -21.524 0.0000000000
90691  -16.080  13.118  -21.627 0.0000000000
90692  -14.778  12.974  -21.724 0.0000000000
90693  -14.955  13.198  -21.785 0.0000000000
90694  -14.992  13.111  -21.845 0.0000000000
90695  -15.438  13.038  -21.904 0.0000000000
90696  -15.977  13.185  -21.817 0.0000000000
91425  -13.062  14.018  -18.856 0.0000000000
91435  -12.980  13.769  -19.154 0.0000000000
91440  -13.004  13.727  -19.527 0.0000000000
91441  -13.006  13.728  -19.639 0.0000000000
91442  -13.787  13.548  -19.769 0.0000000000
91443  -13.882  13.486  -19.711 0.0000000000
91444  -14.009  13.497  -19.712 0.0000000000
91447  -13.349  13.854  -20.018 0.0000000000
91448  -13.887  13.646  -19.988 0.0000000000
91449  -13.981  13.580  -19.995 0.0000000000
91450  -14.119  13.519  -19.994 0.0000000000
91452  -15.003  13.454  -19.956 0.0000000000
91453  -15.180  13.703  -19.971 0.0000000000
91454  -15.588  13.529  -19.997 0.0000000000
91455  -15.988  13.396  -20.049 0.0000000000
91458  -14.009  13.671  -20.106 0.0000000000
91459  -14.492  13.642  -20.026 0.0000000000
91460  -14.971  13.537  -20.035 0.0000000000
91461  -15.091  13.550  -20.045 0.0000000000
91462  -15.240  13.603  -19.930 0.0000000000
91463  -15.707  13.570  -20.149 0.0000000000
91464  -16.005  13.485  -20.140 0.0000000000
91476  -16.281  13.417  -21.467 0.0000000000
91478  -11.980  13.468  -21.733 0.0000000000
91479  -11.983  13.453  -21.607 0.0000000000
91483  -13.476  13.363  -21.844 0.0000000000
91484  -13.874  13.440  -21.705 0.0000000000
91485  -13.979  13.387  -21.739 0.0000000000
91486  -14.302  13.229  -21.707 0.0000000000
91488  -16.071  13.529  -21.596 0.0000000000
91489  -16.135  13.438  -21.702 0.0000000000
91491  -13.158  13.894  -22.000 0.0000000000
91492  -13.719  13.890  -22.003 0.0000000000
91493  -14.011  13.835  -21.993 0.0000000000
91494  -14.067  13.785  -21.982 0.0000000000
91495  -14.720  13.682  -21.985 0.0000000000
91496  -15.011  13.600  -21.991 0.0000000000
91497  -15.147  13.480  -21.989 0.0000000000
91498  -15.660  13.601  -21.986 0.0000000000
92291  -12.963  14.009  -18.522 0.0000000000
92296  -12.762  14.000  -18.980 0.0000000000
92297  -12.743  13.797  -18.906 0.0000000000
92300  -12.729  13.979  -19.024 0.0000000000
92301  -12.880  13.922  -19.059 0.0000000000
92304  -12.583  14.006  -19.008 0.0000000000
92305  -12.873  13.951  -19.504 0.0000000000
92306  -12.981  13.902  -19.681 0.0000000000
92309  -12.997  14.016  -19.839 0.0000000000
92310  -13.099  13.976  -19.887 0.0000000000
92311  -13.511  13.892  -20.019 0.0000000000
92312  -13.851  13.767  -20.020 0.0000000000
92314  -13.162  14.082  -19.997 0.0000000000
92315  -13.457  13.988  -20.175 0.0000000000
92316  -13.900  13.873  -20.211 0.0000000000
92317  -14.297  13.815  -20.302 0.0000000000
92318  -14.776  13.823  -20.307 0.0000000000
92319  -14.978  13.819  -20.375 0.0000000000
92320  -15.053  13.828  -20.372 0.0000000000
92321  -15.416  13.711  -20.218 0.0000000000
92324  -13.843  13.980  -20.634 0.0000000000
92325  -13.993  13.916  -20.671 0.0000000000
92326  -14.771  13.989  -20.389 0.0000000000
92327  -15.018  14.006  -20.774 0.0000000000
92328  -15.086  13.883  -20.791 0.0000000000
92333  -13.885  14.019  -20.778 0.0000000000
92334  -13.997  13.996  -20.997 0.0000000000
92335  -14.340  14.026  -20.914 0.0000000000
92336  -14.974  14.065  -20.967 0.0000000000
92337  -15.114  14.043  -20.919 0.0000000000
92338  -15.478  13.997  -20.917 0.0000000000
92341  -11.909  14.009  -21.601 0.0000000000
92344  -11.974  13.823  -21.755 0.0000000000
92345  -11.890  13.985  -21.578 0.0000000000
92346  -12.009  13.970  -21.627 0.0000000000
92349  -15.479  14.026  -21.791 0.0000000000
92352  -12.933  13.972  -21.998 0.0000000000
92353  -12.995  13.922  -21.923 0.0000000000
92354  -13.420  14.004  -21.938 0.0000000000
92355  -13.977  14.059  -22.012 0.0000000000
92356  -14.053  14.073  -21.991 0.0000000000
92357  -14.526  14.072  -22.005 0.0000000000
92358  -14.919  14.001  -21.945 0.0000000000
92359  -15.006  13.860  -21.939 0.0000000000
92360  -15.260  13.912  -21.986 0.0000000000
92361  -15.736  14.009  -21.957 0.0000000000
93127  -13.192  14.372  -18.133 0.0000000000
93130  -12.711  13.985  -18.643 0.0000000000
93131  -13.003  14.213  -18.377 0.0000000000
93135  -12.632  14.161  -18.960 0.0000000000
93138  -12.552  14.228  -18.996 0.0000000000
93141  -12.500  14.256  -19.427 0.0000000000
93142  -12.874  14.016  -19.864 0.0000000000
93145  -12.580  14.250  -19.986 0.0000000000
93147  -13.070  14.141  -19.923 0.0000000000
93149  -12.773  14.219  -20.000 0.0000000000
93150  -12.999  14.212  -19.998 0.0000000000
93151  -13.083  14.148  -20.098 0.0000000000
93152  -13.559  14.193  -20.143 0.0000000000
93154  -13.008  14.241  -20.370 0.0000000000
93155  -13.026  14.081  -20.442 0.0000000000
93156  -13.778  14.179  -20.549 0.0000000000
93157  -13.978  14.070  -20.830 0.0000000000
93160  -13.293  14.140  -21.008 0.0000000000
93161  -13.774  14.336  -20.935 0.0000000000
93162  -13.986  14.208  -20.946 0.0000000000
93163  -14.056  14.142  -20.923 0.0000000000
93164  -14.598  14.133  -20.977 0.0000000000
93165  -14.992  14.145  -20.984 0.0000000000
93166  -15.174  14.143  -21.002 0.0000000000
93167  -15.433  14.165  -21.005 0.0000000000
93169  -11.705  14.077  -21.548 0.0000000000
93170  -13.772  14.561  -20.990 0.0000000000
93171  -13.964  14.185  -21.101 0.0000000000
93172  -14.000  14.209  -21.147 0.0000000000
93173  -14.650  14.133  -21.137 0.0000000000
93174  -14.993  14.130  -21.121 0.0000000000
93175  -15.154  14.316  -21.223 0.0000000000
93177  -12.000  14.072  -21.503 0.0000000000
93179  -12.391  13.999  -21.725 0.0000000000
93180  -12.952  14.215  -21.904 0.0000000000
93181  -13.013  14.227  -21.836 0.0000000000
93182  -13.487  14.364  -21.554 0.0000000000
93183  -13.993  14.087  -21.611 0.0000000000
93184  -14.191  14.327  -21.606 0.0000000000
93185  -14.745  14.113  -21.638 0.0000000000
93186  -15.018  14.229  -21.625 0.0000000000
93187  -15.299  14.123  -21.753 0.0000000000
93188  -15.588  14.017  -21.603 0.0000000000
93189  -12.796  14.009  -21.758 0.0000000000
93190  -13.000  14.022  -21.897 0.0000000000
93191  -13.199  14.006  -21.918 0.0000000000
93192  -13.798  14.125  -21.969 0.0000000000
93193  -14.019  14.169  -21.863 0.0000000000
93194  -14.432  14.227  -21.900 0.0000000000
93195  -14.917  14.158  -21.922 0.0000000000
93196  -14.967  14.059  -21.920 0.0000000000
93197  -15.005  14.099  -21.941 0.0000000000
93990  -13.085  14.799  -17.986 0.0000000000
93992  -12.561  14.546  -18.608 0.0000000000
93993  -12.998  14.817  -18.357 0.0000000000
93996  -12.472  14.666  -18.976 0.0000000000
94000  -12.376  14.794  -19.171 0.0000000000
94004  -12.170  14.795  -19.710 0.0000000000
94007  -12.254  14.637  -20.018 0.0000000000
94010  -12.805  14.513  -20.250 0.0000000000
94011  -12.983  14.260  -20.401 0.0000000000
94014  -12.968  14.652  -20.849 0.0000000000
94015  -12.980  14.501  -20.876 0.0000000000
94016  -13.058  14.376  -20.706 0.0000000000
94021  -12.987  14.590  -20.932 0.0000000000
94022  -13.081  14.513  -20.885 0.0000000000
94023  -13.533  14.485  -20.983 0.0000000000
94025  -11.905  14.532  -21.436 0.0000000000
94028  -13.024  14.743  -20.993 0.0000000000
94029  -13.023  14.556  -21.015 0.0000000000
94030  -13.382  14.533  -20.991 0.0000000000
94033  -12.400  14.534  -21.566 0.0000000000
94034  -12.994  14.619  -21.352 0.0000000000
94035  -13.013  14.602  -21.255 0.0000000000
94036  -13.284  14.697  -21.061 0.0000000000
94885  -13.025  14.989  -18.061 0.0000000000
94886  -13.092  15.012  -18.026 0.0000000000
94890  -12.915  14.945  -18.162 0.0000000000
94896  -12.298  15.007  -19.270 0.0000000000
94897  -12.406  14.961  -19.062 0.0000000000
94899  -12.160  14.996  -19.705 0.0000000000
94900  -12.204  15.003  -19.372 0.0000000000
94906  -12.007  15.022  -20.064 0.0000000000
94909  -12.002  14.929  -20.601 0.0000000000
94915  -11.790  14.944  -21.028 0.0000000000
95917  -13.032  15.325  -18.092 0.0000000000
95918  -13.096  15.260  -18.051 0.0000000000
95922  -12.947  15.083  -18.079 0.0000000000
95928  -12.463  15.145  -19.005 0.0000000000
95933  -12.103  15.198  -20.085 0.0000000000
95936  -12.255  15.265  -20.094 0.0000000000
95939  -12.055  15.150  -20.863 0.0000000000
95940  -12.105  15.077  -20.439 0.0000000000
95945  -11.439  14.999  -21.153 0.0000000000
95946  -11.751  15.042  -21.085 0.0000000000
96819  -15.031  15.852  -15.738 0.0000000000
96848  -12.481  15.662  -18.812 0.0000000000
96868  -11.774  15.444  -21.001 0.0000000000
97657  -14.651  16.080  -16.900 0.0000000000
97679  -12.449  15.987  -18.980 0.0000000000
98413  -17.002  16.073  -15.265 0.0000000000
98428  -17.032  16.413  -15.578 0.0000000000
98444  -14.996  16.578  -16.785 0.0000000000
98468  -12.665  15.998  -18.745 0.0000000000
98471  -12.533  16.004  -19.020 0.0000000000
99135  -16.040  16.621  -15.907 0.0000000000
99156  -15.062  16.761  -16.995 0.0000000000
99157  -15.133  16.761  -16.924 0.0000000000
99169  -14.944  16.845  -17.121 0.0000000000
99837  -15.311  16.932  -16.989 0.0000000000
99843  -15.198  16.976  -17.072 0.0000000000
99848  -14.206  16.954  -17.657 0.0000000000
99849  -14.564  17.009  -17.455 0.0000000000
99850  -14.969  16.911  -17.248 0.0000000000
99857  -14.396  17.000  -17.614 0.0000000000
99860  -13.238  17.053  -18.116 0.0000000000
99865  -12.964  16.970  -18.565 0.0000000000
100505  -15.991  17.059  -16.406 0.0000000000
100516  -15.282  16.998  -17.196 0.0000000000
100522  -14.560  17.029  -17.497 0.0000000000
100537  -13.548  17.019  -18.035 0.0000000000
100542  -13.091  17.012  -18.542 0.0000000000
