#!ascii label  , from subject  vox2ras=TkReg
38
87131  20.999  8.735  -17.541 0.0000000000
87130  21.673  8.695  -17.435 0.0000000000
86269  21.398  8.298  -17.399 0.0000000000
86270  21.052  8.146  -17.320 0.0000000000
87132  21.007  8.520  -17.283 0.0000000000
87928  21.386  9.000  -17.418 0.0000000000
87929  21.032  8.973  -17.404 0.0000000000
86260  20.981  8.067  -17.169 0.0000000000
87120  20.995  8.517  -17.002 0.0000000000
87121  20.607  8.666  -16.996 0.0000000000
87133  20.572  8.933  -17.176 0.0000000000
87930  20.944  8.962  -17.397 0.0000000000
87927  21.943  9.002  -17.406 0.0000000000
88677  21.744  9.199  -17.401 0.0000000000
88678  21.089  9.233  -17.516 0.0000000000
88679  20.995  9.284  -17.415 0.0000000000
87931  20.489  9.016  -17.210 0.0000000000
88680  20.740  9.294  -17.401 0.0000000000
88676  21.977  9.244  -17.428 0.0000000000
89424  21.984  9.707  -17.397 0.0000000000
89425  21.458  9.677  -17.394 0.0000000000
87926  22.042  8.997  -17.412 0.0000000000
87129  21.966  8.775  -17.441 0.0000000000
86268  21.888  8.297  -17.450 0.0000000000
87128  22.049  8.839  -17.400 0.0000000000
86267  22.005  8.302  -17.337 0.0000000000
87119  22.323  8.692  -17.359 0.0000000000
86266  22.031  8.239  -17.404 0.0000000000
87127  22.562  8.988  -17.364 0.0000000000
87925  22.488  9.032  -17.349 0.0000000000
86261  20.768  8.056  -17.074 0.0000000000
85393  21.015  8.087  -17.233 0.0000000000
85392  20.999  8.005  -17.284 0.0000000000
85391  21.632  8.026  -17.416 0.0000000000
85390  21.969  7.951  -17.331 0.0000000000
85389  22.029  8.032  -17.275 0.0000000000
84477  21.886  7.867  -17.397 0.0000000000
84478  21.233  7.879  -17.282 0.0000000000
