#!ascii label  , from subject  vox2ras=TkReg
42
87943  26.020  8.989  -18.266 0.0000000000
87144  26.102  8.646  -18.466 0.0000000000
87940  26.337  8.960  -18.203 0.0000000000
87145  25.989  8.611  -18.501 0.0000000000
87944  26.065  9.016  -18.602 0.0000000000
88687  26.137  9.242  -18.241 0.0000000000
88690  25.965  9.009  -18.392 0.0000000000
87148  25.891  8.856  -18.578 0.0000000000
87947  25.737  9.011  -18.785 0.0000000000
88691  25.885  9.221  -18.539 0.0000000000
88685  26.211  9.249  -17.952 0.0000000000
89436  26.214  9.560  -18.009 0.0000000000
88688  25.962  9.375  -18.276 0.0000000000
89437  26.037  9.606  -18.042 0.0000000000
89440  25.768  9.754  -18.411 0.0000000000
88694  25.531  9.163  -18.983 0.0000000000
89444  25.690  9.517  -18.777 0.0000000000
89432  26.156  9.608  -17.906 0.0000000000
89433  26.021  9.824  -18.004 0.0000000000
90159  25.700  9.921  -17.924 0.0000000000
90162  25.825  9.972  -18.017 0.0000000000
90156  25.934  9.930  -17.935 0.0000000000
90160  25.733  10.022  -18.000 0.0000000000
90163  25.706  10.000  -18.126 0.0000000000
90157  25.617  10.050  -17.794 0.0000000000
90877  25.565  10.400  -17.956 0.0000000000
90881  25.484  10.221  -17.960 0.0000000000
89413  26.011  9.699  -17.522 0.0000000000
90136  25.744  9.984  -17.584 0.0000000000
89412  26.076  9.736  -17.667 0.0000000000
88671  26.220  9.389  -17.496 0.0000000000
87936  26.413  9.009  -18.009 0.0000000000
88684  26.352  9.014  -17.959 0.0000000000
88670  26.392  9.139  -17.746 0.0000000000
87935  26.351  8.934  -17.852 0.0000000000
87141  26.289  8.582  -18.162 0.0000000000
87939  26.367  8.976  -17.991 0.0000000000
87140  26.531  8.556  -18.013 0.0000000000
86282  25.736  8.256  -18.586 0.0000000000
86281  26.018  8.099  -18.448 0.0000000000
86278  26.120  8.197  -18.267 0.0000000000
86277  26.385  8.119  -18.086 0.0000000000
