#!ascii label  , from subject  vox2ras=TkReg
65
62808  26.591  -0.376  -9.235 0.0000000000
62807  26.985  -0.568  -9.039 0.0000000000
61749  26.818  -0.964  -9.028 0.0000000000
61750  26.374  -0.986  -9.308 0.0000000000
62809  26.010  -0.826  -9.594 0.0000000000
63811  26.903  -0.023  -9.431 0.0000000000
63812  26.742  -0.002  -9.604 0.0000000000
62816  26.022  -0.496  -9.869 0.0000000000
62815  26.385  -0.096  -9.858 0.0000000000
61755  26.049  -0.997  -9.584 0.0000000000
63819  26.417  0.010  -9.973 0.0000000000
61756  25.927  -0.830  -9.700 0.0000000000
62817  25.877  -0.650  -9.835 0.0000000000
63820  26.091  -0.150  -9.941 0.0000000000
62824  25.970  -0.526  -10.006 0.0000000000
62823  26.044  -0.311  -10.014 0.0000000000
61762  25.834  -0.836  -9.863 0.0000000000
63827  26.145  -0.123  -10.137 0.0000000000
63828  25.983  -0.089  -10.005 0.0000000000
61770  25.781  -0.818  -10.020 0.0000000000
62830  25.843  -0.548  -10.116 0.0000000000
63834  25.852  -0.099  -10.338 0.0000000000
61771  25.494  -0.981  -10.189 0.0000000000
62831  25.305  -0.528  -10.355 0.0000000000
63835  25.822  -0.166  -10.444 0.0000000000
63810  27.177  -0.261  -9.248 0.0000000000
64797  27.002  0.041  -9.370 0.0000000000
63818  26.775  0.038  -9.649 0.0000000000
64805  26.967  0.307  -9.571 0.0000000000
64806  26.712  0.171  -9.821 0.0000000000
63826  26.059  0.005  -10.012 0.0000000000
64814  26.458  0.246  -9.993 0.0000000000
64813  26.849  0.325  -9.899 0.0000000000
62801  26.868  -0.301  -9.002 0.0000000000
61741  26.960  -0.785  -8.915 0.0000000000
61748  26.923  -0.745  -9.034 0.0000000000
62806  27.022  -0.404  -9.053 0.0000000000
62800  27.011  -0.471  -8.964 0.0000000000
63802  27.077  -0.310  -9.025 0.0000000000
61763  25.708  -0.961  -9.995 0.0000000000
60763  25.709  -1.053  -10.004 0.0000000000
60775  25.286  -1.139  -10.398 0.0000000000
61772  25.213  -0.988  -10.522 0.0000000000
61784  25.288  -0.919  -10.587 0.0000000000
60762  25.781  -1.018  -9.941 0.0000000000
60755  25.996  -1.007  -9.680 0.0000000000
60754  26.001  -0.987  -9.692 0.0000000000
60748  26.136  -1.182  -9.444 0.0000000000
60747  26.526  -1.218  -9.161 0.0000000000
61742  26.440  -0.893  -8.981 0.0000000000
59785  25.529  -1.567  -9.986 0.0000000000
59800  25.627  -1.600  -10.163 0.0000000000
59784  25.920  -1.382  -9.955 0.0000000000
60749  26.005  -1.234  -9.541 0.0000000000
59773  25.856  -1.554  -9.465 0.0000000000
59764  26.010  -1.554  -9.304 0.0000000000
59763  26.246  -1.619  -9.187 0.0000000000
60742  26.512  -1.130  -8.998 0.0000000000
59762  26.430  -1.491  -9.001 0.0000000000
59774  25.634  -1.678  -9.741 0.0000000000
58775  25.989  -1.941  -9.127 0.0000000000
58784  25.697  -1.968  -9.534 0.0000000000
58774  26.085  -1.953  -9.225 0.0000000000
59754  26.149  -1.803  -9.003 0.0000000000
58762  26.035  -1.958  -9.019 0.0000000000
