#!ascii label  , from subject  vox2ras=TkReg
151
53738  23.982  -3.422  -9.984 0.0000000000
53713  23.965  -3.549  -9.737 0.0000000000
53739  23.745  -3.544  -9.992 0.0000000000
54754  24.037  -3.385  -10.100 0.0000000000
54755  23.840  -3.588  -10.093 0.0000000000
53714  23.622  -3.833  -9.642 0.0000000000
53740  23.183  -3.657  -9.987 0.0000000000
54756  23.329  -3.446  -10.058 0.0000000000
53715  23.082  -3.855  -9.824 0.0000000000
53741  22.965  -3.561  -9.923 0.0000000000
54757  23.012  -3.553  -9.987 0.0000000000
53716  22.984  -3.797  -9.793 0.0000000000
53742  22.762  -3.467  -9.945 0.0000000000
54758  22.697  -3.319  -10.094 0.0000000000
53717  22.669  -3.844  -9.900 0.0000000000
53743  22.357  -3.387  -9.901 0.0000000000
54759  22.126  -3.191  -9.995 0.0000000000
53718  22.095  -3.558  -9.626 0.0000000000
54730  24.025  -3.538  -10.033 0.0000000000
54753  24.363  -3.312  -10.167 0.0000000000
54784  24.115  -3.210  -10.347 0.0000000000
54785  23.969  -3.168  -10.320 0.0000000000
54786  23.433  -3.297  -10.290 0.0000000000
54787  23.006  -3.355  -10.339 0.0000000000
54788  22.956  -3.341  -10.185 0.0000000000
55758  22.506  -3.011  -10.000 0.0000000000
55757  22.622  -3.152  -10.132 0.0000000000
55784  22.705  -3.129  -10.264 0.0000000000
54731  22.020  -3.250  -9.860 0.0000000000
54732  22.019  -3.338  -9.870 0.0000000000
54760  21.932  -3.193  -9.992 0.0000000000
55759  22.002  -3.041  -10.052 0.0000000000
54733  21.796  -3.412  -9.827 0.0000000000
54761  21.818  -3.164  -10.017 0.0000000000
55760  21.773  -3.014  -10.009 0.0000000000
55736  21.648  -3.051  -9.975 0.0000000000
54783  24.287  -3.180  -10.356 0.0000000000
55780  24.135  -2.989  -10.515 0.0000000000
55781  24.003  -3.000  -10.406 0.0000000000
55782  23.587  -3.042  -10.432 0.0000000000
55783  22.986  -3.036  -10.431 0.0000000000
54734  21.281  -3.050  -9.847 0.0000000000
55737  21.335  -2.988  -9.738 0.0000000000
55719  21.016  -3.014  -9.428 0.0000000000
55738  20.994  -2.902  -9.525 0.0000000000
55761  21.351  -2.847  -9.913 0.0000000000
56743  21.047  -2.734  -9.809 0.0000000000
55720  20.997  -2.968  -9.429 0.0000000000
56744  20.922  -2.518  -9.820 0.0000000000
55785  22.141  -3.008  -10.160 0.0000000000
55786  22.011  -2.934  -10.136 0.0000000000
56760  22.003  -2.997  -9.990 0.0000000000
56761  21.682  -2.900  -10.054 0.0000000000
56762  20.992  -2.640  -10.017 0.0000000000
55779  24.521  -2.989  -10.261 0.0000000000
56783  24.255  -2.653  -10.619 0.0000000000
56784  23.995  -2.824  -10.658 0.0000000000
55804  23.983  -2.987  -10.524 0.0000000000
55805  23.936  -3.007  -10.495 0.0000000000
55806  23.237  -3.001  -10.533 0.0000000000
55807  22.999  -2.852  -10.588 0.0000000000
56785  23.016  -2.900  -10.448 0.0000000000
56786  22.592  -2.970  -10.281 0.0000000000
56787  21.979  -2.642  -10.326 0.0000000000
56788  21.970  -2.629  -10.298 0.0000000000
56763  20.997  -2.538  -9.912 0.0000000000
56789  21.577  -2.653  -10.151 0.0000000000
56790  21.151  -2.547  -10.001 0.0000000000
55756  24.807  -3.036  -10.011 0.0000000000
55778  24.864  -2.931  -10.007 0.0000000000
56782  24.900  -2.675  -10.157 0.0000000000
55755  24.879  -2.908  -9.950 0.0000000000
56759  24.963  -2.779  -10.047 0.0000000000
54752  24.605  -3.049  -9.977 0.0000000000
55735  24.955  -2.989  -9.710 0.0000000000
55754  24.987  -2.914  -9.922 0.0000000000
56758  25.033  -2.654  -10.051 0.0000000000
55734  25.010  -2.949  -9.574 0.0000000000
56742  25.100  -2.802  -9.862 0.0000000000
55718  24.915  -3.035  -9.284 0.0000000000
54728  24.889  -3.147  -9.658 0.0000000000
55717  25.021  -2.994  -9.230 0.0000000000
56733  25.092  -2.907  -9.466 0.0000000000
54716  20.985  -3.174  -9.205 0.0000000000
55705  20.873  -3.085  -9.105 0.0000000000
55721  20.829  -2.999  -9.171 0.0000000000
56734  20.879  -2.870  -9.378 0.0000000000
54715  21.092  -3.500  -9.253 0.0000000000
55704  24.993  -3.028  -9.045 0.0000000000
54712  24.876  -3.096  -9.077 0.0000000000
55703  25.016  -2.979  -8.973 0.0000000000
55716  25.189  -2.996  -9.041 0.0000000000
55702  25.338  -3.013  -9.022 0.0000000000
56732  25.421  -2.672  -9.281 0.0000000000
54695  24.976  -3.142  -9.002 0.0000000000
55695  25.158  -3.102  -8.652 0.0000000000
54694  25.075  -3.144  -8.835 0.0000000000
55694  25.214  -3.001  -8.988 0.0000000000
56725  25.429  -2.904  -8.990 0.0000000000
55687  25.164  -2.992  -8.418 0.0000000000
56717  25.332  -2.981  -8.705 0.0000000000
54729  24.228  -3.363  -9.936 0.0000000000
53720  21.964  -3.731  -9.573 0.0000000000
53695  21.801  -3.851  -9.261 0.0000000000
54714  21.406  -3.582  -9.712 0.0000000000
53719  22.038  -3.634  -9.621 0.0000000000
53712  23.997  -3.601  -9.905 0.0000000000
54713  24.422  -3.340  -9.180 0.0000000000
53690  24.052  -3.705  -9.552 0.0000000000
54696  24.757  -3.353  -9.058 0.0000000000
53675  24.181  -3.734  -9.015 0.0000000000
53674  24.665  -3.392  -8.918 0.0000000000
53694  22.008  -3.952  -9.277 0.0000000000
53693  22.011  -3.925  -9.289 0.0000000000
52715  22.253  -4.005  -9.349 0.0000000000
52714  22.981  -3.946  -9.584 0.0000000000
52713  23.022  -3.997  -9.656 0.0000000000
52712  23.298  -3.996  -9.669 0.0000000000
53692  23.965  -3.990  -9.160 0.0000000000
52711  23.650  -3.965  -9.205 0.0000000000
53691  24.001  -3.848  -9.255 0.0000000000
52694  22.002  -4.124  -9.211 0.0000000000
52695  21.849  -4.008  -9.225 0.0000000000
52693  22.435  -4.112  -9.355 0.0000000000
52689  23.936  -4.006  -9.118 0.0000000000
53676  24.035  -3.922  -8.999 0.0000000000
52688  23.996  -3.983  -9.049 0.0000000000
52692  22.939  -4.086  -9.412 0.0000000000
52691  23.044  -4.137  -9.531 0.0000000000
52690  23.459  -4.067  -9.255 0.0000000000
51783  22.676  -4.330  -9.213 0.0000000000
51784  22.239  -4.345  -9.182 0.0000000000
51782  22.989  -4.457  -9.316 0.0000000000
51781  23.237  -4.263  -9.256 0.0000000000
52672  23.338  -4.058  -9.053 0.0000000000
52671  23.667  -4.075  -9.027 0.0000000000
52670  24.008  -4.041  -9.007 0.0000000000
56724  25.803  -2.473  -8.999 0.0000000000
56716  25.894  -2.702  -8.680 0.0000000000
56731  25.801  -2.542  -8.999 0.0000000000
57761  25.815  -2.209  -9.189 0.0000000000
56741  25.168  -2.478  -9.799 0.0000000000
57767  25.730  -2.057  -9.607 0.0000000000
57768  25.314  -2.185  -9.980 0.0000000000
57781  25.202  -2.269  -10.023 0.0000000000
56781  24.977  -2.548  -10.174 0.0000000000
57799  25.119  -2.280  -10.216 0.0000000000
57800  24.987  -2.126  -10.383 0.0000000000
57801  24.717  -2.170  -10.609 0.0000000000
57760  25.890  -2.053  -9.008 0.0000000000
57753  25.879  -2.089  -8.853 0.0000000000
