#!ascii label  , from subject  vox2ras=TkReg
32
47884  25.400  -5.930  -3.999 0.0000000000
47867  25.625  -5.868  -3.813 0.0000000000
46911  25.453  -6.003  -3.894 0.0000000000
46923  25.340  -6.005  -3.983 0.0000000000
46924  25.075  -6.076  -4.031 0.0000000000
47885  25.102  -5.982  -4.161 0.0000000000
47883  25.735  -5.655  -3.975 0.0000000000
47866  25.805  -5.736  -3.819 0.0000000000
48844  25.725  -5.443  -3.972 0.0000000000
47898  24.985  -5.985  -4.357 0.0000000000
47897  25.162  -5.928  -4.167 0.0000000000
48858  25.514  -5.480  -4.053 0.0000000000
46935  25.022  -6.016  -4.137 0.0000000000
48859  25.013  -5.741  -4.555 0.0000000000
48843  25.974  -5.371  -3.993 0.0000000000
48857  25.987  -5.199  -4.103 0.0000000000
48823  26.001  -5.446  -3.849 0.0000000000
48842  26.159  -5.180  -4.027 0.0000000000
49773  26.138  -5.038  -3.965 0.0000000000
49774  25.971  -5.003  -4.028 0.0000000000
46936  24.936  -6.048  -4.325 0.0000000000
46912  25.159  -6.148  -4.055 0.0000000000
45988  25.048  -6.326  -3.965 0.0000000000
45989  24.898  -6.484  -3.939 0.0000000000
46925  24.957  -6.218  -4.010 0.0000000000
45978  25.059  -6.251  -3.824 0.0000000000
45997  24.977  -6.352  -4.025 0.0000000000
49789  25.904  -5.008  -4.304 0.0000000000
49788  26.007  -4.930  -4.106 0.0000000000
50687  26.029  -5.005  -4.058 0.0000000000
50704  25.996  -5.002  -4.318 0.0000000000
50686  26.420  -4.997  -4.049 0.0000000000
