#!ascii label  , from subject  vox2ras=TkReg
50
46958  24.349  -5.985  -5.006 0.0000000000
46947  24.369  -6.002  -4.924 0.0000000000
46959  24.168  -6.053  -4.964 0.0000000000
47912  24.406  -5.886  -4.973 0.0000000000
47927  24.457  -5.924  -5.107 0.0000000000
46948  24.183  -6.253  -5.029 0.0000000000
46020  23.992  -6.440  -5.081 0.0000000000
46028  24.052  -6.263  -5.216 0.0000000000
46967  24.153  -6.107  -5.437 0.0000000000
47928  24.153  -6.040  -5.061 0.0000000000
46036  24.112  -6.217  -5.817 0.0000000000
46976  24.140  -6.091  -5.858 0.0000000000
47936  24.313  -6.013  -5.243 0.0000000000
46975  24.210  -6.058  -5.878 0.0000000000
46966  24.327  -5.987  -5.500 0.0000000000
47935  24.236  -5.979  -5.505 0.0000000000
47945  24.326  -5.894  -5.966 0.0000000000
46987  24.283  -6.073  -6.004 0.0000000000
46046  24.042  -6.306  -6.027 0.0000000000
46988  24.143  -6.143  -6.068 0.0000000000
47955  24.346  -5.862  -6.009 0.0000000000
47911  24.724  -5.802  -4.788 0.0000000000
47926  24.787  -5.735  -5.018 0.0000000000
48891  24.654  -5.591  -4.934 0.0000000000
48898  24.557  -5.731  -5.140 0.0000000000
48907  24.500  -5.633  -5.833 0.0000000000
47944  24.528  -5.782  -6.008 0.0000000000
48890  24.947  -5.387  -5.001 0.0000000000
48897  24.876  -5.144  -5.588 0.0000000000
48906  24.837  -5.295  -5.999 0.0000000000
49828  24.947  -5.053  -5.337 0.0000000000
49837  24.968  -5.019  -5.901 0.0000000000
48873  24.875  -5.564  -4.859 0.0000000000
48889  24.938  -5.080  -5.017 0.0000000000
48872  25.006  -5.361  -4.974 0.0000000000
49819  25.015  -5.160  -5.112 0.0000000000
49818  25.020  -5.027  -4.964 0.0000000000
47954  24.562  -5.633  -6.016 0.0000000000
46037  23.902  -6.405  -5.995 0.0000000000
46047  23.897  -6.389  -6.109 0.0000000000
46989  24.020  -6.195  -6.157 0.0000000000
46029  23.957  -6.470  -5.379 0.0000000000
45119  23.539  -6.968  -5.908 0.0000000000
45126  23.592  -6.718  -5.991 0.0000000000
46021  23.851  -6.533  -5.032 0.0000000000
45111  23.624  -6.805  -5.135 0.0000000000
45120  23.341  -7.006  -5.576 0.0000000000
45127  23.096  -6.949  -5.979 0.0000000000
49827  25.028  -5.042  -5.256 0.0000000000
49836  25.037  -5.065  -5.648 0.0000000000
