#!ascii label /Volumes/mturk1/subjects/jeeves/rois/IT-subdivisions/old_surf_labels/rh_TP.label , from subject  vox2ras=TkReg
2091
84625  -17.432  10.445  -18.041 0.0000000000
84624  -16.999  10.449  -18.054 0.0000000000
84609  -17.109  10.314  -17.843 0.0000000000
84610  -17.504  10.250  -17.830 0.0000000000
84626  -17.962  10.310  -18.075 0.0000000000
85330  -17.273  10.765  -18.145 0.0000000000
85331  -17.772  10.829  -18.120 0.0000000000
84611  -17.859  10.243  -17.799 0.0000000000
84627  -18.033  10.427  -18.006 0.0000000000
85332  -17.985  10.780  -18.089 0.0000000000
84612  -18.004  10.275  -17.718 0.0000000000
84628  -18.440  10.437  -18.014 0.0000000000
85333  -18.315  10.886  -18.034 0.0000000000
84613  -18.490  10.239  -17.783 0.0000000000
84629  -18.838  10.393  -18.015 0.0000000000
85334  -18.824  10.905  -18.056 0.0000000000
84614  -18.950  10.099  -17.833 0.0000000000
84630  -18.998  10.413  -17.993 0.0000000000
85335  -19.015  10.622  -18.165 0.0000000000
84615  -19.160  10.249  -17.782 0.0000000000
84631  -19.447  10.399  -18.006 0.0000000000
85336  -19.327  10.807  -18.112 0.0000000000
85329  -16.969  10.753  -18.141 0.0000000000
86064  -16.987  10.988  -18.094 0.0000000000
86065  -17.587  10.954  -18.123 0.0000000000
86066  -18.014  10.995  -18.057 0.0000000000
86067  -18.164  10.948  -18.147 0.0000000000
86068  -18.670  10.946  -18.147 0.0000000000
86069  -19.023  11.000  -18.165 0.0000000000
86070  -19.027  10.928  -18.220 0.0000000000
85337  -19.797  10.624  -18.163 0.0000000000
85343  -19.756  10.847  -18.425 0.0000000000
85342  -19.304  11.032  -18.256 0.0000000000
86078  -19.285  11.070  -18.376 0.0000000000
86079  -19.892  10.992  -18.693 0.0000000000
85344  -20.008  10.957  -18.484 0.0000000000
86080  -19.920  10.986  -18.533 0.0000000000
86063  -16.846  10.964  -18.090 0.0000000000
86821  -16.880  11.122  -18.139 0.0000000000
86822  -16.912  11.224  -18.173 0.0000000000
86073  -17.307  10.999  -18.131 0.0000000000
86072  -17.013  11.134  -18.084 0.0000000000
86074  -17.938  11.036  -18.223 0.0000000000
86075  -18.078  10.999  -18.172 0.0000000000
86076  -18.501  10.993  -18.164 0.0000000000
86077  -18.984  11.017  -18.210 0.0000000000
86831  -17.055  11.424  -18.277 0.0000000000
86832  -17.662  11.468  -18.392 0.0000000000
86833  -17.991  11.269  -18.393 0.0000000000
86834  -18.226  11.254  -18.192 0.0000000000
86835  -18.886  11.274  -18.357 0.0000000000
86836  -19.016  11.426  -18.468 0.0000000000
86837  -19.240  11.652  -18.593 0.0000000000
86083  -19.799  11.162  -18.818 0.0000000000
86082  -19.460  11.621  -18.607 0.0000000000
86084  -20.007  11.038  -18.778 0.0000000000
86843  -19.440  11.506  -19.003 0.0000000000
86844  -19.686  11.243  -18.973 0.0000000000
86088  -20.012  10.958  -19.107 0.0000000000
86087  -19.959  11.126  -18.972 0.0000000000
85348  -20.154  10.992  -18.938 0.0000000000
86850  -19.849  11.261  -19.001 0.0000000000
86092  -20.038  11.091  -19.316 0.0000000000
86086  -19.923  11.129  -19.097 0.0000000000
86093  -20.002  10.977  -19.151 0.0000000000
85352  -20.033  10.807  -19.095 0.0000000000
85357  -20.014  10.966  -19.419 0.0000000000
85356  -19.773  11.001  -19.436 0.0000000000
86091  -19.671  11.079  -19.497 0.0000000000
85358  -19.993  10.787  -19.328 0.0000000000
86820  -16.472  11.199  -18.025 0.0000000000
86829  -16.673  11.520  -18.348 0.0000000000
86830  -17.000  11.583  -18.440 0.0000000000
86828  -16.175  11.539  -18.292 0.0000000000
87544  -16.213  11.749  -18.723 0.0000000000
87545  -16.767  11.837  -18.690 0.0000000000
87546  -16.994  11.777  -18.619 0.0000000000
87547  -17.374  11.885  -18.795 0.0000000000
87548  -17.857  11.809  -18.660 0.0000000000
87549  -18.005  11.727  -18.706 0.0000000000
86839  -18.014  11.535  -18.653 0.0000000000
86840  -18.419  11.643  -18.840 0.0000000000
86841  -18.924  11.483  -18.938 0.0000000000
86842  -19.021  11.669  -18.910 0.0000000000
87561  -18.052  11.940  -18.936 0.0000000000
87562  -18.347  11.856  -18.983 0.0000000000
87563  -18.676  11.643  -19.010 0.0000000000
86847  -19.011  11.566  -19.031 0.0000000000
86848  -19.008  11.667  -18.997 0.0000000000
86849  -19.503  11.346  -19.263 0.0000000000
87568  -18.768  11.736  -19.150 0.0000000000
87569  -18.929  11.877  -19.225 0.0000000000
86854  -18.972  11.501  -19.651 0.0000000000
86855  -19.362  11.249  -19.841 0.0000000000
87573  -18.965  11.740  -19.563 0.0000000000
86858  -19.005  11.285  -19.985 0.0000000000
86853  -19.003  11.546  -19.670 0.0000000000
86859  -19.030  11.122  -19.950 0.0000000000
87572  -18.975  11.613  -19.798 0.0000000000
86099  -19.253  11.017  -19.851 0.0000000000
86860  -19.104  11.055  -20.000 0.0000000000
86097  -18.987  11.118  -20.021 0.0000000000
86115  -18.822  10.998  -20.190 0.0000000000
86873  -18.911  11.438  -20.085 0.0000000000
87577  -18.742  11.764  -19.983 0.0000000000
86098  -18.984  11.011  -19.940 0.0000000000
86114  -18.268  11.029  -20.299 0.0000000000
86872  -18.170  11.469  -20.455 0.0000000000
87587  -18.640  11.735  -20.036 0.0000000000
87586  -18.398  11.979  -20.122 0.0000000000
87543  -15.970  11.862  -18.699 0.0000000000
87555  -15.990  11.999  -18.898 0.0000000000
87556  -16.286  12.006  -18.831 0.0000000000
87557  -16.871  11.963  -18.829 0.0000000000
87558  -16.988  11.987  -18.828 0.0000000000
87559  -17.507  11.977  -18.564 0.0000000000
87560  -18.015  11.996  -18.872 0.0000000000
87554  -15.908  12.029  -18.843 0.0000000000
88288  -15.955  12.022  -19.048 0.0000000000
88289  -16.013  12.082  -18.887 0.0000000000
88290  -16.473  12.106  -18.900 0.0000000000
88291  -17.011  12.278  -18.719 0.0000000000
88292  -17.121  12.113  -18.877 0.0000000000
88293  -17.749  12.133  -18.806 0.0000000000
88294  -18.003  12.092  -18.944 0.0000000000
88295  -18.010  11.999  -19.004 0.0000000000
87566  -18.120  12.002  -19.009 0.0000000000
87567  -18.332  12.019  -19.012 0.0000000000
88305  -18.119  12.102  -19.093 0.0000000000
88306  -18.251  12.026  -19.231 0.0000000000
87571  -18.627  12.000  -19.371 0.0000000000
88311  -18.461  12.111  -19.838 0.0000000000
87576  -18.456  12.009  -20.005 0.0000000000
88317  -18.329  12.089  -20.039 0.0000000000
87585  -18.069  11.837  -20.433 0.0000000000
88323  -18.368  12.038  -20.072 0.0000000000
88322  -18.144  12.047  -20.213 0.0000000000
88287  -15.493  12.136  -18.961 0.0000000000
88297  -15.821  12.083  -19.083 0.0000000000
88298  -16.021  12.135  -18.989 0.0000000000
88299  -16.028  12.201  -19.002 0.0000000000
88300  -16.686  12.215  -18.904 0.0000000000
88301  -17.017  12.323  -18.900 0.0000000000
89052  -17.002  12.230  -18.961 0.0000000000
89051  -17.011  12.274  -18.943 0.0000000000
88302  -17.207  11.996  -19.002 0.0000000000
89062  -17.084  12.359  -19.022 0.0000000000
88303  -17.870  12.100  -18.971 0.0000000000
88304  -17.979  12.070  -19.127 0.0000000000
89057  -15.422  12.438  -19.128 0.0000000000
89058  -15.978  12.286  -19.168 0.0000000000
89059  -16.006  12.353  -19.110 0.0000000000
89060  -16.348  12.329  -19.027 0.0000000000
89061  -16.878  12.510  -19.000 0.0000000000
89063  -17.236  12.317  -19.002 0.0000000000
89064  -17.639  12.294  -18.982 0.0000000000
88309  -18.027  12.144  -19.246 0.0000000000
89069  -18.013  12.343  -19.577 0.0000000000
88310  -18.125  12.165  -19.509 0.0000000000
89070  -17.988  12.305  -19.599 0.0000000000
88316  -18.100  12.219  -20.009 0.0000000000
89075  -18.056  12.235  -19.859 0.0000000000
88321  -17.955  12.121  -20.069 0.0000000000
88315  -17.914  12.273  -20.023 0.0000000000
89074  -17.965  12.238  -19.923 0.0000000000
89080  -17.819  12.367  -19.991 0.0000000000
88337  -17.981  12.070  -20.454 0.0000000000
89089  -17.813  12.282  -20.096 0.0000000000
87603  -17.959  11.986  -20.409 0.0000000000
88338  -18.033  12.041  -20.355 0.0000000000
87602  -17.835  11.999  -20.481 0.0000000000
88336  -17.332  12.026  -20.740 0.0000000000
89088  -17.256  12.520  -20.616 0.0000000000
89050  -15.108  12.338  -18.907 0.0000000000
89056  -14.972  12.523  -19.005 0.0000000000
89831  -15.050  12.855  -19.364 0.0000000000
89832  -15.569  12.920  -19.393 0.0000000000
89833  -15.988  12.856  -19.335 0.0000000000
89834  -16.221  12.728  -19.301 0.0000000000
89835  -16.760  12.744  -19.154 0.0000000000
89836  -16.958  12.462  -19.246 0.0000000000
89067  -17.034  12.563  -19.132 0.0000000000
89847  -16.987  12.756  -19.492 0.0000000000
89068  -17.346  12.477  -19.338 0.0000000000
89848  -17.030  12.728  -19.418 0.0000000000
89073  -17.586  12.532  -19.926 0.0000000000
89853  -17.155  12.829  -19.756 0.0000000000
89079  -17.637  12.566  -20.053 0.0000000000
89858  -17.175  12.752  -20.036 0.0000000000
89078  -17.011  12.673  -20.224 0.0000000000
89087  -17.035  12.431  -20.517 0.0000000000
89830  -14.883  12.861  -19.132 0.0000000000
89842  -15.120  12.992  -19.525 0.0000000000
89843  -15.301  13.013  -19.490 0.0000000000
89844  -15.855  13.017  -19.507 0.0000000000
89845  -16.065  13.018  -19.525 0.0000000000
89846  -16.685  12.998  -19.659 0.0000000000
89841  -14.826  12.849  -19.469 0.0000000000
90637  -14.969  13.010  -19.512 0.0000000000
90638  -15.172  13.118  -19.316 0.0000000000
90639  -15.681  13.087  -19.658 0.0000000000
90640  -16.026  13.092  -19.687 0.0000000000
90641  -16.366  13.184  -19.737 0.0000000000
90642  -16.718  13.079  -19.829 0.0000000000
89852  -16.959  12.861  -19.932 0.0000000000
89851  -16.885  12.993  -19.958 0.0000000000
90652  -16.568  13.134  -19.939 0.0000000000
89857  -17.005  12.847  -20.010 0.0000000000
89856  -16.786  12.932  -19.997 0.0000000000
90657  -16.737  13.017  -20.217 0.0000000000
89861  -16.994  12.785  -20.225 0.0000000000
89860  -16.968  12.929  -20.340 0.0000000000
89086  -16.972  12.359  -20.697 0.0000000000
89873  -16.672  12.967  -20.964 0.0000000000
90660  -16.767  12.980  -20.644 0.0000000000
89102  -16.915  12.306  -20.973 0.0000000000
89101  -16.327  12.530  -21.009 0.0000000000
89872  -16.228  12.910  -20.977 0.0000000000
90664  -16.438  12.990  -20.943 0.0000000000
90636  -14.492  13.030  -19.583 0.0000000000
89840  -14.368  12.957  -19.623 0.0000000000
90647  -14.975  13.111  -19.744 0.0000000000
90648  -14.991  13.403  -19.640 0.0000000000
90649  -15.457  13.273  -19.774 0.0000000000
90650  -15.997  13.467  -19.866 0.0000000000
90651  -16.175  13.194  -19.938 0.0000000000
90646  -14.377  13.234  -19.751 0.0000000000
91451  -14.673  13.452  -19.918 0.0000000000
91452  -15.003  13.454  -19.956 0.0000000000
91453  -15.180  13.703  -19.971 0.0000000000
91454  -15.588  13.529  -19.997 0.0000000000
91455  -15.988  13.396  -20.049 0.0000000000
90655  -16.025  13.418  -20.013 0.0000000000
90656  -16.388  13.428  -20.042 0.0000000000
91464  -16.005  13.485  -20.140 0.0000000000
91465  -16.188  13.530  -20.466 0.0000000000
90659  -16.413  13.113  -20.719 0.0000000000
91469  -16.194  13.487  -20.966 0.0000000000
90663  -16.298  13.010  -20.971 0.0000000000
89887  -16.237  12.935  -21.164 0.0000000000
90676  -16.171  13.099  -21.328 0.0000000000
91473  -16.279  13.431  -21.157 0.0000000000
89886  -16.029  12.921  -21.364 0.0000000000
90675  -15.954  13.021  -21.372 0.0000000000
91476  -16.281  13.417  -21.467 0.0000000000
90690  -15.864  13.028  -21.524 0.0000000000
90691  -16.080  13.118  -21.627 0.0000000000
89895  -15.991  12.935  -21.336 0.0000000000
89894  -15.603  12.888  -21.522 0.0000000000
90689  -15.193  13.001  -21.737 0.0000000000
90695  -15.438  13.038  -21.904 0.0000000000
90696  -15.977  13.185  -21.817 0.0000000000
91488  -16.071  13.529  -21.596 0.0000000000
91489  -16.135  13.438  -21.702 0.0000000000
90694  -14.992  13.111  -21.845 0.0000000000
91497  -15.147  13.480  -21.989 0.0000000000
91498  -15.660  13.601  -21.986 0.0000000000
91499  -16.018  13.589  -21.947 0.0000000000
91450  -14.119  13.519  -19.994 0.0000000000
91459  -14.492  13.642  -20.026 0.0000000000
91460  -14.971  13.537  -20.035 0.0000000000
91461  -15.091  13.550  -20.045 0.0000000000
91462  -15.240  13.603  -19.930 0.0000000000
91463  -15.707  13.570  -20.149 0.0000000000
91458  -14.009  13.671  -20.106 0.0000000000
92317  -14.297  13.815  -20.302 0.0000000000
92318  -14.776  13.823  -20.307 0.0000000000
92319  -14.978  13.819  -20.375 0.0000000000
92320  -15.053  13.828  -20.372 0.0000000000
92321  -15.416  13.711  -20.218 0.0000000000
91467  -15.999  13.627  -20.294 0.0000000000
92329  -15.615  13.832  -20.549 0.0000000000
91468  -16.010  13.631  -20.732 0.0000000000
92330  -15.926  13.804  -20.915 0.0000000000
91472  -16.029  13.669  -21.008 0.0000000000
92339  -15.973  13.802  -20.982 0.0000000000
91475  -16.072  13.631  -21.218 0.0000000000
92343  -15.773  13.886  -21.008 0.0000000000
92351  -16.004  13.957  -21.129 0.0000000000
91487  -16.008  13.860  -21.915 0.0000000000
92350  -15.949  13.994  -21.398 0.0000000000
91496  -15.011  13.600  -21.991 0.0000000000
92359  -15.006  13.860  -21.939 0.0000000000
92360  -15.260  13.912  -21.986 0.0000000000
92361  -15.736  14.009  -21.957 0.0000000000
92316  -13.900  13.873  -20.211 0.0000000000
92325  -13.993  13.916  -20.671 0.0000000000
92326  -14.771  13.989  -20.389 0.0000000000
92327  -15.018  14.006  -20.774 0.0000000000
92328  -15.086  13.883  -20.791 0.0000000000
92324  -13.843  13.980  -20.634 0.0000000000
92334  -13.997  13.996  -20.997 0.0000000000
92335  -14.340  14.026  -20.914 0.0000000000
92336  -14.974  14.065  -20.967 0.0000000000
92337  -15.114  14.043  -20.919 0.0000000000
92338  -15.478  13.997  -20.917 0.0000000000
92333  -13.885  14.019  -20.778 0.0000000000
93162  -13.986  14.208  -20.946 0.0000000000
93163  -14.056  14.142  -20.923 0.0000000000
93164  -14.598  14.133  -20.977 0.0000000000
93165  -14.992  14.145  -20.984 0.0000000000
93166  -15.174  14.143  -21.002 0.0000000000
93167  -15.433  14.165  -21.005 0.0000000000
92342  -15.704  14.019  -21.027 0.0000000000
93176  -15.618  14.186  -21.430 0.0000000000
93188  -15.588  14.017  -21.603 0.0000000000
92349  -15.479  14.026  -21.791 0.0000000000
92358  -14.919  14.001  -21.945 0.0000000000
93196  -14.967  14.059  -21.920 0.0000000000
93197  -15.005  14.099  -21.941 0.0000000000
93187  -15.299  14.123  -21.753 0.0000000000
93157  -13.978  14.070  -20.830 0.0000000000
93161  -13.774  14.336  -20.935 0.0000000000
93170  -13.772  14.561  -20.990 0.0000000000
93171  -13.964  14.185  -21.101 0.0000000000
93172  -14.000  14.209  -21.147 0.0000000000
93173  -14.650  14.133  -21.137 0.0000000000
93174  -14.993  14.130  -21.121 0.0000000000
93175  -15.154  14.316  -21.223 0.0000000000
94023  -13.533  14.485  -20.983 0.0000000000
94030  -13.382  14.533  -20.991 0.0000000000
93182  -13.487  14.364  -21.554 0.0000000000
94036  -13.284  14.697  -21.061 0.0000000000
93183  -13.993  14.087  -21.611 0.0000000000
93184  -14.191  14.327  -21.606 0.0000000000
93185  -14.745  14.113  -21.638 0.0000000000
93186  -15.018  14.229  -21.625 0.0000000000
93191  -13.199  14.006  -21.918 0.0000000000
93181  -13.013  14.227  -21.836 0.0000000000
93192  -13.798  14.125  -21.969 0.0000000000
94035  -13.013  14.602  -21.255 0.0000000000
93193  -14.019  14.169  -21.863 0.0000000000
93194  -14.432  14.227  -21.900 0.0000000000
93195  -14.917  14.158  -21.922 0.0000000000
92354  -13.420  14.004  -21.938 0.0000000000
92353  -12.995  13.922  -21.923 0.0000000000
93190  -13.000  14.022  -21.897 0.0000000000
92355  -13.977  14.059  -22.012 0.0000000000
92356  -14.053  14.073  -21.991 0.0000000000
92357  -14.526  14.072  -22.005 0.0000000000
94022  -13.081  14.513  -20.885 0.0000000000
94029  -13.023  14.556  -21.015 0.0000000000
94034  -12.994  14.619  -21.352 0.0000000000
94028  -13.024  14.743  -20.993 0.0000000000
93180  -12.952  14.215  -21.904 0.0000000000
94033  -12.400  14.534  -21.566 0.0000000000
94027  -12.672  14.840  -21.007 0.0000000000
93179  -12.391  13.999  -21.725 0.0000000000
94032  -12.009  14.335  -21.492 0.0000000000
94026  -12.065  14.759  -21.207 0.0000000000
93178  -12.024  14.007  -21.585 0.0000000000
94031  -12.007  14.276  -21.427 0.0000000000
94025  -11.905  14.532  -21.436 0.0000000000
93177  -12.000  14.072  -21.503 0.0000000000
94021  -12.987  14.590  -20.932 0.0000000000
94020  -12.642  14.712  -20.987 0.0000000000
94019  -12.160  14.890  -20.991 0.0000000000
94916  -11.977  14.948  -21.050 0.0000000000
93169  -11.705  14.077  -21.548 0.0000000000
94024  -11.522  14.611  -21.227 0.0000000000
94915  -11.790  14.944  -21.028 0.0000000000
93168  -11.196  14.123  -21.226 0.0000000000
94018  -11.228  14.581  -21.008 0.0000000000
94914  -11.420  14.981  -21.080 0.0000000000
94016  -13.058  14.376  -20.706 0.0000000000
93160  -13.293  14.140  -21.008 0.0000000000
94015  -12.980  14.501  -20.876 0.0000000000
94014  -12.968  14.652  -20.849 0.0000000000
94013  -12.136  14.698  -20.874 0.0000000000
94913  -12.164  14.984  -20.855 0.0000000000
93159  -11.209  14.065  -21.023 0.0000000000
94017  -11.031  14.504  -20.963 0.0000000000
94911  -11.101  14.945  -20.994 0.0000000000
93158  -11.076  14.069  -20.838 0.0000000000
94012  -11.009  14.579  -20.466 0.0000000000
94910  -10.983  14.957  -20.905 0.0000000000
93155  -13.026  14.081  -20.442 0.0000000000
94011  -12.983  14.260  -20.401 0.0000000000
93154  -13.008  14.241  -20.370 0.0000000000
94010  -12.805  14.513  -20.250 0.0000000000
94009  -12.092  14.862  -20.158 0.0000000000
94909  -12.002  14.929  -20.601 0.0000000000
93153  -11.023  14.096  -20.271 0.0000000000
94008  -11.053  14.517  -20.065 0.0000000000
94905  -11.012  14.890  -20.203 0.0000000000
94908  -10.979  14.981  -20.536 0.0000000000
93150  -12.999  14.212  -19.998 0.0000000000
94007  -12.254  14.637  -20.018 0.0000000000
93149  -12.773  14.219  -20.000 0.0000000000
94006  -12.112  14.920  -20.015 0.0000000000
94906  -12.007  15.022  -20.064 0.0000000000
93148  -11.094  14.165  -20.013 0.0000000000
94005  -11.010  14.680  -19.926 0.0000000000
94902  -10.973  14.887  -19.991 0.0000000000
94004  -12.170  14.795  -19.710 0.0000000000
93145  -12.580  14.250  -19.986 0.0000000000
94003  -12.141  15.005  -19.973 0.0000000000
94903  -12.075  15.010  -19.907 0.0000000000
93143  -11.139  14.090  -19.931 0.0000000000
94001  -11.058  14.577  -19.517 0.0000000000
94898  -11.012  14.964  -19.816 0.0000000000
94000  -12.376  14.794  -19.171 0.0000000000
93141  -12.500  14.256  -19.427 0.0000000000
94900  -12.204  15.003  -19.372 0.0000000000
94899  -12.160  14.996  -19.705 0.0000000000
93139  -11.095  14.154  -19.875 0.0000000000
93140  -11.329  14.208  -19.476 0.0000000000
94002  -11.232  14.524  -19.075 0.0000000000
93998  -11.390  14.568  -19.030 0.0000000000
93997  -11.193  14.975  -19.151 0.0000000000
94894  -11.083  14.966  -19.486 0.0000000000
93996  -12.472  14.666  -18.976 0.0000000000
93138  -12.552  14.228  -18.996 0.0000000000
94897  -12.406  14.961  -19.062 0.0000000000
94895  -11.357  15.004  -19.059 0.0000000000
93992  -12.561  14.546  -18.608 0.0000000000
93135  -12.632  14.161  -18.960 0.0000000000
94893  -12.483  15.015  -18.908 0.0000000000
93131  -13.003  14.213  -18.377 0.0000000000
93130  -12.711  13.985  -18.643 0.0000000000
93993  -12.998  14.817  -18.357 0.0000000000
94889  -12.592  14.995  -18.560 0.0000000000
92352  -12.933  13.972  -21.998 0.0000000000
93189  -12.796  14.009  -21.758 0.0000000000
92347  -12.644  13.998  -21.715 0.0000000000
92346  -12.009  13.970  -21.627 0.0000000000
92345  -11.890  13.985  -21.578 0.0000000000
92341  -11.909  14.009  -21.601 0.0000000000
92340  -11.657  13.999  -21.546 0.0000000000
92332  -11.336  14.014  -21.008 0.0000000000
93156  -13.778  14.179  -20.549 0.0000000000
92331  -11.233  13.925  -20.974 0.0000000000
92322  -11.058  13.980  -20.724 0.0000000000
93152  -13.559  14.193  -20.143 0.0000000000
92323  -13.688  14.002  -20.393 0.0000000000
93151  -13.083  14.148  -20.098 0.0000000000
92313  -11.129  13.989  -20.136 0.0000000000
92315  -13.457  13.988  -20.175 0.0000000000
93147  -13.070  14.141  -19.923 0.0000000000
92314  -13.162  14.082  -19.997 0.0000000000
93146  -12.992  14.086  -19.956 0.0000000000
92307  -11.130  13.981  -20.007 0.0000000000
92310  -13.099  13.976  -19.887 0.0000000000
93142  -12.874  14.016  -19.864 0.0000000000
92309  -12.997  14.016  -19.839 0.0000000000
92308  -11.177  13.995  -19.923 0.0000000000
93144  -11.268  13.994  -19.813 0.0000000000
92305  -12.873  13.951  -19.504 0.0000000000
92304  -12.583  14.006  -19.008 0.0000000000
92300  -12.729  13.979  -19.024 0.0000000000
92296  -12.762  14.000  -18.980 0.0000000000
92292  -13.044  14.038  -18.369 0.0000000000
92291  -12.963  14.009  -18.522 0.0000000000
93132  -13.006  14.091  -18.094 0.0000000000
93126  -13.008  14.377  -18.001 0.0000000000
93127  -13.192  14.372  -18.133 0.0000000000
93989  -13.004  14.640  -18.027 0.0000000000
93123  -13.174  14.141  -17.956 0.0000000000
92289  -13.140  13.976  -18.077 0.0000000000
92293  -13.111  14.030  -18.178 0.0000000000
93987  -13.222  14.623  -17.962 0.0000000000
93990  -13.085  14.799  -17.986 0.0000000000
93120  -13.296  13.998  -17.518 0.0000000000
92282  -13.249  13.988  -17.551 0.0000000000
92286  -13.165  13.968  -17.993 0.0000000000
93984  -13.300  14.484  -17.662 0.0000000000
93121  -13.634  14.026  -17.152 0.0000000000
91495  -14.720  13.682  -21.985 0.0000000000
91494  -14.067  13.785  -21.982 0.0000000000
91493  -14.011  13.835  -21.993 0.0000000000
91492  -13.719  13.890  -22.003 0.0000000000
91491  -13.158  13.894  -22.000 0.0000000000
91490  -12.998  13.857  -21.934 0.0000000000
92348  -12.955  13.880  -21.779 0.0000000000
91481  -12.957  13.546  -21.656 0.0000000000
91480  -12.506  13.462  -21.627 0.0000000000
91479  -11.983  13.453  -21.607 0.0000000000
91478  -11.980  13.468  -21.733 0.0000000000
92344  -11.974  13.823  -21.755 0.0000000000
91477  -11.829  13.581  -21.799 0.0000000000
91474  -11.232  13.787  -21.402 0.0000000000
91471  -11.216  13.654  -21.013 0.0000000000
91470  -11.085  13.682  -21.022 0.0000000000
91466  -11.058  13.568  -20.585 0.0000000000
92312  -13.851  13.767  -20.020 0.0000000000
91449  -13.981  13.580  -19.995 0.0000000000
92311  -13.511  13.892  -20.019 0.0000000000
91456  -11.081  13.440  -20.004 0.0000000000
91448  -13.887  13.646  -19.988 0.0000000000
91447  -13.349  13.854  -20.018 0.0000000000
92306  -12.981  13.902  -19.681 0.0000000000
91441  -13.006  13.728  -19.639 0.0000000000
91446  -11.331  13.557  -19.902 0.0000000000
92302  -11.324  14.001  -19.785 0.0000000000
91445  -11.173  13.861  -19.987 0.0000000000
91440  -13.004  13.727  -19.527 0.0000000000
92301  -12.880  13.922  -19.059 0.0000000000
91435  -12.980  13.769  -19.154 0.0000000000
92297  -12.743  13.797  -18.906 0.0000000000
91431  -12.996  13.799  -18.981 0.0000000000
91430  -13.047  13.973  -19.009 0.0000000000
91425  -13.062  14.018  -18.856 0.0000000000
91423  -13.033  13.741  -17.984 0.0000000000
91427  -13.007  13.758  -18.469 0.0000000000
91426  -13.031  13.911  -18.781 0.0000000000
91420  -13.250  13.519  -17.952 0.0000000000
91416  -13.133  13.826  -17.947 0.0000000000
91417  -13.287  13.527  -17.654 0.0000000000
92283  -13.477  14.007  -17.194 0.0000000000
90693  -14.955  13.198  -21.785 0.0000000000
90692  -14.778  12.974  -21.724 0.0000000000
91486  -14.302  13.229  -21.707 0.0000000000
91485  -13.979  13.387  -21.739 0.0000000000
91484  -13.874  13.440  -21.705 0.0000000000
91483  -13.476  13.363  -21.844 0.0000000000
91482  -13.006  13.523  -21.806 0.0000000000
90686  -14.303  12.987  -21.465 0.0000000000
90685  -14.015  13.053  -21.390 0.0000000000
90684  -13.902  13.008  -21.482 0.0000000000
90683  -13.258  13.020  -21.387 0.0000000000
90682  -13.029  13.056  -21.306 0.0000000000
90681  -12.921  13.017  -21.462 0.0000000000
90680  -12.266  13.000  -21.468 0.0000000000
90679  -12.017  13.016  -21.640 0.0000000000
90678  -11.946  13.056  -21.666 0.0000000000
90677  -11.355  12.994  -21.397 0.0000000000
90666  -11.200  13.081  -21.057 0.0000000000
90662  -11.108  13.233  -21.025 0.0000000000
90661  -11.069  13.097  -20.994 0.0000000000
90658  -11.110  13.100  -20.533 0.0000000000
90653  -11.179  12.915  -19.975 0.0000000000
90654  -11.342  13.034  -19.999 0.0000000000
91457  -11.349  13.401  -20.014 0.0000000000
91444  -14.009  13.497  -19.712 0.0000000000
90645  -14.124  13.483  -19.631 0.0000000000
91443  -13.882  13.486  -19.711 0.0000000000
91442  -13.787  13.548  -19.769 0.0000000000
90635  -14.037  13.109  -19.212 0.0000000000
90634  -13.929  13.102  -19.283 0.0000000000
91437  -13.425  13.181  -19.069 0.0000000000
90633  -13.748  13.021  -19.180 0.0000000000
91436  -13.177  13.411  -19.006 0.0000000000
90628  -13.551  12.972  -19.032 0.0000000000
91432  -12.999  13.471  -18.981 0.0000000000
90627  -13.212  13.276  -18.990 0.0000000000
90623  -13.172  13.149  -19.003 0.0000000000
90620  -13.199  13.119  -18.517 0.0000000000
90617  -13.424  13.180  -18.010 0.0000000000
91421  -13.338  13.397  -17.932 0.0000000000
90614  -13.394  13.135  -17.960 0.0000000000
91412  -13.692  13.511  -16.996 0.0000000000
90612  -13.554  13.019  -17.304 0.0000000000
90615  -13.492  13.011  -17.867 0.0000000000
91413  -13.748  13.541  -16.995 0.0000000000
90608  -13.760  13.071  -17.003 0.0000000000
92279  -13.582  13.977  -16.999 0.0000000000
90688  -14.990  13.014  -21.590 0.0000000000
90687  -14.888  13.001  -21.518 0.0000000000
89893  -15.042  12.923  -21.475 0.0000000000
89892  -15.002  13.001  -21.590 0.0000000000
89883  -14.937  12.852  -21.409 0.0000000000
90674  -14.652  12.996  -21.310 0.0000000000
90673  -14.179  12.969  -21.263 0.0000000000
90672  -13.980  12.991  -21.268 0.0000000000
90671  -13.848  13.011  -21.275 0.0000000000
90670  -13.159  12.978  -21.262 0.0000000000
90669  -13.063  12.873  -21.316 0.0000000000
90668  -12.777  13.137  -21.425 0.0000000000
90667  -12.712  12.943  -21.404 0.0000000000
89891  -12.590  12.970  -21.670 0.0000000000
89890  -12.036  12.898  -21.618 0.0000000000
89889  -12.027  12.915  -21.667 0.0000000000
89888  -11.856  12.937  -21.664 0.0000000000
89875  -11.317  12.958  -21.240 0.0000000000
89882  -14.389  12.941  -21.125 0.0000000000
89881  -14.120  12.974  -21.255 0.0000000000
89880  -13.991  12.993  -21.226 0.0000000000
89879  -13.679  12.946  -21.229 0.0000000000
89878  -13.033  12.683  -21.213 0.0000000000
89877  -13.017  12.813  -21.278 0.0000000000
89876  -12.914  12.939  -21.299 0.0000000000
89874  -11.093  12.926  -21.029 0.0000000000
90665  -11.118  13.007  -21.050 0.0000000000
89862  -11.063  12.856  -20.981 0.0000000000
89859  -11.044  12.933  -20.856 0.0000000000
89854  -11.043  12.990  -20.342 0.0000000000
89855  -11.379  12.808  -20.077 0.0000000000
89849  -11.408  13.012  -19.941 0.0000000000
90643  -11.437  13.057  -20.014 0.0000000000
89839  -14.084  12.991  -19.251 0.0000000000
90630  -13.971  12.947  -19.137 0.0000000000
89828  -14.007  12.807  -19.202 0.0000000000
90629  -13.866  13.031  -19.090 0.0000000000
89827  -13.872  12.881  -19.076 0.0000000000
89826  -13.688  12.998  -18.995 0.0000000000
90624  -13.520  12.989  -18.875 0.0000000000
89821  -13.676  12.880  -19.032 0.0000000000
90621  -13.483  13.009  -18.352 0.0000000000
89818  -13.583  12.924  -18.730 0.0000000000
90618  -13.483  13.035  -18.019 0.0000000000
89815  -13.614  12.878  -18.193 0.0000000000
89812  -13.565  12.980  -18.012 0.0000000000
89809  -13.608  12.876  -17.645 0.0000000000
89806  -13.744  13.029  -17.010 0.0000000000
90609  -13.849  13.013  -16.967 0.0000000000
89885  -15.989  12.717  -21.310 0.0000000000
89884  -15.280  12.700  -21.219 0.0000000000
89105  -12.949  12.477  -21.159 0.0000000000
89113  -12.503  12.238  -21.425 0.0000000000
89112  -12.050  12.416  -21.592 0.0000000000
89111  -11.940  12.485  -21.623 0.0000000000
89110  -11.978  12.501  -21.764 0.0000000000
89104  -11.541  12.398  -21.716 0.0000000000
89871  -16.088  12.941  -20.945 0.0000000000
89870  -16.011  12.836  -21.039 0.0000000000
89099  -15.987  12.611  -20.950 0.0000000000
89109  -15.731  12.422  -21.124 0.0000000000
89108  -15.420  12.564  -21.021 0.0000000000
89098  -15.417  12.424  -20.991 0.0000000000
89869  -15.005  12.566  -20.977 0.0000000000
89868  -15.005  12.738  -20.993 0.0000000000
89867  -14.559  13.005  -21.008 0.0000000000
89866  -14.121  12.935  -21.004 0.0000000000
89865  -13.979  12.794  -21.007 0.0000000000
89864  -13.922  12.859  -20.990 0.0000000000
89863  -13.335  12.800  -20.992 0.0000000000
89092  -13.316  12.464  -21.002 0.0000000000
89107  -12.994  12.367  -20.993 0.0000000000
89106  -12.988  12.236  -21.041 0.0000000000
89103  -11.126  12.477  -21.075 0.0000000000
89090  -11.015  12.386  -21.028 0.0000000000
89100  -16.046  12.489  -20.996 0.0000000000
89097  -15.037  12.242  -21.007 0.0000000000
89096  -14.800  12.543  -20.850 0.0000000000
89095  -14.150  12.810  -20.847 0.0000000000
89094  -13.994  12.640  -20.919 0.0000000000
89093  -13.833  12.596  -20.908 0.0000000000
89081  -10.994  12.454  -20.955 0.0000000000
89076  -10.996  12.504  -20.478 0.0000000000
89077  -11.326  12.324  -20.019 0.0000000000
89071  -11.460  12.592  -19.963 0.0000000000
89829  -14.594  12.742  -19.221 0.0000000000
89055  -14.906  12.206  -19.023 0.0000000000
89054  -14.442  12.559  -19.033 0.0000000000
89823  -14.015  12.855  -19.072 0.0000000000
89047  -14.303  12.686  -18.980 0.0000000000
89822  -13.937  12.754  -18.989 0.0000000000
89046  -14.021  12.820  -18.962 0.0000000000
89819  -13.926  12.878  -18.347 0.0000000000
89042  -13.978  12.545  -18.593 0.0000000000
89816  -13.913  12.738  -18.002 0.0000000000
89039  -14.023  12.329  -18.011 0.0000000000
89813  -13.807  12.652  -18.003 0.0000000000
89037  -13.962  12.341  -18.014 0.0000000000
89036  -13.712  12.690  -17.959 0.0000000000
89033  -13.565  12.911  -17.927 0.0000000000
89034  -13.690  12.505  -17.606 0.0000000000
89810  -13.734  12.940  -17.008 0.0000000000
89807  -13.838  12.880  -16.975 0.0000000000
88352  -12.567  12.050  -21.357 0.0000000000
88357  -12.179  12.095  -21.566 0.0000000000
88356  -11.946  11.946  -21.652 0.0000000000
88355  -12.001  12.064  -21.646 0.0000000000
88354  -11.854  12.062  -21.683 0.0000000000
89091  -12.949  12.203  -20.954 0.0000000000
88340  -12.923  12.015  -20.991 0.0000000000
88353  -12.980  12.005  -21.040 0.0000000000
88351  -11.342  12.003  -21.357 0.0000000000
88350  -11.091  12.003  -21.047 0.0000000000
88334  -16.801  11.996  -20.739 0.0000000000
88349  -16.537  12.061  -20.972 0.0000000000
88348  -16.261  12.026  -20.950 0.0000000000
88347  -16.000  12.147  -20.898 0.0000000000
88346  -15.828  12.254  -20.872 0.0000000000
88345  -15.402  12.161  -20.815 0.0000000000
88344  -15.003  11.993  -20.735 0.0000000000
89085  -14.971  12.121  -20.728 0.0000000000
89084  -14.992  12.186  -20.664 0.0000000000
89083  -14.458  12.360  -20.680 0.0000000000
89082  -14.006  12.417  -20.565 0.0000000000
88326  -13.940  12.183  -20.684 0.0000000000
88343  -13.878  12.403  -20.807 0.0000000000
88342  -13.593  12.225  -20.870 0.0000000000
88341  -13.014  12.016  -20.877 0.0000000000
88339  -11.038  11.996  -20.969 0.0000000000
88335  -16.989  12.034  -20.612 0.0000000000
88329  -15.025  12.024  -20.607 0.0000000000
88328  -14.840  12.008  -20.563 0.0000000000
88327  -14.071  12.028  -20.342 0.0000000000
88324  -11.099  12.019  -20.763 0.0000000000
88319  -11.685  12.043  -20.038 0.0000000000
88318  -11.334  12.102  -20.161 0.0000000000
89049  -15.020  12.392  -18.961 0.0000000000
89048  -14.886  12.467  -18.995 0.0000000000
88286  -15.028  12.092  -18.878 0.0000000000
88285  -14.999  12.193  -18.806 0.0000000000
89044  -14.615  12.466  -18.970 0.0000000000
88281  -14.921  12.101  -18.733 0.0000000000
89043  -14.157  12.669  -18.742 0.0000000000
89040  -14.044  12.369  -18.152 0.0000000000
88280  -14.361  12.104  -18.228 0.0000000000
88276  -14.233  12.102  -18.055 0.0000000000
88275  -14.006  12.028  -18.031 0.0000000000
88271  -13.950  12.014  -17.935 0.0000000000
89031  -13.890  12.413  -17.013 0.0000000000
88269  -13.902  12.029  -17.292 0.0000000000
89029  -13.887  12.543  -16.963 0.0000000000
88267  -13.906  12.008  -16.998 0.0000000000
89027  -13.887  12.480  -16.544 0.0000000000
88265  -13.884  12.068  -16.822 0.0000000000
89804  -13.883  12.889  -16.808 0.0000000000
89025  -13.805  12.442  -15.989 0.0000000000
88263  -13.838  11.995  -16.306 0.0000000000
89802  -13.813  12.942  -16.243 0.0000000000
89021  -13.907  12.489  -15.860 0.0000000000
88261  -13.888  12.022  -15.985 0.0000000000
89800  -13.886  12.880  -15.988 0.0000000000
88258  -13.993  12.271  -15.673 0.0000000000
88257  -13.903  12.019  -15.696 0.0000000000
89022  -13.994  12.878  -15.897 0.0000000000
89796  -13.935  12.981  -15.775 0.0000000000
87610  -12.395  12.010  -21.500 0.0000000000
87615  -12.089  11.963  -21.600 0.0000000000
87614  -12.010  11.934  -21.724 0.0000000000
87613  -11.992  11.918  -21.796 0.0000000000
87612  -11.592  11.980  -21.570 0.0000000000
87605  -12.993  11.918  -21.054 0.0000000000
87611  -12.817  11.998  -21.217 0.0000000000
87609  -11.152  11.996  -21.244 0.0000000000
87608  -11.022  11.980  -21.040 0.0000000000
88333  -16.341  12.019  -20.752 0.0000000000
88332  -16.020  12.017  -20.745 0.0000000000
88331  -15.987  12.052  -20.646 0.0000000000
88330  -15.353  12.022  -20.629 0.0000000000
88325  -13.689  12.023  -20.622 0.0000000000
87607  -13.228  11.982  -20.918 0.0000000000
87606  -12.996  11.836  -20.926 0.0000000000
87604  -11.002  11.945  -20.958 0.0000000000
87601  -17.159  11.992  -20.588 0.0000000000
87600  -16.997  11.977  -20.597 0.0000000000
87599  -16.716  11.954  -20.578 0.0000000000
87598  -16.263  11.939  -20.568 0.0000000000
87597  -15.984  11.927  -20.594 0.0000000000
87596  -15.795  11.987  -20.604 0.0000000000
87595  -15.029  11.985  -20.443 0.0000000000
87594  -14.994  11.979  -20.570 0.0000000000
87593  -14.637  11.994  -20.570 0.0000000000
87592  -14.027  12.001  -20.592 0.0000000000
87591  -13.915  11.908  -20.537 0.0000000000
87590  -13.440  11.924  -20.618 0.0000000000
87588  -11.024  11.916  -20.595 0.0000000000
87578  -11.157  11.991  -20.353 0.0000000000
87579  -11.518  11.960  -20.083 0.0000000000
87553  -15.432  12.029  -18.884 0.0000000000
88282  -14.989  11.993  -18.711 0.0000000000
87552  -15.064  12.017  -18.815 0.0000000000
87540  -14.995  11.816  -18.785 0.0000000000
88277  -14.475  11.992  -18.164 0.0000000000
87539  -14.726  11.889  -18.397 0.0000000000
87536  -14.555  11.791  -18.125 0.0000000000
88272  -14.115  12.121  -17.950 0.0000000000
87535  -14.251  12.000  -17.996 0.0000000000
87531  -14.178  11.987  -17.878 0.0000000000
87530  -13.983  11.958  -17.479 0.0000000000
87527  -13.924  11.908  -17.210 0.0000000000
87524  -13.904  11.847  -16.989 0.0000000000
87522  -13.909  11.889  -16.695 0.0000000000
87520  -13.902  11.763  -16.309 0.0000000000
87518  -13.894  11.724  -15.979 0.0000000000
88255  -14.176  12.057  -15.245 0.0000000000
89019  -14.234  12.604  -15.444 0.0000000000
88254  -14.043  11.970  -15.443 0.0000000000
87515  -13.891  11.784  -15.697 0.0000000000
88252  -14.221  12.030  -14.988 0.0000000000
87512  -14.217  11.970  -15.058 0.0000000000
89015  -14.270  12.551  -15.031 0.0000000000
87511  -13.951  11.915  -15.373 0.0000000000
88248  -14.229  12.006  -14.846 0.0000000000
87508  -14.221  11.911  -14.944 0.0000000000
89011  -14.236  12.214  -14.954 0.0000000000
87505  -14.551  11.969  -14.391 0.0000000000
87504  -14.279  11.840  -14.595 0.0000000000
88249  -14.483  12.022  -14.552 0.0000000000
86900  -12.085  11.643  -21.607 0.0000000000
86899  -12.026  11.469  -21.700 0.0000000000
86898  -11.998  11.271  -21.763 0.0000000000
86897  -11.309  11.093  -21.452 0.0000000000
86896  -12.892  11.612  -21.102 0.0000000000
86895  -12.242  11.411  -21.580 0.0000000000
86894  -11.246  11.432  -21.090 0.0000000000
86893  -11.114  11.572  -21.093 0.0000000000
86892  -13.113  11.531  -20.998 0.0000000000
86891  -12.947  11.532  -20.998 0.0000000000
86890  -12.974  11.457  -21.113 0.0000000000
86889  -11.031  11.577  -20.999 0.0000000000
86887  -17.982  11.480  -20.559 0.0000000000
86886  -17.419  11.605  -20.648 0.0000000000
86885  -17.015  11.565  -20.479 0.0000000000
86884  -16.979  11.500  -20.585 0.0000000000
86883  -16.546  11.472  -20.482 0.0000000000
86882  -16.083  11.426  -20.401 0.0000000000
86881  -15.993  11.435  -20.385 0.0000000000
86880  -15.689  11.467  -20.205 0.0000000000
87584  -15.166  11.794  -20.365 0.0000000000
87583  -15.141  11.673  -20.353 0.0000000000
87582  -14.997  11.667  -20.230 0.0000000000
87581  -14.615  11.600  -20.290 0.0000000000
86879  -14.096  11.721  -20.577 0.0000000000
86878  -14.017  11.379  -20.553 0.0000000000
86877  -13.934  11.418  -20.516 0.0000000000
86876  -13.411  11.376  -20.879 0.0000000000
86874  -11.101  11.219  -20.731 0.0000000000
86875  -11.174  11.453  -20.324 0.0000000000
87589  -11.205  11.879  -20.225 0.0000000000
86871  -17.992  11.511  -20.556 0.0000000000
86867  -15.286  11.145  -20.182 0.0000000000
86866  -14.983  11.217  -20.215 0.0000000000
86865  -14.851  11.173  -20.222 0.0000000000
86864  -14.246  11.096  -20.369 0.0000000000
87542  -15.869  11.889  -18.759 0.0000000000
87541  -15.295  11.937  -18.759 0.0000000000
86827  -16.004  11.439  -18.346 0.0000000000
86826  -15.598  11.556  -18.714 0.0000000000
86825  -15.053  11.528  -18.303 0.0000000000
87537  -14.868  11.672  -18.230 0.0000000000
86824  -14.995  11.388  -18.137 0.0000000000
86815  -14.862  11.277  -18.052 0.0000000000
87532  -14.305  11.928  -18.021 0.0000000000
86814  -14.718  11.521  -17.994 0.0000000000
86810  -14.635  11.551  -17.974 0.0000000000
87528  -13.952  11.844  -17.469 0.0000000000
86809  -14.138  11.858  -17.726 0.0000000000
87525  -13.990  11.841  -17.129 0.0000000000
86805  -14.190  11.668  -17.236 0.0000000000
86802  -14.055  11.541  -16.991 0.0000000000
86801  -13.947  11.814  -16.925 0.0000000000
86798  -13.919  11.588  -16.647 0.0000000000
86795  -13.921  11.268  -16.155 0.0000000000
86793  -13.889  11.409  -15.913 0.0000000000
86790  -13.989  11.494  -15.754 0.0000000000
86788  -14.227  11.414  -15.016 0.0000000000
86787  -14.144  11.641  -15.077 0.0000000000
86783  -14.156  11.361  -14.955 0.0000000000
87501  -14.592  11.971  -14.058 0.0000000000
88244  -14.669  12.051  -14.101 0.0000000000
87500  -14.495  11.876  -14.228 0.0000000000
86775  -14.220  11.302  -14.544 0.0000000000
87496  -14.795  11.922  -13.960 0.0000000000
86765  -14.626  11.229  -13.990 0.0000000000
86764  -14.536  11.376  -13.995 0.0000000000
88236  -14.758  11.990  -13.990 0.0000000000
86141  -12.247  11.014  -21.629 0.0000000000
86140  -12.031  11.007  -21.645 0.0000000000
86139  -11.884  11.001  -21.598 0.0000000000
86138  -11.401  10.979  -21.226 0.0000000000
86134  -11.307  11.027  -21.030 0.0000000000
86136  -12.829  11.021  -21.293 0.0000000000
86135  -12.673  11.011  -21.425 0.0000000000
86133  -11.235  11.282  -21.006 0.0000000000
86128  -11.178  11.222  -21.041 0.0000000000
86132  -13.194  11.048  -20.975 0.0000000000
86131  -13.002  11.062  -20.978 0.0000000000
86130  -12.962  11.172  -21.059 0.0000000000
86117  -11.209  11.126  -20.957 0.0000000000
86126  -18.120  11.069  -20.367 0.0000000000
86125  -17.665  11.115  -20.483 0.0000000000
86888  -17.981  11.029  -20.485 0.0000000000
86124  -17.088  11.143  -20.460 0.0000000000
86123  -16.968  11.084  -20.415 0.0000000000
86122  -16.935  11.113  -20.418 0.0000000000
86110  -16.476  10.985  -20.212 0.0000000000
86870  -16.181  11.060  -20.192 0.0000000000
86869  -16.032  11.102  -20.214 0.0000000000
86868  -15.808  11.121  -20.225 0.0000000000
86863  -14.033  11.026  -20.508 0.0000000000
86121  -14.033  10.983  -20.579 0.0000000000
86120  -13.896  11.014  -20.639 0.0000000000
86119  -13.670  11.023  -20.773 0.0000000000
86118  -11.368  11.001  -20.678 0.0000000000
86100  -11.631  11.007  -20.297 0.0000000000
86861  -11.708  11.310  -20.014 0.0000000000
86127  -18.067  10.918  -20.460 0.0000000000
86109  -16.007  10.994  -20.190 0.0000000000
86108  -16.009  11.007  -20.237 0.0000000000
86107  -15.555  10.988  -20.227 0.0000000000
86106  -15.102  10.997  -20.262 0.0000000000
86105  -14.986  10.959  -20.207 0.0000000000
86104  -14.671  10.988  -20.222 0.0000000000
86103  -14.260  10.973  -20.407 0.0000000000
86819  -16.008  11.104  -18.061 0.0000000000
86818  -15.957  11.148  -17.988 0.0000000000
86817  -15.599  11.178  -18.055 0.0000000000
86816  -15.104  11.257  -18.093 0.0000000000
86062  -16.355  10.982  -18.088 0.0000000000
86061  -16.014  10.997  -18.072 0.0000000000
86060  -15.893  11.005  -18.089 0.0000000000
86059  -15.494  11.071  -17.976 0.0000000000
86058  -15.152  11.082  -18.025 0.0000000000
86811  -14.986  11.239  -17.987 0.0000000000
86057  -14.998  11.223  -17.988 0.0000000000
86053  -14.955  11.082  -17.785 0.0000000000
86806  -14.303  11.427  -17.427 0.0000000000
86052  -14.791  11.155  -17.752 0.0000000000
86049  -14.503  11.022  -17.227 0.0000000000
86048  -14.283  11.170  -17.005 0.0000000000
86799  -14.198  11.303  -16.607 0.0000000000
86044  -14.292  11.022  -17.016 0.0000000000
86796  -14.145  11.038  -16.213 0.0000000000
86041  -14.244  11.013  -16.520 0.0000000000
86038  -14.129  11.040  -16.111 0.0000000000
86033  -13.998  11.082  -16.048 0.0000000000
86037  -14.021  11.141  -16.091 0.0000000000
86030  -14.035  11.060  -15.888 0.0000000000
86791  -14.251  11.199  -15.393 0.0000000000
86024  -14.220  11.052  -14.997 0.0000000000
86028  -14.230  11.063  -15.112 0.0000000000
86016  -14.223  11.008  -14.611 0.0000000000
86008  -14.458  11.010  -14.181 0.0000000000
85410  -12.212  10.878  -21.585 0.0000000000
85409  -11.987  10.808  -21.643 0.0000000000
86142  -12.551  10.979  -21.496 0.0000000000
85408  -11.975  10.909  -21.719 0.0000000000
85407  -11.607  10.915  -21.351 0.0000000000
85403  -11.376  10.979  -20.992 0.0000000000
86137  -12.980  11.012  -21.193 0.0000000000
85404  -13.015  10.992  -21.292 0.0000000000
85411  -12.753  10.846  -21.575 0.0000000000
85399  -11.273  10.949  -21.011 0.0000000000
86129  -11.261  11.043  -21.000 0.0000000000
85401  -13.377  10.933  -20.912 0.0000000000
85400  -13.296  10.912  -21.007 0.0000000000
85405  -12.990  10.898  -21.271 0.0000000000
85391  -11.268  10.998  -20.814 0.0000000000
86113  -17.999  10.965  -20.406 0.0000000000
85398  -17.993  11.038  -20.422 0.0000000000
85397  -17.758  11.038  -20.588 0.0000000000
85396  -17.269  10.998  -20.448 0.0000000000
85385  -17.235  10.816  -20.394 0.0000000000
86112  -17.006  10.991  -20.281 0.0000000000
86111  -16.941  10.937  -20.277 0.0000000000
85395  -14.069  10.829  -20.540 0.0000000000
85394  -13.965  10.987  -20.556 0.0000000000
85393  -13.793  11.011  -20.626 0.0000000000
85372  -11.427  10.977  -20.425 0.0000000000
85389  -18.962  10.620  -20.074 0.0000000000
85388  -18.396  10.725  -20.203 0.0000000000
86116  -18.889  10.996  -20.020 0.0000000000
85387  -17.993  10.797  -20.410 0.0000000000
85384  -16.999  10.675  -20.106 0.0000000000
85383  -16.604  10.794  -20.145 0.0000000000
85382  -16.115  10.937  -20.186 0.0000000000
85381  -15.984  10.911  -20.189 0.0000000000
85380  -15.742  10.864  -20.206 0.0000000000
85379  -15.293  10.810  -20.166 0.0000000000
85378  -15.017  10.727  -20.142 0.0000000000
85377  -14.940  10.776  -20.165 0.0000000000
85376  -14.488  10.977  -20.269 0.0000000000
85370  -19.148  10.881  -19.883 0.0000000000
85369  -19.036  10.884  -19.969 0.0000000000
85390  -19.084  10.950  -20.097 0.0000000000
85328  -16.602  10.780  -18.087 0.0000000000
85327  -16.173  10.812  -18.034 0.0000000000
85326  -15.901  10.905  -18.095 0.0000000000
85325  -15.754  10.959  -18.069 0.0000000000
86055  -15.471  11.021  -17.875 0.0000000000
85320  -15.676  10.843  -17.935 0.0000000000
86054  -15.166  11.005  -17.867 0.0000000000
85319  -15.066  10.848  -17.689 0.0000000000
85318  -15.010  10.998  -17.754 0.0000000000
86050  -14.661  10.977  -17.626 0.0000000000
85314  -14.888  10.717  -17.367 0.0000000000
85313  -14.657  10.897  -17.312 0.0000000000
86045  -14.371  10.988  -16.997 0.0000000000
85309  -14.597  10.762  -17.039 0.0000000000
85308  -14.393  10.995  -16.964 0.0000000000
85304  -14.178  10.953  -16.717 0.0000000000
85302  -14.226  10.830  -16.213 0.0000000000
86034  -14.143  10.987  -15.980 0.0000000000
85299  -14.183  10.958  -15.994 0.0000000000
86031  -14.166  11.040  -15.576 0.0000000000
85296  -14.379  10.987  -15.619 0.0000000000
85293  -14.200  10.911  -15.132 0.0000000000
85288  -14.216  10.945  -15.006 0.0000000000
85279  -14.237  10.968  -14.816 0.0000000000
85270  -14.464  10.955  -14.221 0.0000000000
84704  -12.902  10.251  -21.633 0.0000000000
84703  -12.384  10.380  -21.628 0.0000000000
85412  -12.989  10.703  -21.538 0.0000000000
84702  -12.023  10.263  -21.641 0.0000000000
84701  -11.856  10.234  -21.663 0.0000000000
84700  -11.704  10.565  -21.613 0.0000000000
84696  -11.497  10.384  -21.312 0.0000000000
85406  -13.456  10.954  -21.106 0.0000000000
84698  -13.280  10.466  -21.341 0.0000000000
84705  -13.019  10.221  -21.565 0.0000000000
84692  -11.335  10.420  -21.018 0.0000000000
85402  -13.810  10.650  -20.733 0.0000000000
84694  -13.806  10.453  -20.952 0.0000000000
84699  -13.700  10.146  -21.003 0.0000000000
84687  -11.392  10.538  -20.739 0.0000000000
85386  -17.823  10.750  -20.348 0.0000000000
84678  -14.299  10.385  -20.170 0.0000000000
84691  -14.008  10.146  -20.541 0.0000000000
84690  -13.979  10.411  -20.622 0.0000000000
85392  -11.546  10.781  -20.346 0.0000000000
85368  -19.016  10.705  -20.037 0.0000000000
84671  -18.931  10.316  -19.977 0.0000000000
84686  -18.754  10.254  -20.048 0.0000000000
84685  -18.360  10.609  -19.990 0.0000000000
84684  -18.009  10.361  -20.157 0.0000000000
84683  -18.000  10.410  -20.012 0.0000000000
84682  -17.356  10.462  -20.159 0.0000000000
84681  -17.002  10.583  -20.068 0.0000000000
84666  -17.012  10.426  -19.993 0.0000000000
85367  -17.010  10.520  -19.992 0.0000000000
85366  -16.755  10.883  -20.000 0.0000000000
85365  -16.243  10.962  -19.975 0.0000000000
85364  -15.942  10.712  -19.960 0.0000000000
85363  -15.988  10.693  -20.042 0.0000000000
85362  -15.274  10.782  -20.025 0.0000000000
85361  -14.997  10.626  -20.005 0.0000000000
84660  -15.006  10.427  -19.984 0.0000000000
84680  -14.971  10.131  -20.014 0.0000000000
84679  -14.914  10.317  -20.101 0.0000000000
85373  -11.802  10.993  -20.046 0.0000000000
84673  -19.361  10.068  -19.804 0.0000000000
84672  -19.034  10.225  -19.850 0.0000000000
85371  -19.845  10.684  -19.440 0.0000000000
84665  -16.733  10.363  -19.872 0.0000000000
84664  -16.246  10.455  -19.832 0.0000000000
84663  -16.009  10.424  -19.867 0.0000000000
84662  -15.737  10.364  -19.877 0.0000000000
84661  -15.226  10.415  -19.986 0.0000000000
84655  -19.935  10.347  -19.567 0.0000000000
84623  -16.728  10.512  -18.072 0.0000000000
84622  -16.462  10.618  -18.061 0.0000000000
85322  -16.125  10.783  -17.980 0.0000000000
84607  -16.391  10.434  -17.876 0.0000000000
85321  -15.985  10.773  -17.970 0.0000000000
84606  -16.008  10.270  -17.768 0.0000000000
84605  -15.764  10.105  -17.641 0.0000000000
84604  -15.302  10.448  -17.693 0.0000000000
85315  -15.011  10.685  -17.436 0.0000000000
84600  -15.218  10.282  -17.212 0.0000000000
84599  -15.023  10.303  -17.153 0.0000000000
85310  -14.917  10.609  -17.088 0.0000000000
84595  -14.978  10.249  -16.968 0.0000000000
84594  -14.810  10.369  -17.002 0.0000000000
85305  -14.419  10.796  -16.983 0.0000000000
84589  -14.765  10.250  -16.738 0.0000000000
84588  -14.093  10.314  -16.855 0.0000000000
84584  -14.163  10.163  -16.297 0.0000000000
84581  -14.240  10.288  -16.004 0.0000000000
84579  -14.044  10.481  -15.784 0.0000000000
84577  -14.012  10.618  -15.093 0.0000000000
84575  -14.215  10.499  -14.969 0.0000000000
84567  -14.233  10.328  -14.806 0.0000000000
84557  -14.247  10.631  -14.497 0.0000000000
83959  -13.328  10.080  -21.372 0.0000000000
83966  -13.009  10.011  -21.634 0.0000000000
83965  -13.000  10.011  -21.684 0.0000000000
83964  -12.413  10.005  -21.660 0.0000000000
83963  -12.015  9.967  -21.630 0.0000000000
83962  -11.956  9.988  -21.627 0.0000000000
83958  -11.795  10.011  -21.354 0.0000000000
84697  -11.584  10.027  -21.434 0.0000000000
83954  -13.858  9.981  -20.981 0.0000000000
83960  -13.655  9.992  -21.176 0.0000000000
83957  -11.581  10.010  -21.074 0.0000000000
83952  -11.443  10.058  -20.983 0.0000000000
84695  -13.882  10.169  -20.729 0.0000000000
84693  -11.654  10.074  -20.896 0.0000000000
83943  -14.308  9.999  -20.232 0.0000000000
83950  -14.110  9.985  -20.706 0.0000000000
83949  -13.991  10.006  -20.799 0.0000000000
84688  -11.780  10.298  -20.509 0.0000000000
84670  -18.288  10.148  -19.893 0.0000000000
84669  -18.049  10.304  -19.934 0.0000000000
84668  -17.929  10.125  -19.979 0.0000000000
84667  -17.475  10.175  -19.981 0.0000000000
83925  -14.997  10.075  -19.960 0.0000000000
83945  -14.994  9.902  -20.001 0.0000000000
83944  -14.881  9.992  -20.129 0.0000000000
83938  -19.553  10.066  -19.735 0.0000000000
83937  -19.005  10.021  -19.875 0.0000000000
84674  -19.708  10.172  -19.620 0.0000000000
83936  -18.961  10.017  -19.770 0.0000000000
83935  -18.508  10.060  -19.881 0.0000000000
83934  -18.119  10.049  -19.814 0.0000000000
83933  -17.917  10.100  -19.806 0.0000000000
83932  -17.531  10.080  -19.812 0.0000000000
83931  -17.154  10.128  -19.824 0.0000000000
83930  -16.957  10.012  -19.792 0.0000000000
83929  -16.416  10.118  -19.813 0.0000000000
83928  -16.006  10.029  -19.944 0.0000000000
83927  -15.871  10.014  -19.666 0.0000000000
83926  -15.406  10.032  -19.786 0.0000000000
84608  -16.939  10.351  -17.761 0.0000000000
83879  -18.554  10.011  -17.756 0.0000000000
83880  -19.013  9.993  -17.793 0.0000000000
83878  -18.010  9.997  -17.744 0.0000000000
83877  -17.985  10.019  -17.749 0.0000000000
83876  -17.614  10.063  -17.765 0.0000000000
83875  -17.159  10.047  -17.681 0.0000000000
83874  -16.980  10.045  -17.762 0.0000000000
83873  -16.590  10.028  -17.790 0.0000000000
83872  -16.140  10.073  -17.663 0.0000000000
83871  -16.009  10.014  -17.597 0.0000000000
84601  -15.560  10.007  -17.344 0.0000000000
83866  -15.919  9.973  -17.537 0.0000000000
83865  -15.278  9.989  -17.168 0.0000000000
84596  -15.057  10.138  -17.012 0.0000000000
83863  -15.109  10.020  -17.014 0.0000000000
83862  -15.022  10.027  -16.949 0.0000000000
84590  -14.983  10.076  -16.911 0.0000000000
83859  -14.984  10.070  -16.948 0.0000000000
83858  -14.837  9.994  -16.815 0.0000000000
84585  -14.396  10.017  -16.237 0.0000000000
83855  -14.552  9.960  -16.335 0.0000000000
83854  -14.386  9.980  -16.002 0.0000000000
83850  -14.422  10.107  -15.998 0.0000000000
83846  -14.373  9.990  -15.984 0.0000000000
83843  -14.335  10.011  -15.212 0.0000000000
83840  -14.369  10.234  -15.033 0.0000000000
83837  -14.242  10.139  -14.989 0.0000000000
83258  -13.016  9.877  -21.647 0.0000000000
83257  -12.975  9.928  -21.740 0.0000000000
83967  -13.326  9.978  -21.425 0.0000000000
83969  -12.867  9.971  -21.777 0.0000000000
83256  -12.198  9.695  -21.760 0.0000000000
83255  -11.998  9.719  -21.680 0.0000000000
83968  -12.683  10.014  -21.815 0.0000000000
83254  -12.000  9.760  -21.810 0.0000000000
83251  -11.692  9.946  -21.579 0.0000000000
83961  -14.003  10.018  -21.002 0.0000000000
83252  -13.814  9.948  -21.112 0.0000000000
83250  -11.529  9.725  -21.112 0.0000000000
83245  -11.385  9.842  -21.011 0.0000000000
83955  -13.958  9.969  -20.926 0.0000000000
83953  -11.695  9.980  -20.815 0.0000000000
83951  -14.487  9.977  -20.377 0.0000000000
83243  -14.132  9.730  -20.863 0.0000000000
83956  -14.023  9.981  -20.852 0.0000000000
83227  -14.999  9.754  -19.941 0.0000000000
83238  -14.985  9.610  -20.028 0.0000000000
83237  -14.908  9.715  -20.100 0.0000000000
83918  -19.845  10.032  -19.714 0.0000000000
83220  -19.801  9.910  -19.596 0.0000000000
83233  -19.519  9.968  -19.848 0.0000000000
83232  -19.133  9.988  -19.833 0.0000000000
83939  -19.694  10.038  -19.628 0.0000000000
83231  -19.017  9.965  -19.883 0.0000000000
83230  -18.625  9.948  -19.909 0.0000000000
83229  -18.214  10.005  -19.858 0.0000000000
83216  -18.221  9.873  -19.821 0.0000000000
83917  -18.004  9.989  -19.728 0.0000000000
83916  -17.956  10.011  -19.677 0.0000000000
83915  -17.555  10.006  -19.659 0.0000000000
83914  -17.100  10.000  -19.670 0.0000000000
83913  -16.986  9.992  -19.627 0.0000000000
83912  -16.517  10.026  -19.670 0.0000000000
83911  -16.019  9.978  -19.668 0.0000000000
83910  -16.000  10.031  -19.538 0.0000000000
83909  -15.794  9.986  -19.617 0.0000000000
83208  -15.645  9.829  -19.513 0.0000000000
83228  -15.144  9.691  -19.747 0.0000000000
83919  -20.017  10.020  -19.549 0.0000000000
83215  -18.001  9.827  -19.580 0.0000000000
83214  -17.810  9.821  -19.524 0.0000000000
83213  -17.071  9.749  -19.521 0.0000000000
83212  -16.977  9.740  -19.517 0.0000000000
83211  -16.717  9.703  -19.473 0.0000000000
83210  -16.256  9.729  -19.512 0.0000000000
83209  -15.983  9.870  -19.536 0.0000000000
83179  -17.801  9.988  -17.760 0.0000000000
83180  -17.950  9.947  -17.770 0.0000000000
83178  -17.135  9.958  -17.749 0.0000000000
83177  -16.992  9.898  -17.753 0.0000000000
83176  -16.978  9.934  -17.768 0.0000000000
83868  -16.148  9.961  -17.495 0.0000000000
83162  -16.569  9.659  -17.604 0.0000000000
83867  -15.981  9.972  -17.506 0.0000000000
83161  -16.145  9.653  -17.423 0.0000000000
83160  -15.977  9.714  -17.503 0.0000000000
83159  -15.513  10.009  -17.434 0.0000000000
83155  -15.220  9.791  -17.137 0.0000000000
83154  -15.020  10.013  -16.986 0.0000000000
83259  -13.364  9.929  -21.520 0.0000000000
82538  -13.138  9.403  -21.947 0.0000000000
83264  -13.014  9.466  -22.002 0.0000000000
83263  -13.019  9.711  -22.007 0.0000000000
83262  -12.571  9.829  -22.053 0.0000000000
82537  -12.037  9.041  -21.756 0.0000000000
82536  -11.943  9.050  -21.823 0.0000000000
83261  -12.073  9.239  -21.804 0.0000000000
82532  -11.944  9.324  -21.895 0.0000000000
83260  -13.944  9.400  -21.269 0.0000000000
83253  -13.975  9.629  -21.098 0.0000000000
82531  -11.594  9.270  -21.481 0.0000000000
82525  -11.432  9.134  -20.986 0.0000000000
83246  -11.695  9.614  -20.913 0.0000000000
82524  -14.238  9.163  -20.728 0.0000000000
82523  -14.170  9.242  -20.982 0.0000000000
83244  -14.548  9.764  -20.385 0.0000000000
83249  -14.007  9.601  -20.988 0.0000000000
82512  -14.995  9.272  -19.983 0.0000000000
82518  -14.958  9.325  -20.020 0.0000000000
82517  -14.722  9.098  -20.341 0.0000000000
83219  -19.213  9.810  -19.856 0.0000000000
83218  -19.004  9.676  -19.696 0.0000000000
83217  -18.873  9.739  -19.798 0.0000000000
82493  -15.339  9.150  -19.594 0.0000000000
82513  -15.014  9.278  -19.917 0.0000000000
82504  -19.018  9.122  -19.391 0.0000000000
82505  -19.661  9.238  -19.516 0.0000000000
82503  -19.003  9.253  -19.332 0.0000000000
82502  -18.586  9.322  -19.378 0.0000000000
82501  -18.019  9.349  -19.465 0.0000000000
82500  -17.907  9.389  -19.408 0.0000000000
82499  -17.477  9.203  -19.378 0.0000000000
82498  -16.998  9.161  -19.374 0.0000000000
82497  -16.974  9.265  -19.265 0.0000000000
82496  -16.504  9.286  -19.342 0.0000000000
82495  -16.043  9.167  -19.481 0.0000000000
82494  -15.945  9.187  -19.517 0.0000000000
83165  -17.537  9.620  -17.469 0.0000000000
83166  -17.990  9.716  -17.571 0.0000000000
83164  -17.003  9.538  -17.485 0.0000000000
83163  -16.974  9.677  -17.554 0.0000000000
83156  -15.584  9.635  -17.391 0.0000000000
82545  -13.398  9.038  -21.994 0.0000000000
82544  -13.176  9.217  -22.085 0.0000000000
82539  -13.654  9.003  -21.785 0.0000000000
81746  -12.015  8.951  -21.796 0.0000000000
81750  -12.228  9.020  -21.925 0.0000000000
82541  -12.303  9.010  -21.998 0.0000000000
81745  -11.857  9.009  -21.885 0.0000000000
82535  -11.779  9.001  -21.733 0.0000000000
81744  -11.487  9.017  -21.461 0.0000000000
81741  -11.220  9.008  -21.097 0.0000000000
81733  -11.483  8.986  -20.976 0.0000000000
82526  -11.720  9.224  -20.942 0.0000000000
81727  -14.530  8.936  -20.679 0.0000000000
81726  -14.211  8.989  -20.985 0.0000000000
82530  -14.139  9.245  -21.007 0.0000000000
81719  -14.911  9.011  -20.120 0.0000000000
81718  -14.782  9.007  -20.277 0.0000000000
81715  -15.133  8.994  -19.946 0.0000000000
81714  -14.990  8.992  -19.956 0.0000000000
81707  -19.098  9.022  -19.280 0.0000000000
82487  -18.985  9.052  -19.244 0.0000000000
81708  -19.406  9.024  -19.310 0.0000000000
82486  -18.841  9.022  -19.168 0.0000000000
82485  -18.353  9.009  -19.097 0.0000000000
82484  -18.036  9.094  -19.142 0.0000000000
82483  -17.896  9.014  -19.107 0.0000000000
82482  -17.324  9.022  -19.022 0.0000000000
82481  -17.048  9.009  -19.130 0.0000000000
82480  -16.850  9.013  -19.166 0.0000000000
82479  -16.525  8.997  -19.276 0.0000000000
81706  -16.196  9.027  -19.352 0.0000000000
81705  -16.019  8.916  -19.446 0.0000000000
81704  -15.738  8.985  -19.413 0.0000000000
81703  -15.171  9.002  -19.815 0.0000000000
81693  -18.992  8.992  -19.186 0.0000000000
81692  -18.814  9.016  -18.995 0.0000000000
81691  -18.199  8.983  -19.045 0.0000000000
81690  -17.991  8.987  -19.025 0.0000000000
81689  -17.977  9.020  -19.007 0.0000000000
81688  -17.420  8.975  -18.961 0.0000000000
81687  -16.992  8.922  -19.048 0.0000000000
81686  -16.723  8.992  -19.131 0.0000000000
81685  -16.098  8.970  -19.361 0.0000000000
80898  -12.199  8.720  -22.007 0.0000000000
80895  -12.136  8.790  -21.849 0.0000000000
81751  -12.535  8.997  -22.048 0.0000000000
80894  -11.994  8.657  -21.916 0.0000000000
80893  -11.262  8.690  -21.825 0.0000000000
80889  -11.206  8.994  -21.303 0.0000000000
81728  -14.842  8.941  -20.331 0.0000000000
80867  -14.821  8.708  -20.598 0.0000000000
80883  -14.624  8.591  -20.983 0.0000000000
81739  -14.347  8.825  -20.986 0.0000000000
81738  -14.250  8.941  -21.015 0.0000000000
80854  -15.008  8.689  -20.018 0.0000000000
80868  -14.992  8.694  -20.388 0.0000000000
80844  -15.239  8.586  -19.948 0.0000000000
80843  -15.076  8.896  -19.999 0.0000000000
81684  -16.015  8.999  -19.437 0.0000000000
80822  -16.124  8.734  -19.347 0.0000000000
80840  -16.008  8.623  -19.361 0.0000000000
80839  -15.890  8.406  -19.362 0.0000000000
80838  -15.366  8.855  -19.700 0.0000000000
80827  -18.759  8.600  -19.073 0.0000000000
80826  -18.498  8.801  -19.063 0.0000000000
80816  -18.294  8.776  -18.834 0.0000000000
81679  -18.016  8.972  -19.026 0.0000000000
81678  -17.989  8.985  -18.989 0.0000000000
81677  -17.969  8.969  -18.926 0.0000000000
81676  -17.375  8.847  -18.808 0.0000000000
81675  -17.001  8.670  -18.992 0.0000000000
80812  -17.022  8.509  -18.974 0.0000000000
80825  -16.876  8.714  -19.007 0.0000000000
80824  -16.952  8.506  -18.892 0.0000000000
80823  -16.214  8.817  -19.192 0.0000000000
80815  -18.004  8.693  -18.877 0.0000000000
80814  -17.872  8.605  -18.699 0.0000000000
80813  -17.207  8.419  -18.880 0.0000000000
80031  -12.208  8.362  -21.859 0.0000000000
80032  -12.153  8.260  -22.001 0.0000000000
80899  -12.277  8.802  -22.138 0.0000000000
80026  -12.028  8.256  -21.850 0.0000000000
80025  -11.849  8.097  -21.950 0.0000000000
80010  -14.987  8.104  -20.973 0.0000000000
80009  -14.922  8.189  -21.042 0.0000000000
80884  -14.995  8.357  -20.685 0.0000000000
80891  -14.644  8.458  -21.066 0.0000000000
80882  -14.359  8.787  -20.994 0.0000000000
80890  -14.292  8.740  -21.081 0.0000000000
79985  -14.998  8.560  -20.104 0.0000000000
79997  -15.039  8.324  -20.503 0.0000000000
79986  -15.282  8.337  -20.179 0.0000000000
80855  -15.078  8.761  -20.011 0.0000000000
79975  -15.481  8.181  -19.849 0.0000000000
79974  -15.411  8.259  -19.988 0.0000000000
80845  -15.408  8.466  -19.729 0.0000000000
79970  -15.990  8.217  -19.464 0.0000000000
79969  -15.871  8.004  -19.538 0.0000000000
80811  -16.983  8.347  -18.934 0.0000000000
79957  -16.958  8.159  -18.818 0.0000000000
79956  -16.622  8.106  -19.176 0.0000000000
79955  -16.079  8.250  -19.413 0.0000000000
79946  -18.386  8.118  -18.907 0.0000000000
79945  -18.005  8.261  -18.725 0.0000000000
80817  -18.702  8.526  -18.939 0.0000000000
79944  -17.980  8.239  -18.677 0.0000000000
79943  -17.714  8.060  -18.613 0.0000000000
79942  -17.109  8.183  -18.800 0.0000000000
79941  -16.995  8.171  -18.952 0.0000000000
79128  -12.448  7.997  -22.123 0.0000000000
79124  -12.215  7.979  -21.735 0.0000000000
80027  -12.158  8.030  -21.784 0.0000000000
80035  -12.524  8.274  -22.277 0.0000000000
79123  -11.998  8.000  -21.657 0.0000000000
79108  -15.086  8.003  -21.010 0.0000000000
79107  -15.034  8.043  -21.036 0.0000000000
80011  -15.045  8.063  -21.005 0.0000000000
80020  -14.975  8.066  -21.082 0.0000000000
79998  -15.214  8.174  -20.670 0.0000000000
80019  -14.687  8.147  -21.292 0.0000000000
79087  -15.400  8.029  -20.340 0.0000000000
79097  -15.243  8.007  -20.736 0.0000000000
79088  -15.299  7.985  -20.197 0.0000000000
79987  -15.706  8.024  -19.993 0.0000000000
79069  -15.700  7.999  -19.766 0.0000000000
79075  -15.678  7.952  -19.887 0.0000000000
79070  -15.887  7.921  -19.737 0.0000000000
79071  -16.025  7.936  -19.566 0.0000000000
79971  -16.161  8.006  -19.477 0.0000000000
79043  -17.006  7.995  -18.864 0.0000000000
79058  -16.780  8.000  -18.979 0.0000000000
79057  -16.208  8.013  -19.371 0.0000000000
79047  -18.028  8.025  -18.692 0.0000000000
79048  -18.208  7.975  -18.804 0.0000000000
79046  -17.948  7.937  -18.696 0.0000000000
79045  -17.470  7.938  -18.808 0.0000000000
79044  -17.026  7.948  -18.925 0.0000000000
79109  -15.294  7.909  -20.993 0.0000000000
78177  -15.331  7.795  -21.012 0.0000000000
78186  -15.332  7.696  -21.273 0.0000000000
79117  -15.066  7.895  -21.179 0.0000000000
79098  -15.261  7.986  -20.917 0.0000000000
79116  -15.025  7.991  -21.090 0.0000000000
78169  -15.924  7.754  -20.822 0.0000000000
78178  -15.755  7.589  -21.001 0.0000000000
78160  -15.830  7.720  -20.186 0.0000000000
79076  -15.801  7.746  -19.878 0.0000000000
78146  -15.814  7.637  -19.996 0.0000000000
78142  -16.067  7.689  -19.607 0.0000000000
78141  -15.933  7.720  -19.767 0.0000000000
78147  -15.956  7.586  -19.973 0.0000000000
78129  -16.987  7.643  -19.060 0.0000000000
78128  -16.561  7.843  -19.165 0.0000000000
79059  -16.937  7.858  -18.996 0.0000000000
78116  -18.058  7.704  -18.804 0.0000000000
78115  -17.835  7.626  -18.855 0.0000000000
78114  -17.342  7.703  -18.838 0.0000000000
78113  -17.087  7.828  -18.984 0.0000000000
78130  -17.005  7.728  -19.073 0.0000000000
78187  -15.746  7.432  -21.052 0.0000000000
77229  -15.703  7.151  -21.314 0.0000000000
77241  -15.268  7.048  -21.827 0.0000000000
78198  -15.078  7.391  -21.611 0.0000000000
78185  -15.007  7.777  -21.288 0.0000000000
78197  -14.956  7.551  -21.593 0.0000000000
78179  -15.968  7.334  -21.016 0.0000000000
78188  -15.936  7.367  -21.108 0.0000000000
78170  -15.962  7.438  -20.609 0.0000000000
78161  -15.991  7.519  -20.057 0.0000000000
78148  -15.958  7.420  -19.973 0.0000000000
77188  -16.044  7.424  -20.016 0.0000000000
77202  -16.079  7.473  -19.989 0.0000000000
78143  -16.699  7.355  -19.315 0.0000000000
77179  -16.622  7.020  -19.622 0.0000000000
77189  -16.208  7.198  -19.950 0.0000000000
77166  -17.107  7.278  -19.229 0.0000000000
77165  -17.015  7.378  -19.179 0.0000000000
78131  -17.241  7.520  -19.042 0.0000000000
77180  -16.986  7.158  -19.390 0.0000000000
77151  -17.991  7.288  -18.955 0.0000000000
77168  -17.954  7.189  -19.096 0.0000000000
78132  -17.778  7.409  -18.942 0.0000000000
76319  -15.871  6.975  -21.500 0.0000000000
76318  -15.231  6.931  -21.897 0.0000000000
77242  -15.883  7.032  -21.441 0.0000000000
77248  -15.071  7.096  -21.969 0.0000000000
77240  -15.095  7.116  -21.864 0.0000000000
77247  -14.953  7.113  -22.012 0.0000000000
78203  -14.989  7.244  -21.866 0.0000000000
77230  -16.008  7.187  -21.239 0.0000000000
77203  -16.261  7.216  -20.003 0.0000000000
77212  -16.230  7.148  -20.334 0.0000000000
77211  -15.990  7.353  -20.534 0.0000000000
77190  -16.670  6.986  -19.752 0.0000000000
76267  -16.462  6.941  -19.976 0.0000000000
77181  -17.030  7.086  -19.433 0.0000000000
76253  -16.886  6.896  -19.629 0.0000000000
77182  -17.143  7.067  -19.478 0.0000000000
77167  -17.465  6.974  -19.227 0.0000000000
76282  -16.650  6.968  -20.048 0.0000000000
76281  -16.520  6.989  -20.003 0.0000000000
76268  -16.750  6.878  -19.891 0.0000000000
76269  -16.982  6.820  -19.905 0.0000000000
76254  -16.982  6.936  -19.611 0.0000000000
76270  -17.034  6.856  -19.713 0.0000000000
76255  -17.542  6.945  -19.361 0.0000000000
76283  -16.879  6.752  -19.989 0.0000000000
75438  -17.315  6.560  -20.016 0.0000000000
75437  -17.019  6.712  -19.964 0.0000000000
75422  -17.256  6.791  -19.715 0.0000000000
76290  -16.426  6.991  -20.468 0.0000000000
75447  -16.924  6.816  -20.093 0.0000000000
76291  -16.507  7.004  -20.568 0.0000000000
75448  -17.061  6.488  -20.180 0.0000000000
76301  -16.326  7.005  -21.008 0.0000000000
77222  -16.225  6.996  -21.016 0.0000000000
75457  -16.866  6.787  -20.752 0.0000000000
76302  -16.448  6.794  -21.002 0.0000000000
76310  -16.301  6.984  -21.202 0.0000000000
77232  -16.226  7.166  -21.015 0.0000000000
75469  -16.802  6.215  -20.986 0.0000000000
75478  -16.753  6.351  -21.051 0.0000000000
76311  -16.642  6.843  -21.020 0.0000000000
75477  -16.718  6.605  -21.219 0.0000000000
75487  -16.228  6.538  -21.545 0.0000000000
76321  -16.003  6.863  -21.395 0.0000000000
76320  -15.999  6.909  -21.380 0.0000000000
76309  -16.135  7.043  -21.315 0.0000000000
77231  -16.106  7.220  -21.139 0.0000000000
75486  -16.070  6.486  -21.471 0.0000000000
75485  -15.976  6.465  -21.513 0.0000000000
77243  -16.027  7.084  -21.332 0.0000000000
76245  -17.889  7.007  -19.155 0.0000000000
77221  -16.030  7.202  -21.011 0.0000000000
79127  -14.919  7.843  -21.358 0.0000000000
78196  -14.838  7.642  -21.661 0.0000000000
77246  -14.990  7.221  -21.995 0.0000000000
78202  -14.794  7.746  -22.016 0.0000000000
79126  -14.673  7.937  -21.561 0.0000000000
79115  -14.896  7.993  -21.253 0.0000000000
79132  -14.211  7.990  -21.989 0.0000000000
80030  -14.388  8.011  -21.547 0.0000000000
79125  -14.195  8.013  -21.915 0.0000000000
78201  -14.258  7.964  -22.024 0.0000000000
79131  -14.103  8.003  -22.035 0.0000000000
80029  -14.240  8.219  -21.913 0.0000000000
80018  -14.352  8.400  -21.499 0.0000000000
80034  -13.990  8.016  -21.985 0.0000000000
80897  -14.029  8.764  -21.646 0.0000000000
80033  -13.959  8.118  -22.072 0.0000000000
80028  -13.974  8.191  -21.979 0.0000000000
80896  -14.036  8.672  -21.903 0.0000000000
79130  -13.988  7.990  -22.047 0.0000000000
79137  -13.962  7.995  -22.147 0.0000000000
80039  -13.924  8.086  -22.212 0.0000000000
80901  -13.850  8.561  -21.950 0.0000000000
80906  -14.001  8.405  -22.047 0.0000000000
79133  -12.672  8.018  -22.109 0.0000000000
80036  -12.944  8.025  -22.450 0.0000000000
80902  -12.682  8.678  -22.347 0.0000000000
79134  -12.891  7.984  -22.201 0.0000000000
80037  -12.993  8.109  -22.337 0.0000000000
80903  -12.991  8.655  -22.440 0.0000000000
79135  -13.005  7.982  -22.289 0.0000000000
80038  -13.293  8.252  -22.318 0.0000000000
80904  -12.987  8.711  -22.337 0.0000000000
79136  -13.455  7.999  -22.240 0.0000000000
80905  -13.567  8.683  -22.317 0.0000000000
81743  -14.066  9.000  -21.378 0.0000000000
81749  -13.970  8.944  -21.593 0.0000000000
81748  -13.809  9.014  -21.683 0.0000000000
81756  -12.567  9.087  -22.020 0.0000000000
81755  -13.705  8.945  -21.958 0.0000000000
80900  -13.874  8.975  -22.000 0.0000000000
81757  -12.907  9.020  -22.275 0.0000000000
81758  -13.062  9.017  -22.217 0.0000000000
81759  -13.279  9.014  -22.279 0.0000000000
81754  -13.439  8.993  -22.041 0.0000000000
82534  -14.196  9.141  -21.186 0.0000000000
81742  -14.000  9.025  -21.485 0.0000000000
82533  -13.987  9.230  -21.252 0.0000000000
82540  -13.948  9.069  -21.469 0.0000000000
81747  -13.562  9.008  -21.896 0.0000000000
82542  -12.773  9.253  -21.992 0.0000000000
81752  -12.735  9.122  -22.068 0.0000000000
82543  -12.954  9.279  -22.161 0.0000000000
81753  -13.181  9.108  -22.145 0.0000000000
82546  -12.999  9.108  -22.321 0.0000000000
82547  -13.075  9.160  -22.228 0.0000000000
82529  -13.976  9.418  -21.068 0.0000000000
83247  -11.873  9.547  -20.898 0.0000000000
83239  -11.870  9.920  -20.658 0.0000000000
83248  -14.018  9.902  -20.998 0.0000000000
83946  -11.987  10.032  -20.617 0.0000000000
84689  -12.035  10.217  -20.448 0.0000000000
84675  -11.993  10.582  -20.139 0.0000000000
90601  -13.905  13.209  -15.920 0.0000000000
90603  -13.893  13.077  -16.070 0.0000000000
90605  -13.894  13.012  -16.624 0.0000000000
91404  -13.893  13.527  -15.981 0.0000000000
91406  -13.876  13.513  -16.381 0.0000000000
91409  -13.902  13.389  -16.993 0.0000000000
92273  -13.897  13.961  -16.151 0.0000000000
92277  -13.906  13.877  -16.676 0.0000000000
92280  -13.739  13.905  -16.956 0.0000000000
93116  -13.923  14.036  -16.652 0.0000000000
92276  -13.592  13.985  -16.895 0.0000000000
93118  -13.588  14.097  -16.978 0.0000000000
93115  -13.492  14.105  -16.828 0.0000000000
93978  -13.674  14.514  -16.941 0.0000000000
93981  -13.642  14.630  -17.015 0.0000000000
93985  -13.583  14.474  -17.116 0.0000000000
93979  -13.845  14.685  -16.952 0.0000000000
93982  -13.776  14.980  -17.013 0.0000000000
94876  -13.753  15.020  -17.008 0.0000000000
94880  -13.572  15.007  -17.160 0.0000000000
94879  -13.252  14.979  -17.715 0.0000000000
94882  -13.219  14.998  -17.939 0.0000000000
94886  -13.092  15.012  -18.026 0.0000000000
94885  -13.025  14.989  -18.061 0.0000000000
94890  -12.915  14.945  -18.162 0.0000000000
94883  -13.261  15.033  -17.774 0.0000000000
95910  -13.746  15.269  -17.136 0.0000000000
95914  -13.318  15.071  -17.759 0.0000000000
95913  -13.114  15.327  -18.004 0.0000000000
95918  -13.096  15.260  -18.051 0.0000000000
95917  -13.032  15.325  -18.092 0.0000000000
95922  -12.947  15.083  -18.079 0.0000000000
95921  -12.434  15.038  -18.403 0.0000000000
95924  -12.350  15.036  -18.946 0.0000000000
95928  -12.463  15.145  -19.005 0.0000000000
95926  -11.304  15.150  -19.077 0.0000000000
95925  -11.115  15.148  -19.245 0.0000000000
95929  -11.003  15.063  -19.809 0.0000000000
94891  -11.394  15.001  -19.011 0.0000000000
94896  -12.298  15.007  -19.270 0.0000000000
95932  -10.888  15.182  -19.904 0.0000000000
95930  -12.121  15.153  -19.723 0.0000000000
95933  -12.103  15.198  -20.085 0.0000000000
94901  -10.812  14.980  -20.025 0.0000000000
95936  -12.255  15.265  -20.094 0.0000000000
94904  -10.755  14.995  -20.368 0.0000000000
95940  -12.105  15.077  -20.439 0.0000000000
94907  -10.796  14.974  -20.624 0.0000000000
95938  -10.883  15.227  -20.451 0.0000000000
95941  -11.080  15.063  -20.926 0.0000000000
95944  -12.034  15.003  -20.854 0.0000000000
95942  -11.491  15.113  -21.049 0.0000000000
95945  -11.439  14.999  -21.153 0.0000000000
94912  -11.996  15.015  -20.990 0.0000000000
95946  -11.751  15.042  -21.085 0.0000000000
96842  -13.170  15.699  -17.915 0.0000000000
96841  -13.089  15.647  -17.986 0.0000000000
96838  -13.694  15.921  -17.443 0.0000000000
96846  -13.093  15.635  -18.123 0.0000000000
96845  -12.995  15.690  -18.082 0.0000000000
96849  -12.800  15.811  -18.313 0.0000000000
96848  -12.481  15.662  -18.812 0.0000000000
96851  -12.429  15.524  -18.976 0.0000000000
96852  -11.195  15.591  -19.164 0.0000000000
96856  -10.990  15.766  -19.536 0.0000000000
95923  -11.392  15.292  -18.994 0.0000000000
96853  -11.388  15.637  -19.024 0.0000000000
95927  -12.372  15.346  -19.081 0.0000000000
96855  -12.464  15.719  -18.998 0.0000000000
96858  -11.052  15.557  -19.988 0.0000000000
96854  -12.186  15.910  -19.236 0.0000000000
96857  -12.012  15.683  -19.958 0.0000000000
95931  -10.782  15.066  -19.991 0.0000000000
95935  -10.774  15.321  -20.039 0.0000000000
96860  -11.009  15.597  -20.051 0.0000000000
96859  -12.039  15.745  -19.988 0.0000000000
95934  -10.717  15.060  -20.119 0.0000000000
96863  -11.015  15.567  -20.174 0.0000000000
96862  -12.081  15.635  -20.227 0.0000000000
95937  -10.588  15.028  -20.395 0.0000000000
96866  -10.986  15.676  -20.864 0.0000000000
96865  -12.095  15.649  -20.400 0.0000000000
95939  -12.055  15.150  -20.863 0.0000000000
96867  -11.301  15.465  -20.984 0.0000000000
95943  -11.953  15.104  -20.953 0.0000000000
96868  -11.774  15.444  -21.001 0.0000000000
96864  -12.051  15.554  -20.852 0.0000000000
97669  -13.138  16.005  -17.972 0.0000000000
97674  -13.011  15.981  -18.010 0.0000000000
97670  -13.399  16.011  -17.753 0.0000000000
97673  -13.001  15.966  -18.079 0.0000000000
97677  -12.854  16.013  -18.252 0.0000000000
97676  -12.542  16.019  -18.770 0.0000000000
97679  -12.449  15.987  -18.980 0.0000000000
97684  -12.432  15.970  -19.011 0.0000000000
97682  -11.328  15.995  -19.082 0.0000000000
97681  -11.240  15.919  -19.403 0.0000000000
96850  -11.340  15.811  -18.979 0.0000000000
97678  -11.388  16.010  -18.992 0.0000000000
97683  -12.320  15.947  -19.165 0.0000000000
97687  -12.038  15.988  -19.719 0.0000000000
97685  -11.180  15.973  -19.867 0.0000000000
97691  -12.029  15.996  -19.974 0.0000000000
97688  -11.076  15.992  -20.000 0.0000000000
97694  -12.031  16.015  -20.050 0.0000000000
97692  -11.002  15.983  -20.140 0.0000000000
96861  -12.155  15.910  -20.343 0.0000000000
97693  -11.995  16.014  -20.161 0.0000000000
97695  -10.916  15.977  -20.496 0.0000000000
97697  -11.982  15.973  -20.488 0.0000000000
97700  -11.967  15.839  -20.876 0.0000000000
97698  -11.063  15.919  -20.919 0.0000000000
97699  -11.447  15.939  -21.010 0.0000000000
98463  -13.030  16.310  -17.989 0.0000000000
98462  -12.995  16.456  -18.035 0.0000000000
98465  -12.929  16.246  -18.253 0.0000000000
97680  -12.671  16.017  -18.655 0.0000000000
98468  -12.665  15.998  -18.745 0.0000000000
97675  -11.393  15.979  -18.725 0.0000000000
98466  -11.456  16.148  -18.898 0.0000000000
98469  -11.404  16.242  -19.035 0.0000000000
98467  -12.494  16.276  -18.961 0.0000000000
98471  -12.533  16.004  -19.020 0.0000000000
97686  -11.166  16.011  -19.568 0.0000000000
98472  -11.197  16.020  -19.448 0.0000000000
98470  -12.295  16.010  -19.365 0.0000000000
98473  -12.130  16.088  -19.656 0.0000000000
97689  -11.097  16.030  -19.931 0.0000000000
98476  -11.404  16.090  -20.006 0.0000000000
98478  -11.968  16.035  -19.958 0.0000000000
98475  -11.143  16.226  -19.994 0.0000000000
98479  -11.069  16.258  -20.182 0.0000000000
97690  -11.965  15.999  -20.041 0.0000000000
98482  -11.037  16.031  -20.506 0.0000000000
98481  -11.873  16.259  -20.005 0.0000000000
98484  -11.765  16.195  -20.348 0.0000000000
98485  -11.027  16.000  -20.697 0.0000000000
97696  -11.804  16.023  -20.833 0.0000000000
98486  -11.227  16.038  -21.016 0.0000000000
99181  -12.930  16.918  -18.546 0.0000000000
99185  -12.981  16.759  -18.827 0.0000000000
98464  -11.359  16.224  -18.631 0.0000000000
99183  -11.409  16.646  -18.992 0.0000000000
99186  -11.637  16.786  -19.102 0.0000000000
99184  -12.559  16.972  -19.092 0.0000000000
99188  -12.555  16.685  -19.157 0.0000000000
99189  -11.482  16.644  -19.228 0.0000000000
98474  -12.217  16.244  -19.146 0.0000000000
99192  -12.470  16.455  -19.512 0.0000000000
99193  -11.244  16.361  -19.815 0.0000000000
99191  -12.034  16.744  -19.517 0.0000000000
99195  -12.012  16.492  -19.826 0.0000000000
98480  -11.446  16.352  -20.133 0.0000000000
98477  -11.871  16.118  -19.973 0.0000000000
99194  -11.663  16.587  -19.854 0.0000000000
98483  -11.320  16.355  -20.562 0.0000000000
99870  -12.925  17.000  -18.796 0.0000000000
99869  -12.677  16.994  -19.026 0.0000000000
99875  -12.527  17.054  -19.123 0.0000000000
99872  -11.660  16.913  -19.022 0.0000000000
99190  -11.884  16.984  -19.386 0.0000000000
99187  -11.853  16.993  -19.097 0.0000000000
99873  -11.792  17.119  -19.112 0.0000000000
99877  -11.897  17.033  -19.212 0.0000000000
99879  -12.163  16.991  -19.136 0.0000000000
99878  -11.989  17.071  -19.298 0.0000000000
99874  -12.136  17.188  -19.168 0.0000000000
83947  -12.020  9.986  -20.528 0.0000000000
78207  -14.014  7.955  -22.245 0.0000000000
78206  -13.685  8.008  -22.449 0.0000000000
79138  -14.046  7.998  -22.125 0.0000000000
78208  -14.041  7.883  -22.193 0.0000000000
78209  -14.762  7.726  -22.093 0.0000000000
74653  -16.434  6.065  -21.465 0.0000000000
74663  -16.000  6.200  -21.483 0.0000000000
74662  -15.996  6.011  -21.663 0.0000000000
74646  -16.764  6.016  -21.014 0.0000000000
74654  -16.632  6.018  -21.064 0.0000000000
74647  -16.938  6.008  -20.841 0.0000000000
75470  -16.965  6.107  -20.941 0.0000000000
75458  -16.978  6.223  -20.562 0.0000000000
74621  -17.390  6.238  -20.145 0.0000000000
74620  -17.165  6.335  -20.232 0.0000000000
75449  -17.223  6.492  -20.013 0.0000000000
74634  -17.090  6.211  -20.499 0.0000000000
73840  -16.040  5.934  -21.538 0.0000000000
73839  -16.008  5.963  -21.559 0.0000000000
73830  -16.942  5.997  -21.049 0.0000000000
73829  -16.457  5.822  -21.258 0.0000000000
73811  -17.005  5.985  -20.818 0.0000000000
73823  -17.001  6.006  -20.933 0.0000000000
73822  -16.782  5.871  -21.022 0.0000000000
74635  -17.154  6.060  -20.478 0.0000000000
73828  -16.020  5.713  -21.538 0.0000000000
72977  -16.861  5.640  -20.993 0.0000000000
72976  -16.353  5.419  -21.313 0.0000000000
72967  -16.981  5.888  -20.881 0.0000000000
72966  -16.785  5.820  -20.979 0.0000000000
73812  -17.125  5.939  -20.635 0.0000000000
72952  -17.012  5.622  -20.751 0.0000000000
72965  -16.447  5.528  -21.022 0.0000000000
72951  -16.983  5.539  -20.816 0.0000000000
72950  -16.469  5.400  -20.674 0.0000000000
72057  -16.972  5.157  -20.533 0.0000000000
72058  -17.024  5.227  -20.518 0.0000000000
72953  -17.127  5.433  -20.596 0.0000000000
72039  -17.176  4.968  -20.420 0.0000000000
73813  -17.675  5.988  -20.233 0.0000000000
73798  -17.609  6.006  -20.207 0.0000000000
82447  -18.032  9.141  -17.440 0.0000000000
82446  -17.927  9.188  -17.309 0.0000000000
81649  -17.987  8.995  -17.426 0.0000000000
81650  -18.339  8.953  -17.283 0.0000000000
82448  -18.774  8.990  -17.404 0.0000000000
83167  -18.000  9.552  -17.567 0.0000000000
82460  -18.522  9.366  -17.631 0.0000000000
83181  -18.036  9.822  -17.766 0.0000000000
81651  -18.929  8.906  -17.396 0.0000000000
82449  -18.986  9.037  -17.442 0.0000000000
82461  -18.893  9.365  -17.605 0.0000000000
81652  -19.000  8.989  -17.404 0.0000000000
82450  -19.170  8.996  -17.423 0.0000000000
82462  -19.006  9.410  -17.697 0.0000000000
83182  -18.780  9.865  -17.994 0.0000000000
83183  -19.029  9.884  -17.779 0.0000000000
82463  -19.310  9.210  -17.819 0.0000000000
83184  -19.187  9.916  -17.761 0.0000000000
82451  -19.746  9.109  -17.398 0.0000000000
82464  -19.572  9.450  -17.586 0.0000000000
83185  -19.792  9.897  -17.482 0.0000000000
83168  -19.868  9.568  -17.560 0.0000000000
83169  -20.001  9.513  -17.406 0.0000000000
83881  -19.263  10.061  -17.752 0.0000000000
83882  -19.769  10.057  -17.751 0.0000000000
83186  -19.989  9.926  -17.744 0.0000000000
83883  -20.020  10.007  -17.809 0.0000000000
83170  -20.088  9.555  -17.523 0.0000000000
83187  -20.168  9.939  -17.743 0.0000000000
83884  -20.108  10.024  -17.844 0.0000000000
83171  -20.302  9.525  -17.278 0.0000000000
83188  -20.696  9.988  -17.747 0.0000000000
83885  -20.603  10.085  -17.859 0.0000000000
83172  -20.908  9.410  -17.558 0.0000000000
83189  -20.999  9.923  -17.788 0.0000000000
83886  -20.991  10.099  -17.914 0.0000000000
83173  -20.980  9.599  -17.426 0.0000000000
83190  -21.073  9.771  -17.777 0.0000000000
83887  -21.102  10.004  -17.912 0.0000000000
84616  -19.574  10.264  -17.805 0.0000000000
84617  -19.954  10.258  -17.797 0.0000000000
84618  -20.084  10.348  -17.675 0.0000000000
84619  -20.297  10.323  -17.669 0.0000000000
83891  -20.979  9.956  -17.930 0.0000000000
83890  -20.761  10.068  -18.003 0.0000000000
84634  -20.483  10.331  -17.981 0.0000000000
83892  -21.148  10.018  -17.986 0.0000000000
84635  -20.977  10.013  -18.064 0.0000000000
84636  -21.029  10.074  -18.013 0.0000000000
83193  -21.274  9.866  -17.898 0.0000000000
83893  -21.354  9.876  -17.981 0.0000000000
83897  -21.325  9.953  -18.070 0.0000000000
83896  -21.324  10.079  -18.423 0.0000000000
84641  -21.161  10.236  -18.169 0.0000000000
83194  -21.595  9.573  -17.993 0.0000000000
83197  -21.568  9.790  -18.388 0.0000000000
83196  -21.250  9.991  -18.875 0.0000000000
83901  -21.167  10.015  -18.898 0.0000000000
84646  -21.216  10.260  -18.648 0.0000000000
83199  -21.310  9.599  -18.925 0.0000000000
83906  -21.066  9.991  -19.044 0.0000000000
83900  -21.058  10.109  -18.963 0.0000000000
83205  -21.228  9.587  -19.073 0.0000000000
83204  -21.076  9.696  -19.158 0.0000000000
83905  -21.013  10.012  -19.038 0.0000000000
84632  -19.873  10.419  -17.976 0.0000000000
84633  -20.058  10.447  -17.907 0.0000000000
85338  -20.007  10.503  -18.043 0.0000000000
85339  -20.135  10.533  -17.969 0.0000000000
84640  -20.993  10.369  -18.309 0.0000000000
84639  -20.611  10.467  -18.554 0.0000000000
85345  -20.204  10.711  -18.238 0.0000000000
84645  -21.002  10.260  -18.987 0.0000000000
84644  -20.677  10.519  -19.022 0.0000000000
85349  -20.282  10.807  -18.810 0.0000000000
84651  -20.986  10.117  -19.019 0.0000000000
84650  -20.844  10.261  -19.103 0.0000000000
85353  -20.391  10.721  -19.022 0.0000000000
83904  -20.823  10.062  -19.121 0.0000000000
84657  -20.552  10.021  -19.517 0.0000000000
84649  -20.099  10.626  -19.350 0.0000000000
83921  -20.491  9.967  -19.415 0.0000000000
83920  -20.044  9.987  -19.601 0.0000000000
84656  -20.059  10.150  -19.779 0.0000000000
83838  -14.413  9.994  -14.987 0.0000000000
84568  -14.463  10.007  -14.652 0.0000000000
84558  -14.519  10.340  -14.320 0.0000000000
84548  -14.632  10.173  -13.987 0.0000000000
83818  -14.633  10.005  -14.009 0.0000000000
83828  -14.594  10.014  -14.439 0.0000000000
85271  -14.479  10.684  -13.981 0.0000000000
83819  -14.548  10.016  -13.930 0.0000000000
84549  -14.794  10.344  -13.889 0.0000000000
85259  -14.672  10.783  -13.975 0.0000000000
83203  -20.935  10.006  -19.123 0.0000000000
83223  -20.860  9.875  -19.289 0.0000000000
83222  -20.093  9.755  -19.599 0.0000000000
83221  -20.001  9.776  -19.537 0.0000000000
83150  -15.019  9.706  -17.011 0.0000000000
83149  -14.918  9.950  -16.903 0.0000000000
83145  -14.756  9.656  -16.498 0.0000000000
83851  -14.490  9.954  -16.029 0.0000000000
83142  -14.595  9.641  -16.154 0.0000000000
83847  -14.480  9.980  -15.901 0.0000000000
83139  -14.771  9.828  -15.977 0.0000000000
83844  -14.449  10.000  -15.630 0.0000000000
83136  -14.551  9.891  -15.433 0.0000000000
83841  -14.466  9.980  -15.054 0.0000000000
83133  -14.535  9.896  -15.035 0.0000000000
83131  -14.545  9.937  -14.902 0.0000000000
83122  -14.591  9.882  -14.454 0.0000000000
83808  -14.909  10.007  -13.745 0.0000000000
83115  -14.751  9.772  -13.900 0.0000000000
83114  -14.609  9.605  -14.012 0.0000000000
82508  -20.444  9.308  -19.499 0.0000000000
82509  -20.992  9.173  -19.443 0.0000000000
83224  -20.987  9.781  -19.225 0.0000000000
82507  -20.014  9.284  -19.608 0.0000000000
82506  -20.018  9.381  -19.518 0.0000000000
82475  -21.610  9.360  -19.025 0.0000000000
82489  -21.306  9.246  -19.119 0.0000000000
82488  -21.002  9.228  -19.223 0.0000000000
82476  -21.584  9.082  -18.944 0.0000000000
83200  -21.634  9.317  -18.840 0.0000000000
82469  -21.726  9.376  -18.041 0.0000000000
82472  -21.920  9.192  -18.590 0.0000000000
82445  -17.280  9.049  -17.412 0.0000000000
82444  -16.982  9.115  -17.410 0.0000000000
82443  -16.919  9.174  -17.441 0.0000000000
82442  -16.324  9.237  -17.422 0.0000000000
82441  -15.975  9.172  -17.282 0.0000000000
82440  -15.952  9.232  -17.270 0.0000000000
82437  -15.578  9.098  -17.041 0.0000000000
83151  -15.140  9.777  -16.975 0.0000000000
82436  -15.372  9.398  -16.991 0.0000000000
82433  -15.226  9.413  -16.778 0.0000000000
83146  -14.981  9.537  -16.744 0.0000000000
82432  -15.048  9.292  -16.713 0.0000000000
82429  -14.887  9.156  -16.437 0.0000000000
82428  -14.836  9.145  -16.082 0.0000000000
82424  -14.675  9.242  -16.013 0.0000000000
82421  -14.661  9.276  -15.706 0.0000000000
82418  -14.548  9.176  -15.129 0.0000000000
82415  -14.581  9.291  -14.980 0.0000000000
82412  -14.787  9.253  -14.787 0.0000000000
82403  -14.747  9.135  -14.135 0.0000000000
82396  -14.800  9.324  -13.868 0.0000000000
82395  -14.629  9.178  -14.004 0.0000000000
81712  -20.730  9.012  -19.330 0.0000000000
81711  -20.270  8.992  -19.487 0.0000000000
81710  -20.111  9.032  -19.441 0.0000000000
81709  -19.979  8.997  -19.416 0.0000000000
81699  -21.054  8.990  -19.201 0.0000000000
81700  -21.471  8.989  -19.052 0.0000000000
82490  -21.480  9.006  -18.993 0.0000000000
81698  -20.867  8.982  -19.374 0.0000000000
81681  -21.942  8.997  -18.733 0.0000000000
81680  -21.640  9.016  -19.017 0.0000000000
82477  -21.790  9.035  -18.742 0.0000000000
82473  -21.883  9.014  -18.602 0.0000000000
81648  -17.780  8.981  -17.398 0.0000000000
81647  -17.155  8.982  -17.252 0.0000000000
81646  -16.992  9.000  -17.448 0.0000000000
81645  -16.665  8.992  -17.382 0.0000000000
81644  -16.110  9.013  -17.239 0.0000000000
82438  -15.996  9.031  -17.126 0.0000000000
81643  -15.978  9.017  -17.176 0.0000000000
81635  -15.977  8.967  -17.031 0.0000000000
81634  -15.611  8.981  -16.993 0.0000000000
81633  -15.353  9.118  -16.841 0.0000000000
81629  -15.155  9.029  -16.723 0.0000000000
81628  -15.054  9.010  -16.468 0.0000000000
82425  -14.895  8.992  -16.039 0.0000000000
81624  -14.942  8.933  -16.155 0.0000000000
81621  -14.844  8.982  -15.964 0.0000000000
81620  -14.788  9.019  -15.968 0.0000000000
81616  -14.700  9.005  -15.560 0.0000000000
81612  -14.649  9.002  -15.046 0.0000000000
81609  -14.545  9.087  -14.991 0.0000000000
81607  -14.631  9.002  -14.444 0.0000000000
81597  -14.731  8.969  -14.060 0.0000000000
81586  -14.977  9.031  -13.989 0.0000000000
81697  -20.301  8.942  -19.283 0.0000000000
81696  -20.041  8.999  -19.298 0.0000000000
81695  -19.768  9.022  -19.236 0.0000000000
81694  -19.188  9.020  -19.145 0.0000000000
80818  -21.634  8.620  -18.963 0.0000000000
80835  -21.404  8.522  -19.149 0.0000000000
80834  -21.183  8.603  -19.159 0.0000000000
80833  -21.008  8.647  -19.321 0.0000000000
80832  -20.570  8.584  -19.172 0.0000000000
80831  -20.173  8.573  -19.166 0.0000000000
80830  -19.951  8.565  -19.177 0.0000000000
80829  -19.429  8.603  -19.119 0.0000000000
80828  -18.988  8.643  -19.170 0.0000000000
80788  -18.603  8.595  -17.376 0.0000000000
80789  -18.964  8.721  -17.388 0.0000000000
80787  -18.132  8.609  -17.325 0.0000000000
80786  -17.981  8.752  -17.404 0.0000000000
80785  -17.537  8.672  -17.405 0.0000000000
80784  -17.132  8.661  -17.413 0.0000000000
80783  -17.016  8.711  -17.424 0.0000000000
80782  -16.355  8.966  -17.366 0.0000000000
81636  -16.099  8.995  -16.995 0.0000000000
80772  -16.071  8.606  -17.045 0.0000000000
80771  -15.972  8.582  -17.064 0.0000000000
80770  -15.868  8.606  -17.050 0.0000000000
81630  -15.423  8.969  -16.844 0.0000000000
80767  -15.692  8.567  -16.996 0.0000000000
80766  -15.379  8.832  -16.740 0.0000000000
81625  -14.989  8.938  -16.295 0.0000000000
80763  -15.029  8.721  -16.305 0.0000000000
80762  -14.985  8.705  -16.138 0.0000000000
80759  -14.959  8.629  -15.998 0.0000000000
81617  -14.965  9.011  -15.485 0.0000000000
80756  -14.942  8.617  -15.793 0.0000000000
81613  -14.948  9.002  -15.014 0.0000000000
80753  -14.971  8.709  -15.095 0.0000000000
80752  -14.720  8.899  -15.016 0.0000000000
80748  -14.576  8.922  -14.982 0.0000000000
80744  -14.529  8.996  -14.648 0.0000000000
80733  -14.641  8.990  -14.153 0.0000000000
79966  -21.419  8.063  -19.000 0.0000000000
79965  -21.207  8.176  -19.076 0.0000000000
79964  -20.995  8.219  -19.179 0.0000000000
79963  -20.806  8.101  -19.135 0.0000000000
79962  -20.282  8.112  -19.126 0.0000000000
79961  -20.031  8.026  -19.147 0.0000000000
79960  -19.661  8.059  -19.243 0.0000000000
79959  -19.124  8.117  -19.023 0.0000000000
79958  -18.991  8.277  -19.024 0.0000000000
79947  -18.999  8.219  -18.906 0.0000000000
79918  -18.323  8.036  -17.211 0.0000000000
79919  -18.976  8.138  -17.223 0.0000000000
79917  -18.037  8.162  -17.388 0.0000000000
79916  -17.810  8.270  -17.386 0.0000000000
79915  -17.358  8.256  -17.411 0.0000000000
79914  -17.004  8.189  -17.395 0.0000000000
80773  -16.593  8.493  -17.151 0.0000000000
79913  -16.850  8.078  -17.327 0.0000000000
79902  -16.375  8.027  -17.053 0.0000000000
79901  -16.088  8.202  -17.037 0.0000000000
79900  -15.986  8.207  -16.941 0.0000000000
79899  -15.887  8.280  -17.010 0.0000000000
79895  -15.625  8.230  -16.653 0.0000000000
79894  -15.163  8.286  -16.255 0.0000000000
79890  -15.177  8.149  -16.083 0.0000000000
79889  -15.016  8.359  -16.063 0.0000000000
79885  -15.016  8.096  -16.010 0.0000000000
79882  -14.988  8.171  -15.409 0.0000000000
79065  -20.864  7.979  -19.205 0.0000000000
79066  -21.038  7.965  -19.196 0.0000000000
79064  -20.249  8.000  -19.300 0.0000000000
79063  -20.024  7.886  -19.156 0.0000000000
79062  -19.933  7.969  -19.162 0.0000000000
79061  -19.424  8.002  -19.189 0.0000000000
79060  -19.160  8.033  -18.975 0.0000000000
79948  -19.076  8.110  -18.909 0.0000000000
79050  -19.004  8.003  -18.882 0.0000000000
79049  -18.777  8.006  -18.760 0.0000000000
78137  -21.013  7.617  -19.130 0.0000000000
78136  -20.480  7.664  -19.150 0.0000000000
78135  -19.994  7.715  -19.237 0.0000000000
78134  -20.011  7.741  -19.152 0.0000000000
78133  -19.824  7.968  -19.157 0.0000000000
78120  -19.554  7.613  -18.944 0.0000000000
79051  -19.217  7.898  -18.916 0.0000000000
78119  -19.064  7.670  -18.870 0.0000000000
78118  -19.017  7.721  -18.743 0.0000000000
78117  -18.480  7.666  -18.816 0.0000000000
77175  -20.709  7.265  -19.000 0.0000000000
77174  -20.122  7.317  -19.143 0.0000000000
77173  -19.979  7.384  -19.047 0.0000000000
77157  -20.005  7.119  -18.978 0.0000000000
78121  -19.997  7.303  -18.987 0.0000000000
77156  -19.713  7.043  -18.924 0.0000000000
77155  -19.249  7.177  -18.859 0.0000000000
77154  -18.988  7.115  -18.977 0.0000000000
77153  -18.649  7.266  -18.909 0.0000000000
77152  -18.225  7.324  -18.851 0.0000000000
77158  -20.306  7.161  -18.922 0.0000000000
76246  -18.015  7.048  -19.157 0.0000000000
77169  -18.105  7.171  -19.039 0.0000000000
76237  -20.014  6.947  -18.816 0.0000000000
76236  -19.685  6.931  -18.800 0.0000000000
76235  -19.395  7.006  -18.840 0.0000000000
76250  -19.053  6.905  -19.008 0.0000000000
77172  -19.128  7.004  -19.036 0.0000000000
77171  -19.012  7.125  -19.210 0.0000000000
77170  -18.460  7.154  -19.063 0.0000000000
75423  -17.664  6.568  -19.605 0.0000000000
76256  -17.936  6.922  -19.238 0.0000000000
75414  -19.133  6.615  -19.149 0.0000000000
76249  -19.012  6.995  -19.097 0.0000000000
75415  -19.552  6.703  -18.977 0.0000000000
76251  -19.414  6.928  -18.944 0.0000000000
75413  -18.964  6.689  -19.146 0.0000000000
76248  -18.653  6.996  -19.187 0.0000000000
75412  -18.273  6.920  -19.166 0.0000000000
76247  -18.209  7.000  -19.163 0.0000000000
75411  -18.008  6.838  -19.322 0.0000000000
76257  -18.004  6.888  -19.285 0.0000000000
75403  -19.853  6.500  -18.899 0.0000000000
75402  -19.598  6.754  -18.898 0.0000000000
75439  -17.873  6.178  -20.006 0.0000000000
75424  -17.980  6.518  -19.636 0.0000000000
74587  -19.921  6.023  -19.227 0.0000000000
74586  -19.289  6.222  -19.172 0.0000000000
75416  -19.963  6.244  -19.012 0.0000000000
74585  -18.973  6.318  -19.188 0.0000000000
74598  -19.091  6.011  -19.466 0.0000000000
75426  -18.971  6.179  -19.335 0.0000000000
75425  -18.465  6.546  -19.527 0.0000000000
73776  -18.755  5.770  -19.626 0.0000000000
74597  -18.620  6.017  -19.555 0.0000000000
73777  -19.130  5.904  -19.393 0.0000000000
74599  -18.986  6.041  -19.357 0.0000000000
73775  -18.527  6.028  -19.767 0.0000000000
74612  -18.165  6.011  -19.943 0.0000000000
74596  -18.090  6.150  -19.917 0.0000000000
74611  -18.005  6.044  -19.915 0.0000000000
73763  -19.557  5.992  -19.159 0.0000000000
73762  -19.096  6.016  -19.349 0.0000000000
72914  -19.021  5.408  -19.577 0.0000000000
72913  -18.985  5.388  -19.484 0.0000000000
73778  -19.156  5.890  -19.486 0.0000000000
72925  -18.846  5.170  -19.667 0.0000000000
73789  -18.786  5.539  -19.996 0.0000000000
73788  -18.189  5.824  -20.013 0.0000000000
72924  -18.483  5.259  -19.996 0.0000000000
72938  -18.260  5.342  -20.176 0.0000000000
73801  -18.144  5.601  -20.151 0.0000000000
73800  -18.079  5.810  -20.207 0.0000000000
73787  -18.024  5.974  -20.082 0.0000000000
72937  -18.052  5.382  -20.083 0.0000000000
72936  -18.012  5.372  -20.125 0.0000000000
73799  -17.868  5.833  -20.136 0.0000000000
74623  -17.995  6.027  -20.012 0.0000000000
75440  -17.996  6.151  -19.923 0.0000000000
74610  -17.917  6.058  -19.998 0.0000000000
74622  -17.933  6.137  -20.053 0.0000000000
74609  -17.721  6.123  -20.018 0.0000000000
86009  -14.563  10.975  -14.014 0.0000000000
72954  -17.988  5.415  -20.230 0.0000000000
72935  -17.581  5.067  -20.259 0.0000000000
72056  -16.869  4.927  -20.419 0.0000000000
72023  -18.328  4.987  -20.101 0.0000000000
72042  -18.147  5.002  -20.220 0.0000000000
72041  -17.987  5.013  -20.222 0.0000000000
72040  -17.733  4.991  -20.147 0.0000000000
72038  -16.862  5.005  -20.205 0.0000000000
71192  -18.187  4.830  -20.142 0.0000000000
71191  -18.044  4.834  -20.152 0.0000000000
71190  -17.858  4.842  -20.176 0.0000000000
71189  -17.387  4.863  -20.197 0.0000000000
71188  -17.008  4.910  -20.321 0.0000000000
