#!ascii label /Volumes/mturk1/subjects/jeeves/rois/IT-subdivisions/old_surf_labels/rh_V4.label , from subject  vox2ras=TkReg
1483
26399  -21.999  -13.473  -4.026 0.0000000000
26396  -21.984  -13.414  -3.962 0.0000000000
26395  -21.688  -13.611  -3.958 0.0000000000
26398  -21.708  -13.747  -4.328 0.0000000000
27185  -22.012  -13.376  -3.980 0.0000000000
26403  -21.956  -13.786  -4.544 0.0000000000
26404  -22.003  -13.539  -4.478 0.0000000000
26400  -22.207  -13.343  -4.003 0.0000000000
27186  -22.298  -13.222  -4.011 0.0000000000
27190  -22.423  -13.234  -4.432 0.0000000000
26402  -21.866  -13.881  -4.459 0.0000000000
25674  -21.866  -13.927  -4.571 0.0000000000
25678  -22.011  -14.001  -4.796 0.0000000000
26406  -21.982  -13.756  -5.014 0.0000000000
26407  -22.008  -13.600  -4.964 0.0000000000
27194  -22.380  -13.276  -4.993 0.0000000000
25688  -21.923  -13.966  -5.053 0.0000000000
26416  -21.900  -13.823  -5.139 0.0000000000
26417  -22.075  -13.598  -5.049 0.0000000000
27205  -22.451  -13.387  -4.993 0.0000000000
25701  -21.981  -13.953  -5.304 0.0000000000
26431  -21.858  -13.938  -5.435 0.0000000000
26432  -22.141  -13.833  -5.510 0.0000000000
26433  -22.646  -13.383  -5.278 0.0000000000
26418  -22.563  -13.317  -5.033 0.0000000000
27206  -22.854  -13.160  -4.998 0.0000000000
25702  -22.030  -14.003  -5.478 0.0000000000
25713  -22.120  -13.983  -5.665 0.0000000000
26444  -22.479  -13.978  -5.814 0.0000000000
26445  -22.681  -13.612  -5.962 0.0000000000
27218  -22.998  -13.173  -5.537 0.0000000000
25714  -22.665  -13.987  -5.970 0.0000000000
25723  -22.744  -13.946  -6.029 0.0000000000
26454  -22.810  -13.792  -6.099 0.0000000000
27230  -22.976  -13.404  -5.907 0.0000000000
26455  -23.022  -13.650  -6.050 0.0000000000
26446  -22.985  -13.635  -5.923 0.0000000000
27231  -23.048  -13.264  -5.856 0.0000000000
27180  -22.020  -13.136  -3.958 0.0000000000
27181  -22.420  -13.177  -3.677 0.0000000000
27187  -22.814  -13.000  -3.994 0.0000000000
27191  -22.760  -13.008  -4.337 0.0000000000
27182  -22.680  -12.974  -3.786 0.0000000000
27936  -22.893  -12.909  -4.000 0.0000000000
27942  -22.805  -12.871  -4.098 0.0000000000
27195  -22.920  -13.119  -4.793 0.0000000000
27196  -22.990  -13.008  -4.714 0.0000000000
27192  -22.965  -12.980  -4.453 0.0000000000
27943  -22.968  -12.865  -4.265 0.0000000000
27951  -23.056  -12.942  -4.586 0.0000000000
27207  -23.010  -13.044  -4.987 0.0000000000
27963  -23.038  -12.976  -4.921 0.0000000000
27219  -23.104  -13.047  -5.379 0.0000000000
27976  -23.032  -13.004  -5.024 0.0000000000
27232  -23.252  -13.145  -5.730 0.0000000000
27220  -23.477  -13.012  -5.493 0.0000000000
27977  -23.307  -12.911  -5.350 0.0000000000
27988  -23.348  -12.966  -5.914 0.0000000000
27241  -23.015  -13.386  -6.011 0.0000000000
27242  -23.248  -13.229  -6.028 0.0000000000
27932  -22.899  -12.851  -3.598 0.0000000000
27933  -23.022  -12.904  -3.773 0.0000000000
27937  -22.948  -12.851  -4.040 0.0000000000
27934  -23.054  -12.866  -3.771 0.0000000000
27938  -23.141  -12.873  -4.005 0.0000000000
28685  -23.409  -12.694  -3.978 0.0000000000
28689  -23.477  -12.648  -4.009 0.0000000000
27944  -23.099  -12.958  -4.323 0.0000000000
27939  -23.330  -12.803  -4.011 0.0000000000
27945  -23.657  -12.732  -4.303 0.0000000000
28690  -23.761  -12.402  -4.019 0.0000000000
27952  -23.140  -12.918  -4.876 0.0000000000
28692  -23.932  -12.410  -4.088 0.0000000000
27953  -23.610  -12.712  -4.982 0.0000000000
28699  -23.876  -12.453  -4.696 0.0000000000
27964  -23.217  -12.935  -5.016 0.0000000000
27965  -23.604  -12.794  -5.096 0.0000000000
28710  -23.816  -12.415  -5.001 0.0000000000
27978  -23.570  -12.834  -5.472 0.0000000000
28719  -23.831  -12.211  -5.083 0.0000000000
27989  -23.480  -12.868  -5.894 0.0000000000
28729  -23.789  -12.403  -5.886 0.0000000000
27999  -23.505  -12.991  -6.199 0.0000000000
28000  -23.610  -12.956  -6.006 0.0000000000
28742  -23.618  -12.324  -6.112 0.0000000000
28012  -23.632  -13.014  -6.266 0.0000000000
28755  -23.700  -12.677  -6.315 0.0000000000
28673  -23.401  -12.889  -3.439 0.0000000000
28686  -23.761  -12.282  -3.883 0.0000000000
28674  -23.805  -12.213  -3.237 0.0000000000
29393  -24.002  -12.056  -3.375 0.0000000000
29406  -23.973  -12.086  -3.926 0.0000000000
29410  -23.935  -12.109  -4.038 0.0000000000
29414  -24.000  -12.111  -4.242 0.0000000000
28693  -23.984  -12.242  -4.432 0.0000000000
28700  -24.020  -12.179  -4.692 0.0000000000
29415  -24.058  -12.045  -4.403 0.0000000000
29424  -23.959  -12.074  -4.986 0.0000000000
29425  -23.974  -12.019  -4.844 0.0000000000
29435  -23.917  -11.976  -5.055 0.0000000000
29446  -23.898  -11.986  -5.473 0.0000000000
29456  -23.690  -12.037  -5.994 0.0000000000
29469  -23.479  -12.005  -6.013 0.0000000000
28754  -23.372  -12.240  -6.438 0.0000000000
28741  -23.322  -12.090  -6.148 0.0000000000
29468  -23.273  -11.982  -6.081 0.0000000000
29381  -23.912  -12.021  -3.016 0.0000000000
28665  -23.639  -12.278  -3.029 0.0000000000
29382  -24.056  -12.004  -3.019 0.0000000000
29394  -24.062  -11.986  -3.372 0.0000000000
29407  -23.994  -12.007  -3.803 0.0000000000
30139  -24.077  -11.757  -3.144 0.0000000000
30153  -24.069  -11.717  -3.601 0.0000000000
29411  -24.055  -11.980  -4.059 0.0000000000
30157  -24.076  -11.735  -4.000 0.0000000000
30165  -24.093  -11.764  -4.251 0.0000000000
30176  -24.037  -11.901  -4.700 0.0000000000
29436  -23.960  -11.997  -4.999 0.0000000000
30187  -23.889  -11.943  -4.996 0.0000000000
30186  -23.825  -11.952  -5.008 0.0000000000
30200  -23.859  -11.918  -5.376 0.0000000000
30210  -23.642  -11.968  -5.811 0.0000000000
29455  -23.404  -11.993  -5.999 0.0000000000
29480  -23.068  -11.978  -6.255 0.0000000000
30218  -23.186  -11.879  -6.083 0.0000000000
29467  -23.054  -11.972  -6.170 0.0000000000
29479  -23.003  -12.111  -6.322 0.0000000000
30126  -24.033  -11.745  -2.985 0.0000000000
30884  -24.083  -11.355  -3.005 0.0000000000
30905  -24.074  -11.348  -3.390 0.0000000000
30919  -24.021  -11.321  -3.888 0.0000000000
30924  -23.996  -11.413  -4.005 0.0000000000
30937  -24.060  -11.534  -4.103 0.0000000000
30175  -23.849  -11.648  -4.468 0.0000000000
30164  -23.990  -11.641  -4.162 0.0000000000
30936  -23.987  -11.358  -4.076 0.0000000000
30952  -23.610  -11.136  -4.927 0.0000000000
30964  -23.519  -11.485  -4.983 0.0000000000
30974  -23.753  -11.551  -4.954 0.0000000000
30199  -23.280  -11.701  -5.791 0.0000000000
30973  -23.393  -11.409  -5.334 0.0000000000
30209  -23.241  -11.973  -5.970 0.0000000000
30217  -22.976  -11.874  -6.101 0.0000000000
30208  -23.063  -11.776  -5.990 0.0000000000
30870  -24.079  -11.355  -2.796 0.0000000000
31535  -24.062  -11.009  -2.966 0.0000000000
31556  -24.087  -10.979  -3.089 0.0000000000
31570  -24.050  -11.011  -3.639 0.0000000000
31584  -23.923  -11.112  -3.927 0.0000000000
30923  -23.884  -11.136  -4.008 0.0000000000
31583  -23.765  -11.007  -4.003 0.0000000000
31601  -23.630  -11.009  -4.322 0.0000000000
31613  -23.606  -10.982  -4.655 0.0000000000
30963  -23.142  -11.133  -5.020 0.0000000000
30951  -23.318  -11.158  -4.992 0.0000000000
31612  -23.200  -11.004  -4.808 0.0000000000
31620  -22.994  -11.043  -4.899 0.0000000000
30972  -23.003  -11.304  -5.473 0.0000000000
30962  -22.994  -11.161  -5.061 0.0000000000
31619  -23.020  -11.256  -4.943 0.0000000000
30198  -22.990  -11.609  -5.804 0.0000000000
30980  -22.982  -11.621  -5.699 0.0000000000
30971  -22.939  -11.472  -5.399 0.0000000000
30979  -22.984  -11.621  -5.634 0.0000000000
30207  -22.913  -11.783  -5.924 0.0000000000
31532  -24.092  -11.002  -2.610 0.0000000000
32182  -24.078  -10.840  -2.950 0.0000000000
32205  -24.043  -10.738  -3.203 0.0000000000
32228  -24.078  -10.909  -3.482 0.0000000000
31569  -23.947  -10.997  -3.825 0.0000000000
32227  -23.947  -10.901  -3.672 0.0000000000
32243  -23.682  -10.973  -3.978 0.0000000000
31600  -23.307  -10.895  -4.337 0.0000000000
31582  -23.480  -10.903  -4.123 0.0000000000
32242  -23.377  -10.797  -4.094 0.0000000000
32254  -23.196  -10.731  -4.221 0.0000000000
31611  -23.029  -11.017  -4.656 0.0000000000
31599  -22.991  -11.004  -4.486 0.0000000000
32253  -23.039  -10.783  -4.277 0.0000000000
31610  -22.807  -11.077  -4.774 0.0000000000
31618  -22.974  -11.188  -4.916 0.0000000000
32179  -24.039  -10.848  -2.344 0.0000000000
32834  -24.097  -10.336  -2.743 0.0000000000
32845  -24.076  -10.465  -2.987 0.0000000000
32872  -24.030  -10.453  -3.058 0.0000000000
32204  -24.014  -10.750  -3.370 0.0000000000
32871  -23.965  -10.411  -3.171 0.0000000000
32899  -23.603  -10.464  -3.581 0.0000000000
32226  -23.466  -10.783  -4.001 0.0000000000
32825  -24.065  -10.371  -2.092 0.0000000000
33514  -24.074  -9.994  -2.424 0.0000000000
33518  -24.033  -9.988  -2.829 0.0000000000
33534  -24.033  -10.211  -2.915 0.0000000000
32844  -24.079  -10.161  -3.006 0.0000000000
32816  -24.058  -10.232  -1.907 0.0000000000
32165  -24.099  -10.844  -2.019 0.0000000000
33511  -24.071  -10.000  -2.007 0.0000000000
32808  -24.074  -10.290  -1.557 0.0000000000
32155  -24.081  -10.647  -1.836 0.0000000000
33508  -24.151  -9.998  -1.780 0.0000000000
32799  -24.057  -10.236  -1.041 0.0000000000
32146  -24.034  -10.669  -1.626 0.0000000000
33501  -24.085  -9.997  -1.149 0.0000000000
32798  -23.817  -10.507  -1.030 0.0000000000
32136  -23.900  -10.692  -1.219 0.0000000000
32791  -23.993  -10.118  -0.993 0.0000000000
33494  -24.053  -9.996  -1.020 0.0000000000
32790  -23.925  -10.293  -0.957 0.0000000000
32127  -23.748  -10.783  -0.964 0.0000000000
32135  -23.731  -10.940  -1.110 0.0000000000
33493  -24.008  -10.031  -0.926 0.0000000000
32784  -23.860  -10.232  -0.409 0.0000000000
32119  -23.723  -10.822  -0.652 0.0000000000
33484  -23.881  -9.969  -0.650 0.0000000000
32781  -23.486  -10.324  -0.015 0.0000000000
32115  -23.425  -10.773  -0.138 0.0000000000
33465  -23.748  -9.994  -0.081 0.0000000000
32780  -23.457  -10.282  0.105 0.0000000000
32114  -23.374  -10.760  -0.011 0.0000000000
33464  -23.549  -10.010  -0.011 0.0000000000
32773  -23.611  -10.298  0.089 0.0000000000
32111  -23.425  -10.783  0.016 0.0000000000
33442  -23.478  -9.997  0.125 0.0000000000
32760  -23.210  -10.513  0.888 0.0000000000
32105  -23.295  -10.964  0.505 0.0000000000
33423  -23.339  -10.004  0.747 0.0000000000
32746  -23.151  -10.333  1.004 0.0000000000
32094  -23.119  -10.801  0.997 0.0000000000
32745  -23.011  -10.322  0.916 0.0000000000
32093  -23.039  -10.931  1.005 0.0000000000
33407  -23.082  -9.921  1.007 0.0000000000
32732  -22.956  -10.289  1.011 0.0000000000
32079  -23.099  -10.876  1.210 0.0000000000
33406  -22.992  -10.076  1.003 0.0000000000
32716  -23.042  -10.071  1.725 0.0000000000
32066  -23.009  -10.916  1.411 0.0000000000
33388  -22.995  -9.986  1.204 0.0000000000
32703  -22.916  -10.189  1.995 0.0000000000
32052  -22.930  -10.493  1.880 0.0000000000
33373  -23.011  -10.039  1.774 0.0000000000
32702  -22.823  -10.246  1.974 0.0000000000
32051  -22.846  -10.798  1.902 0.0000000000
33361  -22.913  -9.994  1.991 0.0000000000
32692  -22.785  -10.289  2.047 0.0000000000
32040  -22.701  -10.804  2.007 0.0000000000
33360  -22.880  -10.005  2.020 0.0000000000
32684  -22.743  -10.136  2.327 0.0000000000
32031  -22.648  -10.814  2.182 0.0000000000
33348  -22.885  -9.979  2.268 0.0000000000
32683  -22.269  -10.238  2.907 0.0000000000
32030  -22.369  -10.939  2.408 0.0000000000
33339  -22.653  -10.020  2.559 0.0000000000
32675  -22.092  -10.148  2.990 0.0000000000
32022  -22.135  -10.626  2.965 0.0000000000
33338  -22.090  -10.032  2.898 0.0000000000
32674  -22.003  -10.240  2.992 0.0000000000
33329  -22.011  -10.072  2.967 0.0000000000
32668  -22.056  -10.369  3.053 0.0000000000
32021  -22.054  -10.665  3.024 0.0000000000
33328  -21.967  -10.009  3.003 0.0000000000
32667  -21.996  -10.397  3.150 0.0000000000
32014  -22.037  -10.754  3.078 0.0000000000
33319  -22.020  -10.109  3.059 0.0000000000
32658  -21.895  -10.684  3.289 0.0000000000
32013  -21.983  -10.894  3.201 0.0000000000
32666  -21.638  -9.966  3.212 0.0000000000
32657  -21.300  -10.221  3.539 0.0000000000
33318  -21.777  -9.982  3.139 0.0000000000
33317  -21.284  -10.012  3.227 0.0000000000
32006  -21.494  -11.004  3.514 0.0000000000
32656  -21.048  -10.394  3.725 0.0000000000
32005  -21.086  -10.811  3.855 0.0000000000
33303  -21.004  -10.040  3.507 0.0000000000
31518  -24.066  -11.010  -2.107 0.0000000000
31510  -24.049  -11.005  -2.003 0.0000000000
31500  -23.999  -10.872  -1.944 0.0000000000
32145  -23.615  -10.971  -1.598 0.0000000000
31499  -23.994  -11.002  -1.784 0.0000000000
31490  -23.825  -11.001  -1.349 0.0000000000
31482  -23.702  -11.021  -0.995 0.0000000000
31472  -23.673  -11.003  -0.875 0.0000000000
32118  -23.378  -10.989  -0.207 0.0000000000
31471  -23.636  -11.091  -0.745 0.0000000000
31468  -23.365  -11.012  -0.081 0.0000000000
31465  -23.620  -10.985  -0.008 0.0000000000
31462  -23.487  -10.977  0.530 0.0000000000
31457  -23.169  -10.884  0.773 0.0000000000
31456  -23.068  -11.003  0.976 0.0000000000
31445  -23.008  -11.019  1.114 0.0000000000
31430  -22.891  -10.985  1.282 0.0000000000
32065  -22.817  -10.995  1.520 0.0000000000
31429  -22.804  -11.017  1.569 0.0000000000
31415  -22.629  -11.044  1.970 0.0000000000
32039  -22.565  -11.020  2.131 0.0000000000
31399  -22.667  -10.985  2.042 0.0000000000
31398  -22.350  -11.077  2.259 0.0000000000
31385  -22.222  -11.020  2.753 0.0000000000
31375  -22.093  -10.939  2.986 0.0000000000
31374  -21.993  -11.020  3.023 0.0000000000
31366  -21.996  -11.002  3.110 0.0000000000
31365  -21.590  -11.092  3.351 0.0000000000
31357  -21.237  -11.020  3.818 0.0000000000
31996  -20.981  -10.985  3.876 0.0000000000
31356  -21.004  -11.156  3.852 0.0000000000
32004  -21.008  -10.717  3.878 0.0000000000
31995  -21.020  -10.953  3.990 0.0000000000
32645  -20.999  -10.610  3.905 0.0000000000
31348  -20.974  -10.978  3.997 0.0000000000
31994  -20.606  -10.744  4.067 0.0000000000
31347  -20.877  -11.003  4.064 0.0000000000
32644  -21.005  -10.601  3.976 0.0000000000
30961  -22.786  -11.197  -4.991 0.0000000000
30950  -22.436  -11.375  -4.852 0.0000000000
31609  -22.312  -11.142  -4.685 0.0000000000
31598  -22.606  -11.039  -4.371 0.0000000000
32252  -22.807  -10.702  -4.439 0.0000000000
30855  -24.099  -11.339  -2.363 0.0000000000
30844  -24.070  -11.068  -1.999 0.0000000000
31509  -23.993  -11.117  -1.915 0.0000000000
30843  -23.968  -11.345  -2.053 0.0000000000
30828  -23.809  -11.209  -1.813 0.0000000000
30812  -23.704  -11.318  -1.067 0.0000000000
31481  -23.719  -11.055  -0.975 0.0000000000
30794  -23.637  -11.197  -1.007 0.0000000000
30793  -23.623  -11.402  -0.883 0.0000000000
30775  -23.713  -11.214  -0.506 0.0000000000
30762  -23.337  -11.197  -0.001 0.0000000000
30752  -23.655  -11.407  0.224 0.0000000000
31461  -23.118  -10.993  0.900 0.0000000000
30741  -23.523  -11.296  0.634 0.0000000000
30740  -23.085  -11.342  0.583 0.0000000000
30730  -23.053  -11.135  1.017 0.0000000000
31444  -22.984  -11.102  1.165 0.0000000000
30719  -22.959  -11.206  1.098 0.0000000000
30718  -22.693  -11.376  1.209 0.0000000000
30702  -22.496  -11.345  1.842 0.0000000000
31414  -22.465  -11.259  2.045 0.0000000000
30683  -22.417  -11.130  1.970 0.0000000000
30663  -22.242  -11.179  2.072 0.0000000000
30682  -22.014  -11.431  2.006 0.0000000000
31397  -22.106  -11.103  2.631 0.0000000000
30662  -22.033  -11.310  2.318 0.0000000000
31384  -22.050  -11.087  2.979 0.0000000000
30643  -22.004  -11.149  2.893 0.0000000000
30627  -21.999  -11.070  2.976 0.0000000000
31373  -21.823  -11.012  3.033 0.0000000000
30626  -21.876  -11.236  2.986 0.0000000000
30613  -21.747  -11.208  3.017 0.0000000000
31364  -21.196  -11.206  3.674 0.0000000000
30612  -21.303  -11.432  3.342 0.0000000000
30599  -21.014  -11.237  3.762 0.0000000000
31355  -21.021  -11.036  4.010 0.0000000000
30598  -20.948  -11.272  3.893 0.0000000000
30587  -20.974  -11.300  3.988 0.0000000000
31339  -21.016  -10.988  4.198 0.0000000000
30576  -21.012  -11.275  4.098 0.0000000000
31346  -20.659  -10.950  4.151 0.0000000000
31338  -20.317  -10.985  4.394 0.0000000000
31985  -20.455  -10.817  4.277 0.0000000000
30575  -20.711  -11.537  4.551 0.0000000000
31337  -20.021  -10.954  4.189 0.0000000000
30574  -20.029  -11.079  4.480 0.0000000000
31984  -20.167  -10.829  4.181 0.0000000000
30115  -24.070  -11.732  -2.755 0.0000000000
30854  -23.998  -11.571  -2.119 0.0000000000
30100  -24.068  -11.833  -2.224 0.0000000000
30099  -23.856  -11.750  -2.315 0.0000000000
30086  -23.715  -11.741  -2.018 0.0000000000
30052  -23.597  -11.701  -1.189 0.0000000000
30069  -23.433  -11.968  -1.709 0.0000000000
30811  -23.427  -11.550  -1.019 0.0000000000
30051  -23.219  -11.987  -1.189 0.0000000000
30034  -23.199  -11.818  -1.021 0.0000000000
30019  -23.352  -11.685  -0.431 0.0000000000
30005  -23.166  -11.527  -0.042 0.0000000000
30761  -23.060  -11.519  0.046 0.0000000000
30004  -22.991  -11.548  -0.010 0.0000000000
30751  -23.176  -11.527  0.210 0.0000000000
29992  -23.043  -11.646  -0.024 0.0000000000
29979  -23.014  -11.702  0.230 0.0000000000
30739  -23.016  -11.345  0.891 0.0000000000
29978  -22.936  -11.573  0.253 0.0000000000
30729  -22.992  -11.385  0.981 0.0000000000
29966  -22.734  -11.665  0.847 0.0000000000
29954  -22.355  -11.732  1.005 0.0000000000
30717  -22.219  -11.490  1.379 0.0000000000
29953  -22.080  -11.715  1.019 0.0000000000
30716  -21.984  -11.576  1.005 0.0000000000
30701  -22.052  -11.444  1.743 0.0000000000
29952  -21.984  -11.722  1.024 0.0000000000
29964  -21.987  -11.616  0.951 0.0000000000
30728  -22.009  -11.327  0.647 0.0000000000
30700  -21.999  -11.425  1.448 0.0000000000
30715  -21.681  -11.426  1.003 0.0000000000
30727  -21.539  -11.436  0.925 0.0000000000
30699  -21.441  -11.398  1.478 0.0000000000
30714  -21.046  -11.402  0.989 0.0000000000
30726  -21.107  -11.443  0.927 0.0000000000
30698  -21.068  -11.518  1.443 0.0000000000
30713  -20.878  -11.437  0.957 0.0000000000
30725  -21.037  -11.441  0.967 0.0000000000
30697  -21.006  -11.457  1.423 0.0000000000
30712  -20.893  -11.393  1.021 0.0000000000
30724  -20.643  -11.567  0.927 0.0000000000
30696  -20.952  -11.422  1.480 0.0000000000
29951  -20.462  -11.886  1.008 0.0000000000
29963  -20.619  -11.586  1.073 0.0000000000
30681  -21.903  -11.441  1.935 0.0000000000
30680  -21.705  -11.255  1.981 0.0000000000
30679  -21.150  -11.479  1.901 0.0000000000
30678  -21.030  -11.506  1.877 0.0000000000
29944  -20.958  -11.621  1.839 0.0000000000
29943  -20.582  -11.749  1.662 0.0000000000
30661  -21.723  -11.515  2.004 0.0000000000
30660  -21.234  -11.576  1.988 0.0000000000
29932  -21.000  -11.677  2.013 0.0000000000
29931  -20.980  -11.721  1.984 0.0000000000
30642  -21.869  -11.395  2.724 0.0000000000
30641  -21.211  -11.695  2.275 0.0000000000
29918  -21.015  -11.764  2.126 0.0000000000
30625  -21.306  -11.592  2.995 0.0000000000
29900  -21.020  -11.767  2.519 0.0000000000
29884  -21.029  -11.754  2.973 0.0000000000
30611  -20.973  -11.633  3.464 0.0000000000
29870  -20.980  -11.832  3.039 0.0000000000
29857  -20.926  -11.800  3.651 0.0000000000
29869  -20.814  -11.970  3.052 0.0000000000
29845  -20.814  -11.711  3.980 0.0000000000
30586  -20.923  -11.731  4.023 0.0000000000
29844  -20.564  -11.897  3.996 0.0000000000
29833  -20.488  -11.975  4.261 0.0000000000
30562  -20.261  -11.593  4.780 0.0000000000
29819  -20.439  -11.964  4.506 0.0000000000
30573  -20.004  -11.147  4.299 0.0000000000
30561  -20.018  -11.522  4.742 0.0000000000
29818  -20.152  -11.985  4.547 0.0000000000
30560  -19.926  -11.750  4.662 0.0000000000
29817  -19.970  -11.975  4.758 0.0000000000
29370  -24.025  -12.021  -2.973 0.0000000000
30114  -23.962  -11.928  -2.566 0.0000000000
29369  -23.869  -12.102  -2.717 0.0000000000
29350  -23.647  -12.005  -2.217 0.0000000000
30085  -23.552  -11.939  -1.979 0.0000000000
29334  -23.538  -12.000  -2.014 0.0000000000
30068  -23.459  -11.994  -1.817 0.0000000000
29333  -23.483  -12.214  -1.966 0.0000000000
29318  -23.333  -12.158  -1.689 0.0000000000
30050  -23.021  -11.939  -1.181 0.0000000000
29305  -23.011  -12.083  -1.320 0.0000000000
30033  -22.997  -11.981  -0.969 0.0000000000
29304  -23.009  -12.019  -1.104 0.0000000000
30018  -23.018  -11.848  -0.403 0.0000000000
30032  -22.704  -11.895  -0.888 0.0000000000
29290  -22.987  -12.006  -0.977 0.0000000000
30017  -22.920  -11.940  -0.346 0.0000000000
30031  -22.271  -11.888  -0.986 0.0000000000
29289  -22.731  -11.998  -0.991 0.0000000000
30016  -22.224  -11.962  -0.760 0.0000000000
29288  -22.481  -11.965  -0.982 0.0000000000
29302  -22.339  -12.003  -1.035 0.0000000000
30049  -22.110  -11.865  -1.276 0.0000000000
30015  -22.051  -11.719  -0.881 0.0000000000
30030  -22.069  -11.719  -1.058 0.0000000000
30792  -22.015  -11.595  -0.967 0.0000000000
30048  -21.999  -11.822  -1.413 0.0000000000
30810  -21.962  -11.652  -0.996 0.0000000000
30003  -22.985  -11.712  -0.032 0.0000000000
30002  -22.454  -11.791  -0.109 0.0000000000
30001  -21.989  -11.734  -0.339 0.0000000000
30774  -22.006  -11.541  -0.703 0.0000000000
29991  -22.988  -11.609  0.083 0.0000000000
29990  -22.655  -11.782  0.048 0.0000000000
29989  -22.030  -11.689  -0.007 0.0000000000
30760  -21.990  -11.502  -0.029 0.0000000000
29977  -22.315  -11.790  0.344 0.0000000000
29976  -21.989  -11.658  0.549 0.0000000000
30738  -21.964  -11.505  0.134 0.0000000000
30750  -21.930  -11.531  -0.011 0.0000000000
29965  -22.094  -11.716  0.849 0.0000000000
29962  -20.011  -11.785  0.979 0.0000000000
30723  -20.373  -11.650  0.999 0.0000000000
29950  -20.046  -11.977  1.340 0.0000000000
29961  -20.010  -11.932  1.031 0.0000000000
29974  -19.958  -11.878  0.734 0.0000000000
29975  -19.998  -11.804  0.500 0.0000000000
30733  -20.113  -11.722  0.884 0.0000000000
29949  -19.979  -11.940  1.180 0.0000000000
29254  -19.918  -11.971  1.151 0.0000000000
29260  -19.873  -11.923  0.996 0.0000000000
29942  -20.180  -11.988  1.847 0.0000000000
29250  -20.084  -12.082  1.647 0.0000000000
29255  -20.062  -12.069  1.363 0.0000000000
29930  -20.572  -11.783  1.995 0.0000000000
29929  -20.171  -12.002  2.015 0.0000000000
29240  -20.109  -12.086  1.949 0.0000000000
29917  -20.937  -11.739  2.204 0.0000000000
29916  -20.512  -11.776  2.384 0.0000000000
29915  -20.066  -11.909  2.501 0.0000000000
29226  -19.991  -11.994  2.195 0.0000000000
29899  -20.828  -11.760  2.674 0.0000000000
29898  -20.608  -11.974  2.827 0.0000000000
29897  -20.394  -11.989  2.794 0.0000000000
29205  -20.258  -12.085  2.685 0.0000000000
29883  -20.770  -11.830  2.992 0.0000000000
29882  -20.482  -11.997  3.018 0.0000000000
29183  -20.638  -12.007  3.013 0.0000000000
29206  -20.552  -12.186  2.969 0.0000000000
29868  -20.611  -11.971  3.043 0.0000000000
29856  -20.631  -11.971  3.396 0.0000000000
29162  -20.694  -12.054  3.259 0.0000000000
29147  -20.574  -12.010  3.793 0.0000000000
29134  -20.595  -12.004  4.003 0.0000000000
29832  -20.334  -12.025  4.488 0.0000000000
29123  -20.582  -12.002  4.173 0.0000000000
29122  -20.296  -12.088  4.484 0.0000000000
29108  -20.038  -12.083  4.697 0.0000000000
29816  -19.595  -11.973  4.772 0.0000000000
29107  -19.862  -12.002  4.829 0.0000000000
28649  -23.869  -12.185  -2.987 0.0000000000
29368  -23.688  -12.314  -2.415 0.0000000000
28648  -23.400  -12.593  -2.761 0.0000000000
29349  -23.524  -12.024  -2.011 0.0000000000
28630  -23.133  -12.454  -2.109 0.0000000000
28616  -23.277  -12.213  -1.984 0.0000000000
29332  -23.122  -12.233  -1.835 0.0000000000
28615  -23.022  -12.400  -1.990 0.0000000000
29317  -23.008  -12.312  -1.323 0.0000000000
28603  -23.021  -12.431  -1.701 0.0000000000
29316  -22.740  -12.219  -1.528 0.0000000000
28602  -22.993  -12.586  -1.785 0.0000000000
29331  -22.801  -12.515  -1.953 0.0000000000
29303  -22.768  -12.027  -1.055 0.0000000000
29315  -22.298  -11.995  -1.581 0.0000000000
29330  -22.355  -12.197  -1.840 0.0000000000
30067  -22.073  -11.937  -1.617 0.0000000000
29314  -22.078  -11.988  -1.705 0.0000000000
29329  -22.011  -11.995  -2.031 0.0000000000
30066  -22.020  -11.970  -1.828 0.0000000000
29253  -19.750  -12.080  1.009 0.0000000000
29259  -19.824  -12.016  0.793 0.0000000000
29264  -19.868  -11.931  0.520 0.0000000000
28556  -19.361  -12.470  0.974 0.0000000000
28559  -19.470  -12.356  0.535 0.0000000000
29263  -19.818  -12.017  0.223 0.0000000000
29249  -19.981  -12.101  1.540 0.0000000000
29248  -19.811  -12.092  1.284 0.0000000000
28552  -19.392  -12.417  1.037 0.0000000000
29239  -19.995  -12.124  1.859 0.0000000000
29238  -19.826  -12.157  1.872 0.0000000000
28542  -19.420  -12.411  1.577 0.0000000000
29225  -20.002  -12.133  2.011 0.0000000000
28529  -19.862  -12.280  2.013 0.0000000000
28528  -19.461  -12.608  1.984 0.0000000000
29204  -20.008  -12.156  2.421 0.0000000000
28516  -19.856  -12.305  2.114 0.0000000000
29182  -20.360  -12.287  3.010 0.0000000000
29181  -20.032  -12.170  2.935 0.0000000000
28504  -19.869  -12.316  2.697 0.0000000000
29161  -20.314  -12.165  3.576 0.0000000000
28464  -20.089  -12.614  3.219 0.0000000000
28488  -20.014  -12.397  3.020 0.0000000000
28487  -19.894  -12.393  2.998 0.0000000000
29146  -20.358  -12.159  4.005 0.0000000000
28437  -20.059  -12.416  3.889 0.0000000000
29133  -20.333  -12.174  4.154 0.0000000000
28418  -20.198  -12.603  4.035 0.0000000000
28398  -20.195  -12.383  4.335 0.0000000000
28377  -20.118  -12.305  4.697 0.0000000000
28376  -20.014  -12.343  4.497 0.0000000000
28664  -23.339  -12.706  -3.012 0.0000000000
27921  -23.053  -12.847  -3.266 0.0000000000
27911  -23.095  -12.724  -2.998 0.0000000000
28647  -23.008  -12.760  -2.797 0.0000000000
27891  -23.028  -12.848  -2.952 0.0000000000
28629  -23.019  -12.582  -2.338 0.0000000000
27890  -22.897  -12.846  -2.822 0.0000000000
28628  -22.829  -12.469  -2.113 0.0000000000
27874  -23.016  -12.703  -2.381 0.0000000000
28614  -22.926  -12.389  -2.085 0.0000000000
28627  -22.202  -12.458  -1.994 0.0000000000
27873  -22.409  -12.922  -2.143 0.0000000000
28613  -22.557  -12.353  -2.007 0.0000000000
28626  -21.999  -12.507  -2.235 0.0000000000
27872  -22.008  -12.706  -2.313 0.0000000000
28612  -22.018  -12.272  -2.020 0.0000000000
27871  -21.998  -12.678  -2.442 0.0000000000
27887  -21.928  -12.813  -2.661 0.0000000000
28646  -21.976  -12.513  -2.490 0.0000000000
29348  -21.958  -12.206  -2.029 0.0000000000
28625  -21.921  -12.280  -2.151 0.0000000000
28645  -21.773  -12.581  -2.573 0.0000000000
29347  -21.625  -11.985  -2.217 0.0000000000
29367  -21.423  -12.064  -2.211 0.0000000000
28558  -19.164  -12.723  0.830 0.0000000000
28562  -19.057  -12.774  0.211 0.0000000000
28563  -19.440  -12.401  0.118 0.0000000000
28555  -19.139  -12.633  1.019 0.0000000000
27804  -18.978  -12.765  1.031 0.0000000000
27808  -19.006  -12.883  0.769 0.0000000000
28551  -19.014  -12.758  1.357 0.0000000000
27794  -19.001  -12.827  1.316 0.0000000000
28541  -19.112  -12.774  1.856 0.0000000000
27781  -18.987  -12.828  1.786 0.0000000000
28527  -19.221  -12.808  2.007 0.0000000000
27769  -19.101  -12.977  2.016 0.0000000000
28515  -19.281  -12.485  2.253 0.0000000000
27760  -19.195  -12.931  2.116 0.0000000000
27770  -19.251  -12.830  1.995 0.0000000000
28503  -19.518  -12.628  2.984 0.0000000000
27749  -19.170  -12.976  2.725 0.0000000000
28486  -19.577  -12.702  2.999 0.0000000000
27740  -19.371  -12.993  3.006 0.0000000000
28463  -19.974  -12.414  3.013 0.0000000000
28462  -19.671  -12.699  2.980 0.0000000000
28436  -19.975  -12.510  3.740 0.0000000000
27730  -19.974  -12.772  3.331 0.0000000000
27729  -19.633  -12.877  3.527 0.0000000000
28417  -19.957  -12.549  3.908 0.0000000000
27710  -19.953  -12.831  3.864 0.0000000000
28397  -19.994  -12.570  4.002 0.0000000000
27686  -19.929  -12.736  4.028 0.0000000000
27660  -19.971  -12.841  4.088 0.0000000000
27920  -23.006  -12.949  -3.230 0.0000000000
27919  -22.743  -12.776  -3.225 0.0000000000
27170  -22.936  -13.028  -3.261 0.0000000000
27910  -23.004  -12.811  -2.990 0.0000000000
27918  -22.362  -12.952  -3.016 0.0000000000
27169  -22.331  -12.984  -3.143 0.0000000000
27909  -22.726  -12.933  -2.979 0.0000000000
27908  -22.295  -12.927  -3.000 0.0000000000
27154  -22.207  -13.002  -3.009 0.0000000000
27889  -22.661  -13.004  -2.777 0.0000000000
27907  -21.966  -12.995  -2.983 0.0000000000
27153  -22.024  -13.012  -2.987 0.0000000000
27888  -22.104  -12.912  -2.842 0.0000000000
27906  -21.561  -12.985  -2.978 0.0000000000
27152  -21.650  -13.030  -2.999 0.0000000000
27905  -21.057  -12.849  -3.033 0.0000000000
27151  -21.202  -13.005  -2.980 0.0000000000
27886  -21.422  -12.933  -2.926 0.0000000000
27904  -20.787  -12.921  -2.996 0.0000000000
27150  -20.906  -13.013  -2.988 0.0000000000
27885  -21.084  -12.773  -2.981 0.0000000000
28644  -21.006  -12.538  -2.799 0.0000000000
28663  -21.013  -12.575  -2.846 0.0000000000
28662  -20.925  -12.626  -2.952 0.0000000000
27903  -20.319  -12.958  -2.966 0.0000000000
27149  -20.505  -12.997  -2.990 0.0000000000
28661  -20.596  -12.723  -2.993 0.0000000000
27902  -20.021  -12.959  -2.975 0.0000000000
27148  -20.070  -13.031  -3.006 0.0000000000
28660  -20.149  -12.771  -2.981 0.0000000000
27901  -19.889  -12.935  -2.996 0.0000000000
27147  -19.993  -13.088  -2.972 0.0000000000
28659  -20.006  -12.676  -2.891 0.0000000000
27900  -19.444  -12.946  -2.985 0.0000000000
27146  -19.481  -13.020  -3.041 0.0000000000
27884  -19.693  -12.970  -2.953 0.0000000000
28640  -20.003  -12.503  -2.835 0.0000000000
27899  -19.142  -13.019  -2.850 0.0000000000
27145  -19.182  -13.197  -2.945 0.0000000000
27883  -19.343  -12.995  -2.932 0.0000000000
27882  -19.036  -12.929  -2.638 0.0000000000
27136  -19.038  -13.047  -2.920 0.0000000000
28639  -19.430  -12.774  -2.751 0.0000000000
28638  -19.002  -12.807  -2.542 0.0000000000
27881  -18.915  -12.869  -2.477 0.0000000000
27135  -18.965  -13.041  -2.661 0.0000000000
27870  -18.916  -12.743  -2.321 0.0000000000
28623  -19.019  -12.487  -2.169 0.0000000000
27869  -18.748  -12.799  -2.245 0.0000000000
28622  -18.859  -12.602  -2.152 0.0000000000
27868  -18.518  -12.983  -2.190 0.0000000000
27127  -18.712  -12.987  -2.334 0.0000000000
27861  -18.735  -12.756  -2.010 0.0000000000
27860  -18.467  -12.947  -2.063 0.0000000000
28610  -18.880  -12.549  -2.041 0.0000000000
27126  -18.371  -13.167  -2.135 0.0000000000
27855  -18.770  -12.735  -1.555 0.0000000000
27854  -18.827  -13.046  -1.777 0.0000000000
28600  -18.900  -12.606  -1.827 0.0000000000
27117  -18.357  -13.101  -1.999 0.0000000000
27845  -18.643  -12.941  -1.015 0.0000000000
27844  -18.189  -12.816  -1.335 0.0000000000
28591  -19.080  -12.583  -1.323 0.0000000000
27853  -18.525  -13.191  -1.507 0.0000000000
27106  -18.328  -13.317  -1.849 0.0000000000
27843  -18.070  -12.918  -1.430 0.0000000000
27105  -18.125  -13.138  -1.648 0.0000000000
27834  -18.778  -12.704  -0.992 0.0000000000
27833  -18.189  -12.888  -1.001 0.0000000000
27832  -18.084  -13.020  -1.018 0.0000000000
27095  -18.082  -13.041  -1.245 0.0000000000
27824  -18.755  -12.735  -0.614 0.0000000000
27823  -18.236  -12.823  -0.930 0.0000000000
28581  -18.945  -12.509  -0.981 0.0000000000
27822  -18.049  -12.999  -1.020 0.0000000000
27082  -18.001  -13.008  -1.025 0.0000000000
27818  -18.927  -12.722  -0.038 0.0000000000
27817  -18.449  -12.814  -0.328 0.0000000000
28570  -18.972  -12.511  -0.348 0.0000000000
27816  -18.019  -12.973  -0.564 0.0000000000
27070  -18.019  -13.050  -0.831 0.0000000000
27812  -18.907  -12.940  -0.017 0.0000000000
27811  -18.493  -12.933  -0.024 0.0000000000
27819  -18.973  -12.729  -0.000 0.0000000000
28566  -19.107  -12.705  0.009 0.0000000000
28565  -18.984  -12.655  -0.018 0.0000000000
27064  -18.281  -12.994  -0.181 0.0000000000
27063  -18.026  -13.114  -0.331 0.0000000000
27807  -18.973  -12.974  0.378 0.0000000000
27057  -18.851  -13.009  0.164 0.0000000000
27056  -18.480  -13.013  0.014 0.0000000000
27813  -18.978  -12.908  0.005 0.0000000000
27803  -18.928  -12.992  1.051 0.0000000000
27051  -18.874  -12.989  0.849 0.0000000000
27793  -18.866  -12.911  1.209 0.0000000000
27041  -18.815  -12.983  0.989 0.0000000000
27780  -18.878  -12.928  1.594 0.0000000000
27018  -18.889  -12.997  1.459 0.0000000000
27028  -18.817  -12.993  1.099 0.0000000000
27768  -19.004  -12.967  1.974 0.0000000000
27008  -18.961  -13.099  1.945 0.0000000000
27759  -19.136  -13.058  2.459 0.0000000000
27000  -19.094  -13.185  2.176 0.0000000000
27009  -19.038  -13.051  1.997 0.0000000000
27748  -19.215  -13.085  2.916 0.0000000000
26990  -19.097  -13.259  2.690 0.0000000000
27739  -19.293  -13.024  2.973 0.0000000000
26981  -19.224  -13.216  3.045 0.0000000000
26975  -19.477  -13.043  3.396 0.0000000000
26982  -19.475  -13.108  3.093 0.0000000000
27709  -19.548  -12.987  4.073 0.0000000000
26967  -19.525  -13.003  3.976 0.0000000000
27685  -19.704  -12.956  4.094 0.0000000000
27168  -22.144  -13.175  -3.333 0.0000000000
26382  -21.991  -13.307  -3.631 0.0000000000
27167  -21.840  -13.152  -3.125 0.0000000000
26381  -22.028  -13.358  -3.446 0.0000000000
27166  -21.327  -13.135  -3.046 0.0000000000
26380  -21.551  -13.513  -3.218 0.0000000000
27165  -20.983  -13.162  -3.126 0.0000000000
26379  -21.012  -13.547  -3.392 0.0000000000
27164  -20.674  -13.088  -3.061 0.0000000000
26378  -20.893  -13.668  -3.662 0.0000000000
27163  -20.202  -13.076  -3.046 0.0000000000
26377  -20.208  -13.495  -3.323 0.0000000000
27162  -19.989  -13.109  -3.113 0.0000000000
26376  -19.987  -13.524  -3.329 0.0000000000
27161  -19.850  -13.009  -3.115 0.0000000000
26375  -19.888  -13.435  -3.552 0.0000000000
26366  -19.305  -13.041  -3.122 0.0000000000
26365  -19.194  -13.512  -3.030 0.0000000000
27144  -19.027  -13.218  -2.937 0.0000000000
26364  -19.007  -13.596  -3.021 0.0000000000
26356  -18.975  -13.472  -3.002 0.0000000000
27134  -18.712  -13.145  -2.430 0.0000000000
26355  -18.595  -13.673  -2.932 0.0000000000
26348  -18.346  -13.425  -2.256 0.0000000000
27125  -18.074  -13.282  -2.009 0.0000000000
26347  -17.995  -13.590  -2.201 0.0000000000
27116  -18.012  -13.092  -2.047 0.0000000000
26338  -17.977  -13.587  -2.075 0.0000000000
27115  -17.957  -13.316  -1.927 0.0000000000
26337  -17.818  -13.490  -2.040 0.0000000000
27104  -17.959  -13.116  -1.555 0.0000000000
27094  -18.015  -13.113  -1.057 0.0000000000
27103  -17.805  -13.079  -1.191 0.0000000000
27114  -17.864  -13.223  -1.914 0.0000000000
27081  -17.929  -13.124  -0.980 0.0000000000
27093  -17.520  -13.278  -1.117 0.0000000000
27069  -18.002  -13.142  -0.727 0.0000000000
27080  -17.450  -13.193  -1.002 0.0000000000
27062  -17.744  -13.267  -0.140 0.0000000000
27068  -17.359  -13.229  -0.601 0.0000000000
27055  -18.118  -13.152  -0.042 0.0000000000
27054  -17.966  -13.176  0.020 0.0000000000
26281  -17.542  -13.379  0.020 0.0000000000
27061  -17.123  -13.338  -0.125 0.0000000000
27050  -18.569  -13.005  0.180 0.0000000000
27049  -18.087  -13.220  0.007 0.0000000000
26272  -17.965  -13.262  0.053 0.0000000000
26271  -17.741  -13.532  -0.011 0.0000000000
27040  -18.665  -13.160  0.827 0.0000000000
26260  -18.285  -13.506  0.864 0.0000000000
26259  -18.081  -13.518  0.489 0.0000000000
27027  -18.605  -13.191  1.011 0.0000000000
26244  -18.346  -13.452  1.027 0.0000000000
27017  -18.692  -13.156  1.010 0.0000000000
26233  -18.529  -13.395  1.001 0.0000000000
26225  -18.848  -13.273  1.911 0.0000000000
26224  -18.528  -13.670  1.392 0.0000000000
26999  -19.011  -13.176  2.064 0.0000000000
26215  -18.802  -13.389  1.987 0.0000000000
26989  -19.002  -13.069  2.399 0.0000000000
25673  -21.813  -14.029  -4.332 0.0000000000
25669  -21.440  -13.956  -4.071 0.0000000000
26394  -21.294  -13.833  -3.726 0.0000000000
25664  -21.347  -13.902  -3.960 0.0000000000
26393  -21.027  -13.858  -3.774 0.0000000000
25663  -21.105  -13.992  -3.982 0.0000000000
26392  -20.964  -13.971  -3.796 0.0000000000
25662  -20.986  -14.020  -3.899 0.0000000000
25652  -20.849  -14.006  -3.712 0.0000000000
25661  -20.759  -14.032  -3.717 0.0000000000
25651  -20.420  -13.988  -3.622 0.0000000000
25650  -19.940  -13.994  -3.526 0.0000000000
25649  -19.737  -13.990  -3.443 0.0000000000
26374  -19.081  -13.686  -3.126 0.0000000000
25648  -19.127  -13.948  -3.284 0.0000000000
25640  -18.880  -13.864  -3.073 0.0000000000
25639  -18.953  -13.892  -3.090 0.0000000000
26363  -18.560  -13.705  -3.080 0.0000000000
25638  -18.691  -13.949  -3.003 0.0000000000
25630  -18.533  -13.993  -2.908 0.0000000000
26354  -18.068  -13.853  -2.523 0.0000000000
25629  -18.121  -13.926  -2.642 0.0000000000
25621  -17.986  -13.984  -2.511 0.0000000000
26346  -17.828  -13.644  -2.244 0.0000000000
25620  -17.973  -14.002  -2.427 0.0000000000
26280  -17.114  -13.503  -0.010 0.0000000000
26258  -17.976  -13.564  0.389 0.0000000000
26243  -18.043  -13.725  0.975 0.0000000000
26242  -18.011  -13.637  0.852 0.0000000000
26232  -18.079  -13.749  1.037 0.0000000000
25527  -17.999  -13.716  0.982 0.0000000000
25512  -18.128  -13.792  1.152 0.0000000000
25712  -22.139  -14.048  -5.486 0.0000000000
25004  -21.921  -14.006  -5.314 0.0000000000
25687  -21.936  -13.904  -5.028 0.0000000000
24992  -21.855  -13.990  -5.089 0.0000000000
25677  -21.837  -13.966  -4.904 0.0000000000
24991  -21.681  -14.332  -5.012 0.0000000000
24986  -21.713  -14.162  -4.870 0.0000000000
25672  -21.286  -14.013  -4.240 0.0000000000
24980  -21.602  -14.008  -4.539 0.0000000000
25668  -21.152  -14.009  -4.028 0.0000000000
24979  -21.130  -14.163  -4.134 0.0000000000
25667  -21.009  -14.030  -3.971 0.0000000000
24976  -21.009  -14.115  -4.012 0.0000000000
24975  -20.896  -14.144  -4.008 0.0000000000
24970  -20.992  -14.101  -3.941 0.0000000000
25660  -20.216  -14.006  -3.632 0.0000000000
24969  -20.433  -14.143  -3.744 0.0000000000
25659  -20.075  -14.021  -3.570 0.0000000000
24968  -20.064  -14.311  -3.733 0.0000000000
24967  -19.944  -14.227  -3.647 0.0000000000
24957  -19.870  -14.022  -3.463 0.0000000000
24956  -19.395  -14.043  -3.323 0.0000000000
25647  -19.003  -13.978  -3.293 0.0000000000
24955  -18.996  -14.141  -3.289 0.0000000000
24954  -18.906  -14.137  -3.299 0.0000000000
24947  -18.691  -14.086  -3.006 0.0000000000
24946  -18.080  -14.203  -2.998 0.0000000000
24937  -18.301  -14.119  -2.690 0.0000000000
25628  -18.124  -14.032  -2.579 0.0000000000
24936  -18.091  -14.240  -2.682 0.0000000000
25003  -21.926  -14.045  -5.121 0.0000000000
24281  -21.521  -14.456  -5.003 0.0000000000
24286  -21.746  -14.859  -4.990 0.0000000000
24985  -21.524  -14.427  -4.668 0.0000000000
24280  -21.320  -14.820  -4.966 0.0000000000
24274  -21.160  -14.413  -4.480 0.0000000000
24978  -20.989  -14.217  -4.162 0.0000000000
24273  -20.984  -14.683  -4.571 0.0000000000
24270  -20.970  -14.251  -4.080 0.0000000000
24974  -20.735  -14.305  -4.000 0.0000000000
24269  -20.764  -14.599  -4.115 0.0000000000
24973  -20.155  -14.287  -3.926 0.0000000000
24268  -20.046  -14.811  -4.014 0.0000000000
24263  -19.990  -14.669  -3.901 0.0000000000
24262  -19.972  -14.762  -3.904 0.0000000000
24966  -19.767  -14.118  -3.587 0.0000000000
24261  -19.809  -14.809  -3.811 0.0000000000
24965  -19.057  -14.234  -3.368 0.0000000000
24260  -19.101  -14.928  -3.604 0.0000000000
24252  -19.061  -14.710  -3.409 0.0000000000
24251  -18.965  -14.654  -3.228 0.0000000000
24953  -18.396  -14.257  -3.113 0.0000000000
24250  -18.587  -14.657  -3.296 0.0000000000
24243  -18.141  -14.665  -3.090 0.0000000000
24945  -18.135  -14.430  -2.851 0.0000000000
24242  -18.002  -14.861  -3.008 0.0000000000
29267  -19.783  -12.066  0.003 0.0000000000
28567  -19.377  -12.399  -0.021 0.0000000000
28571  -19.134  -12.462  -0.507 0.0000000000
29271  -19.805  -12.070  -0.107 0.0000000000
28572  -19.754  -12.437  -0.249 0.0000000000
28582  -19.024  -12.467  -0.940 0.0000000000
29276  -19.674  -12.170  -0.610 0.0000000000
29275  -19.393  -12.133  -0.761 0.0000000000
29285  -19.170  -12.282  -0.988 0.0000000000
28592  -18.990  -12.487  -1.070 0.0000000000
29299  -19.169  -12.245  -1.013 0.0000000000
28601  -19.023  -12.485  -1.608 0.0000000000
29312  -19.163  -12.309  -1.235 0.0000000000
28611  -18.989  -12.528  -2.006 0.0000000000
29325  -19.122  -12.114  -2.000 0.0000000000
29341  -19.166  -12.318  -2.066 0.0000000000
28624  -19.185  -12.439  -2.266 0.0000000000
29342  -19.477  -12.130  -2.032 0.0000000000
29361  -19.697  -12.005  -2.236 0.0000000000
29362  -20.002  -12.118  -2.451 0.0000000000
28641  -20.213  -12.352  -2.673 0.0000000000
29363  -20.045  -12.018  -2.361 0.0000000000
28642  -20.929  -12.226  -2.689 0.0000000000
29364  -20.514  -12.007  -2.474 0.0000000000
28643  -21.014  -12.271  -2.629 0.0000000000
29365  -20.944  -11.970  -2.456 0.0000000000
29366  -21.019  -12.033  -2.370 0.0000000000
29268  -19.857  -11.960  0.096 0.0000000000
29987  -19.935  -11.866  0.285 0.0000000000
29272  -19.904  -11.958  -0.009 0.0000000000
29999  -19.942  -11.788  -0.095 0.0000000000
29277  -19.909  -11.980  -0.392 0.0000000000
29286  -19.504  -12.123  -0.969 0.0000000000
29287  -19.846  -11.990  -0.872 0.0000000000
30013  -19.948  -11.854  -0.638 0.0000000000
29300  -19.537  -12.008  -1.003 0.0000000000
30028  -19.961  -11.854  -1.031 0.0000000000
29301  -19.812  -11.983  -1.098 0.0000000000
29313  -19.167  -11.985  -1.635 0.0000000000
30044  -19.639  -11.850  -1.357 0.0000000000
30045  -19.884  -11.692  -1.210 0.0000000000
30062  -19.624  -11.905  -1.862 0.0000000000
29326  -19.425  -12.052  -1.999 0.0000000000
30077  -19.753  -11.968  -2.021 0.0000000000
29327  -19.712  -11.997  -2.005 0.0000000000
29343  -19.837  -12.061  -2.122 0.0000000000
30078  -19.829  -11.914  -2.023 0.0000000000
30084  -21.909  -11.995  -1.883 0.0000000000
29328  -21.820  -12.025  -1.987 0.0000000000
30083  -21.658  -11.898  -2.015 0.0000000000
30093  -19.902  -11.966  -2.170 0.0000000000
29344  -20.011  -11.994  -2.268 0.0000000000
30094  -19.988  -11.898  -2.230 0.0000000000
30098  -21.647  -11.701  -2.044 0.0000000000
29346  -21.084  -11.945  -2.294 0.0000000000
30097  -21.253  -11.800  -2.169 0.0000000000
30111  -20.036  -11.980  -2.435 0.0000000000
30112  -20.270  -11.885  -2.609 0.0000000000
30113  -20.680  -11.779  -2.609 0.0000000000
29345  -21.022  -12.000  -2.530 0.0000000000
30096  -20.985  -11.676  -2.389 0.0000000000
29988  -20.000  -11.808  0.004 0.0000000000
30745  -20.123  -11.459  0.111 0.0000000000
30000  -19.992  -11.816  -0.115 0.0000000000
30755  -20.283  -11.535  0.000 0.0000000000
30014  -20.047  -11.823  -0.473 0.0000000000
30769  -20.252  -11.596  -0.196 0.0000000000
30029  -20.035  -11.795  -1.007 0.0000000000
30787  -20.399  -11.527  -0.805 0.0000000000
30046  -20.026  -11.795  -1.145 0.0000000000
30805  -20.410  -11.419  -1.121 0.0000000000
30063  -19.819  -11.776  -1.665 0.0000000000
30064  -19.982  -11.773  -1.506 0.0000000000
30823  -20.132  -11.519  -1.622 0.0000000000
30047  -22.013  -11.721  -1.277 0.0000000000
30079  -20.001  -11.786  -2.007 0.0000000000
30065  -21.925  -11.918  -1.836 0.0000000000
30838  -20.171  -11.675  -1.998 0.0000000000
30095  -20.496  -11.715  -2.238 0.0000000000
30080  -20.505  -11.596  -1.992 0.0000000000
30839  -20.642  -11.364  -1.988 0.0000000000
30842  -21.238  -11.623  -1.881 0.0000000000
30082  -21.214  -11.720  -2.019 0.0000000000
30841  -21.057  -11.570  -1.935 0.0000000000
30852  -20.886  -11.462  -2.115 0.0000000000
30081  -20.972  -11.724  -2.037 0.0000000000
30853  -21.014  -11.569  -2.107 0.0000000000
30734  -20.634  -11.416  0.568 0.0000000000
30735  -20.924  -11.419  0.484 0.0000000000
30736  -20.995  -11.352  0.412 0.0000000000
30737  -21.711  -11.279  0.107 0.0000000000
30746  -20.711  -11.424  -0.000 0.0000000000
30747  -20.905  -11.422  0.100 0.0000000000
30748  -21.119  -11.422  0.051 0.0000000000
30749  -21.486  -11.425  0.049 0.0000000000
30756  -20.760  -11.426  0.006 0.0000000000
30757  -20.963  -11.411  -0.021 0.0000000000
30758  -21.018  -11.376  -0.047 0.0000000000
30759  -21.413  -11.369  -0.011 0.0000000000
30770  -20.855  -11.431  -0.460 0.0000000000
30771  -20.971  -11.375  -0.518 0.0000000000
30772  -21.012  -11.395  -0.463 0.0000000000
30773  -21.452  -11.113  -0.391 0.0000000000
30788  -20.859  -11.426  -0.959 0.0000000000
30789  -21.001  -11.408  -0.969 0.0000000000
30790  -21.074  -11.182  -0.928 0.0000000000
30791  -21.704  -11.374  -0.996 0.0000000000
30806  -20.922  -11.454  -1.080 0.0000000000
30807  -21.012  -11.405  -1.071 0.0000000000
30808  -21.322  -11.417  -0.998 0.0000000000
30809  -21.747  -11.474  -1.009 0.0000000000
30824  -20.687  -11.429  -1.545 0.0000000000
30825  -21.012  -11.409  -1.474 0.0000000000
30826  -21.065  -11.445  -1.416 0.0000000000
30827  -21.711  -11.472  -1.172 0.0000000000
30840  -20.975  -11.546  -1.986 0.0000000000
33349  -22.991  -9.965  2.019 0.0000000000
27327  -16.549  -12.906  -9.754 0.0000000000
26547  -16.359  -13.556  -9.737 0.0000000000
27326  -16.073  -13.062  -9.523 0.0000000000
26555  -16.930  -13.635  -9.989 0.0000000000
27334  -16.813  -13.016  -9.980 0.0000000000
28081  -16.197  -12.984  -9.685 0.0000000000
28082  -16.614  -12.993  -9.854 0.0000000000
26556  -16.944  -13.524  -10.029 0.0000000000
27335  -17.013  -13.123  -9.972 0.0000000000
28090  -16.695  -13.017  -10.045 0.0000000000
26564  -17.048  -13.543  -10.133 0.0000000000
27342  -17.009  -13.008  -10.116 0.0000000000
28091  -17.004  -12.935  -10.015 0.0000000000
27349  -17.001  -13.097  -10.257 0.0000000000
28099  -17.006  -12.873  -10.167 0.0000000000
27343  -17.060  -13.070  -10.274 0.0000000000
27350  -17.269  -12.980  -10.860 0.0000000000
28100  -17.156  -12.981  -10.455 0.0000000000
26571  -17.077  -13.541  -10.660 0.0000000000
26572  -17.431  -13.577  -10.999 0.0000000000
27359  -17.646  -13.029  -11.008 0.0000000000
28107  -17.595  -12.945  -11.005 0.0000000000
26579  -17.504  -13.511  -11.119 0.0000000000
27360  -17.807  -13.108  -11.004 0.0000000000
28121  -17.805  -12.987  -11.073 0.0000000000
26580  -17.756  -13.298  -11.209 0.0000000000
27370  -17.974  -13.039  -11.299 0.0000000000
28122  -17.988  -13.006  -10.985 0.0000000000
27371  -18.010  -13.110  -11.282 0.0000000000
27361  -18.032  -12.990  -11.048 0.0000000000
28123  -18.156  -12.965  -11.006 0.0000000000
27372  -18.151  -13.083  -11.169 0.0000000000
27362  -18.427  -13.027  -11.078 0.0000000000
28124  -18.589  -12.950  -11.044 0.0000000000
27373  -18.748  -13.042  -11.256 0.0000000000
27363  -18.818  -12.993  -11.144 0.0000000000
27364  -19.158  -13.059  -10.985 0.0000000000
26581  -19.007  -13.192  -11.069 0.0000000000
28125  -18.963  -12.973  -11.050 0.0000000000
26589  -17.721  -13.618  -11.482 0.0000000000
26590  -17.996  -13.479  -11.590 0.0000000000
26591  -18.425  -13.615  -11.802 0.0000000000
26592  -18.990  -13.631  -11.488 0.0000000000
28080  -16.018  -12.962  -9.661 0.0000000000
28826  -16.006  -12.393  -9.540 0.0000000000
28827  -16.291  -12.538  -9.539 0.0000000000
28828  -16.986  -12.653  -9.962 0.0000000000
28836  -16.919  -12.557  -10.065 0.0000000000
28837  -17.040  -12.543  -10.047 0.0000000000
28845  -17.006  -12.421  -10.248 0.0000000000
28846  -17.789  -12.183  -10.576 0.0000000000
28854  -17.914  -12.802  -10.900 0.0000000000
28108  -17.914  -12.864  -10.987 0.0000000000
28855  -17.996  -12.477  -10.861 0.0000000000
28109  -17.994  -12.873  -11.026 0.0000000000
28856  -18.015  -12.438  -10.777 0.0000000000
28110  -18.258  -12.887  -11.012 0.0000000000
28857  -18.585  -12.463  -10.747 0.0000000000
28111  -18.846  -12.885  -10.975 0.0000000000
28858  -19.000  -12.409  -10.737 0.0000000000
28112  -19.053  -12.966  -10.946 0.0000000000
28126  -18.861  -13.142  -10.991 0.0000000000
27351  -18.984  -13.030  -10.955 0.0000000000
28825  -15.900  -12.483  -9.576 0.0000000000
28812  -16.011  -11.945  -9.543 0.0000000000
28813  -16.032  -12.072  -9.511 0.0000000000
29546  -16.112  -12.089  -9.561 0.0000000000
29547  -16.101  -12.112  -9.638 0.0000000000
29548  -16.957  -12.031  -9.595 0.0000000000
29557  -16.973  -12.140  -9.957 0.0000000000
29558  -16.983  -12.178  -10.005 0.0000000000
29567  -16.991  -12.061  -10.055 0.0000000000
29568  -17.345  -12.006  -10.167 0.0000000000
28847  -18.004  -12.085  -10.587 0.0000000000
29569  -17.821  -11.994  -10.392 0.0000000000
29581  -18.010  -12.123  -10.539 0.0000000000
29582  -18.015  -12.133  -10.493 0.0000000000
29583  -18.406  -12.066  -10.468 0.0000000000
29584  -18.843  -12.090  -10.489 0.0000000000
29532  -16.020  -11.950  -9.467 0.0000000000
30269  -16.040  -11.845  -9.500 0.0000000000
30285  -16.141  -11.972  -9.623 0.0000000000
30286  -16.478  -11.838  -9.870 0.0000000000
30287  -16.902  -11.968  -9.870 0.0000000000
30298  -16.974  -12.024  -9.994 0.0000000000
30299  -16.993  -11.992  -10.008 0.0000000000
29559  -17.062  -11.986  -10.013 0.0000000000
30300  -17.450  -11.838  -10.179 0.0000000000
30312  -17.557  -11.916  -10.337 0.0000000000
30313  -17.777  -11.881  -10.337 0.0000000000
29570  -17.998  -11.987  -10.435 0.0000000000
30314  -17.989  -11.928  -10.368 0.0000000000
29571  -18.051  -12.008  -10.424 0.0000000000
30315  -18.338  -11.881  -10.317 0.0000000000
29572  -18.606  -11.985  -10.444 0.0000000000
30268  -15.983  -11.793  -9.331 0.0000000000
31046  -16.028  -11.337  -9.294 0.0000000000
30270  -16.407  -11.623  -9.529 0.0000000000
31047  -16.427  -11.203  -9.161 0.0000000000
31064  -16.482  -11.272  -9.782 0.0000000000
31065  -16.923  -11.303  -9.762 0.0000000000
30288  -16.966  -11.910  -9.962 0.0000000000
31066  -17.039  -11.571  -9.765 0.0000000000
31082  -17.004  -11.879  -10.006 0.0000000000
31083  -17.213  -11.848  -10.026 0.0000000000
30301  -17.873  -11.766  -10.180 0.0000000000
31084  -17.897  -11.581  -10.014 0.0000000000
30302  -18.002  -11.897  -10.030 0.0000000000
31085  -17.970  -11.584  -9.998 0.0000000000
30303  -18.609  -11.720  -10.128 0.0000000000
31086  -18.157  -11.610  -10.000 0.0000000000
31045  -15.948  -11.328  -9.245 0.0000000000
31690  -16.005  -11.001  -9.290 0.0000000000
31691  -16.254  -10.988  -9.306 0.0000000000
31048  -16.720  -11.017  -9.398 0.0000000000
31692  -16.808  -10.982  -9.376 0.0000000000
31714  -16.995  -10.996  -9.503 0.0000000000
31715  -16.986  -11.115  -9.531 0.0000000000
31067  -17.552  -11.351  -9.815 0.0000000000
31716  -17.289  -11.094  -9.530 0.0000000000
31068  -17.956  -11.398  -9.826 0.0000000000
31717  -17.816  -11.074  -9.489 0.0000000000
31069  -18.080  -11.368  -9.825 0.0000000000
31718  -17.986  -11.051  -9.525 0.0000000000
31689  -15.815  -11.019  -9.319 0.0000000000
32341  -16.004  -10.884  -9.264 0.0000000000
32342  -15.994  -10.942  -9.394 0.0000000000
32343  -16.574  -10.763  -9.348 0.0000000000
31693  -16.963  -10.958  -9.406 0.0000000000
32344  -16.971  -10.941  -9.342 0.0000000000
31694  -17.498  -10.974  -9.353 0.0000000000
32345  -17.112  -10.878  -9.285 0.0000000000
31695  -17.923  -10.973  -9.357 0.0000000000
32346  -17.699  -10.912  -9.129 0.0000000000
32340  -15.709  -10.916  -9.316 0.0000000000
33005  -15.904  -10.426  -9.320 0.0000000000
33006  -16.031  -10.278  -9.265 0.0000000000
33007  -16.100  -10.154  -9.322 0.0000000000
32328  -16.811  -10.645  -9.030 0.0000000000
32329  -16.998  -10.557  -9.101 0.0000000000
33008  -16.520  -10.236  -9.524 0.0000000000
32330  -17.032  -10.596  -8.975 0.0000000000
32331  -17.422  -10.387  -8.980 0.0000000000
33004  -15.407  -10.455  -9.361 0.0000000000
33679  -15.390  -10.005  -9.198 0.0000000000
33680  -15.918  -9.963  -9.256 0.0000000000
33681  -16.012  -10.013  -9.211 0.0000000000
32991  -16.292  -9.981  -9.070 0.0000000000
32992  -16.654  -10.163  -9.054 0.0000000000
33664  -16.330  -9.978  -9.020 0.0000000000
33682  -16.042  -9.970  -9.220 0.0000000000
33665  -16.817  -9.995  -8.969 0.0000000000
33663  -15.992  -10.021  -9.047 0.0000000000
34321  -16.047  -9.812  -9.000 0.0000000000
34322  -16.716  -9.700  -8.960 0.0000000000
32993  -16.963  -10.221  -8.968 0.0000000000
33666  -16.997  -10.015  -8.959 0.0000000000
34323  -16.990  -9.759  -8.972 0.0000000000
33023  -15.022  -10.243  -9.727 0.0000000000
33695  -15.079  -9.990  -9.682 0.0000000000
34337  -15.332  -9.879  -9.384 0.0000000000
34338  -15.970  -9.593  -9.106 0.0000000000
34339  -16.006  -9.971  -9.172 0.0000000000
33694  -14.996  -9.997  -9.760 0.0000000000
34349  -15.010  -9.709  -9.742 0.0000000000
34320  -15.981  -9.566  -9.026 0.0000000000
35020  -15.991  -9.235  -8.977 0.0000000000
35021  -16.451  -9.182  -8.972 0.0000000000
35022  -16.946  -9.285  -8.992 0.0000000000
35036  -15.659  -9.216  -9.134 0.0000000000
35035  -15.197  -9.190  -9.598 0.0000000000
35019  -15.877  -9.197  -8.988 0.0000000000
34348  -15.008  -9.560  -9.988 0.0000000000
35047  -14.988  -9.289  -9.773 0.0000000000
35760  -16.002  -9.036  -8.995 0.0000000000
35759  -15.895  -9.023  -9.021 0.0000000000
35774  -15.754  -9.004  -9.149 0.0000000000
35761  -16.138  -8.992  -8.979 0.0000000000
35762  -16.580  -9.017  -8.964 0.0000000000
35773  -15.348  -9.005  -9.386 0.0000000000
35785  -15.028  -8.999  -9.733 0.0000000000
35046  -14.943  -8.983  -9.864 0.0000000000
35775  -15.948  -8.943  -9.097 0.0000000000
36509  -15.995  -8.970  -9.050 0.0000000000
36510  -16.235  -8.963  -9.022 0.0000000000
36520  -15.571  -8.994  -9.310 0.0000000000
36521  -15.980  -8.723  -9.214 0.0000000000
36522  -16.022  -8.477  -9.306 0.0000000000
35784  -14.968  -9.007  -9.780 0.0000000000
36532  -15.037  -8.576  -9.714 0.0000000000
36531  -14.971  -8.580  -9.801 0.0000000000
36533  -15.788  -8.386  -9.343 0.0000000000
37311  -15.994  -8.226  -9.419 0.0000000000
37310  -15.990  -8.152  -9.391 0.0000000000
35795  -14.888  -8.900  -9.922 0.0000000000
36545  -14.920  -8.605  -9.887 0.0000000000
37322  -15.214  -8.051  -9.926 0.0000000000
37321  -15.157  -8.342  -9.929 0.0000000000
37338  -14.997  -8.299  -9.976 0.0000000000
37323  -15.784  -8.019  -9.645 0.0000000000
36544  -14.812  -8.601  -9.992 0.0000000000
37324  -16.004  -8.009  -9.478 0.0000000000
37339  -15.147  -8.094  -10.009 0.0000000000
38151  -15.613  -7.800  -9.827 0.0000000000
38150  -15.270  -8.006  -9.987 0.0000000000
38152  -15.979  -8.008  -9.594 0.0000000000
37337  -14.980  -8.180  -9.949 0.0000000000
37352  -14.806  -8.216  -10.009 0.0000000000
37353  -14.951  -7.992  -10.067 0.0000000000
38166  -15.035  -8.053  -10.113 0.0000000000
38167  -15.237  -7.918  -10.048 0.0000000000
38168  -15.638  -7.986  -9.985 0.0000000000
35794  -14.794  -8.892  -10.017 0.0000000000
35803  -14.596  -9.014  -10.128 0.0000000000
36557  -14.488  -8.645  -10.191 0.0000000000
35054  -14.774  -9.067  -9.987 0.0000000000
35065  -14.412  -9.336  -10.132 0.0000000000
35064  -14.052  -9.017  -10.584 0.0000000000
35802  -14.368  -8.990  -10.396 0.0000000000
36556  -14.233  -8.975  -10.708 0.0000000000
35818  -14.192  -9.013  -10.889 0.0000000000
35055  -14.969  -9.409  -10.055 0.0000000000
34357  -14.592  -9.643  -9.999 0.0000000000
34370  -14.288  -9.869  -10.052 0.0000000000
34369  -14.016  -9.695  -10.663 0.0000000000
35078  -14.084  -9.253  -10.967 0.0000000000
34358  -14.922  -9.782  -9.938 0.0000000000
34356  -14.239  -9.970  -10.113 0.0000000000
33719  -14.219  -9.999  -10.523 0.0000000000
33726  -14.203  -9.984  -10.945 0.0000000000
34379  -14.196  -9.720  -10.970 0.0000000000
33708  -14.997  -10.020  -9.982 0.0000000000
33707  -14.868  -10.000  -9.969 0.0000000000
33706  -14.431  -9.990  -10.005 0.0000000000
33051  -14.182  -10.317  -10.925 0.0000000000
33058  -14.244  -10.308  -11.002 0.0000000000
33733  -14.283  -9.986  -10.999 0.0000000000
33046  -14.236  -10.393  -10.371 0.0000000000
33037  -14.930  -10.014  -9.876 0.0000000000
33036  -14.691  -10.275  -9.973 0.0000000000
33035  -14.399  -10.350  -10.019 0.0000000000
33022  -14.881  -10.359  -9.670 0.0000000000
32399  -14.209  -10.808  -11.000 0.0000000000
32406  -14.199  -10.826  -11.170 0.0000000000
33068  -14.362  -10.338  -11.263 0.0000000000
32392  -14.229  -10.834  -10.712 0.0000000000
32385  -14.201  -10.964  -10.128 0.0000000000
33021  -14.656  -10.620  -9.749 0.0000000000
32377  -14.352  -10.750  -9.910 0.0000000000
32376  -14.386  -10.989  -10.080 0.0000000000
32339  -15.239  -10.725  -9.567 0.0000000000
32364  -14.998  -10.925  -9.674 0.0000000000
32363  -14.838  -10.829  -9.520 0.0000000000
32362  -14.553  -10.946  -9.733 0.0000000000
32994  -17.243  -10.212  -8.953 0.0000000000
31753  -14.358  -10.996  -10.983 0.0000000000
31762  -14.188  -11.071  -11.415 0.0000000000
31773  -14.062  -10.976  -11.411 0.0000000000
32417  -14.220  -10.605  -11.615 0.0000000000
31746  -14.171  -10.985  -10.977 0.0000000000
31739  -14.238  -11.013  -10.311 0.0000000000
31730  -14.419  -11.071  -10.001 0.0000000000
31711  -14.616  -10.989  -9.816 0.0000000000
31731  -14.383  -11.040  -9.976 0.0000000000
31688  -15.220  -10.987  -9.552 0.0000000000
31713  -14.997  -11.008  -9.663 0.0000000000
31712  -14.908  -10.997  -9.505 0.0000000000
31110  -14.262  -11.377  -11.144 0.0000000000
31120  -14.148  -11.347  -11.368 0.0000000000
31119  -14.000  -11.314  -11.467 0.0000000000
31761  -14.073  -11.032  -11.645 0.0000000000
31772  -13.970  -11.050  -11.726 0.0000000000
31103  -14.166  -11.424  -10.995 0.0000000000
31095  -14.242  -11.368  -10.608 0.0000000000
31080  -14.264  -11.358  -10.169 0.0000000000
31060  -14.693  -11.299  -9.759 0.0000000000
31081  -14.315  -11.403  -9.987 0.0000000000
31062  -15.006  -11.381  -9.672 0.0000000000
31061  -15.005  -11.302  -9.513 0.0000000000
31044  -15.423  -11.187  -9.347 0.0000000000
30344  -14.230  -11.788  -11.297 0.0000000000
30334  -14.051  -11.976  -11.002 0.0000000000
30324  -14.239  -11.772  -10.934 0.0000000000
30311  -14.256  -11.736  -10.416 0.0000000000
30297  -14.361  -11.895  -9.911 0.0000000000
30296  -14.385  -11.940  -10.000 0.0000000000
30283  -15.273  -11.893  -9.699 0.0000000000
30282  -14.959  -11.902  -9.680 0.0000000000
31063  -15.601  -11.568  -9.574 0.0000000000
30281  -14.748  -11.778  -9.673 0.0000000000
29580  -14.250  -11.998  -10.752 0.0000000000
29566  -14.343  -11.996  -10.148 0.0000000000
29556  -14.543  -12.066  -9.912 0.0000000000
29555  -14.334  -12.013  -9.910 0.0000000000
29544  -15.073  -12.015  -9.675 0.0000000000
29545  -15.680  -12.038  -9.511 0.0000000000
30284  -15.676  -11.943  -9.620 0.0000000000
29543  -15.001  -11.991  -9.535 0.0000000000
29542  -14.776  -12.004  -9.637 0.0000000000
29531  -15.960  -11.983  -9.475 0.0000000000
28844  -14.342  -12.400  -10.344 0.0000000000
28853  -14.198  -12.381  -10.765 0.0000000000
29595  -14.016  -12.085  -10.965 0.0000000000
28834  -14.173  -12.365  -9.950 0.0000000000
28822  -14.709  -12.411  -9.700 0.0000000000
28835  -14.453  -12.301  -9.888 0.0000000000
28824  -15.396  -12.508  -9.655 0.0000000000
28823  -14.992  -12.457  -9.651 0.0000000000
28098  -14.253  -12.845  -10.041 0.0000000000
28843  -14.005  -12.633  -10.428 0.0000000000
28089  -14.502  -12.594  -9.952 0.0000000000
28088  -14.308  -12.943  -9.848 0.0000000000
28079  -15.660  -12.936  -9.648 0.0000000000
28078  -15.185  -12.918  -9.658 0.0000000000
28077  -14.991  -12.899  -9.598 0.0000000000
28076  -14.655  -12.936  -9.776 0.0000000000
27341  -14.227  -13.098  -10.144 0.0000000000
28097  -14.021  -12.994  -10.376 0.0000000000
28075  -14.424  -13.011  -9.928 0.0000000000
27333  -14.174  -13.104  -9.994 0.0000000000
27325  -15.993  -13.091  -9.671 0.0000000000
27324  -15.580  -13.101  -9.670 0.0000000000
27323  -15.037  -13.014  -9.542 0.0000000000
27322  -14.980  -13.079  -9.636 0.0000000000
27321  -14.680  -13.131  -9.627 0.0000000000
27320  -14.260  -13.203  -9.838 0.0000000000
26540  -14.186  -13.568  -9.977 0.0000000000
26554  -14.001  -13.556  -9.996 0.0000000000
26546  -16.013  -13.682  -9.644 0.0000000000
26545  -16.014  -13.605  -9.942 0.0000000000
26544  -15.380  -13.595  -9.658 0.0000000000
26543  -15.049  -13.688  -9.634 0.0000000000
26542  -14.957  -13.615  -9.642 0.0000000000
26541  -14.394  -13.538  -9.696 0.0000000000
26593  -19.062  -13.563  -11.266 0.0000000000
25855  -18.987  -13.899  -11.594 0.0000000000
25865  -18.992  -13.920  -11.711 0.0000000000
26603  -18.679  -13.951  -11.851 0.0000000000
26602  -18.198  -13.910  -11.827 0.0000000000
26601  -17.988  -13.833  -11.681 0.0000000000
25854  -17.774  -13.992  -11.651 0.0000000000
25853  -17.402  -13.991  -11.282 0.0000000000
26588  -17.408  -13.790  -11.182 0.0000000000
26600  -17.965  -13.875  -11.714 0.0000000000
25850  -17.180  -13.987  -11.009 0.0000000000
26582  -19.164  -13.167  -10.989 0.0000000000
25843  -17.381  -13.830  -11.025 0.0000000000
25842  -17.200  -13.989  -10.906 0.0000000000
25833  -17.057  -13.988  -10.527 0.0000000000
25825  -16.998  -13.914  -10.125 0.0000000000
25824  -16.968  -14.018  -10.009 0.0000000000
25816  -16.793  -13.990  -9.791 0.0000000000
25815  -16.215  -14.003  -9.672 0.0000000000
25814  -16.012  -13.988  -9.699 0.0000000000
25813  -15.770  -13.943  -9.742 0.0000000000
25812  -15.209  -13.987  -9.576 0.0000000000
25811  -15.064  -13.980  -9.539 0.0000000000
25810  -14.785  -13.997  -9.713 0.0000000000
25809  -14.208  -13.958  -9.927 0.0000000000
25161  -18.864  -14.059  -11.779 0.0000000000
25864  -18.508  -13.989  -11.783 0.0000000000
25162  -18.981  -14.038  -11.788 0.0000000000
25866  -19.041  -14.009  -11.740 0.0000000000
25160  -18.127  -14.007  -11.784 0.0000000000
25863  -18.023  -13.967  -11.822 0.0000000000
25159  -18.002  -14.088  -11.870 0.0000000000
25862  -17.995  -14.019  -11.763 0.0000000000
25158  -17.885  -14.225  -11.893 0.0000000000
25856  -19.228  -13.921  -11.625 0.0000000000
25153  -17.650  -14.047  -11.566 0.0000000000
25152  -17.262  -14.093  -11.114 0.0000000000
25149  -17.199  -14.103  -11.050 0.0000000000
25849  -17.050  -14.002  -10.999 0.0000000000
25148  -17.078  -14.162  -10.927 0.0000000000
25143  -17.060  -14.049  -10.787 0.0000000000
25135  -17.017  -14.062  -10.288 0.0000000000
25126  -16.862  -14.005  -10.095 0.0000000000
24450  -19.120  -14.514  -11.877 0.0000000000
24449  -19.007  -14.493  -11.935 0.0000000000
25163  -19.268  -13.994  -11.821 0.0000000000
25169  -18.755  -14.508  -12.041 0.0000000000
25168  -18.309  -14.422  -12.014 0.0000000000
25167  -18.065  -14.367  -11.998 0.0000000000
25166  -17.921  -14.298  -12.031 0.0000000000
24451  -19.434  -14.500  -11.832 0.0000000000
23733  -19.131  -14.848  -12.023 0.0000000000
24458  -18.984  -14.743  -11.931 0.0000000000
24457  -18.873  -14.832  -12.030 0.0000000000
23734  -19.513  -14.970  -11.874 0.0000000000
23020  -19.169  -15.145  -12.013 0.0000000000
23028  -18.933  -15.021  -12.061 0.0000000000
23741  -19.031  -14.911  -11.944 0.0000000000
22304  -19.018  -15.329  -12.102 0.0000000000
23027  -18.913  -15.093  -11.998 0.0000000000
23740  -18.989  -15.067  -12.026 0.0000000000
22303  -18.958  -15.625  -12.073 0.0000000000
23026  -18.489  -15.226  -12.231 0.0000000000
23739  -18.591  -14.987  -12.057 0.0000000000
22298  -19.213  -15.339  -11.933 0.0000000000
22297  -19.020  -15.695  -11.868 0.0000000000
23021  -19.632  -15.009  -11.977 0.0000000000
22292  -19.450  -15.895  -11.196 0.0000000000
23015  -19.862  -15.151  -11.574 0.0000000000
22291  -19.229  -16.085  -11.547 0.0000000000
21566  -18.979  -16.009  -11.660 0.0000000000
22296  -18.859  -15.849  -11.893 0.0000000000
22287  -19.499  -15.828  -11.004 0.0000000000
21562  -19.384  -15.993  -11.241 0.0000000000
22288  -19.770  -15.612  -11.028 0.0000000000
22293  -19.944  -15.364  -11.096 0.0000000000
21561  -19.183  -16.110  -11.398 0.0000000000
22284  -19.929  -15.424  -10.900 0.0000000000
22283  -19.598  -15.803  -10.992 0.0000000000
23008  -20.093  -15.276  -10.883 0.0000000000
23012  -20.047  -15.290  -11.073 0.0000000000
21558  -19.394  -16.009  -10.991 0.0000000000
22278  -19.860  -15.562  -10.551 0.0000000000
22277  -19.585  -15.448  -10.434 0.0000000000
23001  -20.051  -15.142  -10.394 0.0000000000
21555  -19.362  -16.001  -10.855 0.0000000000
23000  -19.877  -15.151  -10.203 0.0000000000
22276  -19.136  -15.911  -10.223 0.0000000000
21548  -19.302  -16.013  -10.575 0.0000000000
22269  -19.430  -15.444  -10.067 0.0000000000
22268  -19.030  -15.777  -10.010 0.0000000000
22993  -19.725  -15.118  -10.023 0.0000000000
21547  -19.106  -15.938  -10.364 0.0000000000
22992  -19.212  -15.339  -9.975 0.0000000000
22267  -19.005  -15.890  -9.967 0.0000000000
21538  -19.029  -15.889  -10.075 0.0000000000
22259  -19.019  -15.633  -9.855 0.0000000000
22258  -18.900  -15.731  -9.877 0.0000000000
22984  -19.288  -15.275  -9.768 0.0000000000
22983  -18.984  -15.529  -9.566 0.0000000000
21557  -19.202  -16.108  -11.113 0.0000000000
21554  -19.212  -16.101  -10.815 0.0000000000
23016  -20.066  -15.181  -11.364 0.0000000000
22972  -19.006  -15.222  -9.520 0.0000000000
22973  -19.087  -14.990  -9.272 0.0000000000
23692  -19.171  -14.980  -9.508 0.0000000000
22985  -19.652  -15.036  -9.959 0.0000000000
23693  -19.772  -14.911  -9.916 0.0000000000
23702  -19.641  -15.082  -10.026 0.0000000000
22994  -19.835  -15.010  -10.110 0.0000000000
23703  -19.941  -14.999  -9.984 0.0000000000
23712  -20.075  -15.025  -10.305 0.0000000000
23009  -20.200  -15.131  -10.670 0.0000000000
23002  -20.145  -15.062  -10.461 0.0000000000
23713  -20.257  -14.988  -10.469 0.0000000000
23013  -20.209  -15.163  -10.978 0.0000000000
23721  -20.286  -15.018  -10.873 0.0000000000
23017  -20.193  -15.155  -11.174 0.0000000000
23724  -20.338  -14.993  -11.131 0.0000000000
23022  -19.947  -15.005  -11.634 0.0000000000
23729  -20.170  -15.020  -11.329 0.0000000000
23728  -19.972  -15.004  -11.528 0.0000000000
23735  -19.862  -14.993  -11.608 0.0000000000
23682  -19.035  -14.981  -9.406 0.0000000000
24412  -19.067  -14.848  -9.413 0.0000000000
24413  -19.466  -14.847  -9.681 0.0000000000
24445  -20.175  -14.670  -11.373 0.0000000000
24444  -20.010  -14.876  -11.515 0.0000000000
24452  -19.945  -14.641  -11.545 0.0000000000
23738  -18.264  -14.929  -12.137 0.0000000000
24456  -18.498  -14.733  -12.111 0.0000000000
24402  -19.014  -14.644  -9.296 0.0000000000
24403  -19.005  -14.499  -9.334 0.0000000000
24453  -19.982  -14.630  -11.696 0.0000000000
25164  -19.872  -13.988  -11.712 0.0000000000
25165  -20.025  -14.267  -11.643 0.0000000000
24455  -18.150  -14.670  -12.125 0.0000000000
25867  -19.502  -13.971  -11.719 0.0000000000
25868  -19.807  -14.033  -11.539 0.0000000000
24454  -17.903  -14.607  -12.122 0.0000000000
25857  -19.724  -13.953  -11.577 0.0000000000
26594  -19.407  -13.478  -11.034 0.0000000000
24401  -18.748  -14.625  -9.205 0.0000000000
23681  -18.942  -15.004  -9.227 0.0000000000
25102  -18.886  -14.114  -9.200 0.0000000000
25103  -19.001  -14.096  -9.249 0.0000000000
23680  -18.486  -14.952  -9.212 0.0000000000
22971  -18.566  -15.137  -9.266 0.0000000000
22246  -18.818  -15.486  -9.528 0.0000000000
