#!ascii label  , from subject  vox2ras=TkReg
80
3224  -25.790  11.981  13.192 0.0000000000
3208  -25.581  11.775  13.330 0.0000000000
3223  -25.365  11.745  12.815 0.0000000000
3599  -25.834  11.970  13.032 0.0000000000
3607  -25.855  12.146  12.713 0.0000000000
3606  -25.668  12.033  12.663 0.0000000000
3591  -25.812  12.112  13.709 0.0000000000
3600  -25.966  12.085  13.102 0.0000000000
3608  -26.072  12.269  12.867 0.0000000000
3592  -26.030  12.272  13.530 0.0000000000
4021  -26.162  12.373  13.435 0.0000000000
4029  -26.345  12.681  13.203 0.0000000000
3613  -25.522  11.986  12.437 0.0000000000
3614  -25.774  12.133  12.332 0.0000000000
3615  -26.038  12.246  12.291 0.0000000000
4037  -26.333  12.547  12.571 0.0000000000
3238  -25.294  11.685  12.286 0.0000000000
3621  -25.644  12.011  11.843 0.0000000000
3622  -25.865  12.062  11.923 0.0000000000
4045  -26.325  12.277  12.237 0.0000000000
3623  -26.185  12.224  11.760 0.0000000000
3246  -25.538  11.702  11.714 0.0000000000
3247  -26.044  11.842  11.549 0.0000000000
3248  -26.227  12.004  11.463 0.0000000000
3634  -26.310  12.254  11.320 0.0000000000
4057  -26.331  12.520  11.890 0.0000000000
4071  -26.417  12.571  11.589 0.0000000000
3254  -26.196  11.943  11.155 0.0000000000
3647  -26.412  12.277  10.764 0.0000000000
4081  -26.564  12.673  10.872 0.0000000000
3261  -26.147  11.882  10.745 0.0000000000
3268  -26.199  11.937  10.246 0.0000000000
3660  -26.513  12.386  10.144 0.0000000000
3648  -26.727  12.500  10.472 0.0000000000
4082  -26.802  12.788  10.841 0.0000000000
3661  -26.716  12.550  10.295 0.0000000000
4094  -26.888  12.857  10.251 0.0000000000
4020  -26.042  12.611  13.766 0.0000000000
4038  -26.663  12.872  12.737 0.0000000000
4046  -26.585  12.765  12.329 0.0000000000
4058  -26.635  12.799  11.935 0.0000000000
4463  -26.831  13.164  12.401 0.0000000000
4476  -27.000  13.219  11.793 0.0000000000
4072  -26.729  12.882  11.419 0.0000000000
4487  -27.020  13.182  11.186 0.0000000000
4497  -27.045  13.086  10.851 0.0000000000
4083  -27.154  12.974  10.599 0.0000000000
3580  -25.937  12.082  13.957 0.0000000000
3192  -25.612  11.814  13.837 0.0000000000
3590  -25.760  12.131  14.000 0.0000000000
3579  -25.634  12.027  14.185 0.0000000000
4019  -25.739  12.388  14.084 0.0000000000
3174  -25.588  12.022  13.911 0.0000000000
3253  -25.821  11.649  11.081 0.0000000000
3260  -25.962  11.724  10.496 0.0000000000
2825  -25.663  11.406  10.638 0.0000000000
2832  -25.787  11.553  10.246 0.0000000000
3267  -26.142  11.846  10.011 0.0000000000
3252  -25.432  11.414  11.321 0.0000000000
2817  -25.654  11.194  10.914 0.0000000000
2791  -25.103  11.488  12.211 0.0000000000
2806  -25.121  11.295  11.667 0.0000000000
3237  -25.030  11.524  12.659 0.0000000000
2790  -24.911  11.271  12.267 0.0000000000
3222  -24.897  11.435  13.083 0.0000000000
2776  -24.751  11.276  12.846 0.0000000000
3207  -25.094  11.554  13.166 0.0000000000
3206  -24.884  11.488  13.062 0.0000000000
3191  -25.235  11.659  13.673 0.0000000000
3190  -24.807  11.391  13.568 0.0000000000
2764  -24.656  11.238  13.213 0.0000000000
3173  -25.446  11.744  14.040 0.0000000000
3172  -24.826  11.417  14.057 0.0000000000
2735  -24.529  11.212  13.962 0.0000000000
2750  -24.340  11.162  13.707 0.0000000000
3157  -25.235  11.819  14.348 0.0000000000
3156  -25.056  11.756  14.555 0.0000000000
2719  -25.095  11.661  14.051 0.0000000000
2763  -24.284  10.947  13.209 0.0000000000
2775  -24.508  10.920  12.598 0.0000000000
