#!ascii label  , from subject  vox2ras=TkReg
146
21845  -22.801  22.609  24.345 0.0000000000
21844  -22.345  22.658  24.432 0.0000000000
20580  -22.638  22.634  24.745 0.0000000000
20581  -23.050  22.668  24.744 0.0000000000
21846  -23.328  22.620  24.339 0.0000000000
21859  -22.537  22.356  24.063 0.0000000000
21860  -22.912  22.282  24.070 0.0000000000
20582  -23.512  22.749  24.737 0.0000000000
21847  -23.960  22.739  24.459 0.0000000000
21861  -23.665  22.444  24.079 0.0000000000
20583  -23.835  22.841  24.808 0.0000000000
21834  -23.957  23.006  24.975 0.0000000000
21848  -24.343  22.953  24.568 0.0000000000
21862  -24.176  22.627  24.041 0.0000000000
21835  -24.054  23.084  24.993 0.0000000000
23180  -24.309  23.249  24.825 0.0000000000
21863  -24.655  22.866  24.086 0.0000000000
21849  -24.734  22.949  24.252 0.0000000000
23181  -24.599  23.449  24.639 0.0000000000
23191  -25.047  23.301  24.109 0.0000000000
20593  -22.310  22.305  23.731 0.0000000000
21858  -22.051  22.481  24.140 0.0000000000
20594  -22.818  22.289  23.668 0.0000000000
20595  -23.356  22.302  23.711 0.0000000000
20596  -23.844  22.381  23.831 0.0000000000
20609  -24.215  22.454  23.452 0.0000000000
21872  -24.479  22.675  23.733 0.0000000000
21873  -24.827  22.822  23.710 0.0000000000
21864  -25.010  23.015  23.951 0.0000000000
21874  -25.123  22.989  23.642 0.0000000000
23192  -25.322  23.395  23.950 0.0000000000
20610  -24.652  22.662  23.388 0.0000000000
20611  -24.960  22.811  23.391 0.0000000000
21881  -25.191  22.906  23.260 0.0000000000
23203  -25.362  23.192  23.484 0.0000000000
20626  -24.925  22.727  23.112 0.0000000000
21891  -25.179  22.790  22.967 0.0000000000
23212  -25.393  23.040  23.208 0.0000000000
21882  -25.440  22.951  23.039 0.0000000000
23171  -24.201  23.562  25.078 0.0000000000
23172  -24.419  23.743  24.822 0.0000000000
24620  -24.796  23.810  24.593 0.0000000000
24627  -24.950  23.957  24.247 0.0000000000
24628  -25.194  23.861  24.188 0.0000000000
23204  -25.617  23.522  23.672 0.0000000000
23193  -25.544  23.699  23.940 0.0000000000
24629  -25.491  23.897  24.074 0.0000000000
23213  -25.688  23.310  23.230 0.0000000000
24610  -24.233  24.015  24.998 0.0000000000
24609  -24.206  24.170  24.994 0.0000000000
24619  -24.495  24.340  24.700 0.0000000000
26117  -24.755  24.581  24.465 0.0000000000
26126  -25.002  24.143  24.246 0.0000000000
26127  -25.101  24.435  24.254 0.0000000000
26128  -25.364  24.249  24.146 0.0000000000
26116  -24.324  24.609  24.762 0.0000000000
27762  -24.394  24.950  24.547 0.0000000000
26118  -24.962  24.811  24.144 0.0000000000
27763  -24.908  25.001  24.093 0.0000000000
23159  -24.086  23.902  25.162 0.0000000000
24599  -24.029  24.011  25.198 0.0000000000
24598  -23.831  24.182  25.288 0.0000000000
24608  -24.062  24.456  25.103 0.0000000000
26106  -23.995  24.679  25.042 0.0000000000
26105  -23.987  24.800  25.017 0.0000000000
23158  -23.867  23.775  25.288 0.0000000000
23157  -23.312  23.592  25.638 0.0000000000
24597  -23.319  24.282  25.614 0.0000000000
26096  -23.488  24.663  25.341 0.0000000000
24586  -23.115  23.847  25.851 0.0000000000
24596  -22.991  24.351  25.730 0.0000000000
26095  -23.078  24.736  25.610 0.0000000000
23142  -22.830  23.827  25.820 0.0000000000
24585  -22.670  24.251  25.923 0.0000000000
23170  -23.712  23.353  25.307 0.0000000000
21833  -23.508  23.021  25.202 0.0000000000
23169  -23.408  23.228  25.399 0.0000000000
21823  -23.175  22.978  25.392 0.0000000000
21822  -22.767  23.004  25.647 0.0000000000
23156  -22.593  23.409  25.839 0.0000000000
21821  -22.173  23.052  25.724 0.0000000000
23155  -22.067  23.341  25.915 0.0000000000
23141  -22.434  23.717  26.025 0.0000000000
21820  -22.023  22.816  25.940 0.0000000000
23154  -21.754  23.350  25.945 0.0000000000
23140  -22.004  23.635  26.126 0.0000000000
24584  -22.250  23.983  26.147 0.0000000000
20592  -21.804  22.377  23.784 0.0000000000
21857  -21.545  22.604  24.168 0.0000000000
21843  -21.862  22.674  24.617 0.0000000000
20591  -21.336  22.600  23.800 0.0000000000
21856  -21.024  22.824  24.058 0.0000000000
21842  -21.283  22.753  24.584 0.0000000000
20590  -21.053  22.788  23.801 0.0000000000
21871  -20.936  22.847  23.615 0.0000000000
21855  -20.699  23.100  24.160 0.0000000000
21841  -20.874  22.879  24.614 0.0000000000
21870  -20.751  23.050  23.811 0.0000000000
21854  -20.413  23.265  24.371 0.0000000000
21840  -20.657  23.051  24.931 0.0000000000
23189  -20.195  23.592  24.098 0.0000000000
23190  -20.557  23.246  24.020 0.0000000000
20579  -22.264  22.602  24.784 0.0000000000
21832  -21.832  22.635  24.897 0.0000000000
20567  -22.064  22.541  25.067 0.0000000000
21831  -21.499  22.740  24.944 0.0000000000
21830  -20.996  22.889  25.139 0.0000000000
21829  -20.744  22.952  24.901 0.0000000000
20571  -23.629  22.833  25.002 0.0000000000
20570  -23.265  22.758  25.075 0.0000000000
20566  -21.723  22.727  25.207 0.0000000000
20565  -21.317  22.871  25.351 0.0000000000
20555  -23.048  22.764  25.200 0.0000000000
20554  -22.815  22.752  25.287 0.0000000000
20553  -22.386  22.728  25.407 0.0000000000
20552  -21.800  22.829  25.632 0.0000000000
20551  -21.590  22.903  25.601 0.0000000000
21819  -21.490  23.111  25.756 0.0000000000
20625  -24.596  22.536  23.032 0.0000000000
20641  -24.964  22.658  22.744 0.0000000000
20624  -24.302  22.411  22.909 0.0000000000
20640  -24.602  22.486  22.562 0.0000000000
20623  -24.070  22.328  22.924 0.0000000000
20639  -24.201  22.398  22.490 0.0000000000
20622  -23.516  22.247  22.850 0.0000000000
20608  -23.651  22.319  23.423 0.0000000000
20638  -23.767  22.345  22.468 0.0000000000
20621  -23.100  22.364  23.067 0.0000000000
20607  -23.123  22.295  23.347 0.0000000000
20637  -23.234  22.302  22.350 0.0000000000
20620  -22.455  22.257  22.961 0.0000000000
20606  -22.620  22.286  23.329 0.0000000000
20636  -22.742  22.240  22.547 0.0000000000
20605  -22.122  22.283  23.350 0.0000000000
20604  -21.616  22.364  23.412 0.0000000000
20603  -21.195  22.655  23.492 0.0000000000
20569  -23.144  22.537  24.913 0.0000000000
20568  -22.518  22.532  25.059 0.0000000000
20550  -21.062  22.992  26.107 0.0000000000
21818  -21.130  23.038  25.577 0.0000000000
19313  -22.995  22.225  22.153 0.0000000000
19324  -23.095  22.419  22.070 0.0000000000
20648  -23.246  22.482  22.062 0.0000000000
20649  -23.622  22.413  21.948 0.0000000000
20650  -24.091  22.570  22.050 0.0000000000
23202  -20.364  23.411  23.771 0.0000000000
