#!ascii label  , from subject  vox2ras=TkReg
228
46459  -25.594  30.140  27.726 0.0000000000
44770  -25.512  29.846  27.465 0.0000000000
44754  -25.249  29.921  28.001 0.0000000000
46441  -25.725  30.502  27.970 0.0000000000
46460  -25.935  30.294  27.508 0.0000000000
44771  -25.759  29.889  27.109 0.0000000000
46472  -25.920  30.174  27.005 0.0000000000
46442  -25.926  30.591  27.819 0.0000000000
48229  -26.033  30.625  27.758 0.0000000000
46473  -26.146  30.353  27.040 0.0000000000
46461  -26.193  30.462  27.316 0.0000000000
48230  -26.264  30.708  27.569 0.0000000000
48240  -26.343  30.618  27.133 0.0000000000
44781  -25.723  29.940  27.012 0.0000000000
46484  -25.947  30.032  26.794 0.0000000000
46485  -26.303  30.200  26.658 0.0000000000
48252  -26.321  30.469  26.903 0.0000000000
44795  -25.908  29.735  26.546 0.0000000000
44796  -26.260  29.934  26.394 0.0000000000
46501  -26.406  30.024  26.325 0.0000000000
46502  -26.735  30.107  26.272 0.0000000000
46486  -26.951  30.372  26.575 0.0000000000
48253  -26.604  30.613  26.854 0.0000000000
44813  -26.419  29.733  26.037 0.0000000000
48212  -26.025  30.842  28.025 0.0000000000
48213  -26.281  31.007  27.837 0.0000000000
48231  -26.550  31.023  27.617 0.0000000000
48241  -26.755  30.901  27.232 0.0000000000
48214  -26.461  31.163  27.735 0.0000000000
49945  -26.755  31.424  27.717 0.0000000000
49958  -26.785  31.129  27.483 0.0000000000
48254  -27.141  30.732  26.841 0.0000000000
48242  -27.378  30.963  27.150 0.0000000000
49959  -27.107  31.186  27.412 0.0000000000
49932  -26.396  31.262  27.801 0.0000000000
49931  -26.264  31.449  28.027 0.0000000000
49944  -26.707  31.717  27.936 0.0000000000
51615  -26.839  31.993  28.067 0.0000000000
49946  -27.335  31.351  27.755 0.0000000000
51616  -27.173  31.619  27.955 0.0000000000
51614  -26.805  31.798  28.124 0.0000000000
51608  -26.856  32.032  28.266 0.0000000000
51609  -27.170  31.703  28.274 0.0000000000
49933  -27.420  31.398  28.176 0.0000000000
51607  -26.582  31.815  28.449 0.0000000000
51599  -27.150  31.815  28.649 0.0000000000
49922  -27.387  31.442  28.591 0.0000000000
51598  -26.863  32.032  28.750 0.0000000000
49921  -26.129  31.409  28.681 0.0000000000
51597  -26.389  31.919  28.910 0.0000000000
51589  -26.717  32.207  28.970 0.0000000000
51590  -27.104  32.065  29.004 0.0000000000
49912  -26.039  31.502  29.161 0.0000000000
51588  -26.190  31.862  29.026 0.0000000000
53129  -26.682  32.092  29.068 0.0000000000
53130  -26.977  32.230  29.180 0.0000000000
49900  -26.040  31.787  29.370 0.0000000000
51577  -26.083  31.874  29.398 0.0000000000
53117  -26.420  32.107  29.376 0.0000000000
49899  -25.779  31.523  29.640 0.0000000000
51576  -25.782  31.950  29.896 0.0000000000
53116  -25.979  32.213  29.749 0.0000000000
49892  -25.547  31.527  30.095 0.0000000000
51568  -25.525  31.896  30.215 0.0000000000
53105  -25.869  32.175  29.895 0.0000000000
49891  -25.298  31.528  30.391 0.0000000000
51567  -25.264  31.947  30.568 0.0000000000
53104  -25.489  32.225  30.267 0.0000000000
49883  -25.090  31.557  30.817 0.0000000000
51561  -25.032  32.034  31.087 0.0000000000
53096  -25.278  32.499  30.669 0.0000000000
49930  -25.983  30.950  28.083 0.0000000000
49920  -26.006  31.191  28.341 0.0000000000
48199  -25.758  30.996  28.501 0.0000000000
48200  -25.889  31.143  28.846 0.0000000000
48189  -25.999  31.274  28.982 0.0000000000
48188  -25.711  30.932  29.019 0.0000000000
49911  -25.769  31.207  29.352 0.0000000000
48175  -25.500  30.933  29.616 0.0000000000
48163  -25.445  31.188  29.916 0.0000000000
48162  -25.275  30.975  30.134 0.0000000000
48149  -25.173  31.245  30.526 0.0000000000
48148  -24.918  31.004  30.689 0.0000000000
49882  -24.937  31.373  30.885 0.0000000000
49865  -24.853  31.533  31.049 0.0000000000
49866  -25.021  31.842  31.058 0.0000000000
48211  -25.791  30.961  28.061 0.0000000000
48198  -25.870  30.841  28.049 0.0000000000
46429  -25.328  30.456  28.888 0.0000000000
46428  -25.484  30.644  28.399 0.0000000000
46417  -25.311  30.528  29.254 0.0000000000
46404  -25.272  30.643  29.609 0.0000000000
48174  -25.283  30.772  29.839 0.0000000000
46403  -25.148  30.495  29.796 0.0000000000
46391  -25.078  30.582  30.065 0.0000000000
48161  -25.051  30.746  30.253 0.0000000000
46390  -24.845  30.436  30.189 0.0000000000
46378  -24.603  30.549  30.665 0.0000000000
48147  -24.444  30.808  30.984 0.0000000000
48129  -24.555  31.071  31.090 0.0000000000
46377  -24.165  30.389  30.856 0.0000000000
48128  -24.061  30.924  31.192 0.0000000000
44741  -25.195  30.139  28.634 0.0000000000
44742  -25.050  30.163  28.991 0.0000000000
44732  -25.126  30.216  28.934 0.0000000000
44731  -25.076  30.181  29.244 0.0000000000
46416  -25.203  30.455  29.481 0.0000000000
44721  -24.928  30.196  29.668 0.0000000000
46402  -24.949  30.330  29.918 0.0000000000
44720  -24.614  29.975  30.066 0.0000000000
44709  -24.490  30.014  30.213 0.0000000000
46389  -24.497  30.226  30.416 0.0000000000
44708  -24.231  29.903  30.376 0.0000000000
44697  -23.920  30.078  30.759 0.0000000000
46376  -23.777  30.272  30.944 0.0000000000
46363  -23.788  30.550  31.117 0.0000000000
44696  -23.641  30.052  30.884 0.0000000000
46362  -23.420  30.429  31.082 0.0000000000
43132  -25.879  29.446  26.275 0.0000000000
43131  -25.548  29.222  26.416 0.0000000000
44794  -25.499  29.462  26.731 0.0000000000
44812  -26.059  29.543  26.208 0.0000000000
44780  -25.419  29.658  27.002 0.0000000000
43118  -25.210  29.184  26.971 0.0000000000
43111  -25.178  29.443  27.439 0.0000000000
43093  -25.191  29.624  27.738 0.0000000000
43092  -24.831  29.351  27.975 0.0000000000
44753  -25.041  29.714  28.241 0.0000000000
44740  -25.129  29.861  28.376 0.0000000000
43081  -24.857  29.698  28.592 0.0000000000
43082  -24.989  29.945  28.860 0.0000000000
43073  -25.113  29.986  28.787 0.0000000000
43072  -24.864  29.759  28.865 0.0000000000
44730  -24.833  30.003  29.496 0.0000000000
43063  -24.674  29.787  29.548 0.0000000000
43062  -24.303  29.470  29.647 0.0000000000
44719  -24.306  29.737  30.183 0.0000000000
43050  -24.240  29.644  30.059 0.0000000000
43049  -23.940  29.502  30.219 0.0000000000
44707  -23.993  29.822  30.608 0.0000000000
43034  -23.933  29.755  30.684 0.0000000000
43033  -23.431  29.371  30.515 0.0000000000
44695  -23.057  30.003  30.903 0.0000000000
44681  -23.192  30.180  30.938 0.0000000000
41500  -25.029  28.861  26.970 0.0000000000
43117  -24.975  28.991  27.061 0.0000000000
41513  -25.142  28.790  26.573 0.0000000000
43110  -24.907  29.111  27.353 0.0000000000
41499  -24.842  28.720  26.944 0.0000000000
41490  -24.600  28.899  27.621 0.0000000000
41472  -24.400  29.009  28.098 0.0000000000
43091  -24.385  29.018  27.922 0.0000000000
43080  -24.417  29.210  28.543 0.0000000000
41471  -24.095  28.757  28.139 0.0000000000
41461  -24.071  28.838  28.540 0.0000000000
43071  -24.450  29.327  29.012 0.0000000000
41451  -24.120  28.962  28.989 0.0000000000
41438  -24.075  29.016  29.221 0.0000000000
41437  -23.883  28.933  29.402 0.0000000000
43061  -23.652  29.169  29.862 0.0000000000
41436  -22.996  28.842  30.026 0.0000000000
43060  -23.206  28.948  29.916 0.0000000000
43048  -23.422  29.198  30.089 0.0000000000
41422  -23.135  28.927  30.034 0.0000000000
41406  -23.216  29.095  30.156 0.0000000000
41405  -23.033  29.002  30.216 0.0000000000
43032  -22.817  29.412  30.540 0.0000000000
41512  -24.886  28.631  26.758 0.0000000000
39843  -24.196  28.216  26.839 0.0000000000
41498  -24.287  28.547  27.414 0.0000000000
39854  -24.533  28.247  26.700 0.0000000000
39842  -23.941  28.145  27.203 0.0000000000
39827  -23.993  28.390  27.701 0.0000000000
41489  -24.107  28.681  28.008 0.0000000000
39810  -24.028  28.712  27.960 0.0000000000
39809  -23.797  28.373  28.004 0.0000000000
41470  -23.968  28.641  28.146 0.0000000000
41460  -24.027  28.738  28.257 0.0000000000
39802  -23.687  28.450  28.492 0.0000000000
39803  -24.080  28.889  28.705 0.0000000000
39790  -24.042  28.914  28.996 0.0000000000
39789  -23.805  28.705  28.944 0.0000000000
41450  -24.037  28.879  29.244 0.0000000000
39772  -23.877  28.779  29.106 0.0000000000
39771  -23.407  28.483  29.298 0.0000000000
39770  -22.793  28.519  29.716 0.0000000000
41435  -22.962  28.775  29.994 0.0000000000
41421  -22.810  28.858  30.090 0.0000000000
39750  -22.777  28.763  29.993 0.0000000000
39853  -24.132  28.054  26.931 0.0000000000
38135  -24.209  28.080  27.015 0.0000000000
38134  -23.798  27.871  26.983 0.0000000000
39841  -23.542  27.980  27.207 0.0000000000
39826  -23.536  28.230  27.518 0.0000000000
38133  -23.279  27.714  27.108 0.0000000000
39840  -23.449  27.830  26.824 0.0000000000
39825  -23.342  27.948  27.313 0.0000000000
38120  -23.458  28.145  27.841 0.0000000000
38119  -23.133  27.955  27.756 0.0000000000
38107  -23.498  28.111  27.888 0.0000000000
38099  -23.288  28.108  28.484 0.0000000000
39801  -23.319  28.192  28.675 0.0000000000
39788  -23.396  28.293  28.883 0.0000000000
38098  -23.092  28.005  28.736 0.0000000000
38074  -22.876  28.054  29.194 0.0000000000
38044  -22.845  28.222  29.273 0.0000000000
36369  -23.100  27.870  27.926 0.0000000000
36357  -22.909  27.766  28.196 0.0000000000
38106  -23.129  27.938  28.307 0.0000000000
38118  -23.016  27.958  27.796 0.0000000000
38132  -22.998  27.737  27.458 0.0000000000
36368  -22.760  27.561  27.650 0.0000000000
36339  -22.885  27.838  28.539 0.0000000000
38097  -22.803  27.888  28.799 0.0000000000
36338  -22.460  27.571  28.532 0.0000000000
38073  -22.535  27.918  29.051 0.0000000000
36310  -22.078  27.706  29.034 0.0000000000
38072  -22.096  27.914  29.172 0.0000000000
38043  -22.416  28.155  29.366 0.0000000000
36356  -22.609  27.446  28.047 0.0000000000
34653  -22.092  27.166  27.925 0.0000000000
34626  -22.244  27.327  28.122 0.0000000000
36355  -22.375  27.281  27.816 0.0000000000
34625  -22.081  27.202  28.131 0.0000000000
36337  -22.097  27.363  28.870 0.0000000000
34652  -22.044  27.074  27.838 0.0000000000
34624  -21.863  27.194  28.188 0.0000000000
39855  -24.892  28.420  26.502 0.0000000000
