#!ascii label  , from subject  vox2ras=TkReg
203
2188  -25.039  10.500  7.468 0.0000000000
2180  -24.989  10.251  8.077 0.0000000000
2187  -24.706  10.255  7.615 0.0000000000
2525  -25.158  10.841  7.566 0.0000000000
2194  -24.879  10.535  7.283 0.0000000000
2528  -25.089  10.887  7.047 0.0000000000
2193  -24.727  10.480  7.152 0.0000000000
2522  -25.168  10.733  8.060 0.0000000000
2882  -25.253  11.153  7.759 0.0000000000
2899  -25.194  11.354  7.306 0.0000000000
2527  -25.081  10.999  6.851 0.0000000000
2532  -24.871  10.772  6.835 0.0000000000
2533  -25.112  10.958  6.873 0.0000000000
2917  -25.044  11.264  6.853 0.0000000000
2199  -24.609  10.316  7.020 0.0000000000
2204  -24.573  10.444  6.597 0.0000000000
2538  -24.701  10.936  6.343 0.0000000000
2539  -25.123  11.010  6.594 0.0000000000
2203  -24.234  10.304  6.271 0.0000000000
2537  -24.082  10.945  5.997 0.0000000000
2935  -24.420  11.245  6.384 0.0000000000
2936  -24.853  11.258  6.517 0.0000000000
2870  -25.241  11.190  8.014 0.0000000000
3334  -25.380  11.620  7.629 0.0000000000
3349  -25.255  11.597  7.413 0.0000000000
2898  -24.828  11.608  7.084 0.0000000000
3348  -25.052  11.758  7.402 0.0000000000
2916  -24.628  11.460  6.721 0.0000000000
2934  -23.942  11.232  6.241 0.0000000000
2915  -24.141  11.493  6.622 0.0000000000
3321  -25.590  11.835  7.991 0.0000000000
3722  -25.382  11.997  7.773 0.0000000000
3333  -25.158  11.938  7.633 0.0000000000
3347  -24.529  11.874  7.363 0.0000000000
3332  -24.780  12.040  7.636 0.0000000000
3713  -25.459  12.214  8.097 0.0000000000
3721  -25.086  12.168  7.837 0.0000000000
3720  -24.640  12.241  7.928 0.0000000000
3712  -25.002  12.359  8.190 0.0000000000
3331  -24.159  12.119  7.736 0.0000000000
3719  -24.269  12.256  8.014 0.0000000000
3711  -24.551  12.354  8.287 0.0000000000
3320  -24.137  12.218  7.805 0.0000000000
3710  -24.080  12.281  8.329 0.0000000000
3714  -25.842  12.002  8.198 0.0000000000
3701  -25.321  12.558  8.523 0.0000000000
3702  -25.836  12.356  8.555 0.0000000000
3700  -24.872  12.588  8.603 0.0000000000
3699  -24.426  12.517  8.666 0.0000000000
3319  -23.600  12.152  8.128 0.0000000000
3709  -23.709  12.265  8.497 0.0000000000
3698  -23.994  12.382  8.751 0.0000000000
3305  -23.440  12.235  8.502 0.0000000000
3697  -23.328  12.306  9.024 0.0000000000
3703  -26.113  12.187  8.816 0.0000000000
3307  -25.990  11.915  8.703 0.0000000000
3690  -25.680  12.836  8.776 0.0000000000
3691  -26.194  12.594  9.017 0.0000000000
3689  -25.088  12.866  8.993 0.0000000000
3688  -24.726  12.748  8.966 0.0000000000
3687  -24.318  12.680  9.028 0.0000000000
3686  -23.839  12.521  9.077 0.0000000000
3676  -26.354  12.419  9.547 0.0000000000
3295  -26.228  12.038  9.066 0.0000000000
4105  -26.593  12.761  9.504 0.0000000000
4116  -26.431  13.029  9.234 0.0000000000
4115  -26.009  13.108  8.900 0.0000000000
4114  -25.464  12.882  8.906 0.0000000000
4113  -24.778  13.013  9.346 0.0000000000
4112  -24.097  12.771  9.412 0.0000000000
3660  -26.513  12.386  10.144 0.0000000000
3280  -26.224  11.992  9.670 0.0000000000
4093  -26.625  12.683  9.862 0.0000000000
2897  -24.332  11.720  6.994 0.0000000000
3346  -23.970  11.865  7.349 0.0000000000
2896  -23.807  11.713  6.931 0.0000000000
3345  -23.422  11.818  7.291 0.0000000000
3330  -23.535  11.955  7.714 0.0000000000
2895  -23.282  11.702  6.842 0.0000000000
3344  -22.898  11.772  7.202 0.0000000000
3329  -23.001  11.832  7.669 0.0000000000
3318  -23.050  11.943  8.126 0.0000000000
2871  -25.642  11.745  8.057 0.0000000000
3322  -25.908  11.962  8.252 0.0000000000
3304  -23.039  12.162  8.619 0.0000000000
3306  -25.825  11.554  8.965 0.0000000000
2857  -25.661  11.397  8.698 0.0000000000
2858  -25.815  11.974  8.307 0.0000000000
3294  -25.950  11.685  9.255 0.0000000000
3308  -26.143  12.036  8.846 0.0000000000
3293  -25.837  11.258  9.203 0.0000000000
2846  -25.648  11.355  9.219 0.0000000000
3279  -26.013  11.742  9.794 0.0000000000
2847  -25.802  11.541  9.584 0.0000000000
3268  -26.199  11.937  10.246 0.0000000000
3267  -26.142  11.846  10.011 0.0000000000
2836  -25.817  11.582  9.902 0.0000000000
3260  -25.962  11.724  10.496 0.0000000000
2832  -25.787  11.553  10.246 0.0000000000
3253  -25.821  11.649  11.081 0.0000000000
2825  -25.663  11.406  10.638 0.0000000000
3261  -26.147  11.882  10.745 0.0000000000
2536  -23.852  11.014  5.928 0.0000000000
2933  -23.473  11.230  5.957 0.0000000000
2914  -23.635  11.481  6.506 0.0000000000
2913  -23.121  11.486  6.406 0.0000000000
2869  -25.277  11.210  8.665 0.0000000000
2521  -25.190  10.832  8.483 0.0000000000
2856  -25.298  11.200  8.914 0.0000000000
2845  -25.384  10.991  8.768 0.0000000000
2517  -25.025  10.546  8.772 0.0000000000
2835  -25.532  11.294  9.708 0.0000000000
2513  -25.295  11.072  9.443 0.0000000000
2512  -25.115  10.756  9.388 0.0000000000
2831  -25.428  11.250  10.182 0.0000000000
2506  -25.196  10.953  9.835 0.0000000000
2830  -24.938  10.923  10.448 0.0000000000
2497  -25.075  10.959  10.238 0.0000000000
2824  -25.078  11.061  10.889 0.0000000000
2823  -24.993  10.871  10.839 0.0000000000
2496  -24.980  10.784  10.226 0.0000000000
2817  -25.654  11.194  10.914 0.0000000000
2816  -25.151  11.195  11.140 0.0000000000
2208  -24.159  10.455  5.933 0.0000000000
2549  -23.992  10.725  5.876 0.0000000000
2548  -23.670  10.789  5.608 0.0000000000
2518  -25.118  10.483  8.404 0.0000000000
2169  -24.908  10.026  7.989 0.0000000000
2168  -24.774  10.323  8.406 0.0000000000
2516  -24.710  10.160  9.095 0.0000000000
2167  -24.387  10.202  8.738 0.0000000000
2511  -24.693  10.370  9.255 0.0000000000
2156  -24.310  10.212  9.235 0.0000000000
2505  -24.971  10.729  9.883 0.0000000000
2157  -24.690  10.407  9.625 0.0000000000
2148  -24.574  10.742  9.901 0.0000000000
2487  -24.865  10.441  10.697 0.0000000000
2137  -24.688  10.388  10.121 0.0000000000
1861  -24.111  10.092  5.976 0.0000000000
2207  -23.972  10.262  5.746 0.0000000000
1860  -23.726  9.791  5.850 0.0000000000
1869  -23.725  9.997  5.597 0.0000000000
2213  -23.639  10.273  5.391 0.0000000000
2198  -24.234  10.118  6.718 0.0000000000
1821  -24.129  9.953  6.727 0.0000000000
1848  -24.030  9.880  6.290 0.0000000000
2192  -24.267  10.080  7.040 0.0000000000
1793  -24.439  9.979  7.401 0.0000000000
1792  -24.019  9.869  7.250 0.0000000000
2186  -24.321  10.120  7.955 0.0000000000
1766  -24.378  10.029  7.710 0.0000000000
2179  -24.729  10.514  7.778 0.0000000000
2178  -24.376  10.183  8.305 0.0000000000
1738  -24.074  9.892  8.167 0.0000000000
1765  -24.164  9.917  7.714 0.0000000000
1715  -24.214  9.993  8.482 0.0000000000
2166  -24.082  9.991  9.032 0.0000000000
1714  -23.943  9.865  8.688 0.0000000000
2155  -23.915  9.968  8.994 0.0000000000
2147  -24.255  10.233  9.809 0.0000000000
2146  -23.860  10.012  9.541 0.0000000000
1694  -23.680  9.837  9.051 0.0000000000
1868  -23.458  9.840  5.419 0.0000000000
1859  -23.502  9.711  5.667 0.0000000000
1428  -23.353  9.501  5.736 0.0000000000
1446  -23.139  9.568  5.343 0.0000000000
1867  -23.104  9.878  5.021 0.0000000000
2212  -23.272  10.263  5.043 0.0000000000
1445  -22.783  9.442  5.036 0.0000000000
1875  -22.891  9.922  4.738 0.0000000000
2211  -23.055  10.170  4.821 0.0000000000
1847  -23.559  9.642  6.345 0.0000000000
1429  -23.569  9.451  6.016 0.0000000000
1820  -23.885  9.874  6.914 0.0000000000
1846  -23.131  9.507  6.466 0.0000000000
1403  -23.340  9.404  6.124 0.0000000000
1819  -23.320  9.706  6.877 0.0000000000
1845  -22.732  9.426  6.483 0.0000000000
1402  -22.944  9.233  5.952 0.0000000000
1818  -22.934  9.675  7.032 0.0000000000
1844  -22.298  9.381  6.483 0.0000000000
1401  -22.600  9.232  6.040 0.0000000000
1817  -22.469  9.581  6.936 0.0000000000
1791  -23.556  9.789  7.312 0.0000000000
1790  -23.105  9.704  7.365 0.0000000000
1789  -22.672  9.658  7.393 0.0000000000
1764  -23.788  9.826  7.746 0.0000000000
1763  -23.343  9.762  7.792 0.0000000000
1762  -22.898  9.703  7.826 0.0000000000
1737  -23.615  9.788  8.223 0.0000000000
1736  -23.151  9.742  8.249 0.0000000000
1713  -23.429  9.758  8.661 0.0000000000
1427  -22.921  9.291  5.611 0.0000000000
1426  -22.462  9.114  5.569 0.0000000000
1400  -22.061  9.110  5.952 0.0000000000
2226  -22.785  10.329  4.651 0.0000000000
2227  -23.066  10.493  4.802 0.0000000000
2564  -23.397  10.609  5.239 0.0000000000
2563  -23.053  10.732  5.027 0.0000000000
2953  -23.376  11.001  5.644 0.0000000000
2547  -23.235  10.852  5.412 0.0000000000
4106  -26.957  12.957  10.057 0.0000000000
4117  -26.765  12.935  9.587 0.0000000000
