#!ascii label  , from subject  vox2ras=TkReg
816
6263  -24.865  15.339  14.011 0.0000000000
6278  -24.895  15.280  13.595 0.0000000000
6262  -24.741  15.351  14.085 0.0000000000
6279  -25.241  15.503  13.699 0.0000000000
6808  -24.983  15.563  13.883 0.0000000000
6809  -25.181  15.766  14.196 0.0000000000
6277  -24.258  15.125  13.700 0.0000000000
6291  -24.728  15.026  13.160 0.0000000000
6292  -25.432  15.291  13.013 0.0000000000
6823  -25.577  15.794  13.740 0.0000000000
6839  -25.890  15.576  13.098 0.0000000000
5776  -24.536  14.848  13.045 0.0000000000
6290  -24.336  14.915  13.229 0.0000000000
5777  -24.970  14.986  12.881 0.0000000000
5790  -25.290  14.942  12.548 0.0000000000
6307  -25.581  15.164  12.621 0.0000000000
6308  -25.938  15.352  12.601 0.0000000000
6293  -25.853  15.573  12.891 0.0000000000
6840  -26.152  15.743  12.935 0.0000000000
6861  -26.060  15.782  12.982 0.0000000000
5791  -25.686  15.060  12.356 0.0000000000
5792  -26.008  15.120  12.197 0.0000000000
6309  -26.326  15.279  12.220 0.0000000000
6862  -26.472  15.717  12.537 0.0000000000
5803  -26.390  15.051  11.922 0.0000000000
6321  -26.751  15.092  11.928 0.0000000000
6882  -26.593  15.403  12.225 0.0000000000
5804  -26.909  15.033  11.880 0.0000000000
6322  -26.958  15.212  12.013 0.0000000000
6883  -26.837  15.516  12.256 0.0000000000
5805  -27.391  14.779  12.042 0.0000000000
6323  -27.392  15.198  12.210 0.0000000000
6884  -27.037  15.652  12.254 0.0000000000
6310  -27.673  14.969  12.546 0.0000000000
6324  -27.967  15.137  12.521 0.0000000000
6885  -27.575  15.606  12.424 0.0000000000
6311  -28.038  15.192  12.954 0.0000000000
6865  -27.952  15.620  12.782 0.0000000000
6796  -25.024  15.587  14.245 0.0000000000
6797  -25.240  15.914  14.443 0.0000000000
7498  -25.197  15.940  14.053 0.0000000000
6810  -25.833  16.029  13.825 0.0000000000
7499  -25.774  16.169  14.044 0.0000000000
6824  -26.124  15.995  13.425 0.0000000000
6811  -25.851  16.084  13.826 0.0000000000
7500  -26.383  16.372  13.834 0.0000000000
6825  -26.218  16.039  13.438 0.0000000000
7513  -26.620  16.199  13.333 0.0000000000
6841  -26.445  15.883  13.052 0.0000000000
7526  -26.793  16.052  13.029 0.0000000000
6842  -26.797  15.939  12.920 0.0000000000
6863  -26.778  16.010  12.648 0.0000000000
7527  -27.185  16.198  12.998 0.0000000000
6843  -27.235  16.052  12.902 0.0000000000
6864  -27.455  15.866  12.681 0.0000000000
7528  -27.352  16.329  13.176 0.0000000000
6844  -27.883  15.911  12.968 0.0000000000
6826  -27.966  16.228  13.082 0.0000000000
6827  -28.206  15.797  13.402 0.0000000000
6845  -28.188  15.608  13.040 0.0000000000
7516  -27.901  16.044  13.183 0.0000000000
7529  -27.808  16.189  13.108 0.0000000000
6281  -28.144  15.322  13.462 0.0000000000
6295  -28.244  15.003  13.022 0.0000000000
6866  -28.120  15.388  12.931 0.0000000000
6312  -28.063  15.263  13.001 0.0000000000
7488  -25.409  16.021  14.063 0.0000000000
7489  -25.482  16.230  14.498 0.0000000000
8202  -25.961  16.609  14.375 0.0000000000
8203  -26.287  16.724  14.256 0.0000000000
7514  -26.949  16.559  13.588 0.0000000000
7501  -26.803  16.720  13.911 0.0000000000
8204  -26.754  16.860  14.110 0.0000000000
8220  -26.969  16.898  13.985 0.0000000000
7515  -27.201  16.656  13.481 0.0000000000
8221  -27.260  16.949  13.784 0.0000000000
8232  -27.558  16.584  13.306 0.0000000000
7517  -28.268  16.097  13.706 0.0000000000
8223  -28.255  16.434  13.693 0.0000000000
8222  -27.898  16.675  13.512 0.0000000000
8233  -27.903  16.323  13.197 0.0000000000
7503  -28.460  16.308  14.232 0.0000000000
6813  -28.274  15.836  14.009 0.0000000000
8185  -25.835  16.782  14.749 0.0000000000
8186  -26.125  16.899  14.574 0.0000000000
8949  -26.355  17.191  14.583 0.0000000000
8964  -26.554  16.979  14.256 0.0000000000
8965  -26.894  17.300  14.267 0.0000000000
8205  -27.178  16.878  13.927 0.0000000000
8966  -27.457  17.352  14.163 0.0000000000
8206  -27.693  17.068  13.875 0.0000000000
8967  -27.982  17.360  14.112 0.0000000000
8207  -28.304  16.895  13.977 0.0000000000
8208  -28.788  16.733  14.066 0.0000000000
8187  -28.558  17.010  14.442 0.0000000000
8188  -28.551  16.929  14.016 0.0000000000
8968  -28.325  17.277  14.309 0.0000000000
7504  -28.585  16.668  14.225 0.0000000000
8948  -25.913  16.942  14.744 0.0000000000
8932  -25.950  17.214  14.992 0.0000000000
8933  -26.470  17.617  15.050 0.0000000000
8950  -26.744  17.608  14.646 0.0000000000
8934  -26.942  17.988  14.935 0.0000000000
9805  -27.019  18.008  14.833 0.0000000000
9814  -26.970  17.654  14.399 0.0000000000
9815  -27.249  17.680  14.379 0.0000000000
9816  -27.717  17.709  14.365 0.0000000000
8951  -28.186  17.648  14.441 0.0000000000
8952  -28.515  17.372  14.684 0.0000000000
9791  -27.007  17.966  15.022 0.0000000000
9806  -27.481  18.075  14.781 0.0000000000
9792  -27.638  18.172  14.907 0.0000000000
9807  -27.942  17.982  14.685 0.0000000000
9808  -28.353  17.776  14.845 0.0000000000
9793  -28.113  18.151  14.970 0.0000000000
9794  -28.508  17.957  15.284 0.0000000000
8935  -28.647  17.395  15.162 0.0000000000
9777  -28.712  18.020  15.787 0.0000000000
8920  -28.708  17.508  15.720 0.0000000000
10801  -28.402  18.418  15.604 0.0000000000
10813  -28.155  18.336  15.225 0.0000000000
10812  -27.877  18.429  15.154 0.0000000000
10811  -27.369  18.306  15.116 0.0000000000
9790  -26.613  17.852  15.162 0.0000000000
9775  -26.661  18.048  15.266 0.0000000000
9776  -26.978  17.998  15.048 0.0000000000
10810  -27.225  18.107  14.968 0.0000000000
8919  -26.339  17.811  15.320 0.0000000000
9759  -28.786  17.979  16.087 0.0000000000
9778  -28.944  18.143  15.859 0.0000000000
10802  -28.684  18.255  15.925 0.0000000000
10798  -27.011  18.411  15.316 0.0000000000
9774  -25.976  18.015  15.738 0.0000000000
10797  -26.511  18.435  15.609 0.0000000000
8918  -25.849  17.529  15.573 0.0000000000
9758  -25.754  18.069  15.929 0.0000000000
10796  -25.955  18.575  15.859 0.0000000000
9740  -28.647  17.800  16.584 0.0000000000
8903  -28.562  17.468  16.236 0.0000000000
9741  -28.849  17.764  16.567 0.0000000000
9760  -28.876  17.782  16.216 0.0000000000
8901  -25.482  17.697  16.068 0.0000000000
9739  -25.355  18.208  15.993 0.0000000000
9757  -25.557  18.021  16.176 0.0000000000
10780  -25.695  18.288  16.029 0.0000000000
10781  -25.864  18.622  15.983 0.0000000000
9738  -25.122  18.194  16.649 0.0000000000
10764  -25.532  18.547  16.393 0.0000000000
9723  -28.854  18.073  17.119 0.0000000000
10766  -28.773  18.365  16.552 0.0000000000
8880  -25.257  17.758  16.308 0.0000000000
8879  -25.047  17.574  16.534 0.0000000000
9718  -24.887  17.841  16.745 0.0000000000
9737  -24.851  18.165  16.857 0.0000000000
10763  -25.005  18.584  16.801 0.0000000000
9717  -24.594  17.949  17.121 0.0000000000
10747  -24.674  18.430  17.112 0.0000000000
8862  -24.918  17.659  16.669 0.0000000000
8861  -24.709  17.549  16.828 0.0000000000
8860  -24.372  17.502  17.170 0.0000000000
9716  -24.182  17.912  17.409 0.0000000000
10746  -24.266  18.296  17.433 0.0000000000
8843  -24.000  17.477  17.363 0.0000000000
9700  -23.833  17.877  17.653 0.0000000000
10730  -23.981  18.350  17.721 0.0000000000
8842  -23.620  17.458  17.606 0.0000000000
9699  -23.380  17.854  17.849 0.0000000000
10729  -23.606  18.169  17.869 0.0000000000
8841  -23.105  17.503  17.810 0.0000000000
9698  -23.061  17.884  18.034 0.0000000000
9681  -23.078  17.939  18.083 0.0000000000
9682  -23.342  18.068  17.978 0.0000000000
8821  -23.030  17.762  17.996 0.0000000000
8172  -28.718  17.136  14.962 0.0000000000
8159  -28.457  16.949  15.552 0.0000000000
8171  -25.860  17.012  14.864 0.0000000000
8157  -25.694  17.062  15.337 0.0000000000
8140  -28.462  16.874  15.971 0.0000000000
8156  -25.370  16.968  15.743 0.0000000000
8917  -25.441  17.159  15.860 0.0000000000
8138  -25.134  16.835  16.163 0.0000000000
8900  -25.213  17.444  16.250 0.0000000000
8902  -28.202  16.978  16.341 0.0000000000
8883  -28.221  17.271  16.824 0.0000000000
8882  -28.001  17.017  16.699 0.0000000000
8139  -28.185  16.762  16.170 0.0000000000
8119  -24.971  17.012  16.513 0.0000000000
8118  -24.794  17.076  16.570 0.0000000000
8878  -24.887  17.491  16.642 0.0000000000
8102  -24.447  17.201  16.944 0.0000000000
8101  -24.065  16.993  17.125 0.0000000000
8082  -23.851  17.055  17.242 0.0000000000
8081  -23.404  17.040  17.489 0.0000000000
8080  -22.931  17.024  17.632 0.0000000000
8840  -22.591  17.319  17.819 0.0000000000
8820  -22.782  17.676  18.021 0.0000000000
8079  -22.349  17.120  17.677 0.0000000000
8839  -22.153  17.248  17.784 0.0000000000
8819  -22.317  17.613  18.040 0.0000000000
9680  -22.641  17.922  18.190 0.0000000000
7492  -28.655  17.041  14.230 0.0000000000
7491  -28.627  16.577  14.698 0.0000000000
7479  -25.481  16.376  14.965 0.0000000000
7481  -28.594  16.807  14.879 0.0000000000
7467  -25.493  16.665  15.320 0.0000000000
8158  -28.234  16.551  15.747 0.0000000000
7469  -28.299  16.530  15.405 0.0000000000
7457  -27.895  16.232  16.114 0.0000000000
7468  -27.938  15.998  15.652 0.0000000000
7466  -25.215  16.520  15.585 0.0000000000
8155  -24.945  16.662  16.023 0.0000000000
8137  -25.006  16.815  16.064 0.0000000000
7465  -24.920  16.492  15.793 0.0000000000
8121  -27.822  16.699  16.613 0.0000000000
7445  -27.852  16.354  16.293 0.0000000000
7456  -24.676  16.459  16.194 0.0000000000
8120  -27.472  16.678  16.944 0.0000000000
7444  -27.611  16.237  16.694 0.0000000000
8881  -27.781  16.966  16.853 0.0000000000
7443  -24.438  16.605  16.624 0.0000000000
8117  -24.295  16.982  16.974 0.0000000000
7442  -24.084  16.442  16.786 0.0000000000
7427  -23.791  16.605  17.070 0.0000000000
8100  -23.658  16.829  17.243 0.0000000000
7426  -23.459  16.529  17.169 0.0000000000
7407  -23.416  16.780  17.313 0.0000000000
7406  -23.179  16.736  17.363 0.0000000000
7405  -22.776  16.676  17.409 0.0000000000
7404  -22.322  16.619  17.398 0.0000000000
8078  -21.970  16.959  17.636 0.0000000000
7403  -22.182  16.497  17.411 0.0000000000
8077  -21.621  16.874  17.500 0.0000000000
8838  -21.760  17.218  17.750 0.0000000000
7402  -21.583  16.601  17.238 0.0000000000
8076  -21.169  16.870  17.326 0.0000000000
8837  -21.329  17.220  17.681 0.0000000000
7421  -21.257  16.407  17.036 0.0000000000
8099  -20.756  16.872  17.011 0.0000000000
8098  -20.903  16.732  17.156 0.0000000000
8075  -21.012  16.854  17.220 0.0000000000
8836  -21.211  17.165  17.622 0.0000000000
8097  -20.385  16.926  17.073 0.0000000000
8074  -20.868  16.954  17.066 0.0000000000
8835  -20.486  17.364  17.509 0.0000000000
8859  -20.284  17.234  17.256 0.0000000000
7502  -28.244  15.793  14.834 0.0000000000
6812  -28.295  16.159  14.583 0.0000000000
7490  -28.241  16.001  14.907 0.0000000000
6799  -28.103  16.027  14.924 0.0000000000
7480  -28.232  16.217  15.118 0.0000000000
6788  -28.025  15.875  15.091 0.0000000000
6798  -25.102  15.886  14.773 0.0000000000
6787  -25.251  16.026  14.887 0.0000000000
6777  -27.906  16.007  15.568 0.0000000000
6786  -25.113  16.016  14.932 0.0000000000
7478  -25.221  16.250  15.198 0.0000000000
6785  -24.973  15.847  15.048 0.0000000000
7477  -24.990  16.234  15.445 0.0000000000
6775  -24.704  16.025  15.691 0.0000000000
6764  -27.792  16.048  16.005 0.0000000000
6762  -24.505  15.940  16.018 0.0000000000
7455  -24.356  16.265  16.414 0.0000000000
6761  -24.163  15.918  16.288 0.0000000000
6749  -27.716  15.981  16.386 0.0000000000
7429  -27.252  16.078  17.177 0.0000000000
6748  -27.311  15.714  16.656 0.0000000000
6746  -23.922  16.062  16.618 0.0000000000
7441  -23.697  16.308  16.887 0.0000000000
6745  -23.749  16.141  16.813 0.0000000000
7440  -23.393  16.220  16.950 0.0000000000
6744  -23.209  15.922  16.836 0.0000000000
7425  -23.083  16.330  17.193 0.0000000000
6731  -22.960  15.886  17.049 0.0000000000
7424  -22.623  16.315  17.252 0.0000000000
6730  -22.509  15.988  17.106 0.0000000000
7423  -22.174  16.251  17.215 0.0000000000
6729  -22.126  15.985  17.063 0.0000000000
7422  -21.873  16.193  17.090 0.0000000000
6728  -21.984  15.989  17.011 0.0000000000
6741  -21.967  15.987  16.981 0.0000000000
7439  -21.911  15.981  16.988 0.0000000000
7438  -21.712  16.083  16.918 0.0000000000
6727  -21.029  16.173  16.781 0.0000000000
7420  -20.755  16.421  16.863 0.0000000000
6740  -21.347  15.969  16.672 0.0000000000
6726  -21.065  15.971  16.707 0.0000000000
6739  -20.779  15.982  16.583 0.0000000000
7437  -20.644  16.280  16.727 0.0000000000
7436  -20.365  16.438  16.696 0.0000000000
7419  -20.420  16.694  16.890 0.0000000000
8116  -20.133  16.898  16.945 0.0000000000
6266  -28.209  15.373  13.869 0.0000000000
6265  -28.057  15.479  14.315 0.0000000000
6249  -27.809  15.493  14.846 0.0000000000
6247  -24.635  15.413  14.675 0.0000000000
6236  -27.779  15.609  15.354 0.0000000000
6233  -24.751  15.582  15.127 0.0000000000
6217  -24.733  15.793  15.341 0.0000000000
6776  -27.688  15.805  15.865 0.0000000000
6220  -27.751  15.749  15.649 0.0000000000
6763  -27.563  15.783  16.209 0.0000000000
6203  -27.415  15.634  16.000 0.0000000000
6219  -27.523  15.419  15.676 0.0000000000
6216  -24.354  15.521  15.543 0.0000000000
6774  -24.380  15.823  15.949 0.0000000000
6201  -24.173  15.681  15.982 0.0000000000
6186  -27.269  15.513  16.297 0.0000000000
6200  -23.870  15.447  15.971 0.0000000000
6760  -23.919  15.791  16.331 0.0000000000
6184  -23.530  15.630  16.395 0.0000000000
6747  -26.955  15.395  16.855 0.0000000000
6185  -26.971  15.188  16.540 0.0000000000
6733  -27.084  15.689  17.133 0.0000000000
6732  -26.859  15.449  17.203 0.0000000000
6171  -26.787  15.163  16.996 0.0000000000
6183  -23.132  15.533  16.476 0.0000000000
6743  -22.909  15.841  16.924 0.0000000000
6182  -22.984  15.662  16.648 0.0000000000
6742  -22.463  15.907  17.006 0.0000000000
6181  -22.194  15.476  16.520 0.0000000000
6180  -21.640  15.556  16.439 0.0000000000
6179  -21.041  15.650  16.261 0.0000000000
6178  -20.930  15.631  16.323 0.0000000000
6759  -20.740  15.675  16.292 0.0000000000
6758  -20.460  15.812  16.291 0.0000000000
6738  -20.261  16.071  16.327 0.0000000000
6757  -19.982  15.913  16.095 0.0000000000
6737  -20.032  16.033  16.207 0.0000000000
7435  -20.189  16.179  16.420 0.0000000000
6294  -27.947  15.165  13.093 0.0000000000
5794  -27.777  14.981  12.926 0.0000000000
5793  -27.590  14.560  12.787 0.0000000000
6280  -27.981  14.848  13.415 0.0000000000
5779  -27.880  15.049  13.216 0.0000000000
5775  -24.038  14.773  13.311 0.0000000000
5767  -28.189  14.950  13.988 0.0000000000
5766  -27.999  14.812  13.819 0.0000000000
5764  -23.862  14.867  13.737 0.0000000000
5763  -23.707  14.989  13.760 0.0000000000
6276  -23.986  15.165  14.127 0.0000000000
6261  -24.187  15.145  14.406 0.0000000000
5749  -24.124  15.034  14.214 0.0000000000
6260  -24.011  15.123  14.258 0.0000000000
5752  -28.200  15.039  13.996 0.0000000000
5753  -28.207  14.859  13.824 0.0000000000
6264  -27.752  15.241  14.472 0.0000000000
5751  -27.960  14.899  14.152 0.0000000000
6248  -27.545  15.154  14.744 0.0000000000
5738  -27.515  14.952  14.442 0.0000000000
5750  -23.981  14.999  14.672 0.0000000000
5737  -23.999  15.060  14.889 0.0000000000
6246  -24.206  15.195  14.876 0.0000000000
6235  -27.413  15.147  15.150 0.0000000000
5724  -27.312  14.835  14.835 0.0000000000
6232  -24.398  15.335  15.062 0.0000000000
5721  -23.923  15.059  15.119 0.0000000000
6234  -27.274  15.104  15.094 0.0000000000
5723  -27.160  14.682  15.199 0.0000000000
6218  -27.176  14.994  15.471 0.0000000000
6202  -27.068  15.160  15.971 0.0000000000
5704  -26.859  14.581  15.656 0.0000000000
5702  -23.923  15.095  15.317 0.0000000000
6215  -23.983  15.325  15.635 0.0000000000
5701  -23.704  15.148  15.466 0.0000000000
5686  -26.752  14.569  16.200 0.0000000000
5684  -23.426  15.166  15.742 0.0000000000
6199  -23.232  15.283  16.185 0.0000000000
5683  -23.233  15.062  15.770 0.0000000000
6198  -22.843  15.095  15.972 0.0000000000
5682  -22.607  15.086  15.818 0.0000000000
6197  -22.448  15.239  16.086 0.0000000000
5681  -22.203  15.118  15.865 0.0000000000
6196  -22.013  15.197  15.976 0.0000000000
5680  -21.981  15.016  15.811 0.0000000000
5697  -21.847  15.068  15.769 0.0000000000
6214  -21.844  15.106  15.829 0.0000000000
6195  -21.347  15.272  15.988 0.0000000000
6194  -20.912  15.523  16.097 0.0000000000
6213  -21.325  15.223  15.817 0.0000000000
6212  -21.051  15.367  15.994 0.0000000000
6193  -20.527  15.520  16.121 0.0000000000
6211  -20.574  15.301  15.694 0.0000000000
6192  -20.223  15.546  15.905 0.0000000000
6210  -20.227  15.293  15.532 0.0000000000
6773  -20.119  15.504  15.862 0.0000000000
5672  -26.700  14.807  16.781 0.0000000000
5328  -27.418  14.160  12.305 0.0000000000
5337  -27.551  14.089  11.969 0.0000000000
5815  -27.324  14.568  11.591 0.0000000000
5814  -27.008  14.901  11.671 0.0000000000
5813  -26.904  14.979  11.782 0.0000000000
5802  -25.905  14.911  12.007 0.0000000000
5812  -26.185  14.832  11.613 0.0000000000
5801  -25.454  14.829  12.126 0.0000000000
5811  -25.638  14.749  11.588 0.0000000000
5800  -25.014  14.745  12.125 0.0000000000
5810  -25.177  14.722  11.892 0.0000000000
5326  -24.618  14.465  12.064 0.0000000000
5789  -24.759  14.752  12.587 0.0000000000
5335  -24.837  14.380  11.691 0.0000000000
5778  -27.525  14.580  13.320 0.0000000000
5303  -27.263  14.199  13.231 0.0000000000
5318  -27.347  14.099  12.769 0.0000000000
5316  -24.364  14.514  12.427 0.0000000000
5788  -24.292  14.709  12.838 0.0000000000
5315  -24.055  14.473  12.592 0.0000000000
5787  -24.099  14.795  13.061 0.0000000000
5314  -23.736  14.416  12.776 0.0000000000
5774  -23.833  14.643  13.076 0.0000000000
5765  -27.848  14.953  13.759 0.0000000000
5289  -27.299  14.446  13.699 0.0000000000
5301  -23.686  14.671  13.568 0.0000000000
5287  -23.766  14.748  13.654 0.0000000000
5300  -23.506  14.450  13.327 0.0000000000
5272  -27.437  14.695  14.100 0.0000000000
5286  -23.335  14.579  13.794 0.0000000000
5269  -23.476  14.758  14.257 0.0000000000
5736  -23.908  14.973  14.936 0.0000000000
5251  -23.594  14.822  14.585 0.0000000000
5254  -27.260  14.557  14.546 0.0000000000
5720  -23.912  15.109  15.023 0.0000000000
5735  -23.462  14.839  14.862 0.0000000000
5719  -23.433  14.840  15.074 0.0000000000
5250  -23.239  14.724  14.593 0.0000000000
5237  -27.189  14.424  14.949 0.0000000000
5722  -27.008  14.529  14.930 0.0000000000
5236  -26.978  14.259  15.038 0.0000000000
5703  -26.730  14.239  15.507 0.0000000000
5235  -26.631  14.034  15.184 0.0000000000
5234  -22.884  14.727  15.154 0.0000000000
5718  -22.916  14.781  15.191 0.0000000000
5700  -23.209  14.958  15.474 0.0000000000
5233  -22.626  14.637  14.889 0.0000000000
5717  -22.462  14.748  15.271 0.0000000000
5699  -22.753  14.901  15.536 0.0000000000
5232  -22.077  14.598  15.096 0.0000000000
5716  -22.219  14.816  15.473 0.0000000000
5698  -22.304  14.920  15.629 0.0000000000
5231  -21.695  14.581  15.080 0.0000000000
5715  -21.373  14.926  15.452 0.0000000000
5230  -21.205  14.611  15.088 0.0000000000
5714  -20.889  14.813  15.149 0.0000000000
5696  -21.510  15.067  15.701 0.0000000000
6231  -21.063  15.189  15.548 0.0000000000
6230  -20.974  15.119  15.236 0.0000000000
5229  -20.771  14.584  14.985 0.0000000000
5245  -20.859  14.480  14.807 0.0000000000
5734  -20.661  14.730  15.002 0.0000000000
5713  -20.422  14.885  15.092 0.0000000000
6229  -20.541  15.096  15.291 0.0000000000
5733  -20.383  14.710  14.838 0.0000000000
5712  -20.034  14.905  14.988 0.0000000000
6228  -19.869  15.007  15.015 0.0000000000
5732  -19.959  14.691  14.600 0.0000000000
6245  -19.716  15.065  14.861 0.0000000000
5213  -26.823  13.998  16.107 0.0000000000
5221  -26.757  14.164  15.835 0.0000000000
5220  -26.590  13.928  15.652 0.0000000000
5685  -26.536  14.315  16.653 0.0000000000
5212  -26.509  13.921  16.327 0.0000000000
4875  -27.375  13.875  11.867 0.0000000000
4884  -27.524  13.946  11.426 0.0000000000
5346  -27.530  14.281  11.331 0.0000000000
4874  -24.437  14.117  11.542 0.0000000000
5334  -24.254  14.264  12.029 0.0000000000
4882  -24.713  14.066  11.234 0.0000000000
5342  -25.058  14.263  11.306 0.0000000000
5336  -25.224  14.528  11.518 0.0000000000
4873  -24.035  14.034  11.720 0.0000000000
5325  -24.157  14.272  12.096 0.0000000000
5327  -27.285  13.853  12.573 0.0000000000
4865  -27.279  13.732  12.247 0.0000000000
5317  -27.077  13.805  12.972 0.0000000000
4864  -27.060  13.577  12.534 0.0000000000
4863  -23.851  14.116  11.979 0.0000000000
5324  -23.895  14.253  12.275 0.0000000000
4862  -23.463  13.905  11.964 0.0000000000
5323  -23.495  14.206  12.423 0.0000000000
4861  -23.192  13.990  12.309 0.0000000000
5313  -23.208  14.215  12.794 0.0000000000
5302  -26.841  13.827  13.381 0.0000000000
4844  -26.704  13.583  13.410 0.0000000000
4855  -26.842  13.404  12.877 0.0000000000
4854  -22.932  14.050  12.625 0.0000000000
5312  -22.820  14.113  12.902 0.0000000000
5299  -22.940  14.242  13.231 0.0000000000
4853  -22.621  13.897  12.747 0.0000000000
5298  -22.463  14.049  13.190 0.0000000000
5288  -26.909  14.035  13.777 0.0000000000
4834  -26.815  14.113  13.893 0.0000000000
5285  -22.995  14.340  13.757 0.0000000000
5284  -22.555  14.236  13.619 0.0000000000
4842  -22.345  13.866  12.995 0.0000000000
4841  -22.056  13.829  13.191 0.0000000000
5297  -22.196  13.970  13.367 0.0000000000
5283  -22.219  14.090  13.565 0.0000000000
4832  -22.029  13.928  13.566 0.0000000000
5271  -27.035  14.246  14.207 0.0000000000
4824  -26.852  14.058  13.994 0.0000000000
5268  -23.163  14.461  14.022 0.0000000000
5267  -22.659  14.323  14.081 0.0000000000
5266  -22.136  14.180  14.010 0.0000000000
4821  -22.030  14.045  13.758 0.0000000000
5270  -26.803  14.119  14.534 0.0000000000
4823  -26.576  13.820  14.385 0.0000000000
5253  -26.987  14.251  14.702 0.0000000000
5252  -26.707  14.059  14.811 0.0000000000
5249  -22.824  14.538  14.506 0.0000000000
5248  -22.403  14.394  14.526 0.0000000000
4820  -21.828  14.013  13.863 0.0000000000
5265  -21.655  14.180  14.270 0.0000000000
5247  -21.936  14.345  14.632 0.0000000000
4819  -21.417  13.945  13.979 0.0000000000
5264  -21.170  14.187  14.343 0.0000000000
5246  -21.425  14.362  14.743 0.0000000000
4818  -20.933  13.927  14.005 0.0000000000
5263  -20.715  14.163  14.247 0.0000000000
4817  -20.466  14.008  13.985 0.0000000000
5262  -20.340  14.169  14.079 0.0000000000
5244  -20.328  14.406  14.469 0.0000000000
5282  -20.099  14.148  13.878 0.0000000000
5261  -19.967  14.403  14.199 0.0000000000
4810  -26.380  13.697  14.969 0.0000000000
5243  -20.077  14.488  14.426 0.0000000000
4801  -26.320  13.612  15.415 0.0000000000
4793  -26.758  14.037  15.982 0.0000000000
4792  -26.330  13.626  15.851 0.0000000000
4787  -26.720  13.947  16.116 0.0000000000
4488  -27.389  13.593  11.422 0.0000000000
4489  -27.609  13.848  11.234 0.0000000000
4885  -27.843  13.833  11.063 0.0000000000
4881  -24.244  13.873  11.270 0.0000000000
4890  -24.516  13.853  11.018 0.0000000000
4891  -24.996  13.975  10.880 0.0000000000
4883  -25.157  14.000  10.863 0.0000000000
4486  -24.277  13.772  10.997 0.0000000000
4485  -23.982  13.650  10.957 0.0000000000
4880  -23.783  13.773  11.390 0.0000000000
4484  -23.373  13.448  11.119 0.0000000000
4879  -23.457  13.750  11.546 0.0000000000
4872  -23.652  13.900  11.797 0.0000000000
4475  -23.268  13.681  11.569 0.0000000000
4871  -23.299  13.820  11.898 0.0000000000
4477  -27.280  13.540  11.935 0.0000000000
4474  -22.998  13.646  11.734 0.0000000000
4870  -23.098  13.822  12.051 0.0000000000
4860  -22.909  13.833  12.258 0.0000000000
4464  -27.120  13.420  12.195 0.0000000000
4463  -26.831  13.164  12.401 0.0000000000
4462  -22.679  13.677  12.035 0.0000000000
4859  -22.527  13.743  12.363 0.0000000000
4461  -22.195  13.473  12.117 0.0000000000
4852  -22.215  13.751  12.721 0.0000000000
4440  -26.657  13.151  13.169 0.0000000000
4451  -26.780  13.125  12.845 0.0000000000
4450  -21.931  13.620  12.594 0.0000000000
4851  -21.891  13.719  12.918 0.0000000000
4449  -21.525  13.459  12.708 0.0000000000
4840  -21.532  13.680  13.143 0.0000000000
4843  -26.277  13.599  13.912 0.0000000000
4439  -26.271  13.148  13.563 0.0000000000
4833  -26.492  13.828  14.080 0.0000000000
4428  -26.118  13.401  14.148 0.0000000000
4831  -21.684  13.818  13.550 0.0000000000
4437  -21.198  13.595  12.981 0.0000000000
4839  -21.223  13.625  13.146 0.0000000000
4830  -21.140  13.725  13.467 0.0000000000
4436  -21.015  13.517  13.044 0.0000000000
4417  -26.375  13.556  14.131 0.0000000000
4426  -20.952  13.605  13.199 0.0000000000
4425  -20.725  13.664  13.332 0.0000000000
4829  -20.628  13.811  13.715 0.0000000000
4424  -20.353  13.766  13.494 0.0000000000
4828  -20.179  13.993  13.736 0.0000000000
4838  -20.001  13.811  13.390 0.0000000000
4827  -19.846  13.966  13.604 0.0000000000
4822  -26.305  13.512  14.633 0.0000000000
4416  -26.224  13.329  14.344 0.0000000000
4809  -26.338  13.598  14.785 0.0000000000
4407  -26.141  13.253  14.856 0.0000000000
4408  -26.060  13.163  15.075 0.0000000000
4401  -26.136  13.203  15.583 0.0000000000
4499  -27.665  13.750  11.091 0.0000000000
4476  -27.000  13.219  11.793 0.0000000000
4487  -27.020  13.182  11.186 0.0000000000
4498  -27.462  13.413  10.819 0.0000000000
4072  -26.729  12.882  11.419 0.0000000000
4082  -26.802  12.788  10.841 0.0000000000
4497  -27.045  13.086  10.851 0.0000000000
4495  -24.454  13.675  10.669 0.0000000000
4494  -23.881  13.308  10.525 0.0000000000
4070  -22.919  13.186  10.985 0.0000000000
4483  -22.783  13.295  11.316 0.0000000000
4079  -23.209  13.105  10.669 0.0000000000
4493  -23.499  13.241  10.683 0.0000000000
4069  -22.548  13.066  11.075 0.0000000000
4482  -22.333  13.168  11.296 0.0000000000
4473  -22.514  13.381  11.692 0.0000000000
4068  -22.201  12.948  11.094 0.0000000000
4481  -22.081  12.994  11.198 0.0000000000
4472  -21.988  13.233  11.549 0.0000000000
4067  -21.924  12.878  11.126 0.0000000000
4058  -26.635  12.799  11.935 0.0000000000
4056  -21.614  13.000  11.496 0.0000000000
4471  -21.544  13.168  11.790 0.0000000000
4460  -21.750  13.346  12.137 0.0000000000
4055  -21.148  12.960  11.736 0.0000000000
4459  -21.244  13.211  12.111 0.0000000000
4038  -26.663  12.872  12.737 0.0000000000
4046  -26.585  12.765  12.329 0.0000000000
4044  -21.089  13.080  11.940 0.0000000000
4043  -20.927  13.043  11.998 0.0000000000
4458  -21.237  13.140  12.094 0.0000000000
4448  -21.197  13.387  12.843 0.0000000000
4036  -20.847  13.148  12.249 0.0000000000
4447  -20.772  13.277  12.633 0.0000000000
4030  -26.856  12.892  12.873 0.0000000000
4035  -20.548  13.124  12.318 0.0000000000
4446  -20.105  13.390  12.691 0.0000000000
4435  -20.724  13.455  12.985 0.0000000000
4457  -19.813  13.057  12.175 0.0000000000
4434  -20.308  13.655  13.135 0.0000000000
4850  -19.927  13.751  13.063 0.0000000000
4456  -19.734  13.190  12.140 0.0000000000
4445  -19.388  13.514  12.551 0.0000000000
4849  -19.546  13.814  13.058 0.0000000000
4029  -26.345  12.681  13.203 0.0000000000
4438  -26.135  13.108  13.951 0.0000000000
4028  -26.186  12.862  13.594 0.0000000000
4427  -26.030  13.123  14.080 0.0000000000
4020  -26.042  12.611  13.766 0.0000000000
4009  -25.896  12.872  14.386 0.0000000000
4081  -26.564  12.673  10.872 0.0000000000
3647  -26.412  12.277  10.764 0.0000000000
3648  -26.727  12.500  10.472 0.0000000000
4094  -26.888  12.857  10.251 0.0000000000
4083  -27.154  12.974  10.599 0.0000000000
4071  -26.417  12.571  11.589 0.0000000000
3634  -26.310  12.254  11.320 0.0000000000
4078  -23.015  13.105  10.833 0.0000000000
4088  -22.996  12.819  10.326 0.0000000000
4089  -23.450  12.925  10.223 0.0000000000
4080  -23.579  13.142  10.439 0.0000000000
3646  -22.625  12.786  10.553 0.0000000000
4077  -22.226  12.914  11.154 0.0000000000
3645  -22.315  12.686  10.565 0.0000000000
4076  -22.098  12.808  10.942 0.0000000000
3644  -21.817  12.555  10.762 0.0000000000
4057  -26.331  12.520  11.890 0.0000000000
3623  -26.185  12.224  11.760 0.0000000000
3633  -21.674  12.708  10.963 0.0000000000
4066  -21.435  12.785  11.278 0.0000000000
3632  -21.262  12.562  10.948 0.0000000000
4065  -20.986  12.698  11.315 0.0000000000
3631  -20.868  12.430  10.988 0.0000000000
4064  -20.510  12.633  11.299 0.0000000000
4054  -20.701  12.819  11.668 0.0000000000
3630  -20.278  12.353  10.998 0.0000000000
4063  -19.966  12.656  11.349 0.0000000000
4053  -20.212  12.794  11.677 0.0000000000
4045  -26.325  12.277  12.237 0.0000000000
4042  -20.418  12.928  12.007 0.0000000000
4052  -19.773  12.924  11.791 0.0000000000
4041  -20.011  12.914  12.004 0.0000000000
4037  -26.333  12.547  12.571 0.0000000000
3615  -26.038  12.246  12.291 0.0000000000
3608  -26.072  12.269  12.867 0.0000000000
4021  -26.162  12.373  13.435 0.0000000000
3600  -25.966  12.085  13.102 0.0000000000
3659  -22.632  12.645  10.180 0.0000000000
3658  -22.083  12.249  9.929 0.0000000000
3643  -21.550  12.391  10.595 0.0000000000
3657  -21.807  12.296  10.117 0.0000000000
3248  -26.227  12.004  11.463 0.0000000000
3254  -26.196  11.943  11.155 0.0000000000
3622  -25.865  12.062  11.923 0.0000000000
3247  -26.044  11.842  11.549 0.0000000000
3607  -25.855  12.146  12.713 0.0000000000
3614  -25.774  12.133  12.332 0.0000000000
3599  -25.834  11.970  13.032 0.0000000000
3673  -22.069  12.152  9.524 0.0000000000
3674  -22.743  12.424  9.714 0.0000000000
4100  -23.050  12.682  9.817 0.0000000000
4090  -23.922  13.072  10.115 0.0000000000
4095  -27.126  12.972  10.385 0.0000000000
4510  -27.186  13.226  10.398 0.0000000000
4101  -23.195  12.700  9.811 0.0000000000
4102  -23.754  12.832  9.813 0.0000000000
4503  -24.048  13.107  10.115 0.0000000000
4103  -24.279  13.020  9.746 0.0000000000
4091  -24.329  13.168  9.903 0.0000000000
4504  -24.329  13.367  10.285 0.0000000000
4104  -24.666  13.223  9.771 0.0000000000
4092  -24.704  13.335  9.981 0.0000000000
4505  -24.867  13.580  10.206 0.0000000000
4515  -24.880  13.358  9.921 0.0000000000
3661  -26.716  12.550  10.295 0.0000000000
3660  -26.513  12.386  10.144 0.0000000000
4093  -26.625  12.683  9.862 0.0000000000
4106  -26.957  12.957  10.057 0.0000000000
4509  -26.870  13.459  10.195 0.0000000000
4519  -26.598  13.291  9.944 0.0000000000
3675  -23.083  12.484  9.561 0.0000000000
4110  -23.228  12.523  9.453 0.0000000000
4111  -23.520  12.686  9.419 0.0000000000
4112  -24.097  12.771  9.412 0.0000000000
4113  -24.778  13.013  9.346 0.0000000000
4524  -24.968  13.280  9.694 0.0000000000
4496  -25.015  13.851  10.630 0.0000000000
4901  -25.043  13.862  10.445 0.0000000000
4896  -27.649  13.977  10.907 0.0000000000
4895  -27.386  13.996  10.693 0.0000000000
4906  -27.144  13.684  10.472 0.0000000000
4516  -25.046  13.474  10.087 0.0000000000
4506  -25.496  13.797  10.160 0.0000000000
4902  -25.247  13.833  10.415 0.0000000000
4517  -25.648  13.492  9.825 0.0000000000
4507  -25.930  13.713  10.056 0.0000000000
4903  -25.728  13.935  10.304 0.0000000000
4518  -26.043  13.516  9.878 0.0000000000
4508  -26.389  13.654  10.125 0.0000000000
4904  -26.194  13.969  10.217 0.0000000000
4905  -26.719  13.925  10.320 0.0000000000
4525  -25.325  13.275  9.540 0.0000000000
4526  -25.826  13.285  9.403 0.0000000000
4527  -26.255  13.291  9.459 0.0000000000
4528  -26.657  13.136  9.615 0.0000000000
4114  -25.464  12.882  8.906 0.0000000000
4115  -26.009  13.108  8.900 0.0000000000
4534  -25.890  13.281  9.018 0.0000000000
4116  -26.431  13.029  9.234 0.0000000000
4535  -26.174  13.168  9.140 0.0000000000
4117  -26.765  12.935  9.587 0.0000000000
4122  -26.076  13.187  8.997 0.0000000000
4123  -26.170  13.120  9.025 0.0000000000
4837  -19.677  13.844  13.248 0.0000000000
4892  -25.200  13.933  10.713 0.0000000000
5343  -25.525  14.373  11.114 0.0000000000
5347  -27.693  14.353  11.025 0.0000000000
5353  -25.553  13.925  10.797 0.0000000000
4893  -25.691  13.929  10.454 0.0000000000
5354  -25.922  14.271  10.829 0.0000000000
5364  -25.830  14.029  10.343 0.0000000000
4894  -27.041  13.863  10.280 0.0000000000
5357  -27.225  14.367  10.716 0.0000000000
5358  -27.541  14.332  10.789 0.0000000000
5365  -26.042  14.225  10.477 0.0000000000
5366  -26.406  14.235  10.430 0.0000000000
5356  -26.796  14.368  10.652 0.0000000000
5820  -25.797  14.572  11.240 0.0000000000
5344  -25.832  14.374  10.895 0.0000000000
5821  -26.011  14.637  11.265 0.0000000000
5355  -26.277  14.463  10.793 0.0000000000
5345  -26.099  14.761  11.028 0.0000000000
5822  -26.410  14.757  11.224 0.0000000000
5830  -26.305  14.659  11.030 0.0000000000
5824  -27.391  14.688  11.189 0.0000000000
5825  -27.734  14.773  11.097 0.0000000000
5831  -26.655  14.716  10.944 0.0000000000
5832  -27.115  14.697  10.966 0.0000000000
5833  -27.406  14.622  10.857 0.0000000000
5823  -26.858  14.903  11.103 0.0000000000
6209  -19.760  15.276  15.401 0.0000000000
6227  -19.583  15.357  15.173 0.0000000000
7454  -19.741  16.385  16.213 0.0000000000
6772  -19.531  15.847  15.634 0.0000000000
6756  -19.749  16.001  15.955 0.0000000000
7453  -19.578  16.275  15.978 0.0000000000
6784  -19.215  15.733  15.154 0.0000000000
7464  -19.278  16.330  15.741 0.0000000000
6771  -19.167  15.952  15.323 0.0000000000
7463  -19.129  16.182  15.454 0.0000000000
8115  -20.117  16.891  16.906 0.0000000000
8136  -19.766  16.684  16.429 0.0000000000
8135  -19.469  16.790  16.249 0.0000000000
8154  -19.271  16.629  15.936 0.0000000000
6783  -18.855  15.988  15.039 0.0000000000
7476  -18.867  16.297  15.289 0.0000000000
8153  -18.942  16.724  15.697 0.0000000000
8096  -20.097  17.032  16.952 0.0000000000
8858  -19.924  17.133  16.904 0.0000000000
8877  -19.926  16.976  16.786 0.0000000000
8114  -19.753  16.843  16.506 0.0000000000
8876  -19.504  17.180  16.619 0.0000000000
8899  -19.295  16.934  16.154 0.0000000000
8134  -18.998  17.020  15.922 0.0000000000
8834  -20.070  17.493  17.412 0.0000000000
10783  -28.796  18.233  16.098 0.0000000000
11896  -25.172  18.846  16.843 0.0000000000
10765  -25.892  18.823  16.185 0.0000000000
11897  -25.719  19.024  16.463 0.0000000000
11909  -26.021  18.943  16.172 0.0000000000
11922  -26.084  18.809  15.993 0.0000000000
11913  -28.634  18.617  16.226 0.0000000000
10782  -28.516  18.580  15.959 0.0000000000
11923  -26.290  18.959  15.912 0.0000000000
11924  -26.764  18.809  15.678 0.0000000000
10799  -27.557  18.683  15.351 0.0000000000
11925  -27.239  18.878  15.624 0.0000000000
10800  -27.968  18.711  15.445 0.0000000000
11926  -27.812  19.008  15.790 0.0000000000
11927  -28.123  18.804  15.774 0.0000000000
12955  -25.589  19.385  16.724 0.0000000000
12956  -26.168  19.412  16.314 0.0000000000
12965  -26.144  19.069  16.145 0.0000000000
11910  -26.197  18.988  16.049 0.0000000000
12966  -26.490  19.319  16.095 0.0000000000
12977  -26.592  19.079  15.822 0.0000000000
12978  -26.900  19.141  15.814 0.0000000000
12979  -27.356  19.206  15.832 0.0000000000
11911  -28.023  19.058  15.968 0.0000000000
11912  -28.197  19.092  16.018 0.0000000000
12969  -28.090  19.126  16.015 0.0000000000
12980  -27.656  19.231  15.909 0.0000000000
12967  -27.047  19.417  16.019 0.0000000000
12968  -27.484  19.424  16.003 0.0000000000
