#!ascii label  , from subject  vox2ras=TkReg
43
1166  -15.069  9.395  14.600 0.0000000000
1159  -15.356  9.435  15.018 0.0000000000
1158  -14.912  9.546  14.888 0.0000000000
1165  -14.584  9.604  14.587 0.0000000000
1167  -15.593  9.321  14.655 0.0000000000
1176  -14.764  9.269  14.249 0.0000000000
1177  -15.254  9.170  14.273 0.0000000000
1160  -15.932  9.418  15.065 0.0000000000
1168  -16.200  9.182  14.717 0.0000000000
1178  -15.771  9.097  14.364 0.0000000000
832  -16.550  8.886  14.603 0.0000000000
1169  -16.868  9.132  14.870 0.0000000000
1179  -16.150  8.929  14.399 0.0000000000
1161  -16.527  9.367  15.109 0.0000000000
1175  -14.225  9.538  14.204 0.0000000000
836  -14.463  8.944  14.037 0.0000000000
837  -14.928  8.786  14.090 0.0000000000
838  -15.395  8.779  14.148 0.0000000000
839  -15.848  8.688  14.182 0.0000000000
840  -16.326  8.655  14.252 0.0000000000
1543  -14.609  9.878  14.870 0.0000000000
1557  -14.522  9.812  14.671 0.0000000000
1164  -14.386  9.690  14.453 0.0000000000
1556  -14.310  9.864  14.601 0.0000000000
1546  -16.319  9.727  15.305 0.0000000000
1162  -17.023  9.340  15.135 0.0000000000
1547  -16.894  9.634  15.321 0.0000000000
1545  -15.714  9.836  15.232 0.0000000000
1544  -15.119  9.775  15.105 0.0000000000
584  -15.439  8.275  14.115 0.0000000000
585  -15.958  8.272  14.151 0.0000000000
583  -15.152  8.522  14.107 0.0000000000
590  -14.991  8.283  13.833 0.0000000000
850  -14.686  8.688  13.700 0.0000000000
1542  -14.097  9.985  14.976 0.0000000000
1987  -14.367  10.217  15.162 0.0000000000
1988  -14.927  10.072  15.143 0.0000000000
1989  -15.174  9.856  15.409 0.0000000000
1990  -15.724  9.931  15.722 0.0000000000
1991  -16.112  9.822  15.703 0.0000000000
1973  -14.897  10.201  15.722 0.0000000000
1972  -14.669  10.406  15.523 0.0000000000
1974  -15.426  10.115  15.928 0.0000000000
