#!ascii label  , from subject  vox2ras=TkReg
218
3979  -22.917  12.211  15.282 0.0000000000
3550  -23.474  11.796  15.331 0.0000000000
3962  -23.226  12.368  15.780 0.0000000000
3978  -22.709  12.370  15.267 0.0000000000
3549  -23.125  11.894  15.303 0.0000000000
3961  -23.065  12.568  15.822 0.0000000000
3566  -22.732  12.006  14.995 0.0000000000
3994  -22.540  12.230  14.875 0.0000000000
3960  -22.639  12.636  15.604 0.0000000000
3977  -22.270  12.679  15.558 0.0000000000
3993  -22.299  12.428  14.971 0.0000000000
4390  -22.603  12.742  15.998 0.0000000000
4399  -21.845  12.870  16.057 0.0000000000
3976  -21.851  12.671  15.709 0.0000000000
3992  -21.787  12.679  14.997 0.0000000000
4398  -21.840  12.848  15.958 0.0000000000
3959  -21.976  12.726  16.007 0.0000000000
3958  -21.728  12.549  16.151 0.0000000000
3975  -21.333  12.410  15.588 0.0000000000
4389  -22.114  12.790  16.144 0.0000000000
3991  -21.463  12.512  15.251 0.0000000000
3957  -21.005  12.072  16.097 0.0000000000
3974  -21.055  12.161  15.476 0.0000000000
3990  -21.111  12.050  15.161 0.0000000000
3547  -20.973  12.045  15.371 0.0000000000
3537  -23.479  12.097  16.096 0.0000000000
3521  -23.870  11.987  15.917 0.0000000000
3943  -23.509  12.472  16.338 0.0000000000
3942  -23.146  12.668  15.979 0.0000000000
4391  -22.960  13.009  15.899 0.0000000000
4388  -21.999  12.839  16.173 0.0000000000
3941  -21.331  12.421  16.426 0.0000000000
3536  -21.428  12.058  16.225 0.0000000000
3535  -20.836  11.950  15.939 0.0000000000
3522  -24.186  12.124  16.122 0.0000000000
3944  -24.105  12.438  16.468 0.0000000000
3926  -24.101  12.729  17.152 0.0000000000
3925  -23.367  12.774  16.806 0.0000000000
4380  -23.203  12.731  16.524 0.0000000000
4379  -22.884  12.795  16.243 0.0000000000
3940  -21.003  12.148  16.763 0.0000000000
3520  -21.088  12.084  16.459 0.0000000000
3924  -21.081  12.133  16.972 0.0000000000
4376  -21.706  12.768  16.757 0.0000000000
3923  -20.988  12.152  16.954 0.0000000000
3506  -20.943  12.038  17.178 0.0000000000
3519  -20.922  12.048  16.498 0.0000000000
3906  -24.239  12.758  17.305 0.0000000000
3905  -23.940  12.809  17.421 0.0000000000
3927  -24.410  12.668  16.868 0.0000000000
4352  -23.590  13.028  17.292 0.0000000000
4368  -23.478  12.916  17.026 0.0000000000
4367  -23.199  12.953  16.934 0.0000000000
3903  -21.100  12.437  17.474 0.0000000000
3490  -21.036  12.125  17.055 0.0000000000
3507  -21.050  12.308  16.884 0.0000000000
4363  -21.851  12.688  16.851 0.0000000000
3902  -20.956  11.776  17.895 0.0000000000
3489  -20.841  12.088  17.353 0.0000000000
3880  -20.986  12.661  17.940 0.0000000000
3879  -20.716  12.524  17.832 0.0000000000
3904  -21.425  12.757  17.679 0.0000000000
4347  -21.684  12.585  17.566 0.0000000000
4321  -21.150  12.882  18.084 0.0000000000
4322  -21.189  12.951  18.016 0.0000000000
3881  -21.184  12.894  18.110 0.0000000000
3878  -20.120  12.673  17.855 0.0000000000
3475  -20.343  12.139  17.811 0.0000000000
3866  -20.849  12.894  18.117 0.0000000000
3865  -20.430  12.754  18.041 0.0000000000
4296  -20.676  12.896  18.141 0.0000000000
3152  -23.210  11.737  15.099 0.0000000000
3578  -22.749  11.835  14.687 0.0000000000
4007  -22.554  12.068  14.664 0.0000000000
3135  -23.147  11.900  15.252 0.0000000000
3136  -23.430  11.824  15.213 0.0000000000
3551  -23.820  11.924  15.455 0.0000000000
3538  -23.793  12.093  15.716 0.0000000000
3133  -20.796  11.623  15.303 0.0000000000
3548  -20.921  11.791  14.822 0.0000000000
3562  -20.947  11.988  15.186 0.0000000000
3539  -24.130  12.093  15.765 0.0000000000
3534  -20.882  11.922  15.955 0.0000000000
3121  -20.712  11.476  15.904 0.0000000000
3518  -20.865  11.944  16.213 0.0000000000
3120  -20.794  11.819  15.986 0.0000000000
3523  -24.307  12.247  16.124 0.0000000000
3505  -20.624  11.798  16.863 0.0000000000
3105  -20.572  11.378  16.369 0.0000000000
3488  -20.131  11.920  17.228 0.0000000000
3082  -20.194  11.677  17.015 0.0000000000
3093  -20.175  11.287  16.927 0.0000000000
3487  -19.927  11.999  17.223 0.0000000000
3081  -19.978  11.785  17.123 0.0000000000
3474  -19.945  11.923  17.812 0.0000000000
3901  -19.807  12.420  17.342 0.0000000000
3153  -23.399  11.663  14.923 0.0000000000
3169  -22.946  11.613  14.340 0.0000000000
3137  -23.974  11.668  14.922 0.0000000000
2702  -20.589  11.194  15.479 0.0000000000
2716  -20.525  11.214  15.025 0.0000000000
3148  -20.607  11.585  14.677 0.0000000000
3134  -20.964  11.728  15.007 0.0000000000
3106  -20.650  11.071  16.125 0.0000000000
2688  -20.401  10.902  15.966 0.0000000000
2678  -20.338  10.960  16.211 0.0000000000
2679  -20.444  10.980  16.016 0.0000000000
2668  -20.119  11.014  16.621 0.0000000000
3092  -19.864  11.515  16.805 0.0000000000
2667  -20.010  11.117  16.771 0.0000000000
3504  -19.823  11.838  17.013 0.0000000000
2701  -20.438  10.678  15.383 0.0000000000
2715  -20.298  11.110  14.741 0.0000000000
2687  -20.331  10.673  15.874 0.0000000000
3149  -20.769  11.668  14.410 0.0000000000
3563  -21.186  11.855  14.880 0.0000000000
3154  -23.927  11.554  14.824 0.0000000000
3138  -24.377  11.744  15.102 0.0000000000
3552  -24.265  11.917  15.440 0.0000000000
3155  -24.475  11.466  14.744 0.0000000000
3139  -24.860  11.767  15.031 0.0000000000
3553  -24.815  11.998  15.390 0.0000000000
3147  -20.356  11.448  14.584 0.0000000000
3164  -20.347  11.538  14.177 0.0000000000
3165  -20.824  11.743  14.034 0.0000000000
3166  -21.157  11.287  14.042 0.0000000000
3150  -21.793  11.121  13.970 0.0000000000
3564  -21.570  11.784  14.341 0.0000000000
3167  -21.830  11.504  13.803 0.0000000000
3151  -22.150  11.811  14.102 0.0000000000
3565  -22.145  11.492  14.064 0.0000000000
3168  -22.343  11.676  13.950 0.0000000000
3577  -22.256  11.803  14.347 0.0000000000
3170  -23.495  11.419  14.396 0.0000000000
2717  -24.134  11.244  14.394 0.0000000000
3171  -23.831  11.236  14.273 0.0000000000
2718  -24.524  11.266  14.301 0.0000000000
3156  -25.056  11.756  14.555 0.0000000000
3183  -20.639  11.726  13.542 0.0000000000
3184  -20.868  11.710  13.363 0.0000000000
3185  -21.600  11.592  13.423 0.0000000000
3186  -22.239  11.590  13.368 0.0000000000
3187  -22.772  11.406  13.696 0.0000000000
3188  -23.217  11.222  13.906 0.0000000000
3189  -23.591  11.198  14.091 0.0000000000
2733  -23.771  10.942  14.003 0.0000000000
2748  -23.715  11.045  13.875 0.0000000000
3203  -22.011  11.255  12.971 0.0000000000
3204  -22.697  11.091  13.181 0.0000000000
3205  -22.949  11.171  13.556 0.0000000000
2747  -23.243  11.066  13.821 0.0000000000
2761  -23.059  11.018  13.411 0.0000000000
2760  -22.885  10.879  13.094 0.0000000000
3221  -22.737  10.928  12.901 0.0000000000
3220  -22.342  11.220  12.753 0.0000000000
2774  -22.885  10.796  12.857 0.0000000000
2773  -22.610  10.979  12.627 0.0000000000
3945  -24.541  12.429  16.441 0.0000000000
3540  -24.563  12.159  15.827 0.0000000000
3524  -24.576  12.285  16.162 0.0000000000
3946  -24.912  12.387  16.171 0.0000000000
3963  -24.848  12.120  15.806 0.0000000000
3574  -21.104  12.102  15.048 0.0000000000
4003  -21.073  12.340  14.824 0.0000000000
3575  -21.680  11.914  14.651 0.0000000000
3576  -22.023  11.839  14.135 0.0000000000
4004  -21.610  12.298  14.866 0.0000000000
3588  -22.007  12.215  14.299 0.0000000000
3587  -21.581  12.199  14.234 0.0000000000
4016  -21.945  12.125  14.912 0.0000000000
3589  -22.105  12.147  14.392 0.0000000000
4006  -22.211  12.044  14.702 0.0000000000
4018  -22.030  11.836  14.473 0.0000000000
4017  -21.981  12.010  14.550 0.0000000000
4323  -21.682  13.070  17.833 0.0000000000
4348  -21.896  12.977  17.538 0.0000000000
3928  -24.945  12.665  16.722 0.0000000000
3947  -25.388  12.669  16.319 0.0000000000
3964  -25.329  12.485  15.847 0.0000000000
4005  -21.993  12.252  14.792 0.0000000000
4349  -22.071  13.077  17.373 0.0000000000
4364  -22.067  12.997  16.975 0.0000000000
4324  -22.299  13.225  17.762 0.0000000000
4350  -22.567  13.184  17.341 0.0000000000
4365  -22.330  13.012  16.961 0.0000000000
4377  -21.901  12.966  16.769 0.0000000000
4366  -22.797  13.010  16.917 0.0000000000
4378  -22.516  12.886  16.507 0.0000000000
4351  -23.076  13.175  17.313 0.0000000000
2426  -22.998  10.690  12.584 0.0000000000
2413  -23.002  10.745  13.018 0.0000000000
2788  -22.792  10.791  12.481 0.0000000000
2414  -23.342  10.741  13.174 0.0000000000
2400  -23.372  10.906  13.619 0.0000000000
2401  -23.675  10.809  13.452 0.0000000000
2762  -23.973  10.868  13.416 0.0000000000
2734  -24.101  11.113  14.071 0.0000000000
2749  -24.083  11.033  13.822 0.0000000000
2735  -24.529  11.212  13.962 0.0000000000
2719  -25.095  11.661  14.051 0.0000000000
2415  -23.832  10.702  13.064 0.0000000000
2427  -23.198  10.648  12.776 0.0000000000
2428  -23.581  10.545  12.781 0.0000000000
2429  -24.064  10.557  12.780 0.0000000000
2416  -24.044  10.750  13.092 0.0000000000
2763  -24.284  10.947  13.209 0.0000000000
2061  -23.625  10.432  12.548 0.0000000000
2062  -23.787  10.370  12.568 0.0000000000
2443  -23.440  10.526  12.527 0.0000000000
2074  -24.024  10.300  12.394 0.0000000000
2444  -24.333  10.627  12.298 0.0000000000
2775  -24.508  10.920  12.598 0.0000000000
3172  -24.826  11.417  14.057 0.0000000000
2750  -24.340  11.162  13.707 0.0000000000
3190  -24.807  11.391  13.568 0.0000000000
2764  -24.656  11.238  13.213 0.0000000000
2776  -24.751  11.276  12.846 0.0000000000
3206  -24.884  11.488  13.062 0.0000000000
