#!ascii label  , from subject  vox2ras=TkReg
215
299  -12.837  6.995  4.225 0.0000000000
161  -13.219  6.941  4.092 0.0000000000
157  -12.927  6.787  4.589 0.0000000000
295  -12.801  7.053  4.671 0.0000000000
300  -12.964  7.006  3.969 0.0000000000
499  -12.786  7.207  4.416 0.0000000000
503  -12.768  7.063  4.090 0.0000000000
305  -12.848  6.999  3.899 0.0000000000
162  -13.136  6.891  4.063 0.0000000000
306  -13.143  7.021  3.788 0.0000000000
508  -12.677  7.365  3.790 0.0000000000
304  -12.233  6.976  3.717 0.0000000000
309  -12.405  7.045  3.049 0.0000000000
310  -13.059  6.783  3.254 0.0000000000
165  -13.164  6.926  3.923 0.0000000000
166  -13.352  6.864  3.937 0.0000000000
307  -13.791  6.912  3.774 0.0000000000
311  -13.342  6.900  3.037 0.0000000000
301  -13.932  6.983  4.004 0.0000000000
163  -13.691  6.843  4.257 0.0000000000
302  -14.051  7.070  4.224 0.0000000000
308  -13.877  7.019  4.087 0.0000000000
312  -13.822  7.007  3.313 0.0000000000
510  -13.848  7.070  3.856 0.0000000000
523  -13.992  7.187  3.395 0.0000000000
511  -14.181  7.318  4.121 0.0000000000
507  -12.508  7.006  3.659 0.0000000000
520  -12.339  7.465  3.448 0.0000000000
314  -12.758  6.999  2.943 0.0000000000
313  -12.558  6.794  3.046 0.0000000000
534  -12.351  7.290  2.983 0.0000000000
315  -13.307  7.106  2.809 0.0000000000
316  -13.714  7.286  2.947 0.0000000000
328  -12.700  7.141  2.458 0.0000000000
327  -12.389  7.113  2.541 0.0000000000
329  -12.933  6.985  2.248 0.0000000000
167  -13.571  6.955  2.708 0.0000000000
174  -13.499  6.816  2.339 0.0000000000
168  -13.822  6.886  2.608 0.0000000000
317  -14.183  7.237  2.705 0.0000000000
537  -14.143  7.422  3.071 0.0000000000
538  -14.118  7.683  3.064 0.0000000000
549  -12.377  7.626  2.522 0.0000000000
340  -12.449  7.068  2.087 0.0000000000
558  -12.264  7.343  2.047 0.0000000000
341  -12.875  7.120  1.981 0.0000000000
342  -13.241  6.881  1.862 0.0000000000
351  -12.526  7.189  1.746 0.0000000000
350  -12.234  7.045  1.946 0.0000000000
352  -13.085  6.839  1.261 0.0000000000
181  -13.673  6.749  1.806 0.0000000000
189  -13.409  6.789  1.423 0.0000000000
564  -12.212  7.228  1.921 0.0000000000
565  -12.324  7.582  1.620 0.0000000000
359  -12.650  7.428  1.240 0.0000000000
197  -13.449  6.830  0.887 0.0000000000
360  -12.909  7.227  0.971 0.0000000000
572  -12.687  7.754  1.366 0.0000000000
573  -13.013  7.909  1.081 0.0000000000
500  -12.980  7.356  4.802 0.0000000000
504  -12.843  7.554  4.252 0.0000000000
296  -12.875  7.119  5.244 0.0000000000
291  -12.889  7.137  5.179 0.0000000000
495  -13.176  7.407  5.252 0.0000000000
501  -13.209  7.690  4.984 0.0000000000
733  -12.977  7.846  4.572 0.0000000000
496  -13.353  7.822  5.237 0.0000000000
734  -13.326  8.053  4.766 0.0000000000
742  -12.954  7.945  4.074 0.0000000000
509  -12.984  8.019  3.995 0.0000000000
521  -12.745  8.069  3.494 0.0000000000
757  -13.216  8.131  3.782 0.0000000000
522  -13.019  8.077  3.401 0.0000000000
535  -12.575  8.032  2.959 0.0000000000
536  -12.964  8.173  3.041 0.0000000000
550  -12.729  8.202  2.465 0.0000000000
782  -13.042  8.066  2.981 0.0000000000
781  -12.858  7.905  2.883 0.0000000000
559  -12.457  7.999  2.066 0.0000000000
566  -12.710  8.171  1.805 0.0000000000
743  -13.264  8.020  4.196 0.0000000000
287  -12.969  7.044  5.677 0.0000000000
491  -13.291  7.656  5.725 0.0000000000
297  -14.225  6.975  4.692 0.0000000000
164  -14.050  6.823  4.579 0.0000000000
298  -14.528  7.296  4.636 0.0000000000
303  -14.331  7.314  4.274 0.0000000000
505  -14.192  7.309  4.131 0.0000000000
292  -14.309  7.046  4.996 0.0000000000
160  -14.138  6.855  4.912 0.0000000000
290  -12.825  6.919  4.982 0.0000000000
293  -14.677  7.189  5.251 0.0000000000
155  -14.195  6.691  5.279 0.0000000000
286  -12.806  6.882  5.342 0.0000000000
152  -12.887  6.602  5.206 0.0000000000
148  -12.918  6.887  6.161 0.0000000000
142  -12.932  6.636  6.079 0.0000000000
282  -13.184  7.032  5.980 0.0000000000
147  -12.816  6.676  5.664 0.0000000000
190  -13.838  6.742  1.320 0.0000000000
198  -14.040  6.834  0.825 0.0000000000
204  -13.739  6.873  0.661 0.0000000000
203  -13.599  6.864  0.524 0.0000000000
366  -13.338  7.166  0.435 0.0000000000
182  -14.082  6.766  1.728 0.0000000000
191  -14.388  6.603  1.259 0.0000000000
175  -13.988  6.756  2.140 0.0000000000
183  -14.379  6.755  1.796 0.0000000000
169  -14.104  6.809  2.474 0.0000000000
176  -14.457  6.781  2.141 0.0000000000
170  -14.569  6.857  2.453 0.0000000000
159  -13.859  6.756  4.823 0.0000000000
158  -13.357  6.736  4.645 0.0000000000
154  -13.502  6.618  5.204 0.0000000000
153  -13.045  6.699  4.854 0.0000000000
149  -14.234  6.390  5.781 0.0000000000
76  -14.015  6.270  5.678 0.0000000000
75  -13.731  6.294  5.423 0.0000000000
150  -14.631  6.809  5.640 0.0000000000
156  -14.528  6.889  5.355 0.0000000000
74  -13.019  6.489  5.102 0.0000000000
73  -12.940  6.054  4.925 0.0000000000
69  -12.937  6.302  5.648 0.0000000000
144  -14.949  6.700  6.089 0.0000000000
143  -14.469  6.539  6.014 0.0000000000
151  -15.013  6.954  5.827 0.0000000000
288  -14.891  7.129  5.615 0.0000000000
67  -13.866  6.102  6.106 0.0000000000
72  -14.166  6.033  5.985 0.0000000000
141  -12.796  6.525  5.956 0.0000000000
137  -15.207  6.810  6.391 0.0000000000
61  -14.823  6.471  6.704 0.0000000000
68  -14.595  6.402  6.323 0.0000000000
145  -15.151  6.981  6.009 0.0000000000
65  -12.843  6.256  6.081 0.0000000000
135  -13.187  6.479  6.322 0.0000000000
64  -12.886  6.357  6.016 0.0000000000
138  -15.363  6.619  6.662 0.0000000000
71  -13.934  6.152  5.965 0.0000000000
70  -13.413  6.222  5.719 0.0000000000
66  -13.618  6.088  6.000 0.0000000000
60  -14.387  6.240  6.705 0.0000000000
59  -13.728  6.210  6.549 0.0000000000
58  -13.336  6.127  6.055 0.0000000000
54  -14.799  6.218  7.291 0.0000000000
62  -15.228  6.280  6.983 0.0000000000
53  -14.174  6.255  7.186 0.0000000000
47  -14.833  6.211  7.820 0.0000000000
46  -14.418  6.231  7.703 0.0000000000
48  -14.769  6.106  7.893 0.0000000000
55  -15.333  6.237  7.396 0.0000000000
40  -15.204  6.214  8.238 0.0000000000
49  -15.528  6.215  7.841 0.0000000000
39  -14.684  6.243  8.158 0.0000000000
41  -15.788  6.229  8.292 0.0000000000
50  -15.897  6.074  8.032 0.0000000000
56  -15.809  6.292  7.400 0.0000000000
42  -16.353  6.288  8.313 0.0000000000
51  -16.575  6.400  7.957 0.0000000000
57  -16.129  6.357  7.357 0.0000000000
129  -16.290  6.439  7.646 0.0000000000
43  -16.915  6.580  8.240 0.0000000000
130  -16.626  6.758  7.699 0.0000000000
63  -15.613  6.343  7.005 0.0000000000
133  -16.181  6.632  7.236 0.0000000000
132  -16.152  6.472  7.085 0.0000000000
139  -15.879  6.711  6.854 0.0000000000
125  -16.911  6.993  8.027 0.0000000000
271  -16.754  7.286  7.604 0.0000000000
134  -16.665  7.163  7.149 0.0000000000
140  -16.128  6.842  6.935 0.0000000000
275  -16.269  7.110  6.986 0.0000000000
276  -16.497  7.316  7.213 0.0000000000
146  -15.578  6.859  6.467 0.0000000000
281  -15.936  6.814  6.721 0.0000000000
280  -15.765  7.077  6.549 0.0000000000
285  -15.535  7.114  6.287 0.0000000000
284  -15.346  7.272  6.112 0.0000000000
289  -15.175  7.252  5.810 0.0000000000
177  -14.820  6.990  2.112 0.0000000000
184  -14.808  7.087  1.992 0.0000000000
192  -14.783  6.753  1.414 0.0000000000
77  -14.736  6.425  1.180 0.0000000000
80  -14.778  6.107  1.063 0.0000000000
199  -14.622  6.583  0.801 0.0000000000
362  -14.404  6.992  0.677 0.0000000000
361  -14.116  7.038  0.655 0.0000000000
367  -13.866  7.100  0.488 0.0000000000
267  -16.968  7.277  7.988 0.0000000000
468  -16.951  7.573  7.856 0.0000000000
473  -16.798  7.803  7.585 0.0000000000
480  -16.562  7.678  7.261 0.0000000000
479  -16.295  7.584  6.993 0.0000000000
485  -16.004  7.509  6.700 0.0000000000
484  -15.844  7.282  6.606 0.0000000000
489  -15.680  7.508  6.328 0.0000000000
488  -15.337  7.528  5.985 0.0000000000
294  -15.068  7.354  5.473 0.0000000000
493  -15.291  7.682  5.657 0.0000000000
368  -14.250  7.175  0.523 0.0000000000
469  -17.103  7.694  7.946 0.0000000000
474  -17.051  7.901  7.803 0.0000000000
707  -16.926  8.144  7.552 0.0000000000
715  -16.645  8.160  7.203 0.0000000000
701  -17.233  7.987  7.962 0.0000000000
708  -17.153  8.266  7.714 0.0000000000
714  -16.394  8.190  7.087 0.0000000000
720  -16.149  7.805  6.823 0.0000000000
490  -15.895  7.639  6.477 0.0000000000
724  -16.032  7.881  6.368 0.0000000000
494  -15.530  7.759  5.953 0.0000000000
723  -15.755  7.927  6.075 0.0000000000
716  -17.048  8.469  7.328 0.0000000000
268  -17.227  7.163  8.342 0.0000000000
126  -17.146  6.837  8.348 0.0000000000
