#!ascii label  , from subject  vox2ras=TkReg
176
11744  -25.796  18.941  20.879 0.0000000000
11743  -25.439  18.802  21.255 0.0000000000
11753  -25.632  18.850  20.895 0.0000000000
11754  -25.733  18.983  20.679 0.0000000000
12821  -25.935  19.234  20.990 0.0000000000
12828  -25.876  19.187  20.894 0.0000000000
10650  -25.595  18.495  20.692 0.0000000000
10651  -25.262  18.891  20.384 0.0000000000
11763  -25.763  18.993  20.225 0.0000000000
12840  -25.908  19.245  20.328 0.0000000000
10655  -25.718  18.622  20.131 0.0000000000
11778  -25.817  19.070  20.096 0.0000000000
10663  -25.694  18.298  19.811 0.0000000000
11801  -25.926  18.674  19.540 0.0000000000
12856  -26.173  19.193  19.885 0.0000000000
11779  -26.158  18.945  19.656 0.0000000000
11802  -26.369  18.756  19.275 0.0000000000
12857  -26.587  19.142  19.667 0.0000000000
10677  -25.871  18.229  19.216 0.0000000000
10678  -25.991  18.268  19.026 0.0000000000
11826  -26.428  18.455  18.809 0.0000000000
12885  -26.725  18.938  19.526 0.0000000000
11827  -26.969  18.710  18.947 0.0000000000
11803  -27.051  18.826  19.508 0.0000000000
11781  -27.211  19.031  19.653 0.0000000000
11780  -26.888  18.918  19.813 0.0000000000
11804  -27.521  19.123  19.433 0.0000000000
12858  -26.797  18.964  19.882 0.0000000000
12886  -26.966  19.038  19.743 0.0000000000
11828  -27.580  18.830  19.034 0.0000000000
12859  -27.456  19.355  19.877 0.0000000000
12887  -27.849  19.399  19.655 0.0000000000
11829  -28.025  18.989  18.882 0.0000000000
11805  -28.100  19.322  19.310 0.0000000000
12888  -28.070  19.337  19.214 0.0000000000
12909  -27.861  19.027  18.916 0.0000000000
12820  -25.279  19.216  21.614 0.0000000000
13938  -25.550  19.834  21.641 0.0000000000
13939  -26.019  19.983  21.546 0.0000000000
12822  -26.021  19.391  21.145 0.0000000000
12829  -26.049  19.390  21.058 0.0000000000
13940  -26.288  19.691  21.303 0.0000000000
13952  -25.985  19.354  20.841 0.0000000000
13953  -26.248  19.508  20.847 0.0000000000
13971  -26.094  19.498  20.472 0.0000000000
13996  -25.938  19.490  19.997 0.0000000000
13997  -26.542  19.346  20.006 0.0000000000
13998  -26.857  19.277  19.976 0.0000000000
12841  -27.194  19.375  20.094 0.0000000000
12842  -27.440  19.510  20.121 0.0000000000
13999  -27.729  19.610  20.175 0.0000000000
14020  -27.922  19.650  19.844 0.0000000000
14021  -28.169  19.663  19.689 0.0000000000
12910  -28.065  19.215  18.739 0.0000000000
12889  -28.262  19.515  18.946 0.0000000000
14022  -28.523  19.860  19.217 0.0000000000
14032  -28.326  19.768  18.585 0.0000000000
13931  -25.412  19.775  21.900 0.0000000000
13932  -25.902  20.066  21.762 0.0000000000
15176  -26.040  19.905  21.595 0.0000000000
13941  -26.884  19.890  21.369 0.0000000000
13933  -26.585  19.880  21.629 0.0000000000
15177  -26.260  19.922  21.667 0.0000000000
13954  -26.645  19.709  20.871 0.0000000000
13934  -26.784  19.965  21.930 0.0000000000
15162  -27.008  20.147  21.760 0.0000000000
15178  -26.927  19.967  21.267 0.0000000000
13955  -27.132  19.742  20.930 0.0000000000
13942  -27.337  19.858  21.211 0.0000000000
15179  -27.460  20.006  21.401 0.0000000000
13956  -27.666  19.780  20.929 0.0000000000
13943  -27.891  19.838  20.922 0.0000000000
15180  -27.933  19.958  21.245 0.0000000000
13972  -26.433  19.569  20.399 0.0000000000
13973  -26.936  19.559  20.361 0.0000000000
13974  -27.437  19.652  20.431 0.0000000000
15193  -28.067  19.912  21.148 0.0000000000
13975  -27.958  19.704  20.509 0.0000000000
15210  -28.336  19.971  20.864 0.0000000000
14000  -28.110  19.718  20.093 0.0000000000
13976  -28.267  19.873  20.310 0.0000000000
14001  -28.426  20.004  19.878 0.0000000000
15211  -28.497  20.152  20.422 0.0000000000
15161  -26.476  20.114  21.890 0.0000000000
15150  -27.153  20.348  22.380 0.0000000000
15149  -26.627  20.261  22.380 0.0000000000
15163  -27.533  20.159  21.771 0.0000000000
15151  -27.667  20.287  22.147 0.0000000000
15164  -28.090  20.174  21.946 0.0000000000
15160  -25.892  20.067  21.881 0.0000000000
15181  -28.207  20.062  21.212 0.0000000000
15194  -28.314  20.085  21.216 0.0000000000
15148  -26.026  20.260  22.424 0.0000000000
15159  -25.577  19.929  21.994 0.0000000000
15147  -25.569  20.056  22.294 0.0000000000
13924  -25.294  19.684  22.213 0.0000000000
16562  -27.518  20.449  22.526 0.0000000000
16563  -28.074  20.409  22.272 0.0000000000
15152  -27.995  20.258  22.014 0.0000000000
15141  -27.040  20.498  22.674 0.0000000000
16561  -26.851  20.486  22.694 0.0000000000
16560  -26.381  20.395  22.738 0.0000000000
15139  -25.618  20.196  22.802 0.0000000000
13917  -25.294  19.686  22.648 0.0000000000
12815  -25.222  19.122  22.022 0.0000000000
12805  -25.233  19.139  22.521 0.0000000000
13906  -25.276  19.681  23.138 0.0000000000
12794  -25.249  19.163  22.941 0.0000000000
12819  -24.937  18.993  22.067 0.0000000000
11742  -25.220  18.917  21.696 0.0000000000
12814  -24.941  18.831  22.028 0.0000000000
11733  -25.196  18.977  21.867 0.0000000000
11719  -25.260  18.567  22.344 0.0000000000
11734  -25.268  18.616  21.792 0.0000000000
11706  -25.266  18.593  22.880 0.0000000000
12781  -25.244  19.221  23.197 0.0000000000
11692  -25.275  18.761  23.270 0.0000000000
10642  -25.434  18.142  21.385 0.0000000000
10629  -25.451  18.068  22.074 0.0000000000
10611  -25.476  18.107  22.698 0.0000000000
10597  -25.463  18.114  22.787 0.0000000000
10695  -26.073  18.104  18.813 0.0000000000
9653  -25.739  17.804  19.493 0.0000000000
9665  -25.813  17.710  19.028 0.0000000000
10694  -25.881  17.967  18.902 0.0000000000
10662  -25.258  18.078  20.171 0.0000000000
9648  -25.527  17.897  19.937 0.0000000000
10654  -25.540  18.193  20.143 0.0000000000
9647  -25.473  18.037  20.093 0.0000000000
9640  -25.447  17.963  20.312 0.0000000000
9631  -25.560  17.908  20.946 0.0000000000
9597  -25.550  17.974  22.115 0.0000000000
9614  -25.708  17.832  21.415 0.0000000000
9582  -25.629  17.884  22.473 0.0000000000
9569  -25.593  17.997  22.922 0.0000000000
10585  -25.373  18.347  23.284 0.0000000000
9552  -25.572  18.081  23.280 0.0000000000
8794  -25.813  17.431  19.825 0.0000000000
8801  -25.998  17.314  19.292 0.0000000000
9641  -25.670  17.668  20.148 0.0000000000
9632  -25.739  17.621  20.616 0.0000000000
8785  -25.899  17.360  20.329 0.0000000000
9615  -25.907  17.560  21.129 0.0000000000
8774  -25.976  17.336  20.828 0.0000000000
8758  -26.227  17.199  21.144 0.0000000000
8757  -26.080  17.238  20.831 0.0000000000
9616  -26.009  17.499  20.789 0.0000000000
9598  -25.936  17.674  21.729 0.0000000000
9599  -26.048  17.589  21.319 0.0000000000
8740  -26.190  17.430  21.735 0.0000000000
9583  -25.825  17.662  22.293 0.0000000000
8723  -26.047  17.437  22.092 0.0000000000
8739  -25.916  17.701  22.101 0.0000000000
9570  -25.783  17.754  22.904 0.0000000000
8705  -26.042  17.411  22.637 0.0000000000
9553  -25.860  17.839  23.458 0.0000000000
8686  -26.089  17.521  23.204 0.0000000000
8786  -26.099  17.197  20.056 0.0000000000
8795  -26.168  17.092  19.681 0.0000000000
8775  -26.186  17.107  20.559 0.0000000000
8038  -26.354  16.727  20.170 0.0000000000
8021  -26.475  16.752  20.774 0.0000000000
8003  -26.546  16.821  21.326 0.0000000000
8002  -26.667  16.973  20.992 0.0000000000
8759  -26.444  16.846  21.057 0.0000000000
8741  -26.435  17.059  21.642 0.0000000000
8725  -26.915  16.822  22.039 0.0000000000
7984  -26.621  16.798  21.820 0.0000000000
8724  -26.379  17.109  22.277 0.0000000000
7968  -26.594  16.864  22.104 0.0000000000
8706  -26.208  17.118  22.989 0.0000000000
7951  -26.239  16.697  22.786 0.0000000000
7967  -26.352  16.681  22.283 0.0000000000
8687  -26.210  17.238  23.546 0.0000000000
7935  -26.042  16.769  23.415 0.0000000000
9554  -26.114  17.671  23.687 0.0000000000
