#!ascii label  , from subject  vox2ras=TkReg
205
18075  -26.942  21.219  17.911 0.0000000000
16649  -26.428  21.120  17.829 0.0000000000
18074  -26.243  21.247  18.013 0.0000000000
16660  -26.699  20.901  17.605 0.0000000000
18080  -27.019  21.024  17.732 0.0000000000
18063  -26.453  21.620  18.452 0.0000000000
18064  -27.080  21.776  18.672 0.0000000000
19415  -27.122  21.692  18.455 0.0000000000
18081  -27.255  21.073  17.866 0.0000000000
18076  -27.549  21.216  18.200 0.0000000000
19416  -27.280  21.493  18.336 0.0000000000
16651  -27.941  20.835  18.138 0.0000000000
16650  -27.551  20.974  17.952 0.0000000000
18077  -27.768  21.082  18.143 0.0000000000
18065  -27.797  21.276  18.412 0.0000000000
19408  -27.557  21.610  18.635 0.0000000000
18066  -28.060  21.237  18.547 0.0000000000
16638  -28.109  20.972  18.248 0.0000000000
16661  -27.021  20.865  17.555 0.0000000000
19409  -27.972  21.630  18.786 0.0000000000
19407  -27.028  21.855  18.779 0.0000000000
19399  -27.329  21.983  19.073 0.0000000000
19400  -27.938  21.896  19.109 0.0000000000
19410  -28.222  21.427  18.801 0.0000000000
19401  -28.332  21.581  19.045 0.0000000000
18067  -28.541  21.156  18.840 0.0000000000
19406  -26.761  21.941  19.043 0.0000000000
19398  -26.825  22.061  19.123 0.0000000000
19405  -26.157  21.802  18.827 0.0000000000
19397  -26.277  22.002  19.078 0.0000000000
18062  -25.871  21.518  18.506 0.0000000000
19396  -25.835  21.862  19.029 0.0000000000
19388  -28.572  21.884  19.592 0.0000000000
18053  -28.683  21.273  19.273 0.0000000000
19387  -28.044  21.999  19.331 0.0000000000
20716  -27.931  22.108  19.306 0.0000000000
20715  -27.711  22.149  19.312 0.0000000000
19386  -26.965  22.199  19.255 0.0000000000
20709  -27.342  22.374  19.595 0.0000000000
19385  -26.512  22.197  19.301 0.0000000000
19384  -26.028  22.118  19.301 0.0000000000
18052  -25.532  21.647  18.880 0.0000000000
19395  -25.390  21.802  19.175 0.0000000000
19383  -25.595  22.052  19.386 0.0000000000
18051  -25.016  21.552  19.195 0.0000000000
19394  -25.056  21.725  19.272 0.0000000000
19382  -25.187  21.969  19.491 0.0000000000
18050  -24.947  21.357  18.948 0.0000000000
19381  -24.766  21.902  19.559 0.0000000000
18042  -28.858  21.536  20.008 0.0000000000
18041  -28.761  21.350  19.728 0.0000000000
19389  -28.809  21.995  19.910 0.0000000000
19370  -28.747  22.227  19.944 0.0000000000
19371  -28.957  21.990  20.122 0.0000000000
20711  -28.321  21.979  19.687 0.0000000000
20710  -27.981  22.319  19.624 0.0000000000
20708  -26.752  22.365  19.654 0.0000000000
20707  -26.265  22.345  19.676 0.0000000000
20706  -25.801  22.291  19.693 0.0000000000
20705  -25.347  22.209  19.722 0.0000000000
20704  -24.956  22.152  19.763 0.0000000000
18032  -29.155  21.855  20.337 0.0000000000
18031  -29.064  21.393  20.359 0.0000000000
19372  -29.335  21.860  19.965 0.0000000000
20697  -28.891  22.561  20.294 0.0000000000
20698  -29.111  22.236  20.349 0.0000000000
20696  -28.431  22.537  19.957 0.0000000000
16648  -26.060  21.109  17.916 0.0000000000
18073  -25.866  21.340  17.949 0.0000000000
16647  -25.821  21.023  17.934 0.0000000000
16639  -28.303  20.678  18.423 0.0000000000
16640  -28.687  20.750  18.859 0.0000000000
18068  -28.917  20.984  19.072 0.0000000000
18054  -28.745  21.011  19.010 0.0000000000
16637  -25.436  21.227  18.424 0.0000000000
18061  -25.404  21.403  18.699 0.0000000000
16636  -25.073  21.109  18.609 0.0000000000
16628  -28.917  20.892  19.229 0.0000000000
16627  -28.755  21.152  19.806 0.0000000000
16626  -24.853  21.200  18.842 0.0000000000
16625  -24.560  21.034  18.911 0.0000000000
18049  -24.346  21.163  19.133 0.0000000000
18040  -24.459  21.551  19.362 0.0000000000
16624  -24.150  20.900  18.982 0.0000000000
18048  -24.133  21.058  19.089 0.0000000000
18039  -24.122  21.419  19.438 0.0000000000
16619  -28.815  21.035  20.258 0.0000000000
16618  -28.816  21.050  19.818 0.0000000000
18021  -29.200  21.556  20.689 0.0000000000
19361  -29.230  22.051  20.535 0.0000000000
15269  -27.621  20.497  17.519 0.0000000000
15278  -27.406  20.315  17.139 0.0000000000
16666  -26.850  20.622  17.091 0.0000000000
16665  -26.764  20.615  17.104 0.0000000000
16659  -26.190  20.837  17.630 0.0000000000
16664  -26.372  20.728  17.323 0.0000000000
15268  -26.140  20.653  17.390 0.0000000000
15267  -25.924  20.553  17.434 0.0000000000
16658  -25.783  20.784  17.764 0.0000000000
15266  -25.487  20.356  17.558 0.0000000000
16657  -25.436  20.727  17.920 0.0000000000
15257  -25.118  20.425  17.989 0.0000000000
16646  -25.277  20.883  18.237 0.0000000000
15259  -28.073  20.466  17.903 0.0000000000
15258  -27.932  20.739  18.030 0.0000000000
16652  -27.999  20.547  17.967 0.0000000000
15245  -25.011  20.743  18.332 0.0000000000
16635  -24.918  21.002  18.679 0.0000000000
15244  -24.742  20.406  18.276 0.0000000000
16634  -24.412  20.674  18.700 0.0000000000
15243  -24.209  20.294  18.453 0.0000000000
16633  -23.937  20.689  18.879 0.0000000000
16623  -23.800  20.786  19.044 0.0000000000
15279  -27.831  20.193  17.228 0.0000000000
14061  -27.785  20.008  16.979 0.0000000000
15285  -27.562  20.166  16.628 0.0000000000
15277  -27.094  20.330  16.944 0.0000000000
15284  -26.896  20.187  16.554 0.0000000000
15270  -28.174  20.216  17.644 0.0000000000
15276  -26.141  20.501  17.204 0.0000000000
15275  -25.846  20.222  17.118 0.0000000000
14052  -25.253  19.874  17.391 0.0000000000
14043  -25.177  20.148  17.706 0.0000000000
15274  -25.545  20.079  17.241 0.0000000000
14042  -24.888  19.954  17.828 0.0000000000
15256  -24.931  20.228  18.003 0.0000000000
14031  -24.896  20.062  17.926 0.0000000000
14030  -24.540  20.056  18.147 0.0000000000
12936  -25.097  19.476  17.349 0.0000000000
14051  -25.064  19.682  17.532 0.0000000000
12945  -25.239  19.401  17.021 0.0000000000
14059  -25.625  19.837  16.960 0.0000000000
12955  -25.589  19.385  16.724 0.0000000000
14069  -25.997  19.796  16.656 0.0000000000
14070  -26.107  20.043  16.717 0.0000000000
14060  -25.842  20.050  16.906 0.0000000000
15282  -25.968  20.140  16.888 0.0000000000
12956  -26.168  19.412  16.314 0.0000000000
12957  -26.322  19.674  16.458 0.0000000000
14071  -26.525  19.941  16.591 0.0000000000
15283  -26.264  20.288  16.862 0.0000000000
14083  -26.648  19.737  16.327 0.0000000000
14072  -26.838  19.887  16.300 0.0000000000
14084  -26.922  19.755  16.216 0.0000000000
16669  -26.371  20.623  17.090 0.0000000000
16670  -26.555  20.513  16.844 0.0000000000
15292  -26.822  20.019  16.146 0.0000000000
15293  -27.352  20.008  16.292 0.0000000000
14073  -27.758  20.037  16.793 0.0000000000
14074  -28.092  19.962  16.832 0.0000000000
15286  -27.901  20.155  16.015 0.0000000000
15294  -27.669  19.954  16.341 0.0000000000
14086  -27.749  19.727  16.263 0.0000000000
14085  -27.241  19.713  16.172 0.0000000000
19353  -29.234  21.903  21.123 0.0000000000
20683  -29.173  22.574  20.712 0.0000000000
20674  -29.290  22.584  21.121 0.0000000000
21929  -29.317  23.096  20.795 0.0000000000
21943  -29.227  23.010  20.878 0.0000000000
20682  -28.935  23.008  20.747 0.0000000000
21942  -28.958  23.169  20.747 0.0000000000
20695  -27.770  22.560  19.886 0.0000000000
21953  -28.034  22.786  20.165 0.0000000000
21954  -28.588  22.807  20.239 0.0000000000
21955  -29.096  23.049  20.126 0.0000000000
20690  -25.088  22.345  20.004 0.0000000000
20691  -25.511  22.450  20.006 0.0000000000
20692  -25.988  22.611  20.013 0.0000000000
20693  -26.457  22.591  20.008 0.0000000000
20694  -26.938  22.627  19.968 0.0000000000
21952  -27.388  22.781  20.101 0.0000000000
21959  -27.636  22.576  19.790 0.0000000000
21960  -27.811  22.667  19.927 0.0000000000
21917  -29.334  22.957  21.319 0.0000000000
23253  -29.322  23.313  21.137 0.0000000000
21941  -28.775  23.001  20.505 0.0000000000
23261  -29.028  23.230  20.800 0.0000000000
23262  -29.176  23.139  20.872 0.0000000000
21951  -26.672  22.781  20.298 0.0000000000
21938  -26.940  23.030  20.699 0.0000000000
21939  -27.724  23.027  20.530 0.0000000000
21940  -28.320  23.073  20.481 0.0000000000
23242  -29.338  23.319  21.499 0.0000000000
24686  -29.286  23.507  21.371 0.0000000000
23252  -28.966  23.525  21.010 0.0000000000
24685  -29.168  23.656  21.285 0.0000000000
23260  -28.623  23.304  20.776 0.0000000000
24684  -28.852  23.777  21.226 0.0000000000
24676  -29.040  23.971  21.409 0.0000000000
24677  -29.309  23.730  21.630 0.0000000000
23251  -28.482  23.631  21.071 0.0000000000
24675  -28.550  24.061  21.422 0.0000000000
23259  -28.122  23.279  20.835 0.0000000000
23258  -27.567  23.248  20.885 0.0000000000
23250  -28.020  23.471  21.126 0.0000000000
23241  -28.211  23.781  21.316 0.0000000000
23233  -29.378  23.318  21.933 0.0000000000
21904  -29.333  22.892  21.733 0.0000000000
20666  -29.283  22.467  21.490 0.0000000000
21894  -29.295  22.775  22.279 0.0000000000
20654  -29.265  22.266  22.173 0.0000000000
21950  -26.118  22.750  20.345 0.0000000000
21949  -25.622  22.701  20.329 0.0000000000
21948  -25.175  22.602  20.257 0.0000000000
19339  -29.234  21.982  21.744 0.0000000000
