#!ascii label  , from subject  vox2ras=TkReg
209
27774  -29.255  24.737  24.416 0.0000000000
27764  -29.296  24.981  24.994 0.0000000000
26120  -29.209  24.474  24.660 0.0000000000
26130  -29.163  24.314  24.168 0.0000000000
27784  -29.255  24.671  23.889 0.0000000000
29480  -29.256  25.057  24.711 0.0000000000
29489  -29.265  25.062  24.185 0.0000000000
26137  -29.210  24.195  23.678 0.0000000000
27796  -29.375  24.887  23.106 0.0000000000
29504  -29.271  25.072  23.630 0.0000000000
26146  -29.402  24.241  22.831 0.0000000000
27809  -29.283  24.611  22.756 0.0000000000
29522  -29.267  25.179  23.052 0.0000000000
26156  -29.312  24.094  22.746 0.0000000000
26168  -29.290  24.279  22.220 0.0000000000
27819  -29.233  24.754  22.356 0.0000000000
29542  -29.235  25.046  22.536 0.0000000000
27818  -29.142  24.771  22.155 0.0000000000
29558  -29.194  24.960  22.261 0.0000000000
29468  -29.246  24.996  25.001 0.0000000000
29479  -29.252  25.445  24.550 0.0000000000
29467  -29.156  25.246  25.222 0.0000000000
29488  -29.259  25.463  23.977 0.0000000000
29503  -29.256  25.591  23.481 0.0000000000
29521  -29.207  25.715  23.108 0.0000000000
29541  -28.996  25.524  22.669 0.0000000000
31268  -28.975  25.984  23.068 0.0000000000
29556  -28.777  25.239  22.350 0.0000000000
29540  -28.377  25.493  22.571 0.0000000000
29557  -29.063  25.089  22.320 0.0000000000
31267  -28.573  26.006  22.810 0.0000000000
27817  -28.860  24.897  22.106 0.0000000000
27808  -28.481  25.062  22.197 0.0000000000
31266  -27.953  25.965  22.938 0.0000000000
31249  -28.176  26.131  23.005 0.0000000000
33063  -28.571  26.346  23.164 0.0000000000
33084  -28.788  26.120  22.997 0.0000000000
31250  -29.190  26.005  23.364 0.0000000000
33064  -29.002  26.344  23.414 0.0000000000
33085  -28.981  26.039  22.996 0.0000000000
33062  -27.929  26.326  23.193 0.0000000000
33044  -28.283  26.682  23.456 0.0000000000
33045  -28.754  26.739  23.626 0.0000000000
31251  -29.101  26.221  23.480 0.0000000000
33065  -29.041  26.406  23.681 0.0000000000
33046  -29.075  26.707  23.924 0.0000000000
33047  -29.159  26.440  23.892 0.0000000000
31233  -29.216  26.163  23.660 0.0000000000
31248  -27.956  26.128  22.993 0.0000000000
33083  -27.731  26.167  22.997 0.0000000000
34819  -27.891  26.829  23.603 0.0000000000
34834  -27.519  26.615  23.340 0.0000000000
33061  -27.413  26.278  23.097 0.0000000000
31247  -27.115  25.892  23.135 0.0000000000
33060  -26.919  26.222  23.305 0.0000000000
31265  -27.454  26.014  22.850 0.0000000000
33082  -27.630  26.142  22.935 0.0000000000
34833  -27.093  26.584  23.351 0.0000000000
31246  -26.641  25.829  23.391 0.0000000000
33043  -26.592  26.266  23.638 0.0000000000
34832  -26.809  26.461  23.452 0.0000000000
33027  -29.341  26.504  24.167 0.0000000000
31211  -29.174  26.085  23.856 0.0000000000
33026  -29.352  26.868  24.335 0.0000000000
34803  -29.036  27.009  24.188 0.0000000000
34821  -28.854  26.899  23.947 0.0000000000
34820  -28.354  27.114  23.773 0.0000000000
33003  -29.424  26.544  24.713 0.0000000000
31191  -29.377  26.210  24.519 0.0000000000
33002  -29.698  26.899  24.860 0.0000000000
34780  -29.222  27.024  24.578 0.0000000000
32982  -29.816  26.452  25.102 0.0000000000
31178  -29.516  26.250  24.932 0.0000000000
32981  -29.413  26.622  24.912 0.0000000000
31177  -29.362  26.018  24.937 0.0000000000
32960  -29.241  26.492  25.373 0.0000000000
34762  -29.170  27.061  25.040 0.0000000000
32944  -28.946  26.354  25.816 0.0000000000
31164  -29.142  25.871  25.567 0.0000000000
34749  -28.958  26.945  25.588 0.0000000000
32943  -28.729  26.305  26.134 0.0000000000
31154  -28.841  25.829  25.996 0.0000000000
34734  -28.814  26.793  25.942 0.0000000000
32942  -28.370  26.300  26.358 0.0000000000
31153  -28.585  25.840  26.357 0.0000000000
34733  -28.581  26.741  26.213 0.0000000000
29539  -27.754  25.503  22.701 0.0000000000
29538  -27.257  25.380  22.850 0.0000000000
29520  -27.210  25.665  22.995 0.0000000000
31232  -29.263  25.899  23.559 0.0000000000
29519  -26.928  25.351  23.089 0.0000000000
31210  -29.276  25.848  23.818 0.0000000000
31190  -29.314  25.848  24.296 0.0000000000
29456  -28.888  25.350  25.830 0.0000000000
29438  -28.710  25.288  26.343 0.0000000000
27807  -28.043  25.106  22.424 0.0000000000
27806  -27.469  24.976  22.682 0.0000000000
27805  -27.103  25.083  22.782 0.0000000000
29537  -27.007  25.160  22.857 0.0000000000
27755  -29.186  24.789  25.112 0.0000000000
27747  -28.868  24.972  25.730 0.0000000000
27754  -28.964  24.757  25.388 0.0000000000
27729  -28.777  24.857  26.131 0.0000000000
26167  -29.050  24.545  21.860 0.0000000000
26166  -28.552  24.597  21.820 0.0000000000
26155  -28.221  24.832  22.125 0.0000000000
26154  -27.850  24.753  22.271 0.0000000000
26110  -29.294  24.785  25.198 0.0000000000
26109  -29.002  24.291  25.049 0.0000000000
26099  -28.797  24.431  25.796 0.0000000000
27710  -28.673  24.732  26.598 0.0000000000
26083  -28.744  24.375  26.320 0.0000000000
24656  -29.330  23.753  22.565 0.0000000000
24668  -29.352  23.754  22.098 0.0000000000
26177  -29.340  23.989  21.900 0.0000000000
26176  -29.219  24.139  21.713 0.0000000000
26175  -28.896  24.254  21.625 0.0000000000
24648  -29.311  23.696  22.965 0.0000000000
24638  -29.246  23.691  23.413 0.0000000000
26136  -29.035  23.883  23.936 0.0000000000
24637  -29.113  23.760  23.789 0.0000000000
26129  -28.943  23.947  24.195 0.0000000000
24631  -28.945  23.679  24.017 0.0000000000
26119  -28.995  24.120  24.392 0.0000000000
24622  -28.815  23.883  24.588 0.0000000000
26108  -28.786  23.991  24.987 0.0000000000
24613  -28.784  23.980  24.880 0.0000000000
26098  -28.744  24.045  25.430 0.0000000000
26107  -28.732  23.894  24.974 0.0000000000
24612  -28.636  23.619  24.866 0.0000000000
26097  -28.673  23.848  25.190 0.0000000000
24611  -28.487  23.534  25.073 0.0000000000
24602  -28.750  24.154  26.118 0.0000000000
24601  -28.704  23.945  25.874 0.0000000000
24600  -28.469  23.616  25.464 0.0000000000
23224  -29.320  23.303  22.450 0.0000000000
23233  -29.378  23.318  21.933 0.0000000000
24677  -29.309  23.730  21.630 0.0000000000
23216  -29.295  23.275  22.900 0.0000000000
23207  -29.235  23.166  23.259 0.0000000000
23206  -29.000  23.196  23.774 0.0000000000
24630  -28.881  23.294  24.034 0.0000000000
23195  -28.861  23.310  24.009 0.0000000000
24621  -28.744  23.412  24.393 0.0000000000
23194  -28.737  23.044  24.138 0.0000000000
23183  -28.352  23.080  24.714 0.0000000000
23175  -28.343  23.297  24.946 0.0000000000
23174  -28.123  23.095  25.148 0.0000000000
24588  -28.730  23.939  26.368 0.0000000000
24587  -28.586  23.676  26.112 0.0000000000
23162  -28.206  23.361  25.993 0.0000000000
23161  -27.994  23.136  25.977 0.0000000000
21885  -29.255  22.788  22.899 0.0000000000
21894  -29.295  22.775  22.279 0.0000000000
21877  -29.212  22.866  23.188 0.0000000000
21876  -28.938  22.661  23.517 0.0000000000
23205  -28.882  22.997  23.921 0.0000000000
21875  -28.719  22.652  23.891 0.0000000000
21865  -28.514  22.716  24.260 0.0000000000
21884  -29.071  22.525  23.253 0.0000000000
20627  -29.134  22.164  23.116 0.0000000000
20628  -29.240  22.317  22.666 0.0000000000
20614  -28.798  21.886  23.313 0.0000000000
20613  -28.576  22.148  23.813 0.0000000000
20598  -28.406  22.244  24.029 0.0000000000
24676  -29.040  23.971  21.409 0.0000000000
36415  -28.857  26.893  26.001 0.0000000000
36436  -28.790  27.403  25.739 0.0000000000
36457  -28.988  27.527  25.181 0.0000000000
36478  -28.983  27.637  24.548 0.0000000000
36496  -28.930  27.317  24.257 0.0000000000
34802  -28.727  27.214  23.937 0.0000000000
34818  -27.316  26.844  23.660 0.0000000000
34800  -27.645  27.176  23.878 0.0000000000
34801  -28.212  27.268  23.825 0.0000000000
34817  -26.794  26.664  23.681 0.0000000000
38201  -28.860  27.972  25.329 0.0000000000
38211  -28.924  28.048  24.876 0.0000000000
36495  -28.588  27.654  24.081 0.0000000000
36477  -28.782  27.926  24.077 0.0000000000
38210  -28.635  28.176  24.396 0.0000000000
36494  -27.969  27.581  24.125 0.0000000000
38220  -28.580  27.937  24.171 0.0000000000
38219  -28.170  27.944  24.138 0.0000000000
38188  -28.761  27.970  25.735 0.0000000000
39892  -28.814  28.394  25.501 0.0000000000
39905  -28.852  28.567  24.840 0.0000000000
38209  -28.000  28.216  24.280 0.0000000000
39915  -28.408  28.601  24.632 0.0000000000
39916  -28.741  28.555  24.868 0.0000000000
38218  -27.654  28.045  24.371 0.0000000000
39891  -28.861  28.300  25.843 0.0000000000
41553  -28.752  28.930  25.625 0.0000000000
41554  -28.790  28.771  25.219 0.0000000000
41564  -28.946  28.872  25.023 0.0000000000
39914  -27.984  28.654  24.652 0.0000000000
41571  -28.322  28.956  24.807 0.0000000000
41572  -28.630  28.899  24.953 0.0000000000
41573  -28.902  28.869  24.968 0.0000000000
41563  -28.527  29.122  25.100 0.0000000000
41562  -27.995  29.093  24.845 0.0000000000
38208  -27.832  28.347  24.519 0.0000000000
39913  -27.495  28.560  24.675 0.0000000000
39904  -27.690  28.821  24.785 0.0000000000
36493  -27.410  27.444  24.176 0.0000000000
38217  -27.134  27.797  24.281 0.0000000000
39922  -27.470  28.234  24.556 0.0000000000
39921  -27.268  28.188  24.501 0.0000000000
34799  -27.091  27.006  23.950 0.0000000000
