#!ascii label  , from subject  vox2ras=TkReg
177
19261  -25.821  21.759  26.287 0.0000000000
19251  -25.935  21.774  26.716 0.0000000000
19250  -25.454  21.718  26.561 0.0000000000
19260  -25.391  21.632  26.071 0.0000000000
19262  -26.214  21.926  26.421 0.0000000000
19267  -25.834  21.731  25.840 0.0000000000
19268  -26.083  21.808  26.067 0.0000000000
19252  -26.499  21.902  26.814 0.0000000000
20535  -26.555  22.191  26.501 0.0000000000
20543  -26.377  22.116  26.139 0.0000000000
19266  -25.350  21.364  25.540 0.0000000000
19274  -25.899  21.569  25.245 0.0000000000
20557  -26.192  22.022  25.913 0.0000000000
20556  -26.119  21.808  25.929 0.0000000000
20572  -26.188  21.857  25.677 0.0000000000
19273  -25.454  21.079  24.974 0.0000000000
17932  -25.640  21.227  24.999 0.0000000000
17939  -25.989  21.262  24.762 0.0000000000
19280  -26.337  21.506  24.883 0.0000000000
19275  -26.485  21.730  25.118 0.0000000000
20573  -26.098  21.851  25.589 0.0000000000
19281  -26.738  21.562  24.851 0.0000000000
19276  -26.967  21.822  25.123 0.0000000000
20574  -26.588  22.018  25.413 0.0000000000
19282  -27.174  21.803  25.036 0.0000000000
19277  -27.209  21.843  24.864 0.0000000000
20575  -27.243  22.285  25.313 0.0000000000
19283  -27.507  21.875  24.707 0.0000000000
20584  -27.562  22.290  24.903 0.0000000000
17940  -26.526  21.269  24.641 0.0000000000
17941  -26.903  21.334  24.635 0.0000000000
17942  -27.133  21.539  24.695 0.0000000000
17951  -27.505  21.441  24.299 0.0000000000
19287  -27.759  21.801  24.430 0.0000000000
19284  -27.871  22.024  24.478 0.0000000000
20585  -27.924  22.260  24.649 0.0000000000
19288  -28.044  21.778  24.175 0.0000000000
20597  -28.139  22.040  24.264 0.0000000000
20536  -26.963  22.027  26.762 0.0000000000
20544  -26.856  22.258  26.177 0.0000000000
19253  -26.925  21.907  26.813 0.0000000000
20537  -27.409  22.180  27.020 0.0000000000
21805  -27.326  22.452  26.659 0.0000000000
21804  -27.006  22.346  26.354 0.0000000000
20529  -27.553  22.031  27.274 0.0000000000
19254  -27.297  21.937  27.165 0.0000000000
20538  -27.760  22.274  27.239 0.0000000000
21806  -27.757  22.551  27.012 0.0000000000
20558  -26.702  22.191  25.783 0.0000000000
21811  -27.054  22.288  26.119 0.0000000000
20559  -27.042  22.268  25.922 0.0000000000
20545  -27.020  22.253  25.994 0.0000000000
21812  -27.284  22.530  26.145 0.0000000000
21824  -27.565  22.734  25.696 0.0000000000
21836  -27.867  22.803  25.096 0.0000000000
21850  -27.730  22.567  24.888 0.0000000000
21851  -27.896  22.686  24.936 0.0000000000
20586  -28.234  22.346  24.377 0.0000000000
21852  -28.170  22.651  24.688 0.0000000000
21813  -27.675  22.780  26.572 0.0000000000
21825  -27.810  22.956  26.049 0.0000000000
23161  -27.994  23.136  25.977 0.0000000000
23160  -27.911  22.988  25.391 0.0000000000
23173  -28.060  23.013  25.156 0.0000000000
21837  -27.993  22.878  25.084 0.0000000000
23174  -28.123  23.095  25.148 0.0000000000
23182  -28.092  22.896  24.948 0.0000000000
20530  -27.855  22.118  27.550 0.0000000000
19242  -27.475  21.786  27.472 0.0000000000
17931  -25.256  21.014  25.161 0.0000000000
19265  -24.994  21.161  25.649 0.0000000000
17923  -24.946  21.015  25.441 0.0000000000
19259  -24.852  21.170  25.942 0.0000000000
17922  -24.862  21.049  25.683 0.0000000000
19249  -25.074  21.442  26.350 0.0000000000
17918  -24.833  21.198  26.111 0.0000000000
19241  -27.025  21.759  27.339 0.0000000000
19240  -26.579  21.748  27.237 0.0000000000
19239  -26.006  21.775  27.046 0.0000000000
19238  -25.545  21.675  27.079 0.0000000000
17906  -25.181  21.470  26.768 0.0000000000
17905  -24.748  21.135  26.637 0.0000000000
19226  -27.574  21.482  27.849 0.0000000000
19225  -27.118  21.527  27.704 0.0000000000
19243  -28.019  21.821  27.969 0.0000000000
19224  -26.689  21.586  27.652 0.0000000000
19223  -26.144  21.591  27.586 0.0000000000
19222  -25.815  21.630  27.367 0.0000000000
17870  -25.570  21.348  27.604 0.0000000000
17891  -25.136  21.301  27.155 0.0000000000
17873  -26.924  21.233  28.025 0.0000000000
17874  -27.141  21.173  27.922 0.0000000000
17872  -26.419  21.297  27.897 0.0000000000
17871  -25.991  21.274  27.870 0.0000000000
17950  -26.844  21.079  24.278 0.0000000000
17949  -26.099  20.906  24.300 0.0000000000
17938  -25.512  21.031  24.792 0.0000000000
17948  -25.799  20.998  24.561 0.0000000000
16506  -24.944  20.717  25.062 0.0000000000
16513  -25.426  20.697  24.451 0.0000000000
17947  -25.514  21.181  24.812 0.0000000000
17930  -24.982  20.926  25.358 0.0000000000
16493  -24.998  20.795  25.203 0.0000000000
16492  -24.712  20.576  25.361 0.0000000000
17921  -24.739  21.042  25.924 0.0000000000
16473  -24.719  20.866  25.716 0.0000000000
17917  -24.623  20.978  26.165 0.0000000000
16472  -24.473  20.593  25.882 0.0000000000
17904  -24.530  20.885  26.403 0.0000000000
16453  -24.428  20.669  26.248 0.0000000000
17890  -24.820  21.213  27.084 0.0000000000
16436  -24.672  20.641  26.899 0.0000000000
16435  -24.464  20.638  26.573 0.0000000000
17869  -25.031  21.079  27.620 0.0000000000
16403  -24.785  20.609  27.598 0.0000000000
16419  -24.727  20.505  27.258 0.0000000000
17851  -26.934  20.975  28.103 0.0000000000
17850  -26.612  20.996  28.066 0.0000000000
17849  -26.159  21.070  28.087 0.0000000000
17848  -25.722  21.090  28.053 0.0000000000
17847  -25.330  20.999  27.939 0.0000000000
16384  -25.010  20.683  27.992 0.0000000000
16387  -26.457  20.846  28.350 0.0000000000
16388  -27.019  20.970  28.254 0.0000000000
16386  -25.998  20.864  28.304 0.0000000000
16385  -25.441  20.663  28.359 0.0000000000
16505  -24.818  20.410  25.017 0.0000000000
15095  -24.845  20.242  24.853 0.0000000000
15096  -25.043  20.347  24.680 0.0000000000
15078  -24.720  20.118  25.119 0.0000000000
16491  -24.470  20.252  25.629 0.0000000000
15077  -24.390  20.165  25.168 0.0000000000
15057  -24.265  19.979  25.936 0.0000000000
15038  -24.378  20.215  26.258 0.0000000000
15023  -24.724  20.000  27.088 0.0000000000
15022  -24.610  20.061  26.730 0.0000000000
15006  -24.675  20.124  27.618 0.0000000000
14992  -24.769  20.100  27.939 0.0000000000
16368  -25.811  20.376  28.801 0.0000000000
16369  -26.264  20.579  28.679 0.0000000000
16367  -25.610  20.260  28.724 0.0000000000
14983  -25.265  20.079  28.466 0.0000000000
14982  -25.042  20.283  28.212 0.0000000000
13855  -24.785  19.796  24.929 0.0000000000
15111  -24.861  20.087  24.621 0.0000000000
13837  -24.636  19.810  25.376 0.0000000000
13836  -24.436  19.948  25.714 0.0000000000
13815  -24.445  19.859  25.980 0.0000000000
13800  -24.542  19.652  26.411 0.0000000000
13775  -24.721  19.632  27.364 0.0000000000
13788  -24.695  19.550  26.928 0.0000000000
13787  -24.688  19.440  26.875 0.0000000000
15005  -24.645  20.075  28.101 0.0000000000
13774  -24.624  19.800  27.726 0.0000000000
14991  -24.792  20.195  28.060 0.0000000000
13764  -24.709  19.884  27.784 0.0000000000
13755  -24.933  19.704  28.186 0.0000000000
13765  -24.757  19.554  27.784 0.0000000000
12724  -24.595  19.666  25.698 0.0000000000
12725  -24.848  19.289  25.390 0.0000000000
12709  -24.791  19.161  26.167 0.0000000000
12700  -24.746  19.196  26.466 0.0000000000
12691  -24.773  19.050  26.930 0.0000000000
12690  -24.773  19.094  26.797 0.0000000000
12681  -24.830  19.090  27.231 0.0000000000
12671  -24.829  18.844  27.976 0.0000000000
12661  -25.147  19.515  28.388 0.0000000000
12660  -24.886  18.843  28.533 0.0000000000
13756  -25.084  19.796  28.341 0.0000000000
12710  -24.858  19.007  26.004 0.0000000000
12701  -24.805  19.143  26.431 0.0000000000
11587  -24.790  18.604  27.011 0.0000000000
11599  -24.880  18.634  26.620 0.0000000000
11610  -24.975  18.910  26.029 0.0000000000
11621  -24.966  18.830  25.941 0.0000000000
11631  -24.973  18.903  25.672 0.0000000000
10521  -25.146  18.629  25.834 0.0000000000
