#!ascii label  , from subject  vox2ras=TkReg
248
49865  -24.853  31.533  31.049 0.0000000000
48129  -24.555  31.071  31.090 0.0000000000
49864  -24.253  31.556  31.266 0.0000000000
48148  -24.918  31.004  30.689 0.0000000000
49882  -24.937  31.373  30.885 0.0000000000
51546  -24.634  32.025  31.224 0.0000000000
49883  -25.090  31.557  30.817 0.0000000000
49866  -25.021  31.842  31.058 0.0000000000
51547  -24.967  32.081  31.112 0.0000000000
51561  -25.032  32.034  31.087 0.0000000000
48149  -25.173  31.245  30.526 0.0000000000
49891  -25.298  31.528  30.391 0.0000000000
51567  -25.264  31.947  30.568 0.0000000000
48162  -25.275  30.975  30.134 0.0000000000
49892  -25.547  31.527  30.095 0.0000000000
51568  -25.525  31.896  30.215 0.0000000000
48163  -25.445  31.188  29.916 0.0000000000
49899  -25.779  31.523  29.640 0.0000000000
51576  -25.782  31.950  29.896 0.0000000000
48175  -25.500  30.933  29.616 0.0000000000
49911  -25.769  31.207  29.352 0.0000000000
49912  -26.039  31.502  29.161 0.0000000000
49900  -26.040  31.787  29.370 0.0000000000
51577  -26.083  31.874  29.398 0.0000000000
51588  -26.190  31.862  29.026 0.0000000000
48188  -25.711  30.932  29.019 0.0000000000
48189  -25.999  31.274  28.982 0.0000000000
49921  -26.129  31.409  28.681 0.0000000000
51597  -26.389  31.919  28.910 0.0000000000
48200  -25.889  31.143  28.846 0.0000000000
49920  -26.006  31.191  28.341 0.0000000000
48199  -25.758  30.996  28.501 0.0000000000
49931  -26.264  31.449  28.027 0.0000000000
51607  -26.582  31.815  28.449 0.0000000000
51545  -24.118  31.989  31.330 0.0000000000
53081  -24.492  32.436  31.329 0.0000000000
53082  -24.885  32.594  31.209 0.0000000000
53083  -25.128  32.580  31.059 0.0000000000
53096  -25.278  32.499  30.669 0.0000000000
53104  -25.489  32.225  30.267 0.0000000000
53105  -25.869  32.175  29.895 0.0000000000
53116  -25.979  32.213  29.749 0.0000000000
53117  -26.420  32.107  29.376 0.0000000000
53129  -26.682  32.092  29.068 0.0000000000
51589  -26.717  32.207  28.970 0.0000000000
51598  -26.863  32.032  28.750 0.0000000000
51614  -26.805  31.798  28.124 0.0000000000
51608  -26.856  32.032  28.266 0.0000000000
53054  -24.227  32.632  31.509 0.0000000000
53055  -24.588  32.802  31.332 0.0000000000
54458  -24.974  33.100  31.246 0.0000000000
54480  -24.843  33.039  31.115 0.0000000000
54481  -25.343  33.002  31.024 0.0000000000
53084  -25.304  33.004  30.986 0.0000000000
53097  -25.737  33.110  30.687 0.0000000000
54482  -25.919  33.175  30.853 0.0000000000
54494  -25.622  32.655  30.275 0.0000000000
54495  -25.879  33.042  30.236 0.0000000000
54503  -25.837  32.347  29.949 0.0000000000
54504  -25.960  32.914  30.112 0.0000000000
53106  -26.089  32.461  29.862 0.0000000000
54505  -26.128  32.875  30.008 0.0000000000
53107  -27.003  32.274  30.071 0.0000000000
53118  -27.071  32.253  29.372 0.0000000000
54457  -24.356  33.049  31.444 0.0000000000
55969  -24.737  33.435  31.392 0.0000000000
55990  -25.020  33.258  31.058 0.0000000000
55991  -25.400  33.422  31.158 0.0000000000
55992  -25.910  33.272  31.354 0.0000000000
54496  -26.288  33.074  30.413 0.0000000000
54483  -26.454  32.840  31.028 0.0000000000
55993  -26.179  33.082  31.264 0.0000000000
56004  -26.066  33.027  30.219 0.0000000000
56011  -25.817  33.019  29.939 0.0000000000
54497  -26.928  32.557  30.751 0.0000000000
56005  -26.009  33.062  30.069 0.0000000000
54506  -26.915  32.820  30.409 0.0000000000
56012  -26.040  32.979  29.943 0.0000000000
55968  -24.178  33.426  31.549 0.0000000000
57513  -24.438  33.813  31.553 0.0000000000
57514  -24.884  33.817  31.520 0.0000000000
55970  -25.061  33.643  31.164 0.0000000000
57515  -25.300  33.813  31.598 0.0000000000
57532  -25.721  33.598  31.510 0.0000000000
57512  -24.160  33.919  31.335 0.0000000000
59082  -24.212  34.136  31.612 0.0000000000
59083  -24.702  34.109  31.628 0.0000000000
59084  -25.120  33.901  31.648 0.0000000000
55967  -24.145  33.175  31.469 0.0000000000
57511  -23.711  33.893  31.648 0.0000000000
59081  -24.014  34.018  31.631 0.0000000000
55966  -23.298  33.446  31.564 0.0000000000
57510  -23.076  34.100  31.582 0.0000000000
59080  -23.402  34.244  31.682 0.0000000000
54456  -23.910  32.991  31.558 0.0000000000
54455  -23.417  32.882  31.484 0.0000000000
55989  -22.981  32.919  31.313 0.0000000000
55988  -22.896  33.318  31.380 0.0000000000
55965  -22.823  33.793  31.508 0.0000000000
57531  -23.156  33.875  31.442 0.0000000000
53053  -23.800  32.501  31.530 0.0000000000
53052  -23.479  32.358  31.460 0.0000000000
53080  -23.039  32.488  31.268 0.0000000000
54479  -23.008  32.831  31.161 0.0000000000
51521  -23.365  31.912  31.339 0.0000000000
51544  -22.891  31.925  31.208 0.0000000000
53079  -22.648  32.402  31.210 0.0000000000
54478  -22.873  32.822  31.251 0.0000000000
51543  -22.454  31.912  31.149 0.0000000000
53078  -22.175  32.364  31.159 0.0000000000
54477  -22.487  32.845  31.227 0.0000000000
51542  -22.006  31.923  31.035 0.0000000000
53077  -21.718  32.353  31.092 0.0000000000
54476  -21.953  32.852  31.205 0.0000000000
51541  -21.542  31.970  30.894 0.0000000000
53076  -21.260  32.343  31.028 0.0000000000
54475  -21.435  32.711  31.150 0.0000000000
51523  -24.117  32.033  31.434 0.0000000000
51522  -23.932  31.918  31.490 0.0000000000
49846  -24.119  31.961  31.380 0.0000000000
49862  -23.182  31.394  31.227 0.0000000000
49861  -22.754  31.417  31.143 0.0000000000
49860  -22.324  31.449  30.993 0.0000000000
49859  -21.838  31.477  30.801 0.0000000000
49858  -21.355  31.659  30.713 0.0000000000
51540  -21.108  32.029  30.814 0.0000000000
49845  -23.802  31.720  31.348 0.0000000000
49844  -23.492  31.582  31.323 0.0000000000
49930  -25.983  30.950  28.083 0.0000000000
48128  -24.061  30.924  31.192 0.0000000000
49863  -23.701  31.345  31.279 0.0000000000
48127  -23.517  30.913  31.202 0.0000000000
48126  -23.075  30.906  31.152 0.0000000000
48125  -22.691  30.961  31.016 0.0000000000
48124  -22.223  31.002  30.827 0.0000000000
48123  -21.853  30.970  30.720 0.0000000000
49881  -21.534  31.279  30.689 0.0000000000
46429  -25.328  30.456  28.888 0.0000000000
48198  -25.870  30.841  28.049 0.0000000000
46428  -25.484  30.644  28.399 0.0000000000
48212  -26.025  30.842  28.025 0.0000000000
46441  -25.725  30.502  27.970 0.0000000000
48211  -25.791  30.961  28.061 0.0000000000
46417  -25.311  30.528  29.254 0.0000000000
46404  -25.272  30.643  29.609 0.0000000000
48174  -25.283  30.772  29.839 0.0000000000
46403  -25.148  30.495  29.796 0.0000000000
46391  -25.078  30.582  30.065 0.0000000000
48161  -25.051  30.746  30.253 0.0000000000
46390  -24.845  30.436  30.189 0.0000000000
46378  -24.603  30.549  30.665 0.0000000000
48147  -24.444  30.808  30.984 0.0000000000
46377  -24.165  30.389  30.856 0.0000000000
46363  -23.788  30.550  31.117 0.0000000000
46362  -23.420  30.429  31.082 0.0000000000
46361  -22.977  30.460  31.031 0.0000000000
46360  -22.520  30.402  30.821 0.0000000000
46359  -22.076  30.694  30.710 0.0000000000
46358  -21.915  30.800  30.720 0.0000000000
46373  -21.692  30.539  30.576 0.0000000000
48146  -21.464  30.967  30.620 0.0000000000
44754  -25.249  29.921  28.001 0.0000000000
44741  -25.195  30.139  28.634 0.0000000000
46459  -25.594  30.140  27.726 0.0000000000
46460  -25.935  30.294  27.508 0.0000000000
46442  -25.926  30.591  27.819 0.0000000000
44742  -25.050  30.163  28.991 0.0000000000
44732  -25.126  30.216  28.934 0.0000000000
44731  -25.076  30.181  29.244 0.0000000000
46416  -25.203  30.455  29.481 0.0000000000
44721  -24.928  30.196  29.668 0.0000000000
46402  -24.949  30.330  29.918 0.0000000000
44720  -24.614  29.975  30.066 0.0000000000
44709  -24.490  30.014  30.213 0.0000000000
46389  -24.497  30.226  30.416 0.0000000000
44708  -24.231  29.903  30.376 0.0000000000
44697  -23.920  30.078  30.759 0.0000000000
46376  -23.777  30.272  30.944 0.0000000000
44696  -23.641  30.052  30.884 0.0000000000
44681  -23.192  30.180  30.938 0.0000000000
44680  -22.836  30.160  30.859 0.0000000000
44679  -22.654  30.149  30.791 0.0000000000
44694  -22.544  29.971  30.710 0.0000000000
46375  -22.419  30.176  30.730 0.0000000000
46374  -22.209  30.274  30.691 0.0000000000
43093  -25.191  29.624  27.738 0.0000000000
43092  -24.831  29.351  27.975 0.0000000000
44753  -25.041  29.714  28.241 0.0000000000
44770  -25.512  29.846  27.465 0.0000000000
44740  -25.129  29.861  28.376 0.0000000000
43081  -24.857  29.698  28.592 0.0000000000
43082  -24.989  29.945  28.860 0.0000000000
43073  -25.113  29.986  28.787 0.0000000000
43072  -24.864  29.759  28.865 0.0000000000
44730  -24.833  30.003  29.496 0.0000000000
43063  -24.674  29.787  29.548 0.0000000000
43062  -24.303  29.470  29.647 0.0000000000
44719  -24.306  29.737  30.183 0.0000000000
43050  -24.240  29.644  30.059 0.0000000000
43049  -23.940  29.502  30.219 0.0000000000
44707  -23.993  29.822  30.608 0.0000000000
43034  -23.933  29.755  30.684 0.0000000000
43033  -23.431  29.371  30.515 0.0000000000
44695  -23.057  30.003  30.903 0.0000000000
43032  -22.817  29.412  30.540 0.0000000000
43111  -25.178  29.443  27.439 0.0000000000
41472  -24.400  29.009  28.098 0.0000000000
43091  -24.385  29.018  27.922 0.0000000000
41490  -24.600  28.899  27.621 0.0000000000
43110  -24.907  29.111  27.353 0.0000000000
43080  -24.417  29.210  28.543 0.0000000000
41471  -24.095  28.757  28.139 0.0000000000
41461  -24.071  28.838  28.540 0.0000000000
43071  -24.450  29.327  29.012 0.0000000000
41451  -24.120  28.962  28.989 0.0000000000
41438  -24.075  29.016  29.221 0.0000000000
41437  -23.883  28.933  29.402 0.0000000000
43061  -23.652  29.169  29.862 0.0000000000
41436  -22.996  28.842  30.026 0.0000000000
43060  -23.206  28.948  29.916 0.0000000000
43048  -23.422  29.198  30.089 0.0000000000
41422  -23.135  28.927  30.034 0.0000000000
41406  -23.216  29.095  30.156 0.0000000000
41405  -23.033  29.002  30.216 0.0000000000
41489  -24.107  28.681  28.008 0.0000000000
41498  -24.287  28.547  27.414 0.0000000000
41499  -24.842  28.720  26.944 0.0000000000
39790  -24.042  28.914  28.996 0.0000000000
39789  -23.805  28.705  28.944 0.0000000000
41450  -24.037  28.879  29.244 0.0000000000
39772  -23.877  28.779  29.106 0.0000000000
39843  -24.196  28.216  26.839 0.0000000000
39854  -24.533  28.247  26.700 0.0000000000
41512  -24.886  28.631  26.758 0.0000000000
43117  -24.975  28.991  27.061 0.0000000000
41500  -25.029  28.861  26.970 0.0000000000
43118  -25.210  29.184  26.971 0.0000000000
44780  -25.419  29.658  27.002 0.0000000000
44781  -25.723  29.940  27.012 0.0000000000
44771  -25.759  29.889  27.109 0.0000000000
46472  -25.920  30.174  27.005 0.0000000000
48229  -26.033  30.625  27.758 0.0000000000
46473  -26.146  30.353  27.040 0.0000000000
46461  -26.193  30.462  27.316 0.0000000000
48230  -26.264  30.708  27.569 0.0000000000
48213  -26.281  31.007  27.837 0.0000000000
55987  -22.354  33.325  31.279 0.0000000000
57530  -22.770  33.651  31.441 0.0000000000
