#!ascii label  , from subject  vox2ras=TkReg
289
32835  -25.446  26.608  29.366 0.0000000000
32821  -25.503  26.433  29.535 0.0000000000
32834  -25.174  26.487  29.362 0.0000000000
34603  -25.764  26.805  29.446 0.0000000000
34602  -25.272  26.821  29.211 0.0000000000
34601  -24.887  26.663  29.065 0.0000000000
34628  -25.151  26.790  28.718 0.0000000000
36312  -25.544  27.113  29.144 0.0000000000
36311  -25.265  27.000  28.996 0.0000000000
34584  -25.636  26.597  29.922 0.0000000000
34585  -26.242  26.870  29.767 0.0000000000
34604  -26.097  26.954  29.471 0.0000000000
36313  -26.212  27.306  29.291 0.0000000000
34627  -24.856  26.556  28.812 0.0000000000
32847  -24.853  26.432  28.627 0.0000000000
32861  -25.007  26.449  28.369 0.0000000000
34655  -25.185  26.749  28.172 0.0000000000
36340  -25.394  27.051  28.855 0.0000000000
34656  -25.541  26.953  28.435 0.0000000000
34629  -25.457  26.988  28.698 0.0000000000
36341  -25.678  27.231  28.770 0.0000000000
34654  -24.875  26.440  27.979 0.0000000000
34682  -25.180  26.565  27.654 0.0000000000
34683  -25.584  26.963  27.935 0.0000000000
36358  -25.855  27.324  28.304 0.0000000000
34681  -24.928  26.334  27.749 0.0000000000
32883  -24.984  26.264  27.650 0.0000000000
32908  -25.139  26.129  27.426 0.0000000000
34702  -25.391  26.458  27.338 0.0000000000
34703  -25.771  26.818  27.279 0.0000000000
36370  -25.926  27.310  27.794 0.0000000000
32909  -25.601  26.240  27.144 0.0000000000
32927  -26.053  26.399  26.919 0.0000000000
34715  -26.065  26.694  27.042 0.0000000000
36382  -25.983  27.204  27.415 0.0000000000
34716  -26.352  26.851  26.926 0.0000000000
34704  -26.078  27.004  27.189 0.0000000000
36383  -26.260  27.198  27.178 0.0000000000
32928  -26.553  26.306  26.793 0.0000000000
34729  -26.778  26.588  26.768 0.0000000000
36396  -26.566  27.241  27.006 0.0000000000
34717  -26.862  26.912  26.776 0.0000000000
36397  -26.769  27.246  26.884 0.0000000000
34730  -27.136  26.617  26.697 0.0000000000
34718  -27.050  27.165  26.713 0.0000000000
36398  -27.108  27.264  26.760 0.0000000000
32939  -27.022  26.268  26.723 0.0000000000
36291  -26.541  27.169  29.666 0.0000000000
36292  -26.923  27.424  29.611 0.0000000000
36314  -26.686  27.609  29.313 0.0000000000
36342  -25.966  27.302  28.901 0.0000000000
38075  -26.578  27.699  29.171 0.0000000000
38100  -26.446  27.775  28.834 0.0000000000
38076  -27.027  28.003  29.127 0.0000000000
36359  -26.187  27.619  28.452 0.0000000000
36371  -26.155  27.581  28.124 0.0000000000
38108  -26.485  27.886  28.290 0.0000000000
38122  -26.324  27.739  27.766 0.0000000000
38121  -25.942  27.298  27.751 0.0000000000
38136  -26.181  27.421  27.453 0.0000000000
38137  -26.576  27.590  27.239 0.0000000000
38152  -26.750  27.455  26.999 0.0000000000
38153  -27.014  27.718  26.976 0.0000000000
38045  -27.322  27.633  29.510 0.0000000000
38046  -27.760  27.764  29.512 0.0000000000
38077  -27.608  28.018  29.222 0.0000000000
38101  -26.815  28.082  28.600 0.0000000000
39791  -27.612  28.186  29.035 0.0000000000
39804  -27.243  28.245  28.652 0.0000000000
39792  -27.916  28.205  29.296 0.0000000000
38109  -26.739  28.091  28.324 0.0000000000
39812  -26.941  28.247  28.222 0.0000000000
39811  -26.684  28.098  28.137 0.0000000000
39828  -26.636  28.128  27.829 0.0000000000
38123  -26.718  27.902  27.489 0.0000000000
39829  -26.792  28.130  27.801 0.0000000000
38138  -27.034  27.974  27.168 0.0000000000
39844  -26.936  28.063  27.411 0.0000000000
39856  -27.042  27.863  26.960 0.0000000000
41453  -27.924  28.402  29.001 0.0000000000
41452  -27.770  28.280  28.959 0.0000000000
41462  -27.589  28.268  28.860 0.0000000000
39813  -26.930  28.183  28.218 0.0000000000
39805  -27.268  28.356  28.419 0.0000000000
41463  -27.599  28.454  28.614 0.0000000000
41474  -27.234  28.413  28.156 0.0000000000
41473  -27.003  28.317  28.062 0.0000000000
41491  -26.994  28.386  28.193 0.0000000000
39845  -27.161  28.236  27.431 0.0000000000
39830  -27.032  28.271  27.781 0.0000000000
36293  -27.523  27.339  29.712 0.0000000000
36294  -28.009  27.255  29.880 0.0000000000
38047  -28.301  27.696  29.852 0.0000000000
39773  -28.116  28.032  29.542 0.0000000000
36275  -28.096  26.946  30.189 0.0000000000
34574  -27.739  26.887  29.980 0.0000000000
34588  -27.735  27.001  29.884 0.0000000000
36276  -28.314  27.235  30.122 0.0000000000
36295  -28.291  27.381  29.970 0.0000000000
34587  -27.351  27.020  29.793 0.0000000000
34586  -26.851  26.956  29.810 0.0000000000
36263  -28.379  26.989  30.527 0.0000000000
38021  -28.409  27.598  30.279 0.0000000000
38048  -28.358  27.444  30.039 0.0000000000
36262  -28.156  26.734  30.381 0.0000000000
34559  -27.809  26.554  30.326 0.0000000000
36251  -28.442  27.069  31.112 0.0000000000
34548  -28.372  26.574  30.957 0.0000000000
34560  -28.180  26.506  30.580 0.0000000000
38005  -28.446  27.477  30.840 0.0000000000
32882  -24.758  26.071  27.740 0.0000000000
32860  -24.628  26.138  28.292 0.0000000000
32846  -24.553  26.310  28.819 0.0000000000
32833  -24.676  26.363  29.402 0.0000000000
34573  -27.291  26.715  30.025 0.0000000000
34572  -26.735  26.622  30.103 0.0000000000
34571  -26.163  26.410  30.223 0.0000000000
34583  -25.291  26.335  30.080 0.0000000000
32820  -25.121  26.352  29.790 0.0000000000
34570  -25.658  26.333  30.222 0.0000000000
34569  -25.395  26.220  30.241 0.0000000000
32808  -25.086  26.056  30.243 0.0000000000
34558  -27.201  26.350  30.288 0.0000000000
34557  -26.655  26.252  30.308 0.0000000000
34556  -26.354  26.168  30.356 0.0000000000
32794  -26.056  26.013  30.441 0.0000000000
32810  -25.891  26.220  30.317 0.0000000000
32809  -25.603  26.133  30.340 0.0000000000
32784  -28.154  26.000  30.865 0.0000000000
32798  -27.981  26.253  30.567 0.0000000000
32797  -27.661  25.964  30.564 0.0000000000
32796  -26.983  25.976  30.504 0.0000000000
32795  -26.499  25.959  30.504 0.0000000000
34539  -28.407  26.705  31.413 0.0000000000
32776  -28.373  26.243  31.328 0.0000000000
31133  -26.327  25.887  26.803 0.0000000000
31149  -26.835  25.846  26.778 0.0000000000
31132  -25.876  25.848  26.920 0.0000000000
31111  -25.457  25.739  27.168 0.0000000000
32907  -24.954  25.948  27.538 0.0000000000
31110  -25.041  25.679  27.333 0.0000000000
31109  -24.954  25.856  27.406 0.0000000000
32881  -24.428  25.833  28.018 0.0000000000
31086  -24.510  25.606  27.711 0.0000000000
32859  -24.415  25.875  28.204 0.0000000000
31067  -24.169  25.694  28.178 0.0000000000
31085  -24.241  25.456  27.887 0.0000000000
31057  -24.419  25.926  28.501 0.0000000000
31068  -24.414  25.889  28.304 0.0000000000
32845  -24.281  26.206  29.174 0.0000000000
31056  -24.137  25.935  28.736 0.0000000000
32832  -24.317  26.140  29.599 0.0000000000
31043  -24.077  25.965  29.359 0.0000000000
32819  -24.612  26.047  29.886 0.0000000000
32818  -24.355  25.997  29.775 0.0000000000
31031  -24.167  25.904  29.860 0.0000000000
32807  -24.782  26.017  30.114 0.0000000000
31020  -24.644  25.828  30.288 0.0000000000
31032  -24.388  25.852  30.024 0.0000000000
32793  -25.459  25.919  30.437 0.0000000000
32792  -25.122  25.970  30.297 0.0000000000
31003  -25.194  25.690  30.565 0.0000000000
31021  -24.945  25.811  30.400 0.0000000000
32783  -27.953  25.878  30.735 0.0000000000
30990  -27.868  25.612  30.847 0.0000000000
31008  -27.551  25.512  30.704 0.0000000000
31007  -27.162  25.592  30.642 0.0000000000
31006  -26.703  25.573  30.644 0.0000000000
31005  -26.230  25.572  30.644 0.0000000000
31004  -25.723  25.594  30.641 0.0000000000
30975  -28.316  25.714  31.415 0.0000000000
30991  -28.063  25.519  31.105 0.0000000000
29411  -26.547  25.392  26.836 0.0000000000
29433  -26.881  25.515  26.818 0.0000000000
29434  -27.180  25.566  26.803 0.0000000000
31150  -27.450  25.758  26.717 0.0000000000
29410  -26.132  25.510  26.843 0.0000000000
29388  -25.800  25.315  27.079 0.0000000000
29387  -25.277  25.250  27.207 0.0000000000
29386  -24.791  25.202  27.393 0.0000000000
29366  -24.623  25.404  27.569 0.0000000000
29365  -24.418  25.103  27.653 0.0000000000
29355  -23.978  24.923  28.058 0.0000000000
31066  -24.006  25.636  28.279 0.0000000000
29354  -23.962  25.106  28.143 0.0000000000
31055  -23.794  25.718  28.564 0.0000000000
29345  -23.872  25.448  28.237 0.0000000000
31042  -23.769  25.859  29.105 0.0000000000
31054  -23.457  25.456  28.749 0.0000000000
29344  -23.517  25.160  28.430 0.0000000000
31041  -23.374  25.721  28.770 0.0000000000
29333  -23.135  25.231  29.043 0.0000000000
31030  -23.673  25.806  29.681 0.0000000000
31029  -23.360  25.707  29.306 0.0000000000
31019  -24.198  25.800  30.373 0.0000000000
31018  -23.697  25.758  30.308 0.0000000000
29324  -23.541  25.406  30.241 0.0000000000
29323  -23.170  25.467  29.681 0.0000000000
31002  -24.811  25.571  30.665 0.0000000000
31001  -24.385  25.498  30.816 0.0000000000
31000  -24.025  25.719  30.985 0.0000000000
31017  -23.231  25.763  30.483 0.0000000000
29314  -23.389  25.617  30.213 0.0000000000
30999  -23.431  25.710  30.898 0.0000000000
29304  -27.634  25.259  30.881 0.0000000000
29303  -27.286  25.183  30.812 0.0000000000
29302  -26.902  25.138  30.786 0.0000000000
29301  -26.407  25.160  30.799 0.0000000000
29300  -26.002  25.102  30.873 0.0000000000
29299  -25.439  25.248  30.839 0.0000000000
29298  -24.997  25.279  30.878 0.0000000000
29297  -24.693  25.306  30.905 0.0000000000
29282  -24.573  25.142  31.108 0.0000000000
30989  -24.263  25.313  31.089 0.0000000000
30988  -24.029  25.437  31.146 0.0000000000
30987  -23.587  25.477  31.213 0.0000000000
29289  -27.873  25.117  31.066 0.0000000000
29281  -24.109  25.196  31.297 0.0000000000
29412  -26.985  25.266  26.837 0.0000000000
27705  -26.756  24.982  26.889 0.0000000000
27706  -27.166  24.957  26.933 0.0000000000
29413  -27.397  25.234  26.857 0.0000000000
29389  -26.168  25.211  26.990 0.0000000000
27681  -26.354  24.939  27.028 0.0000000000
27680  -25.972  24.865  27.191 0.0000000000
27679  -25.532  24.806  27.209 0.0000000000
27678  -25.033  24.778  27.285 0.0000000000
29385  -24.635  25.010  27.550 0.0000000000
27677  -24.652  24.789  27.530 0.0000000000
27664  -24.103  24.878  27.751 0.0000000000
27655  -24.109  24.628  27.999 0.0000000000
29353  -23.659  24.870  28.186 0.0000000000
27654  -23.810  24.589  28.134 0.0000000000
27653  -23.412  24.602  28.255 0.0000000000
27645  -23.067  24.656  28.661 0.0000000000
29332  -23.074  25.057  29.151 0.0000000000
27633  -22.934  24.819  28.986 0.0000000000
29322  -22.681  25.123  29.570 0.0000000000
27632  -22.574  24.707  29.210 0.0000000000
29313  -23.039  25.458  30.053 0.0000000000
29312  -22.754  25.375  30.062 0.0000000000
29321  -22.369  25.030  29.826 0.0000000000
27623  -22.438  24.992  29.933 0.0000000000
29311  -22.228  25.086  29.990 0.0000000000
27622  -22.257  24.930  29.985 0.0000000000
31016  -22.799  25.698  30.469 0.0000000000
31015  -22.380  25.463  30.405 0.0000000000
29288  -27.445  24.924  31.022 0.0000000000
29287  -27.005  24.840  30.953 0.0000000000
29286  -26.536  24.830  30.977 0.0000000000
29285  -25.869  25.032  30.946 0.0000000000
29284  -25.655  25.094  30.939 0.0000000000
29283  -25.140  25.037  31.091 0.0000000000
27584  -25.279  24.694  31.183 0.0000000000
27585  -25.686  24.582  31.181 0.0000000000
27583  -24.859  24.767  31.247 0.0000000000
27582  -24.471  24.900  31.300 0.0000000000
29264  -24.060  25.201  31.283 0.0000000000
26065  -26.601  24.713  27.101 0.0000000000
26066  -26.925  24.765  27.081 0.0000000000
26046  -26.206  24.422  27.234 0.0000000000
26045  -25.764  24.373  27.264 0.0000000000
26044  -25.297  24.265  27.368 0.0000000000
26043  -24.872  24.365  27.508 0.0000000000
26042  -24.550  24.393  27.623 0.0000000000
26031  -24.298  24.159  27.810 0.0000000000
26024  -24.022  24.193  28.105 0.0000000000
26023  -23.606  24.168  28.182 0.0000000000
26022  -23.196  24.121  28.447 0.0000000000
27644  -22.728  24.455  28.864 0.0000000000
26015  -22.870  24.078  28.716 0.0000000000
24556  -25.634  23.960  27.396 0.0000000000
24557  -26.016  23.978  27.373 0.0000000000
26033  -25.186  23.853  27.646 0.0000000000
24545  -25.337  23.737  27.672 0.0000000000
26032  -24.692  24.020  27.696 0.0000000000
24544  -24.904  23.676  27.759 0.0000000000
24543  -24.527  23.671  27.796 0.0000000000
24538  -24.213  23.735  28.031 0.0000000000
24537  -23.901  23.871  28.151 0.0000000000
24536  -23.398  23.684  28.340 0.0000000000
24533  -23.080  23.618  28.662 0.0000000000
24546  -25.804  23.663  27.677 0.0000000000
39732  -28.425  27.888  30.715 0.0000000000
39752  -28.427  27.952  30.403 0.0000000000
38020  -28.415  27.774  30.055 0.0000000000
39751  -28.380  28.091  30.066 0.0000000000
39774  -28.268  28.203  29.599 0.0000000000
39793  -28.147  28.256  29.403 0.0000000000
