#!ascii label  , from subject  vox2ras=TkReg
358
61831  -21.686  35.343  33.752 0.0000000000
61807  -21.321  35.092  33.736 0.0000000000
60386  -21.636  34.774  33.755 0.0000000000
60387  -22.136  34.870  33.805 0.0000000000
61832  -22.271  35.470  33.937 0.0000000000
61830  -21.232  35.446  33.703 0.0000000000
63515  -21.397  35.857  33.710 0.0000000000
63516  -21.855  35.865  33.815 0.0000000000
60388  -22.656  34.974  33.988 0.0000000000
61833  -22.516  35.280  33.995 0.0000000000
61809  -22.636  35.382  34.127 0.0000000000
61808  -22.399  35.598  34.041 0.0000000000
63491  -22.355  35.927  34.071 0.0000000000
63517  -22.134  35.886  33.916 0.0000000000
63492  -22.791  35.868  34.248 0.0000000000
65163  -22.614  36.350  34.209 0.0000000000
65162  -22.229  36.544  34.059 0.0000000000
65186  -21.977  36.216  33.919 0.0000000000
61810  -23.111  35.408  34.298 0.0000000000
63493  -23.110  35.887  34.245 0.0000000000
65164  -23.007  36.254  34.191 0.0000000000
63475  -23.224  35.556  34.262 0.0000000000
63494  -23.447  35.649  34.020 0.0000000000
65165  -23.227  36.073  34.230 0.0000000000
63476  -23.365  35.462  34.215 0.0000000000
61811  -23.530  35.287  34.238 0.0000000000
61812  -23.839  35.240  33.792 0.0000000000
63495  -23.726  35.646  33.555 0.0000000000
65166  -23.569  35.999  33.736 0.0000000000
63490  -20.899  35.779  33.723 0.0000000000
65184  -21.132  36.347  33.678 0.0000000000
65185  -21.591  36.359  33.770 0.0000000000
66909  -22.499  36.821  34.164 0.0000000000
66908  -22.162  37.000  33.995 0.0000000000
66935  -21.838  36.958  33.867 0.0000000000
66910  -22.863  36.669  34.056 0.0000000000
66911  -23.176  36.620  33.840 0.0000000000
66912  -23.521  36.446  33.716 0.0000000000
65188  -23.692  35.949  33.327 0.0000000000
66938  -23.638  36.282  33.380 0.0000000000
65161  -20.736  36.311  33.726 0.0000000000
66933  -21.087  36.943  33.574 0.0000000000
66934  -21.294  36.907  33.725 0.0000000000
68572  -22.383  37.225  34.039 0.0000000000
68571  -22.051  37.406  33.948 0.0000000000
68573  -22.778  37.013  34.229 0.0000000000
68574  -23.031  36.906  33.882 0.0000000000
66937  -23.276  36.715  33.219 0.0000000000
68596  -23.186  37.096  33.584 0.0000000000
66907  -20.618  36.626  33.722 0.0000000000
66932  -20.687  36.860  33.668 0.0000000000
68590  -20.616  37.187  33.649 0.0000000000
68591  -20.951  37.408  33.652 0.0000000000
68592  -21.425  37.515  33.785 0.0000000000
68593  -21.906  37.682  33.850 0.0000000000
65187  -23.574  36.304  32.858 0.0000000000
66959  -23.264  36.450  32.624 0.0000000000
66958  -22.907  36.901  32.788 0.0000000000
66936  -22.973  37.018  32.956 0.0000000000
68595  -22.980  37.100  32.846 0.0000000000
68613  -22.871  37.057  32.958 0.0000000000
66971  -22.470  36.990  32.368 0.0000000000
66957  -22.750  37.036  32.643 0.0000000000
66972  -22.992  36.569  32.327 0.0000000000
68612  -22.665  37.309  32.735 0.0000000000
70294  -22.223  37.666  33.980 0.0000000000
70293  -22.035  37.809  33.880 0.0000000000
70295  -22.750  37.483  33.905 0.0000000000
70296  -23.012  37.226  33.779 0.0000000000
68570  -20.213  37.334  33.746 0.0000000000
66906  -20.349  36.790  33.746 0.0000000000
70310  -20.572  37.849  33.626 0.0000000000
70311  -20.991  37.973  33.724 0.0000000000
70312  -21.570  38.020  33.807 0.0000000000
70313  -21.911  37.989  33.827 0.0000000000
68594  -22.951  37.229  32.999 0.0000000000
70314  -22.695  37.628  32.994 0.0000000000
70315  -23.103  37.554  33.500 0.0000000000
70316  -23.123  37.300  33.640 0.0000000000
68624  -22.164  37.676  32.398 0.0000000000
70331  -22.208  37.942  32.594 0.0000000000
68623  -21.933  37.551  32.258 0.0000000000
70347  -21.928  38.046  32.293 0.0000000000
70346  -21.934  37.970  32.299 0.0000000000
71953  -22.205  38.009  33.775 0.0000000000
71952  -22.001  38.019  33.834 0.0000000000
71954  -22.523  38.061  33.910 0.0000000000
71965  -22.857  37.773  33.600 0.0000000000
70292  -20.070  37.954  33.767 0.0000000000
71960  -20.385  38.439  33.640 0.0000000000
71961  -20.832  38.468  33.617 0.0000000000
71962  -21.108  38.403  33.841 0.0000000000
71963  -21.923  38.372  33.602 0.0000000000
71964  -22.572  38.062  33.369 0.0000000000
71980  -22.377  38.002  32.928 0.0000000000
70330  -21.803  38.048  32.403 0.0000000000
71979  -22.027  38.436  32.921 0.0000000000
71951  -19.993  38.456  33.771 0.0000000000
73369  -20.270  38.887  33.657 0.0000000000
73374  -20.634  38.916  33.546 0.0000000000
73375  -20.821  39.006  33.651 0.0000000000
73376  -21.552  38.903  33.356 0.0000000000
73377  -21.936  38.808  33.063 0.0000000000
71978  -21.496  38.516  32.550 0.0000000000
73396  -22.090  38.812  32.834 0.0000000000
73395  -21.634  38.952  32.953 0.0000000000
74695  -21.275  39.191  33.240 0.0000000000
74696  -21.505  39.094  33.161 0.0000000000
74717  -21.442  39.170  33.082 0.0000000000
70291  -19.770  37.936  33.951 0.0000000000
68569  -19.861  37.366  33.976 0.0000000000
66905  -19.949  36.815  33.921 0.0000000000
68550  -19.708  37.377  34.383 0.0000000000
66885  -19.808  36.801  34.336 0.0000000000
65160  -20.358  36.246  33.839 0.0000000000
65159  -19.793  36.365  33.977 0.0000000000
65141  -20.019  36.237  34.210 0.0000000000
66871  -19.748  36.819  34.848 0.0000000000
65132  -19.825  36.255  34.734 0.0000000000
66865  -19.762  36.699  35.381 0.0000000000
65128  -19.790  36.249  35.248 0.0000000000
66870  -19.723  36.904  35.003 0.0000000000
66864  -19.707  36.941  34.969 0.0000000000
68533  -19.702  37.164  34.718 0.0000000000
66857  -19.773  36.714  35.810 0.0000000000
65122  -19.775  36.285  35.684 0.0000000000
68522  -19.759  37.126  35.521 0.0000000000
63489  -20.575  35.970  33.773 0.0000000000
65142  -20.278  36.033  33.978 0.0000000000
63473  -20.569  35.710  33.997 0.0000000000
63472  -20.230  35.688  34.295 0.0000000000
63466  -19.953  35.729  34.651 0.0000000000
63461  -19.841  35.732  35.117 0.0000000000
63454  -19.755  35.738  35.681 0.0000000000
65116  -19.877  36.348  35.818 0.0000000000
63447  -19.759  36.031  35.914 0.0000000000
63474  -20.821  35.477  33.891 0.0000000000
61806  -20.978  35.203  33.783 0.0000000000
61797  -23.256  35.433  34.271 0.0000000000
61796  -23.130  35.502  34.324 0.0000000000
61795  -20.870  35.221  33.859 0.0000000000
61794  -20.475  35.221  34.289 0.0000000000
61793  -20.167  35.276  34.639 0.0000000000
61788  -19.988  35.287  34.989 0.0000000000
61783  -19.856  35.163  35.376 0.0000000000
63453  -19.723  35.626  35.844 0.0000000000
61773  -19.621  35.161  35.789 0.0000000000
63446  -19.542  35.818  36.209 0.0000000000
61772  -19.382  35.213  36.103 0.0000000000
60371  -23.458  34.871  34.361 0.0000000000
60372  -23.947  34.827  34.210 0.0000000000
60370  -22.963  34.885  34.200 0.0000000000
60369  -22.746  35.068  34.115 0.0000000000
60368  -21.233  34.726  33.874 0.0000000000
60367  -20.930  34.857  33.966 0.0000000000
60353  -20.749  34.711  34.234 0.0000000000
60352  -20.343  34.747  34.601 0.0000000000
60351  -20.088  34.953  35.056 0.0000000000
60345  -20.075  34.874  35.149 0.0000000000
60318  -19.729  34.702  35.624 0.0000000000
60334  -20.003  34.647  35.309 0.0000000000
60317  -19.355  34.652  35.950 0.0000000000
59017  -22.533  34.389  33.834 0.0000000000
59018  -23.005  34.479  34.027 0.0000000000
60389  -22.872  34.780  34.089 0.0000000000
59016  -21.991  34.218  33.749 0.0000000000
59015  -21.534  34.380  33.787 0.0000000000
59004  -23.270  34.468  34.251 0.0000000000
59005  -23.818  34.308  34.374 0.0000000000
59003  -22.918  34.713  34.069 0.0000000000
60354  -21.091  34.575  34.126 0.0000000000
59001  -21.298  34.185  33.993 0.0000000000
58985  -21.020  34.224  34.262 0.0000000000
58984  -20.666  34.230  34.508 0.0000000000
60346  -20.252  34.606  34.979 0.0000000000
58983  -20.396  34.339  34.775 0.0000000000
60335  -20.170  34.498  35.168 0.0000000000
58967  -20.302  34.155  35.020 0.0000000000
58951  -20.096  34.198  35.264 0.0000000000
58950  -19.847  34.288  35.486 0.0000000000
58934  -19.509  34.286  35.778 0.0000000000
57449  -23.033  34.011  33.835 0.0000000000
57450  -23.382  33.916  33.981 0.0000000000
59019  -23.005  34.159  33.927 0.0000000000
57448  -22.375  33.780  33.709 0.0000000000
59002  -21.628  34.011  33.781 0.0000000000
57432  -21.935  33.656  33.758 0.0000000000
57447  -22.109  33.886  33.737 0.0000000000
57434  -23.542  34.063  34.199 0.0000000000
57431  -21.483  33.650  33.860 0.0000000000
57420  -21.199  33.720  34.266 0.0000000000
57419  -20.916  33.963  34.396 0.0000000000
58968  -20.549  34.024  34.787 0.0000000000
57408  -20.866  33.714  34.671 0.0000000000
57407  -20.463  33.696  34.892 0.0000000000
57397  -20.216  33.758  35.156 0.0000000000
57396  -20.199  33.903  35.234 0.0000000000
57385  -19.690  33.982  35.641 0.0000000000
58933  -19.115  34.116  35.958 0.0000000000
57384  -19.283  33.916  35.821 0.0000000000
55919  -23.288  33.426  33.824 0.0000000000
55920  -23.779  33.382  33.987 0.0000000000
57451  -23.668  33.785  34.119 0.0000000000
55918  -22.833  33.383  33.674 0.0000000000
57433  -22.175  33.446  33.719 0.0000000000
55917  -22.409  33.238  33.648 0.0000000000
57435  -23.932  33.761  34.269 0.0000000000
55906  -21.972  33.069  33.752 0.0000000000
55905  -21.739  33.185  33.811 0.0000000000
55904  -21.425  33.224  33.959 0.0000000000
57409  -21.169  33.475  34.578 0.0000000000
55897  -21.279  33.216  34.354 0.0000000000
55888  -21.082  33.238  34.698 0.0000000000
55887  -20.701  33.272  34.836 0.0000000000
55886  -20.348  33.307  35.025 0.0000000000
55873  -20.088  33.379  35.262 0.0000000000
55872  -19.703  33.416  35.568 0.0000000000
55855  -19.491  33.694  35.747 0.0000000000
57383  -18.812  33.635  35.993 0.0000000000
55854  -19.216  33.376  35.764 0.0000000000
54418  -24.119  33.084  33.935 0.0000000000
54404  -24.202  32.969  33.978 0.0000000000
55907  -23.989  33.291  34.160 0.0000000000
54417  -23.788  33.193  33.821 0.0000000000
54416  -23.140  32.941  33.664 0.0000000000
54415  -22.743  32.874  33.601 0.0000000000
54403  -22.357  32.796  33.660 0.0000000000
54402  -21.779  32.857  33.811 0.0000000000
54401  -21.681  32.778  33.847 0.0000000000
54392  -21.413  32.839  34.019 0.0000000000
54382  -21.260  32.838  34.488 0.0000000000
54381  -20.961  32.873  34.774 0.0000000000
54380  -20.511  32.832  34.898 0.0000000000
54359  -20.234  33.007  35.128 0.0000000000
53014  -24.153  32.580  33.774 0.0000000000
52994  -24.117  32.393  33.812 0.0000000000
53013  -23.465  32.496  33.709 0.0000000000
53012  -23.231  32.342  33.596 0.0000000000
53011  -22.677  32.447  33.621 0.0000000000
52993  -22.339  32.378  33.690 0.0000000000
52992  -21.974  32.320  33.798 0.0000000000
52991  -21.624  32.361  33.899 0.0000000000
52977  -21.367  32.387  34.190 0.0000000000
52963  -21.157  32.399  34.642 0.0000000000
52962  -20.842  32.391  34.861 0.0000000000
51476  -23.731  32.126  33.744 0.0000000000
51458  -23.972  32.008  33.750 0.0000000000
51475  -23.283  31.965  33.698 0.0000000000
51474  -23.006  32.204  33.756 0.0000000000
51473  -22.620  32.192  33.655 0.0000000000
51456  -22.458  31.900  33.716 0.0000000000
51455  -21.879  32.116  33.875 0.0000000000
51454  -21.578  32.069  33.974 0.0000000000
49798  -23.981  31.619  33.732 0.0000000000
49797  -23.450  31.507  33.645 0.0000000000
51457  -23.097  31.863  33.623 0.0000000000
49796  -23.203  31.247  33.548 0.0000000000
49785  -23.882  31.908  33.698 0.0000000000
49786  -24.214  31.767  33.722 0.0000000000
51459  -24.513  31.870  33.724 0.0000000000
49784  -22.733  31.377  33.718 0.0000000000
49783  -22.306  31.428  33.785 0.0000000000
51441  -21.889  31.829  34.006 0.0000000000
49782  -21.877  31.355  33.918 0.0000000000
51440  -21.319  31.870  34.304 0.0000000000
49767  -21.596  31.441  34.164 0.0000000000
48068  -23.881  31.036  33.390 0.0000000000
48069  -24.422  30.968  33.285 0.0000000000
49799  -24.542  31.441  33.452 0.0000000000
48067  -23.419  30.935  33.440 0.0000000000
48066  -23.035  30.953  33.580 0.0000000000
48054  -22.655  31.141  33.723 0.0000000000
48053  -22.048  31.101  33.964 0.0000000000
49781  -21.670  31.158  33.999 0.0000000000
48052  -22.032  31.180  33.875 0.0000000000
49766  -21.322  31.348  34.234 0.0000000000
48051  -21.611  30.776  34.019 0.0000000000
46304  -24.182  30.603  33.194 0.0000000000
46319  -24.600  30.402  32.855 0.0000000000
48081  -24.850  30.718  33.079 0.0000000000
48070  -24.883  31.009  33.273 0.0000000000
46303  -23.833  30.552  33.259 0.0000000000
46302  -23.459  30.446  33.269 0.0000000000
48065  -22.786  30.882  33.644 0.0000000000
46301  -23.063  30.492  33.371 0.0000000000
46300  -22.494  30.443  33.595 0.0000000000
46287  -22.126  30.710  33.773 0.0000000000
46286  -21.943  30.440  33.762 0.0000000000
46318  -24.133  30.250  32.982 0.0000000000
44645  -24.394  29.921  32.682 0.0000000000
44656  -24.999  30.041  32.456 0.0000000000
46338  -25.022  30.169  32.627 0.0000000000
46320  -24.862  30.561  32.852 0.0000000000
46317  -23.828  30.207  33.073 0.0000000000
44644  -23.981  29.913  32.813 0.0000000000
44643  -23.627  29.951  32.970 0.0000000000
44628  -23.289  29.996  33.165 0.0000000000
44627  -22.914  29.994  33.277 0.0000000000
46299  -22.240  30.137  33.594 0.0000000000
44626  -22.494  29.904  33.363 0.0000000000
44625  -22.065  29.859  33.571 0.0000000000
46285  -21.479  30.468  33.863 0.0000000000
44604  -21.736  30.129  33.746 0.0000000000
42978  -24.199  29.488  32.639 0.0000000000
42992  -24.617  29.480  32.356 0.0000000000
42977  -23.808  29.527  32.782 0.0000000000
42976  -23.431  29.518  32.892 0.0000000000
42962  -23.156  29.510  33.147 0.0000000000
42961  -22.847  29.496  33.255 0.0000000000
42960  -22.429  29.415  33.296 0.0000000000
44624  -21.803  29.797  33.656 0.0000000000
42959  -21.983  29.333  33.407 0.0000000000
44603  -21.238  29.830  33.744 0.0000000000
42958  -21.548  29.425  33.628 0.0000000000
41337  -23.878  29.057  32.753 0.0000000000
41354  -24.371  28.941  32.343 0.0000000000
41336  -23.679  29.132  32.764 0.0000000000
41335  -23.283  28.912  32.919 0.0000000000
41319  -23.060  29.137  33.192 0.0000000000
41318  -22.790  29.090  33.237 0.0000000000
41317  -22.417  28.904  33.255 0.0000000000
41316  -22.034  29.037  33.275 0.0000000000
41353  -24.084  28.968  32.644 0.0000000000
41352  -23.604  28.751  32.694 0.0000000000
41334  -23.004  28.732  33.063 0.0000000000
39662  -22.951  28.202  32.881 0.0000000000
39674  -23.362  28.372  32.718 0.0000000000
41333  -22.791  28.715  33.125 0.0000000000
39661  -22.877  28.291  32.941 0.0000000000
39660  -22.619  28.472  33.096 0.0000000000
39648  -22.309  28.411  33.240 0.0000000000
41315  -21.453  29.020  33.584 0.0000000000
39647  -21.866  28.566  33.412 0.0000000000
37949  -23.128  27.846  32.915 0.0000000000
37958  -23.097  27.950  32.792 0.0000000000
39649  -22.708  28.172  33.102 0.0000000000
37948  -22.863  28.006  33.000 0.0000000000
37940  -22.692  27.848  33.209 0.0000000000
37939  -22.188  27.923  33.401 0.0000000000
39640  -21.573  28.287  33.678 0.0000000000
37938  -21.917  27.887  33.613 0.0000000000
39646  -21.419  28.640  33.649 0.0000000000
36199  -22.440  27.360  33.608 0.0000000000
36200  -23.056  27.369  33.264 0.0000000000
37941  -22.871  27.803  33.109 0.0000000000
36198  -21.974  27.674  33.754 0.0000000000
37931  -21.523  27.926  33.870 0.0000000000
36197  -21.803  27.806  33.796 0.0000000000
36191  -22.368  27.162  33.859 0.0000000000
34488  -22.645  26.970  33.833 0.0000000000
34499  -22.889  27.083  33.573 0.0000000000
36190  -22.074  27.289  33.969 0.0000000000
36189  -21.780  27.628  33.937 0.0000000000
36208  -22.972  27.743  33.005 0.0000000000
48082  -25.196  30.759  33.078 0.0000000000
49800  -24.963  31.294  33.346 0.0000000000
48071  -25.189  31.007  33.249 0.0000000000
51477  -24.773  31.542  33.466 0.0000000000
