#!ascii label  , from subject  vox2ras=TkReg
2411
1409  23.046  9.335  8.947 0.0000000000
1410  22.718  9.147  8.767 0.0000000000
1395  23.109  9.334  9.209 0.0000000000
1832  23.313  9.580  8.811 0.0000000000
1833  22.874  9.488  8.696 0.0000000000
1396  22.643  9.206  9.333 0.0000000000
1411  22.249  9.146  8.956 0.0000000000
1834  22.411  9.428  8.718 0.0000000000
1397  22.245  9.022  9.350 0.0000000000
1412  21.941  9.034  9.085 0.0000000000
1835  21.876  9.329  8.761 0.0000000000
1022  21.671  8.863  8.994 0.0000000000
1003  21.989  8.871  9.342 0.0000000000
1398  22.052  8.952  9.243 0.0000000000
1413  21.547  8.969  8.822 0.0000000000
1023  21.280  8.773  8.970 0.0000000000
1414  21.074  8.942  8.787 0.0000000000
1836  21.328  9.284  8.688 0.0000000000
1024  20.862  8.712  9.011 0.0000000000
1415  20.527  8.920  8.730 0.0000000000
1837  20.953  9.135  8.722 0.0000000000
1025  20.327  8.485  8.954 0.0000000000
1042  20.135  8.711  8.633 0.0000000000
1423  20.134  8.991  8.362 0.0000000000
1838  20.424  9.250  8.515 0.0000000000
1043  19.782  8.727  8.434 0.0000000000
1424  19.635  9.058  8.214 0.0000000000
1856  20.080  9.530  8.215 0.0000000000
1044  19.214  8.787  8.146 0.0000000000
1425  19.117  9.083  7.953 0.0000000000
1857  19.478  9.376  8.080 0.0000000000
1045  18.957  8.809  7.937 0.0000000000
1426  19.027  9.005  7.895 0.0000000000
1858  19.230  9.203  7.956 0.0000000000
1436  19.100  9.159  7.869 0.0000000000
1437  18.852  9.189  7.600 0.0000000000
1874  19.264  9.564  7.692 0.0000000000
1059  18.546  8.572  7.540 0.0000000000
1449  18.399  9.006  7.123 0.0000000000
1875  19.034  9.611  7.385 0.0000000000
1892  18.854  9.562  7.094 0.0000000000
1074  18.344  8.622  7.185 0.0000000000
1075  18.253  8.414  7.094 0.0000000000
1450  18.210  8.778  6.893 0.0000000000
1466  18.190  9.092  6.743 0.0000000000
1465  18.382  9.165  6.939 0.0000000000
1913  18.567  9.450  6.709 0.0000000000
1091  18.028  8.616  6.716 0.0000000000
1818  23.555  9.643  9.271 0.0000000000
1831  23.859  9.689  8.806 0.0000000000
1849  23.644  9.706  8.354 0.0000000000
1850  23.086  9.714  8.297 0.0000000000
1851  22.540  9.712  8.360 0.0000000000
1852  22.023  9.703  8.401 0.0000000000
1853  21.526  9.672  8.447 0.0000000000
1854  21.047  9.622  8.467 0.0000000000
1855  20.599  9.559  8.410 0.0000000000
1848  24.143  9.712  8.402 0.0000000000
1870  23.988  9.705  7.929 0.0000000000
1871  23.416  9.734  7.819 0.0000000000
2280  22.704  9.809  7.963 0.0000000000
2279  23.029  9.757  7.943 0.0000000000
2281  22.114  9.945  7.971 0.0000000000
2282  21.647  9.966  8.084 0.0000000000
2283  21.188  9.931  8.147 0.0000000000
2284  20.755  9.855  8.161 0.0000000000
2285  20.434  9.744  8.183 0.0000000000
1873  19.866  9.736  7.819 0.0000000000
1872  20.021  9.802  7.879 0.0000000000
2299  20.319  9.895  7.854 0.0000000000
1869  24.386  9.721  8.054 0.0000000000
1886  24.376  9.693  7.521 0.0000000000
1887  23.857  9.597  7.329 0.0000000000
2293  22.963  9.802  7.582 0.0000000000
1888  23.270  9.700  7.195 0.0000000000
2300  20.044  9.889  7.579 0.0000000000
1890  19.807  9.814  7.301 0.0000000000
1891  19.326  9.716  7.102 0.0000000000
1885  24.905  9.766  7.346 0.0000000000
1446  24.569  9.455  7.083 0.0000000000
1447  24.181  9.350  7.065 0.0000000000
1868  24.793  9.760  7.940 0.0000000000
1448  23.813  9.040  7.052 0.0000000000
1906  23.676  9.475  6.954 0.0000000000
2307  23.011  9.719  7.241 0.0000000000
1907  23.299  9.397  6.683 0.0000000000
1889  22.950  9.673  6.949 0.0000000000
2308  22.788  9.785  7.182 0.0000000000
1908  22.742  9.455  6.482 0.0000000000
2319  22.769  9.681  6.841 0.0000000000
2314  20.189  9.954  7.356 0.0000000000
1911  19.802  9.764  6.752 0.0000000000
2325  20.050  9.848  7.054 0.0000000000
1912  19.165  9.713  6.651 0.0000000000
1462  23.839  9.316  6.665 0.0000000000
1463  23.492  9.267  6.296 0.0000000000
1464  23.086  9.262  6.220 0.0000000000
1482  22.846  9.243  5.949 0.0000000000
1927  22.588  9.322  6.138 0.0000000000
1928  22.285  9.461  6.242 0.0000000000
1909  22.377  9.688  6.484 0.0000000000
2320  22.432  9.795  6.818 0.0000000000
2331  22.030  9.770  6.558 0.0000000000
1910  20.197  9.791  6.610 0.0000000000
1933  19.998  9.710  6.239 0.0000000000
2324  20.349  9.933  6.972 0.0000000000
1934  19.502  9.700  6.194 0.0000000000
1483  22.435  9.244  5.885 0.0000000000
1484  21.933  9.281  6.020 0.0000000000
1929  21.809  9.512  6.255 0.0000000000
1485  21.603  9.275  5.977 0.0000000000
1930  21.315  9.580  6.198 0.0000000000
2332  21.632  9.847  6.589 0.0000000000
1507  21.172  9.302  5.726 0.0000000000
1949  21.141  9.643  6.107 0.0000000000
2333  21.155  9.929  6.624 0.0000000000
1931  20.903  9.742  6.256 0.0000000000
1950  20.808  9.562  5.901 0.0000000000
2334  20.708  9.900  6.650 0.0000000000
1932  20.488  9.748  6.295 0.0000000000
2335  20.427  9.854  6.657 0.0000000000
1951  20.308  9.496  5.792 0.0000000000
1952  19.822  9.584  5.758 0.0000000000
1508  20.644  9.267  5.555 0.0000000000
1509  20.087  9.180  5.261 0.0000000000
1970  19.875  9.278  5.234 0.0000000000
2294  22.470  9.898  7.613 0.0000000000
2295  22.033  10.024  7.618 0.0000000000
2296  21.716  10.099  7.711 0.0000000000
2297  21.275  10.129  7.825 0.0000000000
2298  20.846  10.089  7.845 0.0000000000
2309  22.266  9.955  7.267 0.0000000000
2310  21.833  10.106  7.341 0.0000000000
2311  21.386  10.177  7.416 0.0000000000
2312  20.999  10.180  7.523 0.0000000000
2313  20.587  10.109  7.440 0.0000000000
2321  21.993  10.003  6.931 0.0000000000
2322  21.505  10.134  6.991 0.0000000000
2323  20.946  10.129  7.077 0.0000000000
1904  24.969  9.800  6.872 0.0000000000
1867  25.218  9.887  7.753 0.0000000000
1884  25.341  9.843  7.273 0.0000000000
1903  25.138  9.817  6.850 0.0000000000
1866  25.480  9.882  7.532 0.0000000000
1883  25.603  9.961  7.319 0.0000000000
1902  25.610  10.006  6.842 0.0000000000
2291  25.586  10.157  7.722 0.0000000000
2306  25.687  10.226  7.218 0.0000000000
1847  24.613  9.746  8.416 0.0000000000
1846  25.103  9.870  8.355 0.0000000000
2292  25.277  10.011  8.032 0.0000000000
1830  24.357  9.720  8.808 0.0000000000
1829  24.831  9.772  8.842 0.0000000000
1828  25.146  9.891  8.896 0.0000000000
2271  25.360  10.124  8.634 0.0000000000
2278  25.368  10.129  8.207 0.0000000000
1817  24.083  9.711  9.173 0.0000000000
1816  24.570  9.749  9.193 0.0000000000
1815  24.960  9.781  9.189 0.0000000000
1814  25.148  9.886  9.172 0.0000000000
2262  25.307  10.079  9.170 0.0000000000
1384  23.273  9.449  9.479 0.0000000000
1805  23.383  9.674  9.812 0.0000000000
1804  23.919  9.747  9.722 0.0000000000
1803  24.363  9.755  9.603 0.0000000000
1802  24.777  9.784  9.554 0.0000000000
1801  25.116  9.872  9.461 0.0000000000
1385  22.951  9.363  9.631 0.0000000000
1806  22.962  9.736  10.156 0.0000000000
1791  23.234  9.837  10.276 0.0000000000
1790  23.786  9.902  10.375 0.0000000000
1789  24.246  9.819  10.085 0.0000000000
1788  24.610  9.796  9.915 0.0000000000
2253  24.966  9.938  9.904 0.0000000000
2252  25.287  10.103  9.717 0.0000000000
1774  23.554  9.884  10.602 0.0000000000
2225  23.165  10.091  10.541 0.0000000000
2242  23.024  9.976  10.323 0.0000000000
1792  22.751  9.786  10.272 0.0000000000
1773  24.094  9.784  10.931 0.0000000000
2224  23.745  10.047  10.723 0.0000000000
2241  23.936  9.976  10.654 0.0000000000
2240  24.115  10.141  10.428 0.0000000000
2239  24.624  10.040  10.272 0.0000000000
1534  20.229  8.926  5.001 0.0000000000
1533  20.887  9.038  5.292 0.0000000000
1506  21.710  9.209  5.602 0.0000000000
1532  21.383  9.027  5.305 0.0000000000
1505  22.176  9.190  5.538 0.0000000000
1531  21.866  8.976  5.274 0.0000000000
1504  22.640  9.183  5.502 0.0000000000
1530  22.364  8.930  5.218 0.0000000000
1503  23.102  9.212  5.508 0.0000000000
1529  22.967  9.029  4.929 0.0000000000
1481  23.334  9.249  5.946 0.0000000000
1502  23.689  9.300  5.498 0.0000000000
1528  23.305  9.095  5.151 0.0000000000
1480  23.967  9.270  6.034 0.0000000000
1501  24.053  9.310  5.930 0.0000000000
1948  24.002  9.572  5.275 0.0000000000
1527  23.838  9.472  5.010 0.0000000000
1479  24.625  9.648  6.031 0.0000000000
1500  24.578  9.515  6.076 0.0000000000
1947  24.382  9.738  5.513 0.0000000000
1478  24.934  9.703  6.227 0.0000000000
1946  24.891  9.965  5.800 0.0000000000
1461  24.283  9.435  6.668 0.0000000000
1905  24.498  9.631  6.680 0.0000000000
1926  24.775  9.906  6.432 0.0000000000
1925  24.978  9.886  6.298 0.0000000000
1460  24.737  9.596  6.923 0.0000000000
1002  22.244  8.935  9.709 0.0000000000
1386  22.447  9.264  9.815 0.0000000000
985  22.432  8.873  9.998 0.0000000000
969  22.175  8.944  10.059 0.0000000000
1372  22.139  9.128  10.233 0.0000000000
1793  22.435  9.512  10.130 0.0000000000
1807  22.669  9.587  10.031 0.0000000000
970  21.723  8.819  10.279 0.0000000000
1373  22.092  9.100  10.212 0.0000000000
1360  22.005  9.240  10.481 0.0000000000
1776  22.320  9.603  10.474 0.0000000000
1361  21.746  9.113  10.613 0.0000000000
1777  21.917  9.557  10.734 0.0000000000
729  18.015  7.965  7.143 0.0000000000
718  18.360  8.001  7.495 0.0000000000
1060  18.480  8.220  7.377 0.0000000000
741  18.000  8.209  6.885 0.0000000000
717  18.677  8.172  7.776 0.0000000000
709  18.973  8.347  8.109 0.0000000000
708  19.343  8.328  8.414 0.0000000000
1027  19.562  8.491  8.561 0.0000000000
1026  20.035  8.345  8.840 0.0000000000
699  19.694  8.010  8.804 0.0000000000
698  20.011  8.071  9.065 0.0000000000
697  20.203  8.218  9.081 0.0000000000
1006  20.409  8.275  9.224 0.0000000000
1005  20.748  8.419  9.371 0.0000000000
1004  21.274  8.670  9.345 0.0000000000
687  20.328  8.003  9.420 0.0000000000
686  20.580  8.198  9.452 0.0000000000
675  20.756  8.123  9.836 0.0000000000
988  21.025  8.462  9.820 0.0000000000
987  21.501  8.696  9.830 0.0000000000
986  22.027  8.789  9.904 0.0000000000
972  20.871  8.195  10.103 0.0000000000
971  21.169  8.448  10.213 0.0000000000
667  20.881  8.154  10.289 0.0000000000
666  21.060  8.335  10.804 0.0000000000
954  21.232  8.604  10.686 0.0000000000
953  21.569  8.895  10.623 0.0000000000
658  21.045  8.276  11.072 0.0000000000
955  21.019  8.478  11.024 0.0000000000
938  20.863  8.578  11.111 0.0000000000
1348  21.245  8.980  11.094 0.0000000000
1362  21.423  9.011  10.783 0.0000000000
939  20.839  8.481  11.216 0.0000000000
925  21.081  8.780  11.357 0.0000000000
926  20.935  8.835  11.747 0.0000000000
1332  21.167  9.143  11.667 0.0000000000
508  18.206  7.492  7.360 0.0000000000
509  17.933  7.473  7.097 0.0000000000
730  17.863  7.894  6.934 0.0000000000
500  18.481  7.539  7.687 0.0000000000
499  18.773  7.880  7.921 0.0000000000
491  18.927  7.796  8.168 0.0000000000
490  19.283  7.962  8.452 0.0000000000
481  19.526  7.686  8.907 0.0000000000
480  19.987  8.112  9.031 0.0000000000
688  20.037  7.852  9.263 0.0000000000
472  19.850  7.516  9.443 0.0000000000
471  20.131  7.739  9.471 0.0000000000
464  20.274  7.613  9.843 0.0000000000
676  20.563  7.916  9.766 0.0000000000
463  20.701  7.911  9.789 0.0000000000
458  20.629  7.796  10.333 0.0000000000
659  20.840  8.119  10.783 0.0000000000
451  20.639  7.799  10.898 0.0000000000
653  20.673  8.049  11.250 0.0000000000
439  20.417  7.768  11.171 0.0000000000
654  20.381  7.970  11.544 0.0000000000
644  20.668  8.343  11.766 0.0000000000
632  20.277  8.232  12.180 0.0000000000
631  20.676  8.463  12.086 0.0000000000
645  20.380  8.077  11.860 0.0000000000
912  21.010  8.997  12.039 0.0000000000
417  20.162  7.950  12.053 0.0000000000
418  19.972  7.898  12.105 0.0000000000
633  19.783  8.261  12.340 0.0000000000
427  20.163  7.880  11.848 0.0000000000
621  19.803  8.279  12.655 0.0000000000
898  20.293  8.719  12.686 0.0000000000
913  20.559  8.654  12.357 0.0000000000
622  19.877  8.419  12.541 0.0000000000
899  19.839  8.681  12.727 0.0000000000
289  17.986  7.056  7.205 0.0000000000
285  18.302  7.095  7.639 0.0000000000
284  18.703  7.375  7.982 0.0000000000
279  18.825  7.255  8.370 0.0000000000
482  19.121  7.596  8.547 0.0000000000
275  19.138  7.234  8.768 0.0000000000
274  19.191  7.285  8.795 0.0000000000
473  19.537  7.378  9.221 0.0000000000
268  19.301  6.822  9.506 0.0000000000
267  19.626  7.231  9.494 0.0000000000
261  19.635  7.153  9.899 0.0000000000
465  20.048  7.274  10.147 0.0000000000
260  19.960  7.200  10.087 0.0000000000
459  20.226  7.407  10.250 0.0000000000
251  19.979  7.258  10.364 0.0000000000
452  20.230  7.507  10.762 0.0000000000
240  19.876  7.250  10.739 0.0000000000
453  19.940  7.338  10.979 0.0000000000
440  20.071  7.685  11.338 0.0000000000
428  19.707  7.768  11.749 0.0000000000
441  19.663  7.548  11.314 0.0000000000
419  19.524  7.955  12.144 0.0000000000
429  19.071  7.989  11.917 0.0000000000
442  19.422  7.678  11.570 0.0000000000
634  19.167  8.311  12.332 0.0000000000
132  18.212  6.819  7.842 0.0000000000
280  18.503  7.056  8.056 0.0000000000
138  18.052  6.846  7.404 0.0000000000
126  18.415  6.743  8.258 0.0000000000
125  18.837  7.166  8.213 0.0000000000
120  18.760  6.716  8.771 0.0000000000
119  19.191  6.913  9.103 0.0000000000
113  19.208  6.861  9.514 0.0000000000
262  19.311  6.935  9.894 0.0000000000
106  19.110  6.797  9.829 0.0000000000
99  19.037  6.814  10.355 0.0000000000
253  19.390  7.028  10.382 0.0000000000
252  19.741  7.164  10.374 0.0000000000
242  19.050  7.050  10.832 0.0000000000
241  19.542  7.180  10.887 0.0000000000
94  19.050  6.958  10.798 0.0000000000
243  18.942  7.002  10.909 0.0000000000
231  19.211  7.390  11.374 0.0000000000
232  18.667  6.955  11.033 0.0000000000
230  19.600  7.308  11.108 0.0000000000
91  18.597  6.875  10.986 0.0000000000
92  18.396  6.818  10.984 0.0000000000
233  18.205  6.976  11.136 0.0000000000
95  18.700  6.838  10.758 0.0000000000
226  18.622  7.209  11.440 0.0000000000
227  18.253  7.117  11.211 0.0000000000
225  18.886  7.829  11.794 0.0000000000
430  18.680  7.841  11.909 0.0000000000
127  17.984  6.642  7.901 0.0000000000
133  17.890  6.591  7.748 0.0000000000
36  17.731  6.336  8.135 0.0000000000
35  18.195  6.440  8.400 0.0000000000
121  18.441  6.549  8.569 0.0000000000
30  18.378  6.371  8.856 0.0000000000
29  18.740  6.381  9.141 0.0000000000
23  18.560  6.364  9.242 0.0000000000
114  19.109  6.778  9.327 0.0000000000
18  18.609  6.493  9.678 0.0000000000
107  19.041  6.811  9.975 0.0000000000
108  18.368  6.526  9.966 0.0000000000
100  18.526  6.742  10.274 0.0000000000
96  18.229  6.791  10.570 0.0000000000
101  17.966  6.395  10.054 0.0000000000
93  18.017  6.832  10.910 0.0000000000
97  17.723  6.854  10.489 0.0000000000
31  17.838  6.127  8.738 0.0000000000
24  17.976  6.278  9.089 0.0000000000
19  18.141  6.337  9.684 0.0000000000
20  17.545  6.317  9.508 0.0000000000
25  17.684  6.287  8.971 0.0000000000
17  17.892  6.361  9.862 0.0000000000
16  17.861  6.210  9.970 0.0000000000
102  17.538  6.678  9.943 0.0000000000
646  19.032  8.170  12.105 0.0000000000
647  18.836  7.960  11.960 0.0000000000
914  19.826  8.428  12.539 0.0000000000
915  19.594  8.504  12.506 0.0000000000
887  20.164  8.980  13.192 0.0000000000
886  20.668  9.102  12.993 0.0000000000
897  20.687  8.923  12.612 0.0000000000
888  19.598  8.949  13.113 0.0000000000
900  19.307  8.730  12.754 0.0000000000
1308  20.866  9.373  12.666 0.0000000000
1320  20.945  9.165  12.027 0.0000000000
1333  21.001  9.017  11.976 0.0000000000
1297  20.954  9.422  13.206 0.0000000000
1296  21.161  9.610  13.089 0.0000000000
1307  21.150  9.619  12.859 0.0000000000
1724  21.070  9.858  12.729 0.0000000000
1738  21.072  9.571  12.230 0.0000000000
1319  21.144  9.206  11.953 0.0000000000
1737  21.241  9.526  11.897 0.0000000000
1750  21.177  9.725  11.551 0.0000000000
1762  21.254  9.588  11.211 0.0000000000
1778  21.470  9.541  10.837 0.0000000000
1969  24.009  9.663  4.984 0.0000000000
1553  23.664  9.373  4.652 0.0000000000
1986  23.987  9.774  4.718 0.0000000000
1554  23.214  9.158  4.589 0.0000000000
1135  22.523  8.784  4.808 0.0000000000
1555  22.871  8.954  4.550 0.0000000000
1136  21.834  8.716  5.131 0.0000000000
1137  21.562  8.762  4.989 0.0000000000
1138  21.095  8.778  5.006 0.0000000000
1139  20.657  8.802  5.028 0.0000000000
1573  23.503  9.446  4.253 0.0000000000
1572  23.774  9.589  4.474 0.0000000000
1574  23.017  9.172  4.122 0.0000000000
1151  22.601  8.782  4.444 0.0000000000
1162  22.968  8.953  4.023 0.0000000000
1999  23.903  9.993  4.193 0.0000000000
2000  23.522  9.871  4.021 0.0000000000
1586  23.290  9.506  3.895 0.0000000000
1175  22.750  8.982  3.901 0.0000000000
1587  22.938  9.361  3.552 0.0000000000
2009  23.308  9.835  3.644 0.0000000000
1176  22.390  8.889  3.574 0.0000000000
1588  22.586  9.178  3.368 0.0000000000
2010  23.036  9.927  3.406 0.0000000000
1599  22.668  9.414  3.227 0.0000000000
2016  22.772  9.776  3.257 0.0000000000
1600  22.394  9.177  3.053 0.0000000000
2017  22.466  9.671  3.056 0.0000000000
1186  22.106  8.765  3.022 0.0000000000
1610  22.112  9.172  2.703 0.0000000000
2021  22.190  9.611  2.731 0.0000000000
1197  22.039  8.917  2.734 0.0000000000
1611  21.865  9.069  2.562 0.0000000000
2022  21.746  9.584  2.456 0.0000000000
1198  21.776  8.737  2.772 0.0000000000
1612  21.501  8.799  2.450 0.0000000000
2023  21.541  9.217  2.343 0.0000000000
1199  21.301  8.375  2.799 0.0000000000
1210  21.126  8.535  2.329 0.0000000000
1619  21.224  9.016  2.189 0.0000000000
1211  20.885  8.723  2.140 0.0000000000
1620  20.960  9.230  2.043 0.0000000000
2028  21.234  9.611  2.183 0.0000000000
1723  21.217  9.912  13.037 0.0000000000
2172  21.225  10.210  13.230 0.0000000000
2173  21.047  9.895  12.596 0.0000000000
2187  20.987  9.869  12.272 0.0000000000
2186  21.229  9.993  11.789 0.0000000000
2197  21.052  9.956  11.724 0.0000000000
1763  21.242  10.054  11.140 0.0000000000
1751  21.080  9.933  11.454 0.0000000000
2198  21.045  9.943  11.393 0.0000000000
2211  21.066  10.016  11.108 0.0000000000
2210  21.340  10.124  11.090 0.0000000000
1775  22.579  9.787  10.468 0.0000000000
2226  22.636  9.980  10.616 0.0000000000
2227  22.071  10.009  10.722 0.0000000000
2228  21.722  9.996  10.783 0.0000000000
2229  21.499  10.023  10.850 0.0000000000
2243  22.895  9.971  10.371 0.0000000000
2318  25.718  10.464  6.941 0.0000000000
1924  25.267  9.957  6.327 0.0000000000
1923  25.555  10.136  6.429 0.0000000000
2329  25.667  10.428  6.560 0.0000000000
2330  25.351  10.369  6.206 0.0000000000
1945  25.145  9.869  6.040 0.0000000000
2338  25.119  10.396  5.853 0.0000000000
2339  24.930  10.456  5.598 0.0000000000
1967  24.587  9.964  5.317 0.0000000000
2342  24.741  10.364  5.263 0.0000000000
1968  24.130  9.846  4.865 0.0000000000
2343  24.591  10.143  4.810 0.0000000000
1985  24.156  9.917  4.789 0.0000000000
2347  24.218  10.163  4.646 0.0000000000
2348  23.988  9.991  4.476 0.0000000000
2352  23.812  10.234  4.236 0.0000000000
2353  23.299  10.315  3.859 0.0000000000
2360  23.184  10.120  3.539 0.0000000000
2361  22.868  10.348  3.474 0.0000000000
2375  22.822  10.057  3.308 0.0000000000
2376  22.496  10.091  3.196 0.0000000000
2393  22.247  9.970  2.896 0.0000000000
2394  21.872  10.077  2.655 0.0000000000
2027  21.462  9.835  2.269 0.0000000000
2412  21.590  10.037  2.344 0.0000000000
2413  21.227  10.071  2.280 0.0000000000
2029  20.658  9.805  1.960 0.0000000000
2414  20.871  10.039  2.182 0.0000000000
2161  21.240  10.363  13.209 0.0000000000
2567  21.182  10.651  12.682 0.0000000000
2568  21.101  10.308  12.694 0.0000000000
2584  21.022  10.315  12.411 0.0000000000
2583  21.254  10.579  12.012 0.0000000000
2600  21.348  10.600  11.474 0.0000000000
2619  21.760  10.670  11.179 0.0000000000
2637  21.618  10.300  10.877 0.0000000000
2223  24.015  10.200  10.645 0.0000000000
2632  23.857  10.402  10.845 0.0000000000
2633  23.342  10.428  10.781 0.0000000000
2634  22.788  10.470  10.760 0.0000000000
2635  22.285  10.478  10.799 0.0000000000
2636  21.898  10.436  10.834 0.0000000000
2222  24.473  10.214  10.696 0.0000000000
2221  24.904  10.202  10.639 0.0000000000
2238  25.076  10.124  10.190 0.0000000000
2237  25.452  10.213  10.046 0.0000000000
2251  25.520  10.241  9.752 0.0000000000
2261  25.566  10.283  9.428 0.0000000000
2655  25.747  10.429  9.778 0.0000000000
2667  25.869  10.593  9.205 0.0000000000
2270  25.624  10.343  8.900 0.0000000000
2676  25.915  10.654  8.656 0.0000000000
2277  25.682  10.394  8.297 0.0000000000
2684  26.000  10.727  8.210 0.0000000000
2692  25.906  10.655  7.778 0.0000000000
2698  25.819  10.577  7.283 0.0000000000
2703  25.888  10.861  6.783 0.0000000000
2707  25.557  10.806  6.293 0.0000000000
2708  25.252  10.764  5.965 0.0000000000
2711  25.048  10.769  5.687 0.0000000000
2712  24.824  10.788  5.398 0.0000000000
2715  24.561  10.811  5.070 0.0000000000
2346  24.579  10.353  4.913 0.0000000000
2726  24.667  10.571  4.980 0.0000000000
2727  24.386  10.662  4.745 0.0000000000
2351  24.034  10.391  4.324 0.0000000000
2740  24.148  10.587  4.426 0.0000000000
2741  23.847  10.656  4.311 0.0000000000
2742  23.465  10.672  4.220 0.0000000000
2354  23.007  10.567  3.798 0.0000000000
2743  22.968  10.820  4.122 0.0000000000
2759  22.894  10.766  3.963 0.0000000000
2362  22.487  10.372  3.340 0.0000000000
2760  22.339  10.690  3.572 0.0000000000
2774  22.257  10.398  3.244 0.0000000000
2377  21.933  10.178  2.860 0.0000000000
2775  21.911  10.582  3.277 0.0000000000
2378  21.597  10.385  3.015 0.0000000000
2395  21.352  10.284  2.624 0.0000000000
2776  21.424  10.708  3.361 0.0000000000
2379  21.015  10.554  3.067 0.0000000000
2363  20.598  10.792  3.429 0.0000000000
2380  20.398  10.584  3.009 0.0000000000
2777  21.013  10.799  3.472 0.0000000000
2396  20.758  10.277  2.565 0.0000000000
2364  20.099  10.747  3.463 0.0000000000
2381  19.838  10.540  3.060 0.0000000000
2397  20.117  10.329  2.624 0.0000000000
2365  19.604  10.678  3.529 0.0000000000
2382  19.269  10.443  3.174 0.0000000000
2398  19.560  10.326  2.684 0.0000000000
2366  19.212  10.634  3.633 0.0000000000
2367  18.850  10.487  3.526 0.0000000000
2383  18.733  10.310  3.075 0.0000000000
2399  19.034  10.278  2.688 0.0000000000
2368  18.370  10.359  3.364 0.0000000000
2384  18.271  10.260  3.000 0.0000000000
2400  18.534  10.238  2.626 0.0000000000
2415  20.341  10.167  2.140 0.0000000000
2416  19.793  10.237  2.255 0.0000000000
2417  19.292  10.190  2.323 0.0000000000
2418  18.804  10.137  2.302 0.0000000000
2030  20.316  10.040  1.911 0.0000000000
2428  20.160  10.097  1.886 0.0000000000
2429  19.922  10.111  1.877 0.0000000000
2031  19.506  10.016  1.991 0.0000000000
2032  19.049  9.980  2.067 0.0000000000
2553  21.326  10.838  13.106 0.0000000000
2954  21.277  11.204  13.014 0.0000000000
2968  21.349  11.082  12.637 0.0000000000
2984  21.453  11.140  12.136 0.0000000000
3000  21.662  11.000  11.647 0.0000000000
3012  21.994  10.950  11.513 0.0000000000
2618  22.061  10.755  11.247 0.0000000000
2631  24.313  10.354  10.983 0.0000000000
2614  23.988  10.686  11.293 0.0000000000
2615  23.449  10.723  11.049 0.0000000000
2616  22.936  10.732  11.051 0.0000000000
2617  22.452  10.837  11.175 0.0000000000
2645  25.672  10.366  10.261 0.0000000000
2644  26.005  10.696  10.135 0.0000000000
2654  26.048  10.734  9.527 0.0000000000
2666  26.089  10.790  9.194 0.0000000000
2675  26.135  10.857  8.887 0.0000000000
3045  26.203  10.961  9.088 0.0000000000
3049  26.375  11.189  8.691 0.0000000000
2683  26.203  10.960  8.425 0.0000000000
3059  26.448  11.368  8.196 0.0000000000
2691  26.220  11.008  7.914 0.0000000000
3068  26.293  11.445  7.668 0.0000000000
2697  26.197  11.025  7.273 0.0000000000
3077  26.237  11.580  7.199 0.0000000000
2702  26.111  11.101  6.865 0.0000000000
3088  26.158  11.413  6.893 0.0000000000
3089  25.925  11.304  6.693 0.0000000000
3099  25.688  11.219  6.411 0.0000000000
3100  25.259  11.237  6.049 0.0000000000
3114  25.150  11.243  5.748 0.0000000000
3115  24.904  11.168  5.653 0.0000000000
3134  24.608  11.049  5.273 0.0000000000
2716  24.131  10.971  4.909 0.0000000000
3135  24.253  11.100  5.143 0.0000000000
2728  23.971  10.900  4.574 0.0000000000
2717  23.742  11.074  4.807 0.0000000000
3136  23.859  11.223  5.105 0.0000000000
2729  23.563  10.944  4.525 0.0000000000
2718  23.484  11.118  4.756 0.0000000000
3137  23.415  11.289  5.037 0.0000000000
3152  23.219  11.182  4.703 0.0000000000
2730  23.200  10.995  4.402 0.0000000000
3153  22.725  11.242  4.549 0.0000000000
3165  22.639  11.071  4.247 0.0000000000
2744  22.513  10.909  4.040 0.0000000000
3166  22.306  11.165  4.311 0.0000000000
2745  22.041  11.005  4.007 0.0000000000
2761  21.752  10.851  3.663 0.0000000000
3167  21.810  11.218  4.375 0.0000000000
2746  21.535  11.092  4.038 0.0000000000
2762  21.258  10.913  3.742 0.0000000000
3168  21.311  11.229  4.433 0.0000000000
2747  21.045  11.113  4.094 0.0000000000
2763  20.796  10.923  3.800 0.0000000000
3169  20.827  11.232  4.488 0.0000000000
2748  20.558  11.120  4.169 0.0000000000
2764  20.326  10.890  3.872 0.0000000000
3170  20.380  11.244  4.555 0.0000000000
2749  20.007  11.138  4.330 0.0000000000
2731  19.886  11.211  4.658 0.0000000000
2732  19.588  11.132  4.707 0.0000000000
2750  19.513  10.875  4.337 0.0000000000
3171  20.077  11.240  4.666 0.0000000000
2765  19.852  10.819  3.938 0.0000000000
2733  19.136  10.910  4.681 0.0000000000
2751  19.023  10.793  4.309 0.0000000000
2766  19.364  10.759  3.955 0.0000000000
2734  18.650  10.820  4.665 0.0000000000
2752  18.520  10.760  4.257 0.0000000000
2767  18.940  10.727  3.959 0.0000000000
2735  18.100  10.833  4.677 0.0000000000
2753  17.949  10.748  4.141 0.0000000000
2768  18.421  10.632  3.784 0.0000000000
2736  17.517  10.954  4.603 0.0000000000
2754  17.316  10.813  4.047 0.0000000000
2769  17.818  10.543  3.489 0.0000000000
2737  17.063  11.080  4.404 0.0000000000
2755  16.848  10.941  3.947 0.0000000000
2770  17.247  10.749  3.585 0.0000000000
2771  16.919  10.910  3.827 0.0000000000
3162  16.615  11.455  4.453 0.0000000000
3172  16.431  11.253  3.863 0.0000000000
3176  16.621  11.211  3.800 0.0000000000
2369  18.066  10.307  3.186 0.0000000000
2385  17.877  10.273  3.024 0.0000000000
2778  17.650  10.377  3.182 0.0000000000
2779  17.346  10.521  3.236 0.0000000000
2780  16.755  10.787  3.280 0.0000000000
3180  16.816  10.928  3.509 0.0000000000
2386  17.475  10.275  2.959 0.0000000000
2387  17.103  10.357  3.031 0.0000000000
2953  21.520  11.225  12.972 0.0000000000
2967  21.611  11.310  12.479 0.0000000000
2983  21.794  11.528  12.115 0.0000000000
2999  22.024  11.273  11.752 0.0000000000
2998  22.602  11.227  11.494 0.0000000000
2598  22.283  11.029  11.499 0.0000000000
2599  22.153  10.877  11.530 0.0000000000
3011  21.969  10.935  11.661 0.0000000000
3400  22.114  11.805  12.192 0.0000000000
3413  22.413  11.621  11.864 0.0000000000
3036  26.233  11.002  9.665 0.0000000000
3449  26.370  11.234  9.341 0.0000000000
3044  26.445  11.276  9.104 0.0000000000
3048  26.598  11.349  8.933 0.0000000000
3448  26.696  11.648  9.284 0.0000000000
3456  26.756  11.762  8.785 0.0000000000
3058  26.688  11.444  8.560 0.0000000000
3466  26.711  11.832  8.278 0.0000000000
3467  26.510  11.721  7.902 0.0000000000
3476  26.314  11.897  7.538 0.0000000000
3485  26.115  11.950  7.056 0.0000000000
3496  26.127  11.702  6.929 0.0000000000
3497  25.820  11.787  6.756 0.0000000000
3510  25.768  11.489  6.519 0.0000000000
3511  25.502  11.624  6.327 0.0000000000
3101  24.977  11.456  5.936 0.0000000000
3512  24.955  11.720  6.148 0.0000000000
3525  24.692  11.567  5.816 0.0000000000
3116  24.469  11.332  5.475 0.0000000000
3526  24.240  11.640  5.744 0.0000000000
3117  24.022  11.422  5.402 0.0000000000
3527  23.772  11.683  5.722 0.0000000000
3118  23.587  11.514  5.389 0.0000000000
3528  23.313  11.716  5.736 0.0000000000
3119  23.117  11.584  5.418 0.0000000000
3138  22.906  11.399  5.063 0.0000000000
3529  22.880  11.726  5.778 0.0000000000
3120  22.601  11.617  5.586 0.0000000000
3102  22.244  11.650  5.875 0.0000000000
3121  22.101  11.490  5.579 0.0000000000
3517  22.575  11.777  6.039 0.0000000000
3530  22.678  11.722  5.808 0.0000000000
3139  22.376  11.406  5.117 0.0000000000
3103  21.893  11.551  6.023 0.0000000000
3122  21.612  11.370  5.657 0.0000000000
3140  21.849  11.355  5.197 0.0000000000
3104  21.359  11.372  6.122 0.0000000000
3123  21.100  11.292  5.756 0.0000000000
3141  21.339  11.299  5.272 0.0000000000
3105  20.929  11.299  6.273 0.0000000000
3124  20.549  11.258  5.880 0.0000000000
3142  20.821  11.264  5.328 0.0000000000
3106  20.548  11.263  6.374 0.0000000000
3107  20.154  11.251  6.280 0.0000000000
3125  19.998  11.248  5.831 0.0000000000
3143  20.268  11.251  5.308 0.0000000000
3108  19.675  11.249  6.237 0.0000000000
3126  19.493  11.242  5.805 0.0000000000
3144  19.757  11.246  5.394 0.0000000000
3109  19.177  11.276  6.207 0.0000000000
3127  19.037  11.254  5.786 0.0000000000
3145  19.330  11.229  5.386 0.0000000000
3110  18.615  11.411  6.150 0.0000000000
3128  18.633  11.276  5.813 0.0000000000
3146  18.947  11.176  5.350 0.0000000000
3111  18.315  11.394  6.039 0.0000000000
3129  18.137  11.355  5.788 0.0000000000
3147  18.473  11.171  5.354 0.0000000000
3520  17.997  11.772  6.179 0.0000000000
3531  17.816  11.625  5.960 0.0000000000
3148  18.021  11.184  5.307 0.0000000000
3130  17.773  11.407  5.606 0.0000000000
3149  17.494  11.315  5.150 0.0000000000
3532  17.455  11.769  5.751 0.0000000000
3154  22.103  11.307  4.718 0.0000000000
3155  21.579  11.287  4.807 0.0000000000
3156  21.079  11.261  4.865 0.0000000000
3157  20.601  11.252  4.896 0.0000000000
3158  20.242  11.246  4.870 0.0000000000
3159  19.905  11.238  4.952 0.0000000000
3160  19.548  11.232  5.080 0.0000000000
2719  19.211  11.112  5.009 0.0000000000
2720  18.796  10.962  5.027 0.0000000000
2721  18.321  10.933  5.033 0.0000000000
2722  17.940  11.000  5.041 0.0000000000
2723  17.778  10.997  4.885 0.0000000000
3161  17.092  11.410  4.747 0.0000000000
3535  17.164  11.909  5.324 0.0000000000
3538  17.150  11.789  5.180 0.0000000000
3539  16.770  11.904  4.910 0.0000000000
3173  16.157  11.649  3.899 0.0000000000
3163  16.156  11.775  4.113 0.0000000000
3540  16.419  11.965  4.552 0.0000000000
3543  16.231  11.912  4.088 0.0000000000
3177  16.291  11.526  3.831 0.0000000000
3546  16.092  12.061  3.969 0.0000000000
3181  16.282  11.366  3.436 0.0000000000
3550  16.111  11.800  3.601 0.0000000000
3384  21.799  11.681  12.630 0.0000000000
3794  21.996  12.036  12.563 0.0000000000
3809  22.173  12.056  12.438 0.0000000000
3399  22.559  11.832  12.137 0.0000000000
3808  22.359  12.019  12.354 0.0000000000
3412  22.840  11.625  11.878 0.0000000000
3443  26.515  11.412  9.744 0.0000000000
3442  26.822  11.999  9.856 0.0000000000
3850  26.970  12.169  9.555 0.0000000000
3860  26.873  12.159  9.049 0.0000000000
3870  26.998  11.996  8.720 0.0000000000
3882  26.707  12.375  8.107 0.0000000000
3475  26.643  12.073  7.913 0.0000000000
3892  26.615  12.278  7.941 0.0000000000
3893  26.306  12.363  7.731 0.0000000000
3906  26.183  12.110  7.352 0.0000000000
3486  25.983  12.033  6.972 0.0000000000
3907  25.982  12.218  7.198 0.0000000000
3920  25.816  12.123  6.947 0.0000000000
3498  25.191  11.927  6.535 0.0000000000
3921  25.377  12.165  6.819 0.0000000000
3499  24.639  11.970  6.426 0.0000000000
3922  24.834  12.168  6.772 0.0000000000
3513  24.439  11.817  6.074 0.0000000000
3500  24.109  11.956  6.361 0.0000000000
3923  24.309  12.159  6.708 0.0000000000
3514  23.952  11.831  6.045 0.0000000000
3501  23.645  11.975  6.340 0.0000000000
3924  23.804  12.137  6.647 0.0000000000
3515  23.489  11.828  6.052 0.0000000000
3502  23.222  11.964  6.348 0.0000000000
3925  23.347  12.122  6.602 0.0000000000
3516  23.036  11.824  6.072 0.0000000000
3503  22.819  11.946  6.464 0.0000000000
3926  23.065  12.072  6.557 0.0000000000
3487  22.587  11.984  6.792 0.0000000000
3504  22.383  11.840  6.521 0.0000000000
3913  22.954  12.186  6.868 0.0000000000
3488  22.262  11.909  7.012 0.0000000000
3505  21.982  11.756  6.560 0.0000000000
3518  22.155  11.714  6.186 0.0000000000
3506  21.557  11.677  6.793 0.0000000000
3090  21.611  11.544  6.463 0.0000000000
3489  21.922  11.797  6.925 0.0000000000
3490  21.276  11.620  7.135 0.0000000000
3091  21.202  11.442  6.728 0.0000000000
3519  18.168  11.911  6.360 0.0000000000
3932  18.042  12.164  6.438 0.0000000000
3933  17.741  12.282  6.341 0.0000000000
3521  17.675  11.924  6.120 0.0000000000
3934  17.424  12.233  6.112 0.0000000000
3937  17.162  12.305  5.704 0.0000000000
3940  16.982  12.221  5.363 0.0000000000
3536  16.920  12.023  5.165 0.0000000000
3941  16.793  12.392  5.163 0.0000000000
3944  16.580  12.401  4.762 0.0000000000
3945  16.306  12.343  4.369 0.0000000000
3948  16.221  11.883  4.142 0.0000000000
3951  16.127  12.372  3.737 0.0000000000
3547  15.980  12.123  3.588 0.0000000000
3551  15.826  12.035  3.230 0.0000000000
3952  15.972  12.511  3.400 0.0000000000
3780  21.959  12.075  12.974 0.0000000000
3793  22.322  12.170  12.661 0.0000000000
3807  22.683  12.068  12.362 0.0000000000
3842  26.969  12.185  10.095 0.0000000000
3849  27.284  12.522  9.795 0.0000000000
3859  27.175  12.507  9.303 0.0000000000
4236  27.371  12.892  9.548 0.0000000000
4246  27.228  12.823  9.128 0.0000000000
3869  27.094  12.513  8.800 0.0000000000
4255  27.130  12.869  8.796 0.0000000000
3881  26.970  12.443  8.361 0.0000000000
4266  27.085  12.716  8.528 0.0000000000
4267  26.869  12.781  8.380 0.0000000000
3883  26.465  12.614  7.999 0.0000000000
4268  26.479  12.818  8.156 0.0000000000
4280  26.086  12.909  7.874 0.0000000000
3894  25.687  12.446  7.545 0.0000000000
4281  25.908  12.750  7.955 0.0000000000
3908  25.487  12.304  7.110 0.0000000000
3895  25.124  12.454  7.465 0.0000000000
4282  25.369  12.740  7.894 0.0000000000
3909  24.980  12.303  7.111 0.0000000000
3896  24.656  12.493  7.495 0.0000000000
4283  24.882  12.735  7.856 0.0000000000
3910  24.490  12.315  7.101 0.0000000000
3897  24.159  12.515  7.474 0.0000000000
4284  24.339  12.823  7.865 0.0000000000
3911  23.999  12.316  7.014 0.0000000000
3898  23.673  12.427  7.409 0.0000000000
4285  23.801  12.866  7.831 0.0000000000
3912  23.477  12.259  6.946 0.0000000000
3899  23.206  12.336  7.350 0.0000000000
4286  23.409  12.581  7.719 0.0000000000
3884  23.071  12.443  7.807 0.0000000000
3900  22.796  12.270  7.394 0.0000000000
3885  22.686  12.310  7.845 0.0000000000
3901  22.392  12.167  7.467 0.0000000000
3914  22.576  12.085  7.077 0.0000000000
3886  22.268  12.124  8.007 0.0000000000
3477  22.063  11.885  7.586 0.0000000000
3927  18.194  12.133  6.791 0.0000000000
3928  17.862  12.401  6.726 0.0000000000
4294  17.604  12.811  6.598 0.0000000000
4298  17.529  12.536  6.275 0.0000000000
4299  17.306  12.781  6.139 0.0000000000
4302  17.004  12.791  5.714 0.0000000000
3938  16.871  12.480  5.507 0.0000000000
4303  16.782  12.840  5.361 0.0000000000
4305  16.766  12.929  5.007 0.0000000000
4308  16.604  12.795  4.394 0.0000000000
4309  16.313  12.536  4.189 0.0000000000
4313  16.354  12.654  3.977 0.0000000000
4318  16.214  12.834  3.504 0.0000000000
3955  15.982  12.638  3.039 0.0000000000
4319  16.189  12.760  3.247 0.0000000000
4225  27.677  12.893  10.055 0.0000000000
4650  27.585  13.292  9.650 0.0000000000
4661  27.327  13.114  9.325 0.0000000000
4674  27.144  12.863  8.826 0.0000000000
4256  27.002  12.898  8.624 0.0000000000
4675  26.979  13.193  8.790 0.0000000000
4688  26.667  13.032  8.409 0.0000000000
4689  26.297  13.151  8.324 0.0000000000
4269  26.035  12.918  8.155 0.0000000000
4690  25.944  13.104  8.260 0.0000000000
4270  25.611  12.947  8.154 0.0000000000
4691  25.312  13.230  8.405 0.0000000000
4271  25.100  12.959  8.157 0.0000000000
4692  24.740  13.202  8.419 0.0000000000
4272  24.648  12.934  8.146 0.0000000000
4693  24.175  13.167  8.216 0.0000000000
4701  24.058  13.088  7.898 0.0000000000
4273  23.669  12.984  8.021 0.0000000000
4274  23.353  12.823  8.162 0.0000000000
4694  23.675  13.077  8.190 0.0000000000
4702  23.894  13.128  7.999 0.0000000000
4291  17.833  12.770  7.024 0.0000000000
4708  17.784  13.273  7.091 0.0000000000
4711  17.644  13.353  6.565 0.0000000000
4295  17.410  13.129  6.456 0.0000000000
4712  17.492  13.266  6.425 0.0000000000
4716  17.395  13.341  6.282 0.0000000000
4720  17.176  13.062  6.029 0.0000000000
4721  16.848  13.203  5.565 0.0000000000
4724  16.754  13.273  5.136 0.0000000000
4727  16.745  13.259  4.660 0.0000000000
4312  16.634  12.971  3.984 0.0000000000
4730  16.739  13.178  4.251 0.0000000000
4317  16.444  12.964  3.785 0.0000000000
4734  16.605  13.006  4.013 0.0000000000
4637  28.012  13.297  10.085 0.0000000000
5103  27.601  13.880  9.978 0.0000000000
5116  27.543  13.807  9.752 0.0000000000
4651  27.315  13.385  9.445 0.0000000000
4662  26.967  13.336  9.005 0.0000000000
5117  27.000  13.663  9.441 0.0000000000
5125  26.812  13.566  9.073 0.0000000000
5136  26.765  13.545  8.920 0.0000000000
4676  26.571  13.390  8.647 0.0000000000
5137  26.472  13.709  8.931 0.0000000000
4677  26.125  13.461  8.635 0.0000000000
5138  25.986  13.726  8.938 0.0000000000
4678  25.609  13.496  8.680 0.0000000000
5139  25.476  13.753  8.974 0.0000000000
4679  24.935  13.584  8.866 0.0000000000
4664  24.833  13.684  9.467 0.0000000000
4665  24.369  13.423  9.327 0.0000000000
4680  24.295  13.282  8.784 0.0000000000
5129  25.013  13.752  9.158 0.0000000000
5140  25.056  13.820  9.099 0.0000000000
4666  23.823  13.273  9.190 0.0000000000
4681  23.748  13.231  8.640 0.0000000000
4667  23.314  13.149  9.039 0.0000000000
4682  23.346  13.091  8.492 0.0000000000
4247  23.131  12.919  8.804 0.0000000000
4257  23.163  12.892  8.510 0.0000000000
4695  23.446  13.012  8.278 0.0000000000
4707  17.965  13.012  7.231 0.0000000000
4703  18.079  13.252  7.548 0.0000000000
4704  17.832  13.479  7.445 0.0000000000
5153  17.781  13.769  7.327 0.0000000000
5155  17.733  13.739  6.945 0.0000000000
4715  17.614  13.557  6.386 0.0000000000
5158  17.711  13.772  6.585 0.0000000000
5159  17.518  13.776  6.294 0.0000000000
5162  17.222  13.694  5.966 0.0000000000
5163  16.994  13.510  5.685 0.0000000000
5166  16.874  13.615  5.317 0.0000000000
5169  16.861  13.699  4.855 0.0000000000
5171  16.761  13.585  4.300 0.0000000000
4636  27.994  13.482  10.208 0.0000000000
5102  28.026  13.972  10.103 0.0000000000
5548  27.698  14.207  10.132 0.0000000000
5104  26.819  13.986  9.796 0.0000000000
5549  27.122  14.241  10.100 0.0000000000
5118  26.368  13.818  9.514 0.0000000000
5105  26.179  14.053  9.885 0.0000000000
5550  26.678  14.138  9.855 0.0000000000
5119  25.778  13.885  9.667 0.0000000000
5106  25.604  14.112  10.184 0.0000000000
5551  26.109  14.319  10.069 0.0000000000
5091  25.544  14.210  10.487 0.0000000000
5092  25.226  14.094  10.630 0.0000000000
5107  25.225  13.943  10.227 0.0000000000
5540  25.764  14.479  10.603 0.0000000000
5120  25.231  13.862  9.917 0.0000000000
5108  25.181  13.947  10.384 0.0000000000
5121  25.067  13.854  10.102 0.0000000000
5109  24.428  13.801  10.555 0.0000000000
4638  24.634  13.783  10.275 0.0000000000
4653  24.835  13.775  9.982 0.0000000000
5093  24.760  13.949  11.014 0.0000000000
4639  24.375  13.720  10.215 0.0000000000
5110  24.029  13.754  10.528 0.0000000000
5094  24.092  13.784  10.941 0.0000000000
4640  23.801  13.500  9.935 0.0000000000
5111  23.650  13.684  10.392 0.0000000000
5095  23.627  13.753  10.809 0.0000000000
5096  23.289  13.603  10.610 0.0000000000
4641  23.433  13.406  10.098 0.0000000000
5126  26.441  13.763  9.164 0.0000000000
5127  25.945  13.790  9.204 0.0000000000
5128  25.306  13.795  9.376 0.0000000000
4652  25.038  13.831  10.238 0.0000000000
4663  25.049  13.789  9.750 0.0000000000
5151  17.915  13.747  7.712 0.0000000000
5570  17.807  14.192  7.595 0.0000000000
5573  17.753  14.159  7.187 0.0000000000
5576  17.708  14.061  6.885 0.0000000000
5579  17.703  14.147  6.500 0.0000000000
5580  17.389  14.151  6.178 0.0000000000
5583  17.245  14.137  5.777 0.0000000000
5165  17.127  13.823  5.508 0.0000000000
5585  17.238  14.166  5.323 0.0000000000
5168  17.134  13.968  4.946 0.0000000000
5541  25.511  14.298  10.822 0.0000000000
5539  25.833  14.748  11.007 0.0000000000
5525  25.970  14.663  10.946 0.0000000000
5526  25.825  14.462  11.003 0.0000000000
5998  26.225  14.840  10.582 0.0000000000
6009  26.207  14.628  10.339 0.0000000000
5527  24.990  14.149  11.116 0.0000000000
5547  28.029  14.287  10.166 0.0000000000
5537  27.402  14.541  10.280 0.0000000000
6006  27.853  14.617  10.280 0.0000000000
5538  27.131  14.470  10.333 0.0000000000
6007  26.969  14.474  10.378 0.0000000000
6008  26.721  14.540  10.332 0.0000000000
5567  17.913  14.185  8.025 0.0000000000
6031  17.875  14.623  7.933 0.0000000000
6034  17.785  14.609  7.443 0.0000000000
6037  17.738  14.521  6.911 0.0000000000
6040  17.647  14.616  6.337 0.0000000000
6041  17.342  14.527  5.987 0.0000000000
6045  17.329  14.573  5.603 0.0000000000
5997  26.354  14.741  10.752 0.0000000000
5995  27.551  14.791  10.652 0.0000000000
6005  28.026  14.708  10.327 0.0000000000
5994  27.941  15.079  10.794 0.0000000000
5996  26.982  14.676  10.644 0.0000000000
6028  18.011  14.572  8.363 0.0000000000
6533  18.022  15.228  8.486 0.0000000000
6536  17.899  15.043  7.798 0.0000000000
6539  17.805  15.017  7.258 0.0000000000
6542  17.764  15.025  6.745 0.0000000000
6545  17.750  15.118  6.272 0.0000000000
6044  17.619  14.839  5.899 0.0000000000
6026  18.226  14.616  8.873 0.0000000000
6530  18.081  15.177  8.856 0.0000000000
7133  18.218  15.345  8.723 0.0000000000
7146  18.153  15.471  8.174 0.0000000000
7153  17.994  15.432  7.597 0.0000000000
7160  17.878  15.435  7.093 0.0000000000
7164  17.847  15.469  6.625 0.0000000000
7118  18.240  15.299  9.157 0.0000000000
7117  18.314  15.700  8.982 0.0000000000
7132  18.316  15.736  8.596 0.0000000000
7145  18.359  15.956  8.291 0.0000000000
7152  18.271  15.831  7.886 0.0000000000
7783  18.522  16.087  8.729 0.0000000000
7799  18.480  16.139  8.202 0.0000000000
6528  18.221  15.056  9.357 0.0000000000
7104  18.243  15.247  9.396 0.0000000000
7103  18.263  15.581  9.479 0.0000000000
7767  18.335  16.023  9.137 0.0000000000
6526  18.250  15.153  9.603 0.0000000000
6525  18.289  15.316  9.878 0.0000000000
7090  18.293  15.754  10.064 0.0000000000
7754  18.294  16.077  9.605 0.0000000000
6522  18.309  15.417  10.228 0.0000000000
6517  18.305  15.583  10.592 0.0000000000
7076  18.257  16.009  10.676 0.0000000000
7741  18.288  16.238  10.102 0.0000000000
6511  18.273  15.724  10.987 0.0000000000
7063  18.274  16.073  11.365 0.0000000000
7718  18.266  16.395  11.067 0.0000000000
7728  18.259  16.416  10.543 0.0000000000
6498  18.372  15.843  11.718 0.0000000000
7050  18.323  16.093  11.903 0.0000000000
7706  18.301  16.426  11.790 0.0000000000
6484  18.296  15.980  12.152 0.0000000000
7036  18.470  15.934  12.318 0.0000000000
7694  18.321  16.375  12.327 0.0000000000
6483  18.696  15.485  12.097 0.0000000000
7035  18.681  15.771  12.526 0.0000000000
7024  18.636  15.959  12.641 0.0000000000
7682  18.593  16.245  12.894 0.0000000000
6470  18.871  15.588  12.689 0.0000000000
7023  18.770  15.890  12.873 0.0000000000
7009  18.934  15.804  13.071 0.0000000000
7681  18.894  15.943  13.072 0.0000000000
6455  19.051  15.497  12.868 0.0000000000
7008  19.019  15.766  13.131 0.0000000000
7667  19.068  16.115  13.408 0.0000000000
6454  19.374  15.206  13.025 0.0000000000
6997  19.356  15.680  13.580 0.0000000000
7666  19.197  15.968  13.447 0.0000000000
6440  19.671  15.255  13.554 0.0000000000
6984  19.674  15.627  13.935 0.0000000000
6996  19.631  15.926  13.895 0.0000000000
7649  19.351  16.127  13.812 0.0000000000
6983  19.807  15.781  14.292 0.0000000000
7648  19.650  16.031  13.996 0.0000000000
6424  19.969  15.220  14.107 0.0000000000
6423  20.161  14.957  13.991 0.0000000000
6409  20.141  15.571  14.705 0.0000000000
6970  20.040  15.982  14.777 0.0000000000
7622  19.654  16.216  14.698 0.0000000000
7634  19.602  16.145  14.164 0.0000000000
6393  19.992  16.025  14.845 0.0000000000
6954  20.255  15.974  14.844 0.0000000000
6969  20.148  16.071  14.954 0.0000000000
7621  19.991  16.160  14.879 0.0000000000
6953  20.481  15.960  15.258 0.0000000000
7608  20.107  16.096  14.966 0.0000000000
6392  20.457  15.612  15.110 0.0000000000
6376  20.660  15.766  15.320 0.0000000000
6939  20.814  15.848  15.524 0.0000000000
6952  20.964  15.914  15.622 0.0000000000
7607  20.783  16.023  15.432 0.0000000000
6938  20.998  15.891  15.724 0.0000000000
7594  20.950  16.173  15.834 0.0000000000
6375  20.837  15.617  15.410 0.0000000000
6374  21.219  15.483  15.600 0.0000000000
6937  21.235  15.916  15.868 0.0000000000
7593  21.146  16.140  15.919 0.0000000000
6354  21.528  15.635  15.979 0.0000000000
6921  21.349  15.929  16.062 0.0000000000
6920  21.759  15.843  16.258 0.0000000000
7579  21.201  16.102  16.117 0.0000000000
6353  21.990  15.457  16.049 0.0000000000
6919  22.297  15.699  16.327 0.0000000000
6901  22.056  15.972  16.567 0.0000000000
6902  21.875  16.010  16.407 0.0000000000
7578  21.695  16.092  16.406 0.0000000000
6352  22.506  15.381  16.083 0.0000000000
6918  22.805  15.661  16.351 0.0000000000
6900  22.546  15.927  16.651 0.0000000000
6351  22.989  15.337  16.068 0.0000000000
6917  23.251  15.654  16.361 0.0000000000
6899  23.015  15.935  16.674 0.0000000000
6350  23.455  15.349  16.080 0.0000000000
6916  23.717  15.665  16.372 0.0000000000
6898  23.488  15.909  16.674 0.0000000000
6349  23.921  15.368  16.089 0.0000000000
6915  24.155  15.677  16.349 0.0000000000
6897  23.974  15.965  16.689 0.0000000000
6348  24.284  15.437  16.060 0.0000000000
6914  24.592  15.669  16.177 0.0000000000
6896  24.403  15.921  16.628 0.0000000000
6347  24.479  15.461  15.999 0.0000000000
6367  24.546  15.385  15.736 0.0000000000
6936  24.908  15.674  15.822 0.0000000000
6913  25.083  15.929  16.181 0.0000000000
6895  24.807  15.995  16.541 0.0000000000
7557  25.214  16.408  16.695 0.0000000000
7577  25.314  16.201  16.279 0.0000000000
6935  25.293  15.817  15.625 0.0000000000
6912  25.340  16.060  16.011 0.0000000000
6934  25.654  16.176  15.696 0.0000000000
7576  25.679  16.501  16.245 0.0000000000
7564  21.872  16.300  16.768 0.0000000000
7563  22.223  16.257  16.849 0.0000000000
7562  22.771  16.242  16.942 0.0000000000
7561  23.255  16.173  16.881 0.0000000000
7560  23.713  16.166  16.880 0.0000000000
7559  24.167  16.183  16.880 0.0000000000
7558  24.627  16.223  16.846 0.0000000000
6022  18.259  14.942  9.314 0.0000000000
6017  18.078  15.159  9.703 0.0000000000
6016  18.400  14.802  9.805 0.0000000000
6011  18.372  15.079  10.184 0.0000000000
6000  18.407  15.231  10.601 0.0000000000
5989  18.410  15.357  10.871 0.0000000000
5988  18.691  14.994  11.093 0.0000000000
6510  18.756  15.055  11.085 0.0000000000
6497  18.514  15.505  11.596 0.0000000000
5976  18.777  15.103  11.585 0.0000000000
5964  19.045  14.913  12.034 0.0000000000
6482  19.011  15.094  12.091 0.0000000000
6469  19.122  15.216  12.459 0.0000000000
5963  19.193  14.835  12.031 0.0000000000
5954  19.524  14.789  12.561 0.0000000000
5940  19.680  14.957  13.150 0.0000000000
6453  19.814  14.992  13.184 0.0000000000
5939  20.088  14.672  13.155 0.0000000000
6439  20.102  15.082  13.646 0.0000000000
5925  20.291  14.840  13.703 0.0000000000
5912  20.202  14.995  13.921 0.0000000000
5911  20.486  14.894  14.167 0.0000000000
6422  20.454  14.826  14.199 0.0000000000
6408  20.560  15.177  14.655 0.0000000000
5900  20.559  14.999  14.404 0.0000000000
5899  20.819  14.944  14.539 0.0000000000
6407  21.096  15.097  14.844 0.0000000000
6391  20.998  15.313  15.030 0.0000000000
5898  21.353  14.858  14.732 0.0000000000
6406  21.331  15.017  14.974 0.0000000000
6390  21.438  15.110  15.192 0.0000000000
5887  21.460  14.932  15.046 0.0000000000
5886  21.818  14.883  15.111 0.0000000000
6389  21.777  15.001  15.279 0.0000000000
6373  21.730  15.254  15.597 0.0000000000
5874  21.940  14.992  15.354 0.0000000000
6372  22.175  15.189  15.713 0.0000000000
5873  22.270  14.964  15.414 0.0000000000
6371  22.650  15.156  15.734 0.0000000000
5872  22.766  14.901  15.372 0.0000000000
6370  23.142  15.127  15.620 0.0000000000
5871  22.990  14.929  15.341 0.0000000000
5883  23.133  14.880  15.208 0.0000000000
6388  23.476  15.139  15.373 0.0000000000
6369  23.659  15.251  15.719 0.0000000000
6368  24.070  15.273  15.740 0.0000000000
6387  23.859  15.205  15.358 0.0000000000
6386  24.230  15.243  15.310 0.0000000000
6385  24.640  15.284  15.182 0.0000000000
6366  24.991  15.503  15.419 0.0000000000
6384  25.025  15.349  14.981 0.0000000000
6951  25.331  15.683  15.081 0.0000000000
5565  18.114  14.254  8.506 0.0000000000
5564  18.308  14.148  8.956 0.0000000000
6025  18.523  14.151  8.842 0.0000000000
6021  18.338  14.498  9.302 0.0000000000
5560  18.699  13.884  9.318 0.0000000000
5556  18.725  14.149  9.789 0.0000000000
5555  18.787  14.131  9.903 0.0000000000
6015  18.740  14.571  10.220 0.0000000000
6010  18.635  14.720  10.226 0.0000000000
5552  18.799  14.332  10.205 0.0000000000
5999  18.607  14.903  10.636 0.0000000000
5543  18.816  14.498  10.647 0.0000000000
5546  28.148  14.470  10.279 0.0000000000
6004  28.265  14.602  10.432 0.0000000000
5993  28.358  14.731  10.786 0.0000000000
5535  28.407  14.304  10.565 0.0000000000
5532  18.776  14.718  10.945 0.0000000000
5983  25.985  14.676  11.207 0.0000000000
5982  26.549  14.848  11.310 0.0000000000
5981  27.181  14.973  11.108 0.0000000000
5980  27.766  14.982  11.086 0.0000000000
5979  28.182  14.991  11.033 0.0000000000
5534  28.668  14.519  10.965 0.0000000000
5992  28.613  14.684  11.085 0.0000000000
5978  28.527  14.855  11.198 0.0000000000
5523  28.711  14.518  11.367 0.0000000000
5531  19.004  14.502  11.088 0.0000000000
5987  18.862  14.766  11.216 0.0000000000
5975  18.965  14.814  11.506 0.0000000000
5984  25.449  14.566  11.243 0.0000000000
5971  26.066  14.863  11.859 0.0000000000
5972  25.349  14.663  11.709 0.0000000000
5970  26.303  14.931  11.697 0.0000000000
6495  26.590  15.104  11.705 0.0000000000
6509  26.899  15.086  11.310 0.0000000000
5969  27.531  15.115  11.222 0.0000000000
6494  27.177  15.231  11.432 0.0000000000
6508  26.810  15.211  11.058 0.0000000000
5968  28.052  15.079  11.124 0.0000000000
6493  27.750  15.275  11.418 0.0000000000
6507  28.068  15.164  11.274 0.0000000000
6505  28.381  14.984  11.193 0.0000000000
6506  28.309  15.118  11.289 0.0000000000
5967  28.736  14.862  11.667 0.0000000000
6491  28.569  15.152  11.434 0.0000000000
5520  19.301  14.512  11.632 0.0000000000
5961  25.395  14.697  12.276 0.0000000000
5515  25.106  14.490  12.037 0.0000000000
5516  25.038  14.448  12.046 0.0000000000
5973  25.066  14.505  11.807 0.0000000000
5985  25.116  14.756  11.526 0.0000000000
5960  25.922  14.958  12.490 0.0000000000
6481  26.152  15.031  12.244 0.0000000000
6496  26.308  15.088  11.953 0.0000000000
5513  28.743  14.344  12.034 0.0000000000
5959  28.761  14.839  12.200 0.0000000000
6477  28.721  15.351  12.034 0.0000000000
5509  19.578  14.472  12.099 0.0000000000
5501  25.067  14.559  12.347 0.0000000000
5500  25.042  14.671  12.111 0.0000000000
5962  25.023  14.813  12.158 0.0000000000
5950  25.621  14.947  12.832 0.0000000000
5951  25.107  14.719  12.714 0.0000000000
5949  25.798  14.994  12.869 0.0000000000
6467  25.821  15.036  12.815 0.0000000000
5498  28.657  14.403  12.366 0.0000000000
5947  28.661  14.632  12.747 0.0000000000
6464  29.159  15.213  12.713 0.0000000000
5494  19.826  14.457  12.493 0.0000000000
5953  19.871  14.616  12.817 0.0000000000
5493  19.812  14.486  12.697 0.0000000000
5486  24.764  14.565  12.737 0.0000000000
5485  25.067  14.760  12.725 0.0000000000
5952  24.903  14.747  13.016 0.0000000000
5934  25.246  14.880  13.114 0.0000000000
5935  24.860  14.762  13.179 0.0000000000
5933  25.443  14.929  13.044 0.0000000000
6451  25.521  15.081  13.176 0.0000000000
6468  25.911  15.057  13.056 0.0000000000
5483  28.611  14.397  12.590 0.0000000000
5484  28.394  14.198  12.658 0.0000000000
5948  28.386  14.319  12.949 0.0000000000
5932  28.360  14.486  13.191 0.0000000000
5931  28.627  14.767  13.098 0.0000000000
6447  28.859  15.109  13.099 0.0000000000
5478  20.156  14.605  12.916 0.0000000000
5477  20.489  14.386  13.051 0.0000000000
5938  20.558  14.661  13.387 0.0000000000
5476  21.006  14.368  13.299 0.0000000000
5937  20.895  14.650  13.564 0.0000000000
5924  20.724  14.750  13.868 0.0000000000
5464  21.087  14.512  13.653 0.0000000000
5923  21.187  14.641  13.900 0.0000000000
5936  24.369  14.660  13.373 0.0000000000
5468  24.504  14.576  13.048 0.0000000000
5918  25.017  14.900  13.513 0.0000000000
5919  24.681  14.822  13.650 0.0000000000
6452  25.196  14.971  13.378 0.0000000000
5467  28.281  14.049  13.096 0.0000000000
5456  28.240  14.042  13.565 0.0000000000
5917  28.310  14.526  13.733 0.0000000000
5916  28.646  14.829  13.452 0.0000000000
5910  20.996  14.778  14.259 0.0000000000
5463  21.436  14.410  13.741 0.0000000000
5922  20.938  14.369  13.872 0.0000000000
5909  21.503  14.619  14.214 0.0000000000
5451  21.576  14.446  14.018 0.0000000000
5905  24.574  14.924  14.054 0.0000000000
5920  24.265  14.731  13.827 0.0000000000
6438  24.861  15.061  13.811 0.0000000000
6437  25.140  15.141  13.705 0.0000000000
5444  28.078  14.012  14.183 0.0000000000
5904  28.306  14.601  14.187 0.0000000000
5903  28.672  14.942  13.931 0.0000000000
6433  28.893  15.164  13.677 0.0000000000
5450  21.855  14.438  14.095 0.0000000000
5908  21.829  14.547  14.272 0.0000000000
5897  21.946  14.673  14.635 0.0000000000
5436  22.215  14.593  14.523 0.0000000000
5906  24.223  14.829  14.189 0.0000000000
6421  24.423  15.119  14.400 0.0000000000
6420  24.842  15.187  14.181 0.0000000000
5430  28.128  14.393  14.725 0.0000000000
5891  28.355  14.722  14.566 0.0000000000
5890  28.640  14.882  14.301 0.0000000000
6416  29.040  15.051  13.810 0.0000000000
5435  22.204  14.521  14.423 0.0000000000
5896  22.493  14.690  14.785 0.0000000000
5885  22.353  14.805  15.082 0.0000000000
5434  22.626  14.513  14.485 0.0000000000
5895  22.932  14.739  14.873 0.0000000000
5884  22.758  14.805  15.084 0.0000000000
5433  23.004  14.540  14.490 0.0000000000
5894  23.303  14.724  14.801 0.0000000000
5432  23.358  14.547  14.406 0.0000000000
5893  23.732  14.746  14.588 0.0000000000
5882  23.603  14.938  15.058 0.0000000000
5446  23.580  14.527  14.050 0.0000000000
5907  23.953  14.746  14.247 0.0000000000
6405  23.950  15.133  14.923 0.0000000000
5892  24.122  14.934  14.548 0.0000000000
6404  24.306  15.196  14.864 0.0000000000
5881  28.224  14.801  15.015 0.0000000000
6400  28.498  14.957  14.675 0.0000000000
6399  28.757  15.120  14.379 0.0000000000
5422  28.157  14.481  15.319 0.0000000000
5869  28.271  14.829  15.585 0.0000000000
5880  28.417  15.044  15.275 0.0000000000
6383  28.240  15.010  14.869 0.0000000000
5147  17.996  13.942  8.036 0.0000000000
5143  18.157  14.027  8.072 0.0000000000
5142  18.270  13.936  8.622 0.0000000000
5132  18.418  13.916  9.049 0.0000000000
5131  18.775  13.696  9.185 0.0000000000
5559  18.800  13.931  9.553 0.0000000000
5123  18.922  13.851  9.791 0.0000000000
5114  18.941  14.017  10.134 0.0000000000
5099  18.910  14.148  10.423 0.0000000000
5536  28.257  13.810  10.158 0.0000000000
5542  18.978  14.288  10.736 0.0000000000
5098  19.084  14.090  10.630 0.0000000000
5090  28.429  14.003  10.479 0.0000000000
5089  28.431  13.926  10.910 0.0000000000
5524  28.659  13.941  11.156 0.0000000000
5085  19.291  14.113  11.029 0.0000000000
5530  19.404  14.242  11.346 0.0000000000
5084  19.754  13.916  11.352 0.0000000000
5519  19.688  14.202  11.722 0.0000000000
5077  24.814  14.003  10.959 0.0000000000
5076  25.031  14.056  10.884 0.0000000000
5528  24.597  14.126  11.224 0.0000000000
5986  24.877  14.352  11.299 0.0000000000
5075  28.322  13.866  11.373 0.0000000000
5514  28.546  14.049  11.759 0.0000000000
5070  19.999  13.936  11.816 0.0000000000
5508  20.002  14.046  11.945 0.0000000000
5502  24.533  14.293  12.310 0.0000000000
5517  24.447  14.203  11.745 0.0000000000
5061  28.308  13.884  11.792 0.0000000000
5499  28.399  14.107  12.122 0.0000000000
5057  20.265  13.987  12.074 0.0000000000
5507  20.331  14.199  12.362 0.0000000000
5056  20.605  13.980  12.189 0.0000000000
5506  20.716  14.168  12.543 0.0000000000
5492  20.415  14.318  12.764 0.0000000000
5055  20.978  13.933  12.370 0.0000000000
5043  21.224  14.027  12.676 0.0000000000
5491  20.889  14.252  12.901 0.0000000000
5503  23.912  14.148  12.325 0.0000000000
5047  24.060  14.058  12.057 0.0000000000
5487  24.229  14.360  12.833 0.0000000000
5046  28.266  13.695  12.064 0.0000000000
5036  28.249  13.656  12.483 0.0000000000
5042  21.286  14.079  12.719 0.0000000000
5490  21.150  14.228  12.966 0.0000000000
5033  21.397  14.171  12.919 0.0000000000
5475  21.523  14.244  13.242 0.0000000000
5469  24.117  14.569  13.113 0.0000000000
5470  23.882  14.362  13.166 0.0000000000
5488  23.769  14.266  12.784 0.0000000000
5027  28.174  13.799  12.915 0.0000000000
5032  21.698  14.112  12.948 0.0000000000
5474  22.039  14.194  13.262 0.0000000000
5462  21.797  14.326  13.805 0.0000000000
5031  22.037  14.053  13.014 0.0000000000
5473  22.470  14.172  13.206 0.0000000000
5461  22.377  14.280  13.613 0.0000000000
5030  22.566  14.036  12.807 0.0000000000
5472  23.145  14.148  12.978 0.0000000000
5460  22.791  14.278  13.580 0.0000000000
5029  22.953  14.055  12.679 0.0000000000
5471  23.382  14.253  13.077 0.0000000000
5459  23.215  14.313  13.588 0.0000000000
5489  23.284  14.148  12.546 0.0000000000
5458  23.673  14.400  13.571 0.0000000000
5457  24.016  14.508  13.511 0.0000000000
5023  28.079  13.754  13.337 0.0000000000
5449  22.288  14.364  14.054 0.0000000000
5448  22.690  14.354  14.036 0.0000000000
5447  23.105  14.385  14.029 0.0000000000
5921  23.924  14.665  13.913 0.0000000000
5016  27.986  13.726  13.789 0.0000000000
5017  27.639  13.499  14.250 0.0000000000
5445  27.737  13.866  14.478 0.0000000000
5431  27.825  14.090  14.670 0.0000000000
5007  27.640  13.791  14.896 0.0000000000
5423  27.879  14.203  15.157 0.0000000000
5001  27.772  14.068  15.511 0.0000000000
5414  27.869  14.468  15.769 0.0000000000
5413  28.122  14.564  15.570 0.0000000000
5150  18.138  13.590  7.888 0.0000000000
4697  18.299  13.217  8.040 0.0000000000
5146  18.268  13.706  8.219 0.0000000000
4696  18.468  13.223  8.320 0.0000000000
5145  18.619  13.494  8.374 0.0000000000
5141  18.597  13.674  8.609 0.0000000000
4684  18.882  13.140  8.747 0.0000000000
4670  18.998  13.335  9.109 0.0000000000
5130  19.084  13.494  9.294 0.0000000000
5122  19.159  13.613  9.605 0.0000000000
4669  19.195  13.223  9.414 0.0000000000
5113  19.083  13.828  10.130 0.0000000000
4658  19.318  13.264  9.915 0.0000000000
4647  19.573  13.298  10.233 0.0000000000
5112  19.648  13.612  10.521 0.0000000000
5097  19.419  13.895  10.978 0.0000000000
4646  19.824  13.282  10.516 0.0000000000
4631  19.956  13.511  11.218 0.0000000000
4623  28.119  13.866  10.374 0.0000000000
4619  19.837  13.687  11.167 0.0000000000
5080  23.190  13.665  11.138 0.0000000000
4612  23.001  13.430  10.878 0.0000000000
4624  23.104  13.384  10.439 0.0000000000
5079  23.654  13.786  11.185 0.0000000000
5078  24.143  14.008  11.005 0.0000000000
4622  28.189  13.602  10.662 0.0000000000
4610  28.247  13.347  11.133 0.0000000000
4618  20.271  13.544  11.328 0.0000000000
5083  20.137  13.761  11.582 0.0000000000
4607  20.413  13.649  11.631 0.0000000000
5069  20.433  13.790  11.873 0.0000000000
5081  22.769  13.608  11.229 0.0000000000
5065  23.285  13.782  11.600 0.0000000000
5066  23.053  13.822  11.739 0.0000000000
5064  23.684  13.819  11.577 0.0000000000
5063  24.027  13.926  11.694 0.0000000000
5518  24.241  13.952  11.327 0.0000000000
5529  24.311  13.885  11.055 0.0000000000
4601  28.186  13.410  11.706 0.0000000000
4606  20.823  13.598  11.691 0.0000000000
5068  20.787  13.810  12.016 0.0000000000
4599  20.938  13.880  12.166 0.0000000000
5051  22.996  13.835  12.069 0.0000000000
5052  22.417  13.808  12.005 0.0000000000
5067  22.450  13.733  11.540 0.0000000000
5050  23.283  13.844  11.940 0.0000000000
5049  23.644  13.891  11.995 0.0000000000
5062  24.064  14.007  11.954 0.0000000000
5048  23.913  14.028  12.086 0.0000000000
5054  21.416  13.841  12.308 0.0000000000
4598  21.407  13.671  11.904 0.0000000000
5053  21.909  13.797  12.176 0.0000000000
5041  21.802  13.947  12.617 0.0000000000
4597  21.874  13.606  11.751 0.0000000000
5040  22.269  13.910  12.499 0.0000000000
4596  22.163  13.712  11.757 0.0000000000
5039  22.711  13.920  12.382 0.0000000000
5038  23.101  14.008  12.114 0.0000000000
5505  23.206  13.902  12.167 0.0000000000
5504  23.670  14.140  12.299 0.0000000000
4594  28.169  13.386  12.224 0.0000000000
4588  28.173  13.392  12.444 0.0000000000
4589  27.986  13.255  12.613 0.0000000000
5037  28.098  13.548  12.776 0.0000000000
5028  27.896  13.536  13.045 0.0000000000
5024  27.786  13.479  13.574 0.0000000000
4565  27.487  13.265  14.150 0.0000000000
4566  27.333  13.089  14.345 0.0000000000
5018  27.408  13.331  14.446 0.0000000000
4572  27.528  13.212  13.861 0.0000000000
5008  27.379  13.354  14.782 0.0000000000
4552  27.304  13.000  14.927 0.0000000000
4541  27.304  13.153  15.257 0.0000000000
5002  27.414  13.539  15.375 0.0000000000
4526  27.187  13.153  15.792 0.0000000000
4993  27.507  13.691  15.948 0.0000000000
4992  27.663  14.045  16.103 0.0000000000
4505  27.241  13.457  16.231 0.0000000000
4979  27.374  13.921  16.443 0.0000000000
4978  27.560  14.072  16.333 0.0000000000
5403  27.612  14.289  16.488 0.0000000000
4980  27.158  13.477  16.570 0.0000000000
4958  27.202  13.712  16.853 0.0000000000
5396  27.402  14.056  16.940 0.0000000000
5404  27.436  14.088  16.622 0.0000000000
4959  26.948  13.428  16.892 0.0000000000
4929  27.144  13.732  17.281 0.0000000000
4290  18.128  12.737  7.324 0.0000000000
4287  18.283  12.898  7.823 0.0000000000
4277  18.432  12.888  8.258 0.0000000000
4685  18.760  13.073  8.160 0.0000000000
4263  18.681  13.148  8.613 0.0000000000
4262  18.904  12.837  8.660 0.0000000000
4683  19.113  13.114  8.923 0.0000000000
4261  19.204  12.834  8.810 0.0000000000
4251  19.332  12.890  9.240 0.0000000000
4242  19.450  12.917  9.792 0.0000000000
4668  23.026  12.993  9.144 0.0000000000
4656  23.372  13.267  9.584 0.0000000000
4657  22.947  13.180  9.467 0.0000000000
4655  23.902  13.372  9.714 0.0000000000
4654  24.382  13.597  9.803 0.0000000000
4233  19.590  12.942  9.919 0.0000000000
4642  22.944  13.267  9.997 0.0000000000
4226  22.605  13.004  9.828 0.0000000000
4237  22.733  12.954  9.395 0.0000000000
4232  19.806  12.908  10.212 0.0000000000
4220  20.076  13.065  10.687 0.0000000000
4643  22.445  13.127  10.208 0.0000000000
4625  22.756  13.292  10.535 0.0000000000
4224  28.013  12.996  10.174 0.0000000000
4223  28.186  13.031  10.414 0.0000000000
4635  28.144  13.269  10.515 0.0000000000
4214  28.232  13.045  10.820 0.0000000000
4219  20.190  13.025  10.610 0.0000000000
4630  20.477  13.247  10.921 0.0000000000
4218  20.644  12.909  10.614 0.0000000000
4629  20.944  13.165  10.852 0.0000000000
4617  20.871  13.336  11.196 0.0000000000
4217  21.087  12.962  10.622 0.0000000000
4628  21.393  13.221  10.740 0.0000000000
4616  21.399  13.157  10.832 0.0000000000
4645  21.523  13.110  10.360 0.0000000000
4627  21.828  13.255  10.635 0.0000000000
4615  21.764  13.296  11.015 0.0000000000
4626  22.281  13.262  10.593 0.0000000000
4614  21.982  13.258  10.916 0.0000000000
4644  21.978  13.050  10.277 0.0000000000
4613  22.589  13.372  10.954 0.0000000000
4605  21.339  13.417  11.512 0.0000000000
4604  21.911  13.255  11.165 0.0000000000
4603  22.095  13.493  11.411 0.0000000000
5082  22.400  13.529  11.226 0.0000000000
4210  28.223  13.026  11.048 0.0000000000
4211  28.016  12.882  11.221 0.0000000000
4611  28.056  13.152  11.401 0.0000000000
4595  27.916  13.137  12.066 0.0000000000
4602  27.891  13.082  11.633 0.0000000000
4203  27.788  12.815  12.410 0.0000000000
4206  27.788  12.813  11.865 0.0000000000
4195  27.854  13.016  12.949 0.0000000000
4580  27.694  13.054  13.234 0.0000000000
4182  27.713  12.705  13.023 0.0000000000
4183  27.482  12.626  13.326 0.0000000000
4581  27.540  12.854  13.367 0.0000000000
4573  27.349  12.839  13.689 0.0000000000
4169  27.204  12.373  13.738 0.0000000000
4157  27.260  12.516  14.215 0.0000000000
4146  27.260  12.653  14.784 0.0000000000
4135  27.179  12.811  15.365 0.0000000000
4117  27.109  12.903  15.681 0.0000000000
4118  26.875  12.820  15.832 0.0000000000
4527  26.906  12.930  16.025 0.0000000000
4506  26.869  13.141  16.348 0.0000000000
4094  26.808  12.980  16.148 0.0000000000
4095  26.544  12.912  16.266 0.0000000000
4507  26.490  13.079  16.474 0.0000000000
4482  26.425  13.181  16.777 0.0000000000
4481  26.740  13.287  16.850 0.0000000000
4077  26.214  12.980  16.617 0.0000000000
4483  25.779  13.252  16.914 0.0000000000
4461  26.310  13.307  17.260 0.0000000000
4460  26.587  13.273  17.019 0.0000000000
4930  26.748  13.463  17.263 0.0000000000
4462  25.941  13.325  17.557 0.0000000000
4447  26.153  13.484  17.702 0.0000000000
4931  26.409  13.469  17.504 0.0000000000
4448  25.979  13.522  17.747 0.0000000000
4907  25.893  13.627  17.832 0.0000000000
4906  26.418  13.633  17.797 0.0000000000
3917  17.988  12.402  7.046 0.0000000000
3916  18.379  12.177  7.237 0.0000000000
3903  18.360  12.488  7.703 0.0000000000
3889  18.377  12.673  7.993 0.0000000000
3888  18.657  12.426  8.142 0.0000000000
4276  18.671  12.750  8.455 0.0000000000
3877  18.783  12.601  8.467 0.0000000000
4275  22.961  12.553  8.128 0.0000000000
4258  22.845  12.690  8.552 0.0000000000
3876  19.005  12.356  8.462 0.0000000000
3875  19.434  12.424  8.724 0.0000000000
4260  19.341  12.738  8.874 0.0000000000
4250  19.525  12.699  8.958 0.0000000000
3872  22.177  12.254  8.669 0.0000000000
3871  22.598  12.351  8.238 0.0000000000
4259  22.495  12.715  8.954 0.0000000000
4248  23.032  12.840  8.907 0.0000000000
4241  19.754  12.597  9.515 0.0000000000
3866  19.805  12.241  9.056 0.0000000000
4249  22.543  12.794  9.283 0.0000000000
3856  19.917  12.220  9.295 0.0000000000
4240  20.013  12.407  9.630 0.0000000000
4231  20.289  12.639  10.092 0.0000000000
3855  20.302  12.315  9.643 0.0000000000
4238  22.297  12.782  9.718 0.0000000000
3846  20.705  12.378  10.031 0.0000000000
4230  20.919  12.639  10.305 0.0000000000
3845  21.085  12.390  10.063 0.0000000000
4229  21.334  12.770  10.257 0.0000000000
3844  21.595  12.572  10.031 0.0000000000
4228  21.819  12.824  10.118 0.0000000000
3843  21.888  12.717  10.000 0.0000000000
3852  21.910  12.638  9.797 0.0000000000
4239  22.046  12.792  9.973 0.0000000000
4227  22.187  12.896  10.057 0.0000000000
3841  27.341  12.545  10.326 0.0000000000
4216  27.676  12.695  10.444 0.0000000000
4215  27.992  12.736  10.630 0.0000000000
3836  27.585  12.492  10.763 0.0000000000
3835  27.863  12.654  10.945 0.0000000000
3826  27.778  12.524  11.010 0.0000000000
3817  27.678  12.406  11.565 0.0000000000
3803  27.621  12.345  12.213 0.0000000000
3787  27.681  12.437  12.795 0.0000000000
3773  27.206  12.169  13.275 0.0000000000
3772  27.606  12.420  13.107 0.0000000000
3758  26.968  12.168  13.758 0.0000000000
3744  27.095  12.181  13.811 0.0000000000
3731  27.056  12.274  14.549 0.0000000000
3715  27.064  12.378  15.085 0.0000000000
4136  26.995  12.592  15.403 0.0000000000
3694  26.580  12.528  15.745 0.0000000000
4119  26.383  12.693  15.996 0.0000000000
3716  26.681  12.324  15.356 0.0000000000
4096  26.033  12.780  16.358 0.0000000000
4078  25.910  12.971  16.665 0.0000000000
3507  18.059  12.015  6.733 0.0000000000
3493  18.470  11.861  7.031 0.0000000000
3492  18.783  11.791  7.212 0.0000000000
3915  18.707  12.008  7.390 0.0000000000
3902  18.695  12.176  7.641 0.0000000000
3481  18.888  11.912  7.595 0.0000000000
3472  18.904  12.045  7.945 0.0000000000
3887  19.043  11.836  7.978 0.0000000000
3471  19.153  11.891  8.016 0.0000000000
3457  22.067  11.976  8.283 0.0000000000
3468  22.055  11.903  8.047 0.0000000000
3463  19.357  12.005  8.393 0.0000000000
3462  19.799  11.853  8.621 0.0000000000
3458  21.799  11.877  8.397 0.0000000000
3873  21.526  12.125  8.838 0.0000000000
3861  22.187  12.581  9.382 0.0000000000
3862  21.747  12.296  9.260 0.0000000000
3453  20.036  11.936  9.059 0.0000000000
3865  20.128  12.124  9.259 0.0000000000
3452  20.416  11.920  9.151 0.0000000000
3864  20.502  12.160  9.389 0.0000000000
3451  20.865  11.922  9.261 0.0000000000
3854  20.868  12.186  9.712 0.0000000000
3853  21.356  12.242  9.619 0.0000000000
3863  21.303  12.123  9.157 0.0000000000
3851  21.953  12.698  9.842 0.0000000000
3445  21.092  12.011  9.421 0.0000000000
3444  21.178  12.041  9.299 0.0000000000
3438  26.801  11.997  10.078 0.0000000000
3430  26.776  11.906  10.499 0.0000000000
3837  27.018  12.178  10.775 0.0000000000
3421  26.752  11.766  11.138 0.0000000000
3828  26.963  12.040  11.127 0.0000000000
3827  27.251  12.149  11.243 0.0000000000
3420  27.022  11.919  11.288 0.0000000000
3408  27.027  11.782  11.700 0.0000000000
3818  27.301  12.038  11.904 0.0000000000
3392  27.135  11.839  12.376 0.0000000000
3804  27.244  11.946  12.159 0.0000000000
3806  23.156  12.040  12.377 0.0000000000
3398  23.004  11.762  12.076 0.0000000000
3792  22.802  12.235  12.765 0.0000000000
3805  23.649  11.929  12.515 0.0000000000
3397  23.480  11.553  12.236 0.0000000000
3791  23.308  12.221  12.799 0.0000000000
3790  23.850  12.128  12.888 0.0000000000
3383  23.976  12.061  12.866 0.0000000000
3396  23.963  11.580  12.409 0.0000000000
3788  27.353  12.117  12.644 0.0000000000
3779  22.417  12.247  13.162 0.0000000000
3778  22.958  12.451  13.272 0.0000000000
3777  23.450  12.376  13.175 0.0000000000
3789  24.025  12.093  12.973 0.0000000000
3382  24.376  11.763  12.987 0.0000000000
3776  23.844  12.353  13.241 0.0000000000
3775  24.180  12.276  13.493 0.0000000000
3368  24.501  11.811  13.535 0.0000000000
3378  27.126  11.846  12.943 0.0000000000
3369  21.780  11.686  13.219 0.0000000000
3764  21.972  12.104  13.583 0.0000000000
3763  22.537  12.367  13.659 0.0000000000
3762  22.836  12.589  13.618 0.0000000000
4174  23.136  12.716  13.744 0.0000000000
4187  23.259  12.600  13.385 0.0000000000
4186  23.579  12.670  13.503 0.0000000000
4185  23.970  12.563  13.521 0.0000000000
3761  24.561  12.127  13.817 0.0000000000
4171  24.314  12.473  13.813 0.0000000000
4184  24.106  12.491  13.551 0.0000000000
3362  27.023  11.883  13.190 0.0000000000
3774  26.961  12.012  13.352 0.0000000000
3759  26.827  12.020  13.786 0.0000000000
3354  21.793  11.760  13.592 0.0000000000
3338  21.821  11.772  13.903 0.0000000000
3750  21.965  12.035  13.943 0.0000000000
3749  22.212  12.206  14.100 0.0000000000
4163  22.499  12.531  13.983 0.0000000000
4175  22.761  12.617  13.841 0.0000000000
3760  24.833  12.000  14.049 0.0000000000
3353  24.738  11.959  13.914 0.0000000000
4170  24.799  12.233  14.162 0.0000000000
3747  25.018  12.148  14.393 0.0000000000
3352  24.957  11.774  13.988 0.0000000000
4158  24.670  12.396  14.209 0.0000000000
3348  26.540  11.710  13.540 0.0000000000
3332  26.517  11.751  14.128 0.0000000000
3745  26.809  12.077  14.275 0.0000000000
3337  21.996  11.961  14.134 0.0000000000
3320  22.155  11.887  14.550 0.0000000000
3738  22.248  12.107  14.375 0.0000000000
3737  22.507  12.288  14.489 0.0000000000
3748  22.495  12.415  14.186 0.0000000000
4162  22.840  12.665  14.244 0.0000000000
3746  25.211  11.953  14.403 0.0000000000
3336  25.105  11.911  14.249 0.0000000000
3736  25.027  12.274  14.848 0.0000000000
3735  25.400  11.981  14.708 0.0000000000
4148  24.664  12.704  14.789 0.0000000000
3335  25.347  11.758  14.276 0.0000000000
3315  26.642  11.879  14.506 0.0000000000
3732  26.716  12.122  14.776 0.0000000000
3319  22.515  12.064  14.790 0.0000000000
3721  22.723  12.437  15.010 0.0000000000
4152  22.883  12.678  14.786 0.0000000000
3720  24.990  12.367  15.034 0.0000000000
3719  25.215  12.262  15.020 0.0000000000
4138  24.866  12.493  15.064 0.0000000000
3734  25.860  11.770  14.931 0.0000000000
3318  25.702  11.734  14.591 0.0000000000
3718  25.767  12.024  15.138 0.0000000000
3301  26.035  11.767  14.968 0.0000000000
3317  25.980  11.696  14.665 0.0000000000
3316  26.313  11.829  14.741 0.0000000000
3733  26.336  12.069  15.172 0.0000000000
3302  22.634  11.937  15.158 0.0000000000
3698  22.690  12.228  15.605 0.0000000000
4123  22.931  12.716  15.405 0.0000000000
4140  22.940  12.723  15.081 0.0000000000
4137  24.956  12.699  15.225 0.0000000000
3697  25.396  12.317  15.407 0.0000000000
3717  26.204  12.081  15.230 0.0000000000
3300  26.093  11.856  15.070 0.0000000000
3696  25.856  12.268  15.632 0.0000000000
3695  26.279  12.383  15.682 0.0000000000
3282  22.549  11.710  15.713 0.0000000000
3266  22.500  11.841  16.014 0.0000000000
3674  22.637  11.959  16.022 0.0000000000
4099  22.810  12.656  15.975 0.0000000000
4121  25.380  12.675  15.756 0.0000000000
4120  25.947  12.643  15.939 0.0000000000
3267  22.129  11.769  16.162 0.0000000000
3675  22.259  12.001  16.239 0.0000000000
3662  22.536  12.296  16.246 0.0000000000
3663  22.165  12.276  16.500 0.0000000000
4080  22.617  12.653  16.584 0.0000000000
3097  18.329  11.624  6.448 0.0000000000
3084  18.328  11.830  6.858 0.0000000000
3083  18.776  11.649  6.953 0.0000000000
3082  19.117  11.521  7.050 0.0000000000
3491  19.173  11.578  7.062 0.0000000000
3480  18.865  11.826  7.450 0.0000000000
3479  21.194  11.556  7.420 0.0000000000
3070  21.007  11.584  7.509 0.0000000000
3078  20.997  11.381  7.175 0.0000000000
3478  21.551  11.749  7.537 0.0000000000
3074  19.433  11.569  7.489 0.0000000000
3069  21.233  11.601  7.685 0.0000000000
3469  21.875  11.799  7.955 0.0000000000
3060  21.518  11.677  7.944 0.0000000000
3065  19.662  11.627  7.862 0.0000000000
3470  19.604  11.762  8.186 0.0000000000
3064  19.969  11.561  8.035 0.0000000000
3050  21.905  11.715  7.898 0.0000000000
3054  20.201  11.617  8.389 0.0000000000
3461  20.292  11.744  8.796 0.0000000000
3053  20.621  11.553  8.463 0.0000000000
3460  20.810  11.761  8.909 0.0000000000
3052  21.059  11.632  8.455 0.0000000000
3459  21.232  11.866  8.799 0.0000000000
3051  21.423  11.726  8.301 0.0000000000
3450  21.136  11.953  9.139 0.0000000000
3874  21.089  12.067  9.198 0.0000000000
3027  26.300  11.124  10.157 0.0000000000
3439  26.623  11.607  10.225 0.0000000000
3019  26.382  11.308  10.580 0.0000000000
3431  26.552  11.611  10.745 0.0000000000
3006  26.396  11.321  11.064 0.0000000000
3422  26.557  11.687  10.764 0.0000000000
3005  26.615  11.351  11.505 0.0000000000
3409  26.760  11.535  11.726 0.0000000000
3411  23.165  11.469  11.870 0.0000000000
2997  23.124  11.260  11.601 0.0000000000
3410  23.327  11.399  12.003 0.0000000000
2996  23.549  11.192  11.789 0.0000000000
2982  23.658  11.243  12.030 0.0000000000
2992  26.544  11.205  12.228 0.0000000000
3393  26.700  11.531  12.234 0.0000000000
2981  23.945  11.265  12.149 0.0000000000
3395  24.254  11.604  12.692 0.0000000000
2980  24.374  11.200  12.424 0.0000000000
2966  24.496  11.473  12.784 0.0000000000
2977  26.636  11.198  12.176 0.0000000000
3394  26.671  11.126  12.300 0.0000000000
3379  26.890  11.707  12.910 0.0000000000
3380  26.399  11.410  12.632 0.0000000000
3381  24.710  11.586  13.181 0.0000000000
2965  24.859  11.214  12.918 0.0000000000
3367  24.989  11.485  13.378 0.0000000000
2963  26.299  11.118  12.476 0.0000000000
2949  26.217  10.992  12.874 0.0000000000
3364  26.311  11.368  13.176 0.0000000000
3363  26.776  11.737  13.156 0.0000000000
2940  21.741  11.293  13.537 0.0000000000
3366  25.164  11.282  13.355 0.0000000000
2952  24.969  11.172  13.078 0.0000000000
3351  25.379  11.428  13.766 0.0000000000
2951  25.371  11.041  13.283 0.0000000000
2950  25.923  10.933  13.233 0.0000000000
3365  25.915  11.113  13.498 0.0000000000
3349  26.176  11.464  13.718 0.0000000000
3350  25.968  11.404  13.941 0.0000000000
2939  25.570  11.236  13.670 0.0000000000
3334  25.754  11.609  14.232 0.0000000000
2938  25.746  11.178  13.512 0.0000000000
3333  26.098  11.621  14.230 0.0000000000
2924  21.711  11.279  14.142 0.0000000000
3321  21.875  11.723  14.275 0.0000000000
2910  21.798  11.387  14.706 0.0000000000
2909  22.062  11.604  14.747 0.0000000000
2891  22.172  11.534  14.984 0.0000000000
3303  22.391  11.848  14.884 0.0000000000
2890  22.421  11.767  15.053 0.0000000000
2872  22.465  11.578  15.321 0.0000000000
2873  22.072  11.456  15.799 0.0000000000
3283  22.258  11.695  16.028 0.0000000000
2858  22.025  11.639  16.071 0.0000000000
2859  21.823  11.621  16.117 0.0000000000
3268  21.714  11.980  16.197 0.0000000000
3255  22.052  11.920  16.306 0.0000000000
3256  21.977  11.957  16.476 0.0000000000
3096  18.922  11.413  6.622 0.0000000000
3095  19.390  11.308  6.640 0.0000000000
3094  19.858  11.261  6.655 0.0000000000
3093  20.315  11.257  6.699 0.0000000000
3092  20.770  11.304  6.744 0.0000000000
3081  19.613  11.340  7.071 0.0000000000
3080  20.146  11.227  6.997 0.0000000000
3079  20.532  11.289  7.132 0.0000000000
3073  19.845  11.414  7.532 0.0000000000
3072  20.265  11.352  7.568 0.0000000000
3071  20.731  11.378  7.567 0.0000000000
3063  20.444  11.461  8.013 0.0000000000
3062  20.890  11.475  7.998 0.0000000000
3061  21.027  11.592  8.138 0.0000000000
2627  26.177  10.877  10.744 0.0000000000
2609  26.200  10.919  11.260 0.0000000000
2993  26.307  11.071  11.639 0.0000000000
3010  22.744  10.928  11.224 0.0000000000
3009  23.041  10.937  11.256 0.0000000000
3008  23.525  11.007  11.393 0.0000000000
2995  24.051  11.058  11.932 0.0000000000
3007  23.891  10.927  11.682 0.0000000000
2994  24.140  11.031  12.061 0.0000000000
2596  24.436  10.817  12.076 0.0000000000
2597  24.196  10.790  11.715 0.0000000000
2592  26.067  10.800  11.572 0.0000000000
2578  26.054  10.796  11.932 0.0000000000
2978  26.245  10.993  12.013 0.0000000000
2979  24.833  10.816  12.459 0.0000000000
2582  24.590  10.949  12.355 0.0000000000
2581  24.848  10.813  12.475 0.0000000000
2563  26.029  10.794  12.505 0.0000000000
2964  24.786  11.075  12.964 0.0000000000
2566  25.016  10.945  12.785 0.0000000000
2551  25.385  10.792  12.927 0.0000000000
2565  25.185  10.789  12.687 0.0000000000
2552  21.571  11.005  13.281 0.0000000000
2550  25.727  10.753  12.954 0.0000000000
2549  26.221  10.681  12.980 0.0000000000
2537  21.699  11.025  13.510 0.0000000000
2522  21.675  10.930  13.849 0.0000000000
2925  21.555  10.883  14.256 0.0000000000
2911  21.538  11.088  14.523 0.0000000000
2513  21.359  10.754  14.742 0.0000000000
2512  21.595  11.015  14.787 0.0000000000
2501  21.577  10.954  15.035 0.0000000000
2892  21.657  11.233  15.282 0.0000000000
2502  21.243  10.922  15.194 0.0000000000
2893  21.180  11.194  15.373 0.0000000000
2874  21.508  11.438  15.731 0.0000000000
2860  21.423  11.760  16.073 0.0000000000
2220  25.332  10.241  10.498 0.0000000000
2628  25.684  10.487  10.760 0.0000000000
2630  24.782  10.267  11.077 0.0000000000
2613  24.570  10.618  11.470 0.0000000000
2629  25.190  10.313  10.985 0.0000000000
2612  25.046  10.434  11.462 0.0000000000
2611  25.454  10.528  11.336 0.0000000000
2610  25.884  10.701  11.241 0.0000000000
2595  24.927  10.643  11.930 0.0000000000
2594  25.360  10.588  11.802 0.0000000000
2593  25.746  10.675  11.681 0.0000000000
2580  25.285  10.671  12.259 0.0000000000
2579  25.716  10.678  12.099 0.0000000000
2564  25.583  10.707  12.574 0.0000000000
2538  21.474  10.708  13.513 0.0000000000
2149  21.232  10.212  13.721 0.0000000000
2523  21.338  10.565  14.066 0.0000000000
2132  21.100  10.023  14.204 0.0000000000
2118  21.039  10.296  14.559 0.0000000000
2104  20.992  10.510  15.066 0.0000000000
1712  21.202  9.950  13.389 0.0000000000
1702  21.117  9.879  13.704 0.0000000000
1686  21.075  9.866  13.991 0.0000000000
1687  20.673  9.874  14.101 0.0000000000
2133  20.592  10.093  14.365 0.0000000000
2119  20.556  10.270  14.749 0.0000000000
1713  21.051  9.721  13.429 0.0000000000
1703  20.780  9.683  13.692 0.0000000000
1704  20.414  9.826  14.094 0.0000000000
1688  20.161  9.863  14.193 0.0000000000
1282  20.698  9.267  13.348 0.0000000000
877  20.684  8.995  13.008 0.0000000000
878  20.612  9.071  13.369 0.0000000000
1283  20.239  9.421  13.740 0.0000000000
818  21.025  8.253  2.674 0.0000000000
819  20.820  8.281  2.441 0.0000000000
805  21.050  8.248  2.922 0.0000000000
793  21.077  8.230  3.148 0.0000000000
1188  21.347  8.300  3.026 0.0000000000
1187  21.647  8.512  3.084 0.0000000000
792  21.400  8.297  3.238 0.0000000000
780  21.576  8.323  3.375 0.0000000000
1177  21.788  8.463  3.574 0.0000000000
781  21.269  8.270  3.650 0.0000000000
1178  21.504  8.351  3.803 0.0000000000
1164  22.000  8.647  4.024 0.0000000000
1165  21.435  8.515  3.999 0.0000000000
1163  22.495  8.738  4.099 0.0000000000
771  21.109  8.310  3.983 0.0000000000
1166  20.994  8.422  4.232 0.0000000000
1154  21.271  8.686  4.539 0.0000000000
1153  21.746  8.689  4.503 0.0000000000
1152  22.226  8.721  4.482 0.0000000000
1155  20.823  8.719  4.621 0.0000000000
1156  20.476  8.765  4.753 0.0000000000
1140  20.369  8.861  4.970 0.0000000000
1298  19.808  9.249  13.396 0.0000000000
806  20.874  8.216  2.860 0.0000000000
782  20.677  8.219  3.540 0.0000000000
794  20.714  8.207  3.101 0.0000000000
772  21.002  8.291  4.159 0.0000000000
773  20.427  8.249  3.947 0.0000000000
1167  20.430  8.552  4.294 0.0000000000
2134  20.212  10.177  14.506 0.0000000000
3664  21.582  12.446  16.434 0.0000000000
4081  21.992  13.050  16.757 0.0000000000
4508  25.625  13.051  16.455 0.0000000000
4065  22.432  12.956  17.036 0.0000000000
4489  23.204  13.023  16.838 0.0000000000
4079  23.038  12.853  16.455 0.0000000000
4082  21.493  12.957  16.538 0.0000000000
4066  22.149  13.132  16.907 0.0000000000
4490  21.756  13.133  16.965 0.0000000000
4491  21.829  13.407  16.874 0.0000000000
4097  25.609  12.812  16.138 0.0000000000
4509  25.070  13.015  15.764 0.0000000000
4098  23.166  12.911  16.203 0.0000000000
4122  23.199  12.898  15.783 0.0000000000
4528  24.829  13.135  15.641 0.0000000000
4513  23.331  13.044  16.175 0.0000000000
4532  23.456  13.070  15.775 0.0000000000
4139  23.177  12.856  15.195 0.0000000000
4546  23.411  13.076  15.551 0.0000000000
4542  24.739  13.073  15.292 0.0000000000
4147  24.746  12.898  15.054 0.0000000000
4553  24.980  12.967  14.905 0.0000000000
4151  23.254  12.810  14.698 0.0000000000
4557  23.489  13.096  15.042 0.0000000000
4554  24.598  13.067  15.096 0.0000000000
4159  24.235  12.697  14.280 0.0000000000
4149  24.021  12.937  14.745 0.0000000000
4555  24.288  13.126  15.018 0.0000000000
4160  23.811  12.758  14.287 0.0000000000
4150  23.674  12.863  14.664 0.0000000000
4556  23.891  13.133  14.979 0.0000000000
4161  23.392  12.773  14.250 0.0000000000
4172  23.908  12.697  13.883 0.0000000000
4173  23.565  12.749  13.931 0.0000000000
4932  25.519  13.551  17.291 0.0000000000
4960  25.464  13.472  17.210 0.0000000000
4484  25.221  13.273  16.650 0.0000000000
4961  25.249  13.425  16.983 0.0000000000
4485  24.741  13.293  16.577 0.0000000000
4962  24.861  13.488  16.986 0.0000000000
4510  24.536  13.244  16.135 0.0000000000
4486  24.273  13.297  16.578 0.0000000000
4963  24.441  13.493  16.988 0.0000000000
4511  24.025  13.260  16.166 0.0000000000
4487  23.813  13.266  16.596 0.0000000000
4964  24.024  13.410  17.003 0.0000000000
4512  23.605  13.194  16.177 0.0000000000
4488  23.308  13.117  16.656 0.0000000000
4965  23.612  13.285  17.032 0.0000000000
4463  22.973  13.134  17.224 0.0000000000
4937  23.128  13.369  17.353 0.0000000000
4464  22.732  13.208  17.160 0.0000000000
4465  22.227  13.343  17.116 0.0000000000
4529  24.023  13.276  16.088 0.0000000000
4530  23.855  13.219  15.820 0.0000000000
4531  23.591  13.173  15.807 0.0000000000
4543  24.446  13.171  15.388 0.0000000000
4544  24.023  13.223  15.433 0.0000000000
4545  23.713  13.176  15.435 0.0000000000
4885  26.056  13.814  18.167 0.0000000000
4886  25.520  13.853  18.151 0.0000000000
4908  25.272  13.729  17.760 0.0000000000
4887  24.981  13.872  18.147 0.0000000000
4909  24.772  13.748  17.806 0.0000000000
4933  25.003  13.643  17.336 0.0000000000
4888  24.478  13.865  18.177 0.0000000000
4910  24.297  13.733  17.847 0.0000000000
4934  24.572  13.668  17.391 0.0000000000
4889  24.038  13.862  18.188 0.0000000000
4911  23.747  13.756  17.955 0.0000000000
4935  24.136  13.608  17.443 0.0000000000
5345  23.604  14.101  18.261 0.0000000000
5367  23.568  13.915  18.136 0.0000000000
4936  23.671  13.497  17.459 0.0000000000
4912  23.255  13.745  17.812 0.0000000000
5368  23.337  13.955  18.081 0.0000000000
4913  22.771  13.888  17.748 0.0000000000
5369  22.867  14.117  17.997 0.0000000000
4938  22.557  13.597  17.438 0.0000000000
4914  22.378  13.947  17.631 0.0000000000
5370  22.353  14.251  17.758 0.0000000000
4939  22.137  13.810  17.316 0.0000000000
5383  22.172  14.041  17.553 0.0000000000
4466  21.969  13.596  17.123 0.0000000000
4940  21.683  13.810  17.067 0.0000000000
5384  21.974  14.094  17.366 0.0000000000
5344  24.114  14.187  18.437 0.0000000000
5810  23.786  14.470  18.523 0.0000000000
5346  23.065  14.243  18.201 0.0000000000
5811  23.265  14.578  18.427 0.0000000000
5347  22.932  14.283  18.137 0.0000000000
5812  22.750  14.706  18.304 0.0000000000
5830  22.767  14.369  18.142 0.0000000000
5831  22.487  14.505  18.066 0.0000000000
5371  22.086  14.432  17.682 0.0000000000
5832  22.009  14.760  17.935 0.0000000000
5974  24.721  14.385  11.465 0.0000000000
5792  22.728  15.021  18.541 0.0000000000
5791  22.945  14.992  18.638 0.0000000000
6309  22.638  15.047  18.454 0.0000000000
5813  22.255  14.876  18.138 0.0000000000
6310  22.397  15.118  18.337 0.0000000000
5814  21.994  14.934  18.091 0.0000000000
6311  21.905  15.171  18.195 0.0000000000
6324  21.869  14.971  18.055 0.0000000000
6292  22.640  15.287  18.617 0.0000000000
6293  22.101  15.432  18.583 0.0000000000
6382  28.490  15.408  15.181 0.0000000000
6948  28.330  15.523  15.086 0.0000000000
6965  28.580  15.191  14.688 0.0000000000
6403  24.702  15.248  14.701 0.0000000000
6402  25.095  15.310  14.534 0.0000000000
6968  25.339  15.542  14.730 0.0000000000
6964  28.807  15.463  14.493 0.0000000000
6980  28.878  15.249  14.139 0.0000000000
6419  25.302  15.329  14.080 0.0000000000
6401  25.553  15.543  14.374 0.0000000000
6415  28.922  15.268  13.987 0.0000000000
6979  29.227  15.459  14.080 0.0000000000
6418  25.838  15.693  13.995 0.0000000000
6436  25.659  15.379  13.665 0.0000000000
6432  29.105  15.324  13.775 0.0000000000
6446  29.193  15.411  13.350 0.0000000000
6435  26.141  15.833  13.653 0.0000000000
6450  26.064  15.431  13.222 0.0000000000
6993  29.367  15.601  13.601 0.0000000000
7004  29.446  15.924  13.139 0.0000000000
6463  29.200  15.513  12.932 0.0000000000
6449  26.544  15.875  13.103 0.0000000000
6466  26.442  15.412  12.690 0.0000000000
7017  29.158  15.883  12.747 0.0000000000
7018  28.840  15.925  12.440 0.0000000000
7031  28.809  15.603  12.275 0.0000000000
6465  27.059  15.828  12.528 0.0000000000
6480  26.794  15.385  11.847 0.0000000000
6492  28.283  15.423  11.655 0.0000000000
6478  28.497  15.641  12.000 0.0000000000
7032  28.517  15.823  12.162 0.0000000000
7047  28.017  15.863  11.858 0.0000000000
6479  26.815  15.278  11.965 0.0000000000
7048  27.961  15.723  11.929 0.0000000000
7049  27.451  15.511  11.755 0.0000000000
7592  25.816  16.481  15.942 0.0000000000
6949  25.833  16.224  15.319 0.0000000000
6933  25.892  16.385  15.629 0.0000000000
6950  25.671  15.985  15.161 0.0000000000
6947  28.827  15.680  14.769 0.0000000000
7605  26.124  16.441  15.248 0.0000000000
7606  25.880  16.202  15.082 0.0000000000
6967  25.793  15.855  14.611 0.0000000000
7620  25.912  16.169  14.913 0.0000000000
6963  29.338  15.839  14.763 0.0000000000
6982  25.857  15.764  14.227 0.0000000000
6981  26.098  15.906  14.078 0.0000000000
6966  26.135  16.028  14.350 0.0000000000
7619  26.223  16.284  14.643 0.0000000000
6978  29.782  15.770  14.316 0.0000000000
6992  29.756  15.891  13.691 0.0000000000
6417  26.051  15.826  13.938 0.0000000000
6995  26.382  16.178  13.732 0.0000000000
7633  26.462  16.320  14.128 0.0000000000
6991  30.119  15.986  13.996 0.0000000000
7642  29.816  16.360  13.824 0.0000000000
7003  29.631  15.875  13.202 0.0000000000
7658  29.709  16.128  13.499 0.0000000000
6994  26.294  15.896  13.292 0.0000000000
7647  27.121  16.574  13.882 0.0000000000
7007  26.666  16.240  13.427 0.0000000000
7659  29.481  16.326  13.301 0.0000000000
7675  29.252  16.218  12.951 0.0000000000
7006  26.773  16.033  12.961 0.0000000000
7665  27.224  16.411  13.271 0.0000000000
7676  28.960  16.305  12.753 0.0000000000
7019  28.550  16.067  12.328 0.0000000000
7677  28.502  16.334  12.602 0.0000000000
7692  28.263  16.086  12.291 0.0000000000
7033  27.980  15.895  12.134 0.0000000000
7020  27.685  16.030  12.394 0.0000000000
7034  27.452  15.788  12.170 0.0000000000
7693  28.164  16.072  12.256 0.0000000000
7021  27.221  16.010  12.653 0.0000000000
7565  21.469  16.432  16.665 0.0000000000
7566  20.800  16.416  16.524 0.0000000000
7580  21.091  16.255  16.220 0.0000000000
8328  20.789  16.863  16.712 0.0000000000
8343  20.521  16.694  16.298 0.0000000000
7581  20.505  16.477  16.094 0.0000000000
7595  20.262  16.547  15.842 0.0000000000
8344  20.113  16.846  16.056 0.0000000000
7591  25.972  16.633  15.916 0.0000000000
8360  20.018  16.916  15.974 0.0000000000
7596  19.878  16.584  15.625 0.0000000000
7609  19.418  16.342  14.933 0.0000000000
8361  19.802  16.881  15.810 0.0000000000
7597  19.562  16.719  15.440 0.0000000000
7610  19.120  16.768  14.959 0.0000000000
8362  19.181  17.166  15.556 0.0000000000
8359  26.277  16.850  15.650 0.0000000000
8374  26.423  16.818  15.213 0.0000000000
8391  26.460  16.703  14.848 0.0000000000
7623  19.221  16.677  14.862 0.0000000000
8375  19.047  17.063  15.055 0.0000000000
8392  18.999  16.913  14.863 0.0000000000
7618  26.676  16.642  14.427 0.0000000000
7635  19.170  16.480  14.334 0.0000000000
8409  19.016  16.797  14.636 0.0000000000
7632  26.953  16.848  14.096 0.0000000000
7650  18.888  16.421  13.921 0.0000000000
7636  18.894  16.622  14.171 0.0000000000
8410  18.830  16.875  14.390 0.0000000000
8426  18.758  16.735  14.073 0.0000000000
7641  30.057  16.168  13.968 0.0000000000
7629  30.069  16.190  14.168 0.0000000000
7630  29.831  16.471  14.247 0.0000000000
8422  29.839  16.910  14.102 0.0000000000
7643  29.510  16.609  13.579 0.0000000000
8423  29.506  17.094  13.936 0.0000000000
8435  29.267  16.817  13.344 0.0000000000
7646  27.095  16.578  13.623 0.0000000000
7668  18.768  16.393  13.525 0.0000000000
7651  18.769  16.520  13.823 0.0000000000
8427  18.618  16.811  13.849 0.0000000000
7660  29.037  16.536  12.956 0.0000000000
8436  28.892  16.889  13.169 0.0000000000
7661  28.689  16.694  12.987 0.0000000000
8437  28.450  16.970  13.205 0.0000000000
7662  28.072  16.726  13.043 0.0000000000
7644  27.686  16.845  13.333 0.0000000000
7663  27.637  16.513  13.070 0.0000000000
8424  27.791  17.017  13.387 0.0000000000
8438  28.048  17.070  13.293 0.0000000000
7678  27.988  16.295  12.576 0.0000000000
7645  27.365  16.706  13.468 0.0000000000
7664  27.193  16.332  13.116 0.0000000000
7679  27.455  16.222  12.766 0.0000000000
7022  26.985  16.173  12.869 0.0000000000
7680  27.111  16.262  12.733 0.0000000000
8439  18.424  16.813  13.354 0.0000000000
8445  18.311  16.806  12.799 0.0000000000
8456  18.260  16.881  12.269 0.0000000000
8465  18.262  16.927  11.892 0.0000000000
8473  18.279  16.873  11.398 0.0000000000
8483  18.295  16.796  10.757 0.0000000000
8492  18.312  16.734  10.219 0.0000000000
8504  18.436  16.637  9.646 0.0000000000
8519  18.458  16.412  9.085 0.0000000000
8535  18.651  16.410  8.520 0.0000000000
8329  20.318  16.957  16.392 0.0000000000
8330  19.897  17.108  16.165 0.0000000000
8345  20.044  16.781  15.987 0.0000000000
9180  19.827  17.331  16.218 0.0000000000
9195  19.771  17.140  16.001 0.0000000000
9214  19.926  17.028  16.134 0.0000000000
9215  19.472  17.227  15.761 0.0000000000
9229  19.163  17.211  15.365 0.0000000000
8373  26.707  17.022  15.008 0.0000000000
8358  26.598  17.140  15.398 0.0000000000
8393  18.997  16.863  14.926 0.0000000000
8376  18.926  17.166  15.034 0.0000000000
9230  18.906  17.452  15.232 0.0000000000
9246  18.832  17.313  14.985 0.0000000000
8390  26.821  16.973  14.690 0.0000000000
9261  18.765  17.144  14.627 0.0000000000
8411  18.605  17.024  14.160 0.0000000000
9262  18.463  17.292  14.126 0.0000000000
8405  29.772  16.820  14.283 0.0000000000
8406  29.956  17.013  14.015 0.0000000000
9256  29.403  17.363  14.060 0.0000000000
9272  29.120  17.235  13.595 0.0000000000
8425  27.497  17.056  13.722 0.0000000000
9275  27.834  17.256  13.705 0.0000000000
8407  27.245  17.135  14.180 0.0000000000
7631  27.156  16.858  13.892 0.0000000000
9260  27.563  17.314  14.042 0.0000000000
9276  27.603  17.217  13.826 0.0000000000
9277  18.315  17.419  13.674 0.0000000000
9288  29.013  16.879  13.134 0.0000000000
9289  28.745  17.153  13.355 0.0000000000
9290  28.338  17.242  13.441 0.0000000000
9291  28.065  17.263  13.490 0.0000000000
9292  18.280  17.351  13.176 0.0000000000
9300  18.289  17.273  12.717 0.0000000000
9311  18.254  17.308  12.253 0.0000000000
9320  18.196  17.172  12.001 0.0000000000
9330  18.417  17.159  11.480 0.0000000000
9342  18.457  17.146  11.244 0.0000000000
9354  18.457  17.177  10.446 0.0000000000
9370  18.491  17.149  9.939 0.0000000000
8503  18.734  16.735  9.250 0.0000000000
9369  18.872  17.040  9.448 0.0000000000
8518  18.897  16.704  8.912 0.0000000000
9196  19.519  17.480  16.043 0.0000000000
9181  19.602  17.630  16.214 0.0000000000
10222  19.371  17.935  16.166 0.0000000000
10239  19.216  17.782  15.818 0.0000000000
9216  19.096  17.508  15.540 0.0000000000
10240  18.834  17.929  15.466 0.0000000000
10257  18.774  17.816  15.234 0.0000000000
9231  18.753  17.647  15.096 0.0000000000
9247  18.639  17.537  14.753 0.0000000000
10258  18.560  17.902  14.959 0.0000000000
10276  18.250  18.090  14.354 0.0000000000
9244  27.392  17.558  14.638 0.0000000000
9259  27.959  17.645  14.191 0.0000000000
10292  18.314  17.813  13.997 0.0000000000
9257  29.001  17.663  13.911 0.0000000000
9273  28.653  17.430  13.701 0.0000000000
9258  28.511  17.738  14.006 0.0000000000
9274  28.225  17.420  13.778 0.0000000000
10303  18.295  17.922  13.864 0.0000000000
10315  18.274  17.865  13.493 0.0000000000
10322  18.270  17.943  13.087 0.0000000000
10334  18.275  17.738  12.564 0.0000000000
10346  18.290  17.779  12.101 0.0000000000
9319  18.480  17.517  11.750 0.0000000000
9329  18.652  17.266  11.349 0.0000000000
9341  18.895  17.664  10.942 0.0000000000
9353  18.723  17.447  10.752 0.0000000000
10359  18.802  17.830  10.939 0.0000000000
10369  18.756  17.524  10.377 0.0000000000
10370  18.525  17.293  10.121 0.0000000000
9392  19.036  16.828  9.159 0.0000000000
9368  19.173  16.814  9.168 0.0000000000
9391  19.262  16.980  8.965 0.0000000000
10384  19.061  17.285  9.595 0.0000000000
10385  18.799  17.506  9.889 0.0000000000
10386  18.642  17.240  10.048 0.0000000000
11245  19.185  18.088  15.940 0.0000000000
11246  18.982  18.217  15.820 0.0000000000
10241  18.661  18.190  15.332 0.0000000000
11247  18.673  18.506  15.600 0.0000000000
11262  18.516  18.363  15.198 0.0000000000
11274  18.346  18.378  14.750 0.0000000000
11283  18.284  18.273  14.165 0.0000000000
11288  18.302  18.260  13.888 0.0000000000
11295  18.301  18.307  13.366 0.0000000000
11304  18.388  18.264  12.901 0.0000000000
11318  18.359  18.069  12.363 0.0000000000
10345  18.363  17.987  11.879 0.0000000000
11333  18.227  17.948  11.933 0.0000000000
11332  18.588  18.231  11.980 0.0000000000
10353  18.721  17.840  11.488 0.0000000000
11347  18.855  18.177  11.343 0.0000000000
11362  18.909  18.117  10.931 0.0000000000
11380  18.926  18.030  10.587 0.0000000000
11398  19.039  17.926  10.181 0.0000000000
10403  19.008  17.553  9.815 0.0000000000
11415  19.082  17.911  10.064 0.0000000000
12287  18.364  18.816  15.197 0.0000000000
12295  18.294  18.842  14.544 0.0000000000
12302  18.275  18.769  14.116 0.0000000000
12308  18.441  18.837  13.708 0.0000000000
12320  18.528  18.693  13.148 0.0000000000
12335  18.706  18.900  13.069 0.0000000000
11303  18.898  18.248  13.188 0.0000000000
11317  18.624  18.354  12.570 0.0000000000
12334  18.809  18.925  12.882 0.0000000000
12352  18.848  18.671  12.336 0.0000000000
12371  18.903  18.610  12.000 0.0000000000
12388  18.888  18.464  11.717 0.0000000000
11346  18.960  18.259  11.132 0.0000000000
12387  19.163  18.525  11.420 0.0000000000
11361  19.187  18.236  10.766 0.0000000000
11379  19.375  18.185  10.391 0.0000000000
11397  19.552  18.127  10.005 0.0000000000
13350  18.237  19.226  15.069 0.0000000000
13355  18.289  19.247  14.446 0.0000000000
13360  18.305  19.152  14.047 0.0000000000
13371  18.280  18.987  13.944 0.0000000000
12307  18.608  18.989  13.657 0.0000000000
12319  18.727  19.037  13.169 0.0000000000
13370  18.614  19.191  13.662 0.0000000000
13383  18.806  19.436  13.299 0.0000000000
13402  19.092  19.409  12.858 0.0000000000
13425  19.006  19.051  12.472 0.0000000000
12351  19.135  18.849  12.178 0.0000000000
12370  19.028  18.710  11.972 0.0000000000
12404  19.396  18.460  11.021 0.0000000000
12369  19.495  18.787  11.714 0.0000000000
12386  19.657  18.676  11.334 0.0000000000
14482  18.310  19.798  14.771 0.0000000000
14492  18.380  19.619  14.256 0.0000000000
14504  18.440  19.466  13.903 0.0000000000
14503  18.762  19.727  13.675 0.0000000000
14522  19.108  19.893  13.260 0.0000000000
14543  19.255  19.717  13.111 0.0000000000
13401  19.731  19.409  12.711 0.0000000000
13424  19.430  19.142  12.339 0.0000000000
14542  19.594  19.712  13.014 0.0000000000
13442  19.384  18.906  12.029 0.0000000000
13423  19.967  19.193  12.309 0.0000000000
13441  19.752  19.018  11.980 0.0000000000
15821  18.480  19.840  14.276 0.0000000000
14491  18.757  19.969  13.934 0.0000000000
15839  18.908  20.153  13.835 0.0000000000
15865  18.953  20.041  13.635 0.0000000000
14521  19.461  19.921  13.260 0.0000000000
15864  19.263  20.143  13.536 0.0000000000
14541  20.004  19.756  13.058 0.0000000000
14520  19.994  19.915  13.232 0.0000000000
15820  18.863  20.131  13.925 0.0000000000
17277  18.962  20.410  13.976 0.0000000000
15838  19.072  20.213  13.717 0.0000000000
17276  19.317  20.476  13.842 0.0000000000
15863  19.785  20.159  13.424 0.0000000000
17297  19.545  20.298  13.625 0.0000000000
17296  19.858  20.416  13.687 0.0000000000
17295  20.114  20.569  13.791 0.0000000000
15862  20.416  20.235  13.513 0.0000000000
17275  19.896  20.805  14.004 0.0000000000
17274  20.332  20.731  14.000 0.0000000000
13400  20.242  19.375  12.672 0.0000000000
8408  27.007  16.913  14.284 0.0000000000
8389  27.091  17.162  14.563 0.0000000000
9245  26.938  17.292  14.882 0.0000000000
9228  26.941  17.520  15.125 0.0000000000
6977  30.118  15.947  14.481 0.0000000000
7615  30.027  16.230  14.511 0.0000000000
8327  20.896  16.858  17.011 0.0000000000
8326  21.619  16.688  16.939 0.0000000000
7005  26.875  16.020  12.846 0.0000000000
6448  26.888  16.031  12.872 0.0000000000
6434  25.937  15.836  13.330 0.0000000000
6962  29.789  16.021  14.727 0.0000000000
6961  29.945  16.113  14.705 0.0000000000
5343  24.704  14.123  18.418 0.0000000000
