#!ascii label  , from subject  vox2ras=TkReg
2011
40146  25.111  28.738  26.221 0.0000000000
40147  24.765  28.416  26.532 0.0000000000
38522  24.799  28.249  26.200 0.0000000000
40157  25.066  28.548  25.916 0.0000000000
40133  25.024  28.855  26.656 0.0000000000
41794  24.985  28.900  26.375 0.0000000000
41805  25.050  29.074  26.201 0.0000000000
40134  24.748  28.530  26.931 0.0000000000
38507  24.452  28.099  26.801 0.0000000000
38523  24.438  27.897  26.464 0.0000000000
38534  24.833  28.109  25.976 0.0000000000
40177  25.122  28.334  25.661 0.0000000000
41828  25.214  28.774  25.693 0.0000000000
38549  24.909  27.898  25.665 0.0000000000
38548  25.284  27.862  25.237 0.0000000000
40176  25.356  28.557  25.408 0.0000000000
41784  25.085  29.107  26.940 0.0000000000
43445  25.393  29.470  26.522 0.0000000000
43457  25.174  29.150  26.032 0.0000000000
41804  25.280  29.093  25.859 0.0000000000
41827  25.402  28.931  25.474 0.0000000000
43432  25.293  29.578  27.061 0.0000000000
45157  25.474  29.708  26.744 0.0000000000
45170  25.503  29.684  26.610 0.0000000000
43456  25.274  29.415  25.849 0.0000000000
43444  25.563  29.624  26.292 0.0000000000
45169  25.679  29.846  26.508 0.0000000000
43477  25.605  29.296  25.688 0.0000000000
45180  25.856  29.976  26.010 0.0000000000
45200  25.816  29.692  25.846 0.0000000000
41826  25.806  29.159  25.299 0.0000000000
43476  26.017  29.519  25.464 0.0000000000
45156  25.604  29.985  26.989 0.0000000000
46790  25.861  30.095  26.680 0.0000000000
46800  26.048  29.864  26.431 0.0000000000
45168  25.950  29.837  25.944 0.0000000000
46799  26.086  30.244  26.341 0.0000000000
45179  26.015  29.975  25.998 0.0000000000
45199  26.237  29.924  25.619 0.0000000000
46789  26.083  30.397  26.843 0.0000000000
46811  26.416  30.421  25.891 0.0000000000
48398  26.341  30.725  26.384 0.0000000000
48410  26.174  30.886  25.985 0.0000000000
46830  26.494  30.220  25.552 0.0000000000
46829  26.837  30.517  25.487 0.0000000000
46810  26.719  30.703  25.788 0.0000000000
48409  26.685  31.032  26.117 0.0000000000
45198  26.634  29.936  25.190 0.0000000000
45197  27.025  30.212  24.960 0.0000000000
46828  27.301  30.690  25.133 0.0000000000
48420  26.943  30.858  25.741 0.0000000000
48419  27.245  30.920  25.506 0.0000000000
48388  26.315  30.897  26.792 0.0000000000
49985  26.565  31.039  26.527 0.0000000000
50001  26.598  30.918  26.247 0.0000000000
48397  26.491  30.877  26.101 0.0000000000
50000  26.872  31.351  26.280 0.0000000000
50012  26.994  31.224  26.010 0.0000000000
48408  27.122  31.134  25.812 0.0000000000
48418  27.716  31.043  25.262 0.0000000000
48407  27.550  31.305  25.625 0.0000000000
49984  26.603  31.363  26.791 0.0000000000
51596  26.888  31.697  26.628 0.0000000000
50011  27.273  31.462  25.929 0.0000000000
49999  27.396  31.880  26.087 0.0000000000
51595  27.137  32.048  26.538 0.0000000000
50010  27.755  31.664  25.842 0.0000000000
51594  27.600  32.238  26.357 0.0000000000
51581  26.773  32.239  26.786 0.0000000000
51582  26.847  31.995  26.919 0.0000000000
53150  26.999  32.418  26.827 0.0000000000
53149  27.400  32.428  26.679 0.0000000000
53148  28.029  32.542  26.578 0.0000000000
53142  27.931  32.630  26.786 0.0000000000
53143  27.102  32.484  27.003 0.0000000000
51593  27.978  32.213  26.516 0.0000000000
53141  27.984  32.441  26.750 0.0000000000
53144  26.816  32.306  27.109 0.0000000000
53132  27.399  32.852  27.225 0.0000000000
53133  26.752  32.558  27.453 0.0000000000
51580  28.187  32.251  27.369 0.0000000000
53131  27.884  32.634  27.529 0.0000000000
51579  28.197  32.248  26.889 0.0000000000
51570  26.382  32.059  27.652 0.0000000000
51569  26.627  32.044  27.275 0.0000000000
53134  26.398  32.326  27.735 0.0000000000
53121  26.693  32.783  27.716 0.0000000000
53122  26.422  32.584  27.904 0.0000000000
54585  26.931  33.008  27.598 0.0000000000
54584  27.125  32.936  27.577 0.0000000000
54583  27.570  32.913  27.553 0.0000000000
51568  28.186  32.011  27.878 0.0000000000
53119  27.891  32.582  28.096 0.0000000000
54571  27.728  32.801  27.764 0.0000000000
53110  26.225  32.670  28.226 0.0000000000
51546  26.113  32.206  28.233 0.0000000000
51559  26.124  31.953  28.009 0.0000000000
54574  26.375  32.920  28.072 0.0000000000
54573  26.788  33.014  27.988 0.0000000000
51558  28.192  32.081  28.452 0.0000000000
53108  27.963  32.508  28.646 0.0000000000
53109  27.794  32.712  28.378 0.0000000000
53120  27.711  32.820  28.203 0.0000000000
54572  27.342  33.040  28.184 0.0000000000
53100  25.949  32.679  28.500 0.0000000000
51537  26.033  32.420  28.399 0.0000000000
54563  26.380  33.126  28.387 0.0000000000
54560  27.780  32.745  28.574 0.0000000000
54561  27.597  32.892  28.417 0.0000000000
51545  28.224  32.097  28.962 0.0000000000
53099  28.038  32.470  29.188 0.0000000000
54549  27.735  32.843  28.866 0.0000000000
51538  25.744  32.199  28.589 0.0000000000
53101  25.560  32.619  28.776 0.0000000000
54551  26.056  32.976  28.606 0.0000000000
51536  28.296  32.096  29.487 0.0000000000
53087  28.087  32.402  29.680 0.0000000000
54538  27.856  32.810  29.427 0.0000000000
51517  28.283  31.976  30.156 0.0000000000
53088  27.911  32.588  30.076 0.0000000000
49998  28.050  31.932  26.004 0.0000000000
49997  28.243  31.748  26.516 0.0000000000
49967  26.478  31.591  27.143 0.0000000000
49983  28.258  31.958  27.588 0.0000000000
49982  28.339  31.738  27.324 0.0000000000
49957  26.228  31.649  27.916 0.0000000000
49968  26.399  31.609  27.528 0.0000000000
49966  28.332  31.788  27.710 0.0000000000
49965  28.507  31.399  27.946 0.0000000000
51567  28.417  31.720  28.332 0.0000000000
49956  28.591  31.425  28.550 0.0000000000
51557  28.425  31.752  28.747 0.0000000000
49946  26.066  31.713  28.213 0.0000000000
49945  28.541  31.480  28.952 0.0000000000
51544  28.451  31.764  29.200 0.0000000000
51547  25.861  31.917  28.419 0.0000000000
49937  28.679  31.427  29.327 0.0000000000
51535  28.564  31.762  29.666 0.0000000000
51539  25.323  32.126  28.967 0.0000000000
49938  25.472  31.614  28.875 0.0000000000
49914  28.781  31.357  29.828 0.0000000000
51516  28.637  31.724  29.966 0.0000000000
49915  28.649  31.568  30.161 0.0000000000
48406  28.248  31.336  25.626 0.0000000000
50009  28.127  31.694  25.991 0.0000000000
48396  28.315  31.518  26.099 0.0000000000
48395  28.508  31.141  26.354 0.0000000000
49996  28.513  31.347  26.946 0.0000000000
48386  28.787  30.940  27.048 0.0000000000
49981  28.675  31.215  27.459 0.0000000000
48387  26.224  31.018  27.008 0.0000000000
48369  28.861  30.822  27.655 0.0000000000
49964  28.756  31.045  27.764 0.0000000000
48372  26.216  31.052  27.748 0.0000000000
48371  26.282  31.100  27.275 0.0000000000
48370  28.773  30.946  27.972 0.0000000000
48360  28.770  31.017  28.393 0.0000000000
48361  26.098  31.267  28.133 0.0000000000
48349  28.745  31.142  28.902 0.0000000000
49947  25.809  31.540  28.529 0.0000000000
48350  25.910  31.308  28.364 0.0000000000
48335  25.115  31.128  29.192 0.0000000000
48334  25.346  31.140  29.014 0.0000000000
49939  25.121  31.686  29.145 0.0000000000
48351  25.620  31.161  28.744 0.0000000000
48333  28.923  30.984  29.382 0.0000000000
49895  28.769  31.144  30.298 0.0000000000
49896  28.501  31.458  30.581 0.0000000000
48313  29.032  30.739  29.978 0.0000000000
48297  28.849  30.833  30.445 0.0000000000
48298  28.589  30.909  30.804 0.0000000000
46827  27.831  30.760  24.863 0.0000000000
48417  28.086  31.046  25.197 0.0000000000
46826  28.461  30.844  25.217 0.0000000000
46809  28.598  30.887  25.673 0.0000000000
48405  28.519  31.016  25.915 0.0000000000
46808  28.735  30.711  26.070 0.0000000000
46798  28.847  30.580  26.643 0.0000000000
46788  26.183  30.751  27.006 0.0000000000
46771  26.196  30.816  27.068 0.0000000000
46787  28.867  30.445  27.262 0.0000000000
46772  26.100  30.503  27.227 0.0000000000
46773  25.824  30.466  27.822 0.0000000000
48373  26.007  30.887  28.071 0.0000000000
48359  28.922  30.671  28.161 0.0000000000
46770  28.923  30.369  27.828 0.0000000000
48362  25.964  31.210  28.416 0.0000000000
48348  29.053  30.609  28.793 0.0000000000
46761  29.137  30.270  28.318 0.0000000000
46734  25.354  30.846  28.972 0.0000000000
46750  25.518  30.876  28.703 0.0000000000
46749  29.420  30.164  28.665 0.0000000000
46733  29.273  30.105  29.114 0.0000000000
48332  29.096  30.524  29.454 0.0000000000
48314  24.860  31.069  29.378 0.0000000000
46721  24.988  30.881  29.252 0.0000000000
46735  25.149  30.403  29.111 0.0000000000
49916  24.788  31.504  29.352 0.0000000000
46719  29.164  30.181  29.753 0.0000000000
48312  29.094  30.488  29.726 0.0000000000
48315  24.439  31.055  29.584 0.0000000000
46720  29.066  30.376  30.170 0.0000000000
46709  28.920  30.490  30.589 0.0000000000
45196  27.302  30.435  24.848 0.0000000000
45209  27.468  30.241  24.543 0.0000000000
46844  27.994  30.533  24.528 0.0000000000
46843  28.395  30.622  24.746 0.0000000000
46825  28.910  30.453  25.625 0.0000000000
46842  28.868  30.432  25.061 0.0000000000
45195  29.202  30.006  25.837 0.0000000000
45178  28.960  30.215  26.238 0.0000000000
46824  29.161  30.220  25.590 0.0000000000
46841  29.118  30.261  25.391 0.0000000000
45194  29.277  30.095  25.509 0.0000000000
45167  28.984  29.999  26.876 0.0000000000
45155  25.373  30.606  27.155 0.0000000000
45154  28.991  29.958  27.401 0.0000000000
45138  25.696  30.002  27.365 0.0000000000
45139  25.522  30.126  27.828 0.0000000000
46774  25.638  30.236  28.238 0.0000000000
46762  25.742  30.666  28.280 0.0000000000
46763  25.588  30.312  28.106 0.0000000000
45137  25.764  30.201  27.041 0.0000000000
45136  29.117  29.945  27.982 0.0000000000
46751  25.493  30.411  28.630 0.0000000000
45126  25.200  29.818  28.120 0.0000000000
45125  29.420  29.940  28.352 0.0000000000
45112  25.225  29.962  28.639 0.0000000000
45110  29.404  29.579  28.759 0.0000000000
45094  24.852  29.816  29.285 0.0000000000
45093  25.015  29.828  28.949 0.0000000000
46736  25.089  30.308  29.124 0.0000000000
45091  29.423  29.583  29.326 0.0000000000
46722  24.601  30.421  29.553 0.0000000000
46708  29.108  30.046  30.316 0.0000000000
45079  29.369  29.726  30.187 0.0000000000
45068  29.000  30.042  30.783 0.0000000000
46697  28.741  30.265  30.966 0.0000000000
46710  28.680  30.550  30.943 0.0000000000
45067  29.129  29.539  30.556 0.0000000000
43473  27.039  30.110  24.817 0.0000000000
43486  27.051  30.190  24.783 0.0000000000
45210  27.251  30.220  24.608 0.0000000000
45217  27.357  29.841  24.340 0.0000000000
45216  27.751  30.031  24.190 0.0000000000
46850  27.954  30.308  24.340 0.0000000000
43475  26.382  29.691  25.277 0.0000000000
43474  26.746  29.904  25.052 0.0000000000
43472  29.394  29.476  25.972 0.0000000000
43455  29.278  29.651  26.386 0.0000000000
43471  29.388  29.769  25.528 0.0000000000
45207  29.190  30.071  25.191 0.0000000000
43443  29.249  29.742  26.914 0.0000000000
45166  29.303  29.882  27.083 0.0000000000
43442  29.334  29.467  27.103 0.0000000000
45153  29.244  29.736  27.488 0.0000000000
43431  25.482  29.715  27.291 0.0000000000
43429  29.222  29.341  27.620 0.0000000000
45135  29.592  29.840  27.895 0.0000000000
43414  25.373  29.594  27.638 0.0000000000
43413  25.515  29.697  27.435 0.0000000000
43411  29.227  29.178  27.769 0.0000000000
45124  29.342  29.505  28.302 0.0000000000
43403  25.202  29.590  28.240 0.0000000000
43401  29.286  28.997  27.975 0.0000000000
45109  29.242  29.271  28.377 0.0000000000
43392  25.041  29.601  28.675 0.0000000000
43390  28.978  28.833  28.592 0.0000000000
43391  29.286  29.003  28.770 0.0000000000
45111  29.115  29.708  29.230 0.0000000000
45092  29.402  29.428  29.002 0.0000000000
43389  29.162  29.089  28.265 0.0000000000
43379  24.728  29.403  28.890 0.0000000000
43380  24.392  29.565  29.313 0.0000000000
45095  24.488  29.875  29.441 0.0000000000
45080  24.684  29.816  29.459 0.0000000000
45081  24.231  29.959  29.617 0.0000000000
43378  24.925  29.647  28.852 0.0000000000
43377  29.492  29.159  29.137 0.0000000000
43376  29.579  29.066  29.532 0.0000000000
43365  23.727  29.563  29.613 0.0000000000
43364  24.046  29.259  29.407 0.0000000000
45082  24.224  29.840  29.623 0.0000000000
45069  23.928  29.902  29.753 0.0000000000
45070  23.731  30.026  29.668 0.0000000000
46711  23.963  30.490  29.664 0.0000000000
46723  24.331  30.164  29.728 0.0000000000
43363  29.400  29.092  30.022 0.0000000000
43353  23.405  29.823  29.637 0.0000000000
43352  23.652  29.804  29.657 0.0000000000
45071  23.203  30.127  29.635 0.0000000000
46712  23.429  30.512  29.645 0.0000000000
45056  28.645  29.715  31.085 0.0000000000
43351  29.249  28.950  30.563 0.0000000000
45055  29.057  29.222  31.006 0.0000000000
41823  26.860  29.777  24.812 0.0000000000
41840  26.964  29.712  24.637 0.0000000000
43487  27.058  29.741  24.491 0.0000000000
41825  26.138  29.399  25.090 0.0000000000
41824  26.551  29.559  24.962 0.0000000000
41822  29.543  29.216  26.034 0.0000000000
41803  29.548  29.332  26.165 0.0000000000
41821  29.524  29.122  25.725 0.0000000000
43484  29.374  29.724  24.900 0.0000000000
41802  29.517  29.045  26.233 0.0000000000
43454  29.366  29.389  26.737 0.0000000000
41792  29.359  29.000  26.837 0.0000000000
41781  29.190  29.016  27.239 0.0000000000
41767  25.192  29.219  27.314 0.0000000000
43430  29.012  29.060  27.543 0.0000000000
43412  28.983  29.147  27.839 0.0000000000
43415  25.167  29.237  27.634 0.0000000000
43404  25.065  29.269  27.916 0.0000000000
41765  28.889  29.001  27.730 0.0000000000
41753  28.809  28.960  28.018 0.0000000000
43402  28.991  29.124  28.153 0.0000000000
43393  24.935  29.282  28.362 0.0000000000
41756  24.742  29.015  28.021 0.0000000000
41768  25.015  29.047  27.634 0.0000000000
41738  28.902  29.039  28.156 0.0000000000
41741  24.650  28.995  28.466 0.0000000000
41739  28.697  28.599  28.600 0.0000000000
41725  29.246  28.673  29.044 0.0000000000
41727  24.133  28.909  29.076 0.0000000000
41726  24.462  29.002  28.763 0.0000000000
41724  29.387  28.677  29.492 0.0000000000
41709  23.932  28.972  29.293 0.0000000000
41710  23.497  29.127  29.411 0.0000000000
43366  23.144  29.477  29.554 0.0000000000
41708  24.036  29.001  29.204 0.0000000000
41707  29.433  28.585  30.067 0.0000000000
43354  22.772  29.985  29.624 0.0000000000
41693  29.241  28.447  30.574 0.0000000000
43339  29.102  28.722  31.046 0.0000000000
41841  26.821  29.450  24.571 0.0000000000
40175  25.765  28.739  24.948 0.0000000000
40174  26.055  29.003  25.014 0.0000000000
41842  26.436  29.206  24.823 0.0000000000
40173  29.721  28.549  25.660 0.0000000000
40172  29.650  28.818  25.875 0.0000000000
41820  29.616  28.909  25.969 0.0000000000
41839  29.658  29.043  24.965 0.0000000000
41801  29.621  28.945  26.012 0.0000000000
40154  29.810  28.811  25.829 0.0000000000
40155  29.651  28.464  26.196 0.0000000000
40143  29.329  28.562  26.586 0.0000000000
41793  28.954  28.599  27.177 0.0000000000
41785  25.099  28.945  27.067 0.0000000000
41782  29.080  28.883  27.324 0.0000000000
41769  24.559  28.711  27.811 0.0000000000
40115  24.704  28.611  27.389 0.0000000000
41766  28.518  28.691  27.802 0.0000000000
41783  28.634  28.587  27.384 0.0000000000
41757  24.429  28.745  28.214 0.0000000000
41754  28.552  28.827  27.972 0.0000000000
41742  24.363  28.800  28.612 0.0000000000
40086  28.839  28.237  29.088 0.0000000000
40087  28.154  28.258  28.656 0.0000000000
41740  28.277  28.414  28.567 0.0000000000
41755  28.208  28.422  28.367 0.0000000000
40074  23.641  28.511  28.979 0.0000000000
40073  24.178  28.822  29.037 0.0000000000
41728  23.535  28.821  29.258 0.0000000000
40089  24.080  28.525  28.548 0.0000000000
40070  28.987  28.132  29.093 0.0000000000
40069  29.382  28.081  29.614 0.0000000000
41729  22.981  29.002  29.250 0.0000000000
40051  29.390  28.141  30.160 0.0000000000
40036  29.310  27.972  30.621 0.0000000000
41672  29.085  28.224  31.020 0.0000000000
38547  25.645  28.210  25.006 0.0000000000
40195  25.953  28.557  24.913 0.0000000000
40194  26.361  28.799  24.685 0.0000000000
38546  29.783  27.881  25.417 0.0000000000
38530  29.409  28.000  26.129 0.0000000000
40192  29.861  28.454  24.967 0.0000000000
40156  29.265  28.093  26.406 0.0000000000
40144  28.999  28.248  26.763 0.0000000000
40135  24.411  28.219  27.165 0.0000000000
40116  24.311  28.333  27.584 0.0000000000
40090  23.707  28.272  28.474 0.0000000000
40105  23.753  28.251  28.044 0.0000000000
40104  24.098  28.396  28.046 0.0000000000
40071  28.391  27.859  29.125 0.0000000000
40072  27.964  27.992  28.836 0.0000000000
40088  27.631  28.054  28.511 0.0000000000
40102  27.806  28.218  28.153 0.0000000000
38414  23.247  28.308  28.940 0.0000000000
38413  23.371  28.276  28.931 0.0000000000
40075  23.061  28.515  29.107 0.0000000000
38440  23.385  28.240  28.706 0.0000000000
38412  28.082  27.807  28.986 0.0000000000
38438  27.663  27.634  28.767 0.0000000000
38411  28.484  27.659  29.060 0.0000000000
38410  28.944  27.783  29.006 0.0000000000
38409  29.329  27.561  29.595 0.0000000000
40068  29.443  27.864  29.923 0.0000000000
38408  29.407  27.456  29.967 0.0000000000
40050  29.477  27.977  30.032 0.0000000000
38391  29.496  27.418  30.197 0.0000000000
40035  29.391  27.630  30.426 0.0000000000
38375  29.232  27.461  30.734 0.0000000000
40012  28.993  27.804  30.944 0.0000000000
38374  29.411  27.421  30.441 0.0000000000
36882  24.964  27.554  25.359 0.0000000000
36883  24.681  27.437  25.770 0.0000000000
38550  24.601  27.813  25.834 0.0000000000
36881  25.284  27.720  25.307 0.0000000000
38571  25.403  27.996  25.084 0.0000000000
38570  25.847  28.051  24.855 0.0000000000
36880  29.652  27.334  25.704 0.0000000000
38545  29.888  27.661  25.172 0.0000000000
36879  29.840  27.364  25.380 0.0000000000
38567  29.953  27.988  24.953 0.0000000000
36899  29.982  27.310  24.886 0.0000000000
38566  29.959  27.662  24.897 0.0000000000
38535  24.497  27.969  25.925 0.0000000000
36858  29.387  27.275  25.929 0.0000000000
38531  29.216  27.632  26.225 0.0000000000
36847  24.111  27.684  26.598 0.0000000000
36846  24.261  27.721  26.404 0.0000000000
38524  23.974  27.998  26.912 0.0000000000
36863  24.382  27.512  26.193 0.0000000000
38508  24.031  27.955  26.915 0.0000000000
38441  22.863  27.996  28.620 0.0000000000
38467  23.249  27.976  28.062 0.0000000000
36752  27.491  27.174  28.739 0.0000000000
36751  27.796  27.219  28.989 0.0000000000
38437  27.995  27.550  29.072 0.0000000000
38439  27.223  27.444  28.553 0.0000000000
38465  27.269  27.745  28.310 0.0000000000
36730  28.203  27.205  29.153 0.0000000000
36729  28.725  27.198  29.146 0.0000000000
36728  29.141  27.178  29.300 0.0000000000
36727  29.339  27.106  29.654 0.0000000000
36712  29.498  26.900  30.181 0.0000000000
36699  29.366  27.097  30.412 0.0000000000
35143  29.896  26.930  25.011 0.0000000000
36920  29.943  27.365  24.754 0.0000000000
35109  24.451  27.137  25.828 0.0000000000
35128  24.658  26.804  25.450 0.0000000000
35127  25.114  27.230  25.192 0.0000000000
35126  25.368  27.411  25.215 0.0000000000
36901  25.603  27.679  25.085 0.0000000000
35125  29.473  26.828  25.812 0.0000000000
35124  29.747  26.898  25.547 0.0000000000
35110  24.232  26.817  25.911 0.0000000000
36864  24.074  27.161  26.234 0.0000000000
35104  29.248  26.818  26.052 0.0000000000
36859  29.146  27.169  26.181 0.0000000000
36820  23.953  27.826  26.827 0.0000000000
36821  23.729  27.565  27.023 0.0000000000
36848  23.814  27.264  26.585 0.0000000000
35058  23.016  27.081  27.031 0.0000000000
35057  23.470  27.152  26.889 0.0000000000
36822  23.166  27.448  27.129 0.0000000000
36793  23.393  27.473  27.357 0.0000000000
38491  23.860  28.030  27.523 0.0000000000
38509  24.034  27.906  27.122 0.0000000000
36794  23.178  27.566  27.661 0.0000000000
38492  23.250  27.939  27.938 0.0000000000
35010  27.358  26.878  28.816 0.0000000000
35009  27.657  26.988  28.895 0.0000000000
36753  27.005  27.166  28.589 0.0000000000
34989  27.797  26.768  29.112 0.0000000000
34988  28.447  26.741  29.180 0.0000000000
34987  29.006  26.735  29.206 0.0000000000
34986  29.227  26.921  29.403 0.0000000000
34974  29.263  26.648  29.601 0.0000000000
34964  29.305  26.623  30.131 0.0000000000
33415  29.810  26.487  25.259 0.0000000000
35159  29.879  26.890  24.734 0.0000000000
33402  24.224  26.278  25.569 0.0000000000
33401  24.407  26.213  25.292 0.0000000000
35129  24.293  26.577  25.700 0.0000000000
33418  24.675  26.281  25.098 0.0000000000
35147  24.858  26.642  25.131 0.0000000000
35146  25.034  26.883  25.063 0.0000000000
35145  25.529  27.016  24.929 0.0000000000
33399  29.254  26.336  26.024 0.0000000000
33398  29.603  26.396  25.714 0.0000000000
33375  23.853  26.309  25.863 0.0000000000
33374  24.087  26.543  25.746 0.0000000000
35111  23.834  26.680  26.022 0.0000000000
33369  29.133  26.568  26.170 0.0000000000
35105  29.000  26.799  26.252 0.0000000000
33321  23.016  26.989  26.974 0.0000000000
33322  22.727  26.832  26.937 0.0000000000
35059  23.021  27.067  27.040 0.0000000000
35039  22.871  26.976  27.263 0.0000000000
35040  22.593  27.026  27.283 0.0000000000
33320  23.555  27.055  27.098 0.0000000000
35082  23.698  27.140  26.653 0.0000000000
33305  22.203  26.852  26.905 0.0000000000
33304  22.662  26.925  27.091 0.0000000000
35041  22.129  27.038  27.206 0.0000000000
36795  22.588  27.325  27.619 0.0000000000
36796  22.183  27.322  27.795 0.0000000000
34990  27.253  26.547  29.066 0.0000000000
35011  26.828  26.778  28.667 0.0000000000
33266  27.136  26.081  29.143 0.0000000000
33265  27.572  26.190  29.181 0.0000000000
34991  26.931  26.327  29.045 0.0000000000
33264  28.133  26.249  29.183 0.0000000000
33263  28.773  26.250  29.136 0.0000000000
33256  29.038  26.412  29.192 0.0000000000
34975  29.100  26.487  29.324 0.0000000000
33255  29.183  26.171  29.298 0.0000000000
33247  29.309  26.078  29.843 0.0000000000
31730  24.427  25.754  25.157 0.0000000000
31751  24.649  25.994  25.016 0.0000000000
33436  24.887  26.179  24.835 0.0000000000
33417  25.029  26.476  24.948 0.0000000000
33435  25.142  26.236  24.496 0.0000000000
33416  25.223  26.627  24.760 0.0000000000
33434  25.517  26.423  24.508 0.0000000000
31729  30.003  26.052  24.966 0.0000000000
31715  29.750  25.946  25.581 0.0000000000
33432  29.891  26.370  24.709 0.0000000000
31719  24.098  25.818  25.508 0.0000000000
31718  24.297  25.958  25.347 0.0000000000
33403  23.998  26.060  25.601 0.0000000000
31716  29.512  25.942  25.883 0.0000000000
31717  29.136  25.896  26.014 0.0000000000
33400  29.060  26.055  26.295 0.0000000000
33370  28.933  26.361  26.239 0.0000000000
33376  23.205  26.170  25.946 0.0000000000
31689  23.361  25.936  26.034 0.0000000000
31720  23.758  25.855  25.740 0.0000000000
31685  28.803  25.921  26.185 0.0000000000
33371  28.474  26.299  26.273 0.0000000000
35106  28.594  26.717  26.285 0.0000000000
33323  22.285  26.714  26.947 0.0000000000
33343  22.842  26.431  26.540 0.0000000000
33344  22.534  26.417  26.591 0.0000000000
33342  23.285  26.889  26.668 0.0000000000
33306  22.132  26.863  27.120 0.0000000000
31597  27.334  25.705  29.176 0.0000000000
31598  26.889  25.629  29.156 0.0000000000
33267  26.775  25.960  28.974 0.0000000000
31596  27.816  25.735  29.167 0.0000000000
31595  28.380  25.773  29.107 0.0000000000
31594  28.858  25.796  28.998 0.0000000000
33262  29.023  26.020  29.046 0.0000000000
31593  29.157  25.865  28.873 0.0000000000
31584  29.381  25.664  29.468 0.0000000000
30105  30.097  25.500  25.019 0.0000000000
30081  29.794  25.524  25.452 0.0000000000
30125  29.962  25.570  24.897 0.0000000000
31749  30.141  26.123  24.817 0.0000000000
30085  23.400  25.478  25.851 0.0000000000
30084  23.813  25.518  25.629 0.0000000000
30107  24.069  25.341  25.333 0.0000000000
31731  24.235  25.718  25.306 0.0000000000
30083  29.105  25.427  26.109 0.0000000000
30051  28.944  25.470  25.982 0.0000000000
30082  29.662  25.487  25.763 0.0000000000
31690  22.919  25.983  25.988 0.0000000000
30055  23.051  25.600  26.083 0.0000000000
30052  28.621  25.475  26.203 0.0000000000
31686  28.340  25.868  26.258 0.0000000000
29975  27.017  25.308  29.245 0.0000000000
29976  26.634  25.260  29.332 0.0000000000
31599  26.293  25.340  29.388 0.0000000000
31612  26.536  25.691  29.056 0.0000000000
29974  27.494  25.193  29.171 0.0000000000
29973  28.069  25.269  29.035 0.0000000000
29972  28.594  25.323  28.784 0.0000000000
29971  29.059  25.309  28.831 0.0000000000
29970  29.408  25.249  29.158 0.0000000000
29954  29.387  25.171  29.593 0.0000000000
31576  29.303  25.538  29.833 0.0000000000
28532  29.803  25.177  25.314 0.0000000000
28489  23.124  25.259  25.972 0.0000000000
28511  23.278  24.924  25.732 0.0000000000
30108  23.668  25.182  25.603 0.0000000000
28509  28.932  24.997  25.818 0.0000000000
28508  29.436  24.891  25.861 0.0000000000
28507  29.719  25.281  25.593 0.0000000000
28490  22.918  25.117  25.934 0.0000000000
30056  22.682  25.526  26.062 0.0000000000
28485  28.821  25.084  26.073 0.0000000000
28486  28.456  25.083  26.250 0.0000000000
30053  28.136  25.422  26.290 0.0000000000
29957  26.552  25.016  29.556 0.0000000000
29956  27.007  25.105  29.349 0.0000000000
29955  27.141  25.145  29.225 0.0000000000
28413  27.527  24.800  29.168 0.0000000000
28412  28.088  24.828  28.937 0.0000000000
28411  28.369  24.807  28.769 0.0000000000
28425  28.669  25.045  28.660 0.0000000000
29992  28.717  25.149  28.649 0.0000000000
29991  28.818  25.138  28.683 0.0000000000
28410  28.909  24.856  28.725 0.0000000000
28409  29.344  24.859  28.906 0.0000000000
28391  29.461  24.709  29.262 0.0000000000
29941  26.356  24.619  29.726 0.0000000000
28396  26.578  24.405  29.685 0.0000000000
28395  26.788  24.510  29.489 0.0000000000
29942  25.903  24.880  29.840 0.0000000000
29958  25.907  25.033  29.777 0.0000000000
31585  26.090  24.998  29.643 0.0000000000
28394  27.354  24.663  29.242 0.0000000000
28376  26.010  24.415  30.028 0.0000000000
28375  26.204  24.142  29.890 0.0000000000
29943  25.709  24.781  29.974 0.0000000000
28533  29.456  24.717  25.356 0.0000000000
28552  29.940  25.134  24.937 0.0000000000
26942  28.702  24.815  26.081 0.0000000000
26943  28.601  24.351  25.955 0.0000000000
28510  28.848  24.577  25.781 0.0000000000
28534  29.203  24.717  25.501 0.0000000000
28512  22.872  24.843  25.770 0.0000000000
28491  22.594  25.083  25.551 0.0000000000
26927  28.628  24.919  26.173 0.0000000000
26928  28.400  24.710  26.238 0.0000000000
28487  27.940  24.903  26.353 0.0000000000
28424  28.814  25.041  28.610 0.0000000000
26866  27.699  24.458  29.119 0.0000000000
26865  27.995  24.150  28.918 0.0000000000
26864  28.774  24.247  28.944 0.0000000000
26863  29.273  24.497  28.904 0.0000000000
26862  29.497  24.596  28.965 0.0000000000
26848  26.341  24.058  29.759 0.0000000000
26847  27.010  23.952  29.649 0.0000000000
26846  27.458  24.217  29.285 0.0000000000
26842  29.607  24.346  28.813 0.0000000000
26843  29.359  24.251  29.149 0.0000000000
28392  29.285  24.465  29.588 0.0000000000
28371  29.321  24.866  29.691 0.0000000000
26829  26.187  24.026  30.077 0.0000000000
26828  26.224  24.028  30.000 0.0000000000
28377  25.756  24.658  29.944 0.0000000000
25410  28.274  23.960  25.645 0.0000000000
26944  27.870  24.034  25.995 0.0000000000
25424  28.664  24.017  25.319 0.0000000000
26961  28.822  24.429  25.589 0.0000000000
26929  27.949  24.336  26.181 0.0000000000
25399  27.790  24.111  26.123 0.0000000000
26930  27.344  24.347  26.436 0.0000000000
25411  27.931  23.991  25.868 0.0000000000
28488  27.665  24.594  26.387 0.0000000000
26845  28.127  23.989  29.084 0.0000000000
25340  27.941  23.834  29.230 0.0000000000
25354  28.390  23.911  29.027 0.0000000000
25353  28.724  23.849  29.056 0.0000000000
26844  29.120  23.898  29.410 0.0000000000
26827  26.496  24.018  29.861 0.0000000000
25328  26.720  23.737  29.947 0.0000000000
25342  27.016  23.788  29.757 0.0000000000
25341  27.346  23.840  29.563 0.0000000000
25330  26.005  23.662  30.173 0.0000000000
25329  26.299  23.777  30.145 0.0000000000
26830  25.451  24.083  30.275 0.0000000000
23907  28.450  23.429  25.241 0.0000000000
25423  29.057  24.100  24.917 0.0000000000
23906  28.767  23.658  25.050 0.0000000000
26960  29.059  24.261  25.137 0.0000000000
23925  28.943  23.362  24.705 0.0000000000
25438  29.266  23.946  24.645 0.0000000000
23891  27.916  23.543  25.788 0.0000000000
23890  28.134  23.721  25.679 0.0000000000
23880  27.539  23.542  26.178 0.0000000000
25400  27.184  23.900  26.332 0.0000000000
25339  28.510  23.574  29.259 0.0000000000
25327  27.176  23.545  29.821 0.0000000000
25326  27.561  23.583  29.614 0.0000000000
23828  27.865  23.447  29.540 0.0000000000
23827  28.126  23.480  29.378 0.0000000000
23813  28.196  23.192  29.742 0.0000000000
25325  28.952  23.426  29.665 0.0000000000
25313  25.653  23.578  30.598 0.0000000000
23818  26.078  23.205  30.459 0.0000000000
23817  26.216  23.359  30.336 0.0000000000
25331  25.433  23.822  30.452 0.0000000000
23816  26.659  23.397  30.194 0.0000000000
23815  26.989  23.274  30.052 0.0000000000
23814  27.502  23.242  29.900 0.0000000000
25297  25.554  23.572  30.962 0.0000000000
23802  26.020  23.127  30.894 0.0000000000
25314  25.314  23.822  30.778 0.0000000000
25298  25.118  23.757  31.115 0.0000000000
23787  25.603  23.227  31.318 0.0000000000
22443  28.467  22.796  24.995 0.0000000000
23908  28.034  23.117  25.347 0.0000000000
22460  28.403  22.789  24.863 0.0000000000
23926  28.663  23.160  24.862 0.0000000000
23892  27.476  23.155  25.728 0.0000000000
23881  27.080  23.457  26.270 0.0000000000
23801  26.130  23.162  30.742 0.0000000000
23800  26.510  23.114  30.554 0.0000000000
22338  26.823  23.049  30.316 0.0000000000
22337  27.160  22.937  30.271 0.0000000000
22336  27.701  22.903  30.209 0.0000000000
22335  28.259  22.823  30.144 0.0000000000
23812  28.708  22.987  29.837 0.0000000000
22334  28.671  22.782  30.132 0.0000000000
23798  29.060  22.970  29.999 0.0000000000
25324  29.023  23.134  29.770 0.0000000000
23786  26.038  23.064  31.100 0.0000000000
22325  26.320  22.951  30.864 0.0000000000
22324  26.751  22.821  30.718 0.0000000000
23770  25.612  23.007  31.866 0.0000000000
22290  25.897  22.821  31.513 0.0000000000
22309  25.886  23.022  31.130 0.0000000000
23771  25.278  23.192  31.794 0.0000000000
23788  25.017  23.402  31.348 0.0000000000
22308  26.306  22.799  31.179 0.0000000000
23757  25.356  22.974  32.245 0.0000000000
23758  25.034  23.197  32.124 0.0000000000
23772  24.890  23.307  31.702 0.0000000000
23756  25.543  22.850  32.045 0.0000000000
22275  25.837  22.793  32.071 0.0000000000
23739  24.976  23.212  32.613 0.0000000000
25248  24.666  23.350  32.398 0.0000000000
25263  24.788  23.019  31.881 0.0000000000
23759  24.955  23.136  31.764 0.0000000000
23738  25.233  22.965  32.749 0.0000000000
22256  25.546  22.752  32.534 0.0000000000
22276  25.561  22.852  32.202 0.0000000000
23720  24.979  23.200  32.999 0.0000000000
23721  24.550  23.666  33.134 0.0000000000
23740  24.418  23.383  33.049 0.0000000000
23719  25.113  23.015  32.971 0.0000000000
22236  25.391  22.828  32.897 0.0000000000
23706  24.599  23.247  33.132 0.0000000000
25232  24.240  23.456  33.072 0.0000000000
25249  24.267  23.581  32.702 0.0000000000
23705  24.945  23.180  33.509 0.0000000000
23718  25.636  22.864  33.421 0.0000000000
22235  25.789  22.759  33.044 0.0000000000
23704  25.403  23.046  33.727 0.0000000000
23703  25.857  22.819  33.785 0.0000000000
22217  25.898  22.770  33.445 0.0000000000
25215  24.338  23.334  33.574 0.0000000000
23685  25.036  23.086  34.024 0.0000000000
25214  24.702  23.237  33.880 0.0000000000
23684  25.295  23.054  34.103 0.0000000000
23683  25.729  22.844  34.038 0.0000000000
23702  26.190  22.751  34.084 0.0000000000
22216  26.179  22.711  33.663 0.0000000000
23682  26.070  22.739  34.016 0.0000000000
22198  24.817  22.817  34.549 0.0000000000
22197  25.148  22.773  34.470 0.0000000000
23686  24.494  23.012  34.258 0.0000000000
25195  24.832  23.112  34.018 0.0000000000
22196  25.606  22.743  34.453 0.0000000000
22195  26.188  22.627  34.285 0.0000000000
22459  28.837  22.759  24.811 0.0000000000
22442  28.766  22.664  24.888 0.0000000000
20961  28.793  22.309  24.960 0.0000000000
20962  28.351  22.299  25.261 0.0000000000
22444  28.049  22.635  25.262 0.0000000000
22323  27.323  22.712  30.684 0.0000000000
22322  27.899  22.690  30.597 0.0000000000
22321  28.417  22.647  30.508 0.0000000000
22307  26.941  22.476  31.287 0.0000000000
22306  27.606  22.531  31.087 0.0000000000
22305  28.149  22.477  30.956 0.0000000000
22289  26.360  22.703  31.690 0.0000000000
22288  26.895  22.346  32.035 0.0000000000
20833  27.247  22.266  31.827 0.0000000000
20849  27.462  22.292  31.462 0.0000000000
20848  27.911  22.302  31.390 0.0000000000
22274  26.383  22.686  32.213 0.0000000000
22273  26.761  22.427  32.425 0.0000000000
20817  27.125  22.261  32.296 0.0000000000
22255  26.027  22.723  32.591 0.0000000000
22254  26.531  22.634  32.687 0.0000000000
22253  26.772  22.405  32.737 0.0000000000
20802  27.034  22.265  32.757 0.0000000000
22234  26.328  22.675  33.079 0.0000000000
22233  26.804  22.387  33.049 0.0000000000
22215  26.684  22.556  33.453 0.0000000000
22232  27.043  22.270  33.127 0.0000000000
20788  27.055  22.258  33.016 0.0000000000
22214  27.016  22.319  33.327 0.0000000000
20787  27.287  22.225  33.108 0.0000000000
22194  26.680  22.534  33.953 0.0000000000
22193  26.989  22.372  33.672 0.0000000000
22180  24.691  23.100  34.867 0.0000000000
22179  25.098  23.040  34.797 0.0000000000
22199  24.470  22.937  34.683 0.0000000000
22178  25.528  22.920  34.787 0.0000000000
23664  24.981  23.388  34.803 0.0000000000
23665  24.281  23.452  34.980 0.0000000000
22181  24.243  22.936  34.846 0.0000000000
23663  25.472  23.153  34.964 0.0000000000
19663  28.602  21.949  25.268 0.0000000000
19664  27.980  22.137  25.446 0.0000000000
20963  27.934  22.114  25.445 0.0000000000
20832  27.722  22.244  31.817 0.0000000000
20816  27.556  22.232  32.239 0.0000000000
20801  27.427  22.226  32.668 0.0000000000
18405  28.029  21.763  25.768 0.0000000000
19651  27.901  21.791  25.805 0.0000000000
18404  28.311  21.663  25.673 0.0000000000
20953  27.828  21.962  25.674 0.0000000000
18391  28.022  21.594  25.990 0.0000000000
19636  28.224  21.755  26.207 0.0000000000
19652  27.694  21.857  25.873 0.0000000000
18376  28.385  21.040  26.155 0.0000000000
19635  28.669  21.379  26.407 0.0000000000
19615  28.356  21.344  26.796 0.0000000000
19616  27.948  21.499  26.749 0.0000000000
19637  27.626  21.747  26.327 0.0000000000
18375  28.871  21.059  26.174 0.0000000000
19634  28.830  21.106  26.366 0.0000000000
19614  28.758  21.092  26.659 0.0000000000
18374  28.882  20.969  26.296 0.0000000000
18354  28.219  21.208  27.035 0.0000000000
18355  27.854  21.301  27.009 0.0000000000
19617  27.516  21.576  26.729 0.0000000000
18353  28.562  21.032  26.967 0.0000000000
18352  28.899  20.933  26.746 0.0000000000
18390  28.547  21.349  25.837 0.0000000000
18331  28.112  21.088  27.454 0.0000000000
18332  27.684  21.232  27.435 0.0000000000
18356  27.287  21.336  27.079 0.0000000000
18330  28.397  20.892  27.286 0.0000000000
16911  28.763  20.494  26.859 0.0000000000
18308  27.867  21.058  27.835 0.0000000000
18309  27.470  21.234  27.851 0.0000000000
18333  27.243  21.260  27.528 0.0000000000
16892  28.297  20.806  27.647 0.0000000000
16877  28.041  21.030  28.163 0.0000000000
16891  28.446  20.556  27.549 0.0000000000
18288  27.656  21.143  28.178 0.0000000000
18289  27.292  21.235  28.155 0.0000000000
18310  27.062  21.222  27.905 0.0000000000
16864  28.094  20.857  28.062 0.0000000000
18272  27.478  21.218  28.376 0.0000000000
18273  27.230  21.223  28.450 0.0000000000
18290  26.914  21.233  28.137 0.0000000000
16848  27.678  20.983  28.595 0.0000000000
16849  27.151  21.007  28.754 0.0000000000
18274  26.786  21.201  28.538 0.0000000000
16876  28.329  20.612  27.913 0.0000000000
15494  28.358  19.983  27.119 0.0000000000
15482  28.307  20.268  27.924 0.0000000000
16863  28.248  20.600  28.189 0.0000000000
16847  28.108  20.665  28.494 0.0000000000
15467  28.198  20.198  28.439 0.0000000000
15455  27.432  20.654  28.907 0.0000000000
15456  27.039  20.789  28.897 0.0000000000
16850  26.693  20.948  28.817 0.0000000000
15454  27.965  20.398  28.873 0.0000000000
15468  28.165  19.983  28.121 0.0000000000
15483  28.149  19.955  27.717 0.0000000000
14169  27.937  19.814  28.447 0.0000000000
14179  27.949  19.786  28.008 0.0000000000
14168  28.114  19.989  28.555 0.0000000000
14158  28.163  20.003  28.731 0.0000000000
15446  27.168  20.625  29.148 0.0000000000
15447  26.926  20.773  28.957 0.0000000000
15457  26.842  20.867  28.893 0.0000000000
15445  27.639  20.276  29.330 0.0000000000
14149  28.167  20.055  29.039 0.0000000000
15444  28.001  20.181  29.165 0.0000000000
16830  26.978  20.808  28.937 0.0000000000
16831  26.634  20.779  29.046 0.0000000000
15432  27.148  20.377  29.692 0.0000000000
16809  26.977  20.697  29.307 0.0000000000
14150  28.007  19.958  29.245 0.0000000000
14138  27.679  19.863  29.689 0.0000000000
15431  27.507  20.126  29.711 0.0000000000
14139  27.373  19.977  29.879 0.0000000000
14140  27.024  20.049  29.963 0.0000000000
15433  26.531  20.212  29.988 0.0000000000
16810  26.546  20.635  29.613 0.0000000000
13053  27.789  19.539  28.749 0.0000000000
14159  28.036  19.791  28.909 0.0000000000
13054  27.481  19.284  28.363 0.0000000000
14170  27.623  19.583  28.083 0.0000000000
13042  27.866  19.652  28.984 0.0000000000
13032  27.723  19.581  29.520 0.0000000000
14129  27.229  19.737  30.044 0.0000000000
14130  27.115  19.852  30.106 0.0000000000
14141  26.894  20.103  29.879 0.0000000000
13023  27.461  19.463  29.813 0.0000000000
13022  27.622  19.638  29.711 0.0000000000
13014  27.165  19.415  30.358 0.0000000000
14120  27.185  19.516  30.525 0.0000000000
14131  26.751  19.983  30.166 0.0000000000
13013  27.239  19.305  30.106 0.0000000000
13004  26.981  19.082  30.621 0.0000000000
13005  26.911  19.342  30.884 0.0000000000
14121  26.474  19.781  30.770 0.0000000000
13043  27.500  19.240  28.865 0.0000000000
11970  27.222  18.956  28.580 0.0000000000
11961  27.203  18.918  29.065 0.0000000000
13033  27.452  19.249  29.313 0.0000000000
11954  27.195  18.939  29.665 0.0000000000
11945  27.187  19.004  30.074 0.0000000000
11946  27.041  18.913  30.275 0.0000000000
11937  26.733  18.790  30.727 0.0000000000
12993  26.946  19.053  30.774 0.0000000000
14108  26.568  19.687  31.205 0.0000000000
11936  27.007  18.990  30.663 0.0000000000
11922  26.621  18.736  31.291 0.0000000000
12992  26.920  18.926  31.258 0.0000000000
11921  26.747  18.955  31.663 0.0000000000
12984  26.928  19.061  31.805 0.0000000000
14107  26.968  19.181  31.375 0.0000000000
11905  26.770  18.978  31.970 0.0000000000
12972  26.804  19.224  31.930 0.0000000000
14098  26.735  19.553  31.691 0.0000000000
11887  26.792  18.961  32.006 0.0000000000
11888  26.554  18.844  32.361 0.0000000000
12973  26.353  19.525  32.442 0.0000000000
14087  26.185  20.071  32.098 0.0000000000
14086  26.443  19.925  32.061 0.0000000000
11962  26.853  18.672  29.293 0.0000000000
11971  26.794  18.689  28.684 0.0000000000
11955  26.779  18.683  29.841 0.0000000000
11947  26.541  18.579  30.230 0.0000000000
10884  26.226  18.314  30.489 0.0000000000
10869  26.251  18.353  30.963 0.0000000000
10855  26.214  18.368  31.469 0.0000000000
11906  26.536  18.688  31.803 0.0000000000
10844  26.189  18.373  32.041 0.0000000000
10845  25.984  18.371  32.443 0.0000000000
11889  26.214  18.621  32.656 0.0000000000
11875  26.318  18.828  32.842 0.0000000000
12963  26.284  19.413  32.896 0.0000000000
11876  26.023  18.477  32.940 0.0000000000
11864  26.257  18.948  33.208 0.0000000000
11865  25.966  18.626  33.346 0.0000000000
12954  26.043  19.159  33.610 0.0000000000
12953  26.175  19.429  33.226 0.0000000000
10885  25.807  18.034  30.648 0.0000000000
10894  25.871  18.029  30.272 0.0000000000
10893  26.058  18.163  30.010 0.0000000000
10870  25.828  18.149  31.105 0.0000000000
10856  25.826  18.224  31.711 0.0000000000
11866  25.555  18.502  33.400 0.0000000000
11854  25.834  18.785  33.752 0.0000000000
11877  25.559  18.369  32.887 0.0000000000
10836  26.142  18.320  32.993 0.0000000000
10837  25.991  18.314  32.881 0.0000000000
11956  26.406  18.426  29.921 0.0000000000
11963  26.475  18.492  29.528 0.0000000000
10912  26.593  18.433  29.252 0.0000000000
10922  26.642  18.415  28.994 0.0000000000
14066  25.910  19.675  33.274 0.0000000000
14065  26.096  19.602  33.176 0.0000000000
14075  26.106  19.632  33.052 0.0000000000
12942  25.924  19.029  33.921 0.0000000000
12955  25.881  19.052  34.002 0.0000000000
14067  25.498  19.585  33.757 0.0000000000
12943  25.585  19.137  34.090 0.0000000000
12974  26.024  19.772  32.810 0.0000000000
12964  25.949  19.797  32.883 0.0000000000
14076  25.933  19.790  32.934 0.0000000000
14088  25.837  19.830  32.445 0.0000000000
15329  25.481  20.028  33.268 0.0000000000
15328  25.751  19.976  33.095 0.0000000000
14057  25.392  19.472  34.016 0.0000000000
14058  25.047  19.646  34.199 0.0000000000
14068  25.088  19.871  33.955 0.0000000000
15330  25.126  19.968  33.569 0.0000000000
15317  24.874  19.909  33.867 0.0000000000
15339  25.764  19.944  32.980 0.0000000000
14077  25.658  19.988  32.789 0.0000000000
14089  25.349  19.992  32.419 0.0000000000
15340  25.569  20.158  32.973 0.0000000000
14078  25.346  20.097  32.710 0.0000000000
14090  25.109  20.088  32.471 0.0000000000
15341  25.062  20.168  32.755 0.0000000000
14099  26.409  19.826  31.626 0.0000000000
15353  25.858  20.204  31.955 0.0000000000
15352  26.097  20.153  31.798 0.0000000000
15366  26.195  20.069  31.582 0.0000000000
15354  25.402  20.203  32.041 0.0000000000
15355  25.093  20.193  32.097 0.0000000000
15380  26.143  20.045  31.296 0.0000000000
14122  26.102  19.870  31.172 0.0000000000
14109  25.871  19.891  31.153 0.0000000000
15381  26.005  20.020  31.201 0.0000000000
15397  25.970  20.057  30.866 0.0000000000
15396  25.955  19.958  30.994 0.0000000000
15415  26.175  20.088  30.585 0.0000000000
15434  26.081  20.389  29.835 0.0000000000
15318  24.447  20.135  33.930 0.0000000000
14059  24.501  20.111  34.057 0.0000000000
15308  24.300  20.056  34.490 0.0000000000
15309  24.083  20.193  34.447 0.0000000000
15319  23.863  20.387  34.050 0.0000000000
15331  24.387  20.271  33.324 0.0000000000
15332  24.037  20.344  33.407 0.0000000000
15310  23.436  20.584  34.206 0.0000000000
15320  23.389  20.654  34.224 0.0000000000
16701  23.192  20.825  33.875 0.0000000000
16700  23.417  20.742  33.750 0.0000000000
16714  23.720  20.599  33.403 0.0000000000
16689  23.053  20.822  34.048 0.0000000000
15342  24.508  20.278  32.854 0.0000000000
15343  23.929  20.381  33.045 0.0000000000
16727  23.832  20.542  32.977 0.0000000000
15356  24.603  20.252  32.245 0.0000000000
15357  24.060  20.333  32.456 0.0000000000
15358  23.804  20.455  32.665 0.0000000000
15344  23.701  20.568  32.847 0.0000000000
16728  23.631  20.654  33.002 0.0000000000
16741  23.453  20.652  32.568 0.0000000000
15367  25.877  20.219  31.586 0.0000000000
15368  25.462  20.242  31.694 0.0000000000
15369  25.036  20.242  31.855 0.0000000000
15370  24.651  20.264  31.940 0.0000000000
15371  24.087  20.343  32.030 0.0000000000
16740  23.785  20.442  32.455 0.0000000000
16752  23.739  20.540  32.209 0.0000000000
15382  25.527  20.231  31.285 0.0000000000
15383  25.102  20.253  31.428 0.0000000000
15384  24.660  20.286  31.574 0.0000000000
15385  24.103  20.404  31.677 0.0000000000
16764  23.724  20.635  31.798 0.0000000000
15398  25.586  20.213  30.877 0.0000000000
15399  25.105  20.270  30.947 0.0000000000
15400  24.741  20.314  31.142 0.0000000000
15401  24.292  20.434  31.263 0.0000000000
16778  23.878  20.718  31.145 0.0000000000
15416  25.729  20.254  30.506 0.0000000000
15417  25.191  20.333  30.468 0.0000000000
15418  24.865  20.409  30.605 0.0000000000
16776  24.712  20.410  30.813 0.0000000000
16777  24.346  20.586  30.887 0.0000000000
15435  25.394  20.428  30.122 0.0000000000
15436  25.005  20.652  30.132 0.0000000000
16792  24.905  20.572  30.326 0.0000000000
16793  24.606  20.685  30.504 0.0000000000
16811  26.018  20.561  29.730 0.0000000000
16812  25.554  20.581  29.810 0.0000000000
16813  24.990  20.769  29.977 0.0000000000
16680  23.125  20.757  34.545 0.0000000000
16690  22.936  20.900  34.330 0.0000000000
16702  23.034  20.961  34.025 0.0000000000
16681  23.031  21.042  34.984 0.0000000000
18172  22.870  20.960  34.540 0.0000000000
18186  22.920  20.943  34.053 0.0000000000
16715  23.281  20.900  33.465 0.0000000000
18185  22.986  20.923  33.921 0.0000000000
18196  23.057  20.983  33.802 0.0000000000
16729  23.178  20.809  32.983 0.0000000000
16716  22.996  21.067  33.005 0.0000000000
18197  23.077  21.085  33.627 0.0000000000
18205  22.795  21.072  33.063 0.0000000000
16742  22.993  20.877  32.668 0.0000000000
16753  23.369  20.822  32.042 0.0000000000
18211  23.071  20.950  32.335 0.0000000000
18212  22.678  21.226  32.433 0.0000000000
18219  22.999  20.988  32.240 0.0000000000
16765  23.367  20.901  31.517 0.0000000000
18226  23.066  21.199  31.601 0.0000000000
16779  23.544  21.015  30.952 0.0000000000
16766  23.232  21.175  31.264 0.0000000000
16780  23.261  21.346  30.849 0.0000000000
18227  23.009  21.378  31.162 0.0000000000
16794  24.125  20.794  30.564 0.0000000000
16795  23.838  20.972  30.526 0.0000000000
16796  23.812  21.004  30.745 0.0000000000
18236  23.109  21.425  31.005 0.0000000000
18235  23.820  20.994  30.921 0.0000000000
16814  24.412  20.854  30.116 0.0000000000
16815  24.065  21.021  30.167 0.0000000000
16816  24.061  21.032  30.077 0.0000000000
18242  23.627  21.254  30.462 0.0000000000
18241  23.886  21.133  30.229 0.0000000000
16832  26.045  20.790  29.264 0.0000000000
16833  25.641  20.840  29.390 0.0000000000
16834  25.327  20.812  29.664 0.0000000000
18248  24.816  20.916  29.827 0.0000000000
18247  24.969  20.956  29.776 0.0000000000
18260  25.155  21.098  29.517 0.0000000000
18249  24.295  21.151  29.784 0.0000000000
18250  23.905  21.294  29.915 0.0000000000
16851  26.157  20.886  28.940 0.0000000000
16852  25.878  20.904  29.109 0.0000000000
18259  25.500  21.047  29.239 0.0000000000
18276  25.804  21.059  28.957 0.0000000000
18275  26.278  21.125  28.673 0.0000000000
18158  22.871  20.931  34.819 0.0000000000
18173  22.698  21.171  34.464 0.0000000000
18159  22.605  21.252  34.827 0.0000000000
19501  22.289  21.571  34.481 0.0000000000
18187  22.691  21.183  34.158 0.0000000000
19510  22.108  21.797  33.968 0.0000000000
18198  22.391  21.404  33.542 0.0000000000
19518  21.960  21.876  33.533 0.0000000000
18206  22.192  21.617  32.986 0.0000000000
19525  21.909  21.915  33.108 0.0000000000
18213  22.192  21.681  32.726 0.0000000000
18207  22.050  21.814  32.984 0.0000000000
18214  22.003  21.868  32.887 0.0000000000
19526  21.942  21.902  33.017 0.0000000000
18220  23.085  21.158  31.843 0.0000000000
19531  22.392  21.667  32.205 0.0000000000
19530  22.839  21.306  32.014 0.0000000000
19532  22.048  21.876  32.663 0.0000000000
19536  23.044  21.288  31.969 0.0000000000
18221  23.055  21.278  31.560 0.0000000000
18228  22.706  21.678  30.935 0.0000000000
19537  22.469  21.744  31.697 0.0000000000
19540  22.580  21.872  31.155 0.0000000000
19539  22.865  21.645  30.948 0.0000000000
19547  22.788  21.884  30.777 0.0000000000
18243  23.054  21.713  30.624 0.0000000000
18251  23.586  21.568  30.015 0.0000000000
19553  23.072  22.033  30.270 0.0000000000
19554  22.927  21.984  30.453 0.0000000000
18261  24.595  21.363  29.355 0.0000000000
18262  24.128  21.473  29.420 0.0000000000
18263  23.855  21.625  29.535 0.0000000000
19559  23.678  21.633  29.774 0.0000000000
19560  23.396  21.843  29.922 0.0000000000
18277  25.361  21.210  29.086 0.0000000000
18278  24.932  21.309  29.046 0.0000000000
19563  24.344  21.703  29.190 0.0000000000
19571  24.552  21.779  28.936 0.0000000000
19564  24.030  22.009  29.176 0.0000000000
19565  23.644  21.910  29.516 0.0000000000
18291  26.409  21.237  28.233 0.0000000000
18292  25.836  21.326  28.396 0.0000000000
19569  25.548  21.261  28.899 0.0000000000
19576  25.748  21.238  28.780 0.0000000000
19570  25.122  21.437  28.806 0.0000000000
18311  26.565  21.253  27.818 0.0000000000
18312  25.926  21.263  28.017 0.0000000000
18313  25.485  21.508  27.803 0.0000000000
18293  25.285  21.621  28.184 0.0000000000
19577  25.478  21.553  28.648 0.0000000000
18314  25.100  21.787  27.901 0.0000000000
18294  24.972  21.836  28.034 0.0000000000
19578  24.955  21.768  28.373 0.0000000000
19590  24.826  22.036  27.964 0.0000000000
18334  26.780  21.300  27.387 0.0000000000
18335  26.265  21.359  27.393 0.0000000000
18336  26.058  21.365  27.364 0.0000000000
19589  25.215  21.913  27.692 0.0000000000
19604  25.550  21.835  27.377 0.0000000000
18357  26.933  21.457  26.851 0.0000000000
19602  26.393  21.550  27.033 0.0000000000
19603  25.940  21.794  27.030 0.0000000000
19618  26.831  21.577  26.813 0.0000000000
19619  26.541  21.754  26.649 0.0000000000
19491  22.254  21.650  34.988 0.0000000000
19492  22.007  21.949  34.784 0.0000000000
19502  21.964  21.963  34.307 0.0000000000
20758  21.828  22.254  34.571 0.0000000000
20767  21.813  22.276  34.112 0.0000000000
19511  21.911  21.986  33.883 0.0000000000
20776  21.792  22.278  33.641 0.0000000000
19519  21.902  21.948  33.410 0.0000000000
20789  21.800  22.213  33.103 0.0000000000
20803  21.833  22.081  32.832 0.0000000000
20819  22.150  22.091  32.208 0.0000000000
20818  22.357  21.888  31.757 0.0000000000
20834  22.256  22.090  31.736 0.0000000000
20850  22.338  22.298  31.249 0.0000000000
19548  22.572  22.079  30.962 0.0000000000
20860  22.530  22.355  30.794 0.0000000000
20859  22.778  22.124  30.571 0.0000000000
20865  22.866  22.331  30.262 0.0000000000
20864  23.192  22.058  30.101 0.0000000000
20868  23.322  21.819  29.995 0.0000000000
19566  23.461  21.775  29.767 0.0000000000
19572  24.239  22.024  29.042 0.0000000000
20873  23.966  22.199  29.095 0.0000000000
20872  24.124  22.124  29.088 0.0000000000
20874  23.515  22.125  29.399 0.0000000000
20885  24.217  22.215  28.867 0.0000000000
20884  24.287  21.953  29.095 0.0000000000
20898  24.610  22.086  28.581 0.0000000000
20912  24.803  22.169  27.992 0.0000000000
20911  25.037  22.119  27.780 0.0000000000
20924  25.288  22.304  27.493 0.0000000000
19620  26.124  21.880  26.828 0.0000000000
20923  25.678  22.243  27.142 0.0000000000
20934  25.907  22.218  26.873 0.0000000000
19638  27.208  21.818  26.250 0.0000000000
19639  26.887  21.839  26.322 0.0000000000
20933  26.207  22.213  26.638 0.0000000000
20945  26.606  22.189  26.253 0.0000000000
19653  27.303  21.978  25.922 0.0000000000
20944  26.937  22.057  26.038 0.0000000000
20955  27.036  22.287  25.875 0.0000000000
20954  27.462  22.196  25.707 0.0000000000
20749  21.846  22.242  35.176 0.0000000000
22182  21.762  22.628  34.784 0.0000000000
22200  21.757  22.633  34.319 0.0000000000
22218  21.830  22.768  34.015 0.0000000000
22237  21.773  22.635  33.356 0.0000000000
20804  21.433  22.019  32.926 0.0000000000
20790  21.433  22.207  32.845 0.0000000000
22238  21.784  22.518  33.062 0.0000000000
22258  21.861  22.585  32.980 0.0000000000
22257  21.807  22.570  32.825 0.0000000000
22277  21.863  22.546  32.401 0.0000000000
20835  21.920  22.154  32.041 0.0000000000
22292  22.027  22.442  32.013 0.0000000000
22291  22.138  22.609  31.735 0.0000000000
22310  22.287  22.872  31.263 0.0000000000
22326  22.370  22.878  30.885 0.0000000000
20866  22.558  22.622  30.554 0.0000000000
20869  22.953  22.438  29.964 0.0000000000
22340  22.587  22.954  30.367 0.0000000000
22339  22.830  22.868  29.991 0.0000000000
22348  22.962  22.898  29.745 0.0000000000
20875  23.143  22.722  29.633 0.0000000000
20886  23.894  22.582  28.871 0.0000000000
22357  23.932  22.704  28.865 0.0000000000
22358  23.428  22.854  29.322 0.0000000000
22359  23.184  22.795  29.421 0.0000000000
20899  24.290  22.479  28.490 0.0000000000
22372  24.015  22.731  28.597 0.0000000000
22373  23.863  22.923  28.656 0.0000000000
22384  24.547  22.551  28.196 0.0000000000
22385  24.196  22.908  28.230 0.0000000000
22394  24.961  22.577  27.755 0.0000000000
22395  24.697  22.726  27.895 0.0000000000
22405  25.553  22.698  27.223 0.0000000000
22414  25.790  22.574  26.987 0.0000000000
22406  25.245  22.791  27.505 0.0000000000
22413  26.003  22.684  26.782 0.0000000000
22422  26.347  22.627  26.427 0.0000000000
20956  26.866  22.398  25.971 0.0000000000
22430  26.718  22.624  26.157 0.0000000000
20964  27.714  22.149  25.595 0.0000000000
22428  27.205  22.672  25.799 0.0000000000
22445  27.594  22.522  25.428 0.0000000000
22429  26.971  22.706  26.074 0.0000000000
23666  24.162  23.313  34.662 0.0000000000
22166  21.763  22.727  35.271 0.0000000000
23668  21.744  23.048  34.837 0.0000000000
23688  21.747  22.947  34.478 0.0000000000
23707  21.768  23.011  34.051 0.0000000000
23723  21.814  23.025  33.412 0.0000000000
23724  21.828  22.866  33.056 0.0000000000
23743  21.846  22.812  32.932 0.0000000000
23742  21.877  23.014  32.745 0.0000000000
23761  21.964  22.991  32.239 0.0000000000
23775  22.001  22.788  32.001 0.0000000000
23774  22.077  23.067  31.894 0.0000000000
23790  22.289  23.370  31.284 0.0000000000
22311  22.322  23.053  31.099 0.0000000000
22327  22.282  22.977  31.108 0.0000000000
23791  22.305  23.115  31.069 0.0000000000
23804  22.413  23.263  30.806 0.0000000000
23805  22.332  23.174  31.017 0.0000000000
23819  22.761  23.298  30.042 0.0000000000
23830  22.921  23.244  29.793 0.0000000000
23820  22.650  23.214  30.402 0.0000000000
23838  22.926  23.210  29.808 0.0000000000
23836  23.757  23.086  28.996 0.0000000000
23846  23.731  23.249  28.783 0.0000000000
23837  23.343  23.211  29.307 0.0000000000
22386  24.096  22.929  28.262 0.0000000000
23855  23.930  23.172  28.418 0.0000000000
22396  24.402  22.920  27.971 0.0000000000
23854  24.108  23.325  28.211 0.0000000000
23863  24.284  23.211  28.021 0.0000000000
23861  24.821  22.966  27.760 0.0000000000
23869  25.053  23.131  27.626 0.0000000000
23862  24.579  23.226  27.786 0.0000000000
23868  25.471  23.188  27.258 0.0000000000
23875  25.793  22.954  26.986 0.0000000000
23874  25.969  23.166  26.831 0.0000000000
23883  26.204  23.025  26.645 0.0000000000
22421  26.638  22.926  26.288 0.0000000000
22420  26.944  22.865  26.203 0.0000000000
23909  27.834  22.945  25.327 0.0000000000
25177  24.304  23.778  34.875 0.0000000000
25178  24.023  23.738  34.989 0.0000000000
23687  24.126  23.340  34.242 0.0000000000
23667  23.902  23.368  34.477 0.0000000000
25179  23.770  23.701  34.666 0.0000000000
25197  23.898  23.634  34.044 0.0000000000
23647  21.759  23.174  35.251 0.0000000000
25182  21.808  23.501  34.773 0.0000000000
25200  21.796  23.326  34.289 0.0000000000
25196  24.289  23.256  34.013 0.0000000000
25218  21.843  23.255  33.722 0.0000000000
25235  21.865  23.176  33.445 0.0000000000
23722  21.885  23.150  33.320 0.0000000000
23741  21.943  23.144  33.096 0.0000000000
25234  22.032  23.333  33.312 0.0000000000
25251  22.116  23.289  32.688 0.0000000000
25252  21.996  23.079  32.495 0.0000000000
23773  24.497  23.453  31.814 0.0000000000
25264  24.329  23.499  32.139 0.0000000000
25267  21.962  23.029  32.330 0.0000000000
23760  21.995  23.048  32.044 0.0000000000
25266  22.074  23.195  32.102 0.0000000000
23789  24.773  23.590  31.405 0.0000000000
25280  24.495  23.727  31.544 0.0000000000
25281  24.139  23.811  31.835 0.0000000000
25284  22.429  23.775  31.881 0.0000000000
25299  24.623  23.911  31.269 0.0000000000
25302  22.671  23.952  31.399 0.0000000000
25316  22.469  23.824  30.922 0.0000000000
23803  22.704  23.417  30.380 0.0000000000
25315  22.710  23.730  30.501 0.0000000000
25332  22.832  23.767  29.956 0.0000000000
25344  22.898  23.644  29.864 0.0000000000
23829  23.115  23.405  29.666 0.0000000000
25343  22.964  23.979  29.932 0.0000000000
23847  23.709  23.130  28.957 0.0000000000
25355  23.244  23.684  29.461 0.0000000000
25365  23.383  23.571  28.966 0.0000000000
25364  23.555  23.913  28.882 0.0000000000
25373  23.878  23.609  28.417 0.0000000000
25372  24.130  23.728  28.187 0.0000000000
25381  24.110  23.519  28.123 0.0000000000
23870  24.828  23.205  27.693 0.0000000000
25380  24.604  23.688  27.744 0.0000000000
25389  24.840  23.530  27.576 0.0000000000
25388  25.208  23.598  27.351 0.0000000000
25387  25.736  23.735  27.190 0.0000000000
25395  25.819  23.337  26.980 0.0000000000
25394  26.142  23.658  26.949 0.0000000000
25402  26.205  23.393  26.721 0.0000000000
23882  26.563  23.322  26.389 0.0000000000
25401  26.686  23.792  26.692 0.0000000000
25176  24.887  23.847  34.863 0.0000000000
25160  24.766  24.143  35.459 0.0000000000
25161  24.043  23.896  34.833 0.0000000000
25162  23.851  23.918  35.012 0.0000000000
26669  23.640  24.058  34.899 0.0000000000
25180  23.502  23.809  34.277 0.0000000000
26670  23.297  24.039  34.623 0.0000000000
25198  23.534  23.802  33.968 0.0000000000
26689  23.261  23.964  34.016 0.0000000000
25164  21.884  23.706  35.235 0.0000000000
25181  22.126  23.848  34.774 0.0000000000
25199  22.080  23.748  34.303 0.0000000000
25216  23.972  23.646  33.414 0.0000000000
26688  23.562  23.696  33.937 0.0000000000
26706  23.598  23.783  33.686 0.0000000000
26672  22.414  24.094  34.372 0.0000000000
26691  22.433  23.929  33.878 0.0000000000
25217  22.034  23.607  33.800 0.0000000000
25233  23.959  23.712  33.069 0.0000000000
26722  23.656  23.780  33.154 0.0000000000
26709  22.398  23.749  33.404 0.0000000000
25250  23.883  23.732  32.860 0.0000000000
26725  22.384  23.654  33.019 0.0000000000
25265  23.884  23.785  32.461 0.0000000000
26740  23.541  23.899  32.759 0.0000000000
26743  22.502  23.790  32.734 0.0000000000
26759  22.329  23.646  32.391 0.0000000000
25282  23.994  23.810  31.930 0.0000000000
26756  23.461  24.071  32.332 0.0000000000
26778  22.403  23.823  32.095 0.0000000000
25300  24.252  23.974  31.522 0.0000000000
26775  23.721  24.044  31.914 0.0000000000
26774  23.999  24.000  31.686 0.0000000000
25283  22.816  23.905  32.083 0.0000000000
26777  22.747  24.098  32.016 0.0000000000
26792  24.721  24.191  31.031 0.0000000000
26791  25.017  24.000  30.987 0.0000000000
26793  24.229  24.245  31.299 0.0000000000
25301  22.860  24.130  31.470 0.0000000000
26797  22.823  24.253  31.282 0.0000000000
26815  22.646  24.231  31.017 0.0000000000
26812  25.061  24.208  30.604 0.0000000000
26814  22.730  24.111  30.553 0.0000000000
26832  22.815  24.029  30.043 0.0000000000
26850  22.944  23.967  29.831 0.0000000000
26849  23.092  23.938  29.702 0.0000000000
26867  23.290  23.999  29.206 0.0000000000
26879  23.404  24.105  28.940 0.0000000000
26878  23.724  24.056  28.616 0.0000000000
26888  23.911  23.792  28.245 0.0000000000
26887  24.269  24.074  28.066 0.0000000000
26898  24.513  24.056  27.825 0.0000000000
26897  24.783  24.005  27.659 0.0000000000
25386  26.216  23.990  27.220 0.0000000000
26908  25.874  24.245  27.262 0.0000000000
26909  25.409  24.082  27.326 0.0000000000
26910  25.186  24.011  27.334 0.0000000000
25393  26.591  23.982  27.116 0.0000000000
26931  26.967  24.133  26.554 0.0000000000
26919  26.864  24.327  26.819 0.0000000000
26656  23.785  24.206  35.263 0.0000000000
26657  23.242  24.232  35.002 0.0000000000
26658  22.889  24.289  35.007 0.0000000000
26671  22.844  24.195  34.470 0.0000000000
26659  22.350  24.152  34.966 0.0000000000
26690  22.857  24.056  33.972 0.0000000000
26707  23.233  23.895  33.548 0.0000000000
26708  22.841  23.922  33.489 0.0000000000
26723  23.077  23.939  33.199 0.0000000000
26724  22.805  23.884  33.078 0.0000000000
26741  23.137  24.013  32.739 0.0000000000
26742  22.876  24.011  32.822 0.0000000000
26757  22.996  24.115  32.397 0.0000000000
26758  22.690  23.976  32.406 0.0000000000
26776  23.171  24.190  31.988 0.0000000000
26794  23.902  24.259  31.486 0.0000000000
26795  23.364  24.269  31.486 0.0000000000
26796  22.975  24.240  31.531 0.0000000000
26813  24.871  24.060  30.970 0.0000000000
28333  24.292  24.617  30.890 0.0000000000
28332  24.703  24.551  30.589 0.0000000000
28334  23.953  24.667  31.019 0.0000000000
28335  23.533  24.676  31.080 0.0000000000
28336  23.047  24.599  31.039 0.0000000000
28337  22.915  24.411  31.186 0.0000000000
28358  22.798  24.602  30.795 0.0000000000
26831  25.139  24.196  30.468 0.0000000000
28355  24.786  24.627  30.354 0.0000000000
28357  22.857  24.558  30.669 0.0000000000
28380  22.843  24.378  30.173 0.0000000000
28378  25.233  24.450  30.261 0.0000000000
28398  22.938  24.247  29.882 0.0000000000
28397  23.188  24.334  29.623 0.0000000000
28415  23.406  24.449  29.112 0.0000000000
28428  23.611  24.331  28.806 0.0000000000
28427  23.865  24.554  28.603 0.0000000000
28439  24.161  24.408  28.255 0.0000000000
28438  24.533  24.569  28.041 0.0000000000
28450  24.708  24.281  27.781 0.0000000000
28449  24.972  24.430  27.687 0.0000000000
26907  26.309  24.329  27.244 0.0000000000
28461  26.049  24.677  27.277 0.0000000000
28462  25.450  24.670  27.420 0.0000000000
28463  25.207  24.278  27.458 0.0000000000
26906  26.612  24.336  27.149 0.0000000000
28459  26.735  24.625  27.042 0.0000000000
28475  26.960  24.761  26.816 0.0000000000
26918  27.155  24.562  26.691 0.0000000000
28474  27.444  24.814  26.645 0.0000000000
26978  29.056  24.112  24.897 0.0000000000
26959  29.241  24.298  25.102 0.0000000000
28535  28.805  24.408  25.992 0.0000000000
29907  24.469  24.866  30.516 0.0000000000
29906  24.765  24.846  30.486 0.0000000000
29925  24.763  24.811  30.340 0.0000000000
29908  24.077  24.910  30.645 0.0000000000
29909  23.686  24.864  30.742 0.0000000000
29910  23.304  24.762  30.811 0.0000000000
29929  23.061  24.718  30.774 0.0000000000
29944  25.048  24.896  30.153 0.0000000000
28356  23.041  24.694  30.205 0.0000000000
29928  23.356  24.907  30.485 0.0000000000
28379  23.068  24.602  29.914 0.0000000000
29963  23.402  24.884  29.694 0.0000000000
29981  23.407  24.763  29.462 0.0000000000
28414  23.689  24.675  28.939 0.0000000000
29980  23.750  24.996  29.274 0.0000000000
29996  23.856  24.883  28.939 0.0000000000
28426  24.193  24.733  28.442 0.0000000000
29995  24.081  25.014  28.851 0.0000000000
30007  24.485  25.227  28.496 0.0000000000
28437  24.995  24.755  28.036 0.0000000000
30006  24.763  25.019  28.324 0.0000000000
28448  25.173  24.796  27.865 0.0000000000
28460  26.470  24.675  27.230 0.0000000000
30025  26.706  25.041  27.083 0.0000000000
30026  26.280  25.089  27.266 0.0000000000
30027  25.866  25.090  27.355 0.0000000000
30017  25.295  24.978  27.915 0.0000000000
30028  25.518  25.105  27.511 0.0000000000
28473  27.623  24.789  26.742 0.0000000000
30039  27.487  25.304  26.583 0.0000000000
30040  26.983  25.115  26.829 0.0000000000
30038  27.803  25.219  26.424 0.0000000000
28553  29.666  24.710  24.799 0.0000000000
29926  24.399  25.005  30.338 0.0000000000
29927  23.919  25.073  30.413 0.0000000000
29945  24.289  25.151  30.076 0.0000000000
29946  23.826  25.132  30.067 0.0000000000
29947  23.387  24.992  30.015 0.0000000000
29959  25.527  25.036  29.856 0.0000000000
29960  24.887  25.282  29.737 0.0000000000
29961  24.283  25.209  29.672 0.0000000000
29962  23.815  25.142  29.679 0.0000000000
31586  25.933  25.127  29.686 0.0000000000
31587  25.436  25.404  29.590 0.0000000000
31588  25.074  25.441  29.340 0.0000000000
29978  24.764  25.290  29.209 0.0000000000
29979  24.210  25.188  29.263 0.0000000000
31602  25.078  25.409  29.144 0.0000000000
29977  25.055  25.336  29.106 0.0000000000
29993  25.013  25.269  28.739 0.0000000000
29994  24.526  25.188  28.803 0.0000000000
31601  25.310  25.527  29.106 0.0000000000
31615  25.406  25.827  28.998 0.0000000000
30005  25.074  24.920  28.128 0.0000000000
31627  25.339  25.376  28.356 0.0000000000
28436  25.126  24.833  28.023 0.0000000000
30004  25.466  25.268  28.101 0.0000000000
30016  25.403  25.002  28.009 0.0000000000
31637  25.551  25.245  27.831 0.0000000000
31649  25.511  25.203  27.686 0.0000000000
31646  26.481  25.554  27.225 0.0000000000
31663  26.814  25.543  26.969 0.0000000000
31647  26.092  25.541  27.324 0.0000000000
31648  25.722  25.477  27.549 0.0000000000
30054  27.765  25.511  26.342 0.0000000000
31662  27.106  25.627  26.743 0.0000000000
31688  27.491  25.846  26.430 0.0000000000
31687  28.044  26.020  26.166 0.0000000000
30057  22.254  25.464  25.981 0.0000000000
31691  22.460  25.823  26.162 0.0000000000
28492  22.074  24.900  25.725 0.0000000000
30058  21.946  25.393  26.034 0.0000000000
31692  22.085  25.809  26.202 0.0000000000
28493  21.838  25.100  25.646 0.0000000000
30059  21.521  25.450  25.982 0.0000000000
31693  21.653  25.895  26.206 0.0000000000
28494  21.411  25.194  25.781 0.0000000000
30060  21.064  25.582  25.834 0.0000000000
31694  21.178  25.854  26.105 0.0000000000
31600  25.845  25.559  29.363 0.0000000000
31613  26.181  25.722  28.972 0.0000000000
31614  25.837  25.767  28.971 0.0000000000
33279  26.490  25.823  28.888 0.0000000000
33280  26.398  26.016  28.692 0.0000000000
31625  26.154  25.920  28.579 0.0000000000
31626  25.716  25.694  28.311 0.0000000000
33292  26.007  26.085  28.142 0.0000000000
31636  25.733  25.497  27.951 0.0000000000
33293  25.912  26.063  27.998 0.0000000000
33303  25.874  25.987  27.728 0.0000000000
33318  26.195  26.089  27.394 0.0000000000
33317  26.729  25.981  27.030 0.0000000000
33319  26.041  25.966  27.349 0.0000000000
33341  26.885  25.837  26.898 0.0000000000
33340  27.053  26.148  26.852 0.0000000000
33372  27.964  26.216  26.320 0.0000000000
33373  27.470  26.346  26.538 0.0000000000
31664  22.981  25.964  26.119 0.0000000000
31665  22.764  25.984  26.155 0.0000000000
31666  22.237  25.948  26.241 0.0000000000
31667  21.961  26.023  26.273 0.0000000000
33346  21.760  26.286  26.539 0.0000000000
33377  21.493  26.162  26.287 0.0000000000
33378  21.219  26.148  26.233 0.0000000000
31695  20.783  25.930  25.976 0.0000000000
33379  20.886  26.141  26.237 0.0000000000
30061  20.784  25.777  25.902 0.0000000000
31721  20.672  25.818  25.795 0.0000000000
31722  20.374  25.867  25.735 0.0000000000
31696  20.540  26.043  25.998 0.0000000000
33380  20.448  26.295  26.181 0.0000000000
33404  20.319  26.183  25.988 0.0000000000
30087  20.636  25.443  25.649 0.0000000000
30088  20.132  25.455  25.332 0.0000000000
31723  19.746  25.863  25.347 0.0000000000
33405  19.982  26.309  25.878 0.0000000000
33268  26.700  26.043  28.884 0.0000000000
34992  26.806  26.120  28.983 0.0000000000
35012  26.664  26.293  28.822 0.0000000000
35026  26.369  26.501  28.419 0.0000000000
33302  26.014  26.176  27.784 0.0000000000
35038  26.299  26.496  27.835 0.0000000000
33324  21.772  26.722  27.002 0.0000000000
35042  21.844  26.894  27.319 0.0000000000
33316  26.994  26.365  27.135 0.0000000000
35055  26.894  26.725  27.291 0.0000000000
35056  26.505  26.542  27.391 0.0000000000
33345  21.928  26.231  26.450 0.0000000000
35060  21.730  26.877  27.100 0.0000000000
33325  21.649  26.618  26.948 0.0000000000
33347  21.333  26.419  26.678 0.0000000000
35061  21.245  26.857  27.127 0.0000000000
35054  27.138  26.633  27.125 0.0000000000
35081  27.350  26.696  26.844 0.0000000000
35083  23.378  26.768  26.386 0.0000000000
35112  23.066  26.649  25.848 0.0000000000
35084  20.989  26.763  26.955 0.0000000000
33348  21.192  26.301  26.723 0.0000000000
35085  20.976  26.791  26.965 0.0000000000
33349  20.686  26.419  26.470 0.0000000000
35086  20.358  26.714  26.544 0.0000000000
35107  28.141  26.686  26.353 0.0000000000
35108  27.755  26.705  26.523 0.0000000000
35113  19.931  26.917  26.080 0.0000000000
33381  20.147  26.526  26.007 0.0000000000
35114  19.961  26.972  25.956 0.0000000000
33406  19.496  26.332  25.629 0.0000000000
35130  19.705  26.663  25.980 0.0000000000
31724  19.203  26.018  25.164 0.0000000000
33407  18.896  26.342  25.335 0.0000000000
35131  19.297  26.774  25.795 0.0000000000
31725  19.101  25.967  25.074 0.0000000000
33419  18.769  26.300  25.182 0.0000000000
35132  18.874  26.801  25.630 0.0000000000
33408  18.577  26.643  25.315 0.0000000000
33420  18.302  26.446  25.110 0.0000000000
35133  18.324  27.114  25.651 0.0000000000
35148  18.043  26.908  25.244 0.0000000000
31734  18.773  26.080  24.980 0.0000000000
31735  18.273  26.141  24.793 0.0000000000
33421  17.865  26.505  24.914 0.0000000000
35149  17.879  26.840  25.177 0.0000000000
31736  17.979  26.115  24.667 0.0000000000
33437  17.826  26.252  24.682 0.0000000000
33438  17.462  26.485  24.654 0.0000000000
33422  17.567  26.766  24.949 0.0000000000
35150  17.471  27.070  25.072 0.0000000000
35163  17.369  26.873  24.926 0.0000000000
33448  29.997  26.356  24.167 0.0000000000
35173  29.932  26.850  24.207 0.0000000000
35025  26.690  26.979  28.121 0.0000000000
36769  26.830  27.143  28.158 0.0000000000
35037  26.697  26.872  27.664 0.0000000000
36792  26.865  27.144  27.642 0.0000000000
36797  22.037  27.207  27.928 0.0000000000
35043  21.365  26.989  27.311 0.0000000000
36798  21.481  27.238  27.718 0.0000000000
35044  20.973  27.085  27.137 0.0000000000
36799  20.876  27.367  27.533 0.0000000000
35062  20.863  26.962  27.188 0.0000000000
36819  27.028  26.950  27.257 0.0000000000
36818  27.264  27.006  27.044 0.0000000000
36823  20.577  27.211  27.162 0.0000000000
35063  20.532  26.967  26.968 0.0000000000
36824  20.118  27.257  26.979 0.0000000000
35064  20.131  27.062  26.767 0.0000000000
35087  19.947  26.926  26.467 0.0000000000
36825  19.970  27.356  27.057 0.0000000000
36845  27.704  27.129  26.715 0.0000000000
36865  24.086  27.107  26.218 0.0000000000
36849  19.722  27.199  26.465 0.0000000000
36860  28.791  27.065  26.295 0.0000000000
36861  28.051  26.954  26.430 0.0000000000
36862  27.950  26.950  26.511 0.0000000000
36866  19.623  27.063  26.210 0.0000000000
35115  19.627  26.892  26.089 0.0000000000
36867  19.248  27.157  26.026 0.0000000000
36884  19.064  27.047  25.804 0.0000000000
36885  18.836  27.077  25.770 0.0000000000
36886  18.378  27.280  25.832 0.0000000000
35134  18.065  27.058  25.449 0.0000000000
36887  17.972  27.522  25.769 0.0000000000
35135  17.830  27.175  25.381 0.0000000000
36888  17.479  27.569  25.527 0.0000000000
35162  25.838  26.738  24.506 0.0000000000
35144  25.940  26.819  24.732 0.0000000000
36900  26.003  27.484  24.650 0.0000000000
36902  17.050  27.399  25.021 0.0000000000
35164  17.078  26.964  24.751 0.0000000000
35151  17.077  27.280  25.009 0.0000000000
36903  16.942  27.643  25.158 0.0000000000
36923  16.894  27.393  24.990 0.0000000000
36942  29.997  27.286  24.286 0.0000000000
33433  25.869  26.538  24.235 0.0000000000
35161  26.208  26.944  24.241 0.0000000000
35197  30.014  26.924  23.631 0.0000000000
36963  30.033  27.343  23.782 0.0000000000
38466  26.983  27.432  28.194 0.0000000000
38489  26.924  27.341  27.912 0.0000000000
36791  27.123  27.225  27.330 0.0000000000
38488  27.204  27.606  27.722 0.0000000000
38493  22.843  27.729  27.984 0.0000000000
38494  22.165  27.019  27.857 0.0000000000
36771  22.251  27.662  28.166 0.0000000000
38470  22.410  27.622  27.985 0.0000000000
36772  21.751  27.561  28.156 0.0000000000
36773  21.176  27.686  28.072 0.0000000000
36774  20.935  27.828  27.901 0.0000000000
38495  20.893  27.899  27.669 0.0000000000
36800  20.287  27.556  27.232 0.0000000000
38496  20.444  27.697  27.552 0.0000000000
36801  20.001  27.614  27.192 0.0000000000
38497  19.809  27.928  27.283 0.0000000000
38506  27.406  27.491  27.058 0.0000000000
38510  19.626  27.712  27.016 0.0000000000
36826  19.598  27.601  26.793 0.0000000000
36850  19.290  27.413  26.453 0.0000000000
38511  19.224  27.895  26.871 0.0000000000
38521  27.727  27.478  26.819 0.0000000000
36844  27.921  27.209  26.626 0.0000000000
38520  28.050  27.472  26.685 0.0000000000
38525  18.943  27.841  26.298 0.0000000000
36851  18.935  27.503  26.112 0.0000000000
36868  18.978  27.319  26.069 0.0000000000
38526  18.883  27.739  26.511 0.0000000000
38532  28.912  27.496  26.366 0.0000000000
38533  28.494  27.389  26.420 0.0000000000
38536  18.797  27.483  26.246 0.0000000000
36869  18.732  27.333  26.026 0.0000000000
38537  18.369  27.709  26.201 0.0000000000
38551  18.147  27.619  25.963 0.0000000000
36870  17.795  27.789  25.959 0.0000000000
36871  17.780  27.802  25.889 0.0000000000
38552  17.961  27.767  26.010 0.0000000000
38539  17.434  27.979  25.887 0.0000000000
38553  16.869  28.058  25.495 0.0000000000
36889  16.952  27.847  25.045 0.0000000000
38554  16.757  28.032  25.301 0.0000000000
36922  26.306  27.486  24.262 0.0000000000
38590  26.242  27.888  24.403 0.0000000000
38572  16.752  27.815  25.142 0.0000000000
38591  16.813  27.652  25.094 0.0000000000
38585  30.017  27.641  24.682 0.0000000000
38600  30.063  27.658  24.404 0.0000000000
35160  26.247  27.212  24.036 0.0000000000
36921  26.371  27.824  23.906 0.0000000000
38610  30.093  27.726  23.918 0.0000000000
36978  30.006  27.501  23.253 0.0000000000
38619  30.058  27.771  23.469 0.0000000000
40091  22.815  28.405  28.876 0.0000000000
38468  23.158  27.953  28.108 0.0000000000
38442  22.695  28.029  28.614 0.0000000000
38443  22.205  28.194  28.680 0.0000000000
36754  22.360  28.093  28.728 0.0000000000
36770  22.731  28.052  28.522 0.0000000000
38469  22.760  27.785  28.134 0.0000000000
40092  22.381  28.633  28.864 0.0000000000
36755  22.007  28.155  28.424 0.0000000000
38444  21.809  28.191  28.622 0.0000000000
40093  21.993  28.607  28.784 0.0000000000
36756  21.558  27.876  28.346 0.0000000000
38445  21.257  28.200  28.388 0.0000000000
40094  21.557  28.641  28.687 0.0000000000
36757  21.231  27.917  28.277 0.0000000000
38471  21.017  27.978  28.232 0.0000000000
40095  21.001  28.707  28.429 0.0000000000
38446  20.864  28.305  28.272 0.0000000000
38472  20.810  27.948  28.058 0.0000000000
40096  20.631  28.692  28.255 0.0000000000
38447  20.584  28.313  28.114 0.0000000000
38473  20.348  28.095  27.785 0.0000000000
40097  20.300  28.599  27.997 0.0000000000
40103  27.416  28.011  28.069 0.0000000000
40106  23.443  28.131  27.975 0.0000000000
40118  23.507  28.063  27.810 0.0000000000
40107  19.999  28.580  27.728 0.0000000000
38474  19.969  28.271  27.604 0.0000000000
40108  20.173  28.476  27.798 0.0000000000
40120  19.687  28.575  27.524 0.0000000000
40114  27.524  28.061  27.781 0.0000000000
40132  27.596  27.907  27.373 0.0000000000
38490  24.038  27.909  27.345 0.0000000000
40117  23.913  28.144  27.746 0.0000000000
38498  19.315  28.161  27.093 0.0000000000
40121  19.026  28.479  26.975 0.0000000000
40136  18.954  28.183  26.930 0.0000000000
38505  27.840  27.715  27.019 0.0000000000
38512  18.947  28.030  26.779 0.0000000000
40137  18.770  28.449  26.969 0.0000000000
40148  18.758  28.066  26.715 0.0000000000
38504  28.246  27.885  26.987 0.0000000000
38519  28.559  27.729  26.636 0.0000000000
38527  18.575  27.900  26.394 0.0000000000
40149  18.398  28.151  26.596 0.0000000000
40158  18.373  27.951  26.340 0.0000000000
38518  29.071  28.032  26.553 0.0000000000
38538  17.778  27.932  26.089 0.0000000000
40159  17.990  28.139  26.307 0.0000000000
40160  17.302  28.429  26.181 0.0000000000
40178  17.165  28.211  25.902 0.0000000000
38586  30.045  27.897  24.612 0.0000000000
40203  30.007  28.339  24.481 0.0000000000
38569  26.315  28.335  24.572 0.0000000000
38601  30.084  28.085  24.131 0.0000000000
38589  26.691  28.123  24.135 0.0000000000
40211  29.984  28.616  23.861 0.0000000000
38611  30.020  28.235  23.475 0.0000000000
40217  29.683  28.764  23.283 0.0000000000
38620  29.925  28.000  23.018 0.0000000000
38612  29.560  28.427  22.923 0.0000000000
38621  29.391  28.027  22.739 0.0000000000
40218  29.125  28.797  23.006 0.0000000000
38613  28.786  28.272  22.761 0.0000000000
38614  27.888  28.273  23.195 0.0000000000
36964  28.180  27.820  22.708 0.0000000000
36981  28.728  27.763  22.507 0.0000000000
38622  29.033  27.948  22.592 0.0000000000
40219  28.408  28.795  23.157 0.0000000000
36965  27.676  27.744  23.009 0.0000000000
38615  27.447  27.878  23.303 0.0000000000
38602  27.446  28.535  23.608 0.0000000000
38603  27.215  28.124  23.630 0.0000000000
40213  27.888  28.655  23.392 0.0000000000
40220  28.062  28.587  23.179 0.0000000000
36943  27.192  27.648  23.510 0.0000000000
36966  27.347  27.520  23.140 0.0000000000
36979  29.759  27.701  22.781 0.0000000000
36980  29.236  27.762  22.500 0.0000000000
40076  22.733  28.751  29.076 0.0000000000
41730  22.354  29.086  29.148 0.0000000000
41743  22.128  28.935  28.956 0.0000000000
41744  22.065  28.909  28.992 0.0000000000
41745  21.763  28.978  28.920 0.0000000000
41746  21.271  29.072  28.697 0.0000000000
41747  20.783  29.232  28.433 0.0000000000
41748  20.323  29.014  28.156 0.0000000000
41758  19.944  28.998  27.899 0.0000000000
40101  28.032  28.422  27.770 0.0000000000
40113  27.853  28.194  27.670 0.0000000000
40119  19.960  28.848  27.574 0.0000000000
41770  20.066  28.949  27.874 0.0000000000
40112  28.238  28.365  27.519 0.0000000000
40131  27.938  27.953  27.250 0.0000000000
41771  19.870  29.108  27.804 0.0000000000
41772  19.300  29.242  27.424 0.0000000000
40122  18.962  28.818  27.232 0.0000000000
41773  18.979  29.118  27.148 0.0000000000
41786  18.829  29.090  27.176 0.0000000000
40130  28.433  28.206  27.130 0.0000000000
40138  18.151  28.726  26.851 0.0000000000
41787  18.329  29.053  27.157 0.0000000000
40145  28.667  28.073  26.836 0.0000000000
40129  28.821  28.341  27.041 0.0000000000
40150  17.751  28.624  26.581 0.0000000000
41847  29.798  28.936  24.280 0.0000000000
38568  26.706  28.622  24.312 0.0000000000
40193  26.720  28.982  24.479 0.0000000000
41854  29.657  29.071  23.607 0.0000000000
40205  27.500  28.881  23.722 0.0000000000
40212  27.965  29.030  23.469 0.0000000000
41860  29.337  29.054  23.237 0.0000000000
41861  28.918  29.017  23.154 0.0000000000
41856  28.531  29.309  23.348 0.0000000000
41862  28.658  28.985  23.095 0.0000000000
43381  22.726  29.383  29.333 0.0000000000
43382  22.446  29.651  29.235 0.0000000000
41731  22.110  29.210  29.117 0.0000000000
43383  22.081  29.632  29.103 0.0000000000
41732  21.536  29.417  28.901 0.0000000000
43384  22.203  29.745  28.865 0.0000000000
41733  21.133  29.510  28.618 0.0000000000
43385  21.429  29.854  28.651 0.0000000000
41734  20.769  29.688  28.602 0.0000000000
43386  20.993  29.968  28.309 0.0000000000
43394  20.759  29.812  28.325 0.0000000000
43395  20.387  29.550  28.176 0.0000000000
43405  20.016  29.268  28.074 0.0000000000
41759  19.629  29.415  27.696 0.0000000000
43406  19.987  29.665  27.948 0.0000000000
41760  19.409  29.651  27.546 0.0000000000
43407  19.598  29.907  27.583 0.0000000000
43416  19.267  29.765  27.381 0.0000000000
43417  18.936  29.789  27.103 0.0000000000
43433  18.957  29.522  27.172 0.0000000000
43434  18.554  29.606  27.287 0.0000000000
43491  29.534  29.526  24.303 0.0000000000
41850  27.011  28.776  24.203 0.0000000000
43495  27.177  29.481  24.277 0.0000000000
43499  29.546  29.406  23.816 0.0000000000
40206  27.073  28.845  24.122 0.0000000000
41849  27.356  29.207  24.005 0.0000000000
41855  29.209  29.353  23.399 0.0000000000
43500  29.053  29.777  23.727 0.0000000000
41848  27.855  29.370  23.681 0.0000000000
43501  28.386  29.750  23.611 0.0000000000
43367  22.779  29.792  29.493 0.0000000000
45072  22.817  30.049  29.646 0.0000000000
45083  22.449  30.064  29.318 0.0000000000
45096  22.152  29.782  29.023 0.0000000000
45097  21.952  29.968  28.932 0.0000000000
45098  21.764  30.110  28.659 0.0000000000
45099  21.280  30.209  28.477 0.0000000000
45100  20.831  30.274  28.258 0.0000000000
45113  20.558  30.033  28.132 0.0000000000
45114  20.273  30.039  28.015 0.0000000000
43396  20.010  29.642  28.078 0.0000000000
45115  20.014  30.165  27.961 0.0000000000
45127  19.711  30.103  27.858 0.0000000000
45128  19.311  30.075  27.780 0.0000000000
43408  19.111  29.888  27.471 0.0000000000
45129  18.914  30.122  27.622 0.0000000000
45140  18.744  29.973  27.402 0.0000000000
43418  18.839  29.833  27.236 0.0000000000
43492  29.201  29.951  24.255 0.0000000000
43485  29.127  30.040  24.528 0.0000000000
45208  29.011  30.148  24.755 0.0000000000
45214  28.828  30.259  24.270 0.0000000000
45220  28.954  30.070  23.985 0.0000000000
43494  27.567  29.640  24.028 0.0000000000
45221  28.588  30.049  23.882 0.0000000000
43493  27.985  29.940  23.932 0.0000000000
46713  23.171  30.489  29.723 0.0000000000
46714  22.534  30.482  29.486 0.0000000000
46724  22.248  30.524  29.145 0.0000000000
45084  21.871  30.035  28.950 0.0000000000
46725  21.952  30.588  29.051 0.0000000000
45085  21.873  30.234  28.906 0.0000000000
46726  21.607  30.655  28.780 0.0000000000
46737  21.482  30.389  28.596 0.0000000000
46738  21.118  30.671  28.455 0.0000000000
46739  20.593  30.704  28.272 0.0000000000
45101  20.454  30.402  28.074 0.0000000000
45102  20.146  30.455  28.070 0.0000000000
46848  28.707  30.397  24.632 0.0000000000
45215  28.247  30.195  24.133 0.0000000000
46849  28.362  30.407  24.428 0.0000000000
48301  23.623  30.942  29.649 0.0000000000
48300  24.077  30.938  29.657 0.0000000000
48316  24.229  30.720  29.641 0.0000000000
48302  23.076  30.918  29.654 0.0000000000
48303  22.785  31.084  29.695 0.0000000000
48317  22.488  31.226  29.229 0.0000000000
48318  22.074  31.213  29.082 0.0000000000
48319  21.737  31.058  29.012 0.0000000000
46727  21.268  30.921  28.625 0.0000000000
48320  21.255  31.115  28.820 0.0000000000
48336  21.038  30.994  28.546 0.0000000000
48337  20.709  30.986  28.500 0.0000000000
48299  24.057  31.223  29.459 0.0000000000
49897  24.073  31.219  29.641 0.0000000000
49898  23.654  31.263  29.678 0.0000000000
49899  23.134  31.222  29.674 0.0000000000
49900  22.715  31.148  29.627 0.0000000000
49901  22.511  31.073  29.450 0.0000000000
49917  24.331  31.567  29.593 0.0000000000
49921  22.390  31.326  29.421 0.0000000000
49922  21.918  31.434  29.194 0.0000000000
49923  21.442  31.504  29.048 0.0000000000
49924  21.044  31.556  28.999 0.0000000000
48321  20.845  31.262  28.759 0.0000000000
49918  23.890  31.624  29.692 0.0000000000
49919  23.270  31.628  29.719 0.0000000000
49920  22.799  31.530  29.672 0.0000000000
51520  24.647  32.031  29.383 0.0000000000
51519  25.023  32.072  29.162 0.0000000000
51521  24.123  32.054  29.640 0.0000000000
51522  23.618  32.050  29.696 0.0000000000
51523  22.956  31.978  29.601 0.0000000000
51524  22.587  31.797  29.630 0.0000000000
51525  22.057  31.807  29.497 0.0000000000
51526  21.526  31.821  29.371 0.0000000000
51527  21.128  31.845  29.210 0.0000000000
53090  24.933  32.524  29.182 0.0000000000
53102  25.225  32.590  29.054 0.0000000000
54552  25.466  33.043  28.927 0.0000000000
54553  25.109  33.039  29.109 0.0000000000
54539  27.676  33.081  29.745 0.0000000000
56047  27.636  33.141  29.324 0.0000000000
56060  27.897  32.967  28.840 0.0000000000
54550  27.480  33.022  28.631 0.0000000000
56061  27.361  33.203  28.900 0.0000000000
56074  27.258  33.135  28.334 0.0000000000
56064  25.724  33.478  28.885 0.0000000000
56063  26.197  33.597  28.834 0.0000000000
56065  25.359  33.406  29.001 0.0000000000
56076  26.544  33.505  28.650 0.0000000000
54562  26.671  33.185  28.224 0.0000000000
56075  26.854  33.328  28.403 0.0000000000
56083  27.093  33.134  28.056 0.0000000000
56084  26.997  33.172  28.142 0.0000000000
56048  27.324  33.399  29.474 0.0000000000
56062  26.792  33.653  29.088 0.0000000000
40204  27.749  29.107  23.615 0.0000000000
38588  27.134  28.534  23.904 0.0000000000
38587  27.286  28.653  23.743 0.0000000000
38604  26.864  27.763  23.866 0.0000000000
36967  27.107  27.264  23.306 0.0000000000
36944  26.790  27.325  23.713 0.0000000000
35174  26.399  27.042  23.810 0.0000000000
33449  26.034  26.508  23.920 0.0000000000
35175  26.268  26.800  23.825 0.0000000000
31733  19.159  26.169  24.955 0.0000000000
25385  26.491  24.139  27.208 0.0000000000
25163  22.137  23.907  35.030 0.0000000000
26660  22.099  23.952  35.178 0.0000000000
26645  22.562  24.331  35.540 0.0000000000
26646  21.991  24.110  35.573 0.0000000000
26644  22.787  24.312  35.470 0.0000000000
26643  23.417  24.432  35.638 0.0000000000
26655  24.283  24.183  35.466 0.0000000000
26642  23.918  24.374  35.826 0.0000000000
25148  21.824  23.726  35.724 0.0000000000
25132  21.890  24.028  35.926 0.0000000000
26629  21.889  24.039  35.996 0.0000000000
26628  22.368  24.366  36.197 0.0000000000
28203  22.756  24.617  35.939 0.0000000000
28202  23.119  24.751  35.948 0.0000000000
28201  23.637  24.672  35.980 0.0000000000
25131  22.078  23.909  36.361 0.0000000000
23630  21.789  23.317  35.728 0.0000000000
23611  21.836  23.488  36.039 0.0000000000
23610  22.055  23.482  36.356 0.0000000000
22155  21.764  22.918  35.702 0.0000000000
22142  21.961  22.918  36.328 0.0000000000
20743  21.790  22.411  35.808 0.0000000000
19482  21.959  22.004  35.243 0.0000000000
19473  21.940  21.901  35.733 0.0000000000
19462  21.826  21.909  36.166 0.0000000000
20733  21.766  22.307  36.241 0.0000000000
18144  22.580  21.231  35.238 0.0000000000
19481  22.197  21.766  35.375 0.0000000000
19472  22.036  21.906  35.668 0.0000000000
18129  22.287  21.533  35.685 0.0000000000
18130  22.237  21.402  35.890 0.0000000000
18118  21.988  21.528  36.084 0.0000000000
18143  22.823  20.971  34.983 0.0000000000
16670  22.998  20.876  34.779 0.0000000000
16671  22.838  20.921  35.363 0.0000000000
16660  22.664  20.977  35.857 0.0000000000
16669  23.270  20.614  35.226 0.0000000000
15301  23.653  20.315  34.907 0.0000000000
16659  22.768  20.826  35.433 0.0000000000
15291  23.133  20.562  35.136 0.0000000000
15290  23.367  20.337  35.200 0.0000000000
15300  23.945  20.043  34.885 0.0000000000
14051  24.568  19.809  34.567 0.0000000000
15299  24.230  19.915  34.783 0.0000000000
14041  24.029  19.872  34.966 0.0000000000
15289  23.893  20.019  34.919 0.0000000000
14040  24.466  19.728  34.972 0.0000000000
12944  25.303  19.263  34.335 0.0000000000
12934  25.138  19.244  34.584 0.0000000000
14050  24.857  19.471  34.716 0.0000000000
12933  25.379  19.027  34.436 0.0000000000
11855  25.465  18.618  33.818 0.0000000000
11844  25.327  18.742  34.170 0.0000000000
