#!ascii label  , from subject  vox2ras=TkReg
1321
414  14.206  6.959  -0.931 0.0000000000
223  14.021  6.907  -0.911 0.0000000000
222  14.495  6.899  -0.928 0.0000000000
413  14.825  7.102  -0.984 0.0000000000
415  13.739  7.175  -0.901 0.0000000000
609  14.557  7.783  -1.120 0.0000000000
610  14.133  7.691  -1.206 0.0000000000
611  13.852  7.618  -1.198 0.0000000000
408  13.651  7.017  -0.683 0.0000000000
218  13.779  6.894  -0.601 0.0000000000
224  13.867  6.981  -0.849 0.0000000000
409  13.317  7.053  -0.476 0.0000000000
416  13.316  7.428  -0.764 0.0000000000
612  13.348  7.911  -1.028 0.0000000000
606  13.046  7.714  -0.393 0.0000000000
410  12.939  7.379  -0.248 0.0000000000
607  12.890  7.566  -0.218 0.0000000000
601  13.134  8.110  -0.060 0.0000000000
602  12.881  7.594  0.042 0.0000000000
861  13.276  8.058  -0.242 0.0000000000
863  13.233  8.334  -0.495 0.0000000000
608  14.876  7.612  -0.994 0.0000000000
605  14.754  7.887  -0.620 0.0000000000
862  14.630  8.328  -0.728 0.0000000000
864  14.578  8.254  -1.022 0.0000000000
613  14.250  7.895  -1.419 0.0000000000
614  13.965  7.852  -1.512 0.0000000000
615  13.649  7.840  -1.555 0.0000000000
866  13.273  8.671  -0.938 0.0000000000
616  12.978  8.120  -1.399 0.0000000000
870  13.040  8.504  -1.205 0.0000000000
868  14.201  8.173  -1.879 0.0000000000
617  14.140  7.926  -1.962 0.0000000000
618  13.973  7.934  -1.994 0.0000000000
619  13.511  7.916  -2.053 0.0000000000
620  13.059  7.895  -1.866 0.0000000000
875  13.216  8.369  -1.865 0.0000000000
872  13.999  7.786  -2.080 0.0000000000
873  14.076  8.336  -2.037 0.0000000000
874  13.687  8.394  -2.062 0.0000000000
854  13.237  8.229  0.262 0.0000000000
1253  13.322  8.802  -0.164 0.0000000000
860  14.875  8.293  -0.295 0.0000000000
1255  14.846  8.768  -0.502 0.0000000000
1257  14.605  8.839  -0.856 0.0000000000
1256  13.276  8.902  -0.503 0.0000000000
869  14.149  8.596  -1.592 0.0000000000
865  14.460  8.974  -1.120 0.0000000000
1258  14.547  8.883  -1.059 0.0000000000
1262  14.202  8.824  -1.666 0.0000000000
1259  13.283  9.062  -0.917 0.0000000000
871  13.157  8.856  -1.139 0.0000000000
867  13.237  8.978  -1.077 0.0000000000
1260  13.159  9.010  -0.912 0.0000000000
1265  14.132  8.818  -1.934 0.0000000000
876  12.952  8.630  -1.486 0.0000000000
1264  13.152  8.800  -1.390 0.0000000000
1266  14.119  8.973  -2.197 0.0000000000
1267  13.203  9.107  -1.792 0.0000000000
1268  12.918  8.827  -1.670 0.0000000000
1246  13.343  8.758  0.541 0.0000000000
1654  13.357  9.216  0.409 0.0000000000
1657  13.237  9.291  -0.049 0.0000000000
1252  15.101  8.614  -0.211 0.0000000000
1254  15.114  8.896  -0.282 0.0000000000
1658  15.144  8.879  -0.440 0.0000000000
1659  14.667  9.300  -0.580 0.0000000000
1660  13.297  9.413  -0.574 0.0000000000
1661  14.587  9.268  -1.071 0.0000000000
1261  14.582  9.062  -1.147 0.0000000000
1662  13.316  9.453  -1.017 0.0000000000
1263  13.268  9.078  -1.254 0.0000000000
1663  14.426  9.276  -1.736 0.0000000000
1664  14.137  8.992  -1.982 0.0000000000
1665  13.295  9.459  -1.474 0.0000000000
1667  13.991  9.010  -2.058 0.0000000000
1668  13.818  9.028  -2.170 0.0000000000
1669  13.306  9.487  -2.015 0.0000000000
1653  13.410  8.997  0.545 0.0000000000
1650  13.309  9.234  0.840 0.0000000000
1649  13.327  9.134  0.630 0.0000000000
2065  13.271  9.751  0.650 0.0000000000
2067  13.294  9.788  0.178 0.0000000000
2070  13.337  9.999  -0.112 0.0000000000
1655  15.055  9.342  -0.151 0.0000000000
1656  14.733  9.621  -0.302 0.0000000000
2072  14.643  9.915  -0.638 0.0000000000
2075  14.600  9.726  -0.992 0.0000000000
2073  13.324  9.985  -0.769 0.0000000000
2078  14.593  9.742  -1.466 0.0000000000
2076  13.330  9.880  -1.175 0.0000000000
1666  14.373  9.309  -1.941 0.0000000000
2081  14.601  9.822  -2.152 0.0000000000
2079  13.300  9.929  -1.696 0.0000000000
2082  14.256  9.466  -2.261 0.0000000000
1670  14.079  9.312  -2.366 0.0000000000
1671  13.938  9.494  -2.520 0.0000000000
2083  13.681  9.637  -2.398 0.0000000000
2084  13.225  9.995  -2.040 0.0000000000
2086  14.203  9.719  -2.681 0.0000000000
2087  14.005  9.978  -2.813 0.0000000000
2062  13.311  9.756  1.056 0.0000000000
2441  13.321  10.100  0.764 0.0000000000
2444  13.385  10.227  0.516 0.0000000000
2448  13.319  10.163  -0.066 0.0000000000
2451  13.321  10.229  -0.581 0.0000000000
2069  14.889  10.007  -0.164 0.0000000000
2453  14.613  10.427  -0.529 0.0000000000
2071  14.500  9.938  -0.994 0.0000000000
2452  14.578  9.973  -0.896 0.0000000000
2454  13.312  10.100  -0.837 0.0000000000
2074  14.519  10.179  -1.047 0.0000000000
2457  13.339  10.298  -1.403 0.0000000000
2077  14.688  9.996  -1.677 0.0000000000
2460  13.335  10.280  -1.768 0.0000000000
2463  13.369  10.172  -2.027 0.0000000000
2080  14.901  10.183  -1.997 0.0000000000
2462  14.645  10.579  -2.032 0.0000000000
2085  14.571  9.969  -2.896 0.0000000000
2465  14.670  10.543  -2.565 0.0000000000
2088  13.615  10.052  -2.757 0.0000000000
2466  13.336  10.144  -2.486 0.0000000000
2090  14.146  9.999  -3.044 0.0000000000
2089  14.314  10.005  -3.113 0.0000000000
2469  14.619  10.375  -3.042 0.0000000000
2091  13.986  9.925  -3.127 0.0000000000
2092  13.867  9.985  -2.976 0.0000000000
2472  13.644  9.967  -3.012 0.0000000000
2470  13.974  10.335  -3.002 0.0000000000
2471  13.910  10.342  -3.063 0.0000000000
2440  13.523  10.252  1.400 0.0000000000
2798  13.591  10.875  1.053 0.0000000000
2799  13.355  10.451  0.866 0.0000000000
2802  13.396  10.430  0.755 0.0000000000
2447  13.355  10.429  0.114 0.0000000000
2443  13.516  10.502  0.339 0.0000000000
2801  13.548  10.647  0.690 0.0000000000
2805  13.557  10.791  0.106 0.0000000000
2806  13.350  10.575  -0.098 0.0000000000
2810  13.373  10.609  -0.461 0.0000000000
2813  13.497  10.700  -0.938 0.0000000000
2455  14.633  10.174  -1.025 0.0000000000
2450  14.732  10.521  0.051 0.0000000000
2808  14.836  10.922  -0.181 0.0000000000
2811  14.612  10.967  -0.676 0.0000000000
2456  14.580  10.618  -1.073 0.0000000000
2817  13.563  10.726  -1.287 0.0000000000
2458  14.614  10.246  -1.423 0.0000000000
2815  14.754  10.799  -1.233 0.0000000000
2459  14.632  10.635  -1.590 0.0000000000
2821  13.553  10.721  -1.684 0.0000000000
2461  14.538  10.219  -1.833 0.0000000000
2819  14.986  10.881  -1.752 0.0000000000
2825  13.546  10.819  -2.181 0.0000000000
2823  14.995  10.844  -2.158 0.0000000000
2831  13.392  10.608  -2.285 0.0000000000
2829  14.959  10.835  -2.410 0.0000000000
2464  14.975  10.764  -2.643 0.0000000000
2468  15.120  10.575  -2.948 0.0000000000
2838  13.553  10.649  -2.816 0.0000000000
2474  15.102  10.442  -3.474 0.0000000000
2475  14.656  10.485  -3.513 0.0000000000
2476  14.229  10.537  -3.170 0.0000000000
2837  13.804  10.952  -3.064 0.0000000000
2836  14.007  11.023  -3.046 0.0000000000
2842  14.970  10.981  -3.589 0.0000000000
2843  14.461  10.874  -3.271 0.0000000000
2795  13.639  10.797  1.738 0.0000000000
3193  13.547  11.305  1.670 0.0000000000
3197  13.537  11.126  1.257 0.0000000000
3200  13.673  10.959  1.105 0.0000000000
3203  13.710  10.926  0.628 0.0000000000
2809  13.587  10.868  -0.232 0.0000000000
3207  13.491  11.157  0.027 0.0000000000
2804  15.081  10.946  0.026 0.0000000000
2807  15.093  11.076  -0.073 0.0000000000
3205  15.090  11.266  -0.113 0.0000000000
3206  14.784  11.193  -0.409 0.0000000000
2812  13.666  10.951  -0.735 0.0000000000
3211  13.676  11.280  -0.429 0.0000000000
3210  14.811  11.318  -0.833 0.0000000000
2816  13.856  10.844  -1.258 0.0000000000
3216  13.556  11.354  -1.055 0.0000000000
3215  14.888  11.343  -1.082 0.0000000000
2814  14.900  11.300  -1.179 0.0000000000
2818  15.043  11.188  -1.435 0.0000000000
2820  13.848  10.971  -1.767 0.0000000000
3220  13.902  11.313  -1.725 0.0000000000
3214  15.114  11.567  -1.060 0.0000000000
3219  15.224  11.531  -1.799 0.0000000000
2822  15.153  11.053  -1.967 0.0000000000
2824  13.816  11.020  -1.765 0.0000000000
3224  13.890  11.530  -1.792 0.0000000000
3222  15.656  11.233  -2.108 0.0000000000
2828  15.213  10.999  -2.585 0.0000000000
2830  13.778  10.957  -2.438 0.0000000000
3229  14.002  11.198  -2.451 0.0000000000
3235  13.914  11.121  -2.825 0.0000000000
2835  14.387  11.036  -3.247 0.0000000000
3234  13.981  11.104  -3.168 0.0000000000
3190  13.834  11.162  2.177 0.0000000000
3560  13.798  11.915  2.069 0.0000000000
3562  13.574  11.814  1.562 0.0000000000
3194  13.348  11.408  1.519 0.0000000000
3198  13.151  11.399  0.966 0.0000000000
3563  13.155  11.747  1.183 0.0000000000
3567  13.179  11.932  0.952 0.0000000000
3201  13.374  11.246  1.107 0.0000000000
3570  13.250  11.812  0.775 0.0000000000
3204  13.304  11.471  0.441 0.0000000000
3573  13.261  11.919  0.249 0.0000000000
3208  13.222  11.731  -0.109 0.0000000000
3202  15.149  11.220  0.261 0.0000000000
3572  15.232  11.676  0.173 0.0000000000
3575  15.269  11.788  -0.299 0.0000000000
3209  15.059  11.494  -0.610 0.0000000000
3576  13.454  11.452  -0.158 0.0000000000
3577  13.233  12.034  -0.185 0.0000000000
3579  15.071  11.913  -0.915 0.0000000000
3580  13.598  11.437  -0.295 0.0000000000
3212  13.438  11.605  -0.811 0.0000000000
3581  13.478  11.761  -0.465 0.0000000000
3217  13.278  11.858  -0.853 0.0000000000
3585  13.184  12.009  -0.878 0.0000000000
3583  15.168  11.951  -1.039 0.0000000000
3213  14.981  12.000  -1.003 0.0000000000
3218  15.302  11.771  -1.361 0.0000000000
3584  13.384  11.985  -0.942 0.0000000000
3589  13.793  11.871  -1.535 0.0000000000
3594  13.862  12.021  -1.898 0.0000000000
3223  14.278  11.439  -2.448 0.0000000000
3593  14.239  11.888  -2.252 0.0000000000
3228  14.264  11.204  -2.972 0.0000000000
3233  14.694  11.263  -3.287 0.0000000000
3615  14.454  11.525  -3.079 0.0000000000
3557  13.860  11.676  2.274 0.0000000000
3559  14.036  12.136  2.263 0.0000000000
3556  14.251  11.898  2.588 0.0000000000
3962  13.946  12.394  2.175 0.0000000000
3963  13.715  12.171  2.135 0.0000000000
3965  13.690  12.252  1.452 0.0000000000
3566  13.329  12.214  1.400 0.0000000000
3967  13.380  12.214  1.157 0.0000000000
3968  13.206  12.016  1.005 0.0000000000
3972  13.296  12.064  0.552 0.0000000000
3569  15.211  11.520  0.569 0.0000000000
3568  15.557  11.909  0.450 0.0000000000
3571  15.532  11.947  -0.126 0.0000000000
3976  13.383  12.207  0.001 0.0000000000
3574  15.522  12.096  -0.563 0.0000000000
3979  13.322  12.074  -0.380 0.0000000000
3578  15.203  12.120  -0.925 0.0000000000
3981  14.799  12.335  -1.046 0.0000000000
3987  15.281  12.071  -1.034 0.0000000000
3983  13.247  12.017  -0.848 0.0000000000
3990  13.410  12.053  -1.003 0.0000000000
3989  13.773  12.154  -1.219 0.0000000000
3995  13.977  12.120  -1.774 0.0000000000
3605  14.631  11.781  -2.719 0.0000000000
4001  14.392  12.304  -2.088 0.0000000000
4014  14.503  12.116  -2.421 0.0000000000
4002  14.025  12.099  -2.020 0.0000000000
3960  14.216  12.390  2.425 0.0000000000
4331  14.003  12.871  2.225 0.0000000000
4332  13.819  12.749  2.054 0.0000000000
4335  13.753  12.663  1.709 0.0000000000
4340  13.741  12.740  1.177 0.0000000000
4341  13.226  12.374  1.181 0.0000000000
4348  13.344  12.264  0.829 0.0000000000
3971  13.617  12.292  0.453 0.0000000000
3975  13.885  12.694  -0.081 0.0000000000
4355  14.014  12.461  0.087 0.0000000000
4362  13.492  12.238  -0.408 0.0000000000
3978  13.367  12.273  -0.765 0.0000000000
3980  15.542  12.372  -0.823 0.0000000000
3982  13.518  12.214  -0.901 0.0000000000
4368  13.837  12.509  -1.010 0.0000000000
4374  13.945  12.393  -1.218 0.0000000000
3988  14.001  12.254  -1.458 0.0000000000
3994  14.246  12.304  -1.697 0.0000000000
4328  14.337  12.794  2.646 0.0000000000
4748  14.224  12.895  2.593 0.0000000000
4749  13.896  13.169  2.233 0.0000000000
4752  13.794  13.097  1.733 0.0000000000
4756  13.870  13.194  1.221 0.0000000000
4346  14.061  12.763  0.871 0.0000000000
4339  14.024  12.942  0.853 0.0000000000
4347  13.668  12.604  0.837 0.0000000000
4755  14.064  13.012  0.958 0.0000000000
3970  14.092  12.419  0.458 0.0000000000
4353  14.231  12.790  0.255 0.0000000000
4760  14.094  13.094  1.192 0.0000000000
4352  14.251  12.795  0.722 0.0000000000
4345  14.172  12.836  1.232 0.0000000000
4759  14.213  12.887  0.905 0.0000000000
4764  14.412  12.973  0.547 0.0000000000
4354  14.053  12.715  -0.122 0.0000000000
4361  13.863  12.627  -0.584 0.0000000000
4744  14.345  13.245  2.867 0.0000000000
4745  13.998  13.352  2.586 0.0000000000
5182  13.832  13.552  2.375 0.0000000000
5186  13.789  13.465  2.039 0.0000000000
5192  13.834  13.551  1.674 0.0000000000
4327  14.799  12.825  2.779 0.0000000000
3959  14.525  12.323  2.857 0.0000000000
4323  14.436  12.845  3.256 0.0000000000
3956  14.436  12.348  3.451 0.0000000000
4743  14.580  13.154  2.976 0.0000000000
4324  14.301  12.694  3.667 0.0000000000
4740  14.329  13.174  3.394 0.0000000000
4739  14.533  13.011  3.182 0.0000000000
3974  14.251  12.642  0.025 0.0000000000
3552  14.535  11.970  3.039 0.0000000000
3555  14.651  11.968  2.981 0.0000000000
3953  14.719  12.015  3.935 0.0000000000
3548  14.514  11.716  3.481 0.0000000000
3954  14.135  12.405  4.092 0.0000000000
3957  14.280  12.362  4.048 0.0000000000
3950  14.508  12.406  4.161 0.0000000000
4316  14.367  12.883  4.121 0.0000000000
4320  14.140  12.980  4.091 0.0000000000
3949  14.745  12.021  4.368 0.0000000000
3545  14.766  11.587  4.040 0.0000000000
3977  15.647  12.490  -0.278 0.0000000000
3973  15.676  12.420  0.226 0.0000000000
3199  15.192  11.086  0.636 0.0000000000
3565  15.226  11.335  0.835 0.0000000000
3564  15.427  11.726  0.976 0.0000000000
3969  15.696  12.299  0.711 0.0000000000
3196  15.117  11.012  0.861 0.0000000000
3195  15.394  11.469  1.060 0.0000000000
3561  15.728  11.888  1.471 0.0000000000
3966  15.729  12.246  1.215 0.0000000000
3192  15.822  11.361  1.828 0.0000000000
3558  15.751  11.786  2.106 0.0000000000
3964  15.752  12.247  1.752 0.0000000000
3189  15.902  11.269  2.154 0.0000000000
3185  15.789  11.463  2.607 0.0000000000
3554  15.762  11.925  2.680 0.0000000000
3961  15.770  12.275  2.270 0.0000000000
3187  13.892  11.345  2.610 0.0000000000
3553  14.344  11.591  2.984 0.0000000000
3186  14.161  11.501  2.775 0.0000000000
3549  14.325  11.364  3.151 0.0000000000
3183  14.092  11.211  3.006 0.0000000000
3179  14.315  11.161  3.418 0.0000000000
3178  14.662  11.219  3.815 0.0000000000
3544  15.040  11.299  4.347 0.0000000000
3175  14.866  11.100  4.093 0.0000000000
3542  14.948  11.660  4.426 0.0000000000
3541  15.216  11.493  4.742 0.0000000000
3164  15.265  11.006  4.635 0.0000000000
3174  15.033  10.935  4.323 0.0000000000
2803  15.127  10.819  0.308 0.0000000000
2800  15.242  10.632  0.759 0.0000000000
2797  15.405  10.498  1.110 0.0000000000
2796  15.688  10.632  1.394 0.0000000000
2794  16.041  10.973  1.780 0.0000000000
2793  16.022  11.147  1.899 0.0000000000
3191  16.043  11.201  1.966 0.0000000000
2790  16.113  11.095  1.923 0.0000000000
3188  15.920  11.038  1.808 0.0000000000
2792  13.730  11.084  2.087 0.0000000000
2791  16.124  11.057  2.157 0.0000000000
2787  15.904  11.043  2.661 0.0000000000
3184  13.927  11.096  2.997 0.0000000000
2789  13.882  10.928  2.903 0.0000000000
2782  15.889  11.266  2.899 0.0000000000
3182  15.869  11.513  3.056 0.0000000000
2784  13.976  10.997  3.114 0.0000000000
2783  14.135  10.690  3.188 0.0000000000
2773  14.437  10.742  3.873 0.0000000000
2772  14.750  10.962  3.984 0.0000000000
2757  14.836  10.777  4.132 0.0000000000
2738  15.091  10.623  4.619 0.0000000000
2756  14.915  10.802  4.342 0.0000000000
3151  15.365  11.042  5.103 0.0000000000
2725  15.319  10.558  5.072 0.0000000000
2446  14.942  10.571  0.218 0.0000000000
2445  15.181  10.300  0.434 0.0000000000
2442  15.378  10.070  0.982 0.0000000000
2439  15.604  10.177  1.200 0.0000000000
2438  15.826  10.153  1.447 0.0000000000
2435  16.131  10.269  1.843 0.0000000000
2436  13.405  10.256  1.950 0.0000000000
2424  16.124  10.601  2.287 0.0000000000
2425  13.582  10.459  2.456 0.0000000000
2406  16.067  10.802  2.609 0.0000000000
2788  14.047  10.642  3.022 0.0000000000
2408  13.631  10.332  2.900 0.0000000000
2407  14.027  10.306  3.217 0.0000000000
2786  16.293  10.831  2.954 0.0000000000
2781  16.142  10.993  2.989 0.0000000000
2370  14.175  10.192  3.677 0.0000000000
2388  13.928  10.289  3.395 0.0000000000
2758  14.626  10.510  4.182 0.0000000000
2356  14.414  10.202  4.110 0.0000000000
2355  14.768  10.199  4.287 0.0000000000
2739  14.837  10.565  4.414 0.0000000000
2350  14.965  10.186  4.645 0.0000000000
2349  15.280  10.147  4.960 0.0000000000
2724  15.656  10.641  5.375 0.0000000000
2345  15.559  10.098  5.187 0.0000000000
2449  14.998  10.257  0.129 0.0000000000
2068  15.181  9.854  0.181 0.0000000000
2066  15.355  9.822  0.618 0.0000000000
2064  15.628  9.804  0.953 0.0000000000
2061  13.550  9.824  1.539 0.0000000000
2060  15.782  9.927  1.241 0.0000000000
2059  16.080  9.855  1.431 0.0000000000
2050  13.148  9.980  2.231 0.0000000000
2049  13.382  9.877  2.041 0.0000000000
2437  13.149  10.104  2.095 0.0000000000
2048  16.436  9.939  1.661 0.0000000000
2434  16.693  10.151  1.884 0.0000000000
2423  16.574  10.303  2.328 0.0000000000
2047  16.810  9.876  1.641 0.0000000000
2433  17.098  10.111  1.843 0.0000000000
2422  17.003  10.245  2.190 0.0000000000
2046  17.226  9.841  1.617 0.0000000000
2432  17.509  10.100  1.827 0.0000000000
2421  17.378  10.228  2.163 0.0000000000
2045  17.643  9.826  1.599 0.0000000000
2431  17.915  10.077  1.810 0.0000000000
2420  17.812  10.233  2.148 0.0000000000
2044  18.186  9.911  1.721 0.0000000000
2430  17.952  10.083  1.971 0.0000000000
2419  18.287  10.118  2.142 0.0000000000
2043  18.407  9.809  1.705 0.0000000000
2034  18.148  10.039  2.135 0.0000000000
2426  13.167  10.301  2.561 0.0000000000
2405  16.445  10.587  2.715 0.0000000000
2404  16.860  10.383  2.816 0.0000000000
2403  17.239  10.251  2.614 0.0000000000
2402  17.648  10.239  2.574 0.0000000000
2389  13.639  10.279  3.440 0.0000000000
2390  13.117  10.250  3.404 0.0000000000
2409  12.925  10.319  2.968 0.0000000000
2785  16.632  10.673  2.977 0.0000000000
2372  13.292  10.083  3.734 0.0000000000
2373  12.815  10.280  4.062 0.0000000000
2391  12.637  10.267  3.305 0.0000000000
2371  13.833  10.030  3.657 0.0000000000
2357  13.092  10.020  4.021 0.0000000000
2358  12.606  10.107  4.043 0.0000000000
2374  12.396  10.165  3.651 0.0000000000
2013  13.696  10.150  3.884 0.0000000000
2012  14.006  9.865  3.887 0.0000000000
2011  14.207  9.915  3.951 0.0000000000
2007  12.861  9.664  4.282 0.0000000000
2008  12.392  9.921  4.101 0.0000000000
2359  12.322  10.104  3.970 0.0000000000
2006  13.524  9.756  4.211 0.0000000000
2004  14.437  9.865  4.205 0.0000000000
1992  14.912  9.810  4.573 0.0000000000
2003  14.713  9.952  4.388 0.0000000000
1991  15.173  9.897  4.747 0.0000000000
1977  15.356  9.791  4.982 0.0000000000
2344  15.830  10.152  5.491 0.0000000000
1976  15.650  9.657  5.227 0.0000000000
2341  15.987  10.223  5.846 0.0000000000
1958  15.886  9.727  5.610 0.0000000000
2714  15.837  10.632  5.801 0.0000000000
1652  15.499  9.266  0.388 0.0000000000
1648  15.579  9.566  0.691 0.0000000000
1647  15.963  9.350  0.774 0.0000000000
2063  15.919  9.717  1.097 0.0000000000
1636  16.201  9.636  1.110 0.0000000000
1637  13.391  9.350  1.259 0.0000000000
1638  13.330  9.111  1.018 0.0000000000
1626  13.598  9.414  1.704 0.0000000000
2058  16.499  9.730  1.356 0.0000000000
1635  16.566  9.460  0.979 0.0000000000
2057  16.933  9.671  1.306 0.0000000000
1634  16.933  9.314  0.882 0.0000000000
2056  17.389  9.637  1.287 0.0000000000
1633  17.590  9.342  0.996 0.0000000000
2055  17.824  9.607  1.277 0.0000000000
1632  18.070  9.309  0.983 0.0000000000
2054  18.256  9.607  1.287 0.0000000000
1631  18.542  9.327  0.996 0.0000000000
2053  18.670  9.637  1.318 0.0000000000
1630  18.952  9.373  1.005 0.0000000000
2052  19.163  9.574  1.169 0.0000000000
2042  18.828  9.805  1.755 0.0000000000
1629  19.297  9.415  1.008 0.0000000000
2051  19.392  9.652  1.290 0.0000000000
2041  19.160  9.890  1.782 0.0000000000
1628  19.682  9.372  1.037 0.0000000000
2040  19.694  9.736  1.569 0.0000000000
2036  12.975  9.930  2.291 0.0000000000
2035  13.258  9.817  2.180 0.0000000000
1621  13.438  9.372  2.287 0.0000000000
2033  18.611  9.897  2.049 0.0000000000
2032  19.049  9.980  2.067 0.0000000000
2031  19.506  10.016  1.991 0.0000000000
1625  19.942  9.485  1.287 0.0000000000
2039  20.099  9.815  1.733 0.0000000000
2429  19.922  10.111  1.877 0.0000000000
2024  13.009  9.732  2.736 0.0000000000
1622  13.163  9.639  2.451 0.0000000000
2037  12.808  9.899  2.609 0.0000000000
2427  12.772  10.124  2.650 0.0000000000
2018  12.977  9.550  3.009 0.0000000000
1618  13.289  9.364  2.871 0.0000000000
2025  12.680  9.832  2.871 0.0000000000
2019  12.780  9.630  3.291 0.0000000000
1608  13.055  9.175  3.304 0.0000000000
2005  14.201  9.787  4.146 0.0000000000
2014  12.617  9.664  3.824 0.0000000000
2015  12.263  9.995  3.811 0.0000000000
1996  13.266  9.500  4.636 0.0000000000
1569  12.984  9.232  4.681 0.0000000000
1585  12.825  9.029  4.065 0.0000000000
1598  12.846  9.219  3.975 0.0000000000
1995  13.791  9.306  4.961 0.0000000000
1994  14.239  9.504  4.639 0.0000000000
1993  14.657  9.631  4.553 0.0000000000
1979  13.134  9.236  5.050 0.0000000000
1568  13.752  9.133  5.233 0.0000000000
1545  13.432  9.231  5.390 0.0000000000
1978  13.275  9.230  5.121 0.0000000000
1567  14.060  9.143  5.075 0.0000000000
1566  14.513  9.214  4.860 0.0000000000
1565  14.900  9.370  4.763 0.0000000000
1564  15.123  9.615  4.776 0.0000000000
1546  12.883  9.310  5.225 0.0000000000
1541  15.229  9.338  5.063 0.0000000000
1515  15.739  9.274  5.397 0.0000000000
1540  15.528  9.315  5.215 0.0000000000
1957  16.179  9.828  5.919 0.0000000000
1514  15.983  9.244  5.742 0.0000000000
1251  15.436  8.788  -0.017 0.0000000000
1236  13.345  9.192  0.845 0.0000000000
1245  13.361  9.158  0.706 0.0000000000
1244  15.676  8.893  0.216 0.0000000000
1243  15.890  8.909  0.371 0.0000000000
1651  15.830  9.115  0.526 0.0000000000
1235  15.973  9.037  0.572 0.0000000000
1226  13.350  8.891  1.175 0.0000000000
1237  13.287  8.905  1.103 0.0000000000
1234  16.183  8.949  0.557 0.0000000000
1646  16.424  9.141  0.720 0.0000000000
1233  16.600  8.873  0.486 0.0000000000
1645  16.840  9.145  0.741 0.0000000000
1232  16.954  8.896  0.525 0.0000000000
1644  17.316  9.117  0.729 0.0000000000
1231  17.485  8.807  0.478 0.0000000000
1643  17.829  9.065  0.683 0.0000000000
1230  18.122  8.653  0.390 0.0000000000
1642  18.380  9.077  0.686 0.0000000000
1229  18.757  8.780  0.613 0.0000000000
1641  18.866  9.118  0.764 0.0000000000
1228  19.204  8.804  0.767 0.0000000000
1640  19.212  9.167  0.819 0.0000000000
1227  19.404  9.021  0.775 0.0000000000
1639  19.476  9.191  0.845 0.0000000000
1223  19.623  8.861  0.925 0.0000000000
1225  13.455  9.048  1.383 0.0000000000
1627  20.006  9.003  1.075 0.0000000000
1222  20.054  8.652  1.287 0.0000000000
1624  20.223  9.247  1.498 0.0000000000
1221  13.632  8.988  1.906 0.0000000000
1220  20.453  8.766  1.753 0.0000000000
1623  20.657  9.279  1.790 0.0000000000
2038  20.410  9.589  1.731 0.0000000000
1617  13.555  9.006  2.763 0.0000000000
1217  13.463  8.762  2.348 0.0000000000
1607  13.498  8.876  3.202 0.0000000000
1208  13.314  8.572  2.836 0.0000000000
1597  13.179  9.076  3.924 0.0000000000
1596  13.454  9.154  3.906 0.0000000000
1609  12.907  9.298  3.697 0.0000000000
1185  13.610  8.439  3.595 0.0000000000
1195  13.286  8.244  3.115 0.0000000000
1584  13.133  9.227  3.984 0.0000000000
1583  13.433  8.965  4.153 0.0000000000
1172  13.639  8.551  4.353 0.0000000000
1174  13.121  9.085  4.345 0.0000000000
1173  13.305  8.932  4.426 0.0000000000
1149  12.593  9.026  5.193 0.0000000000
1161  12.860  9.119  4.806 0.0000000000
1544  13.881  8.982  5.637 0.0000000000
1543  14.343  8.908  5.270 0.0000000000
1542  14.826  9.112  5.154 0.0000000000
1547  12.498  9.257  5.308 0.0000000000
1518  13.014  9.374  5.739 0.0000000000
1519  12.346  9.399  5.675 0.0000000000
1517  13.600  9.254  5.913 0.0000000000
1147  13.936  8.882  5.910 0.0000000000
1130  13.924  8.955  6.076 0.0000000000
1516  13.860  9.019  6.052 0.0000000000
1146  14.186  8.772  5.715 0.0000000000
1145  14.661  8.699  5.465 0.0000000000
1144  15.138  8.854  5.301 0.0000000000
1143  15.394  9.101  5.337 0.0000000000
1520  11.756  9.300  5.789 0.0000000000
1133  12.107  8.997  5.700 0.0000000000
1150  12.329  9.179  5.415 0.0000000000
1492  12.645  9.428  6.184 0.0000000000
1493  12.197  9.569  6.223 0.0000000000
1959  11.897  9.567  6.013 0.0000000000
1491  13.206  9.340  6.231 0.0000000000
1490  13.769  9.227  6.320 0.0000000000
1126  15.596  8.808  5.646 0.0000000000
1488  16.232  9.295  6.073 0.0000000000
1109  15.983  8.958  5.872 0.0000000000
1125  15.910  8.892  5.863 0.0000000000
1474  12.309  9.531  6.679 0.0000000000
1917  12.145  9.858  6.739 0.0000000000
1938  12.130  9.830  6.400 0.0000000000
1473  12.844  9.344  6.686 0.0000000000
1472  13.346  9.282  6.702 0.0000000000
1114  14.053  9.061  6.269 0.0000000000
1489  14.090  9.127  6.605 0.0000000000
1471  13.874  9.127  6.872 0.0000000000
1113  14.310  8.821  6.404 0.0000000000
1097  14.156  8.904  6.849 0.0000000000
1470  14.124  8.987  6.867 0.0000000000
1457  12.367  9.428  7.212 0.0000000000
1458  12.051  9.508  6.998 0.0000000000
1475  12.019  9.580  6.845 0.0000000000
1456  12.988  9.307  7.093 0.0000000000
1455  13.455  9.246  7.152 0.0000000000
1098  14.070  9.022  7.045 0.0000000000
1082  14.003  9.012  7.194 0.0000000000
1454  13.770  9.114  7.202 0.0000000000
1442  13.199  9.260  7.502 0.0000000000
1443  12.762  9.302  7.641 0.0000000000
1441  13.750  9.153  7.605 0.0000000000
1431  13.175  9.269  8.093 0.0000000000
1066  14.015  8.913  7.364 0.0000000000
1065  14.397  9.166  7.862 0.0000000000
1440  14.047  9.183  7.949 0.0000000000
1430  13.783  9.206  8.226 0.0000000000
1050  14.131  9.026  8.250 0.0000000000
1429  13.964  9.361  7.781 0.0000000000
859  15.350  8.236  -0.191 0.0000000000
858  15.897  8.278  -0.178 0.0000000000
1250  15.928  8.724  0.071 0.0000000000
1249  16.323  8.574  -0.137 0.0000000000
1242  16.286  8.785  0.203 0.0000000000
857  16.434  8.089  -0.198 0.0000000000
1248  16.755  8.417  -0.182 0.0000000000
1241  16.747  8.739  0.039 0.0000000000
856  16.837  8.044  -0.049 0.0000000000
1247  16.965  8.336  -0.134 0.0000000000
1240  17.132  8.608  -0.023 0.0000000000
855  17.084  8.219  -0.027 0.0000000000
849  13.226  8.274  0.745 0.0000000000
852  17.400  8.117  0.147 0.0000000000
1239  17.673  8.418  0.237 0.0000000000
851  17.930  8.042  0.176 0.0000000000
1238  17.992  8.308  0.259 0.0000000000
850  18.131  8.191  0.292 0.0000000000
845  13.320  8.402  1.303 0.0000000000
848  18.512  8.283  0.489 0.0000000000
847  18.977  8.344  0.692 0.0000000000
846  19.209  8.392  0.899 0.0000000000
1224  19.346  8.658  0.898 0.0000000000
844  13.568  8.697  1.547 0.0000000000
843  19.368  8.510  1.045 0.0000000000
842  19.646  8.389  1.230 0.0000000000
841  19.961  8.211  1.325 0.0000000000
834  20.186  8.218  1.603 0.0000000000
839  13.601  8.647  1.953 0.0000000000
820  20.388  8.294  2.183 0.0000000000
1212  20.681  8.706  1.998 0.0000000000
1219  20.807  8.964  1.956 0.0000000000
1218  13.363  8.455  2.271 0.0000000000
832  13.495  8.469  2.097 0.0000000000
1209  13.274  8.293  2.617 0.0000000000
1211  20.885  8.723  2.140 0.0000000000
1196  13.319  8.009  2.907 0.0000000000
804  13.254  7.891  3.009 0.0000000000
817  13.149  7.947  2.629 0.0000000000
833  13.281  8.171  2.176 0.0000000000
803  13.439  7.952  3.374 0.0000000000
791  13.659  8.047  3.880 0.0000000000
1160  13.265  8.566  4.900 0.0000000000
1159  13.462  8.251  5.120 0.0000000000
769  13.765  7.973  4.972 0.0000000000
779  13.762  7.845  4.199 0.0000000000
1148  12.971  8.744  5.284 0.0000000000
765  13.287  8.336  5.351 0.0000000000
770  13.190  8.189  5.079 0.0000000000
1132  12.521  8.747  5.732 0.0000000000
1131  13.057  8.672  5.788 0.0000000000
1129  14.006  8.866  5.825 0.0000000000
1128  14.511  8.679  5.943 0.0000000000
1127  15.023  8.647  5.766 0.0000000000
1117  12.211  8.766  6.234 0.0000000000
1118  11.741  8.832  6.242 0.0000000000
1134  11.755  9.005  5.866 0.0000000000
1116  12.705  8.739  6.277 0.0000000000
1115  13.102  8.617  6.321 0.0000000000
760  13.237  8.332  6.006 0.0000000000
1112  15.038  8.388  6.111 0.0000000000
1111  15.352  8.558  6.135 0.0000000000
1110  15.929  8.734  6.174 0.0000000000
1101  12.016  8.753  6.942 0.0000000000
1100  12.425  8.738  6.846 0.0000000000
1099  12.905  8.651  6.923 0.0000000000
749  13.060  8.543  7.041 0.0000000000
756  12.804  8.038  6.578 0.0000000000
1096  14.595  8.678  6.838 0.0000000000
754  15.172  8.204  6.454 0.0000000000
746  14.777  8.171  7.049 0.0000000000
753  15.573  8.259  6.423 0.0000000000
1095  15.813  8.459  6.540 0.0000000000
744  15.775  8.255  6.730 0.0000000000
752  15.980  8.501  6.353 0.0000000000
1094  16.242  8.801  6.533 0.0000000000
1083  12.916  8.465  7.259 0.0000000000
739  13.238  8.300  7.361 0.0000000000
1084  12.664  8.624  7.305 0.0000000000
1081  14.394  9.191  7.178 0.0000000000
1080  14.907  8.789  7.321 0.0000000000
743  15.966  8.164  6.845 0.0000000000
740  12.851  8.385  7.492 0.0000000000
736  15.075  8.221  7.272 0.0000000000
1064  15.155  8.598  7.812 0.0000000000
1049  14.606  8.788  8.221 0.0000000000
724  15.232  8.222  7.488 0.0000000000
723  15.415  8.021  7.735 0.0000000000
1063  15.187  8.402  7.970 0.0000000000
1048  14.982  8.806  8.025 0.0000000000
1032  14.841  8.755  8.686 0.0000000000
1033  14.355  8.824  8.688 0.0000000000
600  15.107  7.763  -0.269 0.0000000000
599  15.188  7.982  -0.268 0.0000000000
598  15.685  7.747  -0.304 0.0000000000
597  16.166  7.676  -0.237 0.0000000000
596  16.619  7.543  -0.167 0.0000000000
593  17.158  7.744  0.138 0.0000000000
853  16.813  8.022  0.047 0.0000000000
594  13.099  8.178  0.290 0.0000000000
592  17.270  7.738  0.174 0.0000000000
591  17.712  7.858  0.210 0.0000000000
590  18.227  8.006  0.222 0.0000000000
587  18.269  7.868  0.415 0.0000000000
583  13.050  7.989  1.130 0.0000000000
588  13.002  7.848  0.934 0.0000000000
586  18.657  7.827  0.747 0.0000000000
585  19.075  8.010  0.853 0.0000000000
581  19.279  8.031  1.137 0.0000000000
840  13.424  8.363  1.806 0.0000000000
577  13.083  8.056  1.792 0.0000000000
580  19.754  7.940  1.360 0.0000000000
579  20.041  8.005  1.411 0.0000000000
565  20.006  7.896  1.589 0.0000000000
835  20.057  8.066  1.972 0.0000000000
563  13.077  7.942  2.212 0.0000000000
807  20.522  8.181  2.770 0.0000000000
819  20.820  8.281  2.441 0.0000000000
808  20.052  8.090  2.801 0.0000000000
821  19.739  7.965  2.340 0.0000000000
547  13.088  7.436  3.042 0.0000000000
550  12.926  7.626  2.555 0.0000000000
796  19.804  8.122  3.094 0.0000000000
795  20.317  8.182  3.200 0.0000000000
809  19.595  8.112  2.829 0.0000000000
546  13.283  7.639  3.353 0.0000000000
543  13.400  7.717  3.853 0.0000000000
784  19.871  8.230  3.692 0.0000000000
783  20.196  8.217  3.639 0.0000000000
797  19.530  8.213  3.296 0.0000000000
774  20.115  8.270  4.010 0.0000000000
775  19.822  8.263  4.010 0.0000000000
785  19.426  8.284  3.798 0.0000000000
539  13.678  7.604  4.462 0.0000000000
1168  20.187  8.361  4.268 0.0000000000
1169  19.525  8.505  4.220 0.0000000000
764  13.378  8.223  5.312 0.0000000000
536  13.802  7.854  5.025 0.0000000000
759  13.357  8.129  5.845 0.0000000000
526  13.860  7.925  5.897 0.0000000000
532  13.814  8.172  5.285 0.0000000000
755  13.482  8.212  6.279 0.0000000000
521  13.712  8.052  6.104 0.0000000000
748  13.650  8.239  6.832 0.0000000000
517  13.803  7.955  6.469 0.0000000000
745  15.329  8.159  6.843 0.0000000000
747  14.012  7.901  6.781 0.0000000000
516  14.093  8.018  6.907 0.0000000000
738  13.802  8.188  7.251 0.0000000000
737  14.015  8.031  7.089 0.0000000000
735  15.456  8.148  7.214 0.0000000000
734  15.882  8.138  7.289 0.0000000000
727  13.319  8.236  7.905 0.0000000000
726  13.672  8.139  7.791 0.0000000000
728  12.970  8.297  7.823 0.0000000000
725  13.877  7.831  7.537 0.0000000000
513  14.217  7.907  7.228 0.0000000000
714  13.486  7.957  8.207 0.0000000000
498  13.774  8.011  8.108 0.0000000000
507  13.826  7.875  8.208 0.0000000000
506  14.217  7.724  7.738 0.0000000000
412  15.134  7.266  -1.025 0.0000000000
604  15.021  7.664  -0.653 0.0000000000
407  15.315  7.392  -0.799 0.0000000000
603  15.386  7.628  -0.565 0.0000000000
406  15.655  7.240  -0.652 0.0000000000
595  12.878  7.670  0.540 0.0000000000
399  12.952  7.275  0.439 0.0000000000
404  13.135  7.219  0.009 0.0000000000
402  15.802  7.229  -0.445 0.0000000000
401  16.264  7.161  -0.330 0.0000000000
400  16.569  7.095  -0.180 0.0000000000
391  16.829  7.192  0.078 0.0000000000
589  12.905  7.731  0.882 0.0000000000
387  12.820  7.392  0.839 0.0000000000
390  16.930  7.225  0.361 0.0000000000
389  17.538  7.356  0.347 0.0000000000
388  17.878  7.456  0.217 0.0000000000
584  12.822  7.594  1.128 0.0000000000
376  18.299  7.469  0.707 0.0000000000
375  18.532  7.543  0.817 0.0000000000
362  18.615  7.412  1.002 0.0000000000
582  19.096  7.803  1.050 0.0000000000
578  12.847  7.585  1.581 0.0000000000
374  12.968  7.269  1.201 0.0000000000
361  18.927  7.566  1.148 0.0000000000
360  19.453  7.578  1.360 0.0000000000
566  19.684  7.762  1.724 0.0000000000
564  13.002  7.709  2.052 0.0000000000
344  12.903  7.232  2.141 0.0000000000
359  13.086  7.207  1.597 0.0000000000
345  19.421  7.521  1.676 0.0000000000
567  19.342  7.652  1.827 0.0000000000
552  19.632  7.817  2.013 0.0000000000
551  12.819  7.484  2.362 0.0000000000
553  19.290  7.758  2.108 0.0000000000
337  12.835  7.215  2.705 0.0000000000
336  12.932  7.360  2.822 0.0000000000
544  13.167  7.306  3.630 0.0000000000
328  12.868  7.103  3.400 0.0000000000
332  12.887  7.194  3.001 0.0000000000
540  13.236  7.271  4.003 0.0000000000
325  12.982  7.001  4.084 0.0000000000
324  13.231  6.997  4.377 0.0000000000
319  13.669  7.311  5.063 0.0000000000
535  14.030  7.918  5.214 0.0000000000
318  13.986  7.595  5.080 0.0000000000
531  13.894  7.719  5.269 0.0000000000
525  14.146  7.624  5.808 0.0000000000
312  13.940  7.307  5.513 0.0000000000
520  14.035  8.059  6.358 0.0000000000
524  14.292  7.258  6.012 0.0000000000
306  14.057  7.092  5.813 0.0000000000
519  14.476  7.541  6.351 0.0000000000
299  14.387  7.010  6.216 0.0000000000
305  14.204  7.020  6.002 0.0000000000
515  14.541  7.571  7.000 0.0000000000
295  14.698  7.003  6.732 0.0000000000
512  14.548  7.590  7.484 0.0000000000
292  14.897  7.131  7.349 0.0000000000
505  14.452  7.525  7.673 0.0000000000
287  14.596  7.306  7.799 0.0000000000
497  13.962  7.897  8.281 0.0000000000
288  14.095  7.695  7.790 0.0000000000
221  14.994  6.888  -0.980 0.0000000000
220  15.489  6.899  -1.006 0.0000000000
411  15.450  7.172  -0.985 0.0000000000
403  13.336  7.040  0.022 0.0000000000
212  13.598  6.843  -0.157 0.0000000000
219  13.540  6.861  -0.438 0.0000000000
214  15.761  6.862  -0.532 0.0000000000
405  16.073  6.953  -0.626 0.0000000000
213  16.103  6.913  -0.503 0.0000000000
398  13.295  6.781  0.431 0.0000000000
204  13.484  6.905  0.215 0.0000000000
206  16.140  6.869  -0.264 0.0000000000
205  16.387  6.952  -0.231 0.0000000000
197  16.471  6.830  0.035 0.0000000000
386  13.284  6.983  0.931 0.0000000000
397  13.552  7.043  0.512 0.0000000000
385  13.878  7.092  0.876 0.0000000000
203  13.855  6.837  0.332 0.0000000000
379  16.743  6.982  0.528 0.0000000000
378  17.246  7.136  0.851 0.0000000000
377  17.870  7.213  0.825 0.0000000000
373  13.475  7.142  1.201 0.0000000000
384  14.293  7.154  0.770 0.0000000000
196  14.124  6.928  0.598 0.0000000000
372  13.875  7.127  1.312 0.0000000000
371  13.997  7.168  1.184 0.0000000000
195  14.228  6.977  0.579 0.0000000000
396  14.329  7.049  0.527 0.0000000000
370  14.557  7.269  1.219 0.0000000000
383  14.793  7.225  0.776 0.0000000000
395  14.581  7.137  0.446 0.0000000000
369  14.968  7.263  1.106 0.0000000000
382  15.250  7.217  0.728 0.0000000000
394  15.050  7.109  0.389 0.0000000000
368  15.406  7.230  0.977 0.0000000000
381  15.717  7.184  0.659 0.0000000000
393  15.480  7.043  0.371 0.0000000000
367  15.979  7.124  0.868 0.0000000000
380  16.201  7.048  0.582 0.0000000000
392  15.896  6.970  0.322 0.0000000000
193  16.410  6.831  0.369 0.0000000000
194  16.207  6.857  0.273 0.0000000000
366  16.492  7.206  0.992 0.0000000000
365  17.048  7.168  0.993 0.0000000000
364  17.544  7.215  1.121 0.0000000000
363  17.986  7.227  1.002 0.0000000000
358  13.543  7.125  1.651 0.0000000000
357  13.920  7.122  1.893 0.0000000000
356  14.298  7.295  1.701 0.0000000000
355  14.828  7.417  1.713 0.0000000000
354  15.023  7.240  1.443 0.0000000000
353  15.714  7.339  1.518 0.0000000000
352  16.252  7.293  1.489 0.0000000000
351  16.778  7.253  1.425 0.0000000000
350  17.269  7.240  1.486 0.0000000000
349  17.790  7.287  1.671 0.0000000000
348  18.312  7.257  1.508 0.0000000000
347  18.762  7.322  1.491 0.0000000000
346  18.986  7.290  1.489 0.0000000000
343  13.250  6.993  1.978 0.0000000000
192  13.625  6.915  1.963 0.0000000000
191  13.907  7.041  2.070 0.0000000000
342  13.939  7.044  1.842 0.0000000000
341  14.021  7.191  2.213 0.0000000000
340  14.544  7.335  2.047 0.0000000000
562  14.988  8.027  2.227 0.0000000000
576  15.099  7.956  1.817 0.0000000000
575  15.471  7.762  1.731 0.0000000000
574  15.960  7.757  1.957 0.0000000000
573  16.543  7.562  1.786 0.0000000000
572  17.011  7.516  1.750 0.0000000000
571  17.472  7.499  1.799 0.0000000000
339  17.921  7.367  2.033 0.0000000000
338  18.118  7.320  1.923 0.0000000000
556  17.724  7.580  2.063 0.0000000000
570  17.701  7.413  1.905 0.0000000000
569  18.513  7.497  1.834 0.0000000000
568  19.052  7.582  1.909 0.0000000000
186  12.881  6.874  2.639 0.0000000000
190  12.791  6.860  2.320 0.0000000000
189  13.500  6.814  2.248 0.0000000000
188  13.876  7.005  2.263 0.0000000000
187  14.217  7.058  2.176 0.0000000000
183  13.994  6.868  2.480 0.0000000000
335  14.168  6.968  2.652 0.0000000000
334  14.568  7.368  2.616 0.0000000000
555  18.241  7.604  2.136 0.0000000000
333  12.813  7.085  2.971 0.0000000000
182  12.823  6.912  3.047 0.0000000000
179  13.998  6.805  2.940 0.0000000000
331  14.239  6.998  3.233 0.0000000000
330  14.575  7.240  3.183 0.0000000000
545  14.738  7.808  3.021 0.0000000000
549  14.915  7.984  2.775 0.0000000000
329  12.791  7.052  3.139 0.0000000000
178  14.268  6.890  3.244 0.0000000000
173  14.538  6.766  3.609 0.0000000000
327  14.793  7.253  3.622 0.0000000000
542  14.768  7.678  3.374 0.0000000000
177  12.818  6.936  3.295 0.0000000000
176  13.059  6.714  3.587 0.0000000000
323  14.822  7.094  4.013 0.0000000000
326  15.032  7.301  3.933 0.0000000000
541  14.994  7.634  3.726 0.0000000000
322  15.208  7.295  4.186 0.0000000000
538  15.276  7.617  4.018 0.0000000000
320  13.215  7.055  4.959 0.0000000000
171  12.921  6.560  4.336 0.0000000000
170  14.777  6.764  4.040 0.0000000000
317  14.866  7.013  4.109 0.0000000000
316  14.927  7.000  4.312 0.0000000000
315  15.509  7.163  4.608 0.0000000000
321  15.424  7.335  4.331 0.0000000000
537  15.615  7.529  4.353 0.0000000000
314  13.613  6.766  5.286 0.0000000000
163  13.483  6.596  5.163 0.0000000000
167  13.046  6.602  4.929 0.0000000000
313  13.893  6.771  5.669 0.0000000000
166  14.930  6.968  4.118 0.0000000000
165  15.094  6.647  4.322 0.0000000000
164  15.436  6.568  4.668 0.0000000000
160  15.773  6.758  5.006 0.0000000000
311  15.870  7.111  5.046 0.0000000000
534  15.866  7.513  4.935 0.0000000000
162  13.932  6.636  5.376 0.0000000000
307  14.022  7.025  5.770 0.0000000000
158  13.971  6.821  5.627 0.0000000000
159  16.048  6.931  5.176 0.0000000000
310  16.016  6.984  5.248 0.0000000000
530  15.987  7.289  5.138 0.0000000000
155  16.282  6.701  5.454 0.0000000000
304  16.362  6.993  5.450 0.0000000000
309  16.507  7.251  5.357 0.0000000000
529  16.252  7.563  5.172 0.0000000000
303  16.659  6.975  5.671 0.0000000000
308  16.829  7.279  5.334 0.0000000000
528  16.694  7.651  5.239 0.0000000000
302  17.071  7.185  5.787 0.0000000000
523  17.244  7.615  5.465 0.0000000000
527  17.062  7.892  5.256 0.0000000000
157  14.155  6.709  5.706 0.0000000000
300  14.145  7.079  5.868 0.0000000000
154  16.635  6.540  5.817 0.0000000000
298  16.986  6.926  6.071 0.0000000000
297  17.219  7.147  6.104 0.0000000000
301  17.383  7.260  6.028 0.0000000000
522  17.553  7.520  5.770 0.0000000000
296  17.568  7.247  6.354 0.0000000000
518  17.730  7.621  6.172 0.0000000000
153  14.369  6.778  6.014 0.0000000000
152  14.758  6.531  6.259 0.0000000000
150  16.841  6.520  6.303 0.0000000000
149  17.121  6.687  6.594 0.0000000000
294  17.353  6.820  6.700 0.0000000000
293  17.573  6.860  6.859 0.0000000000
514  17.792  7.495  6.697 0.0000000000
143  14.916  6.754  7.072 0.0000000000
148  15.052  6.517  6.798 0.0000000000
145  17.298  6.544  6.904 0.0000000000
144  17.524  6.756  6.902 0.0000000000
139  17.629  6.629  7.192 0.0000000000
290  17.830  7.094  7.064 0.0000000000
291  15.090  6.932  7.614 0.0000000000
142  15.217  6.497  7.309 0.0000000000
286  14.906  7.037  7.723 0.0000000000
136  14.977  6.826  7.849 0.0000000000
138  18.052  6.846  7.404 0.0000000000
289  17.986  7.056  7.205 0.0000000000
509  17.933  7.473  7.097 0.0000000000
283  14.135  7.737  8.158 0.0000000000
282  14.563  7.402  8.270 0.0000000000
137  14.788  6.974  7.769 0.0000000000
217  14.273  6.840  -0.560 0.0000000000
216  14.774  6.814  -0.567 0.0000000000
215  15.261  6.806  -0.580 0.0000000000
211  14.050  6.824  -0.131 0.0000000000
210  14.542  6.817  -0.151 0.0000000000
209  15.034  6.779  -0.177 0.0000000000
208  15.477  6.766  -0.204 0.0000000000
207  15.832  6.786  -0.177 0.0000000000
202  14.307  6.903  0.310 0.0000000000
201  14.800  6.894  0.178 0.0000000000
200  15.259  6.841  0.135 0.0000000000
199  15.668  6.809  0.097 0.0000000000
198  16.045  6.798  0.046 0.0000000000
185  12.965  6.722  2.782 0.0000000000
184  13.644  6.807  2.616 0.0000000000
181  13.099  6.737  3.049 0.0000000000
180  13.230  6.698  3.155 0.0000000000
175  13.553  6.692  3.409 0.0000000000
174  14.057  6.725  3.496 0.0000000000
90  13.135  6.314  4.083 0.0000000000
89  13.520  6.351  3.845 0.0000000000
88  14.168  6.304  3.729 0.0000000000
87  14.212  6.497  3.748 0.0000000000
82  14.396  6.276  4.100 0.0000000000
172  12.892  6.365  4.441 0.0000000000
85  13.109  6.283  4.396 0.0000000000
168  12.900  6.414  4.595 0.0000000000
81  14.886  6.416  4.238 0.0000000000
169  14.979  6.780  4.099 0.0000000000
80  12.832  6.381  4.771 0.0000000000
86  12.933  6.299  4.519 0.0000000000
73  13.253  6.141  4.808 0.0000000000
79  13.468  6.236  4.772 0.0000000000
75  15.184  6.250  4.763 0.0000000000
74  15.392  6.248  4.961 0.0000000000
68  15.580  6.193  5.122 0.0000000000
72  13.777  6.306  5.108 0.0000000000
161  14.104  6.545  5.413 0.0000000000
71  14.252  6.321  5.291 0.0000000000
67  15.880  6.389  5.184 0.0000000000
156  14.499  6.502  5.865 0.0000000000
66  14.432  6.367  5.647 0.0000000000
65  14.902  6.010  5.703 0.0000000000
62  16.192  6.190  5.712 0.0000000000
61  16.547  6.238  6.063 0.0000000000
151  14.951  6.045  6.720 0.0000000000
60  14.773  6.014  6.300 0.0000000000
147  15.120  6.143  6.926 0.0000000000
55  15.005  5.903  6.705 0.0000000000
59  14.842  5.939  6.550 0.0000000000
57  16.577  6.248  6.341 0.0000000000
52  16.606  6.243  6.768 0.0000000000
146  16.975  6.438  6.724 0.0000000000
50  15.236  6.011  7.051 0.0000000000
51  16.979  6.079  7.214 0.0000000000
140  17.283  6.378  7.127 0.0000000000
141  15.480  6.242  7.425 0.0000000000
49  15.669  6.088  7.256 0.0000000000
135  15.567  6.467  7.749 0.0000000000
46  17.265  6.284  7.449 0.0000000000
45  17.611  6.367  7.552 0.0000000000
133  17.890  6.591  7.748 0.0000000000
131  14.860  6.937  8.176 0.0000000000
130  15.271  6.826  8.358 0.0000000000
134  16.022  6.387  7.970 0.0000000000
44  15.998  6.262  7.660 0.0000000000
129  15.744  6.588  8.241 0.0000000000
128  16.051  6.437  8.248 0.0000000000
39  16.284  6.315  8.146 0.0000000000
43  16.417  6.255  7.823 0.0000000000
281  14.855  6.892  8.488 0.0000000000
124  15.322  6.930  8.841 0.0000000000
123  15.552  6.721  8.617 0.0000000000
276  15.100  7.110  8.923 0.0000000000
122  15.884  6.616  8.586 0.0000000000
34  16.323  6.322  8.547 0.0000000000
118  15.274  6.986  9.045 0.0000000000
117  15.542  6.779  9.012 0.0000000000
116  16.091  6.689  9.032 0.0000000000
84  13.611  6.051  4.206 0.0000000000
83  14.110  6.167  4.149 0.0000000000
78  14.069  6.056  4.724 0.0000000000
77  14.180  6.155  4.852 0.0000000000
76  14.653  6.077  4.942 0.0000000000
70  14.721  6.140  5.099 0.0000000000
69  14.997  6.049  5.368 0.0000000000
64  15.206  5.902  5.623 0.0000000000
12  15.153  5.915  5.713 0.0000000000
15  15.330  5.913  5.496 0.0000000000
14  15.423  5.949  5.354 0.0000000000
11  15.691  5.913  5.616 0.0000000000
63  15.867  6.167  5.434 0.0000000000
9  14.967  5.836  6.043 0.0000000000
13  14.980  5.914  5.829 0.0000000000
10  16.102  5.900  5.923 0.0000000000
58  16.311  6.024  6.257 0.0000000000
56  14.888  5.868  6.400 0.0000000000
6  16.138  5.865  6.134 0.0000000000
2  16.079  5.836  6.350 0.0000000000
53  16.060  6.001  6.769 0.0000000000
5  14.820  5.767  6.180 0.0000000000
1  15.196  5.893  6.849 0.0000000000
4  15.271  5.794  6.578 0.0000000000
3  15.719  5.790  6.523 0.0000000000
54  15.966  5.924  7.063 0.0000000000
48  16.259  6.199  7.292 0.0000000000
47  16.796  6.238  7.459 0.0000000000
0  15.448  5.794  6.918 0.0000000000
42  16.842  6.234  7.944 0.0000000000
41  17.165  6.253  7.887 0.0000000000
40  17.528  6.295  7.829 0.0000000000
38  16.666  6.245  8.232 0.0000000000
37  17.138  6.241  8.249 0.0000000000
36  17.731  6.336  8.135 0.0000000000
33  16.924  6.255  8.645 0.0000000000
32  17.460  6.266  8.592 0.0000000000
28  16.561  6.290  8.885 0.0000000000
27  16.959  6.215  8.893 0.0000000000
26  17.246  6.281  8.958 0.0000000000
25  17.684  6.287  8.971 0.0000000000
31  17.838  6.127  8.738 0.0000000000
115  16.588  6.399  9.171 0.0000000000
22  16.869  6.320  9.153 0.0000000000
21  17.076  6.301  9.264 0.0000000000
20  17.545  6.317  9.508 0.0000000000
111  16.801  6.550  9.555 0.0000000000
110  17.154  6.513  9.702 0.0000000000
8  15.399  5.801  6.080 0.0000000000
7  15.928  5.792  6.044 0.0000000000
730  17.863  7.894  6.934 0.0000000000
742  17.797  8.128  6.521 0.0000000000
750  17.717  7.939  6.012 0.0000000000
757  17.813  7.912  6.012 0.0000000000
758  17.513  8.002  5.734 0.0000000000
761  17.047  8.042  5.252 0.0000000000
762  16.769  8.014  5.186 0.0000000000
763  16.523  7.861  5.206 0.0000000000
533  16.119  7.759  4.962 0.0000000000
767  16.335  7.988  5.043 0.0000000000
768  15.990  7.959  4.713 0.0000000000
777  15.596  8.029  4.215 0.0000000000
778  15.224  7.927  3.880 0.0000000000
789  14.916  8.066  3.511 0.0000000000
790  14.792  7.967  3.221 0.0000000000
802  14.851  8.097  3.074 0.0000000000
816  14.900  8.131  2.936 0.0000000000
548  14.963  7.947  2.622 0.0000000000
561  14.989  8.003  2.503 0.0000000000
815  15.078  8.232  2.903 0.0000000000
822  19.187  7.954  2.433 0.0000000000
554  18.805  7.735  2.113 0.0000000000
823  18.624  7.998  2.354 0.0000000000
824  18.042  7.969  2.279 0.0000000000
825  17.489  7.982  2.254 0.0000000000
557  17.224  7.754  2.018 0.0000000000
826  17.109  7.886  2.179 0.0000000000
558  16.793  7.781  2.027 0.0000000000
827  16.685  8.021  2.242 0.0000000000
559  16.406  7.833  2.086 0.0000000000
828  16.299  8.166  2.246 0.0000000000
560  16.137  7.918  2.153 0.0000000000
829  15.878  8.164  2.193 0.0000000000
830  15.283  8.262  2.346 0.0000000000
831  14.947  8.171  2.036 0.0000000000
836  15.909  8.002  2.129 0.0000000000
837  15.663  8.056  1.930 0.0000000000
838  15.268  8.125  1.854 0.0000000000
741  18.000  8.209  6.885 0.0000000000
1091  18.028  8.616  6.716 0.0000000000
1092  17.805  8.667  6.430 0.0000000000
1107  17.622  8.486  6.173 0.0000000000
751  17.655  8.146  5.946 0.0000000000
1108  17.655  8.225  5.995 0.0000000000
1123  17.451  8.573  5.861 0.0000000000
1141  17.262  8.362  5.462 0.0000000000
1142  16.890  8.432  5.167 0.0000000000
766  16.710  8.171  5.089 0.0000000000
1157  16.714  8.425  4.927 0.0000000000
1158  16.416  8.445  4.645 0.0000000000
776  16.087  8.275  4.372 0.0000000000
1171  16.424  8.624  4.233 0.0000000000
787  15.958  8.308  3.893 0.0000000000
1182  16.339  8.626  3.949 0.0000000000
788  15.400  8.207  3.859 0.0000000000
1179  19.145  8.736  3.969 0.0000000000
798  19.098  8.284  3.420 0.0000000000
786  19.106  8.459  3.770 0.0000000000
1180  18.907  8.657  3.741 0.0000000000
800  15.722  8.368  3.631 0.0000000000
799  16.210  8.378  3.295 0.0000000000
1192  16.225  8.652  3.402 0.0000000000
1184  14.786  8.157  3.719 0.0000000000
1183  15.371  8.437  3.589 0.0000000000
801  14.948  8.186  3.174 0.0000000000
1194  15.165  8.315  3.252 0.0000000000
810  19.021  8.202  2.861 0.0000000000
1189  18.703  8.546  3.412 0.0000000000
1200  18.941  8.313  3.124 0.0000000000
1193  15.686  8.577  3.341 0.0000000000
811  18.379  8.259  2.606 0.0000000000
1201  18.610  8.442  2.971 0.0000000000
812  17.954  8.123  2.428 0.0000000000
1202  18.075  8.565  2.834 0.0000000000
813  17.301  8.241  2.484 0.0000000000
1203  17.589  8.530  2.766 0.0000000000
814  16.956  8.204  2.384 0.0000000000
1204  17.068  8.551  2.754 0.0000000000
1213  16.624  8.457  2.436 0.0000000000
1207  15.434  8.595  2.963 0.0000000000
1216  15.321  8.474  2.715 0.0000000000
1214  15.941  8.752  2.553 0.0000000000
1215  15.609  8.647  2.531 0.0000000000
1467  17.898  8.977  6.507 0.0000000000
1487  17.791  8.930  6.170 0.0000000000
1122  17.680  8.792  6.022 0.0000000000
1511  17.655  9.023  5.739 0.0000000000
1512  17.485  9.203  5.481 0.0000000000
1124  17.205  8.757  5.340 0.0000000000
1513  17.003  8.926  5.046 0.0000000000
1539  16.974  8.902  5.008 0.0000000000
1494  11.416  8.857  5.888 0.0000000000
1563  16.962  8.924  4.886 0.0000000000
1170  16.739  8.818  4.559 0.0000000000
1576  19.794  8.825  4.365 0.0000000000
1577  19.320  9.015  4.313 0.0000000000
1582  16.968  9.073  4.248 0.0000000000
1181  16.754  8.930  4.045 0.0000000000
1589  18.816  9.129  4.022 0.0000000000
1590  18.744  9.028  3.917 0.0000000000
1601  18.718  8.833  3.696 0.0000000000
1594  16.825  9.056  3.853 0.0000000000
1595  16.675  8.887  3.924 0.0000000000
1606  16.542  8.974  3.654 0.0000000000
1190  18.294  8.738  3.166 0.0000000000
1602  18.444  8.931  3.541 0.0000000000
1191  17.987  8.764  3.070 0.0000000000
1603  17.901  8.969  3.314 0.0000000000
1613  17.811  8.762  2.991 0.0000000000
1206  16.101  8.835  3.013 0.0000000000
1205  16.465  8.972  2.990 0.0000000000
1616  16.608  9.015  3.211 0.0000000000
1614  17.477  8.864  2.977 0.0000000000
1615  16.883  9.091  3.125 0.0000000000
1486  18.028  9.184  6.294 0.0000000000
1510  17.880  9.121  6.059 0.0000000000
1955  18.122  9.306  5.952 0.0000000000
1956  18.041  9.257  5.912 0.0000000000
1538  17.290  9.088  5.159 0.0000000000
1537  17.727  9.261  5.232 0.0000000000
1521  11.253  9.322  5.770 0.0000000000
1960  11.419  9.682  5.923 0.0000000000
1975  18.165  9.538  5.598 0.0000000000
1562  17.349  9.175  4.709 0.0000000000
1561  17.788  9.246  4.647 0.0000000000
1990  18.088  9.385  5.044 0.0000000000
1560  18.151  9.286  4.618 0.0000000000
1580  17.949  9.221  4.200 0.0000000000
1581  17.470  9.205  4.185 0.0000000000
1558  19.226  9.254  4.764 0.0000000000
1557  19.690  9.122  4.658 0.0000000000
1578  18.913  9.186  4.393 0.0000000000
1559  19.003  9.278  4.692 0.0000000000
2001  18.832  9.309  4.676 0.0000000000
1579  18.448  9.251  4.313 0.0000000000
2002  18.683  9.296  4.540 0.0000000000
1989  18.554  9.417  4.825 0.0000000000
1591  18.190  9.138  3.817 0.0000000000
1592  17.678  9.186  3.747 0.0000000000
1593  17.184  9.183  3.778 0.0000000000
1604  17.375  9.125  3.339 0.0000000000
1605  16.912  9.157  3.437 0.0000000000
1918  11.925  9.833  6.875 0.0000000000
1939  11.606  9.965  6.342 0.0000000000
1936  18.391  9.482  6.239 0.0000000000
1954  18.640  9.586  5.771 0.0000000000
1974  18.365  9.491  5.401 0.0000000000
1973  18.881  9.512  5.243 0.0000000000
1988  18.990  9.394  4.911 0.0000000000
2020  12.205  10.053  3.374 0.0000000000
2026  12.710  10.002  3.037 0.0000000000
2392  12.309  10.126  3.142 0.0000000000
2411  12.417  9.903  2.933 0.0000000000
2410  12.519  10.181  2.873 0.0000000000
1987  19.107  9.366  4.954 0.0000000000
1972  19.243  9.380  5.130 0.0000000000
1953  19.262  9.597  5.635 0.0000000000
1971  19.663  9.373  5.310 0.0000000000
1536  19.579  9.239  4.993 0.0000000000
