#!ascii label  , from subject  vox2ras=TkReg
1438
34932  24.258  26.866  31.899 0.0000000000
33218  24.521  26.483  31.961 0.0000000000
33205  24.229  26.377  32.328 0.0000000000
34922  23.980  26.704  32.235 0.0000000000
34931  24.748  26.902  31.666 0.0000000000
34933  23.922  27.000  32.027 0.0000000000
36665  24.559  27.390  31.691 0.0000000000
36666  24.098  27.401  31.845 0.0000000000
34923  23.592  26.846  32.570 0.0000000000
36667  23.857  27.316  32.022 0.0000000000
36676  24.942  27.380  31.347 0.0000000000
38326  24.358  27.864  31.746 0.0000000000
38325  24.795  27.879  31.408 0.0000000000
38327  23.958  27.855  31.897 0.0000000000
36657  23.436  27.397  32.470 0.0000000000
38315  23.760  27.858  32.222 0.0000000000
34943  25.054  27.079  31.370 0.0000000000
36675  25.272  27.457  31.240 0.0000000000
38339  25.049  28.024  31.179 0.0000000000
38316  23.470  27.787  32.654 0.0000000000
38306  23.654  28.101  32.584 0.0000000000
39967  23.850  28.251  32.182 0.0000000000
39982  23.946  28.304  31.973 0.0000000000
36658  23.275  27.530  32.882 0.0000000000
38307  23.067  27.966  32.926 0.0000000000
39980  24.567  27.973  31.729 0.0000000000
39996  24.997  28.383  31.239 0.0000000000
39981  24.126  28.149  31.898 0.0000000000
38338  25.481  27.905  30.987 0.0000000000
39995  25.302  28.260  31.020 0.0000000000
39954  23.777  28.490  32.435 0.0000000000
41620  23.975  28.633  32.236 0.0000000000
41637  24.648  28.634  31.579 0.0000000000
41638  24.231  28.844  31.948 0.0000000000
41639  24.010  28.591  32.038 0.0000000000
40019  25.528  28.444  30.815 0.0000000000
41655  25.399  28.785  31.071 0.0000000000
41656  24.944  28.890  31.254 0.0000000000
38359  25.770  28.081  30.816 0.0000000000
40018  25.983  28.426  30.751 0.0000000000
41679  25.549  28.719  30.927 0.0000000000
41678  25.769  28.927  30.879 0.0000000000
41601  23.780  28.910  32.742 0.0000000000
41619  24.185  29.050  32.483 0.0000000000
43322  24.776  29.213  31.552 0.0000000000
43311  24.274  29.433  32.189 0.0000000000
43323  24.443  29.431  31.841 0.0000000000
41654  25.640  28.965  31.033 0.0000000000
43329  25.596  29.203  31.100 0.0000000000
43330  25.161  29.306  31.309 0.0000000000
43331  24.987  29.218  31.131 0.0000000000
41677  26.347  28.879  30.727 0.0000000000
43345  25.821  29.507  30.879 0.0000000000
43344  26.229  29.394  30.735 0.0000000000
43292  24.135  29.550  32.632 0.0000000000
45029  24.349  29.883  32.319 0.0000000000
45039  24.546  29.753  32.048 0.0000000000
43321  25.019  29.375  31.517 0.0000000000
45037  25.050  29.680  31.606 0.0000000000
45038  24.718  29.736  31.795 0.0000000000
45047  25.566  29.751  31.137 0.0000000000
45048  25.263  29.834  31.352 0.0000000000
43343  26.791  29.359  30.721 0.0000000000
45059  26.637  29.859  30.733 0.0000000000
45060  26.148  29.858  30.755 0.0000000000
45061  25.842  29.924  30.888 0.0000000000
45011  24.143  30.074  32.709 0.0000000000
46666  24.390  30.408  32.385 0.0000000000
45028  24.650  30.058  32.067 0.0000000000
46679  24.884  30.215  31.789 0.0000000000
46678  25.191  30.238  31.507 0.0000000000
46692  25.429  30.179  31.235 0.0000000000
46691  25.784  30.319  31.020 0.0000000000
45058  27.246  29.869  30.789 0.0000000000
46700  27.010  30.377  30.813 0.0000000000
46701  26.445  30.288  30.778 0.0000000000
46702  26.051  30.193  30.802 0.0000000000
46655  24.241  30.495  32.922 0.0000000000
46665  24.719  30.435  32.038 0.0000000000
48239  24.337  30.893  32.670 0.0000000000
48238  24.753  30.873  32.240 0.0000000000
48250  25.117  30.791  31.818 0.0000000000
48269  25.478  30.738  31.275 0.0000000000
48251  24.861  30.590  31.940 0.0000000000
48268  26.099  30.884  31.101 0.0000000000
48287  26.183  30.538  30.857 0.0000000000
46699  27.629  30.388  30.965 0.0000000000
48285  27.340  30.864  31.014 0.0000000000
48286  26.677  30.873  30.917 0.0000000000
48237  25.060  31.071  32.165 0.0000000000
49838  24.880  31.386  32.345 0.0000000000
49839  24.571  31.198  32.576 0.0000000000
48225  24.244  30.881  33.009 0.0000000000
49824  24.426  31.160  32.854 0.0000000000
49837  25.221  31.353  32.002 0.0000000000
49852  25.350  31.329  31.516 0.0000000000
48267  26.434  31.131  31.012 0.0000000000
49868  26.290  31.365  31.138 0.0000000000
49869  25.824  31.316  31.268 0.0000000000
48284  27.858  30.854  31.046 0.0000000000
49884  27.630  31.266  31.072 0.0000000000
49885  27.153  31.321  31.129 0.0000000000
49867  26.704  31.373  31.067 0.0000000000
49802  24.405  31.304  33.096 0.0000000000
49823  24.708  31.463  32.836 0.0000000000
51439  25.150  31.836  32.172 0.0000000000
51450  25.352  31.842  31.754 0.0000000000
51440  24.827  31.879  32.522 0.0000000000
51463  25.657  31.829  31.381 0.0000000000
51461  26.556  31.772  31.076 0.0000000000
51474  26.837  31.914  31.067 0.0000000000
51462  26.117  31.761  31.236 0.0000000000
49883  28.155  31.074  30.988 0.0000000000
51472  27.863  31.550  30.928 0.0000000000
51473  27.528  31.774  30.974 0.0000000000
53017  25.188  32.337  32.410 0.0000000000
53027  25.351  32.262  31.973 0.0000000000
51428  24.774  31.886  32.859 0.0000000000
53018  24.928  32.165  32.750 0.0000000000
53036  25.608  32.402  31.631 0.0000000000
53034  26.360  32.115  31.127 0.0000000000
53050  26.786  32.302  30.944 0.0000000000
53035  25.980  32.236  31.312 0.0000000000
51494  27.900  32.063  30.665 0.0000000000
51495  27.646  32.167  30.803 0.0000000000
53049  27.309  32.213  30.791 0.0000000000
53071  27.573  32.540  30.481 0.0000000000
53007  25.190  32.459  32.842 0.0000000000
54464  25.306  32.948  32.540 0.0000000000
54475  25.622  32.784  32.052 0.0000000000
53008  24.875  32.161  32.968 0.0000000000
54487  26.303  32.610  31.179 0.0000000000
54488  25.851  32.785  31.488 0.0000000000
54489  25.771  32.865  31.781 0.0000000000
54504  27.105  32.906  30.714 0.0000000000
54505  26.693  32.826  30.909 0.0000000000
54453  25.261  32.938  33.011 0.0000000000
55970  25.333  33.500  33.135 0.0000000000
54463  25.618  33.123  32.218 0.0000000000
55969  25.468  33.448  32.421 0.0000000000
54474  25.778  33.068  32.034 0.0000000000
55979  25.809  33.057  31.930 0.0000000000
55996  25.818  33.057  31.891 0.0000000000
55994  26.137  33.140  31.467 0.0000000000
56013  26.242  32.838  31.120 0.0000000000
55995  25.870  33.182  31.780 0.0000000000
54523  27.332  33.252  30.302 0.0000000000
56012  26.804  33.348  30.897 0.0000000000
56033  27.033  33.789  30.525 0.0000000000
55978  25.767  33.383  32.020 0.0000000000
57480  25.439  34.161  32.751 0.0000000000
57479  25.581  33.706  32.269 0.0000000000
55960  25.426  33.366  33.209 0.0000000000
57470  25.501  33.774  33.130 0.0000000000
57493  25.656  33.962  32.038 0.0000000000
57514  25.905  33.841  31.533 0.0000000000
57513  25.947  33.591  31.726 0.0000000000
57535  26.393  33.654  31.094 0.0000000000
56011  26.952  33.623  30.875 0.0000000000
57534  26.809  33.597  30.926 0.0000000000
56049  26.920  33.710  29.807 0.0000000000
56032  26.929  33.732  30.791 0.0000000000
57558  26.769  33.777  30.772 0.0000000000
56050  26.844  33.973  30.015 0.0000000000
56034  26.724  34.038  30.136 0.0000000000
57559  26.496  34.152  30.364 0.0000000000
57572  26.483  34.099  29.707 0.0000000000
57469  25.479  33.608  33.314 0.0000000000
57454  25.401  33.693  33.311 0.0000000000
58917  25.297  34.100  33.256 0.0000000000
58931  25.501  34.287  32.952 0.0000000000
58940  25.552  34.559  32.395 0.0000000000
57494  25.663  34.281  32.163 0.0000000000
58958  25.742  34.553  31.662 0.0000000000
58959  25.624  34.576  32.001 0.0000000000
58977  25.899  34.720  31.027 0.0000000000
57536  26.149  34.394  30.774 0.0000000000
57533  27.142  33.739  30.954 0.0000000000
57557  26.898  33.655  30.890 0.0000000000
58997  25.975  34.932  30.244 0.0000000000
57560  26.095  34.664  30.191 0.0000000000
59016  26.118  34.517  29.800 0.0000000000
59017  25.889  34.985  29.733 0.0000000000
57571  26.672  33.928  29.664 0.0000000000
59025  26.090  34.410  29.500 0.0000000000
57583  26.639  33.892  29.497 0.0000000000
57584  26.326  33.896  29.237 0.0000000000
57573  25.952  34.180  29.230 0.0000000000
57455  25.082  33.856  33.462 0.0000000000
58918  24.905  34.412  33.544 0.0000000000
60376  25.340  34.626  33.148 0.0000000000
57456  24.636  33.817  33.594 0.0000000000
58919  24.448  34.168  33.834 0.0000000000
58901  24.609  34.565  33.828 0.0000000000
58900  24.764  34.628  33.701 0.0000000000
60360  24.752  34.908  33.686 0.0000000000
60377  25.117  34.990  33.313 0.0000000000
57457  24.151  33.709  33.715 0.0000000000
58920  23.952  34.163  33.904 0.0000000000
58902  24.263  34.469  33.946 0.0000000000
60388  25.493  34.796  32.726 0.0000000000
60402  25.536  34.918  32.305 0.0000000000
60428  25.560  35.010  31.812 0.0000000000
60427  25.681  34.915  31.508 0.0000000000
60443  25.766  35.102  31.187 0.0000000000
60468  25.770  35.273  30.714 0.0000000000
59018  25.759  35.072  29.917 0.0000000000
58998  25.575  35.053  30.228 0.0000000000
60469  25.399  35.426  30.138 0.0000000000
60488  25.489  35.117  29.694 0.0000000000
59026  25.769  34.692  29.368 0.0000000000
60487  25.702  35.023  29.510 0.0000000000
60494  25.900  35.167  29.009 0.0000000000
60361  24.369  34.831  33.937 0.0000000000
61926  24.368  35.009  34.110 0.0000000000
61925  24.737  35.264  33.675 0.0000000000
61941  24.884  35.417  33.357 0.0000000000
60389  25.401  35.127  32.936 0.0000000000
61956  25.167  35.380  33.070 0.0000000000
60403  25.383  35.136  32.442 0.0000000000
61980  25.139  35.521  32.604 0.0000000000
60429  25.583  34.951  32.005 0.0000000000
62008  25.303  35.530  31.978 0.0000000000
60444  25.632  35.076  31.410 0.0000000000
62007  25.440  35.466  31.591 0.0000000000
62030  25.565  35.429  31.208 0.0000000000
62029  25.748  35.338  31.084 0.0000000000
62052  25.725  35.397  31.000 0.0000000000
62053  25.501  35.708  30.712 0.0000000000
60489  24.963  35.313  29.596 0.0000000000
60470  24.742  35.539  29.929 0.0000000000
62054  24.972  35.885  30.466 0.0000000000
60495  25.525  34.967  29.398 0.0000000000
60496  25.093  35.006  29.366 0.0000000000
58999  24.505  35.046  29.743 0.0000000000
59019  24.682  34.899  29.456 0.0000000000
63625  24.649  35.489  33.723 0.0000000000
63637  24.761  35.504  33.560 0.0000000000
61957  24.964  35.717  32.998 0.0000000000
61942  25.031  35.896  33.002 0.0000000000
63638  24.602  35.817  33.347 0.0000000000
63655  24.697  35.985  32.753 0.0000000000
61981  24.860  36.072  32.693 0.0000000000
63678  24.963  35.907  32.165 0.0000000000
63679  24.787  36.105  32.261 0.0000000000
63698  25.299  35.819  31.378 0.0000000000
63699  24.967  36.082  31.650 0.0000000000
63717  25.267  36.035  31.000 0.0000000000
63732  25.125  36.036  30.770 0.0000000000
65397  24.392  36.196  32.992 0.0000000000
65423  24.422  36.309  32.409 0.0000000000
63700  24.971  36.094  31.899 0.0000000000
65445  24.732  36.381  31.815 0.0000000000
63718  24.905  36.113  30.964 0.0000000000
65444  25.125  36.357  31.755 0.0000000000
65459  24.920  36.308  31.453 0.0000000000
63733  25.096  36.004  30.761 0.0000000000
55959  25.483  33.597  33.364 0.0000000000
57453  25.704  33.647  33.507 0.0000000000
55945  24.332  33.308  33.472 0.0000000000
55946  23.859  33.211  33.550 0.0000000000
57458  23.673  33.666  33.695 0.0000000000
55944  24.814  33.414  33.361 0.0000000000
55943  25.282  33.527  33.316 0.0000000000
55942  25.635  33.606  33.533 0.0000000000
54436  25.030  32.979  33.231 0.0000000000
54438  24.043  32.768  33.392 0.0000000000
54439  23.588  32.661  33.424 0.0000000000
55947  23.406  33.146  33.494 0.0000000000
54437  24.525  32.842  33.312 0.0000000000
52992  25.093  32.517  33.133 0.0000000000
52995  23.776  32.144  33.340 0.0000000000
52996  23.302  32.133  33.366 0.0000000000
54440  23.148  32.621  33.403 0.0000000000
52994  24.221  32.239  33.292 0.0000000000
52993  24.697  32.296  33.189 0.0000000000
51409  24.669  31.731  33.074 0.0000000000
51412  23.439  31.682  33.334 0.0000000000
51413  23.022  31.679  33.378 0.0000000000
52997  22.899  32.128  33.363 0.0000000000
51411  23.897  31.704  33.288 0.0000000000
51410  24.330  31.745  33.234 0.0000000000
49805  23.137  31.267  33.345 0.0000000000
49806  22.741  31.240  33.339 0.0000000000
51414  22.590  31.698  33.340 0.0000000000
49804  23.567  31.272  33.308 0.0000000000
49803  24.008  31.279  33.256 0.0000000000
49801  24.641  31.463  33.055 0.0000000000
48209  22.882  30.845  33.319 0.0000000000
48210  22.458  30.811  33.281 0.0000000000
49807  22.267  31.259  33.311 0.0000000000
48208  23.282  30.871  33.327 0.0000000000
48207  23.713  30.867  33.289 0.0000000000
48206  24.074  30.878  33.202 0.0000000000
48283  28.198  30.932  31.035 0.0000000000
46698  28.303  30.448  31.106 0.0000000000
46637  24.119  30.567  33.155 0.0000000000
46641  22.674  30.393  33.273 0.0000000000
46642  22.230  30.309  33.251 0.0000000000
48211  21.970  30.751  33.264 0.0000000000
46640  23.070  30.447  33.302 0.0000000000
46639  23.484  30.472  33.293 0.0000000000
46638  23.870  30.495  33.256 0.0000000000
45057  27.891  29.836  31.003 0.0000000000
46656  24.003  30.246  33.056 0.0000000000
44989  22.505  29.885  33.254 0.0000000000
44990  22.049  29.742  33.251 0.0000000000
46643  21.708  30.173  33.252 0.0000000000
44988  22.920  29.985  33.276 0.0000000000
44987  23.321  30.048  33.279 0.0000000000
44986  23.708  30.128  33.180 0.0000000000
43342  27.420  29.324  30.788 0.0000000000
45056  28.645  29.715  31.085 0.0000000000
43341  28.049  29.224  30.978 0.0000000000
45012  23.885  29.892  32.886 0.0000000000
43274  22.346  29.328  33.267 0.0000000000
43275  22.079  29.157  33.185 0.0000000000
44991  21.437  29.541  33.334 0.0000000000
43273  22.767  29.479  33.261 0.0000000000
43272  23.172  29.586  33.223 0.0000000000
45013  23.565  29.715  33.093 0.0000000000
41676  26.931  28.832  30.729 0.0000000000
41675  27.537  28.769  30.789 0.0000000000
43340  28.611  29.001  31.151 0.0000000000
41674  28.118  28.649  30.924 0.0000000000
41600  23.997  29.214  32.730 0.0000000000
43293  23.794  29.428  32.827 0.0000000000
41590  22.196  28.934  33.321 0.0000000000
41591  21.806  28.771  33.593 0.0000000000
43276  21.371  29.123  33.357 0.0000000000
41589  22.678  29.046  33.212 0.0000000000
41588  23.039  29.104  33.233 0.0000000000
43294  23.411  29.258  32.993 0.0000000000
40017  26.503  28.360  30.733 0.0000000000
40016  27.062  28.309  30.743 0.0000000000
40015  27.627  28.241  30.784 0.0000000000
41673  28.628  28.447  31.070 0.0000000000
40014  28.165  28.134  30.861 0.0000000000
39955  23.326  28.448  32.788 0.0000000000
41602  23.222  28.798  32.996 0.0000000000
41574  21.908  28.604  33.726 0.0000000000
41575  21.760  28.530  33.941 0.0000000000
41592  21.616  28.773  33.741 0.0000000000
39945  22.268  28.201  33.540 0.0000000000
39935  22.081  28.198  34.072 0.0000000000
39944  22.735  28.605  33.048 0.0000000000
41603  22.950  28.772  33.108 0.0000000000
38358  26.147  27.901  30.794 0.0000000000
38357  26.668  27.856  30.762 0.0000000000
38356  27.191  27.808  30.760 0.0000000000
38355  27.716  27.745  30.779 0.0000000000
40013  28.638  27.985  30.929 0.0000000000
38354  28.219  27.663  30.815 0.0000000000
39956  22.931  28.321  32.956 0.0000000000
38298  22.310  27.805  33.597 0.0000000000
38289  22.108  27.970  33.902 0.0000000000
38297  22.695  27.892  33.216 0.0000000000
39936  21.939  28.009  33.987 0.0000000000
38337  25.832  27.779  30.909 0.0000000000
36689  26.015  27.436  30.954 0.0000000000
36688  26.379  27.425  30.856 0.0000000000
36687  26.830  27.374  30.805 0.0000000000
36686  27.322  27.327  30.780 0.0000000000
36685  27.820  27.270  30.774 0.0000000000
38353  28.661  27.574  30.850 0.0000000000
36684  28.313  27.218  30.784 0.0000000000
36674  25.670  27.452  31.154 0.0000000000
36649  23.176  27.441  33.077 0.0000000000
38296  23.004  27.730  33.098 0.0000000000
38308  22.997  27.982  32.886 0.0000000000
36639  22.127  27.666  34.018 0.0000000000
36638  22.524  27.385  33.592 0.0000000000
36637  22.989  27.392  33.261 0.0000000000
36627  22.123  27.623  34.092 0.0000000000
38290  22.042  28.005  33.998 0.0000000000
34956  26.210  27.122  31.033 0.0000000000
34941  26.034  26.879  31.194 0.0000000000
34955  26.531  26.953  30.983 0.0000000000
34954  26.988  26.914  30.866 0.0000000000
34953  27.451  26.847  30.797 0.0000000000
34952  27.946  26.794  30.768 0.0000000000
36683  28.806  27.193  30.773 0.0000000000
34951  28.434  26.779  30.751 0.0000000000
34942  25.413  26.982  31.320 0.0000000000
34924  23.285  27.124  32.871 0.0000000000
34915  23.217  27.039  33.076 0.0000000000
34905  22.771  27.009  33.754 0.0000000000
36626  22.597  27.096  34.038 0.0000000000
34904  22.925  26.911  33.487 0.0000000000
36614  22.360  27.372  34.292 0.0000000000
36615  22.064  27.733  34.292 0.0000000000
36628  21.968  27.825  33.771 0.0000000000
34894  22.830  26.850  33.932 0.0000000000
36613  22.722  27.031  34.269 0.0000000000
34940  26.228  26.807  31.168 0.0000000000
33240  26.777  26.619  31.068 0.0000000000
33225  26.463  26.478  31.232 0.0000000000
33239  27.122  26.416  30.969 0.0000000000
33238  27.586  26.364  30.814 0.0000000000
33237  28.114  26.266  30.746 0.0000000000
34950  28.842  26.755  30.689 0.0000000000
33236  28.573  26.430  30.702 0.0000000000
34930  25.058  26.780  31.572 0.0000000000
33227  25.721  26.652  31.377 0.0000000000
33216  25.385  26.452  31.635 0.0000000000
33226  26.048  26.454  31.356 0.0000000000
33217  24.922  26.389  31.863 0.0000000000
33206  23.892  26.443  32.556 0.0000000000
33194  23.734  26.369  33.015 0.0000000000
34914  23.332  26.704  33.196 0.0000000000
33180  23.337  26.364  33.564 0.0000000000
34903  23.138  26.679  33.479 0.0000000000
33181  23.054  26.688  33.652 0.0000000000
34893  22.938  26.770  33.746 0.0000000000
33169  22.841  26.724  33.857 0.0000000000
34881  22.817  26.791  34.360 0.0000000000
33168  23.031  26.587  33.967 0.0000000000
33224  26.801  26.289  31.173 0.0000000000
31569  27.326  26.032  30.958 0.0000000000
31555  27.039  25.875  31.185 0.0000000000
31568  27.654  25.829  30.821 0.0000000000
31567  28.013  25.815  30.741 0.0000000000
31579  28.352  25.892  30.627 0.0000000000
33250  28.428  26.189  30.677 0.0000000000
33235  28.883  26.442  30.593 0.0000000000
33249  28.679  26.158  30.564 0.0000000000
33215  25.795  26.252  31.598 0.0000000000
31557  26.295  26.125  31.421 0.0000000000
31542  26.008  25.936  31.687 0.0000000000
31556  26.643  26.035  31.312 0.0000000000
33204  24.626  26.199  32.302 0.0000000000
31544  25.254  26.140  31.879 0.0000000000
31528  24.969  26.060  32.092 0.0000000000
31543  25.607  26.049  31.796 0.0000000000
33193  24.065  26.176  32.759 0.0000000000
33192  24.369  26.117  32.654 0.0000000000
31514  24.617  25.907  32.689 0.0000000000
31516  23.970  26.034  33.013 0.0000000000
31502  23.761  26.025  33.372 0.0000000000
31515  24.202  25.961  32.887 0.0000000000
31485  23.703  25.952  33.923 0.0000000000
33167  23.368  26.215  34.140 0.0000000000
33153  22.945  26.581  34.415 0.0000000000
33152  23.125  26.355  34.472 0.0000000000
31468  23.651  25.978  34.431 0.0000000000
33151  23.384  26.178  34.646 0.0000000000
29940  28.155  25.626  30.654 0.0000000000
31578  28.751  25.771  30.369 0.0000000000
29939  28.369  25.390  30.473 0.0000000000
31554  27.319  25.681  31.029 0.0000000000
29924  27.451  25.252  30.954 0.0000000000
29923  27.962  25.373  30.729 0.0000000000
31541  26.480  25.786  31.584 0.0000000000
31540  26.836  25.705  31.348 0.0000000000
29905  26.966  25.395  31.319 0.0000000000
29904  27.186  25.426  31.182 0.0000000000
31527  25.440  25.945  31.924 0.0000000000
31526  25.771  25.803  31.887 0.0000000000
29892  25.985  25.645  31.873 0.0000000000
29891  26.269  25.401  31.854 0.0000000000
29890  26.709  25.379  31.591 0.0000000000
29878  25.015  25.860  32.234 0.0000000000
29865  24.961  25.662  32.622 0.0000000000
29877  25.569  25.720  32.084 0.0000000000
29876  25.988  25.390  32.086 0.0000000000
31501  23.996  25.866  33.158 0.0000000000
31500  24.265  25.851  32.899 0.0000000000
29849  24.742  25.558  33.015 0.0000000000
31484  23.927  25.772  33.630 0.0000000000
29850  24.435  25.633  33.264 0.0000000000
29831  24.299  25.552  33.703 0.0000000000
29832  23.849  25.791  33.900 0.0000000000
29811  23.896  25.744  34.344 0.0000000000
28373  28.621  24.802  30.251 0.0000000000
28352  28.196  25.045  30.621 0.0000000000
29922  28.174  25.267  30.630 0.0000000000
29938  28.951  25.262  30.253 0.0000000000
28354  27.505  24.971  31.038 0.0000000000
28330  27.139  24.954  31.337 0.0000000000
28353  27.792  24.745  30.887 0.0000000000
28331  26.853  25.121  31.471 0.0000000000
28319  26.285  25.065  32.036 0.0000000000
29875  26.165  25.195  32.082 0.0000000000
28318  26.645  24.847  31.859 0.0000000000
29864  25.369  25.398  32.607 0.0000000000
29863  25.809  25.268  32.378 0.0000000000
28304  26.094  25.035  32.375 0.0000000000
28303  26.138  24.938  32.357 0.0000000000
29848  24.855  25.391  33.062 0.0000000000
28293  25.430  25.064  33.037 0.0000000000
28292  25.752  25.000  32.773 0.0000000000
29830  24.775  25.338  33.512 0.0000000000
29829  25.014  25.396  33.075 0.0000000000
28281  25.436  25.246  33.023 0.0000000000
29810  24.248  25.530  34.272 0.0000000000
29809  24.718  25.252  34.089 0.0000000000
28269  25.022  25.165  33.913 0.0000000000
28268  25.238  25.113  33.538 0.0000000000
28329  27.639  24.570  31.514 0.0000000000
26811  28.030  24.255  30.720 0.0000000000
26790  27.961  24.150  31.271 0.0000000000
28374  28.165  24.660  30.544 0.0000000000
28317  27.211  24.499  31.758 0.0000000000
26771  27.750  24.038  31.759 0.0000000000
28316  27.496  24.231  31.764 0.0000000000
26773  26.956  24.332  32.008 0.0000000000
26754  26.709  24.358  32.356 0.0000000000
28302  26.456  24.673  32.251 0.0000000000
26772  27.298  23.917  32.088 0.0000000000
26755  26.356  24.521  32.517 0.0000000000
26739  26.193  24.637  32.869 0.0000000000
28291  25.945  24.832  32.877 0.0000000000
28280  25.661  24.905  33.168 0.0000000000
28279  25.962  24.761  33.242 0.0000000000
28267  25.641  24.830  33.607 0.0000000000
26721  26.289  24.481  33.323 0.0000000000
28266  26.060  24.728  33.717 0.0000000000
28252  25.050  25.146  33.955 0.0000000000
28251  25.317  24.942  33.945 0.0000000000
28250  25.696  24.861  34.086 0.0000000000
29808  24.999  25.147  33.978 0.0000000000
29807  25.368  25.021  33.984 0.0000000000
25312  28.240  23.908  30.732 0.0000000000
25296  27.997  23.950  30.982 0.0000000000
26810  28.374  24.057  30.428 0.0000000000
26826  28.338  24.384  30.357 0.0000000000
25295  28.412  23.606  31.035 0.0000000000
26789  28.180  24.060  31.476 0.0000000000
26770  28.031  24.039  31.699 0.0000000000
25277  28.343  23.797  31.739 0.0000000000
26753  27.129  24.134  32.410 0.0000000000
25279  27.675  23.801  32.085 0.0000000000
25262  27.441  23.821  32.419 0.0000000000
25278  28.026  23.808  31.955 0.0000000000
26738  26.579  24.252  32.930 0.0000000000
26737  26.955  24.089  32.763 0.0000000000
25246  27.209  23.882  32.858 0.0000000000
25247  26.886  23.991  33.068 0.0000000000
26720  26.685  24.182  33.376 0.0000000000
26705  26.457  24.414  33.807 0.0000000000
25231  27.069  23.927  33.308 0.0000000000
26704  26.972  24.200  33.728 0.0000000000
25311  28.747  23.686  30.324 0.0000000000
23785  28.854  23.479  30.516 0.0000000000
23784  29.090  23.187  30.576 0.0000000000
25294  28.957  23.301  31.049 0.0000000000
25276  28.876  23.703  31.517 0.0000000000
23783  29.336  23.117  30.971 0.0000000000
25293  28.823  23.180  30.979 0.0000000000
25275  29.248  23.454  31.299 0.0000000000
25261  27.905  23.793  32.355 0.0000000000
25260  28.384  23.910  32.183 0.0000000000
25259  28.818  23.899  31.984 0.0000000000
25258  29.428  23.849  31.967 0.0000000000
23769  29.670  23.217  31.504 0.0000000000
25245  27.712  23.818  32.753 0.0000000000
25244  28.173  23.956  32.573 0.0000000000
26736  28.564  24.252  32.343 0.0000000000
26752  28.735  23.958  32.061 0.0000000000
26751  28.990  24.219  32.074 0.0000000000
23755  29.747  23.095  31.814 0.0000000000
25257  29.840  23.659  32.199 0.0000000000
25242  29.798  23.774  32.542 0.0000000000
25243  29.609  24.307  32.481 0.0000000000
26750  29.274  24.387  32.271 0.0000000000
23754  29.810  23.279  32.443 0.0000000000
25230  27.533  23.851  33.152 0.0000000000
25229  28.081  24.027  32.972 0.0000000000
25228  28.292  24.206  32.654 0.0000000000
23736  29.729  23.314  32.867 0.0000000000
25226  29.929  23.785  32.933 0.0000000000
25227  29.675  23.990  33.024 0.0000000000
25213  27.372  23.977  33.483 0.0000000000
25212  27.783  24.140  33.296 0.0000000000
25211  28.033  24.273  33.161 0.0000000000
26719  28.167  24.375  33.061 0.0000000000
26718  28.482  24.560  32.767 0.0000000000
23716  29.836  23.591  32.873 0.0000000000
23799  29.051  23.365  30.208 0.0000000000
22303  29.110  22.583  30.785 0.0000000000
22320  28.846  22.751  30.444 0.0000000000
23798  29.060  22.970  29.999 0.0000000000
22302  29.465  22.681  30.981 0.0000000000
23782  29.595  23.116  30.797 0.0000000000
22301  29.729  22.896  31.215 0.0000000000
23768  30.167  23.000  31.281 0.0000000000
22287  29.659  22.738  31.869 0.0000000000
22286  29.966  22.999  31.756 0.0000000000
22272  29.580  22.735  32.352 0.0000000000
22271  29.663  22.972  32.690 0.0000000000
22251  29.582  22.999  32.872 0.0000000000
23737  29.489  22.993  33.029 0.0000000000
23717  29.501  23.281  33.349 0.0000000000
20845  29.160  22.230  31.185 0.0000000000
20846  28.825  22.256  31.223 0.0000000000
22304  28.642  22.436  30.838 0.0000000000
20844  29.608  22.528  31.297 0.0000000000
20843  29.731  22.852  31.438 0.0000000000
20828  29.418  21.979  31.813 0.0000000000
20812  29.194  22.051  32.181 0.0000000000
20827  29.740  22.561  31.856 0.0000000000
20797  29.187  22.254  32.531 0.0000000000
22252  29.404  22.665  32.853 0.0000000000
20783  29.125  22.043  33.170 0.0000000000
22231  29.342  22.616  33.351 0.0000000000
20772  29.223  22.116  33.789 0.0000000000
22212  29.178  22.750  33.766 0.0000000000
20830  28.644  22.180  31.709 0.0000000000
20829  29.010  22.136  31.643 0.0000000000
20847  28.400  22.276  31.302 0.0000000000
20814  28.479  22.102  32.207 0.0000000000
20813  28.901  22.130  32.128 0.0000000000
20831  28.198  22.218  31.773 0.0000000000
20799  28.284  21.968  32.689 0.0000000000
20798  28.760  21.932  32.708 0.0000000000
20815  28.019  22.177  32.227 0.0000000000
20785  28.023  21.991  32.964 0.0000000000
19516  28.300  21.760  33.200 0.0000000000
19524  28.503  21.790  32.894 0.0000000000
20800  27.844  22.147  32.633 0.0000000000
19523  28.639  21.773  33.049 0.0000000000
20784  28.826  21.840  33.076 0.0000000000
19517  27.917  21.900  33.247 0.0000000000
20786  27.707  22.128  33.016 0.0000000000
19515  28.744  21.738  33.400 0.0000000000
19514  29.047  21.799  33.655 0.0000000000
19506  29.086  21.848  33.992 0.0000000000
20761  29.126  22.037  34.090 0.0000000000
20773  29.071  22.324  33.966 0.0000000000
19509  27.942  21.728  33.643 0.0000000000
20774  27.639  22.028  33.428 0.0000000000
19508  28.359  21.626  33.788 0.0000000000
19507  28.789  21.698  33.893 0.0000000000
19499  27.906  21.426  34.288 0.0000000000
20763  27.588  21.903  33.921 0.0000000000
19498  28.436  21.516  34.243 0.0000000000
19497  29.037  21.984  34.239 0.0000000000
19496  29.072  21.914  34.119 0.0000000000
19488  27.786  21.302  34.611 0.0000000000
18156  27.960  21.219  34.720 0.0000000000
18171  27.848  20.985  34.365 0.0000000000
18170  27.998  21.110  34.157 0.0000000000
19489  27.484  21.372  34.771 0.0000000000
19500  27.431  21.756  34.350 0.0000000000
20755  27.059  21.981  34.629 0.0000000000
20764  27.144  22.194  34.103 0.0000000000
19490  26.916  21.820  34.935 0.0000000000
20756  26.677  22.095  35.003 0.0000000000
20765  26.684  22.263  34.436 0.0000000000
20747  26.629  22.187  35.259 0.0000000000
22164  26.415  22.489  35.205 0.0000000000
22176  26.326  22.291  35.012 0.0000000000
20766  26.347  22.382  34.690 0.0000000000
20757  26.370  22.154  35.097 0.0000000000
22177  26.091  22.678  34.921 0.0000000000
20775  27.299  22.200  33.591 0.0000000000
22165  26.170  22.754  35.325 0.0000000000
26735  28.974  24.629  32.343 0.0000000000
26734  29.367  24.718  32.457 0.0000000000
38281  21.900  27.912  34.201 0.0000000000
8882  20.493  17.148  38.628 0.0000000000
8874  20.668  16.935  39.027 0.0000000000
8881  21.047  16.880  38.729 0.0000000000
8875  20.018  17.069  39.187 0.0000000000
8883  19.884  17.292  38.527 0.0000000000
8888  20.949  17.140  38.183 0.0000000000
8889  20.328  17.264  38.023 0.0000000000
8876  19.408  17.357  38.947 0.0000000000
8884  19.542  17.411  38.642 0.0000000000
8890  20.154  17.261  38.027 0.0000000000
9822  19.618  17.442  38.484 0.0000000000
9827  19.736  17.474  38.154 0.0000000000
9823  19.317  17.594  38.591 0.0000000000
8887  21.514  16.884  38.267 0.0000000000
8893  21.403  17.139  37.767 0.0000000000
8894  20.870  17.221  37.588 0.0000000000
8895  20.403  17.296  37.380 0.0000000000
9826  20.019  17.338  38.013 0.0000000000
9832  20.036  17.421  37.727 0.0000000000
8892  21.784  16.891  37.859 0.0000000000
8897  21.824  17.003  37.385 0.0000000000
8898  21.333  17.211  37.200 0.0000000000
8899  20.847  17.243  37.009 0.0000000000
8900  20.379  17.336  36.813 0.0000000000
9839  20.060  17.576  37.197 0.0000000000
8092  22.051  16.837  37.703 0.0000000000
8896  22.264  17.123  37.559 0.0000000000
8901  22.173  17.285  37.023 0.0000000000
8902  21.772  17.238  36.833 0.0000000000
8903  21.270  17.218  36.635 0.0000000000
8904  20.783  17.209  36.485 0.0000000000
8905  20.376  17.370  36.328 0.0000000000
9845  20.066  17.763  36.586 0.0000000000
9838  22.504  17.525  37.247 0.0000000000
9844  22.530  17.497  36.770 0.0000000000
8907  22.268  17.350  36.493 0.0000000000
8908  21.731  17.240  36.294 0.0000000000
8909  21.182  16.998  36.082 0.0000000000
8910  20.642  16.971  36.174 0.0000000000
8911  20.449  17.314  35.925 0.0000000000
9851  20.224  17.786  36.073 0.0000000000
9850  22.545  17.494  36.517 0.0000000000
8906  22.558  17.447  36.396 0.0000000000
8912  22.565  17.361  36.172 0.0000000000
8913  22.178  17.259  35.998 0.0000000000
8914  21.718  17.230  35.798 0.0000000000
8093  21.061  16.897  35.941 0.0000000000
8094  20.920  16.859  35.946 0.0000000000
8096  21.078  16.978  35.852 0.0000000000
8915  21.258  17.257  35.607 0.0000000000
8095  20.634  16.910  35.894 0.0000000000
8098  20.704  16.807  35.782 0.0000000000
8917  20.700  17.472  35.691 0.0000000000
9857  20.410  17.800  35.703 0.0000000000
9849  22.810  17.593  36.415 0.0000000000
9854  22.869  17.538  35.899 0.0000000000
8918  22.543  17.298  35.792 0.0000000000
8919  22.200  17.268  35.541 0.0000000000
8920  21.749  17.299  35.331 0.0000000000
8097  20.944  17.013  35.767 0.0000000000
8916  20.974  17.368  35.598 0.0000000000
8921  21.403  17.392  35.179 0.0000000000
9855  21.135  17.444  35.272 0.0000000000
9856  20.806  17.695  35.293 0.0000000000
9860  22.729  17.455  35.376 0.0000000000
9861  22.199  17.430  35.070 0.0000000000
9862  21.822  17.372  35.052 0.0000000000
9863  21.221  17.598  34.895 0.0000000000
9817  18.997  17.635  39.058 0.0000000000
9818  18.816  17.705  39.023 0.0000000000
9824  18.898  17.834  38.392 0.0000000000
9828  19.306  17.729  38.052 0.0000000000
10784  18.431  17.846  38.687 0.0000000000
9829  18.976  17.890  37.918 0.0000000000
10790  18.838  18.204  38.012 0.0000000000
9833  19.688  17.665  37.628 0.0000000000
9834  19.303  17.914  37.541 0.0000000000
9835  19.032  18.007  37.756 0.0000000000
10795  18.932  18.055  37.846 0.0000000000
9840  19.704  17.874  37.074 0.0000000000
9841  19.501  17.993  37.168 0.0000000000
10794  19.084  18.296  37.703 0.0000000000
10799  19.457  18.050  36.953 0.0000000000
9831  22.410  17.670  37.828 0.0000000000
9837  22.793  17.917  37.427 0.0000000000
9843  22.883  17.692  36.942 0.0000000000
9846  19.833  17.941  36.716 0.0000000000
10798  19.650  17.959  36.908 0.0000000000
10802  19.621  18.161  36.822 0.0000000000
9842  23.133  17.969  37.094 0.0000000000
9848  23.289  17.898  36.560 0.0000000000
10801  19.956  17.982  36.427 0.0000000000
10806  20.030  18.133  36.187 0.0000000000
10800  23.283  18.258  36.872 0.0000000000
10805  23.544  18.300  36.444 0.0000000000
9847  23.569  18.015  36.324 0.0000000000
9852  23.611  17.922  36.159 0.0000000000
9853  23.276  17.735  36.079 0.0000000000
10809  20.211  18.144  35.797 0.0000000000
10804  23.802  18.100  36.098 0.0000000000
10807  23.836  18.164  35.922 0.0000000000
9858  23.646  17.868  35.842 0.0000000000
9859  23.314  17.714  35.554 0.0000000000
9864  20.869  17.858  34.777 0.0000000000
10808  20.351  18.185  35.426 0.0000000000
10813  20.657  18.068  35.048 0.0000000000
10811  23.858  18.127  35.441 0.0000000000
10812  23.483  17.877  35.159 0.0000000000
9865  23.101  17.706  35.113 0.0000000000
9866  22.689  17.626  34.761 0.0000000000
9867  22.102  17.478  34.547 0.0000000000
9868  21.546  17.538  34.470 0.0000000000
9869  21.094  17.809  34.422 0.0000000000
9870  20.880  17.955  34.539 0.0000000000
10819  20.783  18.194  34.563 0.0000000000
10816  23.271  17.848  34.736 0.0000000000
10817  22.936  17.741  34.396 0.0000000000
9871  22.536  17.640  34.151 0.0000000000
9872  21.900  17.541  33.998 0.0000000000
9873  21.351  17.697  34.086 0.0000000000
9874  21.031  17.934  33.954 0.0000000000
10818  20.912  17.988  34.413 0.0000000000
10823  20.991  18.001  34.128 0.0000000000
10822  22.946  17.777  34.102 0.0000000000
9875  22.366  17.655  33.553 0.0000000000
10827  22.828  17.806  33.749 0.0000000000
9876  21.907  17.625  33.520 0.0000000000
9877  21.504  17.670  33.670 0.0000000000
9878  21.046  17.852  33.811 0.0000000000
9881  22.082  17.669  33.170 0.0000000000
9880  22.475  17.710  33.027 0.0000000000
10832  22.799  17.876  33.271 0.0000000000
9882  21.667  17.721  33.229 0.0000000000
9883  21.203  17.782  33.392 0.0000000000
10828  20.943  18.021  33.835 0.0000000000
9884  20.905  17.848  33.526 0.0000000000
9879  20.898  17.923  33.689 0.0000000000
10829  20.819  18.039  33.611 0.0000000000
9886  22.137  17.716  32.777 0.0000000000
9885  22.464  17.733  32.570 0.0000000000
10840  23.151  17.924  32.869 0.0000000000
9887  21.914  17.696  32.953 0.0000000000
10834  21.388  17.960  33.034 0.0000000000
10833  21.687  17.791  32.960 0.0000000000
10835  20.949  18.047  33.258 0.0000000000
9889  22.203  17.792  32.454 0.0000000000
9888  22.332  17.833  32.331 0.0000000000
10849  22.608  17.926  32.313 0.0000000000
10842  21.792  17.902  32.659 0.0000000000
10841  21.768  17.790  32.425 0.0000000000
10850  22.107  17.919  32.284 0.0000000000
10779  18.418  17.887  38.987 0.0000000000
10780  18.158  18.068  39.082 0.0000000000
10785  18.061  18.246  39.004 0.0000000000
11801  18.125  18.598  38.814 0.0000000000
11808  18.452  18.823  38.402 0.0000000000
11802  17.967  18.627  39.119 0.0000000000
10789  18.958  18.524  37.956 0.0000000000
11807  18.909  18.816  37.959 0.0000000000
10793  19.147  18.555  37.907 0.0000000000
11813  18.969  18.938  37.849 0.0000000000
11818  19.222  18.659  36.911 0.0000000000
10803  19.182  18.289  37.024 0.0000000000
10796  23.116  18.317  37.156 0.0000000000
11814  23.174  18.608  37.002 0.0000000000
11819  23.296  18.730  36.694 0.0000000000
11821  19.780  18.544  36.348 0.0000000000
11822  19.420  18.619  36.799 0.0000000000
11823  19.016  18.829  36.981 0.0000000000
11824  23.949  18.562  36.012 0.0000000000
11825  23.585  18.669  36.391 0.0000000000
11826  20.033  18.564  35.999 0.0000000000
11828  24.032  18.455  35.812 0.0000000000
11829  20.397  18.346  35.372 0.0000000000
11830  20.228  18.634  35.596 0.0000000000
11832  24.090  18.394  35.562 0.0000000000
10810  24.040  18.232  35.234 0.0000000000
10814  24.041  18.241  35.109 0.0000000000
10815  23.763  18.128  34.938 0.0000000000
11831  24.232  18.434  35.247 0.0000000000
11833  20.590  18.653  34.999 0.0000000000
11837  24.234  18.402  34.744 0.0000000000
11838  23.899  18.237  34.628 0.0000000000
10820  23.610  18.111  34.509 0.0000000000
10821  23.257  17.909  34.292 0.0000000000
11839  20.744  18.682  34.449 0.0000000000
10824  20.962  18.238  34.024 0.0000000000
11847  23.961  18.321  34.346 0.0000000000
10825  23.591  18.155  34.122 0.0000000000
10826  23.210  17.972  33.919 0.0000000000
11848  20.966  18.278  33.914 0.0000000000
11849  20.951  18.683  33.986 0.0000000000
11858  24.003  18.418  33.983 0.0000000000
10830  23.572  18.227  33.727 0.0000000000
10831  23.140  18.092  33.503 0.0000000000
11859  20.885  18.172  33.771 0.0000000000
11860  20.812  18.456  33.565 0.0000000000
11869  24.017  18.492  33.563 0.0000000000
10838  23.562  18.272  33.264 0.0000000000
10839  23.114  18.138  33.032 0.0000000000
10843  21.443  18.141  32.729 0.0000000000
11870  20.960  18.284  33.126 0.0000000000
11871  21.051  18.495  33.143 0.0000000000
10847  23.496  18.264  32.746 0.0000000000
10848  23.026  18.157  32.553 0.0000000000
10851  22.082  17.931  32.179 0.0000000000
11881  21.641  18.138  32.448 0.0000000000
11882  21.399  18.396  32.538 0.0000000000
11894  23.297  18.309  32.273 0.0000000000
11895  22.834  18.187  32.159 0.0000000000
11896  22.391  18.079  32.070 0.0000000000
11897  21.857  18.175  32.133 0.0000000000
12873  18.262  19.069  38.815 0.0000000000
11806  18.978  18.734  37.933 0.0000000000
11812  18.975  18.759  37.945 0.0000000000
12877  18.713  19.083  37.905 0.0000000000
12878  18.639  19.129  38.148 0.0000000000
10788  18.998  18.709  38.224 0.0000000000
12882  18.968  19.262  37.809 0.0000000000
12886  19.217  19.250  37.344 0.0000000000
11815  22.920  18.780  37.059 0.0000000000
11820  22.995  18.868  36.956 0.0000000000
10797  22.990  18.215  37.291 0.0000000000
11809  22.741  18.565  37.463 0.0000000000
11816  22.640  18.839  37.332 0.0000000000
12884  22.584  19.131  37.174 0.0000000000
12883  22.853  18.978  36.956 0.0000000000
12888  22.997  19.107  36.738 0.0000000000
11810  22.349  18.709  37.758 0.0000000000
11817  19.278  19.039  37.051 0.0000000000
12887  23.277  18.859  36.747 0.0000000000
12896  23.522  19.070  36.288 0.0000000000
12891  19.618  19.063  36.572 0.0000000000
12890  19.902  18.939  36.132 0.0000000000
12898  19.954  18.967  36.055 0.0000000000
12895  23.943  18.874  36.035 0.0000000000
12906  23.991  19.015  35.839 0.0000000000
12908  20.105  18.997  35.782 0.0000000000
11827  24.200  18.711  35.626 0.0000000000
11834  20.370  18.687  35.307 0.0000000000
12917  20.320  19.059  35.267 0.0000000000
12914  24.480  18.972  35.333 0.0000000000
12924  24.569  18.689  34.955 0.0000000000
12916  20.470  19.116  35.188 0.0000000000
12925  20.549  19.105  34.821 0.0000000000
11836  24.763  18.673  34.581 0.0000000000
11846  24.415  18.557  34.263 0.0000000000
12935  20.808  19.088  34.174 0.0000000000
11845  24.921  18.603  34.205 0.0000000000
11857  24.509  18.556  33.875 0.0000000000
12946  21.046  18.826  33.814 0.0000000000
12957  20.883  18.870  33.228 0.0000000000
11883  21.158  18.591  32.870 0.0000000000
12966  20.978  18.782  32.930 0.0000000000
11898  21.436  18.605  32.098 0.0000000000
12965  21.067  19.087  32.601 0.0000000000
11911  23.052  18.101  32.237 0.0000000000
11912  22.727  18.106  31.945 0.0000000000
11913  22.203  18.122  31.803 0.0000000000
11914  21.828  18.317  31.675 0.0000000000
12975  21.097  19.153  32.020 0.0000000000
11915  21.351  18.792  31.719 0.0000000000
10860  22.919  18.237  31.510 0.0000000000
10861  22.440  18.192  31.486 0.0000000000
10862  22.083  18.043  31.375 0.0000000000
10863  21.980  18.280  31.447 0.0000000000
11929  21.789  18.676  31.299 0.0000000000
12985  21.098  19.271  31.737 0.0000000000
11930  21.298  19.061  31.495 0.0000000000
10878  21.985  18.335  31.356 0.0000000000
10877  22.157  18.458  31.254 0.0000000000
11928  22.233  18.915  31.084 0.0000000000
12996  22.014  19.167  31.111 0.0000000000
12997  21.462  18.955  31.105 0.0000000000
12998  21.012  19.008  31.145 0.0000000000
13976  18.793  19.509  38.003 0.0000000000
13973  18.555  19.620  38.540 0.0000000000
13977  18.566  19.912  37.790 0.0000000000
13982  19.039  19.708  37.649 0.0000000000
12879  22.263  19.091  37.581 0.0000000000
13978  22.237  19.511  37.424 0.0000000000
13988  22.328  19.687  36.967 0.0000000000
12889  22.622  19.500  36.781 0.0000000000
12885  19.362  19.189  36.987 0.0000000000
13991  19.204  19.787  37.237 0.0000000000
13990  19.241  19.560  37.133 0.0000000000
12897  23.143  19.466  36.302 0.0000000000
13997  22.807  19.660  36.453 0.0000000000
13998  22.443  19.952  36.603 0.0000000000
14000  19.571  19.691  36.526 0.0000000000
12899  19.781  19.272  36.216 0.0000000000
12907  23.585  19.273  36.110 0.0000000000
14008  23.366  19.567  36.003 0.0000000000
14009  22.963  19.977  35.984 0.0000000000
14011  20.003  19.268  35.870 0.0000000000
14012  19.719  19.761  36.119 0.0000000000
12905  24.252  18.963  35.685 0.0000000000
12915  24.163  19.333  35.495 0.0000000000
14019  23.834  19.465  35.675 0.0000000000
14020  23.439  19.793  35.716 0.0000000000
14022  20.096  19.452  35.616 0.0000000000
14032  20.132  19.622  35.203 0.0000000000
12926  20.292  19.348  35.057 0.0000000000
14043  20.197  19.638  34.917 0.0000000000
14042  20.460  19.432  34.701 0.0000000000
14052  20.653  19.556  34.315 0.0000000000
14061  20.811  19.526  33.832 0.0000000000
12945  20.979  19.325  33.406 0.0000000000
12956  20.827  19.129  32.983 0.0000000000
14079  21.059  19.549  32.691 0.0000000000
14091  20.964  19.406  32.223 0.0000000000
12986  21.040  19.298  31.883 0.0000000000
12976  20.897  19.338  31.920 0.0000000000
14092  20.684  19.445  31.814 0.0000000000
14101  20.902  19.554  31.783 0.0000000000
14100  21.022  19.500  31.691 0.0000000000
14113  21.211  19.541  31.443 0.0000000000
12995  22.436  19.140  30.843 0.0000000000
14111  21.901  19.598  31.025 0.0000000000
14112  21.831  19.660  30.935 0.0000000000
13983  18.812  19.837  37.902 0.0000000000
15221  18.655  20.031  38.241 0.0000000000
15238  18.812  20.088  37.778 0.0000000000
12880  21.972  19.243  37.825 0.0000000000
13979  21.877  19.790  37.601 0.0000000000
13989  22.066  19.925  37.153 0.0000000000
12881  21.643  19.615  37.930 0.0000000000
13980  21.485  19.941  37.857 0.0000000000
15234  21.644  20.095  37.625 0.0000000000
15249  21.925  20.047  37.209 0.0000000000
13974  21.355  19.768  38.161 0.0000000000
13981  21.252  20.093  38.054 0.0000000000
15235  21.296  20.339  37.789 0.0000000000
13975  21.088  20.015  38.335 0.0000000000
15236  21.037  20.387  38.063 0.0000000000
15237  19.100  20.030  37.397 0.0000000000
13999  22.157  20.026  36.909 0.0000000000
15261  21.988  20.332  36.874 0.0000000000
14001  19.244  19.974  36.972 0.0000000000
15251  19.144  20.078  37.064 0.0000000000
14010  22.694  20.057  36.251 0.0000000000
15260  22.239  20.200  36.688 0.0000000000
15271  22.414  20.470  36.275 0.0000000000
15263  19.296  20.099  36.570 0.0000000000
15262  19.621  19.941  36.277 0.0000000000
14021  22.924  20.034  35.935 0.0000000000
15270  22.788  20.073  36.169 0.0000000000
14023  19.831  19.778  35.836 0.0000000000
15273  19.612  20.054  36.073 0.0000000000
15283  20.002  19.843  35.470 0.0000000000
15284  19.726  20.123  35.552 0.0000000000
15292  19.861  19.906  35.183 0.0000000000
14033  19.927  19.809  35.007 0.0000000000
14044  19.953  19.901  34.845 0.0000000000
15293  19.716  20.032  35.087 0.0000000000
15302  20.373  19.767  34.600 0.0000000000
15303  20.188  20.056  34.598 0.0000000000
15304  19.947  19.988  34.821 0.0000000000
15311  20.491  19.968  34.308 0.0000000000
15322  20.616  20.087  33.804 0.0000000000
14060  20.845  19.714  33.567 0.0000000000
15321  20.861  19.870  33.790 0.0000000000
14069  20.916  19.657  33.168 0.0000000000
14070  20.892  19.901  33.162 0.0000000000
14080  20.957  19.924  32.981 0.0000000000
15345  20.965  19.822  32.503 0.0000000000
15359  20.933  19.655  32.338 0.0000000000
15346  20.799  20.005  32.681 0.0000000000
15360  20.773  19.882  32.168 0.0000000000
15372  20.737  19.994  31.835 0.0000000000
14114  20.978  19.648  31.632 0.0000000000
15389  20.883  19.871  31.483 0.0000000000
14110  22.189  19.408  30.844 0.0000000000
14124  22.159  19.617  30.753 0.0000000000
15387  21.689  19.939  30.931 0.0000000000
15386  21.982  20.163  30.696 0.0000000000
15403  22.118  19.959  30.554 0.0000000000
15388  21.283  20.024  31.160 0.0000000000
15250  21.559  20.356  37.461 0.0000000000
16612  20.962  20.715  37.909 0.0000000000
16626  21.292  20.833  37.464 0.0000000000
15220  20.862  20.332  38.391 0.0000000000
16613  20.837  20.867  37.987 0.0000000000
15252  18.911  20.262  37.145 0.0000000000
16595  18.558  20.394  38.184 0.0000000000
16615  18.578  20.593  37.661 0.0000000000
16625  21.705  20.505  37.179 0.0000000000
16628  18.545  20.768  37.035 0.0000000000
15264  18.930  20.328  36.547 0.0000000000
16639  21.768  20.921  36.841 0.0000000000
15272  22.059  20.715  36.596 0.0000000000
15274  19.264  20.372  35.993 0.0000000000
16641  18.713  20.629  36.425 0.0000000000
15275  18.974  20.547  36.185 0.0000000000
16650  22.157  21.070  36.267 0.0000000000
15285  19.405  20.401  35.328 0.0000000000
16651  18.936  20.716  36.223 0.0000000000
16662  19.065  20.728  35.534 0.0000000000
16652  18.855  20.698  36.132 0.0000000000
15294  19.296  20.168  35.140 0.0000000000
16673  19.203  20.656  35.166 0.0000000000
16672  19.357  20.641  34.812 0.0000000000
16683  19.694  20.488  34.827 0.0000000000
15312  20.279  20.282  34.130 0.0000000000
16682  19.978  20.264  34.578 0.0000000000
16691  20.072  20.505  34.222 0.0000000000
15323  20.256  20.410  33.913 0.0000000000
16704  19.897  20.706  33.861 0.0000000000
15333  21.000  19.845  33.437 0.0000000000
15334  20.703  20.191  33.012 0.0000000000
16703  20.287  20.467  33.601 0.0000000000
16717  20.506  20.383  33.199 0.0000000000
16730  20.634  20.211  32.878 0.0000000000
15361  20.542  20.227  32.396 0.0000000000
15347  20.586  20.238  32.669 0.0000000000
16731  20.308  20.452  32.694 0.0000000000
15373  20.527  20.247  32.020 0.0000000000
16743  20.305  20.390  32.238 0.0000000000
16755  20.405  20.397  31.793 0.0000000000
16754  20.714  20.158  31.590 0.0000000000
15404  21.755  20.155  30.661 0.0000000000
15405  21.447  20.187  30.909 0.0000000000
16768  20.857  20.316  31.226 0.0000000000
16767  21.221  20.270  31.016 0.0000000000
16782  21.345  20.395  30.673 0.0000000000
16593  20.687  20.600  38.551 0.0000000000
16594  20.510  20.957  38.436 0.0000000000
16614  20.700  21.071  38.065 0.0000000000
16627  21.021  21.019  37.766 0.0000000000
18074  20.640  21.451  37.955 0.0000000000
18073  21.029  21.377  37.709 0.0000000000
18059  20.394  21.349  38.327 0.0000000000
16596  18.182  20.961  37.975 0.0000000000
16616  18.095  20.992  37.616 0.0000000000
16640  21.532  21.113  37.093 0.0000000000
18087  21.157  21.161  37.575 0.0000000000
18086  21.283  21.437  37.310 0.0000000000
16629  18.124  21.013  37.191 0.0000000000
18088  18.131  21.028  36.957 0.0000000000
18104  18.345  20.950  36.585 0.0000000000
18103  21.596  21.407  36.829 0.0000000000
18102  21.841  21.428  36.446 0.0000000000
18120  18.547  20.896  36.076 0.0000000000
18119  18.720  20.834  35.795 0.0000000000
18131  18.787  20.849  35.516 0.0000000000
18146  18.907  20.845  35.029 0.0000000000
18145  18.912  20.932  34.837 0.0000000000
18160  19.224  20.794  34.521 0.0000000000
16692  19.922  20.690  34.137 0.0000000000
16705  19.960  20.796  34.042 0.0000000000
18174  19.483  20.927  33.941 0.0000000000
16718  20.177  20.665  32.928 0.0000000000
16719  19.651  20.762  33.307 0.0000000000
18188  19.396  20.821  33.747 0.0000000000
16732  19.850  20.716  32.770 0.0000000000
18199  19.040  20.710  33.323 0.0000000000
16733  19.474  20.741  32.866 0.0000000000
16720  18.975  20.728  32.851 0.0000000000
16721  18.858  20.711  33.074 0.0000000000
16706  18.938  20.723  33.275 0.0000000000
18200  19.052  20.729  33.188 0.0000000000
16734  19.109  20.725  32.783 0.0000000000
16707  18.700  20.718  33.560 0.0000000000
16722  18.363  20.493  33.303 0.0000000000
16735  18.560  20.581  32.875 0.0000000000
15335  18.162  20.037  33.195 0.0000000000
15324  18.024  20.213  33.551 0.0000000000
16708  18.237  20.523  33.707 0.0000000000
16744  20.042  20.667  32.296 0.0000000000
16745  19.539  20.742  32.400 0.0000000000
16746  18.967  20.688  32.358 0.0000000000
15348  18.291  20.114  32.692 0.0000000000
16747  18.469  20.467  32.357 0.0000000000
16756  20.165  20.717  31.990 0.0000000000
16757  19.389  20.735  31.839 0.0000000000
16758  18.793  20.588  31.840 0.0000000000
15362  18.313  20.111  32.309 0.0000000000
16759  18.422  20.305  32.101 0.0000000000
16769  20.346  20.648  31.298 0.0000000000
16770  19.810  20.728  31.293 0.0000000000
16771  19.312  20.712  31.268 0.0000000000
15374  18.749  20.408  31.577 0.0000000000
15375  18.358  20.087  31.934 0.0000000000
16772  19.048  20.741  31.244 0.0000000000
16783  20.762  20.618  30.751 0.0000000000
16784  20.221  20.708  30.763 0.0000000000
16785  19.702  20.712  30.732 0.0000000000
16786  19.197  20.503  30.681 0.0000000000
15390  18.795  20.451  31.137 0.0000000000
16787  19.022  20.590  30.956 0.0000000000
18042  20.211  21.254  38.891 0.0000000000
19412  20.180  21.721  38.641 0.0000000000
19423  20.366  21.757  38.169 0.0000000000
18072  21.184  21.509  37.562 0.0000000000
19431  21.104  21.714  37.523 0.0000000000
19432  20.788  21.861  37.703 0.0000000000
19433  20.514  21.884  37.941 0.0000000000
19442  21.215  22.213  37.096 0.0000000000
19452  21.468  21.917  36.834 0.0000000000
19451  21.728  21.735  36.558 0.0000000000
18105  17.920  21.065  36.696 0.0000000000
18121  18.054  21.012  36.237 0.0000000000
18132  18.448  20.925  35.576 0.0000000000
18133  18.197  21.028  35.787 0.0000000000
18122  17.680  20.964  36.342 0.0000000000
18134  17.839  20.912  35.944 0.0000000000
18147  18.491  20.889  35.123 0.0000000000
18148  18.093  20.869  35.199 0.0000000000
18149  18.103  20.938  35.292 0.0000000000
18135  17.400  20.774  36.022 0.0000000000
18150  17.539  20.755  35.634 0.0000000000
18161  18.943  20.857  34.514 0.0000000000
18162  18.589  20.860  34.665 0.0000000000
18163  18.134  20.808  34.863 0.0000000000
18164  17.895  20.779  34.968 0.0000000000
16674  17.680  20.707  35.048 0.0000000000
16675  17.126  20.253  35.121 0.0000000000
16663  16.803  20.290  35.767 0.0000000000
18175  19.110  20.901  34.008 0.0000000000
18176  18.778  20.795  34.116 0.0000000000
18177  18.193  20.762  34.421 0.0000000000
18178  17.931  20.738  34.665 0.0000000000
16684  17.703  20.619  34.686 0.0000000000
18189  18.759  20.802  33.683 0.0000000000
16693  18.611  20.726  33.926 0.0000000000
16694  18.135  20.651  34.019 0.0000000000
18190  18.858  20.804  33.896 0.0000000000
16695  17.795  20.487  34.213 0.0000000000
18043  20.034  21.626  39.036 0.0000000000
19413  19.952  21.875  38.977 0.0000000000
20690  19.987  22.145  38.847 0.0000000000
20701  20.305  21.910  38.085 0.0000000000
20709  20.254  22.016  37.990 0.0000000000
19443  21.188  22.057  37.256 0.0000000000
20708  20.604  22.261  37.966 0.0000000000
20718  20.836  22.342  37.588 0.0000000000
20717  21.054  22.398  37.338 0.0000000000
20725  21.310  22.448  37.021 0.0000000000
19463  21.720  22.024  36.470 0.0000000000
20734  21.650  22.485  36.617 0.0000000000
22087  20.154  22.354  38.644 0.0000000000
22099  20.273  22.631  38.525 0.0000000000
20700  20.538  22.237  37.965 0.0000000000
22098  20.586  22.780  38.159 0.0000000000
22109  20.834  22.823  37.806 0.0000000000
22118  20.988  22.629  37.519 0.0000000000
22117  21.174  22.882  37.445 0.0000000000
22130  21.586  22.969  36.890 0.0000000000
23529  20.377  23.017  38.564 0.0000000000
23528  20.769  23.389  38.310 0.0000000000
23549  20.887  23.154  37.925 0.0000000000
22108  20.981  23.043  37.763 0.0000000000
23548  21.100  23.351  37.889 0.0000000000
23571  21.507  23.439  37.299 0.0000000000
23527  21.027  23.497  38.178 0.0000000000
25063  21.218  23.831  38.262 0.0000000000
25082  21.477  23.773  37.770 0.0000000000
23592  21.559  23.205  37.050 0.0000000000
25100  21.677  23.787  37.534 0.0000000000
23570  21.956  23.550  37.141 0.0000000000
23591  21.756  23.277  37.010 0.0000000000
25099  21.869  23.786  37.374 0.0000000000
25062  21.661  24.018  37.992 0.0000000000
25081  21.858  23.990  37.702 0.0000000000
25098  22.105  23.885  37.061 0.0000000000
25080  22.116  23.974  37.456 0.0000000000
26587  21.911  24.239  37.931 0.0000000000
26586  22.242  24.272  37.694 0.0000000000
26600  22.355  24.298  37.257 0.0000000000
26570  21.770  24.245  38.336 0.0000000000
16575  20.356  20.658  38.988 0.0000000000
18023  20.185  21.164  39.473 0.0000000000
18024  20.119  21.480  39.250 0.0000000000
16709  17.949  20.338  33.841 0.0000000000
15313  17.623  19.975  34.228 0.0000000000
16696  17.545  20.326  34.468 0.0000000000
15325  17.828  19.997  33.688 0.0000000000
16685  17.417  20.374  34.781 0.0000000000
15212  20.743  20.258  38.699 0.0000000000
16574  20.615  20.403  38.802 0.0000000000
15213  20.639  20.156  38.992 0.0000000000
15206  20.376  20.265  39.423 0.0000000000
16558  20.218  20.712  39.558 0.0000000000
14093  18.206  19.681  32.467 0.0000000000
14081  18.174  19.786  32.992 0.0000000000
14071  18.052  19.803  33.203 0.0000000000
15336  17.954  19.841  33.329 0.0000000000
14062  17.675  19.498  33.953 0.0000000000
14072  17.876  19.562  33.353 0.0000000000
14053  17.625  19.526  34.598 0.0000000000
15314  17.357  19.986  34.562 0.0000000000
13971  20.865  19.923  38.756 0.0000000000
13972  20.806  20.060  38.786 0.0000000000
13967  20.613  19.921  39.335 0.0000000000
13963  20.374  19.929  39.785 0.0000000000
15197  20.155  20.390  39.919 0.0000000000
13970  21.199  19.635  38.559 0.0000000000
12876  21.542  19.350  38.238 0.0000000000
13966  20.802  19.692  39.148 0.0000000000
12872  20.999  19.529  38.911 0.0000000000
12871  21.290  19.192  38.787 0.0000000000
13962  20.710  19.568  39.586 0.0000000000
12867  21.008  19.314  39.279 0.0000000000
12863  20.438  19.385  40.188 0.0000000000
13959  20.223  19.882  40.221 0.0000000000
12862  20.887  19.000  39.795 0.0000000000
11811  21.920  18.959  38.016 0.0000000000
12875  21.821  19.035  38.082 0.0000000000
11805  21.629  19.003  38.418 0.0000000000
11804  21.961  18.633  38.277 0.0000000000
11800  21.605  18.750  38.808 0.0000000000
12866  21.286  18.877  39.278 0.0000000000
11796  21.568  18.328  39.230 0.0000000000
12861  21.218  18.609  39.579 0.0000000000
12858  20.472  19.211  40.280 0.0000000000
11793  20.991  18.426  39.901 0.0000000000
12857  20.748  18.775  40.082 0.0000000000
11792  21.257  18.358  39.576 0.0000000000
11788  20.765  18.491  40.219 0.0000000000
11789  20.542  18.580  40.551 0.0000000000
10792  22.400  18.116  37.964 0.0000000000
11803  22.247  18.387  38.083 0.0000000000
10791  22.692  18.212  37.713 0.0000000000
10787  22.004  18.257  38.566 0.0000000000
11799  21.828  18.340  38.780 0.0000000000
10786  22.253  18.058  38.337 0.0000000000
10783  21.973  17.916  38.768 0.0000000000
11795  21.807  18.098  38.926 0.0000000000
10778  21.697  17.995  39.156 0.0000000000
10773  21.296  18.013  39.643 0.0000000000
10777  21.791  17.881  38.988 0.0000000000
10774  21.134  18.201  39.915 0.0000000000
10769  20.803  18.116  40.442 0.0000000000
10876  22.601  18.533  31.202 0.0000000000
9836  23.011  18.081  37.269 0.0000000000
9830  22.626  17.993  37.797 0.0000000000
9825  22.289  17.533  38.317 0.0000000000
10782  22.210  17.759  38.575 0.0000000000
9821  21.926  17.528  38.845 0.0000000000
9820  22.148  17.496  38.668 0.0000000000
9819  18.429  17.811  39.125 0.0000000000
9816  21.386  17.525  39.486 0.0000000000
9815  21.793  17.574  38.991 0.0000000000
9810  21.175  17.687  40.202 0.0000000000
9803  21.069  17.751  40.424 0.0000000000
9809  21.249  17.549  39.959 0.0000000000
9794  20.798  17.665  40.824 0.0000000000
10764  20.711  18.081  40.895 0.0000000000
10770  20.629  18.157  40.701 0.0000000000
10765  20.463  18.062  40.914 0.0000000000
8891  22.258  17.139  38.021 0.0000000000
8885  22.237  17.147  38.457 0.0000000000
8879  21.810  17.174  38.946 0.0000000000
8878  22.050  17.161  38.741 0.0000000000
9813  18.385  17.668  39.475 0.0000000000
9812  18.947  17.338  39.606 0.0000000000
8870  19.124  17.425  39.223 0.0000000000
8877  19.061  17.573  39.028 0.0000000000
8872  21.209  17.146  39.674 0.0000000000
8871  21.504  17.144  39.279 0.0000000000
9811  19.333  17.152  40.230 0.0000000000
8869  19.476  17.266  39.561 0.0000000000
9805  18.808  17.370  39.844 0.0000000000
9804  19.089  17.287  40.075 0.0000000000
8864  19.563  17.231  40.119 0.0000000000
9802  21.178  17.420  40.304 0.0000000000
8865  21.018  17.160  39.992 0.0000000000
9796  19.096  17.294  40.117 0.0000000000
8858  19.259  17.227  40.549 0.0000000000
9793  21.130  17.531  40.593 0.0000000000
8860  21.083  17.143  40.034 0.0000000000
8854  20.971  17.061  40.701 0.0000000000
8855  20.650  17.226  40.625 0.0000000000
8846  20.492  17.269  40.990 0.0000000000
9784  20.533  17.493  41.178 0.0000000000
9795  20.554  17.731  41.078 0.0000000000
8847  20.172  17.287  41.039 0.0000000000
9785  20.283  17.706  41.232 0.0000000000
8091  22.183  16.922  37.851 0.0000000000
8886  21.856  16.816  38.067 0.0000000000
8090  22.048  16.811  37.998 0.0000000000
8089  22.178  16.912  38.011 0.0000000000
8086  22.169  16.907  38.234 0.0000000000
8880  21.402  16.789  38.652 0.0000000000
8088  21.676  16.786  38.610 0.0000000000
8087  21.962  16.777  38.348 0.0000000000
8082  22.122  16.925  38.552 0.0000000000
8873  20.941  16.803  38.998 0.0000000000
8085  21.116  16.780  39.067 0.0000000000
8084  21.412  16.781  38.968 0.0000000000
8083  21.874  16.907  38.780 0.0000000000
8077  21.605  16.924  39.095 0.0000000000
8868  19.990  17.097  39.825 0.0000000000
8081  20.048  16.888  39.664 0.0000000000
8080  20.420  16.813  39.425 0.0000000000
8079  20.936  16.773  39.272 0.0000000000
8078  21.265  16.875  39.320 0.0000000000
8073  21.003  16.913  39.679 0.0000000000
8867  20.243  17.091  39.932 0.0000000000
8076  20.095  16.997  39.838 0.0000000000
8863  20.017  17.170  40.220 0.0000000000
8866  20.694  17.114  39.922 0.0000000000
8075  20.321  16.950  39.772 0.0000000000
8862  20.398  17.059  40.138 0.0000000000
8074  20.684  16.853  39.640 0.0000000000
8861  20.797  17.052  40.128 0.0000000000
8857  19.826  17.215  40.619 0.0000000000
8856  19.995  17.069  40.748 0.0000000000
8848  19.859  17.303  41.103 0.0000000000
14054  17.375  19.745  34.756 0.0000000000
15305  17.276  19.977  34.955 0.0000000000
26569  22.208  24.272  37.785 0.0000000000
26568  22.715  24.391  37.913 0.0000000000
26585  22.794  24.558  37.617 0.0000000000
26613  22.385  24.313  36.797 0.0000000000
26599  22.739  24.614  37.056 0.0000000000
28162  23.016  24.777  37.403 0.0000000000
26612  22.715  24.579  36.602 0.0000000000
28175  22.916  24.834  37.029 0.0000000000
26567  23.083  24.548  37.876 0.0000000000
26584  23.081  24.654  37.891 0.0000000000
28149  23.056  24.610  37.736 0.0000000000
28148  23.304  24.703  37.772 0.0000000000
28133  22.987  24.351  38.020 0.0000000000
28134  22.271  24.354  38.417 0.0000000000
28132  23.168  24.416  38.121 0.0000000000
28131  23.693  24.553  38.091 0.0000000000
28147  23.803  24.719  37.644 0.0000000000
28161  23.406  24.821  37.256 0.0000000000
28160  23.911  24.776  37.091 0.0000000000
28174  23.398  24.822  36.798 0.0000000000
28173  23.907  24.749  36.665 0.0000000000
28188  23.481  24.801  36.311 0.0000000000
28189  23.092  24.867  36.417 0.0000000000
28159  24.351  24.523  37.078 0.0000000000
28172  24.272  24.507  36.604 0.0000000000
28187  23.994  24.504  36.079 0.0000000000
28158  24.707  24.347  36.905 0.0000000000
28171  24.616  24.266  36.492 0.0000000000
28186  24.169  24.362  36.197 0.0000000000
26611  24.925  24.159  36.723 0.0000000000
26624  24.744  24.145  36.188 0.0000000000
28185  24.445  24.201  36.150 0.0000000000
28146  24.212  24.498  37.612 0.0000000000
26598  24.457  24.353  37.485 0.0000000000
26597  24.807  24.188  37.210 0.0000000000
28130  24.111  24.394  38.066 0.0000000000
28145  24.354  24.347  37.788 0.0000000000
26583  24.376  24.349  37.703 0.0000000000
28129  24.314  24.324  37.953 0.0000000000
26582  24.593  24.187  37.750 0.0000000000
26610  25.045  24.015  36.493 0.0000000000
26623  24.981  23.971  36.159 0.0000000000
26640  24.971  24.027  36.195 0.0000000000
26641  24.469  24.230  35.821 0.0000000000
26625  24.066  24.239  35.927 0.0000000000
25130  25.216  23.825  36.275 0.0000000000
26639  25.013  23.917  36.050 0.0000000000
26596  25.085  24.031  36.896 0.0000000000
25114  25.296  23.802  36.765 0.0000000000
25097  24.832  23.873  37.486 0.0000000000
25096  25.120  23.766  37.200 0.0000000000
25113  25.608  23.491  36.529 0.0000000000
25129  25.533  23.500  36.069 0.0000000000
25146  25.118  23.815  35.926 0.0000000000
23609  25.776  23.055  36.205 0.0000000000
23629  25.802  23.010  36.058 0.0000000000
25145  25.410  23.511  35.768 0.0000000000
22154  25.969  22.949  36.201 0.0000000000
22153  25.988  22.855  36.099 0.0000000000
23628  25.889  23.020  35.480 0.0000000000
23645  25.402  23.364  35.378 0.0000000000
23644  25.766  22.999  34.824 0.0000000000
25158  25.147  23.671  35.661 0.0000000000
25159  25.010  23.788  35.516 0.0000000000
25147  24.936  23.876  35.725 0.0000000000
26654  24.710  24.032  35.637 0.0000000000
26626  23.847  24.496  36.150 0.0000000000
