#!ascii label  , from subject  vox2ras=TkReg
1802
2906  -19.988  11.400  6.590 0.0000000000
2905  -19.551  11.437  6.665 0.0000000000
2888  -19.984  11.476  6.942 0.0000000000
2889  -20.279  11.423  6.979 0.0000000000
2907  -20.397  11.366  6.465 0.0000000000
2925  -19.703  11.347  6.168 0.0000000000
2926  -20.126  11.344  6.075 0.0000000000
2890  -20.809  11.401  6.810 0.0000000000
2908  -20.782  11.353  6.276 0.0000000000
2927  -20.522  11.333  5.981 0.0000000000
2909  -21.145  11.378  6.353 0.0000000000
2928  -20.947  11.339  5.936 0.0000000000
2891  -21.362  11.454  6.843 0.0000000000
2910  -21.618  11.413  6.405 0.0000000000
2929  -21.388  11.341  5.962 0.0000000000
2892  -21.875  11.577  6.878 0.0000000000
2911  -22.114  11.448  6.399 0.0000000000
2930  -21.878  11.341  5.975 0.0000000000
2893  -22.307  11.626  6.777 0.0000000000
2912  -22.610  11.479  6.376 0.0000000000
2931  -22.402  11.328  5.931 0.0000000000
2894  -22.773  11.669  6.776 0.0000000000
2913  -23.121  11.486  6.406 0.0000000000
2932  -22.919  11.290  5.965 0.0000000000
2895  -23.282  11.702  6.842 0.0000000000
2914  -23.635  11.481  6.506 0.0000000000
2933  -23.473  11.230  5.957 0.0000000000
2896  -23.807  11.713  6.931 0.0000000000
2915  -24.141  11.493  6.622 0.0000000000
2934  -23.942  11.232  6.241 0.0000000000
2897  -24.332  11.720  6.994 0.0000000000
2916  -24.628  11.460  6.721 0.0000000000
2935  -24.420  11.245  6.384 0.0000000000
2898  -24.828  11.608  7.084 0.0000000000
2917  -25.044  11.264  6.853 0.0000000000
2936  -24.853  11.258  6.517 0.0000000000
2899  -25.194  11.354  7.306 0.0000000000
2528  -25.089  10.887  7.047 0.0000000000
2533  -25.112  10.958  6.873 0.0000000000
2539  -25.123  11.010  6.594 0.0000000000
2924  -19.263  11.347  6.230 0.0000000000
2944  -19.399  11.297  5.764 0.0000000000
2945  -20.051  11.424  5.868 0.0000000000
2946  -20.237  11.317  5.602 0.0000000000
2947  -20.692  11.313  5.549 0.0000000000
2948  -21.164  11.304  5.533 0.0000000000
2949  -21.641  11.297  5.555 0.0000000000
2950  -22.127  11.288  5.544 0.0000000000
2951  -22.644  11.177  5.460 0.0000000000
2952  -23.100  11.062  5.640 0.0000000000
2536  -23.852  11.014  5.928 0.0000000000
2548  -23.670  10.789  5.608 0.0000000000
2953  -23.376  11.001  5.644 0.0000000000
2537  -24.082  10.945  5.997 0.0000000000
2538  -24.701  10.936  6.343 0.0000000000
2943  -18.843  11.232  5.850 0.0000000000
2958  -19.151  11.226  5.417 0.0000000000
2959  -19.434  11.213  5.347 0.0000000000
2960  -20.186  11.282  5.057 0.0000000000
2961  -20.423  11.264  5.137 0.0000000000
2962  -20.926  11.249  5.081 0.0000000000
2963  -21.436  11.239  5.096 0.0000000000
2964  -21.891  11.190  5.206 0.0000000000
2965  -22.262  11.137  5.221 0.0000000000
2546  -22.936  10.912  5.328 0.0000000000
2562  -22.708  10.888  5.094 0.0000000000
2966  -22.496  11.062  5.187 0.0000000000
2547  -23.235  10.852  5.412 0.0000000000
2557  -18.984  10.951  5.120 0.0000000000
2545  -18.799  11.010  5.211 0.0000000000
2558  -19.403  10.990  4.997 0.0000000000
2559  -19.651  11.036  4.851 0.0000000000
2575  -19.886  11.014  4.659 0.0000000000
2971  -20.201  11.196  4.812 0.0000000000
2972  -20.631  11.230  4.620 0.0000000000
2973  -21.131  11.203  4.723 0.0000000000
2974  -21.511  11.074  4.738 0.0000000000
2975  -21.790  11.097  4.924 0.0000000000
2560  -22.044  11.044  4.987 0.0000000000
2561  -22.323  10.948  5.005 0.0000000000
2576  -20.229  11.105  4.508 0.0000000000
2589  -20.482  10.975  4.227 0.0000000000
2980  -20.764  11.064  4.293 0.0000000000
2981  -21.020  11.094  4.365 0.0000000000
2982  -21.320  11.045  4.528 0.0000000000
2578  -21.908  10.794  4.643 0.0000000000
2577  -21.523  10.910  4.573 0.0000000000
2590  -20.928  10.746  4.111 0.0000000000
2591  -21.454  10.764  4.331 0.0000000000
2544  -18.702  11.026  5.343 0.0000000000
2942  -18.362  11.192  5.760 0.0000000000
2922  -18.456  11.349  6.189 0.0000000000
2923  -18.890  11.362  6.318 0.0000000000
2543  -18.165  10.975  5.515 0.0000000000
2941  -17.839  11.261  5.809 0.0000000000
2921  -18.077  11.227  5.890 0.0000000000
2542  -17.722  10.985  5.560 0.0000000000
2940  -17.270  11.279  5.629 0.0000000000
3366  -17.999  11.490  5.853 0.0000000000
3365  -17.550  11.639  5.911 0.0000000000
2904  -19.159  11.393  6.931 0.0000000000
2903  -18.711  11.493  6.688 0.0000000000
3354  -18.243  11.593  6.437 0.0000000000
3361  -18.139  11.763  6.107 0.0000000000
3360  -17.837  11.595  6.185 0.0000000000
2887  -19.362  11.550  7.200 0.0000000000
2886  -19.025  11.506  6.798 0.0000000000
2885  -18.945  11.569  6.790 0.0000000000
3339  -18.430  11.693  6.951 0.0000000000
2882  -25.253  11.153  7.759 0.0000000000
2525  -25.158  10.841  7.566 0.0000000000
3334  -25.380  11.620  7.629 0.0000000000
3349  -25.255  11.597  7.413 0.0000000000
3348  -25.052  11.758  7.402 0.0000000000
3347  -24.529  11.874  7.363 0.0000000000
3346  -23.970  11.865  7.349 0.0000000000
3345  -23.422  11.818  7.291 0.0000000000
3344  -22.898  11.772  7.202 0.0000000000
3343  -22.426  11.731  7.111 0.0000000000
3342  -22.116  11.690  7.081 0.0000000000
2881  -21.615  11.602  7.303 0.0000000000
3327  -22.050  11.718  7.293 0.0000000000
2880  -21.143  11.490  7.303 0.0000000000
2879  -20.666  11.458  7.382 0.0000000000
2878  -20.235  11.460  7.437 0.0000000000
2877  -19.840  11.498  7.493 0.0000000000
2876  -19.378  11.625  7.739 0.0000000000
3341  -19.166  11.698  7.628 0.0000000000
3340  -18.945  11.712  7.354 0.0000000000
2870  -25.241  11.190  8.014 0.0000000000
2522  -25.168  10.733  8.060 0.0000000000
2868  -21.395  11.610  7.661 0.0000000000
3316  -21.872  11.749  7.858 0.0000000000
2867  -21.017  11.538  7.737 0.0000000000
2866  -20.588  11.513  7.903 0.0000000000
2865  -20.161  11.501  7.904 0.0000000000
2864  -19.802  11.536  8.042 0.0000000000
2875  -19.007  11.755  7.958 0.0000000000
2863  -19.292  11.673  8.150 0.0000000000
3326  -19.136  11.827  8.216 0.0000000000
2862  -19.012  11.737  8.107 0.0000000000
3325  -18.950  11.810  8.193 0.0000000000
2869  -25.277  11.210  8.665 0.0000000000
2521  -25.190  10.832  8.483 0.0000000000
2857  -25.661  11.397  8.698 0.0000000000
2856  -25.298  11.200  8.914 0.0000000000
2871  -25.642  11.745  8.057 0.0000000000
3321  -25.590  11.835  7.991 0.0000000000
3315  -21.321  11.672  8.061 0.0000000000
3314  -21.189  11.588  7.943 0.0000000000
2854  -20.358  11.549  8.377 0.0000000000
2855  -20.737  11.650  8.413 0.0000000000
2853  -19.871  11.642  8.346 0.0000000000
2852  -19.507  11.628  8.772 0.0000000000
3313  -19.040  11.782  8.382 0.0000000000
3312  -18.795  11.805  8.179 0.0000000000
2846  -25.648  11.355  9.219 0.0000000000
2845  -25.384  10.991  8.768 0.0000000000
3306  -25.825  11.554  8.965 0.0000000000
2858  -25.815  11.974  8.307 0.0000000000
3307  -25.990  11.915  8.703 0.0000000000
2517  -25.025  10.546  8.772 0.0000000000
2843  -20.543  11.633  8.801 0.0000000000
2844  -21.173  11.739  8.956 0.0000000000
3300  -21.095  11.742  8.556 0.0000000000
2842  -20.004  11.577  8.985 0.0000000000
2841  -19.720  11.635  9.001 0.0000000000
2851  -19.024  11.838  9.220 0.0000000000
2840  -19.323  11.778  9.055 0.0000000000
3299  -19.049  11.780  8.639 0.0000000000
3284  -19.019  11.880  9.043 0.0000000000
3298  -18.800  11.888  8.634 0.0000000000
2835  -25.532  11.294  9.708 0.0000000000
2513  -25.295  11.072  9.443 0.0000000000
2847  -25.802  11.541  9.584 0.0000000000
3294  -25.950  11.685  9.255 0.0000000000
3293  -25.837  11.258  9.203 0.0000000000
2512  -25.115  10.756  9.388 0.0000000000
3288  -20.837  11.744  9.057 0.0000000000
3287  -20.336  11.689  9.190 0.0000000000
3286  -19.874  11.713  9.253 0.0000000000
3285  -19.369  11.868  9.296 0.0000000000
2831  -25.428  11.250  10.182 0.0000000000
2506  -25.196  10.953  9.835 0.0000000000
2836  -25.817  11.582  9.902 0.0000000000
2830  -24.938  10.923  10.448 0.0000000000
2497  -25.075  10.959  10.238 0.0000000000
2824  -25.078  11.061  10.889 0.0000000000
2825  -25.663  11.406  10.638 0.0000000000
2832  -25.787  11.553  10.246 0.0000000000
2823  -24.993  10.871  10.839 0.0000000000
2496  -24.980  10.784  10.226 0.0000000000
2817  -25.654  11.194  10.914 0.0000000000
3253  -25.821  11.649  11.081 0.0000000000
3260  -25.962  11.724  10.496 0.0000000000
2816  -25.151  11.195  11.140 0.0000000000
2815  -24.852  10.996  11.390 0.0000000000
2478  -24.740  10.445  11.224 0.0000000000
2487  -24.865  10.441  10.697 0.0000000000
3252  -25.432  11.414  11.321 0.0000000000
2806  -25.121  11.295  11.667 0.0000000000
2805  -24.782  11.054  11.865 0.0000000000
2462  -24.659  10.812  11.659 0.0000000000
2791  -25.103  11.488  12.211 0.0000000000
2790  -24.911  11.271  12.267 0.0000000000
3246  -25.538  11.702  11.714 0.0000000000
2804  -24.707  10.975  11.975 0.0000000000
2461  -24.499  10.914  12.114 0.0000000000
2789  -24.663  10.952  12.140 0.0000000000
3238  -25.294  11.685  12.286 0.0000000000
2776  -24.751  11.276  12.846 0.0000000000
2775  -24.508  10.920  12.598 0.0000000000
3237  -25.030  11.524  12.659 0.0000000000
2444  -24.333  10.627  12.298 0.0000000000
2764  -24.656  11.238  13.213 0.0000000000
2763  -24.284  10.947  13.209 0.0000000000
3206  -24.884  11.488  13.062 0.0000000000
3222  -24.897  11.435  13.083 0.0000000000
2429  -24.064  10.557  12.780 0.0000000000
2750  -24.340  11.162  13.707 0.0000000000
3190  -24.807  11.391  13.568 0.0000000000
2762  -23.973  10.868  13.416 0.0000000000
2416  -24.044  10.750  13.092 0.0000000000
2749  -24.083  11.033  13.822 0.0000000000
2748  -23.715  11.045  13.875 0.0000000000
2401  -23.675  10.809  13.452 0.0000000000
2415  -23.832  10.702  13.064 0.0000000000
2735  -24.529  11.212  13.962 0.0000000000
2734  -24.101  11.113  14.071 0.0000000000
2747  -23.243  11.066  13.821 0.0000000000
2400  -23.372  10.906  13.619 0.0000000000
2733  -23.771  10.942  14.003 0.0000000000
3171  -23.831  11.236  14.273 0.0000000000
3189  -23.591  11.198  14.091 0.0000000000
3188  -23.217  11.222  13.906 0.0000000000
2761  -23.059  11.018  13.411 0.0000000000
2719  -25.095  11.661  14.051 0.0000000000
2718  -24.524  11.266  14.301 0.0000000000
3172  -24.826  11.417  14.057 0.0000000000
2717  -24.134  11.244  14.394 0.0000000000
3156  -25.056  11.756  14.555 0.0000000000
3155  -24.475  11.466  14.744 0.0000000000
3154  -23.927  11.554  14.824 0.0000000000
2244  -21.366  10.459  3.986 0.0000000000
2245  -21.816  10.380  4.143 0.0000000000
2592  -21.797  10.633  4.349 0.0000000000
2243  -21.059  10.432  3.841 0.0000000000
2598  -20.780  10.530  3.799 0.0000000000
2597  -20.563  10.717  3.942 0.0000000000
2242  -20.260  10.750  4.026 0.0000000000
2588  -20.077  10.867  4.315 0.0000000000
2241  -20.015  10.761  4.091 0.0000000000
2587  -19.741  10.806  4.339 0.0000000000
2240  -19.443  10.606  4.078 0.0000000000
2574  -19.444  10.860  4.586 0.0000000000
2225  -22.226  10.356  4.343 0.0000000000
2224  -21.973  10.551  4.339 0.0000000000
2579  -22.503  10.682  4.756 0.0000000000
2223  -19.073  10.685  4.370 0.0000000000
2573  -19.003  10.802  4.733 0.0000000000
2563  -23.053  10.732  5.027 0.0000000000
2580  -22.935  10.664  4.900 0.0000000000
2556  -18.371  10.844  5.185 0.0000000000
2572  -18.496  10.734  4.837 0.0000000000
2549  -23.992  10.725  5.876 0.0000000000
2207  -23.972  10.262  5.746 0.0000000000
2213  -23.639  10.273  5.391 0.0000000000
2564  -23.397  10.609  5.239 0.0000000000
2555  -17.916  10.846  5.323 0.0000000000
2532  -24.871  10.772  6.835 0.0000000000
2204  -24.573  10.444  6.597 0.0000000000
2203  -24.234  10.304  6.271 0.0000000000
2208  -24.159  10.455  5.933 0.0000000000
2527  -25.081  10.999  6.851 0.0000000000
2193  -24.727  10.480  7.152 0.0000000000
2199  -24.609  10.316  7.020 0.0000000000
2188  -25.039  10.500  7.468 0.0000000000
2194  -24.879  10.535  7.283 0.0000000000
2180  -24.989  10.251  8.077 0.0000000000
2518  -25.118  10.483  8.404 0.0000000000
2169  -24.908  10.026  7.989 0.0000000000
2168  -24.774  10.323  8.406 0.0000000000
2516  -24.710  10.160  9.095 0.0000000000
2167  -24.387  10.202  8.738 0.0000000000
2511  -24.693  10.370  9.255 0.0000000000
2156  -24.310  10.212  9.235 0.0000000000
2505  -24.971  10.729  9.883 0.0000000000
2157  -24.690  10.407  9.625 0.0000000000
2148  -24.574  10.742  9.901 0.0000000000
2137  -24.688  10.388  10.121 0.0000000000
2124  -24.863  10.199  10.881 0.0000000000
2123  -24.495  10.250  10.676 0.0000000000
2488  -24.957  10.237  10.924 0.0000000000
2477  -24.387  10.556  11.651 0.0000000000
2105  -24.018  10.225  11.235 0.0000000000
2106  -24.356  10.009  11.214 0.0000000000
2479  -24.896  10.078  10.904 0.0000000000
2088  -23.994  10.370  12.036 0.0000000000
2074  -24.024  10.300  12.394 0.0000000000
2428  -23.581  10.545  12.781 0.0000000000
2062  -23.787  10.370  12.568 0.0000000000
2061  -23.625  10.432  12.548 0.0000000000
2443  -23.440  10.526  12.527 0.0000000000
2414  -23.342  10.741  13.174 0.0000000000
2427  -23.198  10.648  12.776 0.0000000000
2413  -23.002  10.745  13.018 0.0000000000
2426  -22.998  10.690  12.584 0.0000000000
2442  -23.132  10.487  12.200 0.0000000000
2774  -22.885  10.796  12.857 0.0000000000
2441  -22.660  10.645  12.045 0.0000000000
2788  -22.792  10.791  12.481 0.0000000000
2760  -22.885  10.879  13.094 0.0000000000
1884  -21.971  9.958  3.991 0.0000000000
1883  -21.624  10.160  3.846 0.0000000000
2246  -22.048  10.155  4.122 0.0000000000
2260  -21.280  10.227  3.765 0.0000000000
2259  -20.935  10.181  3.598 0.0000000000
2258  -20.377  10.443  3.660 0.0000000000
2257  -19.813  10.353  3.631 0.0000000000
2226  -22.785  10.329  4.651 0.0000000000
1874  -22.554  9.925  4.397 0.0000000000
1885  -22.205  10.034  4.149 0.0000000000
1869  -23.725  9.997  5.597 0.0000000000
1868  -23.458  9.840  5.419 0.0000000000
2212  -23.272  10.263  5.043 0.0000000000
1867  -23.104  9.878  5.021 0.0000000000
2211  -23.055  10.170  4.821 0.0000000000
2227  -23.066  10.493  4.802 0.0000000000
1875  -22.891  9.922  4.738 0.0000000000
1861  -24.111  10.092  5.976 0.0000000000
1860  -23.726  9.791  5.850 0.0000000000
2198  -24.234  10.118  6.718 0.0000000000
1821  -24.129  9.953  6.727 0.0000000000
1848  -24.030  9.880  6.290 0.0000000000
2192  -24.267  10.080  7.040 0.0000000000
2187  -24.706  10.255  7.615 0.0000000000
1793  -24.439  9.979  7.401 0.0000000000
1792  -24.019  9.869  7.250 0.0000000000
2186  -24.321  10.120  7.955 0.0000000000
1766  -24.378  10.029  7.710 0.0000000000
2179  -24.729  10.514  7.778 0.0000000000
2178  -24.376  10.183  8.305 0.0000000000
1738  -24.074  9.892  8.167 0.0000000000
1765  -24.164  9.917  7.714 0.0000000000
1715  -24.214  9.993  8.482 0.0000000000
2166  -24.082  9.991  9.032 0.0000000000
1714  -23.943  9.865  8.688 0.0000000000
2155  -23.915  9.968  8.994 0.0000000000
2147  -24.255  10.233  9.809 0.0000000000
2146  -23.860  10.012  9.541 0.0000000000
1694  -23.680  9.837  9.051 0.0000000000
2136  -24.106  10.246  10.042 0.0000000000
2135  -23.870  10.050  10.142 0.0000000000
1664  -23.566  9.815  9.994 0.0000000000
1679  -23.395  9.769  9.578 0.0000000000
2122  -24.025  10.176  10.645 0.0000000000
2121  -23.672  9.958  10.651 0.0000000000
1648  -23.641  9.863  10.274 0.0000000000
2107  -24.686  10.116  11.046 0.0000000000
2120  -23.230  9.875  10.733 0.0000000000
1647  -23.341  9.776  10.301 0.0000000000
2104  -23.467  10.104  11.138 0.0000000000
2119  -22.750  9.861  10.676 0.0000000000
1646  -23.035  9.771  10.414 0.0000000000
2103  -23.047  10.055  11.067 0.0000000000
2134  -22.747  9.762  10.261 0.0000000000
2102  -22.605  10.075  10.999 0.0000000000
2118  -22.216  9.937  10.741 0.0000000000
2133  -22.352  9.778  10.342 0.0000000000
2101  -22.139  10.107  10.972 0.0000000000
2117  -21.836  9.919  10.726 0.0000000000
2132  -21.925  9.764  10.377 0.0000000000
2100  -21.772  10.131  10.967 0.0000000000
2116  -21.436  9.942  10.763 0.0000000000
2131  -21.514  9.725  10.405 0.0000000000
2099  -21.353  10.067  10.881 0.0000000000
2115  -20.953  9.976  10.798 0.0000000000
2130  -21.153  9.704  10.536 0.0000000000
2114  -20.500  10.062  10.959 0.0000000000
1644  -20.501  9.665  10.767 0.0000000000
1645  -20.862  9.522  10.492 0.0000000000
2098  -20.965  10.213  11.011 0.0000000000
2113  -20.227  9.974  11.082 0.0000000000
1643  -20.104  9.784  11.103 0.0000000000
2097  -20.479  10.324  11.228 0.0000000000
2096  -19.979  10.280  11.453 0.0000000000
2087  -23.626  10.224  11.663 0.0000000000
2086  -23.259  10.200  11.515 0.0000000000
2085  -23.021  10.117  11.334 0.0000000000
2084  -22.433  10.225  11.319 0.0000000000
2476  -22.076  10.160  11.068 0.0000000000
2475  -21.738  10.390  11.283 0.0000000000
2474  -21.299  10.531  11.344 0.0000000000
2473  -20.844  10.624  11.420 0.0000000000
2472  -20.401  10.683  11.590 0.0000000000
2095  -19.756  10.065  11.605 0.0000000000
1634  -19.783  9.833  11.437 0.0000000000
2083  -19.834  10.507  11.774 0.0000000000
2082  -19.622  10.194  11.912 0.0000000000
2471  -20.043  10.681  11.816 0.0000000000
1633  -19.674  9.892  11.680 0.0000000000
2073  -23.623  10.305  12.216 0.0000000000
2072  -23.349  10.278  11.913 0.0000000000
2460  -23.129  10.310  11.833 0.0000000000
2459  -22.752  10.374  11.759 0.0000000000
2458  -22.193  10.482  11.606 0.0000000000
2453  -19.883  10.687  11.996 0.0000000000
2071  -19.472  10.029  12.559 0.0000000000
1616  -19.488  9.600  12.277 0.0000000000
1625  -19.572  9.710  11.859 0.0000000000
2436  -19.559  10.364  12.322 0.0000000000
2452  -19.693  10.537  12.059 0.0000000000
2060  -19.454  9.990  12.914 0.0000000000
1602  -19.519  9.673  12.927 0.0000000000
2424  -19.517  10.248  12.783 0.0000000000
2047  -19.514  9.922  13.175 0.0000000000
2033  -19.586  9.961  13.806 0.0000000000
1588  -19.620  9.464  13.446 0.0000000000
2048  -19.348  9.982  13.165 0.0000000000
2411  -19.474  10.005  12.968 0.0000000000
2020  -19.769  9.634  14.248 0.0000000000
1579  -19.755  9.388  13.919 0.0000000000
2034  -19.731  10.165  13.831 0.0000000000
2009  -19.754  9.696  14.853 0.0000000000
1562  -19.574  9.479  14.566 0.0000000000
1570  -19.485  9.249  14.300 0.0000000000
2021  -20.023  10.115  14.487 0.0000000000
2008  -19.468  9.613  15.120 0.0000000000
1561  -19.296  9.388  14.824 0.0000000000
1997  -19.717  9.784  15.334 0.0000000000
1998  -19.986  9.940  15.183 0.0000000000
2010  -20.055  9.992  14.925 0.0000000000
1996  -19.271  9.726  15.414 0.0000000000
1551  -19.238  9.570  15.108 0.0000000000
1983  -19.983  10.007  15.501 0.0000000000
2366  -20.302  10.127  15.273 0.0000000000
1982  -19.646  9.979  15.780 0.0000000000
1995  -18.706  9.814  15.463 0.0000000000
1550  -18.937  9.536  15.125 0.0000000000
1981  -19.072  10.009  15.775 0.0000000000
2357  -20.111  10.224  15.852 0.0000000000
1969  -19.630  10.205  15.965 0.0000000000
1968  -19.350  10.232  16.008 0.0000000000
2356  -19.781  10.199  15.922 0.0000000000
2355  -18.865  10.316  16.016 0.0000000000
1980  -18.536  10.166  15.728 0.0000000000
2344  -19.669  10.465  16.103 0.0000000000
2343  -19.131  10.557  16.200 0.0000000000
1460  -22.222  9.758  4.221 0.0000000000
1459  -21.930  9.437  4.137 0.0000000000
1467  -21.746  9.719  3.820 0.0000000000
1897  -21.740  9.948  3.801 0.0000000000
1896  -21.428  9.902  3.639 0.0000000000
1445  -22.783  9.442  5.036 0.0000000000
1453  -22.674  9.684  4.678 0.0000000000
1452  -22.394  9.429  4.557 0.0000000000
1859  -23.502  9.711  5.667 0.0000000000
1428  -23.353  9.501  5.736 0.0000000000
1446  -23.139  9.568  5.343 0.0000000000
1847  -23.559  9.642  6.345 0.0000000000
1429  -23.569  9.451  6.016 0.0000000000
1820  -23.885  9.874  6.914 0.0000000000
1846  -23.131  9.507  6.466 0.0000000000
1403  -23.340  9.404  6.124 0.0000000000
1819  -23.320  9.706  6.877 0.0000000000
1845  -22.732  9.426  6.483 0.0000000000
1402  -22.944  9.233  5.952 0.0000000000
1818  -22.934  9.675  7.032 0.0000000000
1844  -22.298  9.381  6.483 0.0000000000
1401  -22.600  9.232  6.040 0.0000000000
1817  -22.469  9.581  6.936 0.0000000000
1843  -21.849  9.399  6.473 0.0000000000
1400  -22.061  9.110  5.952 0.0000000000
1816  -22.039  9.608  6.930 0.0000000000
1842  -21.384  9.485  6.451 0.0000000000
1399  -21.632  9.134  6.068 0.0000000000
1815  -21.614  9.682  6.904 0.0000000000
1841  -20.884  9.534  6.457 0.0000000000
1398  -21.132  9.169  6.130 0.0000000000
1814  -21.129  9.716  6.905 0.0000000000
1840  -20.384  9.559  6.483 0.0000000000
1397  -20.636  9.119  6.215 0.0000000000
1813  -20.630  9.719  6.920 0.0000000000
1839  -19.887  9.588  6.516 0.0000000000
1396  -20.100  9.242  6.154 0.0000000000
1812  -20.134  9.728  6.933 0.0000000000
1838  -19.429  9.594  6.541 0.0000000000
1395  -19.614  9.333  6.216 0.0000000000
1811  -19.644  9.729  6.937 0.0000000000
1837  -19.005  9.568  6.537 0.0000000000
1394  -19.247  9.368  6.271 0.0000000000
1810  -19.162  9.710  6.933 0.0000000000
1836  -18.599  9.547  6.513 0.0000000000
1393  -18.901  9.325  6.199 0.0000000000
1809  -18.661  9.686  6.960 0.0000000000
1835  -18.249  9.519  6.515 0.0000000000
1392  -18.469  9.329  6.190 0.0000000000
1808  -18.316  9.625  6.829 0.0000000000
1791  -23.556  9.789  7.312 0.0000000000
1790  -23.105  9.704  7.365 0.0000000000
1789  -22.672  9.658  7.393 0.0000000000
1788  -22.240  9.682  7.400 0.0000000000
1787  -21.809  9.736  7.405 0.0000000000
1786  -21.350  9.770  7.410 0.0000000000
1785  -20.863  9.765  7.413 0.0000000000
1784  -20.374  9.758  7.396 0.0000000000
1783  -19.876  9.759  7.369 0.0000000000
1782  -19.370  9.748  7.340 0.0000000000
1781  -18.860  9.739  7.324 0.0000000000
1780  -18.513  9.719  7.315 0.0000000000
1779  -18.160  9.660  7.277 0.0000000000
1373  -17.965  9.533  6.817 0.0000000000
1764  -23.788  9.826  7.746 0.0000000000
1763  -23.343  9.762  7.792 0.0000000000
1762  -22.898  9.703  7.826 0.0000000000
1761  -22.454  9.689  7.854 0.0000000000
1760  -22.012  9.719  7.880 0.0000000000
1759  -21.568  9.760  7.903 0.0000000000
1758  -21.077  9.770  7.934 0.0000000000
1757  -20.608  9.759  7.896 0.0000000000
1756  -20.131  9.752  7.822 0.0000000000
1755  -19.629  9.746  7.755 0.0000000000
1754  -19.084  9.739  7.709 0.0000000000
1753  -18.398  9.682  7.678 0.0000000000
1752  -18.113  9.629  7.582 0.0000000000
1338  -17.887  9.392  7.718 0.0000000000
1355  -17.703  9.384  7.195 0.0000000000
1737  -23.615  9.788  8.223 0.0000000000
1736  -23.151  9.742  8.249 0.0000000000
1735  -22.699  9.714  8.275 0.0000000000
1734  -22.253  9.706  8.308 0.0000000000
1733  -21.814  9.720  8.340 0.0000000000
1732  -21.349  9.744  8.371 0.0000000000
1731  -20.845  9.738  8.390 0.0000000000
1730  -20.363  9.706  8.326 0.0000000000
1729  -20.018  9.748  8.113 0.0000000000
1728  -19.397  9.672  8.149 0.0000000000
1727  -18.865  9.676  8.055 0.0000000000
1726  -18.385  9.577  8.041 0.0000000000
1339  -18.131  9.386  8.051 0.0000000000
1713  -23.429  9.758  8.661 0.0000000000
1712  -22.971  9.734  8.674 0.0000000000
1711  -22.532  9.712  8.695 0.0000000000
1710  -22.088  9.691  8.726 0.0000000000
1709  -21.651  9.684  8.743 0.0000000000
1708  -21.142  9.653  8.776 0.0000000000
1707  -20.560  9.494  8.835 0.0000000000
1706  -20.087  9.504  8.663 0.0000000000
1705  -19.677  9.535  8.555 0.0000000000
1327  -19.405  9.504  8.463 0.0000000000
1326  -19.177  9.442  8.364 0.0000000000
1704  -18.928  9.462  8.307 0.0000000000
1703  -18.630  9.462  8.347 0.0000000000
1325  -18.253  9.350  8.243 0.0000000000
1693  -23.190  9.749  9.100 0.0000000000
1692  -22.908  9.736  8.988 0.0000000000
1691  -22.371  9.707  9.108 0.0000000000
1690  -21.947  9.672  9.104 0.0000000000
1689  -21.504  9.596  9.085 0.0000000000
1688  -20.909  9.437  9.140 0.0000000000
1687  -20.616  9.371  8.757 0.0000000000
1293  -20.396  9.237  9.290 0.0000000000
1312  -20.142  9.263  8.976 0.0000000000
1311  -19.794  9.267  8.893 0.0000000000
1310  -19.389  9.296  8.751 0.0000000000
1309  -18.870  9.157  8.766 0.0000000000
1308  -18.400  9.186  8.632 0.0000000000
1678  -23.026  9.737  9.597 0.0000000000
1677  -22.649  9.717  9.544 0.0000000000
1676  -22.208  9.712  9.531 0.0000000000
1675  -21.789  9.670  9.519 0.0000000000
1674  -21.319  9.540  9.549 0.0000000000
1673  -20.948  9.366  9.636 0.0000000000
1294  -20.692  9.265  9.541 0.0000000000
1663  -23.211  9.761  9.957 0.0000000000
1662  -22.944  9.749  9.999 0.0000000000
1661  -22.496  9.727  9.935 0.0000000000
1660  -21.960  9.717  10.059 0.0000000000
1659  -21.625  9.649  9.979 0.0000000000
1658  -21.085  9.427  10.074 0.0000000000
1278  -20.808  9.199  10.129 0.0000000000
1252  -20.803  9.301  10.194 0.0000000000
1265  -20.670  9.204  10.090 0.0000000000
1251  -20.575  9.256  10.442 0.0000000000
1250  -20.118  9.266  10.744 0.0000000000
1242  -19.774  9.281  11.353 0.0000000000
1241  -19.650  9.598  11.628 0.0000000000
1231  -19.672  9.300  11.885 0.0000000000
1205  -19.626  9.306  12.612 0.0000000000
1219  -19.681  9.184  12.239 0.0000000000
1197  -19.728  9.214  13.071 0.0000000000
1191  -19.745  9.059  13.802 0.0000000000
1569  -18.993  8.978  14.534 0.0000000000
1185  -19.275  8.862  14.168 0.0000000000
1568  -18.847  8.997  14.626 0.0000000000
1184  -18.939  8.789  14.332 0.0000000000
1560  -18.687  9.204  14.801 0.0000000000
1183  -18.537  8.883  14.411 0.0000000000
1466  -21.499  9.395  3.699 0.0000000000
1458  -21.506  8.915  4.179 0.0000000000
1465  -20.984  8.993  3.591 0.0000000000
1895  -20.989  9.635  3.366 0.0000000000
1451  -21.984  9.020  4.635 0.0000000000
1450  -21.628  8.800  4.749 0.0000000000
1085  -21.275  8.695  4.637 0.0000000000
1097  -21.132  8.743  4.289 0.0000000000
1457  -21.132  8.859  4.003 0.0000000000
1096  -20.864  8.679  4.069 0.0000000000
1444  -22.250  9.086  5.089 0.0000000000
1443  -21.781  8.861  5.144 0.0000000000
1442  -21.367  8.742  5.071 0.0000000000
1427  -22.921  9.291  5.611 0.0000000000
1426  -22.462  9.114  5.569 0.0000000000
1425  -21.948  8.958  5.604 0.0000000000
1424  -21.331  8.857  5.622 0.0000000000
1052  -21.055  8.695  5.258 0.0000000000
1069  -21.046  8.648  4.938 0.0000000000
1423  -20.903  8.934  5.923 0.0000000000
1051  -20.706  8.729  5.598 0.0000000000
1041  -20.671  8.834  5.987 0.0000000000
1040  -20.355  8.856  5.981 0.0000000000
1422  -20.058  9.013  5.858 0.0000000000
1421  -19.748  9.120  5.902 0.0000000000
1420  -19.258  9.143  5.900 0.0000000000
1419  -18.780  9.177  5.885 0.0000000000
1324  -17.988  9.208  8.243 0.0000000000
1323  -17.552  8.960  8.161 0.0000000000
1337  -17.392  9.182  7.514 0.0000000000
1307  -17.991  8.951  8.608 0.0000000000
1306  -17.771  8.739  8.509 0.0000000000
975  -17.568  8.463  8.431 0.0000000000
990  -17.293  8.407  8.036 0.0000000000
1002  -17.244  8.724  7.648 0.0000000000
1292  -19.879  9.132  9.295 0.0000000000
1291  -19.525  9.137  9.118 0.0000000000
1290  -19.117  9.010  9.122 0.0000000000
1289  -18.726  8.994  8.963 0.0000000000
977  -18.341  8.804  8.888 0.0000000000
976  -17.949  8.525  8.777 0.0000000000
1277  -20.475  9.145  9.823 0.0000000000
1276  -20.010  8.841  9.908 0.0000000000
1275  -19.486  8.872  9.496 0.0000000000
1274  -19.194  8.827  9.366 0.0000000000
962  -19.016  8.758  9.335 0.0000000000
961  -18.682  8.692  9.189 0.0000000000
1264  -20.314  9.070  10.235 0.0000000000
1263  -20.009  8.888  10.449 0.0000000000
934  -19.749  8.502  10.404 0.0000000000
948  -19.773  8.619  10.114 0.0000000000
947  -19.527  8.469  10.032 0.0000000000
946  -19.196  8.608  9.626 0.0000000000
920  -19.861  8.906  10.972 0.0000000000
1232  -19.880  9.192  11.875 0.0000000000
908  -19.752  8.672  11.372 0.0000000000
1220  -19.773  8.973  12.088 0.0000000000
883  -19.535  8.561  12.293 0.0000000000
895  -19.721  8.450  11.808 0.0000000000
1206  -19.719  8.968  12.573 0.0000000000
1198  -19.797  9.019  13.086 0.0000000000
871  -19.537  8.705  12.775 0.0000000000
1192  -19.816  9.067  13.376 0.0000000000
864  -19.736  8.863  13.069 0.0000000000
855  -19.765  8.881  13.579 0.0000000000
846  -19.341  8.690  13.971 0.0000000000
854  -19.236  8.500  13.742 0.0000000000
845  -19.055  8.585  13.975 0.0000000000
844  -18.719  8.555  13.989 0.0000000000
1084  -20.846  8.523  4.558 0.0000000000
1068  -20.754  8.579  5.054 0.0000000000
1050  -20.168  8.767  5.649 0.0000000000
1067  -20.291  8.602  5.221 0.0000000000
1049  -19.874  8.901  5.727 0.0000000000
1066  -19.772  8.696  5.384 0.0000000000
1048  -19.564  8.896  5.710 0.0000000000
1065  -19.169  8.806  5.470 0.0000000000
960  -18.278  8.477  9.058 0.0000000000
682  -18.090  8.119  9.023 0.0000000000
693  -17.731  8.010  8.753 0.0000000000
692  -17.299  8.099  8.179 0.0000000000
684  -18.876  8.423  9.520 0.0000000000
683  -18.532  8.219  9.250 0.0000000000
933  -19.595  8.361  10.287 0.0000000000
662  -19.436  8.175  10.449 0.0000000000
672  -19.298  8.065  9.995 0.0000000000
671  -19.168  8.159  9.835 0.0000000000
654  -19.616  8.297  10.904 0.0000000000
663  -19.620  8.311  10.581 0.0000000000
644  -19.552  8.212  11.416 0.0000000000
625  -19.532  8.252  12.008 0.0000000000
634  -19.623  8.165  11.747 0.0000000000
882  -19.232  8.345  12.469 0.0000000000
624  -19.199  8.195  12.290 0.0000000000
870  -19.265  8.376  12.764 0.0000000000
863  -19.196  8.339  13.312 0.0000000000
615  -18.996  8.141  12.925 0.0000000000
862  -18.965  7.985  13.657 0.0000000000
606  -19.052  8.086  13.335 0.0000000000
853  -18.934  8.187  13.886 0.0000000000
597  -18.997  8.188  13.727 0.0000000000
605  -18.821  7.918  13.276 0.0000000000
453  -17.989  7.647  9.100 0.0000000000
463  -17.790  7.449  8.938 0.0000000000
462  -17.418  7.580  8.553 0.0000000000
455  -18.799  7.986  9.595 0.0000000000
454  -18.370  7.741  9.348 0.0000000000
444  -19.230  7.941  10.143 0.0000000000
443  -19.005  7.807  9.911 0.0000000000
653  -19.315  7.990  10.932 0.0000000000
423  -19.165  7.810  10.787 0.0000000000
434  -19.218  7.903  10.423 0.0000000000
643  -19.260  7.958  11.276 0.0000000000
414  -19.156  7.844  11.124 0.0000000000
633  -19.221  7.804  11.661 0.0000000000
642  -19.128  7.864  11.399 0.0000000000
413  -19.015  7.708  11.285 0.0000000000
632  -19.095  7.905  11.727 0.0000000000
623  -18.937  7.979  12.423 0.0000000000
408  -18.811  7.545  11.806 0.0000000000
614  -18.545  7.982  12.956 0.0000000000
393  -18.528  7.455  12.647 0.0000000000
402  -18.643  7.366  12.193 0.0000000000
259  -17.914  7.209  9.262 0.0000000000
264  -17.810  7.016  9.087 0.0000000000
263  -17.573  7.164  8.767 0.0000000000
442  -18.630  7.697  9.721 0.0000000000
254  -18.273  7.299  9.736 0.0000000000
260  -18.125  7.427  9.313 0.0000000000
433  -18.958  7.668  10.366 0.0000000000
432  -18.679  7.576  10.000 0.0000000000
422  -18.877  7.473  10.878 0.0000000000
248  -18.737  7.322  10.640 0.0000000000
247  -18.540  7.260  10.349 0.0000000000
235  -18.663  7.214  11.302 0.0000000000
241  -18.696  7.125  10.879 0.0000000000
228  -18.409  7.180  11.838 0.0000000000
209  -18.376  7.231  12.286 0.0000000000
218  -18.412  7.173  12.047 0.0000000000
253  -17.941  7.033  9.584 0.0000000000
117  -17.689  6.738  9.315 0.0000000000
121  -17.736  6.978  9.075 0.0000000000
110  -18.164  6.901  10.239 0.0000000000
113  -18.049  6.894  9.861 0.0000000000
112  -17.965  6.869  9.830 0.0000000000
240  -18.598  7.132  10.672 0.0000000000
104  -18.394  6.919  10.750 0.0000000000
105  -18.648  7.003  10.968 0.0000000000
234  -18.132  7.032  11.518 0.0000000000
97  -18.435  6.885  11.165 0.0000000000
109  -17.789  6.643  10.071 0.0000000000
103  -17.730  6.660  10.685 0.0000000000
96  -18.025  6.817  11.165 0.0000000000
1441  -18.986  9.036  5.715 0.0000000000
1480  -20.767  9.344  3.273 0.0000000000
1912  -20.535  9.649  3.179 0.0000000000
2271  -20.634  10.039  3.306 0.0000000000
2377  -20.163  10.296  14.756 0.0000000000
2388  -19.906  10.595  14.235 0.0000000000
2399  -19.794  10.658  13.773 0.0000000000
2412  -19.676  10.363  13.065 0.0000000000
2581  -23.055  10.657  4.897 0.0000000000
2270  -20.198  10.078  3.240 0.0000000000
2676  -19.351  10.932  16.322 0.0000000000
2675  -18.799  10.942  16.286 0.0000000000
2685  -18.738  10.616  16.126 0.0000000000
2345  -19.975  10.516  16.150 0.0000000000
2677  -19.917  10.946  16.397 0.0000000000
2686  -20.149  10.625  16.122 0.0000000000
2354  -18.379  10.546  15.937 0.0000000000
2367  -20.438  10.240  15.576 0.0000000000
2358  -20.352  10.381  15.663 0.0000000000
2687  -20.331  10.673  15.874 0.0000000000
2701  -20.438  10.678  15.383 0.0000000000
2700  -20.382  10.523  14.951 0.0000000000
2714  -20.093  10.753  14.553 0.0000000000
2731  -19.920  10.899  14.185 0.0000000000
2398  -19.889  10.822  14.081 0.0000000000
2387  -19.898  10.798  14.038 0.0000000000
2730  -19.908  10.849  13.919 0.0000000000
2744  -19.917  10.964  14.006 0.0000000000
2745  -19.875  10.977  13.988 0.0000000000
2758  -19.781  10.986  13.326 0.0000000000
2425  -19.584  10.532  12.857 0.0000000000
2771  -19.823  11.013  12.751 0.0000000000
2437  -19.725  10.699  12.387 0.0000000000
2782  -20.002  10.842  12.132 0.0000000000
2438  -20.076  10.907  12.201 0.0000000000
2454  -20.332  11.004  12.044 0.0000000000
2783  -20.367  11.233  12.290 0.0000000000
2440  -21.961  10.802  12.048 0.0000000000
2787  -22.401  10.852  12.261 0.0000000000
2800  -20.472  11.101  12.005 0.0000000000
2455  -20.822  11.011  11.850 0.0000000000
2801  -20.686  11.099  11.954 0.0000000000
2456  -21.092  10.929  11.785 0.0000000000
2802  -21.098  11.069  11.894 0.0000000000
2457  -21.719  10.749  11.731 0.0000000000
2803  -21.452  11.110  12.002 0.0000000000
2439  -21.882  10.798  11.980 0.0000000000
2786  -21.879  10.922  12.125 0.0000000000
2674  -18.282  11.039  16.320 0.0000000000
2684  -18.500  10.792  16.135 0.0000000000
3102  -18.546  11.377  16.349 0.0000000000
3103  -19.046  11.360  16.365 0.0000000000
3104  -19.516  11.295  16.500 0.0000000000
2668  -20.119  11.014  16.621 0.0000000000
2667  -20.010  11.117  16.771 0.0000000000
2678  -20.338  10.960  16.211 0.0000000000
3092  -19.864  11.515  16.805 0.0000000000
3105  -20.572  11.378  16.369 0.0000000000
2679  -20.444  10.980  16.016 0.0000000000
3106  -20.650  11.071  16.125 0.0000000000
2688  -20.401  10.902  15.966 0.0000000000
2342  -18.283  10.767  16.141 0.0000000000
3121  -20.712  11.476  15.904 0.0000000000
2702  -20.589  11.194  15.479 0.0000000000
2715  -20.298  11.110  14.741 0.0000000000
2716  -20.525  11.214  15.025 0.0000000000
3133  -20.796  11.623  15.303 0.0000000000
2732  -20.035  11.147  14.130 0.0000000000
3148  -20.607  11.585  14.677 0.0000000000
3147  -20.356  11.448  14.584 0.0000000000
3164  -20.347  11.538  14.177 0.0000000000
2746  -19.927  11.154  13.639 0.0000000000
3182  -19.879  11.431  13.296 0.0000000000
2759  -19.928  11.231  13.248 0.0000000000
3198  -19.867  11.195  13.012 0.0000000000
3199  -19.987  11.616  13.034 0.0000000000
3204  -22.697  11.091  13.181 0.0000000000
3221  -22.737  10.928  12.901 0.0000000000
3205  -22.949  11.171  13.556 0.0000000000
3215  -19.967  11.265  12.840 0.0000000000
2772  -20.058  11.256  12.659 0.0000000000
3216  -20.302  11.471  12.739 0.0000000000
2773  -22.610  10.979  12.627 0.0000000000
3232  -20.604  11.563  12.567 0.0000000000
2784  -21.005  11.246  12.092 0.0000000000
3233  -20.954  11.564  12.441 0.0000000000
2785  -21.543  11.052  11.854 0.0000000000
3234  -21.417  11.458  12.395 0.0000000000
3235  -21.867  11.247  12.430 0.0000000000
3236  -22.242  11.085  12.433 0.0000000000
3267  -26.142  11.846  10.011 0.0000000000
3279  -26.013  11.742  9.794 0.0000000000
3322  -25.908  11.962  8.252 0.0000000000
3093  -20.175  11.287  16.927 0.0000000000
3082  -20.194  11.677  17.015 0.0000000000
3081  -19.978  11.785  17.123 0.0000000000
3504  -19.823  11.838  17.013 0.0000000000
3091  -19.308  11.674  16.623 0.0000000000
3503  -19.557  12.014  16.838 0.0000000000
3505  -20.624  11.798  16.863 0.0000000000
3090  -18.763  11.713  16.560 0.0000000000
3518  -20.865  11.944  16.213 0.0000000000
3120  -20.794  11.819  15.986 0.0000000000
3534  -20.882  11.922  15.955 0.0000000000
3535  -20.836  11.950  15.939 0.0000000000
3547  -20.973  12.045  15.371 0.0000000000
3134  -20.964  11.728  15.007 0.0000000000
3548  -20.921  11.791  14.822 0.0000000000
3149  -20.769  11.668  14.410 0.0000000000
3563  -21.186  11.855  14.880 0.0000000000
3165  -20.824  11.743  14.034 0.0000000000
3166  -21.157  11.287  14.042 0.0000000000
3150  -21.793  11.121  13.970 0.0000000000
3564  -21.570  11.784  14.341 0.0000000000
3167  -21.830  11.504  13.803 0.0000000000
3151  -22.150  11.811  14.102 0.0000000000
3565  -22.145  11.492  14.064 0.0000000000
3168  -22.343  11.676  13.950 0.0000000000
3577  -22.256  11.803  14.347 0.0000000000
3137  -23.974  11.668  14.922 0.0000000000
3153  -23.399  11.663  14.923 0.0000000000
3138  -24.377  11.744  15.102 0.0000000000
3170  -23.495  11.419  14.396 0.0000000000
3139  -24.860  11.767  15.031 0.0000000000
3140  -24.980  11.778  14.990 0.0000000000
3157  -25.235  11.819  14.348 0.0000000000
3567  -25.337  12.043  14.683 0.0000000000
3173  -25.446  11.744  14.040 0.0000000000
3579  -25.634  12.027  14.185 0.0000000000
3183  -20.639  11.726  13.542 0.0000000000
3184  -20.868  11.710  13.363 0.0000000000
3185  -21.600  11.592  13.423 0.0000000000
3186  -22.239  11.590  13.368 0.0000000000
3187  -22.772  11.406  13.696 0.0000000000
3169  -22.946  11.613  14.340 0.0000000000
3152  -23.210  11.737  15.099 0.0000000000
3578  -22.749  11.835  14.687 0.0000000000
3191  -25.235  11.659  13.673 0.0000000000
3192  -25.612  11.814  13.837 0.0000000000
3174  -25.588  12.022  13.911 0.0000000000
3580  -25.937  12.082  13.957 0.0000000000
3200  -20.341  11.782  12.837 0.0000000000
3201  -20.942  11.740  13.107 0.0000000000
3202  -21.299  11.785  13.220 0.0000000000
3203  -22.011  11.255  12.971 0.0000000000
3207  -25.094  11.554  13.166 0.0000000000
3208  -25.581  11.775  13.330 0.0000000000
3591  -25.812  12.112  13.709 0.0000000000
3217  -20.797  11.682  12.820 0.0000000000
3218  -21.228  11.679  12.764 0.0000000000
3219  -21.759  11.533  12.737 0.0000000000
3220  -22.342  11.220  12.753 0.0000000000
3223  -25.365  11.745  12.815 0.0000000000
3599  -25.834  11.970  13.032 0.0000000000
3224  -25.790  11.981  13.192 0.0000000000
3606  -25.668  12.033  12.663 0.0000000000
3613  -25.522  11.986  12.437 0.0000000000
3607  -25.855  12.146  12.713 0.0000000000
3621  -25.644  12.011  11.843 0.0000000000
3247  -26.044  11.842  11.549 0.0000000000
3622  -25.865  12.062  11.923 0.0000000000
3254  -26.196  11.943  11.155 0.0000000000
3248  -26.227  12.004  11.463 0.0000000000
3623  -26.185  12.224  11.760 0.0000000000
3634  -26.310  12.254  11.320 0.0000000000
3261  -26.147  11.882  10.745 0.0000000000
3647  -26.412  12.277  10.764 0.0000000000
3268  -26.199  11.937  10.246 0.0000000000
3660  -26.513  12.386  10.144 0.0000000000
3280  -26.224  11.992  9.670 0.0000000000
3676  -26.354  12.419  9.547 0.0000000000
3295  -26.228  12.038  9.066 0.0000000000
3681  -18.852  12.073  9.112 0.0000000000
3272  -19.447  11.897  9.510 0.0000000000
3273  -19.658  11.849  9.531 0.0000000000
3667  -19.404  12.072  9.675 0.0000000000
3682  -19.184  12.083  9.415 0.0000000000
3274  -20.100  11.808  9.547 0.0000000000
3275  -20.586  11.797  9.525 0.0000000000
3276  -21.065  11.808  9.472 0.0000000000
3289  -21.322  11.791  9.014 0.0000000000
3277  -21.520  11.859  9.419 0.0000000000
3290  -21.810  11.853  9.014 0.0000000000
3301  -21.588  11.758  8.511 0.0000000000
3278  -21.847  11.971  9.335 0.0000000000
3291  -22.171  11.976  8.980 0.0000000000
3302  -22.098  11.806  8.504 0.0000000000
3673  -22.069  12.152  9.524 0.0000000000
3683  -22.313  12.103  9.092 0.0000000000
3303  -22.575  11.932  8.535 0.0000000000
3292  -22.538  12.099  8.850 0.0000000000
3304  -23.039  12.162  8.619 0.0000000000
3684  -22.681  12.224  9.134 0.0000000000
3691  -26.194  12.594  9.017 0.0000000000
3308  -26.143  12.036  8.846 0.0000000000
3703  -26.113  12.187  8.816 0.0000000000
3695  -18.728  12.018  8.819 0.0000000000
3297  -18.512  11.919  8.244 0.0000000000
3694  -18.399  12.140  8.610 0.0000000000
3317  -22.509  11.828  8.042 0.0000000000
3318  -23.050  11.943  8.126 0.0000000000
3696  -23.005  12.259  9.031 0.0000000000
3319  -23.600  12.152  8.128 0.0000000000
3305  -23.440  12.235  8.502 0.0000000000
3697  -23.328  12.306  9.024 0.0000000000
3709  -23.709  12.265  8.497 0.0000000000
3702  -25.836  12.356  8.555 0.0000000000
3714  -25.842  12.002  8.198 0.0000000000
3311  -18.369  11.964  8.103 0.0000000000
3328  -22.461  11.783  7.525 0.0000000000
3329  -23.001  11.832  7.669 0.0000000000
3330  -23.535  11.955  7.714 0.0000000000
3331  -24.159  12.119  7.736 0.0000000000
3320  -24.137  12.218  7.805 0.0000000000
3710  -24.080  12.281  8.329 0.0000000000
3719  -24.269  12.256  8.014 0.0000000000
3713  -25.459  12.214  8.097 0.0000000000
3722  -25.382  11.997  7.773 0.0000000000
3324  -18.590  11.816  7.498 0.0000000000
3332  -24.780  12.040  7.636 0.0000000000
3720  -24.640  12.241  7.928 0.0000000000
3333  -25.158  11.938  7.633 0.0000000000
3721  -25.086  12.168  7.837 0.0000000000
3718  -18.177  12.016  7.355 0.0000000000
3727  -17.981  11.882  7.026 0.0000000000
3353  -17.881  11.775  6.590 0.0000000000
3338  -17.955  11.921  7.238 0.0000000000
3352  -17.424  12.085  7.048 0.0000000000
3359  -17.298  11.859  6.260 0.0000000000
3502  -18.993  12.063  16.778 0.0000000000
3487  -19.927  11.999  17.223 0.0000000000
3486  -19.471  12.310  17.074 0.0000000000
3922  -19.232  12.293  16.886 0.0000000000
3488  -20.131  11.920  17.228 0.0000000000
3489  -20.841  12.088  17.353 0.0000000000
3506  -20.943  12.038  17.178 0.0000000000
3519  -20.922  12.048  16.498 0.0000000000
3490  -21.036  12.125  17.055 0.0000000000
3507  -21.050  12.308  16.884 0.0000000000
3924  -21.081  12.133  16.972 0.0000000000
3923  -20.988  12.152  16.954 0.0000000000
3940  -21.003  12.148  16.763 0.0000000000
3536  -21.428  12.058  16.225 0.0000000000
3520  -21.088  12.084  16.459 0.0000000000
3941  -21.331  12.421  16.426 0.0000000000
3957  -21.005  12.072  16.097 0.0000000000
3958  -21.728  12.549  16.151 0.0000000000
3974  -21.055  12.161  15.476 0.0000000000
3562  -20.947  11.988  15.186 0.0000000000
3990  -21.111  12.050  15.161 0.0000000000
3574  -21.104  12.102  15.048 0.0000000000
4003  -21.073  12.340  14.824 0.0000000000
3575  -21.680  11.914  14.651 0.0000000000
3576  -22.023  11.839  14.135 0.0000000000
3554  -25.185  11.970  15.102 0.0000000000
3995  -25.434  12.355  15.038 0.0000000000
4008  -25.615  12.429  14.561 0.0000000000
4004  -21.610  12.298  14.866 0.0000000000
3588  -22.007  12.215  14.299 0.0000000000
3587  -21.581  12.199  14.234 0.0000000000
4016  -21.945  12.125  14.912 0.0000000000
3589  -22.105  12.147  14.392 0.0000000000
4007  -22.554  12.068  14.664 0.0000000000
4006  -22.211  12.044  14.702 0.0000000000
4018  -22.030  11.836  14.473 0.0000000000
3566  -22.732  12.006  14.995 0.0000000000
3590  -25.760  12.131  14.000 0.0000000000
4019  -25.739  12.388  14.084 0.0000000000
4017  -21.981  12.010  14.550 0.0000000000
4020  -26.042  12.611  13.766 0.0000000000
3600  -25.966  12.085  13.102 0.0000000000
3592  -26.030  12.272  13.530 0.0000000000
4021  -26.162  12.373  13.435 0.0000000000
3608  -26.072  12.269  12.867 0.0000000000
4029  -26.345  12.681  13.203 0.0000000000
3614  -25.774  12.133  12.332 0.0000000000
3615  -26.038  12.246  12.291 0.0000000000
4037  -26.333  12.547  12.571 0.0000000000
4045  -26.325  12.277  12.237 0.0000000000
4057  -26.331  12.520  11.890 0.0000000000
4071  -26.417  12.571  11.589 0.0000000000
4081  -26.564  12.673  10.872 0.0000000000
3648  -26.727  12.500  10.472 0.0000000000
4082  -26.802  12.788  10.841 0.0000000000
3661  -26.716  12.550  10.295 0.0000000000
4094  -26.888  12.857  10.251 0.0000000000
4093  -26.625  12.683  9.862 0.0000000000
3668  -19.853  12.059  9.776 0.0000000000
3666  -18.997  12.251  9.643 0.0000000000
3651  -18.785  12.340  10.208 0.0000000000
3652  -19.611  12.221  10.136 0.0000000000
3669  -20.316  12.068  9.799 0.0000000000
3653  -20.035  12.180  10.096 0.0000000000
3670  -20.789  12.062  9.781 0.0000000000
3654  -20.495  12.217  10.153 0.0000000000
3671  -21.232  12.059  9.743 0.0000000000
3655  -20.958  12.218  10.000 0.0000000000
3672  -21.637  12.092  9.699 0.0000000000
3656  -21.369  12.251  10.087 0.0000000000
3657  -21.807  12.296  10.117 0.0000000000
3658  -22.083  12.249  9.929 0.0000000000
3674  -22.743  12.424  9.714 0.0000000000
3659  -22.632  12.645  10.180 0.0000000000
4100  -23.050  12.682  9.817 0.0000000000
3685  -23.198  12.387  9.261 0.0000000000
3675  -23.083  12.484  9.561 0.0000000000
4101  -23.195  12.700  9.811 0.0000000000
4110  -23.228  12.523  9.453 0.0000000000
4105  -26.593  12.761  9.504 0.0000000000
3680  -18.431  12.300  9.099 0.0000000000
3665  -18.571  12.305  9.516 0.0000000000
3686  -23.839  12.521  9.077 0.0000000000
4111  -23.520  12.686  9.419 0.0000000000
3698  -23.994  12.382  8.751 0.0000000000
3687  -24.318  12.680  9.028 0.0000000000
4112  -24.097  12.771  9.412 0.0000000000
3699  -24.426  12.517  8.666 0.0000000000
3688  -24.726  12.748  8.966 0.0000000000
4113  -24.778  13.013  9.346 0.0000000000
3700  -24.872  12.588  8.603 0.0000000000
3689  -25.088  12.866  8.993 0.0000000000
3701  -25.321  12.558  8.523 0.0000000000
4114  -25.464  12.882  8.906 0.0000000000
3690  -25.680  12.836  8.776 0.0000000000
4115  -26.009  13.108  8.900 0.0000000000
4116  -26.431  13.029  9.234 0.0000000000
3711  -24.551  12.354  8.287 0.0000000000
3712  -25.002  12.359  8.190 0.0000000000
3708  -18.234  12.127  7.934 0.0000000000
3717  -17.846  12.272  7.516 0.0000000000
3726  -17.860  12.017  7.153 0.0000000000
3903  -21.100  12.437  17.474 0.0000000000
4363  -21.851  12.688  16.851 0.0000000000
4376  -21.706  12.768  16.757 0.0000000000
4388  -21.999  12.839  16.173 0.0000000000
3975  -21.333  12.410  15.588 0.0000000000
3976  -21.851  12.671  15.709 0.0000000000
3959  -21.976  12.726  16.007 0.0000000000
4389  -22.114  12.790  16.144 0.0000000000
3991  -21.463  12.512  15.251 0.0000000000
4398  -21.840  12.848  15.958 0.0000000000
3992  -21.787  12.679  14.997 0.0000000000
3977  -22.270  12.679  15.558 0.0000000000
3978  -22.709  12.370  15.267 0.0000000000
3960  -22.639  12.636  15.604 0.0000000000
4390  -22.603  12.742  15.998 0.0000000000
4399  -21.845  12.870  16.057 0.0000000000
3993  -22.299  12.428  14.971 0.0000000000
3549  -23.125  11.894  15.303 0.0000000000
3979  -22.917  12.211  15.282 0.0000000000
3994  -22.540  12.230  14.875 0.0000000000
3961  -23.065  12.568  15.822 0.0000000000
3550  -23.474  11.796  15.331 0.0000000000
3962  -23.226  12.368  15.780 0.0000000000
4005  -21.993  12.252  14.792 0.0000000000
3981  -25.197  12.238  15.430 0.0000000000
3982  -25.626  12.668  15.468 0.0000000000
3996  -25.908  12.905  14.874 0.0000000000
4400  -25.944  13.030  15.302 0.0000000000
4407  -26.141  13.253  14.856 0.0000000000
4009  -25.896  12.872  14.386 0.0000000000
4416  -26.224  13.329  14.344 0.0000000000
4427  -26.030  13.123  14.080 0.0000000000
4028  -26.186  12.862  13.594 0.0000000000
4438  -26.135  13.108  13.951 0.0000000000
4439  -26.271  13.148  13.563 0.0000000000
4038  -26.663  12.872  12.737 0.0000000000
4030  -26.856  12.892  12.873 0.0000000000
4440  -26.657  13.151  13.169 0.0000000000
4451  -26.780  13.125  12.845 0.0000000000
4046  -26.585  12.765  12.329 0.0000000000
4463  -26.831  13.164  12.401 0.0000000000
4058  -26.635  12.799  11.935 0.0000000000
4476  -27.000  13.219  11.793 0.0000000000
4072  -26.729  12.882  11.419 0.0000000000
4487  -27.020  13.182  11.186 0.0000000000
4497  -27.045  13.086  10.851 0.0000000000
4083  -27.154  12.974  10.599 0.0000000000
4095  -27.126  12.972  10.385 0.0000000000
4498  -27.462  13.413  10.819 0.0000000000
4510  -27.186  13.226  10.398 0.0000000000
4106  -26.957  12.957  10.057 0.0000000000
4509  -26.870  13.459  10.195 0.0000000000
4519  -26.598  13.291  9.944 0.0000000000
4088  -22.996  12.819  10.326 0.0000000000
4089  -23.450  12.925  10.223 0.0000000000
4102  -23.754  12.832  9.813 0.0000000000
4090  -23.922  13.072  10.115 0.0000000000
4103  -24.279  13.020  9.746 0.0000000000
4091  -24.329  13.168  9.903 0.0000000000
4104  -24.666  13.223  9.771 0.0000000000
4092  -24.704  13.335  9.981 0.0000000000
4515  -24.880  13.358  9.921 0.0000000000
4524  -24.968  13.280  9.694 0.0000000000
4117  -26.765  12.935  9.587 0.0000000000
4528  -26.657  13.136  9.615 0.0000000000
4525  -25.325  13.275  9.540 0.0000000000
4526  -25.826  13.285  9.403 0.0000000000
4123  -26.170  13.120  9.025 0.0000000000
4122  -26.076  13.187  8.997 0.0000000000
4534  -25.890  13.281  9.018 0.0000000000
4527  -26.255  13.291  9.459 0.0000000000
4535  -26.174  13.168  9.140 0.0000000000
4347  -21.684  12.585  17.566 0.0000000000
4348  -21.896  12.977  17.538 0.0000000000
4364  -22.067  12.997  16.975 0.0000000000
4349  -22.071  13.077  17.373 0.0000000000
4365  -22.330  13.012  16.961 0.0000000000
4377  -21.901  12.966  16.769 0.0000000000
4350  -22.567  13.184  17.341 0.0000000000
4366  -22.797  13.010  16.917 0.0000000000
4378  -22.516  12.886  16.507 0.0000000000
4351  -23.076  13.175  17.313 0.0000000000
4367  -23.199  12.953  16.934 0.0000000000
4379  -22.884  12.795  16.243 0.0000000000
3925  -23.367  12.774  16.806 0.0000000000
4368  -23.478  12.916  17.026 0.0000000000
4380  -23.203  12.731  16.524 0.0000000000
4352  -23.590  13.028  17.292 0.0000000000
3926  -24.101  12.729  17.152 0.0000000000
3942  -23.146  12.668  15.979 0.0000000000
4391  -22.960  13.009  15.899 0.0000000000
3943  -23.509  12.472  16.338 0.0000000000
4392  -25.995  12.920  15.669 0.0000000000
4401  -26.136  13.203  15.583 0.0000000000
4408  -26.060  13.163  15.075 0.0000000000
4810  -26.380  13.697  14.969 0.0000000000
4809  -26.338  13.598  14.785 0.0000000000
4822  -26.305  13.512  14.633 0.0000000000
4428  -26.118  13.401  14.148 0.0000000000
4417  -26.375  13.556  14.131 0.0000000000
4823  -26.576  13.820  14.385 0.0000000000
4833  -26.492  13.828  14.080 0.0000000000
4843  -26.277  13.599  13.912 0.0000000000
4844  -26.704  13.583  13.410 0.0000000000
4855  -26.842  13.404  12.877 0.0000000000
4864  -27.060  13.577  12.534 0.0000000000
4464  -27.120  13.420  12.195 0.0000000000
4477  -27.280  13.540  11.935 0.0000000000
4865  -27.279  13.732  12.247 0.0000000000
4488  -27.389  13.593  11.422 0.0000000000
4875  -27.375  13.875  11.867 0.0000000000
4884  -27.524  13.946  11.426 0.0000000000
4499  -27.665  13.750  11.091 0.0000000000
4489  -27.609  13.848  11.234 0.0000000000
4885  -27.843  13.833  11.063 0.0000000000
4896  -27.649  13.977  10.907 0.0000000000
4895  -27.386  13.996  10.693 0.0000000000
4906  -27.144  13.684  10.472 0.0000000000
4508  -26.389  13.654  10.125 0.0000000000
4905  -26.719  13.925  10.320 0.0000000000
4505  -24.867  13.580  10.206 0.0000000000
4516  -25.046  13.474  10.087 0.0000000000
4506  -25.496  13.797  10.160 0.0000000000
4517  -25.648  13.492  9.825 0.0000000000
4507  -25.930  13.713  10.056 0.0000000000
4518  -26.043  13.516  9.878 0.0000000000
5252  -26.707  14.059  14.811 0.0000000000
5270  -26.803  14.119  14.534 0.0000000000
4834  -26.815  14.113  13.893 0.0000000000
4824  -26.852  14.058  13.994 0.0000000000
5271  -27.035  14.246  14.207 0.0000000000
5288  -26.909  14.035  13.777 0.0000000000
5302  -26.841  13.827  13.381 0.0000000000
5317  -27.077  13.805  12.972 0.0000000000
5327  -27.285  13.853  12.573 0.0000000000
5328  -27.418  14.160  12.305 0.0000000000
5337  -27.551  14.089  11.969 0.0000000000
5346  -27.530  14.281  11.331 0.0000000000
5347  -27.693  14.353  11.025 0.0000000000
4894  -27.041  13.863  10.280 0.0000000000
5357  -27.225  14.367  10.716 0.0000000000
5358  -27.541  14.332  10.789 0.0000000000
4904  -26.194  13.969  10.217 0.0000000000
5356  -26.796  14.368  10.652 0.0000000000
5366  -26.406  14.235  10.430 0.0000000000
5253  -26.987  14.251  14.702 0.0000000000
5254  -27.260  14.557  14.546 0.0000000000
5272  -27.437  14.695  14.100 0.0000000000
5289  -27.299  14.446  13.699 0.0000000000
5738  -27.515  14.952  14.442 0.0000000000
5751  -27.960  14.899  14.152 0.0000000000
5765  -27.848  14.953  13.759 0.0000000000
5303  -27.263  14.199  13.231 0.0000000000
5778  -27.525  14.580  13.320 0.0000000000
5318  -27.347  14.099  12.769 0.0000000000
5793  -27.590  14.560  12.787 0.0000000000
5805  -27.391  14.779  12.042 0.0000000000
5815  -27.324  14.568  11.591 0.0000000000
5824  -27.391  14.688  11.189 0.0000000000
5825  -27.734  14.773  11.097 0.0000000000
5355  -26.277  14.463  10.793 0.0000000000
5831  -26.655  14.716  10.944 0.0000000000
5832  -27.115  14.697  10.966 0.0000000000
5833  -27.406  14.622  10.857 0.0000000000
5365  -26.042  14.225  10.477 0.0000000000
6264  -27.752  15.241  14.472 0.0000000000
5766  -27.999  14.812  13.819 0.0000000000
5752  -28.200  15.039  13.996 0.0000000000
6265  -28.057  15.479  14.315 0.0000000000
5767  -28.189  14.950  13.988 0.0000000000
5753  -28.207  14.859  13.824 0.0000000000
6266  -28.209  15.373  13.869 0.0000000000
5779  -27.880  15.049  13.216 0.0000000000
6281  -28.144  15.322  13.462 0.0000000000
6280  -27.981  14.848  13.415 0.0000000000
6294  -27.947  15.165  13.093 0.0000000000
5794  -27.777  14.981  12.926 0.0000000000
6310  -27.673  14.969  12.546 0.0000000000
6311  -28.038  15.192  12.954 0.0000000000
6323  -27.392  15.198  12.210 0.0000000000
5814  -27.008  14.901  11.671 0.0000000000
5804  -26.909  15.033  11.880 0.0000000000
6322  -26.958  15.212  12.013 0.0000000000
5813  -26.904  14.979  11.782 0.0000000000
5823  -26.858  14.903  11.103 0.0000000000
5822  -26.410  14.757  11.224 0.0000000000
5830  -26.305  14.659  11.030 0.0000000000
6813  -28.274  15.836  14.009 0.0000000000
6827  -28.206  15.797  13.402 0.0000000000
6295  -28.244  15.003  13.022 0.0000000000
6845  -28.188  15.608  13.040 0.0000000000
6312  -28.063  15.263  13.001 0.0000000000
6866  -28.120  15.388  12.931 0.0000000000
6324  -27.967  15.137  12.521 0.0000000000
6865  -27.952  15.620  12.782 0.0000000000
6321  -26.751  15.092  11.928 0.0000000000
6883  -26.837  15.516  12.256 0.0000000000
6884  -27.037  15.652  12.254 0.0000000000
6885  -27.575  15.606  12.424 0.0000000000
7517  -28.268  16.097  13.706 0.0000000000
6844  -27.883  15.911  12.968 0.0000000000
6826  -27.966  16.228  13.082 0.0000000000
7516  -27.901  16.044  13.183 0.0000000000
7529  -27.808  16.189  13.108 0.0000000000
6864  -27.455  15.866  12.681 0.0000000000
6843  -27.235  16.052  12.902 0.0000000000
7528  -27.352  16.329  13.176 0.0000000000
6863  -26.778  16.010  12.648 0.0000000000
6882  -26.593  15.403  12.225 0.0000000000
6862  -26.472  15.717  12.537 0.0000000000
8223  -28.255  16.434  13.693 0.0000000000
8222  -27.898  16.675  13.512 0.0000000000
8233  -27.903  16.323  13.197 0.0000000000
7527  -27.185  16.198  12.998 0.0000000000
7514  -26.949  16.559  13.588 0.0000000000
7515  -27.201  16.656  13.481 0.0000000000
8232  -27.558  16.584  13.306 0.0000000000
8221  -27.260  16.949  13.784 0.0000000000
6842  -26.797  15.939  12.920 0.0000000000
7526  -26.793  16.052  13.029 0.0000000000
7513  -26.620  16.199  13.333 0.0000000000
6841  -26.445  15.883  13.052 0.0000000000
7500  -26.383  16.372  13.834 0.0000000000
7501  -26.803  16.720  13.911 0.0000000000
8220  -26.969  16.898  13.985 0.0000000000
6825  -26.218  16.039  13.438 0.0000000000
8204  -26.754  16.860  14.110 0.0000000000
6811  -25.851  16.084  13.826 0.0000000000
6810  -25.833  16.029  13.825 0.0000000000
7499  -25.774  16.169  14.044 0.0000000000
8203  -26.287  16.724  14.256 0.0000000000
6809  -25.181  15.766  14.196 0.0000000000
7498  -25.197  15.940  14.053 0.0000000000
7488  -25.409  16.021  14.063 0.0000000000
7489  -25.482  16.230  14.498 0.0000000000
8202  -25.961  16.609  14.375 0.0000000000
6797  -25.240  15.914  14.443 0.0000000000
6798  -25.102  15.886  14.773 0.0000000000
6787  -25.251  16.026  14.887 0.0000000000
7479  -25.481  16.376  14.965 0.0000000000
8185  -25.835  16.782  14.749 0.0000000000
6309  -26.326  15.279  12.220 0.0000000000
6308  -25.938  15.352  12.601 0.0000000000
6861  -26.060  15.782  12.982 0.0000000000
6293  -25.853  15.573  12.891 0.0000000000
6840  -26.152  15.743  12.935 0.0000000000
6292  -25.432  15.291  13.013 0.0000000000
6839  -25.890  15.576  13.098 0.0000000000
6824  -26.124  15.995  13.425 0.0000000000
6279  -25.241  15.503  13.699 0.0000000000
6823  -25.577  15.794  13.740 0.0000000000
6263  -24.865  15.339  14.011 0.0000000000
6808  -24.983  15.563  13.883 0.0000000000
6796  -25.024  15.587  14.245 0.0000000000
6262  -24.741  15.351  14.085 0.0000000000
6786  -25.113  16.016  14.932 0.0000000000
6785  -24.973  15.847  15.048 0.0000000000
6247  -24.635  15.413  14.675 0.0000000000
7478  -25.221  16.250  15.198 0.0000000000
6233  -24.751  15.582  15.127 0.0000000000
6217  -24.733  15.793  15.341 0.0000000000
6775  -24.704  16.025  15.691 0.0000000000
7477  -24.990  16.234  15.445 0.0000000000
5803  -26.390  15.051  11.922 0.0000000000
5792  -26.008  15.120  12.197 0.0000000000
5791  -25.686  15.060  12.356 0.0000000000
6307  -25.581  15.164  12.621 0.0000000000
5790  -25.290  14.942  12.548 0.0000000000
5777  -24.970  14.986  12.881 0.0000000000
6291  -24.728  15.026  13.160 0.0000000000
6278  -24.895  15.280  13.595 0.0000000000
5776  -24.536  14.848  13.045 0.0000000000
6290  -24.336  14.915  13.229 0.0000000000
6277  -24.258  15.125  13.700 0.0000000000
5775  -24.038  14.773  13.311 0.0000000000
5764  -23.862  14.867  13.737 0.0000000000
5763  -23.707  14.989  13.760 0.0000000000
6276  -23.986  15.165  14.127 0.0000000000
6261  -24.187  15.145  14.406 0.0000000000
5749  -24.124  15.034  14.214 0.0000000000
6260  -24.011  15.123  14.258 0.0000000000
5750  -23.981  14.999  14.672 0.0000000000
5737  -23.999  15.060  14.889 0.0000000000
6246  -24.206  15.195  14.876 0.0000000000
6232  -24.398  15.335  15.062 0.0000000000
5721  -23.923  15.059  15.119 0.0000000000
6216  -24.354  15.521  15.543 0.0000000000
5702  -23.923  15.095  15.317 0.0000000000
6215  -23.983  15.325  15.635 0.0000000000
6200  -23.870  15.447  15.971 0.0000000000
6201  -24.173  15.681  15.982 0.0000000000
6774  -24.380  15.823  15.949 0.0000000000
5701  -23.704  15.148  15.466 0.0000000000
5345  -26.099  14.761  11.028 0.0000000000
5821  -26.011  14.637  11.265 0.0000000000
5812  -26.185  14.832  11.613 0.0000000000
5344  -25.832  14.374  10.895 0.0000000000
5820  -25.797  14.572  11.240 0.0000000000
5811  -25.638  14.749  11.588 0.0000000000
5343  -25.525  14.373  11.114 0.0000000000
5802  -25.905  14.911  12.007 0.0000000000
5336  -25.224  14.528  11.518 0.0000000000
5810  -25.177  14.722  11.892 0.0000000000
5801  -25.454  14.829  12.126 0.0000000000
5335  -24.837  14.380  11.691 0.0000000000
5800  -25.014  14.745  12.125 0.0000000000
5326  -24.618  14.465  12.064 0.0000000000
5789  -24.759  14.752  12.587 0.0000000000
5316  -24.364  14.514  12.427 0.0000000000
5788  -24.292  14.709  12.838 0.0000000000
5315  -24.055  14.473  12.592 0.0000000000
5787  -24.099  14.795  13.061 0.0000000000
5314  -23.736  14.416  12.776 0.0000000000
5774  -23.833  14.643  13.076 0.0000000000
5301  -23.686  14.671  13.568 0.0000000000
5287  -23.766  14.748  13.654 0.0000000000
5300  -23.506  14.450  13.327 0.0000000000
5286  -23.335  14.579  13.794 0.0000000000
5269  -23.476  14.758  14.257 0.0000000000
5736  -23.908  14.973  14.936 0.0000000000
5251  -23.594  14.822  14.585 0.0000000000
5720  -23.912  15.109  15.023 0.0000000000
5735  -23.462  14.839  14.862 0.0000000000
5719  -23.433  14.840  15.074 0.0000000000
5250  -23.239  14.724  14.593 0.0000000000
5234  -22.884  14.727  15.154 0.0000000000
5718  -22.916  14.781  15.191 0.0000000000
5700  -23.209  14.958  15.474 0.0000000000
5233  -22.626  14.637  14.889 0.0000000000
5717  -22.462  14.748  15.271 0.0000000000
5699  -22.753  14.901  15.536 0.0000000000
5232  -22.077  14.598  15.096 0.0000000000
5716  -22.219  14.816  15.473 0.0000000000
5698  -22.304  14.920  15.629 0.0000000000
5231  -21.695  14.581  15.080 0.0000000000
5715  -21.373  14.926  15.452 0.0000000000
5697  -21.847  15.068  15.769 0.0000000000
5230  -21.205  14.611  15.088 0.0000000000
5714  -20.889  14.813  15.149 0.0000000000
5696  -21.510  15.067  15.701 0.0000000000
6213  -21.325  15.223  15.817 0.0000000000
6231  -21.063  15.189  15.548 0.0000000000
6230  -20.974  15.119  15.236 0.0000000000
5229  -20.771  14.584  14.985 0.0000000000
5245  -20.859  14.480  14.807 0.0000000000
5734  -20.661  14.730  15.002 0.0000000000
5713  -20.422  14.885  15.092 0.0000000000
6229  -20.541  15.096  15.291 0.0000000000
5733  -20.383  14.710  14.838 0.0000000000
5712  -20.034  14.905  14.988 0.0000000000
6228  -19.869  15.007  15.015 0.0000000000
5732  -19.959  14.691  14.600 0.0000000000
6245  -19.716  15.065  14.861 0.0000000000
5684  -23.426  15.166  15.742 0.0000000000
5683  -23.233  15.062  15.770 0.0000000000
5682  -22.607  15.086  15.818 0.0000000000
5681  -22.203  15.118  15.865 0.0000000000
5680  -21.981  15.016  15.811 0.0000000000
6196  -22.013  15.197  15.976 0.0000000000
6214  -21.844  15.106  15.829 0.0000000000
6199  -23.232  15.283  16.185 0.0000000000
6198  -22.843  15.095  15.972 0.0000000000
6197  -22.448  15.239  16.086 0.0000000000
4903  -25.728  13.935  10.304 0.0000000000
5364  -25.830  14.029  10.343 0.0000000000
5354  -25.922  14.271  10.829 0.0000000000
4893  -25.691  13.929  10.454 0.0000000000
4892  -25.200  13.933  10.713 0.0000000000
5353  -25.553  13.925  10.797 0.0000000000
4883  -25.157  14.000  10.863 0.0000000000
5342  -25.058  14.263  11.306 0.0000000000
4882  -24.713  14.066  11.234 0.0000000000
4874  -24.437  14.117  11.542 0.0000000000
5334  -24.254  14.264  12.029 0.0000000000
4873  -24.035  14.034  11.720 0.0000000000
5325  -24.157  14.272  12.096 0.0000000000
4863  -23.851  14.116  11.979 0.0000000000
5324  -23.895  14.253  12.275 0.0000000000
4862  -23.463  13.905  11.964 0.0000000000
5323  -23.495  14.206  12.423 0.0000000000
4861  -23.192  13.990  12.309 0.0000000000
5313  -23.208  14.215  12.794 0.0000000000
4854  -22.932  14.050  12.625 0.0000000000
5312  -22.820  14.113  12.902 0.0000000000
5299  -22.940  14.242  13.231 0.0000000000
4853  -22.621  13.897  12.747 0.0000000000
5298  -22.463  14.049  13.190 0.0000000000
5285  -22.995  14.340  13.757 0.0000000000
5284  -22.555  14.236  13.619 0.0000000000
4842  -22.345  13.866  12.995 0.0000000000
4841  -22.056  13.829  13.191 0.0000000000
5297  -22.196  13.970  13.367 0.0000000000
5283  -22.219  14.090  13.565 0.0000000000
4832  -22.029  13.928  13.566 0.0000000000
5268  -23.163  14.461  14.022 0.0000000000
5267  -22.659  14.323  14.081 0.0000000000
5266  -22.136  14.180  14.010 0.0000000000
4821  -22.030  14.045  13.758 0.0000000000
5249  -22.824  14.538  14.506 0.0000000000
5248  -22.403  14.394  14.526 0.0000000000
4820  -21.828  14.013  13.863 0.0000000000
5265  -21.655  14.180  14.270 0.0000000000
5247  -21.936  14.345  14.632 0.0000000000
4819  -21.417  13.945  13.979 0.0000000000
5264  -21.170  14.187  14.343 0.0000000000
5246  -21.425  14.362  14.743 0.0000000000
4818  -20.933  13.927  14.005 0.0000000000
5263  -20.715  14.163  14.247 0.0000000000
4817  -20.466  14.008  13.985 0.0000000000
5262  -20.340  14.169  14.079 0.0000000000
5244  -20.328  14.406  14.469 0.0000000000
5282  -20.099  14.148  13.878 0.0000000000
5261  -19.967  14.403  14.199 0.0000000000
5243  -20.077  14.488  14.426 0.0000000000
5748  -19.676  14.704  14.291 0.0000000000
5281  -19.748  14.259  13.784 0.0000000000
5762  -19.596  14.634  13.964 0.0000000000
4902  -25.247  13.833  10.415 0.0000000000
4901  -25.043  13.862  10.445 0.0000000000
4891  -24.996  13.975  10.880 0.0000000000
4496  -25.015  13.851  10.630 0.0000000000
4495  -24.454  13.675  10.669 0.0000000000
4890  -24.516  13.853  11.018 0.0000000000
4486  -24.277  13.772  10.997 0.0000000000
4881  -24.244  13.873  11.270 0.0000000000
4485  -23.982  13.650  10.957 0.0000000000
4880  -23.783  13.773  11.390 0.0000000000
4484  -23.373  13.448  11.119 0.0000000000
4879  -23.457  13.750  11.546 0.0000000000
4872  -23.652  13.900  11.797 0.0000000000
4475  -23.268  13.681  11.569 0.0000000000
4871  -23.299  13.820  11.898 0.0000000000
4474  -22.998  13.646  11.734 0.0000000000
4870  -23.098  13.822  12.051 0.0000000000
4860  -22.909  13.833  12.258 0.0000000000
4462  -22.679  13.677  12.035 0.0000000000
4859  -22.527  13.743  12.363 0.0000000000
4461  -22.195  13.473  12.117 0.0000000000
4852  -22.215  13.751  12.721 0.0000000000
4450  -21.931  13.620  12.594 0.0000000000
4851  -21.891  13.719  12.918 0.0000000000
4449  -21.525  13.459  12.708 0.0000000000
4840  -21.532  13.680  13.143 0.0000000000
4831  -21.684  13.818  13.550 0.0000000000
4437  -21.198  13.595  12.981 0.0000000000
4839  -21.223  13.625  13.146 0.0000000000
4830  -21.140  13.725  13.467 0.0000000000
4436  -21.015  13.517  13.044 0.0000000000
4426  -20.952  13.605  13.199 0.0000000000
4425  -20.725  13.664  13.332 0.0000000000
4829  -20.628  13.811  13.715 0.0000000000
4424  -20.353  13.766  13.494 0.0000000000
4828  -20.179  13.993  13.736 0.0000000000
4838  -20.001  13.811  13.390 0.0000000000
4827  -19.846  13.966  13.604 0.0000000000
4837  -19.677  13.844  13.248 0.0000000000
4826  -19.479  14.027  13.449 0.0000000000
4836  -19.299  13.970  13.023 0.0000000000
5280  -19.344  14.383  13.665 0.0000000000
5296  -19.088  14.244  13.145 0.0000000000
4504  -24.329  13.367  10.285 0.0000000000
4503  -24.048  13.107  10.115 0.0000000000
4494  -23.881  13.308  10.525 0.0000000000
4080  -23.579  13.142  10.439 0.0000000000
4493  -23.499  13.241  10.683 0.0000000000
4079  -23.209  13.105  10.669 0.0000000000
4070  -22.919  13.186  10.985 0.0000000000
4483  -22.783  13.295  11.316 0.0000000000
4069  -22.548  13.066  11.075 0.0000000000
4482  -22.333  13.168  11.296 0.0000000000
4473  -22.514  13.381  11.692 0.0000000000
4068  -22.201  12.948  11.094 0.0000000000
4481  -22.081  12.994  11.198 0.0000000000
4472  -21.988  13.233  11.549 0.0000000000
4067  -21.924  12.878  11.126 0.0000000000
4056  -21.614  13.000  11.496 0.0000000000
4471  -21.544  13.168  11.790 0.0000000000
4460  -21.750  13.346  12.137 0.0000000000
4055  -21.148  12.960  11.736 0.0000000000
4459  -21.244  13.211  12.111 0.0000000000
4044  -21.089  13.080  11.940 0.0000000000
4043  -20.927  13.043  11.998 0.0000000000
4458  -21.237  13.140  12.094 0.0000000000
4448  -21.197  13.387  12.843 0.0000000000
4036  -20.847  13.148  12.249 0.0000000000
4447  -20.772  13.277  12.633 0.0000000000
4035  -20.548  13.124  12.318 0.0000000000
4446  -20.105  13.390  12.691 0.0000000000
4435  -20.724  13.455  12.985 0.0000000000
4457  -19.813  13.057  12.175 0.0000000000
4434  -20.308  13.655  13.135 0.0000000000
4850  -19.927  13.751  13.063 0.0000000000
4456  -19.734  13.190  12.140 0.0000000000
4445  -19.388  13.514  12.551 0.0000000000
4849  -19.546  13.814  13.058 0.0000000000
4455  -19.154  13.428  12.182 0.0000000000
4444  -19.007  13.732  12.563 0.0000000000
4848  -18.992  13.853  12.579 0.0000000000
4858  -18.982  13.682  12.341 0.0000000000
3905  -23.940  12.809  17.421 0.0000000000
4327  -24.038  13.122  17.722 0.0000000000
4326  -23.436  13.309  17.657 0.0000000000
4325  -22.904  13.393  17.793 0.0000000000
4324  -22.299  13.225  17.762 0.0000000000
4323  -21.682  13.070  17.833 0.0000000000
3904  -21.425  12.757  17.679 0.0000000000
4299  -22.054  13.307  18.239 0.0000000000
4300  -22.571  13.341  18.062 0.0000000000
4322  -21.189  12.951  18.016 0.0000000000
3881  -21.184  12.894  18.110 0.0000000000
4298  -21.545  13.345  18.286 0.0000000000
4321  -21.150  12.882  18.084 0.0000000000
3880  -20.986  12.661  17.940 0.0000000000
4297  -20.994  13.160  18.112 0.0000000000
4296  -20.676  12.896  18.141 0.0000000000
3879  -20.716  12.524  17.832 0.0000000000
4726  -20.881  13.363  18.319 0.0000000000
4727  -21.241  13.476  18.376 0.0000000000
4295  -20.274  12.967  18.039 0.0000000000
3865  -20.430  12.754  18.041 0.0000000000
3866  -20.849  12.894  18.117 0.0000000000
4725  -20.472  13.474  18.258 0.0000000000
4320  -19.920  12.992  17.845 0.0000000000
4752  -20.117  13.260  17.898 0.0000000000
3646  -22.625  12.786  10.553 0.0000000000
4078  -23.015  13.105  10.833 0.0000000000
4077  -22.226  12.914  11.154 0.0000000000
3645  -22.315  12.686  10.565 0.0000000000
4076  -22.098  12.808  10.942 0.0000000000
3644  -21.817  12.555  10.762 0.0000000000
3633  -21.674  12.708  10.963 0.0000000000
4066  -21.435  12.785  11.278 0.0000000000
3632  -21.262  12.562  10.948 0.0000000000
4065  -20.986  12.698  11.315 0.0000000000
3631  -20.868  12.430  10.988 0.0000000000
4064  -20.510  12.633  11.299 0.0000000000
4054  -20.701  12.819  11.668 0.0000000000
3630  -20.278  12.353  10.998 0.0000000000
4063  -19.966  12.656  11.349 0.0000000000
4053  -20.212  12.794  11.677 0.0000000000
3629  -19.657  12.388  11.040 0.0000000000
4062  -19.394  12.847  11.465 0.0000000000
4052  -19.773  12.924  11.791 0.0000000000
3628  -19.122  12.579  11.045 0.0000000000
4061  -19.015  12.870  11.163 0.0000000000
4051  -19.557  12.964  11.712 0.0000000000
4469  -19.478  13.147  11.842 0.0000000000
4480  -19.207  13.164  11.656 0.0000000000
4479  -18.936  13.255  11.360 0.0000000000
3627  -18.924  12.731  11.008 0.0000000000
4075  -18.782  12.917  10.898 0.0000000000
4042  -20.418  12.928  12.007 0.0000000000
4041  -20.011  12.914  12.004 0.0000000000
4470  -20.119  12.955  11.941 0.0000000000
3965  -25.972  12.797  16.036 0.0000000000
3964  -25.329  12.485  15.847 0.0000000000
3980  -24.867  12.033  15.495 0.0000000000
3553  -24.815  11.998  15.390 0.0000000000
3963  -24.848  12.120  15.806 0.0000000000
3947  -25.388  12.669  16.319 0.0000000000
3946  -24.912  12.387  16.171 0.0000000000
3540  -24.563  12.159  15.827 0.0000000000
3537  -23.479  12.097  16.096 0.0000000000
3521  -23.870  11.987  15.917 0.0000000000
3945  -24.541  12.429  16.441 0.0000000000
3524  -24.576  12.285  16.162 0.0000000000
3928  -24.945  12.665  16.722 0.0000000000
3944  -24.105  12.438  16.468 0.0000000000
3523  -24.307  12.247  16.124 0.0000000000
3927  -24.410  12.668  16.868 0.0000000000
3522  -24.186  12.124  16.122 0.0000000000
3906  -24.239  12.758  17.305 0.0000000000
3882  -24.117  12.820  17.576 0.0000000000
3902  -20.956  11.776  17.895 0.0000000000
3878  -20.120  12.673  17.855 0.0000000000
3475  -20.343  12.139  17.811 0.0000000000
3474  -19.945  11.923  17.812 0.0000000000
3901  -19.807  12.420  17.342 0.0000000000
3877  -20.187  12.739  17.732 0.0000000000
4319  -19.856  12.984  17.634 0.0000000000
3900  -19.719  12.622  17.296 0.0000000000
3650  -18.663  12.403  10.052 0.0000000000
4099  -18.315  12.588  9.826 0.0000000000
3664  -18.225  12.476  9.378 0.0000000000
3643  -21.550  12.391  10.595 0.0000000000
3642  -21.021  12.279  10.500 0.0000000000
3266  -20.118  12.183  10.171 0.0000000000
3259  -20.299  12.190  10.330 0.0000000000
3641  -20.464  12.248  10.579 0.0000000000
3640  -19.920  12.094  10.538 0.0000000000
3265  -19.930  12.130  10.176 0.0000000000
3639  -19.352  12.320  10.653 0.0000000000
3638  -19.101  12.505  10.952 0.0000000000
4087  -18.776  12.598  10.503 0.0000000000
4086  -18.479  12.834  10.466 0.0000000000
3258  -20.147  12.132  10.371 0.0000000000
3552  -24.265  11.917  15.440 0.0000000000
3551  -23.820  11.924  15.455 0.0000000000
3539  -24.130  12.093  15.765 0.0000000000
3136  -23.430  11.824  15.213 0.0000000000
3538  -23.793  12.093  15.716 0.0000000000
3135  -23.147  11.900  15.252 0.0000000000
3899  -19.228  12.609  17.040 0.0000000000
3337  -17.713  11.996  7.043 0.0000000000
4346  -19.509  12.935  17.205 0.0000000000
4318  -19.432  13.207  17.419 0.0000000000
4751  -19.722  13.433  17.752 0.0000000000
4468  -18.968  13.378  11.947 0.0000000000
4454  -18.824  13.335  12.003 0.0000000000
4857  -18.872  13.680  12.120 0.0000000000
4700  -20.772  13.734  18.574 0.0000000000
4699  -20.525  13.814  18.610 0.0000000000
5174  -20.384  13.961  18.607 0.0000000000
4724  -19.970  13.732  18.065 0.0000000000
4701  -21.092  13.743  18.643 0.0000000000
4750  -19.269  13.489  17.732 0.0000000000
4723  -19.496  13.727  17.950 0.0000000000
5311  -19.016  14.101  12.797 0.0000000000
4847  -18.791  13.978  12.265 0.0000000000
5310  -18.662  14.323  12.523 0.0000000000
5279  -18.960  14.524  13.552 0.0000000000
5761  -19.184  14.725  13.879 0.0000000000
5295  -18.817  14.506  13.046 0.0000000000
5731  -19.475  14.913  14.529 0.0000000000
5747  -19.334  14.831  14.167 0.0000000000
5760  -18.923  14.826  13.785 0.0000000000
5746  -19.009  14.920  14.051 0.0000000000
6195  -21.347  15.272  15.988 0.0000000000
6180  -21.640  15.556  16.439 0.0000000000
6181  -22.194  15.476  16.520 0.0000000000
6182  -22.984  15.662  16.648 0.0000000000
6183  -23.132  15.533  16.476 0.0000000000
6212  -21.051  15.367  15.994 0.0000000000
6194  -20.912  15.523  16.097 0.0000000000
6227  -19.583  15.357  15.173 0.0000000000
6209  -19.760  15.276  15.401 0.0000000000
6210  -20.227  15.293  15.532 0.0000000000
6211  -20.574  15.301  15.694 0.0000000000
6244  -19.205  15.381  14.746 0.0000000000
8186  -26.125  16.899  14.574 0.0000000000
6259  -19.167  15.080  14.340 0.0000000000
6784  -19.215  15.733  15.154 0.0000000000
6795  -19.066  15.733  14.948 0.0000000000
6258  -18.894  15.357  14.342 0.0000000000
6243  -19.005  15.464  14.623 0.0000000000
6794  -18.879  15.703  14.717 0.0000000000
6772  -19.531  15.847  15.634 0.0000000000
6193  -20.527  15.520  16.121 0.0000000000
6192  -20.223  15.546  15.905 0.0000000000
6773  -20.119  15.504  15.862 0.0000000000
6179  -21.041  15.650  16.261 0.0000000000
6178  -20.930  15.631  16.323 0.0000000000
6759  -20.740  15.675  16.292 0.0000000000
6757  -19.982  15.913  16.095 0.0000000000
6758  -20.460  15.812  16.291 0.0000000000
6742  -22.463  15.907  17.006 0.0000000000
6743  -22.909  15.841  16.924 0.0000000000
6741  -21.967  15.987  16.981 0.0000000000
6740  -21.347  15.969  16.672 0.0000000000
6739  -20.779  15.982  16.583 0.0000000000
5773  -18.811  14.810  13.402 0.0000000000
6275  -18.759  15.101  13.771 0.0000000000
5786  -18.734  14.820  12.803 0.0000000000
5172  -19.449  14.087  18.190 0.0000000000
5173  -19.962  14.089  18.286 0.0000000000
5142  -20.707  13.767  18.812 0.0000000000
5143  -20.939  14.031  18.829 0.0000000000
6289  -18.715  15.107  13.283 0.0000000000
6807  -18.597  15.787  14.268 0.0000000000
6822  -18.699  15.474  13.795 0.0000000000
6274  -18.427  15.444  13.486 0.0000000000
6821  -18.303  15.954  13.947 0.0000000000
6306  -18.772  15.034  12.986 0.0000000000
6288  -18.406  15.378  13.131 0.0000000000
6726  -21.065  15.971  16.707 0.0000000000
6727  -21.029  16.173  16.781 0.0000000000
7420  -20.755  16.421  16.863 0.0000000000
7437  -20.644  16.280  16.727 0.0000000000
6738  -20.261  16.071  16.327 0.0000000000
7436  -20.365  16.438  16.696 0.0000000000
6737  -20.032  16.033  16.207 0.0000000000
7435  -20.189  16.179  16.420 0.0000000000
7454  -19.741  16.385  16.213 0.0000000000
6756  -19.749  16.001  15.955 0.0000000000
7453  -19.578  16.275  15.978 0.0000000000
7464  -19.278  16.330  15.741 0.0000000000
6771  -19.167  15.952  15.323 0.0000000000
7463  -19.129  16.182  15.454 0.0000000000
6783  -18.855  15.988  15.039 0.0000000000
7487  -18.845  16.037  15.161 0.0000000000
6793  -18.499  16.079  14.560 0.0000000000
6806  -18.310  16.106  14.102 0.0000000000
6838  -18.153  15.886  13.218 0.0000000000
7512  -18.203  16.371  13.890 0.0000000000
7525  -18.146  16.190  13.547 0.0000000000
8115  -20.117  16.891  16.906 0.0000000000
8136  -19.766  16.684  16.429 0.0000000000
7419  -20.420  16.694  16.890 0.0000000000
8116  -20.133  16.898  16.945 0.0000000000
8135  -19.469  16.790  16.249 0.0000000000
8154  -19.271  16.629  15.936 0.0000000000
7476  -18.867  16.297  15.289 0.0000000000
8153  -18.942  16.724  15.697 0.0000000000
8170  -18.661  16.669  15.331 0.0000000000
7475  -18.626  16.412  15.094 0.0000000000
7486  -18.408  16.413  14.760 0.0000000000
8114  -19.753  16.843  16.506 0.0000000000
8876  -19.504  17.180  16.619 0.0000000000
8899  -19.295  16.934  16.154 0.0000000000
8134  -18.998  17.020  15.922 0.0000000000
8898  -18.902  17.332  16.158 0.0000000000
8916  -18.752  17.098  15.771 0.0000000000
8152  -18.535  17.021  15.487 0.0000000000
8169  -18.353  16.837  15.033 0.0000000000
8915  -18.519  17.445  15.727 0.0000000000
8184  -18.129  16.910  14.464 0.0000000000
8931  -18.261  17.291  15.150 0.0000000000
8947  -18.154  17.210  14.793 0.0000000000
7497  -18.267  16.459  14.235 0.0000000000
8201  -18.121  16.734  14.058 0.0000000000
