#!ascii label  , from subject  vox2ras=TkReg
1840
330  -15.033  7.018  2.000 0.0000000000
318  -14.919  7.207  2.442 0.0000000000
177  -14.820  6.990  2.112 0.0000000000
343  -14.990  7.095  2.017 0.0000000000
331  -15.228  7.104  1.991 0.0000000000
319  -15.478  7.240  2.379 0.0000000000
332  -15.774  7.079  1.894 0.0000000000
344  -15.421  7.011  1.854 0.0000000000
320  -16.106  7.278  2.443 0.0000000000
321  -16.239  7.200  2.025 0.0000000000
333  -16.324  7.038  2.121 0.0000000000
345  -16.028  6.954  1.790 0.0000000000
551  -16.469  7.312  2.226 0.0000000000
346  -16.302  6.834  1.603 0.0000000000
347  -16.687  6.942  1.494 0.0000000000
334  -16.934  7.144  2.037 0.0000000000
552  -16.887  7.361  2.250 0.0000000000
348  -17.146  7.426  1.464 0.0000000000
335  -17.315  7.279  2.115 0.0000000000
323  -17.791  7.050  2.498 0.0000000000
322  -17.462  7.268  2.487 0.0000000000
336  -17.875  7.440  2.148 0.0000000000
544  -16.941  7.632  2.670 0.0000000000
553  -17.218  7.319  2.108 0.0000000000
349  -17.602  7.597  1.784 0.0000000000
178  -18.141  6.904  2.194 0.0000000000
337  -18.220  7.690  1.863 0.0000000000
555  -18.161  7.809  1.978 0.0000000000
554  -17.915  7.738  1.896 0.0000000000
179  -18.326  7.084  2.266 0.0000000000
338  -18.708  7.484  2.277 0.0000000000
556  -18.572  7.978  2.046 0.0000000000
325  -18.833  7.308  2.618 0.0000000000
180  -18.660  7.125  2.382 0.0000000000
326  -19.047  7.497  2.336 0.0000000000
339  -19.035  7.701  2.136 0.0000000000
557  -18.966  7.763  2.240 0.0000000000
184  -14.808  7.087  1.992 0.0000000000
353  -14.998  7.040  1.654 0.0000000000
354  -15.087  6.898  1.862 0.0000000000
185  -15.648  6.829  1.627 0.0000000000
193  -15.334  6.785  1.393 0.0000000000
186  -15.793  6.791  1.456 0.0000000000
187  -16.078  6.833  1.390 0.0000000000
188  -16.360  6.880  1.351 0.0000000000
196  -16.479  7.023  1.249 0.0000000000
357  -16.546  7.418  1.233 0.0000000000
358  -16.950  7.818  1.204 0.0000000000
561  -17.408  7.948  1.562 0.0000000000
571  -17.007  7.936  1.239 0.0000000000
562  -17.810  7.965  1.732 0.0000000000
192  -14.783  6.753  1.414 0.0000000000
195  -16.031  7.090  0.856 0.0000000000
356  -16.034  7.458  1.114 0.0000000000
569  -16.164  7.898  1.124 0.0000000000
570  -16.690  8.043  1.095 0.0000000000
545  -17.650  7.407  2.784 0.0000000000
529  -17.421  7.676  3.104 0.0000000000
528  -16.904  7.746  3.129 0.0000000000
543  -16.606  7.665  2.634 0.0000000000
546  -18.059  7.238  2.803 0.0000000000
530  -17.857  7.629  3.080 0.0000000000
324  -18.249  6.876  3.036 0.0000000000
547  -18.572  7.627  2.901 0.0000000000
531  -18.222  7.679  3.240 0.0000000000
548  -19.167  7.670  2.604 0.0000000000
532  -18.695  7.805  3.401 0.0000000000
533  -19.066  7.827  3.059 0.0000000000
788  -19.280  8.102  2.696 0.0000000000
793  -18.973  8.100  2.224 0.0000000000
542  -16.053  7.437  2.656 0.0000000000
563  -18.038  7.929  1.808 0.0000000000
792  -18.435  8.174  1.984 0.0000000000
791  -18.158  7.999  1.838 0.0000000000
800  -17.842  8.495  1.872 0.0000000000
799  -17.159  8.363  1.523 0.0000000000
801  -18.130  8.309  1.776 0.0000000000
568  -15.724  7.843  0.927 0.0000000000
807  -15.939  8.202  1.358 0.0000000000
808  -16.480  8.114  1.285 0.0000000000
809  -17.041  8.053  1.032 0.0000000000
810  -16.943  8.036  1.145 0.0000000000
779  -19.399  8.186  3.216 0.0000000000
1108  -19.462  8.531  2.820 0.0000000000
1119  -19.195  8.519  2.377 0.0000000000
802  -18.468  8.560  1.892 0.0000000000
1118  -18.779  8.622  2.092 0.0000000000
798  -16.740  8.334  1.464 0.0000000000
1126  -16.834  8.706  1.884 0.0000000000
1127  -17.429  9.014  1.881 0.0000000000
1128  -17.991  8.884  1.900 0.0000000000
1129  -18.388  8.871  1.830 0.0000000000
1130  -18.606  8.784  1.895 0.0000000000
806  -15.324  8.105  1.119 0.0000000000
796  -16.143  8.412  1.780 0.0000000000
797  -16.256  8.368  1.574 0.0000000000
1124  -15.882  8.620  1.813 0.0000000000
1138  -15.564  8.505  1.377 0.0000000000
1104  -19.572  8.422  3.055 0.0000000000
1105  -19.801  8.592  3.125 0.0000000000
1109  -19.658  8.874  2.762 0.0000000000
1491  -19.317  9.022  2.436 0.0000000000
1478  -19.892  9.177  2.871 0.0000000000
1492  -19.594  9.116  2.708 0.0000000000
1502  -19.054  8.798  2.242 0.0000000000
1501  -18.844  8.983  2.114 0.0000000000
1510  -18.681  8.909  1.916 0.0000000000
1125  -16.395  8.631  1.804 0.0000000000
1123  -15.428  8.766  1.772 0.0000000000
1111  -15.772  8.782  2.000 0.0000000000
1112  -16.035  8.791  2.032 0.0000000000
1113  -16.449  8.846  2.093 0.0000000000
1114  -16.991  8.953  2.177 0.0000000000
1115  -17.307  9.093  1.997 0.0000000000
1507  -17.539  9.174  1.917 0.0000000000
1508  -17.719  9.047  1.867 0.0000000000
1116  -18.236  9.063  1.909 0.0000000000
1499  -18.030  9.088  2.021 0.0000000000
1117  -18.418  9.101  1.874 0.0000000000
1509  -18.593  9.073  1.886 0.0000000000
1137  -15.052  8.504  1.359 0.0000000000
1106  -20.043  8.926  2.970 0.0000000000
1479  -20.430  9.155  3.193 0.0000000000
1477  -19.436  9.392  2.764 0.0000000000
1910  -19.587  9.707  2.975 0.0000000000
1911  -20.079  9.650  3.049 0.0000000000
1490  -18.966  9.171  2.217 0.0000000000
1476  -19.233  9.417  2.636 0.0000000000
1500  -18.568  9.112  1.819 0.0000000000
1498  -17.394  9.226  2.266 0.0000000000
1488  -17.815  9.378  2.666 0.0000000000
1489  -18.313  9.311  2.440 0.0000000000
1909  -19.138  9.735  2.986 0.0000000000
2268  -19.145  9.939  3.091 0.0000000000
2269  -19.701  10.072  3.209 0.0000000000
2267  -18.976  9.923  3.165 0.0000000000
2255  -18.751  10.127  3.498 0.0000000000
2256  -19.303  10.281  3.600 0.0000000000
1908  -18.654  9.779  3.051 0.0000000000
1894  -18.386  9.908  3.449 0.0000000000
2254  -18.311  10.054  3.708 0.0000000000
2238  -18.301  10.240  4.041 0.0000000000
2239  -18.924  10.391  4.031 0.0000000000
1893  -18.175  9.978  3.754 0.0000000000
1882  -18.112  10.064  3.847 0.0000000000
1881  -17.854  10.015  3.948 0.0000000000
2237  -17.727  10.199  4.288 0.0000000000
2221  -18.103  10.448  4.570 0.0000000000
2222  -18.640  10.575  4.431 0.0000000000
1880  -17.407  9.933  4.063 0.0000000000
2236  -17.197  10.190  4.375 0.0000000000
2220  -17.524  10.429  4.665 0.0000000000
1879  -16.916  9.916  4.100 0.0000000000
2235  -16.664  10.225  4.402 0.0000000000
2219  -16.983  10.441  4.711 0.0000000000
1878  -16.428  9.971  4.058 0.0000000000
2234  -16.140  10.482  4.310 0.0000000000
2218  -16.425  10.560  4.682 0.0000000000
2253  -16.164  10.125  3.938 0.0000000000
2217  -16.167  10.746  4.584 0.0000000000
2586  -16.061  10.807  4.952 0.0000000000
2252  -15.945  10.287  3.937 0.0000000000
2233  -15.777  10.616  4.127 0.0000000000
2585  -15.847  10.926  4.424 0.0000000000
2251  -15.874  10.750  3.908 0.0000000000
2232  -15.691  10.769  4.040 0.0000000000
2584  -15.633  10.844  4.132 0.0000000000
2595  -15.734  10.875  4.174 0.0000000000
2571  -17.870  10.724  4.969 0.0000000000
2572  -18.496  10.734  4.837 0.0000000000
2570  -17.249  10.712  4.959 0.0000000000
2569  -16.701  10.769  4.960 0.0000000000
2568  -16.161  10.975  4.758 0.0000000000
1920  -18.597  9.483  2.673 0.0000000000
1907  -18.165  9.790  3.195 0.0000000000
1919  -18.233  9.618  2.821 0.0000000000
1906  -17.763  9.712  3.244 0.0000000000
1918  -18.028  9.711  2.929 0.0000000000
1475  -18.017  9.699  2.916 0.0000000000
1474  -17.530  9.448  3.018 0.0000000000
1905  -17.346  9.638  3.306 0.0000000000
1892  -17.587  9.805  3.682 0.0000000000
1473  -17.016  9.304  2.972 0.0000000000
1904  -16.781  9.477  3.177 0.0000000000
1891  -17.157  9.775  3.699 0.0000000000
1472  -16.830  9.278  2.970 0.0000000000
1903  -16.486  9.606  3.318 0.0000000000
1890  -16.707  9.775  3.688 0.0000000000
1471  -16.244  9.332  3.032 0.0000000000
1902  -15.955  9.720  3.372 0.0000000000
1889  -16.287  9.845  3.706 0.0000000000
1470  -15.820  9.372  2.982 0.0000000000
1901  -15.389  9.709  3.070 0.0000000000
1888  -16.044  10.080  3.814 0.0000000000
2266  -15.858  10.032  3.605 0.0000000000
2265  -15.481  9.999  3.253 0.0000000000
1917  -15.469  9.427  2.833 0.0000000000
1916  -14.883  9.890  2.869 0.0000000000
1900  -15.030  9.885  2.919 0.0000000000
2264  -15.111  9.980  3.039 0.0000000000
2275  -14.884  10.013  2.798 0.0000000000
1497  -16.948  9.239  2.486 0.0000000000
1487  -17.304  9.303  2.748 0.0000000000
1496  -16.433  9.023  2.322 0.0000000000
1485  -16.564  9.254  2.704 0.0000000000
1486  -16.880  9.276  2.997 0.0000000000
1495  -15.988  8.987  2.235 0.0000000000
1484  -16.194  9.178  2.586 0.0000000000
1494  -15.560  8.996  2.189 0.0000000000
1483  -15.737  9.258  2.520 0.0000000000
1506  -15.186  9.161  1.940 0.0000000000
1923  -15.326  9.385  2.479 0.0000000000
1927  -14.933  9.463  1.939 0.0000000000
805  -14.868  8.248  1.002 0.0000000000
1136  -14.715  8.638  1.212 0.0000000000
1122  -14.961  8.909  1.668 0.0000000000
816  -14.827  8.161  0.881 0.0000000000
1143  -14.619  8.441  0.914 0.0000000000
1515  -14.669  9.306  1.514 0.0000000000
1142  -14.365  8.666  0.952 0.0000000000
1135  -14.267  8.976  1.217 0.0000000000
1141  -13.943  9.017  0.983 0.0000000000
1134  -13.990  9.042  1.000 0.0000000000
1514  -14.207  9.284  1.150 0.0000000000
1513  -13.979  9.092  0.959 0.0000000000
1518  -14.076  9.274  1.056 0.0000000000
1505  -14.989  9.270  1.798 0.0000000000
1101  -20.234  8.711  3.393 0.0000000000
1100  -19.959  8.556  3.265 0.0000000000
769  -19.931  8.399  3.586 0.0000000000
780  -19.677  8.305  3.402 0.0000000000
576  -14.604  7.671  0.538 0.0000000000
815  -14.408  8.232  0.782 0.0000000000
577  -15.185  7.727  0.812 0.0000000000
817  -15.101  8.089  0.926 0.0000000000
575  -14.060  8.011  0.550 0.0000000000
814  -14.109  8.503  0.695 0.0000000000
574  -13.914  8.097  0.395 0.0000000000
821  -13.635  8.232  0.307 0.0000000000
1147  -13.691  8.947  0.510 0.0000000000
567  -15.226  8.177  1.050 0.0000000000
768  -19.507  8.181  3.699 0.0000000000
778  -19.031  7.961  3.355 0.0000000000
767  -18.951  8.091  3.713 0.0000000000
753  -19.271  8.202  4.164 0.0000000000
754  -19.739  8.225  4.089 0.0000000000
766  -18.430  8.081  3.861 0.0000000000
519  -18.642  7.986  3.723 0.0000000000
752  -18.703  8.251  4.252 0.0000000000
765  -17.915  8.075  3.829 0.0000000000
518  -18.284  7.830  3.627 0.0000000000
751  -18.098  8.280  4.129 0.0000000000
764  -17.326  8.151  3.866 0.0000000000
517  -17.741  7.765  3.510 0.0000000000
750  -17.626  8.333  4.160 0.0000000000
763  -16.738  8.119  3.764 0.0000000000
516  -17.160  7.810  3.553 0.0000000000
749  -17.246  8.421  4.233 0.0000000000
748  -16.865  8.378  4.160 0.0000000000
762  -16.121  8.159  3.627 0.0000000000
514  -16.456  7.860  3.561 0.0000000000
515  -16.780  7.797  3.538 0.0000000000
747  -16.335  8.313  4.094 0.0000000000
776  -16.232  7.961  3.223 0.0000000000
746  -15.799  8.281  4.027 0.0000000000
761  -15.510  8.204  3.666 0.0000000000
775  -15.753  8.105  3.260 0.0000000000
745  -15.260  8.243  4.102 0.0000000000
760  -15.042  8.053  3.821 0.0000000000
774  -15.246  7.929  3.440 0.0000000000
759  -14.771  8.028  4.124 0.0000000000
512  -14.751  7.852  3.991 0.0000000000
513  -15.044  7.923  3.717 0.0000000000
744  -14.868  8.075  4.067 0.0000000000
506  -14.577  7.651  4.203 0.0000000000
738  -19.578  8.268  4.558 0.0000000000
737  -19.120  8.334  4.637 0.0000000000
1095  -18.739  8.483  4.683 0.0000000000
1094  -18.323  8.527  4.537 0.0000000000
1093  -17.837  8.581  4.472 0.0000000000
1092  -17.411  8.654  4.477 0.0000000000
1091  -17.006  8.695  4.476 0.0000000000
1090  -16.521  8.669  4.420 0.0000000000
1089  -15.990  8.577  4.359 0.0000000000
1088  -15.573  8.416  4.340 0.0000000000
736  -15.235  8.296  4.582 0.0000000000
735  -14.900  8.075  4.409 0.0000000000
1081  -19.435  8.583  4.956 0.0000000000
1080  -18.973  8.660  4.991 0.0000000000
732  -15.217  8.207  5.061 0.0000000000
731  -14.973  8.050  4.848 0.0000000000
1073  -15.608  8.574  4.750 0.0000000000
502  -14.790  7.761  4.625 0.0000000000
727  -15.297  8.048  5.432 0.0000000000
498  -15.081  7.703  5.284 0.0000000000
497  -14.844  7.743  5.015 0.0000000000
1045  -15.520  8.400  5.361 0.0000000000
1057  -15.516  8.507  5.075 0.0000000000
728  -15.605  8.114  5.753 0.0000000000
493  -15.291  7.682  5.657 0.0000000000
364  -15.324  7.125  0.758 0.0000000000
363  -14.850  7.132  0.671 0.0000000000
578  -15.580  7.391  0.814 0.0000000000
369  -14.579  7.224  0.528 0.0000000000
582  -14.453  7.330  0.396 0.0000000000
581  -14.159  7.463  0.327 0.0000000000
580  -13.702  7.660  0.310 0.0000000000
355  -15.835  7.218  0.985 0.0000000000
777  -16.521  7.859  3.047 0.0000000000
787  -16.095  7.904  3.000 0.0000000000
541  -15.881  7.607  2.907 0.0000000000
786  -15.956  7.918  2.977 0.0000000000
540  -15.089  7.658  2.930 0.0000000000
785  -15.490  7.982  3.033 0.0000000000
539  -14.658  7.721  2.811 0.0000000000
784  -15.099  7.879  3.048 0.0000000000
538  -14.118  7.683  3.064 0.0000000000
317  -14.183  7.237  2.705 0.0000000000
525  -14.971  7.758  3.541 0.0000000000
524  -14.294  7.718  3.490 0.0000000000
773  -15.027  7.819  3.206 0.0000000000
783  -14.991  7.871  2.759 0.0000000000
537  -14.143  7.422  3.071 0.0000000000
316  -13.714  7.286  2.947 0.0000000000
523  -13.992  7.187  3.395 0.0000000000
527  -16.579  7.801  3.317 0.0000000000
526  -15.128  7.869  3.610 0.0000000000
511  -14.181  7.318  4.121 0.0000000000
510  -13.848  7.070  3.856 0.0000000000
307  -13.791  6.912  3.774 0.0000000000
312  -13.822  7.007  3.313 0.0000000000
505  -14.192  7.309  4.131 0.0000000000
302  -14.051  7.070  4.224 0.0000000000
308  -13.877  7.019  4.087 0.0000000000
298  -14.528  7.296  4.636 0.0000000000
303  -14.331  7.314  4.274 0.0000000000
294  -15.068  7.354  5.473 0.0000000000
293  -14.677  7.189  5.251 0.0000000000
488  -15.337  7.528  5.985 0.0000000000
289  -15.175  7.252  5.810 0.0000000000
494  -15.530  7.759  5.953 0.0000000000
489  -15.680  7.508  6.328 0.0000000000
284  -15.346  7.272  6.112 0.0000000000
362  -14.404  6.992  0.677 0.0000000000
368  -14.250  7.175  0.523 0.0000000000
361  -14.116  7.038  0.655 0.0000000000
367  -13.866  7.100  0.488 0.0000000000
198  -14.040  6.834  0.825 0.0000000000
204  -13.739  6.873  0.661 0.0000000000
203  -13.599  6.864  0.524 0.0000000000
366  -13.338  7.166  0.435 0.0000000000
197  -13.449  6.830  0.887 0.0000000000
360  -12.909  7.227  0.971 0.0000000000
579  -13.196  7.843  0.679 0.0000000000
201  -15.455  6.792  0.944 0.0000000000
200  -15.084  6.700  0.801 0.0000000000
365  -15.802  6.768  0.812 0.0000000000
199  -14.622  6.583  0.801 0.0000000000
352  -13.085  6.839  1.261 0.0000000000
359  -12.650  7.428  1.240 0.0000000000
573  -13.013  7.909  1.081 0.0000000000
351  -12.526  7.189  1.746 0.0000000000
565  -12.324  7.582  1.620 0.0000000000
572  -12.687  7.754  1.366 0.0000000000
194  -15.801  6.879  1.148 0.0000000000
202  -15.884  7.120  0.967 0.0000000000
189  -13.409  6.789  1.423 0.0000000000
342  -13.241  6.881  1.862 0.0000000000
341  -12.875  7.120  1.981 0.0000000000
340  -12.449  7.068  2.087 0.0000000000
350  -12.234  7.045  1.946 0.0000000000
564  -12.212  7.228  1.921 0.0000000000
558  -12.264  7.343  2.047 0.0000000000
181  -13.673  6.749  1.806 0.0000000000
174  -13.499  6.816  2.339 0.0000000000
329  -12.933  6.985  2.248 0.0000000000
328  -12.700  7.141  2.458 0.0000000000
327  -12.389  7.113  2.541 0.0000000000
315  -13.307  7.106  2.809 0.0000000000
314  -12.758  6.999  2.943 0.0000000000
313  -12.558  6.794  3.046 0.0000000000
534  -12.351  7.290  2.983 0.0000000000
549  -12.377  7.626  2.522 0.0000000000
173  -18.526  6.850  2.482 0.0000000000
172  -18.096  6.845  2.430 0.0000000000
171  -17.925  6.918  2.392 0.0000000000
170  -14.569  6.857  2.453 0.0000000000
168  -13.822  6.886  2.608 0.0000000000
169  -14.104  6.809  2.474 0.0000000000
167  -13.571  6.955  2.708 0.0000000000
311  -13.342  6.900  3.037 0.0000000000
310  -13.059  6.783  3.254 0.0000000000
309  -12.405  7.045  3.049 0.0000000000
306  -13.143  7.021  3.788 0.0000000000
305  -12.848  6.999  3.899 0.0000000000
304  -12.233  6.976  3.717 0.0000000000
507  -12.508  7.006  3.659 0.0000000000
520  -12.339  7.465  3.448 0.0000000000
301  -13.932  6.983  4.004 0.0000000000
163  -13.691  6.843  4.257 0.0000000000
166  -13.352  6.864  3.937 0.0000000000
165  -13.164  6.926  3.923 0.0000000000
162  -13.136  6.891  4.063 0.0000000000
300  -12.964  7.006  3.969 0.0000000000
299  -12.837  6.995  4.225 0.0000000000
503  -12.768  7.063  4.090 0.0000000000
508  -12.677  7.365  3.790 0.0000000000
297  -14.225  6.975  4.692 0.0000000000
164  -14.050  6.823  4.579 0.0000000000
161  -13.219  6.941  4.092 0.0000000000
157  -12.927  6.787  4.589 0.0000000000
295  -12.801  7.053  4.671 0.0000000000
499  -12.786  7.207  4.416 0.0000000000
292  -14.309  7.046  4.996 0.0000000000
160  -14.138  6.855  4.912 0.0000000000
290  -12.825  6.919  4.982 0.0000000000
296  -12.875  7.119  5.244 0.0000000000
500  -12.980  7.356  4.802 0.0000000000
288  -14.891  7.129  5.615 0.0000000000
150  -14.631  6.809  5.640 0.0000000000
156  -14.528  6.889  5.355 0.0000000000
155  -14.195  6.691  5.279 0.0000000000
152  -12.887  6.602  5.206 0.0000000000
286  -12.806  6.882  5.342 0.0000000000
291  -12.889  7.137  5.179 0.0000000000
145  -15.151  6.981  6.009 0.0000000000
151  -15.013  6.954  5.827 0.0000000000
147  -12.816  6.676  5.664 0.0000000000
287  -12.969  7.044  5.677 0.0000000000
285  -15.535  7.114  6.287 0.0000000000
79  -15.206  6.481  1.023 0.0000000000
82  -15.173  6.523  0.923 0.0000000000
81  -14.843  6.147  0.948 0.0000000000
80  -14.778  6.107  1.063 0.0000000000
191  -14.388  6.603  1.259 0.0000000000
190  -13.838  6.742  1.320 0.0000000000
78  -14.916  6.336  1.063 0.0000000000
77  -14.736  6.425  1.180 0.0000000000
183  -14.379  6.755  1.796 0.0000000000
182  -14.082  6.766  1.728 0.0000000000
176  -14.457  6.781  2.141 0.0000000000
175  -13.988  6.756  2.140 0.0000000000
159  -13.859  6.756  4.823 0.0000000000
158  -13.357  6.736  4.645 0.0000000000
154  -13.502  6.618  5.204 0.0000000000
153  -13.045  6.699  4.854 0.0000000000
149  -14.234  6.390  5.781 0.0000000000
76  -14.015  6.270  5.678 0.0000000000
75  -13.731  6.294  5.423 0.0000000000
74  -13.019  6.489  5.102 0.0000000000
73  -12.940  6.054  4.925 0.0000000000
69  -12.937  6.302  5.648 0.0000000000
144  -14.949  6.700  6.089 0.0000000000
143  -14.469  6.539  6.014 0.0000000000
67  -13.866  6.102  6.106 0.0000000000
72  -14.166  6.033  5.985 0.0000000000
141  -12.796  6.525  5.956 0.0000000000
148  -12.918  6.887  6.161 0.0000000000
138  -15.363  6.619  6.662 0.0000000000
137  -15.207  6.810  6.391 0.0000000000
146  -15.578  6.859  6.467 0.0000000000
61  -14.823  6.471  6.704 0.0000000000
68  -14.595  6.402  6.323 0.0000000000
64  -12.886  6.357  6.016 0.0000000000
142  -12.932  6.636  6.079 0.0000000000
62  -15.228  6.280  6.983 0.0000000000
63  -15.613  6.343  7.005 0.0000000000
139  -15.879  6.711  6.854 0.0000000000
71  -13.934  6.152  5.965 0.0000000000
70  -13.413  6.222  5.719 0.0000000000
66  -13.618  6.088  6.000 0.0000000000
65  -12.843  6.256  6.081 0.0000000000
60  -14.387  6.240  6.705 0.0000000000
59  -13.728  6.210  6.549 0.0000000000
58  -13.336  6.127  6.055 0.0000000000
135  -13.187  6.479  6.322 0.0000000000
56  -15.809  6.292  7.400 0.0000000000
55  -15.333  6.237  7.396 0.0000000000
132  -16.152  6.472  7.085 0.0000000000
54  -14.799  6.218  7.291 0.0000000000
53  -14.174  6.255  7.186 0.0000000000
52  -13.795  6.431  7.270 0.0000000000
136  -13.614  6.732  6.900 0.0000000000
49  -15.528  6.215  7.841 0.0000000000
50  -15.897  6.074  8.032 0.0000000000
57  -16.129  6.357  7.357 0.0000000000
133  -16.181  6.632  7.236 0.0000000000
48  -14.769  6.106  7.893 0.0000000000
47  -14.833  6.211  7.820 0.0000000000
46  -14.418  6.231  7.703 0.0000000000
45  -14.016  6.326  7.598 0.0000000000
127  -13.871  6.648  7.727 0.0000000000
131  -13.759  6.847  7.444 0.0000000000
42  -16.353  6.288  8.313 0.0000000000
41  -15.788  6.229  8.292 0.0000000000
51  -16.575  6.400  7.957 0.0000000000
129  -16.290  6.439  7.646 0.0000000000
40  -15.204  6.214  8.238 0.0000000000
39  -14.684  6.243  8.158 0.0000000000
38  -14.369  6.309  8.000 0.0000000000
128  -14.152  6.480  7.905 0.0000000000
35  -16.061  6.190  8.800 0.0000000000
36  -16.624  6.186  8.743 0.0000000000
43  -16.915  6.580  8.240 0.0000000000
34  -15.612  6.217  8.661 0.0000000000
33  -15.328  6.215  8.809 0.0000000000
32  -15.113  6.112  8.720 0.0000000000
119  -14.599  6.410  8.645 0.0000000000
124  -14.548  6.279  8.281 0.0000000000
123  -14.314  6.520  8.297 0.0000000000
29  -16.886  6.087  9.044 0.0000000000
3  -16.466  5.865  9.163 0.0000000000
5  -16.261  6.023  8.943 0.0000000000
37  -17.143  6.433  8.750 0.0000000000
4  -16.146  6.116  8.956 0.0000000000
2  -16.146  5.984  8.769 0.0000000000
28  -15.923  6.170  9.010 0.0000000000
27  -15.724  6.192  9.144 0.0000000000
26  -15.229  6.210  9.206 0.0000000000
25  -14.858  6.297  9.189 0.0000000000
22  -16.585  6.040  9.655 0.0000000000
23  -17.069  6.282  9.772 0.0000000000
30  -17.394  6.456  9.257 0.0000000000
0  -16.209  5.998  9.241 0.0000000000
21  -16.135  6.100  9.464 0.0000000000
20  -15.881  6.206  9.639 0.0000000000
19  -15.453  6.212  9.612 0.0000000000
18  -15.038  6.156  9.743 0.0000000000
111  -14.749  6.415  9.672 0.0000000000
115  -14.451  6.711  9.190 0.0000000000
16  -17.322  6.316  10.094 0.0000000000
15  -16.792  6.280  10.201 0.0000000000
24  -17.597  6.415  9.696 0.0000000000
1  -16.341  5.924  9.438 0.0000000000
14  -16.219  6.307  10.241 0.0000000000
13  -15.678  6.297  10.031 0.0000000000
12  -15.156  6.281  9.953 0.0000000000
11  -15.069  6.151  9.825 0.0000000000
9  -17.225  6.362  10.545 0.0000000000
10  -17.584  6.411  10.282 0.0000000000
17  -17.790  6.351  10.150 0.0000000000
8  -16.814  6.428  10.679 0.0000000000
7  -16.422  6.325  10.537 0.0000000000
6  -16.021  6.308  10.382 0.0000000000
99  -15.633  6.543  10.531 0.0000000000
108  -15.561  6.364  10.211 0.0000000000
107  -15.245  6.442  10.259 0.0000000000
106  -14.784  6.539  10.120 0.0000000000
103  -17.730  6.660  10.685 0.0000000000
109  -17.789  6.643  10.071 0.0000000000
102  -17.138  6.624  10.894 0.0000000000
101  -16.625  6.676  10.980 0.0000000000
100  -16.113  6.547  10.812 0.0000000000
112  -17.965  6.869  9.830 0.0000000000
31  -17.593  6.473  9.404 0.0000000000
117  -17.689  6.738  9.315 0.0000000000
116  -17.408  6.801  8.841 0.0000000000
120  -17.427  6.813  8.840 0.0000000000
44  -17.190  6.652  8.498 0.0000000000
126  -17.146  6.837  8.348 0.0000000000
125  -16.911  6.993  8.027 0.0000000000
130  -16.626  6.758  7.699 0.0000000000
91  -15.739  6.784  11.140 0.0000000000
90  -15.423  6.776  10.891 0.0000000000
98  -15.233  6.817  10.687 0.0000000000
92  -16.264  6.732  11.316 0.0000000000
93  -16.686  6.757  11.422 0.0000000000
94  -17.048  6.753  11.341 0.0000000000
95  -17.542  6.752  11.289 0.0000000000
246  -14.940  6.865  10.460 0.0000000000
245  -14.622  6.888  10.283 0.0000000000
252  -14.444  6.868  9.731 0.0000000000
258  -14.292  6.881  9.293 0.0000000000
114  -14.245  6.914  9.055 0.0000000000
118  -14.257  6.830  8.836 0.0000000000
257  -14.137  7.025  9.219 0.0000000000
262  -14.088  7.058  8.896 0.0000000000
266  -13.950  7.111  8.547 0.0000000000
121  -17.736  6.978  9.075 0.0000000000
264  -17.810  7.016  9.087 0.0000000000
263  -17.573  7.164  8.767 0.0000000000
268  -17.227  7.163  8.342 0.0000000000
122  -13.953  6.806  8.141 0.0000000000
267  -16.968  7.277  7.988 0.0000000000
271  -16.754  7.286  7.604 0.0000000000
270  -13.774  7.027  7.931 0.0000000000
134  -16.665  7.163  7.149 0.0000000000
273  -13.576  7.253  7.361 0.0000000000
140  -16.128  6.842  6.935 0.0000000000
275  -16.269  7.110  6.986 0.0000000000
276  -16.497  7.316  7.213 0.0000000000
277  -13.278  6.991  6.687 0.0000000000
282  -13.184  7.032  5.980 0.0000000000
278  -13.629  6.998  6.898 0.0000000000
281  -15.936  6.814  6.721 0.0000000000
280  -15.765  7.077  6.549 0.0000000000
238  -14.572  7.211  10.909 0.0000000000
244  -14.122  6.956  10.396 0.0000000000
239  -15.092  6.922  10.933 0.0000000000
251  -13.861  6.958  9.901 0.0000000000
256  -13.714  7.229  9.444 0.0000000000
261  -13.883  7.267  8.881 0.0000000000
448  -13.680  7.493  8.992 0.0000000000
459  -13.789  7.616  8.896 0.0000000000
265  -13.815  7.224  8.350 0.0000000000
467  -13.669  7.604  8.575 0.0000000000
472  -13.596  7.663  8.038 0.0000000000
469  -17.103  7.694  7.946 0.0000000000
468  -16.951  7.573  7.856 0.0000000000
462  -17.418  7.580  8.553 0.0000000000
269  -13.386  7.557  7.718 0.0000000000
473  -16.798  7.803  7.585 0.0000000000
480  -16.562  7.678  7.261 0.0000000000
272  -13.292  7.543  7.554 0.0000000000
476  -13.101  7.731  7.485 0.0000000000
477  -13.611  7.438  7.122 0.0000000000
274  -13.817  7.057  7.002 0.0000000000
279  -14.010  7.197  6.932 0.0000000000
478  -13.854  7.246  7.085 0.0000000000
479  -16.295  7.584  6.993 0.0000000000
485  -16.004  7.509  6.700 0.0000000000
283  -13.580  7.434  6.415 0.0000000000
483  -13.763  7.168  7.019 0.0000000000
482  -13.693  7.515  6.736 0.0000000000
484  -15.844  7.282  6.606 0.0000000000
486  -13.362  7.811  6.377 0.0000000000
491  -13.291  7.656  5.725 0.0000000000
487  -13.516  7.649  6.479 0.0000000000
495  -13.176  7.407  5.252 0.0000000000
447  -13.249  7.581  9.398 0.0000000000
458  -13.405  7.700  8.881 0.0000000000
457  -12.890  7.764  8.799 0.0000000000
466  -13.202  7.737  8.404 0.0000000000
465  -12.805  7.844  8.202 0.0000000000
471  -13.044  7.759  8.006 0.0000000000
474  -17.051  7.901  7.803 0.0000000000
692  -17.299  8.099  8.179 0.0000000000
701  -17.233  7.987  7.962 0.0000000000
470  -12.865  7.853  7.834 0.0000000000
707  -16.926  8.144  7.552 0.0000000000
715  -16.645  8.160  7.203 0.0000000000
708  -17.153  8.266  7.714 0.0000000000
475  -12.802  7.932  7.655 0.0000000000
710  -12.687  8.162  7.450 0.0000000000
711  -13.016  8.043  7.184 0.0000000000
481  -13.313  7.978  6.907 0.0000000000
714  -16.394  8.190  7.087 0.0000000000
720  -16.149  7.805  6.823 0.0000000000
717  -13.041  8.061  6.825 0.0000000000
490  -15.895  7.639  6.477 0.0000000000
724  -16.032  7.881  6.368 0.0000000000
722  -13.075  8.067  6.404 0.0000000000
725  -13.225  8.084  6.006 0.0000000000
723  -15.755  7.927  6.075 0.0000000000
496  -13.353  7.822  5.237 0.0000000000
492  -13.481  7.957  5.485 0.0000000000
726  -13.374  8.094  5.667 0.0000000000
730  -13.386  8.301  5.269 0.0000000000
501  -13.209  7.690  4.984 0.0000000000
734  -13.326  8.053  4.766 0.0000000000
504  -12.843  7.554  4.252 0.0000000000
733  -12.977  7.846  4.572 0.0000000000
742  -12.954  7.945  4.074 0.0000000000
509  -12.984  8.019  3.995 0.0000000000
521  -12.745  8.069  3.494 0.0000000000
757  -13.216  8.131  3.782 0.0000000000
522  -13.019  8.077  3.401 0.0000000000
535  -12.575  8.032  2.959 0.0000000000
536  -12.964  8.173  3.041 0.0000000000
772  -13.195  8.392  3.340 0.0000000000
782  -13.042  8.066  2.981 0.0000000000
550  -12.729  8.202  2.465 0.0000000000
781  -12.858  7.905  2.883 0.0000000000
559  -12.457  7.999  2.066 0.0000000000
789  -12.856  8.099  2.680 0.0000000000
794  -12.765  8.112  2.303 0.0000000000
566  -12.710  8.171  1.805 0.0000000000
560  -12.709  7.801  2.004 0.0000000000
795  -12.837  8.289  1.921 0.0000000000
804  -12.860  8.413  1.412 0.0000000000
813  -13.112  8.002  1.180 0.0000000000
820  -13.063  7.864  0.639 0.0000000000
990  -17.293  8.407  8.036 0.0000000000
716  -17.048  8.469  7.328 0.0000000000
1002  -17.244  8.724  7.648 0.0000000000
703  -12.751  7.987  7.932 0.0000000000
702  -12.390  8.318  7.850 0.0000000000
709  -12.352  8.391  7.483 0.0000000000
1010  -12.483  8.567  7.215 0.0000000000
1011  -13.012  8.499  7.096 0.0000000000
721  -16.508  8.245  7.008 0.0000000000
1017  -16.807  8.685  7.046 0.0000000000
1030  -16.672  8.376  7.009 0.0000000000
1018  -16.935  8.955  7.120 0.0000000000
1024  -13.090  8.480  6.631 0.0000000000
1029  -16.588  8.510  6.829 0.0000000000
1039  -16.251  8.552  6.434 0.0000000000
1033  -13.120  8.388  6.294 0.0000000000
1038  -15.876  8.360  6.081 0.0000000000
1044  -13.120  8.618  5.969 0.0000000000
729  -13.274  8.402  5.687 0.0000000000
1046  -15.874  8.607  5.628 0.0000000000
1055  -13.036  8.723  5.353 0.0000000000
1056  -13.230  8.642  5.012 0.0000000000
1072  -13.444  8.514  4.836 0.0000000000
743  -13.264  8.020  4.196 0.0000000000
1087  -13.405  8.465  4.376 0.0000000000
758  -13.335  8.394  4.022 0.0000000000
1098  -13.272  8.678  3.768 0.0000000000
1099  -13.349  8.602  4.063 0.0000000000
1103  -13.217  8.822  3.314 0.0000000000
1107  -13.168  8.710  2.885 0.0000000000
790  -12.958  8.351  2.513 0.0000000000
1110  -13.130  8.872  2.322 0.0000000000
1121  -12.966  8.810  1.856 0.0000000000
1133  -12.905  9.160  1.584 0.0000000000
803  -12.577  8.877  0.912 0.0000000000
812  -12.787  8.327  0.905 0.0000000000
1132  -12.644  9.176  1.158 0.0000000000
1140  -12.380  8.895  1.051 0.0000000000
811  -12.401  8.534  0.644 0.0000000000
819  -12.801  8.232  0.370 0.0000000000
818  -12.252  8.479  -0.036 0.0000000000
823  -12.771  8.169  -0.174 0.0000000000
824  -13.085  8.103  -0.106 0.0000000000
825  -13.356  8.259  -0.009 0.0000000000
1151  -13.548  8.678  0.074 0.0000000000
822  -12.454  8.380  -0.177 0.0000000000
827  -12.959  8.200  -0.668 0.0000000000
828  -13.237  8.332  -0.681 0.0000000000
829  -13.611  8.408  -0.423 0.0000000000
1155  -13.692  8.538  -0.100 0.0000000000
826  -12.403  8.579  -0.361 0.0000000000
1152  -12.439  8.846  -0.563 0.0000000000
1153  -13.066  8.883  -0.718 0.0000000000
830  -13.048  8.634  -1.012 0.0000000000
831  -13.089  8.662  -0.985 0.0000000000
1154  -13.252  8.883  -0.465 0.0000000000
1157  -13.154  8.749  -0.818 0.0000000000
1156  -13.146  8.793  -0.837 0.0000000000
1009  -12.057  8.706  7.523 0.0000000000
1022  -12.193  8.968  6.923 0.0000000000
1023  -12.646  8.715  6.761 0.0000000000
1016  -16.737  8.801  6.865 0.0000000000
1352  -16.832  8.989  6.908 0.0000000000
1353  -16.912  9.077  6.949 0.0000000000
1337  -17.392  9.182  7.514 0.0000000000
1354  -17.248  9.234  7.016 0.0000000000
1346  -11.957  8.986  7.166 0.0000000000
1364  -11.922  9.136  6.765 0.0000000000
1031  -12.300  8.931  6.287 0.0000000000
1032  -12.839  8.713  6.304 0.0000000000
1370  -16.706  8.970  6.645 0.0000000000
1382  -12.030  8.801  6.280 0.0000000000
1043  -12.658  8.769  5.800 0.0000000000
1042  -12.298  8.973  5.642 0.0000000000
1409  -11.986  9.350  5.886 0.0000000000
1047  -16.262  8.808  5.863 0.0000000000
1388  -16.584  8.986  6.117 0.0000000000
1054  -12.543  8.918  5.315 0.0000000000
1053  -12.366  8.998  5.390 0.0000000000
1430  -12.357  9.251  5.387 0.0000000000
1058  -15.846  8.663  5.160 0.0000000000
1059  -16.327  8.821  5.313 0.0000000000
1414  -16.554  9.006  5.848 0.0000000000
1435  -16.610  9.040  5.582 0.0000000000
1431  -12.751  9.200  4.986 0.0000000000
1070  -12.802  8.954  5.008 0.0000000000
1071  -13.167  8.872  4.661 0.0000000000
1074  -16.168  8.726  4.814 0.0000000000
1075  -16.697  8.761  4.880 0.0000000000
1060  -16.866  8.898  5.238 0.0000000000
1076  -17.153  8.760  4.879 0.0000000000
1436  -17.052  9.141  5.488 0.0000000000
1061  -17.316  8.894  5.212 0.0000000000
1077  -17.576  8.753  4.858 0.0000000000
1437  -17.520  9.114  5.482 0.0000000000
1062  -17.763  8.868  5.207 0.0000000000
1078  -18.032  8.731  4.873 0.0000000000
1438  -17.985  9.052  5.489 0.0000000000
1063  -18.213  8.837  5.223 0.0000000000
1079  -18.502  8.700  4.932 0.0000000000
1439  -18.374  8.968  5.483 0.0000000000
1064  -18.662  8.815  5.292 0.0000000000
1440  -18.717  8.996  5.608 0.0000000000
1065  -19.169  8.806  5.470 0.0000000000
1448  -12.726  9.244  4.693 0.0000000000
1449  -13.155  8.866  4.327 0.0000000000
1086  -13.307  8.761  4.172 0.0000000000
1456  -13.184  9.018  4.017 0.0000000000
1463  -13.137  9.094  3.565 0.0000000000
1469  -13.128  9.115  3.133 0.0000000000
1482  -12.985  9.357  2.736 0.0000000000
1493  -13.106  9.370  2.368 0.0000000000
1504  -13.082  9.365  2.012 0.0000000000
1120  -12.859  9.114  1.655 0.0000000000
1512  -12.726  9.335  1.228 0.0000000000
1131  -12.394  9.042  1.028 0.0000000000
1139  -12.223  9.132  0.821 0.0000000000
1523  -13.756  9.434  0.565 0.0000000000
1150  -13.477  9.223  0.069 0.0000000000
1146  -13.544  9.054  0.241 0.0000000000
1522  -13.599  9.232  0.251 0.0000000000
1526  -13.558  9.304  -0.182 0.0000000000
1149  -12.060  8.883  -0.105 0.0000000000
1525  -12.239  9.244  -0.224 0.0000000000
1528  -12.623  9.402  -0.804 0.0000000000
1529  -13.090  9.268  -0.944 0.0000000000
1530  -13.545  9.392  -0.788 0.0000000000
1345  -11.579  8.947  7.249 0.0000000000
1371  -17.129  9.216  6.641 0.0000000000
1355  -17.703  9.384  7.195 0.0000000000
1372  -17.577  9.312  6.709 0.0000000000
1363  -11.412  8.827  6.869 0.0000000000
1381  -11.670  9.308  6.340 0.0000000000
1389  -16.974  9.183  6.218 0.0000000000
1390  -17.440  9.247  6.248 0.0000000000
1373  -17.965  9.533  6.817 0.0000000000
1391  -17.961  9.347  6.285 0.0000000000
1380  -11.204  9.350  6.403 0.0000000000
1829  -11.555  9.684  6.363 0.0000000000
1408  -11.694  9.525  6.077 0.0000000000
1415  -16.825  9.128  5.843 0.0000000000
1416  -17.256  9.197  5.844 0.0000000000
1417  -17.744  9.202  5.843 0.0000000000
1835  -18.249  9.519  6.515 0.0000000000
1418  -18.296  9.172  5.805 0.0000000000
1392  -18.469  9.329  6.190 0.0000000000
1853  -11.812  9.713  6.026 0.0000000000
1854  -12.008  9.872  6.015 0.0000000000
1862  -12.303  9.625  5.633 0.0000000000
1419  -18.780  9.177  5.885 0.0000000000
1863  -12.784  9.668  5.316 0.0000000000
1871  -13.070  9.782  4.944 0.0000000000
1441  -18.986  9.036  5.715 0.0000000000
1447  -12.080  9.391  4.623 0.0000000000
1454  -12.225  9.136  4.289 0.0000000000
1455  -12.902  8.965  4.058 0.0000000000
1870  -12.437  9.646  4.617 0.0000000000
1876  -12.057  9.828  4.000 0.0000000000
1461  -12.498  9.254  3.966 0.0000000000
1462  -12.941  9.231  3.947 0.0000000000
1886  -12.381  9.562  3.801 0.0000000000
1887  -12.681  9.417  3.667 0.0000000000
1468  -12.809  9.404  3.282 0.0000000000
1899  -12.502  9.731  3.423 0.0000000000
1481  -12.722  9.600  2.907 0.0000000000
1914  -12.439  9.806  2.989 0.0000000000
1915  -12.723  9.872  2.743 0.0000000000
1921  -13.064  9.913  2.353 0.0000000000
1503  -12.859  9.364  1.663 0.0000000000
1925  -13.142  9.994  1.870 0.0000000000
1924  -12.934  9.666  1.592 0.0000000000
1926  -14.971  9.656  1.964 0.0000000000
1511  -12.406  8.973  1.203 0.0000000000
1928  -13.003  9.801  1.205 0.0000000000
1516  -12.443  9.441  0.683 0.0000000000
1517  -12.993  9.695  1.211 0.0000000000
1519  -14.193  9.456  1.211 0.0000000000
1930  -14.368  9.763  1.286 0.0000000000
1931  -14.707  9.913  1.806 0.0000000000
1145  -12.102  8.993  0.210 0.0000000000
1521  -12.269  9.341  0.102 0.0000000000
1932  -12.823  9.885  0.660 0.0000000000
1937  -12.668  9.784  0.288 0.0000000000
1933  -13.102  9.785  1.062 0.0000000000
1936  -14.144  9.839  0.891 0.0000000000
1935  -13.998  9.830  0.680 0.0000000000
1520  -11.992  9.016  -0.099 0.0000000000
1941  -12.434  9.789  -0.104 0.0000000000
1527  -13.763  9.597  0.082 0.0000000000
1939  -13.981  10.022  0.002 0.0000000000
1524  -12.161  8.957  -0.003 0.0000000000
1945  -12.505  9.714  -0.372 0.0000000000
1531  -13.868  9.776  -0.407 0.0000000000
1943  -14.064  9.853  0.241 0.0000000000
1534  -12.886  9.685  -1.044 0.0000000000
1533  -12.762  9.823  -1.022 0.0000000000
1949  -12.780  9.955  -0.745 0.0000000000
1535  -13.238  9.722  -1.107 0.0000000000
1536  -13.708  9.971  -0.884 0.0000000000
1947  -14.030  9.913  0.096 0.0000000000
1537  -14.029  9.900  -1.086 0.0000000000
1532  -14.110  9.972  -0.586 0.0000000000
1948  -14.163  9.983  0.032 0.0000000000
1952  -14.044  10.193  -0.802 0.0000000000
1950  -12.838  10.112  -0.757 0.0000000000
1951  -12.892  9.976  -1.087 0.0000000000
1539  -13.735  10.005  -1.064 0.0000000000
1538  -13.474  9.716  -1.312 0.0000000000
1954  -13.197  10.121  -1.067 0.0000000000
1540  -13.997  10.001  -1.209 0.0000000000
1956  -14.037  10.073  -1.226 0.0000000000
1955  -13.811  10.006  -1.236 0.0000000000
1828  -10.989  9.699  6.467 0.0000000000
1800  -11.171  10.192  6.728 0.0000000000
1801  -11.750  9.820  6.699 0.0000000000
1830  -11.996  10.172  6.217 0.0000000000
1802  -12.210  9.764  6.630 0.0000000000
1831  -12.189  9.896  5.987 0.0000000000
1803  -12.671  9.754  6.602 0.0000000000
1832  -12.971  9.732  6.137 0.0000000000
1855  -12.547  9.770  5.831 0.0000000000
1804  -12.945  9.719  6.564 0.0000000000
1366  -13.266  9.470  6.550 0.0000000000
1383  -13.287  9.281  6.175 0.0000000000
1410  -13.444  9.374  5.799 0.0000000000
1856  -13.028  9.684  5.655 0.0000000000
1864  -13.321  9.598  5.281 0.0000000000
1872  -13.099  9.896  4.843 0.0000000000
1432  -13.628  9.405  5.387 0.0000000000
1865  -13.944  9.895  4.998 0.0000000000
1873  -13.483  9.905  4.947 0.0000000000
1433  -14.005  9.176  5.529 0.0000000000
1866  -14.214  9.665  5.384 0.0000000000
2209  -13.993  10.087  5.007 0.0000000000
2216  -13.671  10.195  4.619 0.0000000000
1434  -14.141  9.327  5.609 0.0000000000
1412  -14.457  9.383  5.791 0.0000000000
1857  -14.458  9.756  5.673 0.0000000000
2205  -14.390  10.124  5.624 0.0000000000
2210  -14.171  10.146  5.210 0.0000000000
1877  -12.578  9.935  4.424 0.0000000000
2214  -12.945  10.000  4.842 0.0000000000
2229  -12.831  10.147  4.338 0.0000000000
2215  -13.109  10.018  4.680 0.0000000000
2228  -12.454  10.081  4.197 0.0000000000
2247  -12.381  10.177  3.848 0.0000000000
1898  -12.277  9.931  3.543 0.0000000000
2261  -12.296  10.142  3.305 0.0000000000
1913  -12.260  10.028  3.146 0.0000000000
2272  -12.292  10.030  3.058 0.0000000000
2273  -12.368  10.092  3.011 0.0000000000
2274  -12.862  10.376  2.696 0.0000000000
1922  -15.007  9.724  2.379 0.0000000000
2276  -13.040  10.405  2.270 0.0000000000
2278  -13.104  10.461  2.020 0.0000000000
2277  -14.739  10.073  2.315 0.0000000000
1929  -13.177  10.039  1.384 0.0000000000
2280  -13.133  10.482  1.561 0.0000000000
2279  -14.677  10.095  1.977 0.0000000000
1934  -13.185  10.047  1.126 0.0000000000
2284  -13.183  10.418  1.017 0.0000000000
2282  -14.612  10.240  1.480 0.0000000000
2281  -14.228  10.151  1.135 0.0000000000
1938  -12.881  10.114  0.498 0.0000000000
2283  -13.202  9.875  1.186 0.0000000000
2286  -13.111  10.249  0.699 0.0000000000
1940  -14.141  10.157  0.460 0.0000000000
2285  -14.174  10.268  0.890 0.0000000000
1942  -12.827  10.071  0.112 0.0000000000
2289  -13.072  10.330  0.275 0.0000000000
1944  -14.102  10.150  0.245 0.0000000000
2288  -14.150  10.575  0.510 0.0000000000
2291  -14.298  10.723  0.036 0.0000000000
1946  -12.763  10.063  -0.251 0.0000000000
2293  -13.042  10.367  -0.183 0.0000000000
2295  -14.445  10.792  -0.117 0.0000000000
2299  -14.480  10.364  -0.719 0.0000000000
2297  -13.082  10.642  -0.669 0.0000000000
1953  -12.936  10.249  -0.963 0.0000000000
2305  -13.997  10.188  -1.083 0.0000000000
2302  -12.940  10.442  -1.187 0.0000000000
2303  -12.995  10.834  -1.384 0.0000000000
1957  -13.444  10.196  -1.542 0.0000000000
1958  -13.980  10.212  -1.618 0.0000000000
1959  -14.022  10.106  -1.745 0.0000000000
2310  -14.349  10.289  -1.933 0.0000000000
2308  -13.524  10.738  -1.989 0.0000000000
2309  -13.923  10.641  -1.953 0.0000000000
1858  -14.679  9.874  5.952 0.0000000000
2206  -14.708  9.979  6.051 0.0000000000
2200  -14.446  10.306  5.923 0.0000000000
2540  -14.343  10.688  5.718 0.0000000000
2551  -14.185  10.625  5.169 0.0000000000
2201  -14.666  10.265  6.186 0.0000000000
2550  -13.911  10.453  4.945 0.0000000000
2565  -13.944  10.587  4.568 0.0000000000
2230  -13.311  10.291  4.102 0.0000000000
2231  -13.704  10.646  4.118 0.0000000000
2248  -12.979  10.341  3.758 0.0000000000
2249  -13.461  10.653  3.621 0.0000000000
2582  -13.981  11.051  4.117 0.0000000000
2250  -13.727  10.817  3.862 0.0000000000
2262  -12.609  10.393  3.297 0.0000000000
2263  -13.056  10.579  3.205 0.0000000000
2594  -13.726  11.032  3.574 0.0000000000
2593  -13.532  10.842  3.435 0.0000000000
2599  -13.323  10.917  3.191 0.0000000000
2596  -15.791  10.904  3.921 0.0000000000
2603  -15.589  10.466  3.416 0.0000000000
2604  -13.045  10.818  2.683 0.0000000000
2602  -15.132  10.392  3.209 0.0000000000
2601  -14.885  10.464  3.069 0.0000000000
2607  -13.048  10.758  2.217 0.0000000000
2605  -14.823  10.653  2.600 0.0000000000
2608  -14.724  10.630  2.212 0.0000000000
2611  -12.993  10.960  1.741 0.0000000000
2612  -14.617  10.542  1.928 0.0000000000
2614  -13.017  10.953  1.167 0.0000000000
2615  -14.257  10.612  1.170 0.0000000000
2616  -14.601  10.709  1.483 0.0000000000
2617  -13.172  11.237  0.636 0.0000000000
2287  -13.229  10.585  0.507 0.0000000000
2618  -14.166  10.763  0.818 0.0000000000
2619  -13.209  11.090  0.118 0.0000000000
2290  -13.191  10.862  0.007 0.0000000000
2620  -14.300  10.992  0.305 0.0000000000
2622  -13.192  10.801  -0.010 0.0000000000
2294  -13.096  10.781  -0.224 0.0000000000
2623  -14.319  11.007  0.180 0.0000000000
2292  -14.494  10.965  -0.117 0.0000000000
2624  -14.580  11.103  0.102 0.0000000000
2296  -14.797  11.105  -0.702 0.0000000000
2626  -14.728  11.164  -0.650 0.0000000000
2625  -13.275  11.132  -0.323 0.0000000000
2298  -12.918  10.787  -0.596 0.0000000000
2300  -14.733  10.915  -1.014 0.0000000000
2629  -14.762  10.967  -1.105 0.0000000000
2628  -13.147  10.898  -0.853 0.0000000000
2627  -13.023  10.819  -0.972 0.0000000000
2306  -14.768  10.264  -1.777 0.0000000000
2301  -14.972  10.882  -1.423 0.0000000000
2630  -15.075  10.908  -1.062 0.0000000000
2307  -15.004  10.771  -1.835 0.0000000000
2635  -15.042  10.896  -1.692 0.0000000000
2631  -13.028  10.938  -0.989 0.0000000000
2632  -13.171  11.062  -1.150 0.0000000000
2304  -13.494  11.014  -1.827 0.0000000000
2633  -13.666  11.098  -1.888 0.0000000000
2636  -13.765  11.096  -2.020 0.0000000000
2311  -14.835  10.480  -2.052 0.0000000000
2312  -15.088  10.548  -1.965 0.0000000000
2639  -15.002  10.668  -2.049 0.0000000000
2637  -14.054  10.931  -2.138 0.0000000000
2638  -14.613  10.805  -2.082 0.0000000000
2315  -15.118  10.521  -2.075 0.0000000000
2314  -15.139  10.161  -2.697 0.0000000000
2641  -14.924  10.561  -2.138 0.0000000000
2316  -15.302  10.520  -2.001 0.0000000000
2313  -15.530  10.484  -1.895 0.0000000000
2640  -15.281  10.612  -2.095 0.0000000000
2643  -15.385  10.523  -1.998 0.0000000000
2642  -15.109  10.545  -2.160 0.0000000000
2534  -14.424  10.672  6.070 0.0000000000
2541  -14.533  10.895  6.036 0.0000000000
2937  -14.254  10.907  5.818 0.0000000000
2954  -14.312  11.157  5.212 0.0000000000
2535  -14.681  10.876  6.236 0.0000000000
2938  -14.548  10.906  5.918 0.0000000000
2566  -14.114  10.807  4.641 0.0000000000
2968  -14.260  11.215  4.677 0.0000000000
2583  -14.109  10.767  4.283 0.0000000000
2552  -16.432  11.026  5.071 0.0000000000
2970  -16.189  11.372  4.844 0.0000000000
2567  -16.013  11.202  5.077 0.0000000000
2969  -16.074  11.863  4.837 0.0000000000
2553  -16.935  10.926  5.179 0.0000000000
2554  -17.426  10.871  5.315 0.0000000000
2555  -17.916  10.846  5.323 0.0000000000
2556  -18.371  10.844  5.185 0.0000000000
2977  -14.045  11.034  4.123 0.0000000000
2976  -13.908  11.414  4.165 0.0000000000
2978  -15.603  11.055  4.222 0.0000000000
2984  -15.577  10.918  3.930 0.0000000000
2979  -15.786  11.382  4.376 0.0000000000
2983  -13.771  11.501  3.682 0.0000000000
2600  -13.473  11.069  3.260 0.0000000000
2987  -13.603  11.347  3.324 0.0000000000
2985  -15.628  10.995  3.982 0.0000000000
2986  -13.278  11.189  3.095 0.0000000000
2993  -13.069  11.238  2.718 0.0000000000
2989  -14.938  11.050  3.027 0.0000000000
2988  -14.898  10.999  2.914 0.0000000000
2990  -15.414  10.984  3.304 0.0000000000
2998  -12.936  11.146  2.170 0.0000000000
2994  -14.948  11.166  2.380 0.0000000000
2609  -14.981  10.880  2.389 0.0000000000
2606  -15.028  10.904  2.636 0.0000000000
2995  -15.092  10.826  2.719 0.0000000000
3002  -12.997  11.045  2.226 0.0000000000
3000  -14.971  11.145  2.216 0.0000000000
2999  -14.702  10.950  2.027 0.0000000000
2610  -12.747  11.098  1.217 0.0000000000
3001  -12.719  11.390  1.501 0.0000000000
3003  -14.667  11.023  1.718 0.0000000000
2613  -12.795  10.802  0.933 0.0000000000
3006  -12.941  11.214  0.761 0.0000000000
3011  -12.952  11.401  0.816 0.0000000000
3008  -14.475  11.190  1.197 0.0000000000
3007  -14.059  10.914  1.168 0.0000000000
3014  -13.193  11.393  0.491 0.0000000000
3012  -14.247  11.149  0.757 0.0000000000
3018  -13.228  11.336  0.070 0.0000000000
3015  -14.441  11.267  0.387 0.0000000000
2621  -14.600  11.150  0.098 0.0000000000
3016  -14.958  11.475  0.007 0.0000000000
3021  -13.280  11.295  -0.358 0.0000000000
3019  -14.805  11.356  -0.124 0.0000000000
3022  -14.827  11.777  -0.514 0.0000000000
3024  -13.285  11.264  -0.839 0.0000000000
3025  -14.917  11.282  -0.898 0.0000000000
2634  -14.846  11.174  -1.334 0.0000000000
3031  -14.935  11.245  -1.374 0.0000000000
3029  -13.338  11.405  -1.323 0.0000000000
3030  -13.604  11.444  -1.754 0.0000000000
3037  -14.811  11.200  -2.075 0.0000000000
3035  -13.843  11.373  -2.086 0.0000000000
3036  -14.107  11.121  -2.074 0.0000000000
2918  -14.335  11.159  5.933 0.0000000000
3362  -14.421  11.625  5.725 0.0000000000
2919  -14.725  11.370  6.289 0.0000000000
3367  -14.313  11.931  4.870 0.0000000000
3372  -13.994  11.869  4.854 0.0000000000
2967  -14.127  11.686  4.580 0.0000000000
3374  -16.164  11.851  4.619 0.0000000000
3373  -16.027  11.769  4.592 0.0000000000
3377  -15.830  11.928  4.170 0.0000000000
2955  -16.329  11.419  5.027 0.0000000000
3375  -13.881  11.968  4.380 0.0000000000
3379  -13.978  11.960  3.830 0.0000000000
3383  -13.728  11.726  3.446 0.0000000000
3381  -15.691  11.618  3.533 0.0000000000
3382  -13.387  11.729  3.160 0.0000000000
3388  -13.205  11.613  2.858 0.0000000000
3385  -15.373  11.454  3.210 0.0000000000
3384  -15.199  11.540  3.224 0.0000000000
2992  -12.539  11.366  2.641 0.0000000000
3387  -12.885  11.781  2.657 0.0000000000
3389  -15.211  11.623  2.414 0.0000000000
2997  -12.388  11.371  2.335 0.0000000000
3392  -12.649  11.288  2.238 0.0000000000
3395  -12.861  11.216  2.073 0.0000000000
3004  -14.851  11.306  1.931 0.0000000000
3393  -15.191  11.616  2.063 0.0000000000
3005  -12.772  11.383  1.077 0.0000000000
3394  -12.758  11.858  2.006 0.0000000000
3398  -12.867  11.883  1.221 0.0000000000
3009  -14.941  11.417  1.425 0.0000000000
3396  -15.263  11.753  1.643 0.0000000000
3010  -12.817  11.573  0.960 0.0000000000
3013  -14.574  11.470  0.673 0.0000000000
3400  -14.823  11.711  0.977 0.0000000000
3401  -15.133  11.865  1.138 0.0000000000
3403  -12.938  11.898  1.033 0.0000000000
3404  -13.124  11.910  0.785 0.0000000000
3405  -15.026  11.811  0.320 0.0000000000
3407  -13.226  11.815  0.260 0.0000000000
3408  -15.088  11.593  0.109 0.0000000000
3017  -15.055  11.466  0.045 0.0000000000
3020  -15.135  11.503  -0.102 0.0000000000
3409  -15.333  11.766  0.110 0.0000000000
3411  -13.339  11.967  -0.100 0.0000000000
3412  -14.817  11.727  -0.298 0.0000000000
3416  -14.916  12.188  -0.692 0.0000000000
3413  -15.390  11.856  -0.201 0.0000000000
3415  -13.411  11.870  -0.653 0.0000000000
3023  -14.911  11.680  -0.846 0.0000000000
3417  -15.126  11.833  -0.895 0.0000000000
3026  -15.360  11.551  -1.168 0.0000000000
3421  -15.348  11.835  -0.795 0.0000000000
3419  -13.364  11.853  -1.050 0.0000000000
3424  -13.525  11.782  -1.385 0.0000000000
3425  -13.738  11.844  -1.686 0.0000000000
3032  -15.317  11.284  -1.649 0.0000000000
3428  -13.972  11.720  -2.068 0.0000000000
3429  -14.375  11.596  -2.224 0.0000000000
3355  -14.464  11.667  6.186 0.0000000000
3731  -14.485  12.207  6.195 0.0000000000
3737  -14.431  12.152  5.602 0.0000000000
3363  -14.412  11.923  5.362 0.0000000000
3368  -14.661  11.994  5.136 0.0000000000
3738  -15.166  11.891  5.454 0.0000000000
3741  -14.323  12.219  5.159 0.0000000000
3742  -14.430  12.042  5.263 0.0000000000
3371  -14.133  12.229  4.854 0.0000000000
3746  -14.081  12.284  4.967 0.0000000000
3745  -13.860  12.441  4.590 0.0000000000
3369  -16.385  11.663  5.125 0.0000000000
3743  -16.326  12.109  5.125 0.0000000000
3747  -16.222  12.315  4.688 0.0000000000
3378  -15.954  12.087  4.241 0.0000000000
3751  -16.117  12.242  4.361 0.0000000000
3748  -13.983  12.376  4.260 0.0000000000
3376  -14.127  11.935  3.870 0.0000000000
3380  -14.141  12.123  3.878 0.0000000000
3749  -14.169  12.358  3.921 0.0000000000
3750  -15.894  12.375  4.142 0.0000000000
3754  -15.754  12.212  3.715 0.0000000000
3753  -14.090  12.264  3.798 0.0000000000
3752  -13.845  12.367  3.604 0.0000000000
3756  -13.685  12.092  3.361 0.0000000000
3758  -15.545  11.963  3.248 0.0000000000
3755  -13.342  12.237  3.081 0.0000000000
3760  -13.154  12.091  2.823 0.0000000000
3757  -15.342  12.090  2.939 0.0000000000
3761  -15.328  12.123  2.666 0.0000000000
3386  -12.357  11.600  2.566 0.0000000000
3391  -12.547  11.665  2.340 0.0000000000
3759  -12.925  11.878  2.726 0.0000000000
3763  -12.821  12.080  2.467 0.0000000000
3765  -15.324  12.121  2.095 0.0000000000
2996  -12.155  11.565  2.449 0.0000000000
3390  -12.059  11.663  2.382 0.0000000000
3767  -12.799  12.087  2.076 0.0000000000
3769  -15.360  12.085  1.843 0.0000000000
3772  -12.790  12.213  1.647 0.0000000000
3402  -15.361  11.892  1.342 0.0000000000
3397  -15.512  11.905  1.436 0.0000000000
3770  -15.641  12.181  1.682 0.0000000000
3775  -15.475  12.191  1.232 0.0000000000
3399  -12.670  12.181  0.771 0.0000000000
3773  -12.950  12.314  1.199 0.0000000000
3778  -12.919  12.424  0.723 0.0000000000
3406  -15.050  11.869  0.633 0.0000000000
3774  -15.076  12.022  1.083 0.0000000000
3779  -15.061  11.927  0.881 0.0000000000
3781  -13.054  12.190  0.364 0.0000000000
3783  -15.278  11.988  0.345 0.0000000000
3786  -13.085  11.987  -0.153 0.0000000000
3414  -15.686  11.945  -0.077 0.0000000000
3410  -16.025  12.035  0.197 0.0000000000
3784  -15.699  12.024  0.087 0.0000000000
3789  -15.724  12.134  -0.219 0.0000000000
3791  -13.360  12.068  -0.663 0.0000000000
3788  -15.406  12.080  -0.392 0.0000000000
3794  -15.609  12.091  -0.929 0.0000000000
3418  -15.746  11.960  -1.238 0.0000000000
3798  -13.504  12.108  -1.099 0.0000000000
3420  -13.651  11.962  -1.265 0.0000000000
3799  -13.786  12.113  -1.333 0.0000000000
3807  -13.942  12.109  -1.951 0.0000000000
3815  -13.821  11.937  -2.009 0.0000000000
3430  -14.650  11.501  -2.430 0.0000000000
3816  -14.435  11.961  -2.394 0.0000000000
3435  -14.614  11.715  -2.568 0.0000000000
3356  -14.862  12.146  6.431 0.0000000000
3732  -14.860  12.196  6.462 0.0000000000
4137  -14.826  12.693  6.425 0.0000000000
4136  -14.478  12.839  5.991 0.0000000000
4141  -14.533  12.717  5.989 0.0000000000
3357  -15.148  12.090  6.746 0.0000000000
3733  -15.122  11.904  6.841 0.0000000000
4138  -14.959  12.372  6.643 0.0000000000
3728  -15.126  12.187  6.828 0.0000000000
4144  -14.311  12.660  5.492 0.0000000000
4147  -14.279  12.821  4.977 0.0000000000
4146  -13.972  13.091  4.717 0.0000000000
4149  -14.054  12.684  4.541 0.0000000000
4148  -16.169  12.823  4.822 0.0000000000
4152  -16.196  12.959  4.402 0.0000000000
4150  -14.242  12.838  4.029 0.0000000000
4154  -14.062  12.686  3.628 0.0000000000
4151  -15.939  12.700  4.164 0.0000000000
4155  -15.806  12.663  3.891 0.0000000000
4153  -13.807  12.568  3.514 0.0000000000
4157  -13.626  12.615  3.232 0.0000000000
4159  -15.758  12.531  3.332 0.0000000000
4156  -13.420  12.915  3.019 0.0000000000
4160  -13.303  12.539  2.868 0.0000000000
3762  -15.549  12.236  2.999 0.0000000000
3764  -13.029  12.209  2.534 0.0000000000
4164  -13.273  12.510  2.441 0.0000000000
4163  -15.635  12.605  2.640 0.0000000000
4162  -15.443  12.373  2.366 0.0000000000
3768  -12.922  12.141  1.979 0.0000000000
4166  -15.645  12.428  2.137 0.0000000000
3766  -15.468  12.170  2.059 0.0000000000
4167  -15.745  12.841  2.200 0.0000000000
4168  -13.072  12.340  2.155 0.0000000000
4169  -13.113  12.479  2.012 0.0000000000
4171  -16.071  12.678  1.431 0.0000000000
3771  -15.844  12.383  1.330 0.0000000000
3776  -16.096  12.451  0.997 0.0000000000
4172  -15.971  12.561  1.268 0.0000000000
4173  -12.886  12.559  1.575 0.0000000000
4174  -13.305  12.717  1.163 0.0000000000
4177  -15.273  12.456  1.196 0.0000000000
4178  -15.936  12.879  1.097 0.0000000000
4179  -16.086  12.881  0.974 0.0000000000
4181  -13.300  12.916  0.711 0.0000000000
3777  -12.802  12.550  0.546 0.0000000000
3780  -12.816  12.462  0.429 0.0000000000
4180  -12.929  12.645  0.441 0.0000000000
4185  -15.381  12.212  0.422 0.0000000000
4188  -12.946  12.492  0.287 0.0000000000
4189  -13.157  12.514  0.260 0.0000000000
3782  -13.315  12.278  0.122 0.0000000000
3787  -13.518  12.277  -0.302 0.0000000000
4190  -13.676  12.568  0.101 0.0000000000
4193  -15.387  11.993  0.232 0.0000000000
4194  -15.729  12.483  0.223 0.0000000000
3785  -15.885  12.238  -0.040 0.0000000000
4196  -13.804  12.524  -0.541 0.0000000000
3792  -13.682  12.265  -0.850 0.0000000000
4201  -13.934  12.375  -0.830 0.0000000000
3793  -13.942  12.265  -1.044 0.0000000000
3800  -13.940  12.168  -1.387 0.0000000000
3808  -14.371  12.217  -1.965 0.0000000000
4134  -15.090  12.716  6.779 0.0000000000
4133  -14.985  12.854  6.700 0.0000000000
4550  -15.084  13.097  6.804 0.0000000000
4553  -14.781  13.126  6.468 0.0000000000
4142  -14.732  12.973  6.054 0.0000000000
4556  -14.610  13.090  5.976 0.0000000000
4557  -14.629  13.400  5.776 0.0000000000
4559  -14.326  13.046  5.076 0.0000000000
4562  -14.358  12.908  4.576 0.0000000000
4565  -14.308  13.142  3.945 0.0000000000
4567  -15.937  12.958  4.136 0.0000000000
4564  -16.235  13.078  4.842 0.0000000000
4568  -16.230  13.093  4.448 0.0000000000
4569  -14.248  13.336  3.526 0.0000000000
4158  -13.973  12.930  3.284 0.0000000000
4571  -15.856  12.992  3.685 0.0000000000
4161  -13.861  13.110  2.685 0.0000000000
4573  -13.796  12.994  3.024 0.0000000000
4575  -15.869  12.997  3.119 0.0000000000
4577  -13.786  13.209  2.596 0.0000000000
4165  -13.811  13.062  1.842 0.0000000000
4579  -15.899  13.019  2.487 0.0000000000
4582  -13.913  13.382  2.028 0.0000000000
4170  -13.656  12.956  1.619 0.0000000000
4584  -15.996  12.979  2.029 0.0000000000
4590  -16.049  12.871  1.675 0.0000000000
4587  -13.940  13.195  1.440 0.0000000000
4175  -13.918  12.932  1.121 0.0000000000
4598  -15.983  12.998  1.202 0.0000000000
4182  -13.927  12.855  0.726 0.0000000000
4186  -15.806  12.704  0.593 0.0000000000
4605  -15.898  12.958  1.203 0.0000000000
4560  -14.495  13.571  5.171 0.0000000000
4563  -14.453  13.532  4.689 0.0000000000
4566  -14.407  13.524  4.225 0.0000000000
4570  -14.344  13.570  3.903 0.0000000000
4130  -15.186  12.630  6.792 0.0000000000
4547  -15.285  13.037  6.966 0.0000000000
4551  -15.184  12.945  6.844 0.0000000000
3723  -15.246  12.088  7.225 0.0000000000
4128  -15.264  12.598  7.484 0.0000000000
3350  -15.274  11.605  6.916 0.0000000000
3335  -15.303  11.586  7.042 0.0000000000
3323  -15.238  11.976  7.515 0.0000000000
3715  -15.262  12.213  7.733 0.0000000000
2991  -12.117  11.558  2.527 0.0000000000
2956  -16.741  11.302  5.306 0.0000000000
3370  -16.744  11.788  5.475 0.0000000000
2920  -15.085  11.920  6.482 0.0000000000
2901  -15.152  11.366  6.700 0.0000000000
2902  -15.456  11.053  6.959 0.0000000000
3351  -15.403  11.145  7.046 0.0000000000
2883  -15.351  11.411  7.534 0.0000000000
2884  -15.623  11.061  7.208 0.0000000000
3336  -15.869  11.177  7.065 0.0000000000
2872  -15.280  11.818  8.085 0.0000000000
3309  -15.290  11.920  8.053 0.0000000000
2957  -17.093  11.084  5.340 0.0000000000
2939  -16.899  11.528  5.629 0.0000000000
2940  -17.270  11.279  5.629 0.0000000000
2900  -15.105  11.446  6.664 0.0000000000
2529  -14.767  11.124  6.698 0.0000000000
2531  -15.524  10.681  6.977 0.0000000000
2530  -15.320  10.840  6.862 0.0000000000
2526  -15.760  10.734  7.464 0.0000000000
2873  -15.821  11.085  7.778 0.0000000000
2523  -16.118  10.845  7.996 0.0000000000
2874  -15.999  11.080  7.960 0.0000000000
2860  -15.845  11.286  8.222 0.0000000000
2859  -15.483  11.503  8.191 0.0000000000
2861  -16.116  11.125  8.245 0.0000000000
2848  -15.945  11.293  8.605 0.0000000000
3310  -15.722  11.679  8.417 0.0000000000
2542  -17.722  10.985  5.560 0.0000000000
2195  -14.782  10.496  6.517 0.0000000000
2197  -15.389  10.269  6.860 0.0000000000
2191  -15.619  10.181  7.180 0.0000000000
2196  -15.138  10.354  6.683 0.0000000000
2185  -15.767  10.473  7.758 0.0000000000
2519  -15.872  10.659  8.041 0.0000000000
2520  -16.124  10.752  8.228 0.0000000000
2524  -16.122  11.012  8.043 0.0000000000
2177  -16.216  10.260  8.426 0.0000000000
2514  -16.358  10.647  8.652 0.0000000000
2176  -15.870  10.347  8.123 0.0000000000
2849  -16.301  11.062  8.691 0.0000000000
2164  -16.572  10.352  8.840 0.0000000000
2515  -16.637  10.849  9.005 0.0000000000
1833  -14.823  9.809  6.289 0.0000000000
2202  -14.914  10.094  6.461 0.0000000000
1807  -15.532  10.218  6.965 0.0000000000
1806  -15.186  9.875  6.740 0.0000000000
1778  -15.461  9.872  7.220 0.0000000000
1751  -15.712  9.899  7.776 0.0000000000
1725  -16.193  9.993  8.326 0.0000000000
1701  -16.440  9.894  8.824 0.0000000000
1724  -15.986  9.995  8.240 0.0000000000
1702  -16.648  9.941  8.890 0.0000000000
2165  -16.726  10.456  9.143 0.0000000000
1413  -14.735  9.554  5.993 0.0000000000
1386  -14.740  9.150  6.346 0.0000000000
1368  -14.892  9.637  6.592 0.0000000000
1805  -15.001  9.929  6.563 0.0000000000
1834  -15.016  10.042  6.468 0.0000000000
1379  -10.735  9.373  6.378 0.0000000000
1827  -10.495  9.707  6.397 0.0000000000
1799  -10.771  10.166  6.761 0.0000000000
1378  -10.205  9.365  6.156 0.0000000000
1826  -10.079  9.919  6.184 0.0000000000
1798  -10.109  10.160  6.713 0.0000000000
1852  -9.992  9.629  5.865 0.0000000000
1825  -9.452  9.939  6.163 0.0000000000
1797  -9.806  9.977  6.707 0.0000000000
1851  -9.651  9.700  5.855 0.0000000000
1824  -9.092  10.120  5.987 0.0000000000
1796  -9.215  9.998  6.606 0.0000000000
1850  -9.167  9.728  5.818 0.0000000000
1823  -8.534  9.696  6.282 0.0000000000
1795  -8.717  9.832  6.655 0.0000000000
1849  -8.761  9.616  5.976 0.0000000000
1375  -8.655  9.356  6.252 0.0000000000
1374  -8.345  9.507  6.411 0.0000000000
1822  -8.267  9.802  6.273 0.0000000000
1794  -8.384  9.645  6.522 0.0000000000
1369  -15.009  9.348  6.863 0.0000000000
1777  -15.261  9.597  7.214 0.0000000000
1365  -12.830  9.644  6.831 0.0000000000
1775  -12.597  9.680  7.042 0.0000000000
1774  -11.985  9.734  7.085 0.0000000000
1773  -11.516  9.735  7.122 0.0000000000
1772  -10.980  9.770  7.095 0.0000000000
1771  -10.514  9.909  7.126 0.0000000000
1770  -10.015  9.888  7.117 0.0000000000
1769  -9.528  9.938  7.066 0.0000000000
1768  -9.034  10.001  7.046 0.0000000000
1357  -8.478  9.474  6.761 0.0000000000
1767  -8.737  9.804  7.291 0.0000000000
1356  -8.117  9.324  6.783 0.0000000000
1750  -15.478  9.742  7.498 0.0000000000
1351  -15.002  9.184  7.239 0.0000000000
1335  -15.371  9.377  7.751 0.0000000000
1348  -13.063  9.401  7.192 0.0000000000
1347  -12.820  9.906  6.765 0.0000000000
1776  -12.865  9.644  7.329 0.0000000000
1747  -12.187  9.713  7.520 0.0000000000
1748  -12.620  9.705  7.558 0.0000000000
1746  -11.802  9.729  7.607 0.0000000000
1745  -11.333  9.766  7.649 0.0000000000
1744  -10.806  9.891  7.669 0.0000000000
1743  -10.280  9.877  7.626 0.0000000000
1742  -9.762  9.983  7.618 0.0000000000
1741  -9.315  10.088  7.391 0.0000000000
2190  -8.946  10.185  7.475 0.0000000000
1340  -8.739  9.370  7.198 0.0000000000
1328  -8.746  9.484  7.721 0.0000000000
1740  -8.443  10.017  7.856 0.0000000000
2189  -8.717  10.080  7.632 0.0000000000
1336  -15.711  9.531  7.970 0.0000000000
1321  -15.935  9.503  8.256 0.0000000000
1330  -12.167  9.589  8.071 0.0000000000
1331  -12.658  9.309  8.112 0.0000000000
1749  -12.975  9.865  7.755 0.0000000000
1723  -11.836  9.797  7.869 0.0000000000
1722  -11.740  9.731  8.183 0.0000000000
1721  -11.126  9.781  8.110 0.0000000000
1720  -10.569  9.909  8.089 0.0000000000
1719  -10.123  9.997  7.976 0.0000000000
1718  -9.909  10.092  7.989 0.0000000000
2184  -9.716  10.142  7.910 0.0000000000
2183  -9.364  10.201  7.808 0.0000000000
1717  -8.531  9.755  8.159 0.0000000000
1716  -8.322  9.998  8.326 0.0000000000
1739  -8.398  10.129  8.190 0.0000000000
2181  -8.554  10.216  8.147 0.0000000000
2182  -8.844  10.226  7.925 0.0000000000
2170  -8.475  10.187  8.443 0.0000000000
1322  -16.180  9.747  8.421 0.0000000000
1316  -12.273  9.514  8.157 0.0000000000
1700  -11.715  9.679  8.676 0.0000000000
1298  -11.836  9.625  8.560 0.0000000000
1315  -11.965  9.624  8.343 0.0000000000
1699  -11.406  9.762  8.601 0.0000000000
1698  -10.901  9.890  8.603 0.0000000000
2163  -10.481  10.163  8.377 0.0000000000
2175  -10.321  10.047  8.143 0.0000000000
2174  -10.116  10.135  8.190 0.0000000000
2173  -9.737  10.220  8.180 0.0000000000
1313  -8.742  9.522  8.211 0.0000000000
1696  -8.679  9.819  8.684 0.0000000000
1695  -8.390  10.037  8.576 0.0000000000
1686  -16.741  9.882  9.404 0.0000000000
2154  -16.767  10.275  9.353 0.0000000000
1305  -16.180  9.384  8.745 0.0000000000
1287  -16.432  9.454  9.239 0.0000000000
1685  -16.650  9.847  9.081 0.0000000000
1684  -11.610  9.738  8.999 0.0000000000
1281  -11.887  9.609  8.980 0.0000000000
1683  -11.305  9.831  9.033 0.0000000000
1682  -10.986  9.975  9.030 0.0000000000
2153  -10.596  10.267  8.984 0.0000000000
1295  -8.863  9.375  8.470 0.0000000000
1697  -8.993  9.439  8.816 0.0000000000
1681  -8.982  9.638  9.203 0.0000000000
1680  -8.826  9.888  9.250 0.0000000000
2149  -8.825  10.074  9.122 0.0000000000
2159  -8.786  10.155  8.749 0.0000000000
2158  -8.519  10.075  8.658 0.0000000000
1288  -16.704  9.409  9.638 0.0000000000
1273  -16.886  9.697  10.000 0.0000000000
1671  -17.082  10.095  9.847 0.0000000000
2144  -16.906  10.308  9.694 0.0000000000
1669  -11.765  9.793  9.473 0.0000000000
1668  -11.307  10.028  9.436 0.0000000000
1656  -17.049  9.813  10.026 0.0000000000
1672  -17.091  10.085  9.861 0.0000000000
1269  -12.229  9.494  9.458 0.0000000000
1268  -11.993  9.595  9.219 0.0000000000
1670  -12.085  9.763  9.855 0.0000000000
1651  -12.049  10.007  10.253 0.0000000000
2143  -11.678  10.160  9.882 0.0000000000
1148  -11.968  8.966  -0.071 0.0000000000
1144  -11.983  9.111  -0.008 0.0000000000
1411  -13.992  9.170  5.920 0.0000000000
1385  -14.057  9.034  6.184 0.0000000000
1384  -13.714  9.136  6.214 0.0000000000
1036  -14.415  8.727  6.494 0.0000000000
1037  -14.795  8.928  6.759 0.0000000000
1387  -15.150  9.011  6.966 0.0000000000
1035  -14.019  8.905  6.417 0.0000000000
1367  -13.801  9.025  6.688 0.0000000000
1034  -13.934  8.958  6.489 0.0000000000
1362  -11.037  8.795  6.755 0.0000000000
1361  -10.442  8.757  6.604 0.0000000000
1360  -9.986  9.017  6.659 0.0000000000
1377  -9.666  9.133  6.169 0.0000000000
1407  -9.821  9.399  5.843 0.0000000000
1359  -9.422  9.002  6.611 0.0000000000
1376  -9.045  9.043  6.216 0.0000000000
1406  -9.388  9.357  5.835 0.0000000000
1358  -9.093  8.991  6.949 0.0000000000
1405  -8.917  9.388  5.901 0.0000000000
1404  -8.754  9.444  5.993 0.0000000000
1028  -14.908  8.984  7.018 0.0000000000
1349  -13.470  9.260  7.060 0.0000000000
1012  -13.943  8.942  7.170 0.0000000000
1025  -13.957  8.872  6.853 0.0000000000
1344  -11.056  9.058  7.174 0.0000000000
1343  -10.560  9.093  7.055 0.0000000000
1342  -10.277  8.981  6.895 0.0000000000
1005  -10.130  8.783  7.216 0.0000000000
1021  -9.679  8.793  6.930 0.0000000000
1020  -9.298  8.853  6.993 0.0000000000
1019  -9.098  8.968  7.088 0.0000000000
1341  -8.983  9.087  7.348 0.0000000000
1015  -15.113  8.954  6.977 0.0000000000
1350  -14.878  8.996  7.242 0.0000000000
1334  -14.915  9.063  7.602 0.0000000000
1014  -15.202  8.727  7.225 0.0000000000
1333  -13.629  9.152  7.600 0.0000000000
1332  -13.178  9.480  7.586 0.0000000000
1008  -11.581  8.760  7.664 0.0000000000
1007  -11.172  8.777  7.563 0.0000000000
1006  -10.680  8.807  7.449 0.0000000000
1003  -9.215  8.866  7.268 0.0000000000
991  -9.269  8.849  7.687 0.0000000000
1329  -8.982  9.136  7.694 0.0000000000
1320  -15.644  9.311  8.083 0.0000000000
1001  -15.123  8.885  7.865 0.0000000000
988  -15.397  9.069  8.122 0.0000000000
1000  -15.005  8.707  7.808 0.0000000000
1319  -13.770  9.023  7.975 0.0000000000
998  -13.867  8.900  7.755 0.0000000000
1318  -13.360  9.226  7.995 0.0000000000
1317  -12.905  9.306  8.041 0.0000000000
1314  -9.012  9.183  8.044 0.0000000000
989  -15.736  9.095  8.380 0.0000000000
1304  -15.919  9.215  8.618 0.0000000000
986  -13.811  8.824  8.178 0.0000000000
1301  -13.179  9.392  8.386 0.0000000000
970  -13.028  9.189  8.059 0.0000000000
985  -13.306  9.078  7.854 0.0000000000
1300  -12.548  9.303  8.497 0.0000000000
1299  -12.052  9.457  8.582 0.0000000000
978  -9.275  8.910  8.116 0.0000000000
1296  -9.171  9.103  8.552 0.0000000000
974  -16.148  9.023  8.973 0.0000000000
973  -16.082  9.069  8.863 0.0000000000
971  -13.452  8.962  8.524 0.0000000000
1302  -13.398  9.160  8.775 0.0000000000
1283  -12.799  9.240  9.016 0.0000000000
1284  -13.003  9.240  9.212 0.0000000000
1282  -12.212  9.406  8.982 0.0000000000
963  -9.415  8.811  8.427 0.0000000000
1297  -9.474  8.918  8.864 0.0000000000
1279  -9.254  9.202  9.211 0.0000000000
959  -16.368  8.832  9.573 0.0000000000
945  -16.693  9.178  10.049 0.0000000000
958  -16.279  8.904  9.414 0.0000000000
1270  -12.803  9.253  9.470 0.0000000000
1271  -13.242  9.234  9.522 0.0000000000
1285  -13.617  9.243  9.038 0.0000000000
1261  -16.916  9.422  10.317 0.0000000000
1257  -12.978  9.265  10.034 0.0000000000
927  -13.122  9.227  10.021 0.0000000000
941  -13.402  9.153  9.862 0.0000000000
1272  -13.611  9.192  9.369 0.0000000000
1256  -12.511  9.445  9.899 0.0000000000
1255  -12.242  9.648  9.850 0.0000000000
928  -13.468  8.966  9.906 0.0000000000
1258  -13.510  9.410  10.294 0.0000000000
1653  -12.736  9.589  10.255 0.0000000000
1654  -13.001  9.687  10.451 0.0000000000
1652  -12.376  9.749  10.239 0.0000000000
1027  -14.642  8.710  6.964 0.0000000000
1026  -14.179  8.737  7.012 0.0000000000
719  -14.899  8.346  7.033 0.0000000000
718  -14.280  8.394  7.161 0.0000000000
1013  -13.763  8.863  7.409 0.0000000000
712  -13.903  8.453  7.608 0.0000000000
1004  -9.564  8.724  7.299 0.0000000000
713  -14.302  8.108  7.650 0.0000000000
705  -14.864  8.189  8.082 0.0000000000
999  -13.859  8.746  7.942 0.0000000000
997  -12.152  8.589  8.033 0.0000000000
996  -11.812  8.736  8.002 0.0000000000
995  -11.348  8.748  8.021 0.0000000000
994  -10.844  8.752  7.960 0.0000000000
993  -10.337  8.754  7.834 0.0000000000
992  -9.831  8.717  7.730 0.0000000000
706  -15.020  8.487  7.958 0.0000000000
699  -15.321  8.630  8.252 0.0000000000
987  -14.063  8.677  8.085 0.0000000000
704  -14.185  8.502  7.959 0.0000000000
694  -12.250  8.267  8.434 0.0000000000
984  -12.032  8.671  8.329 0.0000000000
983  -11.645  8.718  8.426 0.0000000000
982  -11.073  8.729  8.527 0.0000000000
981  -10.504  8.738  8.375 0.0000000000
980  -10.027  8.730  8.232 0.0000000000
979  -9.587  8.735  8.097 0.0000000000
700  -15.520  9.032  8.236 0.0000000000
691  -15.666  8.721  8.608 0.0000000000
697  -14.328  8.370  8.262 0.0000000000
687  -14.041  8.858  8.746 0.0000000000
696  -14.036  8.524  8.483 0.0000000000
969  -11.968  8.577  8.665 0.0000000000
968  -11.590  8.658  8.999 0.0000000000
967  -11.017  8.722  9.041 0.0000000000
966  -10.618  8.723  8.906 0.0000000000
965  -10.150  8.734  8.783 0.0000000000
964  -9.735  8.762  8.599 0.0000000000
957  -16.081  8.862  9.079 0.0000000000
955  -13.908  9.253  8.804 0.0000000000
972  -13.724  9.132  8.813 0.0000000000
686  -12.022  8.259  9.024 0.0000000000
685  -11.819  8.397  9.252 0.0000000000
954  -11.689  8.512  9.519 0.0000000000
953  -11.223  8.703  9.458 0.0000000000
952  -10.740  8.717  9.399 0.0000000000
951  -10.279  8.728  9.330 0.0000000000
950  -9.752  8.797  9.241 0.0000000000
944  -16.456  8.862  9.982 0.0000000000
681  -15.985  8.614  9.375 0.0000000000
670  -16.154  8.604  9.781 0.0000000000
680  -15.636  8.371  9.102 0.0000000000
942  -13.773  8.918  9.562 0.0000000000
676  -14.105  8.868  9.144 0.0000000000
956  -13.956  9.052  8.788 0.0000000000
673  -11.994  8.278  9.460 0.0000000000
664  -11.971  8.263  9.962 0.0000000000
940  -11.434  8.659  9.903 0.0000000000
939  -10.916  8.688  9.842 0.0000000000
938  -10.457  8.704  9.818 0.0000000000
937  -9.988  8.759  9.798 0.0000000000
936  -9.544  8.905  9.801 0.0000000000
949  -9.385  8.887  9.534 0.0000000000
1280  -9.657  8.915  8.950 0.0000000000
932  -16.667  8.987  10.426 0.0000000000
661  -16.248  8.631  10.229 0.0000000000
931  -16.443  8.795  10.327 0.0000000000
943  -13.999  8.723  9.928 0.0000000000
667  -13.982  8.600  9.436 0.0000000000
929  -13.945  8.878  10.114 0.0000000000
926  -11.630  8.530  10.339 0.0000000000
925  -11.104  8.664  10.231 0.0000000000
924  -10.653  8.700  10.239 0.0000000000
923  -10.205  8.746  10.260 0.0000000000
922  -9.747  8.830  10.282 0.0000000000
918  -16.302  8.719  10.671 0.0000000000
919  -16.645  8.965  10.843 0.0000000000
1248  -16.846  9.199  10.737 0.0000000000
915  -14.510  9.066  10.437 0.0000000000
658  -14.474  8.268  10.214 0.0000000000
930  -14.012  9.042  10.261 0.0000000000
1259  -13.957  8.985  10.224 0.0000000000
906  -16.383  8.829  11.152 0.0000000000
907  -16.724  9.078  11.122 0.0000000000
652  -16.101  8.454  10.497 0.0000000000
917  -15.992  8.552  10.717 0.0000000000
905  -15.794  8.609  11.065 0.0000000000
651  -15.805  8.270  10.603 0.0000000000
902  -14.349  9.040  10.949 0.0000000000
648  -14.524  8.565  10.745 0.0000000000
1237  -14.236  9.122  11.143 0.0000000000
1246  -13.944  9.260  10.577 0.0000000000
916  -14.136  9.122  10.363 0.0000000000
893  -16.118  8.840  11.616 0.0000000000
894  -16.536  8.968  11.531 0.0000000000
641  -15.557  8.288  10.908 0.0000000000
640  -15.134  8.307  11.006 0.0000000000
904  -15.340  8.578  11.324 0.0000000000
892  -15.603  8.841  11.634 0.0000000000
631  -14.986  8.410  11.232 0.0000000000
891  -15.129  8.741  11.586 0.0000000000
903  -14.578  8.833  11.199 0.0000000000
638  -14.492  8.700  11.022 0.0000000000
879  -15.947  9.021  12.079 0.0000000000
880  -16.198  8.986  11.987 0.0000000000
881  -16.352  8.972  11.786 0.0000000000
1228  -15.613  9.096  11.897 0.0000000000
1227  -15.321  9.100  11.833 0.0000000000
630  -14.869  8.577  11.308 0.0000000000
890  -14.815  8.855  11.505 0.0000000000
1226  -14.935  9.117  11.777 0.0000000000
1238  -14.636  9.055  11.442 0.0000000000
698  -14.916  8.266  8.229 0.0000000000
695  -12.556  8.084  8.176 0.0000000000
690  -15.286  8.298  8.688 0.0000000000
689  -14.854  8.153  8.775 0.0000000000
688  -14.313  8.337  8.726 0.0000000000
464  -12.490  7.836  8.461 0.0000000000
456  -12.391  7.892  9.001 0.0000000000
461  -15.148  8.006  8.991 0.0000000000
679  -15.317  8.167  9.019 0.0000000000
678  -14.735  8.039  8.972 0.0000000000
450  -14.964  7.882  9.199 0.0000000000
460  -15.087  7.916  9.012 0.0000000000
677  -14.188  8.393  9.131 0.0000000000
674  -12.369  8.208  9.480 0.0000000000
669  -15.829  8.303  9.647 0.0000000000
452  -15.593  8.155  9.401 0.0000000000
451  -15.313  8.006  9.250 0.0000000000
449  -14.517  7.987  9.432 0.0000000000
668  -14.264  8.296  9.655 0.0000000000
445  -12.587  8.012  9.334 0.0000000000
675  -12.643  7.963  9.663 0.0000000000
665  -12.372  7.906  9.982 0.0000000000
660  -15.995  8.358  10.126 0.0000000000
441  -15.537  7.994  9.686 0.0000000000
431  -15.717  8.132  10.153 0.0000000000
438  -14.672  8.202  9.850 0.0000000000
435  -12.614  7.839  10.147 0.0000000000
424  -12.532  7.997  10.319 0.0000000000
656  -12.381  8.161  10.409 0.0000000000
666  -12.625  7.818  9.916 0.0000000000
655  -12.004  8.266  10.501 0.0000000000
429  -14.980  7.860  10.033 0.0000000000
428  -14.859  8.046  10.042 0.0000000000
659  -14.889  7.791  10.296 0.0000000000
649  -14.962  8.041  10.695 0.0000000000
657  -12.544  8.040  10.553 0.0000000000
646  -12.269  8.223  10.761 0.0000000000
647  -12.638  8.049  10.790 0.0000000000
421  -15.561  7.891  10.442 0.0000000000
650  -15.365  8.054  10.727 0.0000000000
420  -15.154  7.833  10.419 0.0000000000
419  -15.001  7.789  10.347 0.0000000000
639  -14.729  8.492  11.042 0.0000000000
446  -12.791  7.838  9.333 0.0000000000
440  -15.170  7.800  9.666 0.0000000000
439  -14.971  7.959  9.702 0.0000000000
255  -13.389  7.314  9.817 0.0000000000
437  -13.212  7.597  9.976 0.0000000000
436  -12.886  7.763  9.925 0.0000000000
430  -15.377  7.848  10.071 0.0000000000
249  -13.158  7.075  9.905 0.0000000000
242  -13.380  7.394  10.103 0.0000000000
426  -13.291  7.664  10.453 0.0000000000
425  -12.765  7.898  10.527 0.0000000000
243  -13.803  7.393  10.372 0.0000000000
427  -13.915  7.821  10.898 0.0000000000
416  -13.017  7.881  11.115 0.0000000000
417  -13.584  7.716  11.007 0.0000000000
415  -12.792  7.820  10.845 0.0000000000
250  -13.570  7.203  9.911 0.0000000000
237  -14.137  7.283  10.892 0.0000000000
236  -13.767  7.703  10.877 0.0000000000
231  -15.183  7.043  11.147 0.0000000000
230  -14.653  7.228  11.062 0.0000000000
229  -14.310  7.376  11.051 0.0000000000
412  -14.134  7.575  11.261 0.0000000000
418  -14.099  7.663  11.173 0.0000000000
232  -15.655  7.031  11.496 0.0000000000
221  -15.461  7.182  11.706 0.0000000000
220  -14.882  7.279  11.705 0.0000000000
219  -14.417  7.309  11.398 0.0000000000
89  -17.661  6.838  11.565 0.0000000000
88  -17.406  6.818  11.616 0.0000000000
233  -17.833  6.870  11.509 0.0000000000
96  -18.025  6.817  11.165 0.0000000000
87  -16.977  6.873  11.685 0.0000000000
86  -16.320  7.005  11.990 0.0000000000
85  -15.935  6.810  11.737 0.0000000000
226  -17.787  6.973  11.749 0.0000000000
225  -17.349  7.027  11.893 0.0000000000
224  -16.885  7.135  11.959 0.0000000000
84  -16.117  6.858  12.023 0.0000000000
213  -16.326  7.127  12.100 0.0000000000
223  -16.591  7.170  11.998 0.0000000000
83  -15.928  6.829  12.005 0.0000000000
212  -15.828  7.054  12.101 0.0000000000
222  -15.720  7.002  11.780 0.0000000000
234  -18.132  7.032  11.518 0.0000000000
1247  -14.027  9.092  10.312 0.0000000000
1260  -14.025  8.987  10.255 0.0000000000
1286  -13.966  9.053  9.026 0.0000000000
1303  -13.690  9.194  8.947 0.0000000000
1236  -13.681  9.288  11.182 0.0000000000
1224  -13.878  9.331  11.777 0.0000000000
1225  -14.398  9.230  11.705 0.0000000000
1245  -13.300  9.543  10.891 0.0000000000
1655  -13.104  9.694  10.746 0.0000000000
1638  -12.265  10.066  10.915 0.0000000000
1639  -12.751  9.780  10.701 0.0000000000
1640  -13.008  9.745  10.870 0.0000000000
1641  -13.083  9.828  10.973 0.0000000000
2510  -16.772  10.697  9.444 0.0000000000
2150  -9.133  10.352  9.275 0.0000000000
2160  -9.201  10.294  8.712 0.0000000000
2171  -8.829  10.240  8.370 0.0000000000
2151  -9.598  10.429  9.031 0.0000000000
2161  -9.657  10.317  8.627 0.0000000000
2172  -9.260  10.267  8.262 0.0000000000
2152  -9.978  10.457  8.997 0.0000000000
2162  -10.113  10.286  8.554 0.0000000000
1244  -13.071  9.769  10.986 0.0000000000
1631  -13.004  9.742  11.145 0.0000000000
1235  -13.252  9.578  11.200 0.0000000000
1630  -12.778  9.821  11.230 0.0000000000
1622  -13.307  9.764  11.741 0.0000000000
1223  -13.580  9.416  11.532 0.0000000000
