#!ascii label  , from subject  vox2ras=TkReg
22
3699  -24.426  12.517  8.666 0.0000000000
3698  -23.994  12.382  8.751 0.0000000000
3687  -24.318  12.680  9.028 0.0000000000
3688  -24.726  12.748  8.966 0.0000000000
3700  -24.872  12.588  8.603 0.0000000000
3710  -24.080  12.281  8.329 0.0000000000
3711  -24.551  12.354  8.287 0.0000000000
3689  -25.088  12.866  8.993 0.0000000000
3701  -25.321  12.558  8.523 0.0000000000
3712  -25.002  12.359  8.190 0.0000000000
3320  -24.137  12.218  7.805 0.0000000000
3319  -23.600  12.152  8.128 0.0000000000
3709  -23.709  12.265  8.497 0.0000000000
3719  -24.269  12.256  8.014 0.0000000000
3720  -24.640  12.241  7.928 0.0000000000
3305  -23.440  12.235  8.502 0.0000000000
3697  -23.328  12.306  9.024 0.0000000000
3686  -23.839  12.521  9.077 0.0000000000
4113  -24.778  13.013  9.346 0.0000000000
4112  -24.097  12.771  9.412 0.0000000000
3685  -23.198  12.387  9.261 0.0000000000
4111  -23.520  12.686  9.419 0.0000000000
