#!ascii label  , from subject  vox2ras=TkReg
42
12815  -25.222  19.122  22.022 0.0000000000
12805  -25.233  19.139  22.521 0.0000000000
11719  -25.260  18.567  22.344 0.0000000000
11734  -25.268  18.616  21.792 0.0000000000
11733  -25.196  18.977  21.867 0.0000000000
12814  -24.941  18.831  22.028 0.0000000000
13924  -25.294  19.684  22.213 0.0000000000
13931  -25.412  19.775  21.900 0.0000000000
12819  -24.937  18.993  22.067 0.0000000000
12820  -25.279  19.216  21.614 0.0000000000
11742  -25.220  18.917  21.696 0.0000000000
11743  -25.439  18.802  21.255 0.0000000000
12821  -25.935  19.234  20.990 0.0000000000
13938  -25.550  19.834  21.641 0.0000000000
11744  -25.796  18.941  20.879 0.0000000000
12828  -25.876  19.187  20.894 0.0000000000
13939  -26.019  19.983  21.546 0.0000000000
12822  -26.021  19.391  21.145 0.0000000000
12829  -26.049  19.390  21.058 0.0000000000
13940  -26.288  19.691  21.303 0.0000000000
11754  -25.733  18.983  20.679 0.0000000000
12840  -25.908  19.245  20.328 0.0000000000
13952  -25.985  19.354  20.841 0.0000000000
13917  -25.294  19.686  22.648 0.0000000000
15147  -25.569  20.056  22.294 0.0000000000
15159  -25.577  19.929  21.994 0.0000000000
13932  -25.902  20.066  21.762 0.0000000000
15160  -25.892  20.067  21.881 0.0000000000
15176  -26.040  19.905  21.595 0.0000000000
15139  -25.618  20.196  22.802 0.0000000000
15148  -26.026  20.260  22.424 0.0000000000
15161  -26.476  20.114  21.890 0.0000000000
15177  -26.260  19.922  21.667 0.0000000000
13933  -26.585  19.880  21.629 0.0000000000
13906  -25.276  19.681  23.138 0.0000000000
12794  -25.249  19.163  22.941 0.0000000000
11706  -25.266  18.593  22.880 0.0000000000
11753  -25.632  18.850  20.895 0.0000000000
10642  -25.434  18.142  21.385 0.0000000000
10650  -25.595  18.495  20.692 0.0000000000
10629  -25.451  18.068  22.074 0.0000000000
10611  -25.476  18.107  22.698 0.0000000000
