#!ascii label rh_post_color.label , from subject  vox2ras=TkReg
438
-1  38369.500  -0.500  0.500 0.0000000000
-1  38368.500  -0.500  0.500 0.0000000000
-1  38357.500  -0.500  0.500 0.0000000000
-1  38356.500  -0.500  0.500 0.0000000000
-1  38355.500  -0.500  0.500 0.0000000000
-1  38342.500  -0.500  0.500 0.0000000000
-1  38341.500  -0.500  0.500 0.0000000000
-1  38340.500  -0.500  0.500 0.0000000000
-1  38339.500  -0.500  0.500 0.0000000000
-1  38328.500  -0.500  0.500 0.0000000000
-1  38327.500  -0.500  0.500 0.0000000000
-1  38326.500  -0.500  0.500 0.0000000000
-1  38325.500  -0.500  0.500 0.0000000000
-1  38324.500  -0.500  0.500 0.0000000000
-1  38312.500  -0.500  0.500 0.0000000000
-1  38309.500  -0.500  0.500 0.0000000000
-1  38308.500  -0.500  0.500 0.0000000000
-1  38293.500  -0.500  0.500 0.0000000000
-1  37727.500  -0.500  0.500 0.0000000000
-1  37726.500  -0.500  0.500 0.0000000000
-1  37722.500  -0.500  0.500 0.0000000000
-1  37721.500  -0.500  0.500 0.0000000000
-1  37718.500  -0.500  0.500 0.0000000000
-1  37709.500  -0.500  0.500 0.0000000000
-1  37708.500  -0.500  0.500 0.0000000000
-1  37705.500  -0.500  0.500 0.0000000000
-1  37704.500  -0.500  0.500 0.0000000000
-1  37689.500  -0.500  0.500 0.0000000000
-1  37688.500  -0.500  0.500 0.0000000000
-1  37687.500  -0.500  0.500 0.0000000000
-1  37674.500  -0.500  0.500 0.0000000000
-1  37673.500  -0.500  0.500 0.0000000000
-1  37672.500  -0.500  0.500 0.0000000000
-1  37671.500  -0.500  0.500 0.0000000000
-1  37663.500  -0.500  0.500 0.0000000000
-1  37662.500  -0.500  0.500 0.0000000000
-1  37661.500  -0.500  0.500 0.0000000000
-1  37660.500  -0.500  0.500 0.0000000000
-1  37659.500  -0.500  0.500 0.0000000000
-1  37651.500  -0.500  0.500 0.0000000000
-1  37650.500  -0.500  0.500 0.0000000000
-1  37649.500  -0.500  0.500 0.0000000000
-1  37648.500  -0.500  0.500 0.0000000000
-1  37647.500  -0.500  0.500 0.0000000000
-1  37635.500  -0.500  0.500 0.0000000000
-1  37634.500  -0.500  0.500 0.0000000000
-1  37622.500  -0.500  0.500 0.0000000000
-1  37621.500  -0.500  0.500 0.0000000000
-1  37607.500  -0.500  0.500 0.0000000000
-1  37606.500  -0.500  0.500 0.0000000000
-1  36991.500  -0.500  0.500 0.0000000000
-1  36987.500  -0.500  0.500 0.0000000000
-1  36983.500  -0.500  0.500 0.0000000000
-1  36982.500  -0.500  0.500 0.0000000000
-1  36981.500  -0.500  0.500 0.0000000000
-1  36980.500  -0.500  0.500 0.0000000000
-1  36979.500  -0.500  0.500 0.0000000000
-1  36978.500  -0.500  0.500 0.0000000000
-1  36977.500  -0.500  0.500 0.0000000000
-1  36976.500  -0.500  0.500 0.0000000000
-1  36975.500  -0.500  0.500 0.0000000000
-1  36974.500  -0.500  0.500 0.0000000000
-1  36973.500  -0.500  0.500 0.0000000000
-1  36972.500  -0.500  0.500 0.0000000000
-1  36971.500  -0.500  0.500 0.0000000000
-1  36970.500  -0.500  0.500 0.0000000000
-1  36965.500  -0.500  0.500 0.0000000000
-1  36964.500  -0.500  0.500 0.0000000000
-1  36963.500  -0.500  0.500 0.0000000000
-1  36962.500  -0.500  0.500 0.0000000000
-1  36961.500  -0.500  0.500 0.0000000000
-1  36954.500  -0.500  0.500 0.0000000000
-1  36953.500  -0.500  0.500 0.0000000000
-1  36952.500  -0.500  0.500 0.0000000000
-1  36950.500  -0.500  0.500 0.0000000000
-1  36940.500  -0.500  0.500 0.0000000000
-1  36939.500  -0.500  0.500 0.0000000000
-1  36938.500  -0.500  0.500 0.0000000000
-1  36923.500  -0.500  0.500 0.0000000000
-1  36922.500  -0.500  0.500 0.0000000000
-1  36907.500  -0.500  0.500 0.0000000000
-1  36906.500  -0.500  0.500 0.0000000000
-1  36897.500  -0.500  0.500 0.0000000000
-1  36896.500  -0.500  0.500 0.0000000000
-1  36895.500  -0.500  0.500 0.0000000000
-1  36889.500  -0.500  0.500 0.0000000000
-1  36887.500  -0.500  0.500 0.0000000000
-1  36885.500  -0.500  0.500 0.0000000000
-1  36884.500  -0.500  0.500 0.0000000000
-1  36879.500  -0.500  0.500 0.0000000000
-1  36878.500  -0.500  0.500 0.0000000000
-1  36877.500  -0.500  0.500 0.0000000000
-1  36869.500  -0.500  0.500 0.0000000000
-1  36868.500  -0.500  0.500 0.0000000000
-1  36861.500  -0.500  0.500 0.0000000000
-1  36859.500  -0.500  0.500 0.0000000000
-1  36858.500  -0.500  0.500 0.0000000000
-1  36849.500  -0.500  0.500 0.0000000000
-1  36848.500  -0.500  0.500 0.0000000000
-1  36847.500  -0.500  0.500 0.0000000000
-1  36147.500  -0.500  0.500 0.0000000000
-1  36146.500  -0.500  0.500 0.0000000000
-1  36142.500  -0.500  0.500 0.0000000000
-1  36137.500  -0.500  0.500 0.0000000000
-1  36136.500  -0.500  0.500 0.0000000000
-1  36129.500  -0.500  0.500 0.0000000000
-1  36128.500  -0.500  0.500 0.0000000000
-1  36119.500  -0.500  0.500 0.0000000000
-1  36118.500  -0.500  0.500 0.0000000000
-1  36117.500  -0.500  0.500 0.0000000000
-1  36116.500  -0.500  0.500 0.0000000000
-1  36115.500  -0.500  0.500 0.0000000000
-1  36106.500  -0.500  0.500 0.0000000000
-1  36105.500  -0.500  0.500 0.0000000000
-1  36104.500  -0.500  0.500 0.0000000000
-1  36103.500  -0.500  0.500 0.0000000000
-1  36095.500  -0.500  0.500 0.0000000000
-1  36094.500  -0.500  0.500 0.0000000000
-1  36093.500  -0.500  0.500 0.0000000000
-1  36083.500  -0.500  0.500 0.0000000000
-1  36082.500  -0.500  0.500 0.0000000000
-1  36081.500  -0.500  0.500 0.0000000000
-1  36080.500  -0.500  0.500 0.0000000000
-1  36068.500  -0.500  0.500 0.0000000000
-1  36067.500  -0.500  0.500 0.0000000000
-1  36066.500  -0.500  0.500 0.0000000000
-1  36058.500  -0.500  0.500 0.0000000000
-1  36057.500  -0.500  0.500 0.0000000000
-1  36056.500  -0.500  0.500 0.0000000000
-1  36046.500  -0.500  0.500 0.0000000000
-1  36045.500  -0.500  0.500 0.0000000000
-1  36036.500  -0.500  0.500 0.0000000000
-1  36035.500  -0.500  0.500 0.0000000000
-1  36025.500  -0.500  0.500 0.0000000000
-1  36024.500  -0.500  0.500 0.0000000000
-1  36023.500  -0.500  0.500 0.0000000000
-1  36016.500  -0.500  0.500 0.0000000000
-1  36015.500  -0.500  0.500 0.0000000000
-1  36014.500  -0.500  0.500 0.0000000000
-1  36013.500  -0.500  0.500 0.0000000000
-1  36003.500  -0.500  0.500 0.0000000000
-1  36002.500  -0.500  0.500 0.0000000000
-1  36001.500  -0.500  0.500 0.0000000000
-1  36000.500  -0.500  0.500 0.0000000000
-1  35991.500  -0.500  0.500 0.0000000000
-1  35990.500  -0.500  0.500 0.0000000000
-1  35989.500  -0.500  0.500 0.0000000000
-1  35988.500  -0.500  0.500 0.0000000000
-1  35145.500  -0.500  0.500 0.0000000000
-1  35144.500  -0.500  0.500 0.0000000000
-1  35136.500  -0.500  0.500 0.0000000000
-1  35135.500  -0.500  0.500 0.0000000000
-1  35124.500  -0.500  0.500 0.0000000000
-1  35123.500  -0.500  0.500 0.0000000000
-1  35112.500  -0.500  0.500 0.0000000000
-1  35111.500  -0.500  0.500 0.0000000000
-1  35103.500  -0.500  0.500 0.0000000000
-1  35102.500  -0.500  0.500 0.0000000000
-1  35101.500  -0.500  0.500 0.0000000000
-1  35095.500  -0.500  0.500 0.0000000000
-1  35094.500  -0.500  0.500 0.0000000000
-1  35093.500  -0.500  0.500 0.0000000000
-1  35085.500  -0.500  0.500 0.0000000000
-1  35084.500  -0.500  0.500 0.0000000000
-1  35073.500  -0.500  0.500 0.0000000000
-1  35072.500  -0.500  0.500 0.0000000000
-1  35071.500  -0.500  0.500 0.0000000000
-1  35063.500  -0.500  0.500 0.0000000000
-1  35062.500  -0.500  0.500 0.0000000000
-1  35061.500  -0.500  0.500 0.0000000000
-1  35060.500  -0.500  0.500 0.0000000000
-1  35045.500  -0.500  0.500 0.0000000000
-1  35044.500  -0.500  0.500 0.0000000000
-1  35043.500  -0.500  0.500 0.0000000000
-1  35042.500  -0.500  0.500 0.0000000000
-1  35041.500  -0.500  0.500 0.0000000000
-1  35027.500  -0.500  0.500 0.0000000000
-1  35026.500  -0.500  0.500 0.0000000000
-1  35025.500  -0.500  0.500 0.0000000000
-1  35024.500  -0.500  0.500 0.0000000000
-1  35023.500  -0.500  0.500 0.0000000000
-1  35022.500  -0.500  0.500 0.0000000000
-1  35010.500  -0.500  0.500 0.0000000000
-1  35009.500  -0.500  0.500 0.0000000000
-1  35008.500  -0.500  0.500 0.0000000000
-1  35007.500  -0.500  0.500 0.0000000000
-1  35006.500  -0.500  0.500 0.0000000000
-1  34996.500  -0.500  0.500 0.0000000000
-1  34995.500  -0.500  0.500 0.0000000000
-1  34994.500  -0.500  0.500 0.0000000000
-1  34993.500  -0.500  0.500 0.0000000000
-1  34985.500  -0.500  0.500 0.0000000000
-1  34984.500  -0.500  0.500 0.0000000000
-1  34983.500  -0.500  0.500 0.0000000000
-1  34982.500  -0.500  0.500 0.0000000000
-1  34981.500  -0.500  0.500 0.0000000000
-1  34980.500  -0.500  0.500 0.0000000000
-1  34970.500  -0.500  0.500 0.0000000000
-1  34969.500  -0.500  0.500 0.0000000000
-1  34968.500  -0.500  0.500 0.0000000000
-1  34967.500  -0.500  0.500 0.0000000000
-1  34966.500  -0.500  0.500 0.0000000000
-1  34957.500  -0.500  0.500 0.0000000000
-1  34956.500  -0.500  0.500 0.0000000000
-1  34955.500  -0.500  0.500 0.0000000000
-1  34954.500  -0.500  0.500 0.0000000000
-1  34953.500  -0.500  0.500 0.0000000000
-1  34952.500  -0.500  0.500 0.0000000000
-1  34136.500  -0.500  0.500 0.0000000000
-1  34127.500  -0.500  0.500 0.0000000000
-1  34126.500  -0.500  0.500 0.0000000000
-1  34117.500  -0.500  0.500 0.0000000000
-1  34116.500  -0.500  0.500 0.0000000000
-1  34111.500  -0.500  0.500 0.0000000000
-1  34110.500  -0.500  0.500 0.0000000000
-1  34109.500  -0.500  0.500 0.0000000000
-1  34103.500  -0.500  0.500 0.0000000000
-1  34102.500  -0.500  0.500 0.0000000000
-1  34101.500  -0.500  0.500 0.0000000000
-1  34093.500  -0.500  0.500 0.0000000000
-1  34092.500  -0.500  0.500 0.0000000000
-1  34091.500  -0.500  0.500 0.0000000000
-1  34084.500  -0.500  0.500 0.0000000000
-1  34083.500  -0.500  0.500 0.0000000000
-1  34082.500  -0.500  0.500 0.0000000000
-1  34072.500  -0.500  0.500 0.0000000000
-1  34071.500  -0.500  0.500 0.0000000000
-1  34070.500  -0.500  0.500 0.0000000000
-1  34069.500  -0.500  0.500 0.0000000000
-1  34056.500  -0.500  0.500 0.0000000000
-1  34055.500  -0.500  0.500 0.0000000000
-1  34054.500  -0.500  0.500 0.0000000000
-1  34053.500  -0.500  0.500 0.0000000000
-1  34036.500  -0.500  0.500 0.0000000000
-1  34035.500  -0.500  0.500 0.0000000000
-1  34034.500  -0.500  0.500 0.0000000000
-1  34033.500  -0.500  0.500 0.0000000000
-1  34032.500  -0.500  0.500 0.0000000000
-1  34020.500  -0.500  0.500 0.0000000000
-1  34019.500  -0.500  0.500 0.0000000000
-1  34018.500  -0.500  0.500 0.0000000000
-1  34017.500  -0.500  0.500 0.0000000000
-1  34009.500  -0.500  0.500 0.0000000000
-1  34008.500  -0.500  0.500 0.0000000000
-1  34007.500  -0.500  0.500 0.0000000000
-1  34006.500  -0.500  0.500 0.0000000000
-1  33996.500  -0.500  0.500 0.0000000000
-1  33995.500  -0.500  0.500 0.0000000000
-1  33994.500  -0.500  0.500 0.0000000000
-1  33993.500  -0.500  0.500 0.0000000000
-1  33992.500  -0.500  0.500 0.0000000000
-1  33991.500  -0.500  0.500 0.0000000000
-1  33990.500  -0.500  0.500 0.0000000000
-1  33983.500  -0.500  0.500 0.0000000000
-1  33982.500  -0.500  0.500 0.0000000000
-1  33981.500  -0.500  0.500 0.0000000000
-1  33980.500  -0.500  0.500 0.0000000000
-1  33979.500  -0.500  0.500 0.0000000000
-1  33978.500  -0.500  0.500 0.0000000000
-1  33970.500  -0.500  0.500 0.0000000000
-1  33969.500  -0.500  0.500 0.0000000000
-1  33968.500  -0.500  0.500 0.0000000000
-1  33967.500  -0.500  0.500 0.0000000000
-1  33966.500  -0.500  0.500 0.0000000000
-1  33964.500  -0.500  0.500 0.0000000000
-1  33963.500  -0.500  0.500 0.0000000000
-1  33962.500  -0.500  0.500 0.0000000000
-1  33958.500  -0.500  0.500 0.0000000000
-1  33087.500  -0.500  0.500 0.0000000000
-1  33086.500  -0.500  0.500 0.0000000000
-1  33077.500  -0.500  0.500 0.0000000000
-1  33076.500  -0.500  0.500 0.0000000000
-1  33075.500  -0.500  0.500 0.0000000000
-1  33074.500  -0.500  0.500 0.0000000000
-1  33062.500  -0.500  0.500 0.0000000000
-1  33061.500  -0.500  0.500 0.0000000000
-1  33049.500  -0.500  0.500 0.0000000000
-1  33048.500  -0.500  0.500 0.0000000000
-1  33047.500  -0.500  0.500 0.0000000000
-1  33036.500  -0.500  0.500 0.0000000000
-1  33035.500  -0.500  0.500 0.0000000000
-1  33034.500  -0.500  0.500 0.0000000000
-1  33025.500  -0.500  0.500 0.0000000000
-1  33024.500  -0.500  0.500 0.0000000000
-1  33023.500  -0.500  0.500 0.0000000000
-1  33022.500  -0.500  0.500 0.0000000000
-1  33011.500  -0.500  0.500 0.0000000000
-1  33010.500  -0.500  0.500 0.0000000000
-1  33009.500  -0.500  0.500 0.0000000000
-1  33008.500  -0.500  0.500 0.0000000000
-1  32996.500  -0.500  0.500 0.0000000000
-1  32995.500  -0.500  0.500 0.0000000000
-1  32994.500  -0.500  0.500 0.0000000000
-1  32993.500  -0.500  0.500 0.0000000000
-1  32983.500  -0.500  0.500 0.0000000000
-1  32982.500  -0.500  0.500 0.0000000000
-1  32981.500  -0.500  0.500 0.0000000000
-1  32980.500  -0.500  0.500 0.0000000000
-1  32979.500  -0.500  0.500 0.0000000000
-1  32968.500  -0.500  0.500 0.0000000000
-1  32967.500  -0.500  0.500 0.0000000000
-1  32966.500  -0.500  0.500 0.0000000000
-1  32964.500  -0.500  0.500 0.0000000000
-1  32963.500  -0.500  0.500 0.0000000000
-1  32962.500  -0.500  0.500 0.0000000000
-1  32957.500  -0.500  0.500 0.0000000000
-1  32956.500  -0.500  0.500 0.0000000000
-1  32955.500  -0.500  0.500 0.0000000000
-1  32950.500  -0.500  0.500 0.0000000000
-1  32940.500  -0.500  0.500 0.0000000000
-1  32939.500  -0.500  0.500 0.0000000000
-1  32938.500  -0.500  0.500 0.0000000000
-1  32929.500  -0.500  0.500 0.0000000000
-1  32926.500  -0.500  0.500 0.0000000000
-1  32925.500  -0.500  0.500 0.0000000000
-1  32924.500  -0.500  0.500 0.0000000000
-1  32000.500  -0.500  0.500 0.0000000000
-1  31987.500  -0.500  0.500 0.0000000000
-1  31986.500  -0.500  0.500 0.0000000000
-1  31985.500  -0.500  0.500 0.0000000000
-1  31973.500  -0.500  0.500 0.0000000000
-1  31972.500  -0.500  0.500 0.0000000000
-1  31971.500  -0.500  0.500 0.0000000000
-1  31970.500  -0.500  0.500 0.0000000000
-1  31964.500  -0.500  0.500 0.0000000000
-1  31963.500  -0.500  0.500 0.0000000000
-1  31962.500  -0.500  0.500 0.0000000000
-1  31954.500  -0.500  0.500 0.0000000000
-1  31953.500  -0.500  0.500 0.0000000000
-1  31952.500  -0.500  0.500 0.0000000000
-1  31944.500  -0.500  0.500 0.0000000000
-1  31943.500  -0.500  0.500 0.0000000000
-1  31942.500  -0.500  0.500 0.0000000000
-1  31941.500  -0.500  0.500 0.0000000000
-1  31940.500  -0.500  0.500 0.0000000000
-1  31931.500  -0.500  0.500 0.0000000000
-1  31930.500  -0.500  0.500 0.0000000000
-1  31929.500  -0.500  0.500 0.0000000000
-1  31928.500  -0.500  0.500 0.0000000000
-1  31927.500  -0.500  0.500 0.0000000000
-1  31917.500  -0.500  0.500 0.0000000000
-1  31916.500  -0.500  0.500 0.0000000000
-1  31915.500  -0.500  0.500 0.0000000000
-1  31914.500  -0.500  0.500 0.0000000000
-1  31913.500  -0.500  0.500 0.0000000000
-1  31903.500  -0.500  0.500 0.0000000000
-1  31902.500  -0.500  0.500 0.0000000000
-1  31901.500  -0.500  0.500 0.0000000000
-1  31900.500  -0.500  0.500 0.0000000000
-1  31899.500  -0.500  0.500 0.0000000000
-1  31898.500  -0.500  0.500 0.0000000000
-1  31897.500  -0.500  0.500 0.0000000000
-1  31896.500  -0.500  0.500 0.0000000000
-1  31883.500  -0.500  0.500 0.0000000000
-1  31882.500  -0.500  0.500 0.0000000000
-1  31878.500  -0.500  0.500 0.0000000000
-1  31877.500  -0.500  0.500 0.0000000000
-1  31852.500  -0.500  0.500 0.0000000000
-1  31848.500  -0.500  0.500 0.0000000000
-1  31847.500  -0.500  0.500 0.0000000000
-1  30898.500  -0.500  0.500 0.0000000000
-1  30888.500  -0.500  0.500 0.0000000000
-1  30887.500  -0.500  0.500 0.0000000000
-1  30886.500  -0.500  0.500 0.0000000000
-1  30885.500  -0.500  0.500 0.0000000000
-1  30875.500  -0.500  0.500 0.0000000000
-1  30874.500  -0.500  0.500 0.0000000000
-1  30873.500  -0.500  0.500 0.0000000000
-1  30872.500  -0.500  0.500 0.0000000000
-1  30863.500  -0.500  0.500 0.0000000000
-1  30862.500  -0.500  0.500 0.0000000000
-1  30860.500  -0.500  0.500 0.0000000000
-1  30859.500  -0.500  0.500 0.0000000000
-1  30850.500  -0.500  0.500 0.0000000000
-1  30849.500  -0.500  0.500 0.0000000000
-1  30848.500  -0.500  0.500 0.0000000000
-1  30834.500  -0.500  0.500 0.0000000000
-1  30818.500  -0.500  0.500 0.0000000000
-1  30817.500  -0.500  0.500 0.0000000000
-1  30815.500  -0.500  0.500 0.0000000000
-1  30814.500  -0.500  0.500 0.0000000000
-1  30800.500  -0.500  0.500 0.0000000000
-1  30799.500  -0.500  0.500 0.0000000000
-1  30798.500  -0.500  0.500 0.0000000000
-1  30797.500  -0.500  0.500 0.0000000000
-1  30796.500  -0.500  0.500 0.0000000000
-1  30795.500  -0.500  0.500 0.0000000000
-1  30794.500  -0.500  0.500 0.0000000000
-1  30786.500  -0.500  0.500 0.0000000000
-1  30785.500  -0.500  0.500 0.0000000000
-1  30784.500  -0.500  0.500 0.0000000000
-1  30783.500  -0.500  0.500 0.0000000000
-1  30782.500  -0.500  0.500 0.0000000000
-1  30781.500  -0.500  0.500 0.0000000000
-1  30766.500  -0.500  0.500 0.0000000000
-1  30765.500  -0.500  0.500 0.0000000000
-1  30764.500  -0.500  0.500 0.0000000000
-1  30763.500  -0.500  0.500 0.0000000000
-1  30762.500  -0.500  0.500 0.0000000000
-1  30748.500  -0.500  0.500 0.0000000000
-1  29588.500  -0.500  0.500 0.0000000000
-1  29587.500  -0.500  0.500 0.0000000000
-1  29586.500  -0.500  0.500 0.0000000000
-1  29585.500  -0.500  0.500 0.0000000000
-1  29577.500  -0.500  0.500 0.0000000000
-1  29576.500  -0.500  0.500 0.0000000000
-1  29575.500  -0.500  0.500 0.0000000000
-1  29574.500  -0.500  0.500 0.0000000000
-1  29573.500  -0.500  0.500 0.0000000000
-1  29572.500  -0.500  0.500 0.0000000000
-1  29555.500  -0.500  0.500 0.0000000000
-1  29554.500  -0.500  0.500 0.0000000000
-1  29553.500  -0.500  0.500 0.0000000000
-1  29552.500  -0.500  0.500 0.0000000000
-1  29551.500  -0.500  0.500 0.0000000000
-1  29550.500  -0.500  0.500 0.0000000000
-1  29530.500  -0.500  0.500 0.0000000000
-1  29529.500  -0.500  0.500 0.0000000000
-1  29528.500  -0.500  0.500 0.0000000000
-1  29527.500  -0.500  0.500 0.0000000000
-1  29526.500  -0.500  0.500 0.0000000000
-1  29525.500  -0.500  0.500 0.0000000000
-1  29504.500  -0.500  0.500 0.0000000000
-1  29503.500  -0.500  0.500 0.0000000000
-1  29502.500  -0.500  0.500 0.0000000000
-1  29501.500  -0.500  0.500 0.0000000000
-1  29500.500  -0.500  0.500 0.0000000000
-1  29479.500  -0.500  0.500 0.0000000000
-1  28182.500  -0.500  0.500 0.0000000000
-1  28161.500  -0.500  0.500 0.0000000000
-1  28141.500  -0.500  0.500 0.0000000000
-1  28122.500  -0.500  0.500 0.0000000000
-1  28121.500  -0.500  0.500 0.0000000000
-1  28120.500  -0.500  0.500 0.0000000000
-1  28104.500  -0.500  0.500 0.0000000000
-1  28103.500  -0.500  0.500 0.0000000000
-1  28102.500  -0.500  0.500 0.0000000000
-1  28101.500  -0.500  0.500 0.0000000000
