#!ascii label  , from subject  vox2ras=TkReg
115
59447  -17.048  0.013  -14.755 0.0000000000
58533  -17.370  0.006  -14.678 0.0000000000
58532  -16.990  -0.056  -14.628 0.0000000000
59446  -16.985  0.100  -14.684 0.0000000000
59448  -17.558  0.157  -14.727 0.0000000000
59456  -17.023  0.404  -14.675 0.0000000000
59457  -17.320  0.282  -14.891 0.0000000000
58534  -17.855  0.001  -14.993 0.0000000000
59458  -17.887  0.270  -14.914 0.0000000000
59455  -16.671  0.239  -14.825 0.0000000000
60358  -16.898  0.385  -14.978 0.0000000000
60359  -17.031  0.465  -14.987 0.0000000000
60360  -17.241  0.406  -14.981 0.0000000000
58545  -17.996  -0.006  -14.946 0.0000000000
59459  -18.025  0.050  -15.041 0.0000000000
60361  -17.781  0.255  -14.954 0.0000000000
59469  -17.931  0.070  -15.011 0.0000000000
58546  -18.006  -0.005  -15.002 0.0000000000
59470  -18.020  0.108  -15.111 0.0000000000
60370  -17.883  0.429  -15.300 0.0000000000
58557  -18.079  0.022  -15.115 0.0000000000
59471  -18.148  0.054  -15.218 0.0000000000
60371  -18.032  0.336  -15.282 0.0000000000
59482  -18.171  0.321  -15.154 0.0000000000
58558  -18.188  -0.001  -15.212 0.0000000000
59483  -18.652  0.236  -15.733 0.0000000000
60381  -18.258  0.875  -15.817 0.0000000000
58573  -18.507  -0.021  -15.645 0.0000000000
58588  -18.651  -0.004  -15.928 0.0000000000
59493  -18.691  -0.001  -16.004 0.0000000000
60382  -18.507  0.458  -16.006 0.0000000000
60357  -16.415  0.162  -14.981 0.0000000000
60366  -16.310  0.277  -15.088 0.0000000000
60367  -16.972  0.571  -15.173 0.0000000000
60368  -16.984  0.667  -15.130 0.0000000000
60369  -17.217  0.547  -15.129 0.0000000000
59454  -16.267  0.099  -14.947 0.0000000000
59468  -16.148  0.071  -15.075 0.0000000000
60365  -15.966  0.072  -15.146 0.0000000000
60378  -16.008  0.486  -15.541 0.0000000000
60379  -16.260  0.897  -15.692 0.0000000000
61266  -16.756  0.878  -15.313 0.0000000000
61267  -17.000  1.010  -15.342 0.0000000000
61268  -17.045  0.984  -15.244 0.0000000000
61269  -17.582  0.938  -15.530 0.0000000000
61270  -17.924  0.860  -15.769 0.0000000000
60380  -18.002  0.731  -15.617 0.0000000000
61277  -17.992  0.942  -15.906 0.0000000000
61278  -18.019  0.901  -15.929 0.0000000000
60392  -18.184  0.834  -15.964 0.0000000000
60393  -18.356  0.480  -15.992 0.0000000000
61288  -18.079  0.922  -16.010 0.0000000000
61276  -17.731  0.997  -15.693 0.0000000000
59467  -15.991  0.040  -15.220 0.0000000000
59453  -16.091  -0.010  -15.073 0.0000000000
58543  -15.988  0.041  -14.983 0.0000000000
58556  -15.933  -0.049  -15.082 0.0000000000
58555  -15.913  -0.058  -15.191 0.0000000000
59466  -15.914  -0.004  -15.234 0.0000000000
59480  -15.740  0.011  -15.369 0.0000000000
59481  -15.898  0.144  -15.377 0.0000000000
59445  -16.576  0.123  -14.703 0.0000000000
59444  -16.376  0.054  -14.861 0.0000000000
58530  -16.364  -0.000  -14.834 0.0000000000
58544  -16.100  0.004  -14.969 0.0000000000
58531  -16.957  -0.006  -14.570 0.0000000000
58589  -18.775  -0.148  -15.992 0.0000000000
58574  -18.660  -0.212  -15.503 0.0000000000
57615  -18.411  -0.394  -14.983 0.0000000000
57602  -18.276  -0.296  -14.990 0.0000000000
58547  -18.065  -0.048  -15.001 0.0000000000
58559  -18.387  -0.320  -15.012 0.0000000000
58542  -15.932  -0.191  -14.981 0.0000000000
57601  -18.042  -0.085  -14.948 0.0000000000
58535  -18.033  -0.136  -14.870 0.0000000000
58529  -16.011  -0.194  -14.923 0.0000000000
57600  -15.926  -0.116  -14.835 0.0000000000
57599  -15.839  -0.720  -14.981 0.0000000000
57614  -15.737  -0.470  -15.020 0.0000000000
57591  -18.037  -0.558  -14.456 0.0000000000
57590  -17.838  -0.370  -14.553 0.0000000000
57589  -17.138  -0.429  -14.442 0.0000000000
57588  -16.987  -0.416  -14.453 0.0000000000
57587  -16.720  -0.574  -14.474 0.0000000000
57586  -16.179  -0.529  -14.627 0.0000000000
57585  -15.994  -0.638  -14.774 0.0000000000
56663  -15.920  -0.723  -14.875 0.0000000000
56662  -15.650  -0.955  -14.914 0.0000000000
56676  -15.598  -1.014  -15.042 0.0000000000
57579  -17.598  -0.894  -14.161 0.0000000000
57580  -17.997  -0.795  -14.321 0.0000000000
57578  -17.119  -0.810  -14.216 0.0000000000
57577  -17.021  -0.739  -14.223 0.0000000000
57576  -16.947  -0.874  -14.191 0.0000000000
56636  -16.643  -0.998  -14.248 0.0000000000
56649  -16.479  -0.927  -14.315 0.0000000000
56648  -16.120  -0.995  -14.587 0.0000000000
56647  -15.864  -0.917  -14.670 0.0000000000
56638  -17.018  -1.080  -14.178 0.0000000000
56639  -17.415  -1.019  -14.220 0.0000000000
56637  -16.997  -0.987  -14.208 0.0000000000
56635  -16.360  -0.985  -14.466 0.0000000000
55724  -16.416  -1.069  -14.369 0.0000000000
55739  -16.067  -1.015  -14.672 0.0000000000
55738  -15.967  -1.021  -14.637 0.0000000000
55737  -15.808  -0.989  -14.772 0.0000000000
56646  -15.855  -0.989  -14.769 0.0000000000
55727  -17.228  -1.151  -14.162 0.0000000000
55726  -17.017  -1.180  -14.260 0.0000000000
55725  -16.930  -1.067  -14.223 0.0000000000
55714  -17.016  -1.226  -14.088 0.0000000000
54845  -16.870  -1.275  -14.054 0.0000000000
57616  -18.889  -0.809  -15.301 0.0000000000
57629  -18.980  -0.596  -15.730 0.0000000000
60377  -15.837  0.290  -15.567 0.0000000000
