#!ascii label  , from subject  vox2ras=TkReg
90
83885  -20.603  10.085  -17.859 0.0000000000
83884  -20.108  10.024  -17.844 0.0000000000
83187  -20.168  9.939  -17.743 0.0000000000
83188  -20.696  9.988  -17.747 0.0000000000
83886  -20.991  10.099  -17.914 0.0000000000
84619  -20.297  10.323  -17.669 0.0000000000
83891  -20.979  9.956  -17.930 0.0000000000
83890  -20.761  10.068  -18.003 0.0000000000
84634  -20.483  10.331  -17.981 0.0000000000
83189  -20.999  9.923  -17.788 0.0000000000
83887  -21.102  10.004  -17.912 0.0000000000
83892  -21.148  10.018  -17.986 0.0000000000
83190  -21.073  9.771  -17.777 0.0000000000
84635  -20.977  10.013  -18.064 0.0000000000
84636  -21.029  10.074  -18.013 0.0000000000
83193  -21.274  9.866  -17.898 0.0000000000
83893  -21.354  9.876  -17.981 0.0000000000
83897  -21.325  9.953  -18.070 0.0000000000
83896  -21.324  10.079  -18.423 0.0000000000
84641  -21.161  10.236  -18.169 0.0000000000
83194  -21.595  9.573  -17.993 0.0000000000
83197  -21.568  9.790  -18.388 0.0000000000
84618  -20.084  10.348  -17.675 0.0000000000
84633  -20.058  10.447  -17.907 0.0000000000
85339  -20.135  10.533  -17.969 0.0000000000
84640  -20.993  10.369  -18.309 0.0000000000
84639  -20.611  10.467  -18.554 0.0000000000
85345  -20.204  10.711  -18.238 0.0000000000
84645  -21.002  10.260  -18.987 0.0000000000
84644  -20.677  10.519  -19.022 0.0000000000
85349  -20.282  10.807  -18.810 0.0000000000
84646  -21.216  10.260  -18.648 0.0000000000
85338  -20.007  10.503  -18.043 0.0000000000
85344  -20.008  10.957  -18.484 0.0000000000
84632  -19.873  10.419  -17.976 0.0000000000
84617  -19.954  10.258  -17.797 0.0000000000
83883  -20.020  10.007  -17.809 0.0000000000
84616  -19.574  10.264  -17.805 0.0000000000
83882  -19.769  10.057  -17.751 0.0000000000
83186  -19.989  9.926  -17.744 0.0000000000
83185  -19.792  9.897  -17.482 0.0000000000
83881  -19.263  10.061  -17.752 0.0000000000
83184  -19.187  9.916  -17.761 0.0000000000
83191  -21.629  9.713  -17.966 0.0000000000
82466  -21.954  9.270  -17.942 0.0000000000
82469  -21.726  9.376  -18.041 0.0000000000
82465  -21.558  9.374  -17.697 0.0000000000
83173  -20.980  9.599  -17.426 0.0000000000
82456  -21.155  9.354  -17.211 0.0000000000
83172  -20.908  9.410  -17.558 0.0000000000
83171  -20.302  9.525  -17.278 0.0000000000
83170  -20.088  9.555  -17.523 0.0000000000
83169  -20.001  9.513  -17.406 0.0000000000
82464  -19.572  9.450  -17.586 0.0000000000
83168  -19.868  9.568  -17.560 0.0000000000
82463  -19.310  9.210  -17.819 0.0000000000
82455  -21.012  9.054  -17.324 0.0000000000
82454  -20.673  9.069  -17.348 0.0000000000
82453  -20.116  9.038  -17.377 0.0000000000
82452  -19.954  9.105  -17.393 0.0000000000
82457  -21.937  9.088  -17.443 0.0000000000
82458  -21.969  9.020  -17.786 0.0000000000
82467  -21.974  9.092  -17.979 0.0000000000
81659  -21.477  8.991  -17.266 0.0000000000
81660  -22.029  9.051  -17.550 0.0000000000
81658  -21.006  9.081  -17.236 0.0000000000
81657  -20.912  9.021  -17.271 0.0000000000
81656  -20.369  8.954  -17.334 0.0000000000
81655  -20.006  8.998  -17.404 0.0000000000
81640  -21.318  8.975  -17.092 0.0000000000
80777  -21.643  8.544  -17.070 0.0000000000
80795  -21.949  8.844  -17.353 0.0000000000
81639  -21.029  8.939  -17.190 0.0000000000
81638  -21.005  8.959  -17.210 0.0000000000
81637  -20.923  9.018  -17.184 0.0000000000
80794  -20.582  8.838  -17.068 0.0000000000
80793  -20.040  8.740  -17.372 0.0000000000
80776  -21.107  8.425  -17.011 0.0000000000
80775  -20.984  8.591  -17.040 0.0000000000
80774  -20.959  8.540  -17.153 0.0000000000
80778  -21.997  8.387  -16.989 0.0000000000
80796  -22.018  8.661  -17.225 0.0000000000
79924  -20.138  8.201  -17.343 0.0000000000
79904  -20.802  8.055  -17.041 0.0000000000
79907  -21.457  8.183  -17.052 0.0000000000
79908  -21.977  8.067  -17.025 0.0000000000
79906  -21.007  8.153  -16.999 0.0000000000
79905  -20.930  8.031  -17.022 0.0000000000
79014  -21.394  7.990  -16.993 0.0000000000
79015  -21.789  7.995  -16.998 0.0000000000
