#!ascii label  , from subject  vox2ras=TkReg
118
35819  -19.498  -8.969  -10.751 0.0000000000
35079  -19.590  -9.043  -10.629 0.0000000000
35066  -19.526  -9.035  -10.245 0.0000000000
35804  -19.420  -8.981  -10.211 0.0000000000
35089  -19.660  -8.999  -10.995 0.0000000000
35833  -19.536  -9.002  -10.991 0.0000000000
36558  -19.612  -8.780  -10.579 0.0000000000
36569  -19.585  -8.693  -11.007 0.0000000000
35090  -19.790  -9.315  -11.054 0.0000000000
35834  -19.629  -9.026  -11.247 0.0000000000
36581  -19.488  -8.649  -11.051 0.0000000000
35842  -19.625  -8.994  -11.130 0.0000000000
35097  -19.908  -9.322  -11.292 0.0000000000
35843  -19.843  -8.976  -11.440 0.0000000000
36587  -19.629  -8.633  -11.498 0.0000000000
35106  -19.928  -9.136  -11.684 0.0000000000
35851  -19.982  -8.985  -11.698 0.0000000000
36588  -19.872  -8.885  -11.643 0.0000000000
36547  -19.453  -8.603  -10.005 0.0000000000
37354  -19.502  -8.171  -10.164 0.0000000000
37361  -19.705  -8.092  -10.784 0.0000000000
37373  -19.490  -8.156  -11.012 0.0000000000
37384  -19.326  -8.188  -11.142 0.0000000000
36596  -19.943  -8.584  -11.933 0.0000000000
36595  -19.709  -8.567  -12.018 0.0000000000
37389  -19.370  -8.053  -11.661 0.0000000000
37390  -19.839  -8.110  -11.992 0.0000000000
37341  -19.328  -8.175  -10.003 0.0000000000
38170  -19.307  -8.004  -10.064 0.0000000000
38182  -19.518  -7.992  -10.449 0.0000000000
38190  -19.565  -8.002  -10.976 0.0000000000
38197  -19.469  -7.998  -11.062 0.0000000000
38209  -19.550  -7.987  -11.552 0.0000000000
38216  -19.687  -7.997  -12.014 0.0000000000
37399  -19.985  -8.181  -12.055 0.0000000000
38217  -19.882  -8.055  -12.029 0.0000000000
38169  -19.239  -7.968  -10.027 0.0000000000
38181  -19.628  -7.967  -10.247 0.0000000000
39089  -19.693  -7.972  -10.297 0.0000000000
39098  -19.660  -7.857  -10.752 0.0000000000
39107  -19.458  -7.664  -11.002 0.0000000000
39120  -19.374  -7.639  -11.425 0.0000000000
39132  -19.523  -7.735  -11.972 0.0000000000
39088  -19.260  -7.644  -10.279 0.0000000000
39097  -19.135  -7.486  -11.011 0.0000000000
39106  -19.294  -7.512  -10.981 0.0000000000
40053  -19.288  -7.419  -11.006 0.0000000000
40063  -19.283  -7.274  -11.255 0.0000000000
40075  -19.493  -7.126  -11.940 0.0000000000
40052  -19.064  -7.027  -11.007 0.0000000000
40062  -19.279  -6.996  -11.534 0.0000000000
40046  -19.018  -7.092  -10.790 0.0000000000
39078  -19.110  -7.642  -9.928 0.0000000000
40040  -19.028  -7.328  -10.177 0.0000000000
38156  -19.069  -7.887  -9.724 0.0000000000
39065  -19.015  -7.729  -9.850 0.0000000000
39077  -18.967  -7.416  -9.994 0.0000000000
40030  -19.009  -7.606  -9.995 0.0000000000
38155  -18.833  -8.009  -9.593 0.0000000000
39064  -18.939  -7.509  -9.898 0.0000000000
37340  -19.016  -8.209  -10.005 0.0000000000
37326  -19.107  -8.092  -9.633 0.0000000000
37325  -19.003  -8.009  -9.669 0.0000000000
37316  -18.838  -8.212  -9.487 0.0000000000
38144  -18.610  -8.004  -9.339 0.0000000000
38143  -18.170  -7.948  -9.263 0.0000000000
38154  -18.549  -7.746  -9.562 0.0000000000
39063  -18.305  -7.493  -9.628 0.0000000000
36546  -19.126  -8.530  -10.000 0.0000000000
36534  -19.283  -8.634  -9.760 0.0000000000
36526  -19.090  -8.713  -9.326 0.0000000000
37317  -19.015  -8.369  -9.459 0.0000000000
35796  -19.551  -8.994  -9.976 0.0000000000
36535  -19.752  -8.873  -10.012 0.0000000000
35787  -19.613  -8.984  -9.723 0.0000000000
35786  -19.265  -9.002  -9.389 0.0000000000
35056  -19.519  -9.237  -9.976 0.0000000000
35049  -19.534  -9.137  -9.683 0.0000000000
35048  -19.251  -8.979  -9.603 0.0000000000
35098  -20.003  -9.411  -11.430 0.0000000000
35107  -20.033  -9.075  -11.640 0.0000000000
34397  -20.025  -9.962  -11.199 0.0000000000
34396  -19.991  -9.653  -11.210 0.0000000000
35099  -20.346  -9.258  -11.476 0.0000000000
34387  -19.915  -9.827  -11.171 0.0000000000
34380  -19.970  -9.836  -10.962 0.0000000000
35080  -19.874  -9.190  -10.737 0.0000000000
34372  -19.901  -9.876  -10.285 0.0000000000
35067  -19.566  -9.151  -10.373 0.0000000000
34371  -19.549  -9.571  -10.097 0.0000000000
34359  -19.583  -9.740  -10.021 0.0000000000
34351  -19.688  -9.863  -9.851 0.0000000000
33743  -20.195  -9.995  -11.219 0.0000000000
33735  -20.039  -10.068  -11.079 0.0000000000
34388  -19.995  -9.994  -11.062 0.0000000000
34398  -20.545  -9.753  -11.451 0.0000000000
33734  -19.993  -10.036  -11.066 0.0000000000
33727  -19.976  -9.971  -10.940 0.0000000000
33720  -19.911  -9.976  -10.713 0.0000000000
33710  -19.883  -10.040  -10.385 0.0000000000
34360  -19.660  -9.933  -10.062 0.0000000000
33709  -19.658  -9.982  -10.030 0.0000000000
33697  -19.629  -9.985  -9.963 0.0000000000
33060  -20.148  -10.297  -11.175 0.0000000000
33059  -19.992  -10.147  -11.053 0.0000000000
33052  -20.007  -10.310  -10.997 0.0000000000
33047  -19.915  -10.138  -10.769 0.0000000000
33039  -19.881  -10.187  -10.243 0.0000000000
33038  -19.676  -10.309  -10.023 0.0000000000
32393  -20.048  -10.757  -10.659 0.0000000000
32394  -20.178  -10.860  -10.853 0.0000000000
33053  -20.251  -10.628  -10.981 0.0000000000
32387  -19.828  -10.677  -10.398 0.0000000000
32380  -19.873  -10.690  -10.034 0.0000000000
31747  -20.009  -10.989  -10.709 0.0000000000
31748  -20.122  -11.035  -10.868 0.0000000000
31741  -19.727  -11.010  -10.249 0.0000000000
32386  -19.551  -10.917  -10.143 0.0000000000
